-0.930820	-0.828096	-0.836940	0.000000	0.000000	0.000000	0.000000	0.000000	0.000000	0.000000
-0.930820	-0.828096	-0.836693	0.000000	0.000000	0.000000	0.000000	0.000000	0.000000	0.000000
-0.930821	-0.828096	-0.836940	0.000000	0.000000	0.000000	0.000000	0.000000	0.000000	0.000000
-0.930821	-0.828096	-0.836940	0.000000	0.000000	0.000000	0.000000	0.000000	0.000000	0.000000
-0.930820	-0.828096	-0.836939	-0.000000	0.000000	0.000000	0.000000	0.000000	0.000000	0.000000
-0.930821	-0.828095	-0.836940	0.000000	0.000000	0.000000	0.000000	0.000000	0.000000	0.000000
-0.930821	-0.828096	-0.836940	-0.000000	0.000000	0.000000	0.000000	0.000000	0.000000	0.000000
-0.930821	-0.828096	-0.836940	-0.000000	0.000000	0.000000	0.000000	0.000000	0.000000	0.000000
-0.930821	-0.828096	-0.836940	0.000000	0.000000	0.000000	0.000000	0.000000	0.000000	0.000000
-0.930821	-0.828096	-0.836940	-0.000000	0.000000	0.000000	0.000000	0.000000	0.000000	0.000000
-0.930821	-0.828096	-0.836940	-0.000000	0.000000	0.000000	0.000000	0.000000	0.000000	0.000000
-0.930821	-0.828096	-0.836940	-0.000000	0.000000	0.000000	0.000000	0.000000	0.000000	0.000000
-0.930821	-0.828096	-0.836939	0.000000	0.000000	0.000000	0.000000	0.000000	0.000000	0.000000
-0.930820	-0.828096	-0.836938	0.000000	0.000000	0.000000	0.000000	0.000000	0.000000	0.000000
-0.930821	-0.828096	-0.836940	0.000000	0.000000	0.000000	0.000000	0.000000	0.000000	0.000000
-0.930821	-0.828096	-0.836663	-0.000000	0.000000	0.000000	0.000000	0.000000	0.000000	0.000000
-0.930821	-0.828096	-0.836940	-0.000000	0.000000	0.000000	0.000000	0.000000	0.000000	0.000000
-0.930821	-0.828096	-0.836936	-0.000000	0.000000	0.000000	0.000000	0.000000	0.000000	0.000000
-0.930821	-0.828096	-0.836939	-0.000000	0.000000	0.000000	0.000000	0.000000	0.000000	0.000000
-0.930820	-0.828096	-0.836940	0.000000	0.000000	0.000000	0.000000	0.000000	0.000000	0.000000
-0.930821	-0.828096	-0.836940	-0.000000	0.000000	0.000000	0.000000	0.000000	0.000000	0.000000
-0.930821	-0.828096	-0.836940	-0.000000	0.000000	0.000000	0.000000	0.000000	0.000000	0.000000
-0.930821	-0.828096	-0.836940	-0.000000	0.000000	0.000000	0.000000	0.000000	0.000000	0.000000
-0.930821	-0.828096	-0.836931	-0.000000	0.000000	0.000000	0.000000	0.000000	0.000000	0.000000
-0.930821	-0.828096	-0.836940	-0.000000	0.000000	0.000000	0.000000	0.000000	0.000000	0.000000
-0.930820	-0.828096	-0.836911	-0.000000	0.000000	0.000000	0.000000	0.000000	0.000000	0.000000
-0.930820	-0.828096	-0.836939	0.000000	0.000000	0.000000	0.000000	0.000000	0.000000	0.000000
-0.930821	-0.828096	-0.836939	0.000000	0.000000	0.000000	0.000000	0.000000	0.000000	0.000000
-0.930821	-0.828096	-0.836938	0.000000	0.000000	0.000000	0.000000	0.000000	0.000000	0.000000
-0.930821	-0.828096	-0.836940	-0.000000	0.000000	0.000000	0.000000	0.000000	0.000000	0.000000
-0.930821	-0.828096	-0.836939	-0.000000	0.000000	0.000000	0.000000	0.000000	0.000000	0.000000
-0.930820	-0.828096	-0.836477	0.000000	0.000000	0.000000	0.000000	0.000000	0.000000	0.000000
-0.930820	-0.828096	-0.836786	0.000000	0.000000	0.000000	0.000000	0.000000	0.000000	0.000000
-0.930821	-0.828096	-0.836939	0.000000	0.000000	0.000000	0.000000	0.000000	0.000000	0.000000
-0.930821	-0.828096	-0.836940	0.000000	0.000000	0.000000	0.000000	0.000000	0.000000	0.000000
-0.930821	-0.828096	-0.836915	0.000000	0.000000	0.000000	0.000000	0.000000	0.000000	0.000000
-0.930820	-0.828096	-0.836939	-0.000000	0.000000	0.000000	0.000000	0.000000	0.000000	0.000000
-0.930821	-0.828096	-0.836940	0.000000	0.000000	0.000000	0.000000	0.000000	0.000000	0.000000
-0.930821	-0.828096	-0.836940	-0.000000	0.000000	0.000000	0.000000	0.000000	0.000000	0.000000
-0.930821	-0.828096	-0.836940	-0.000000	0.000000	0.000000	0.000000	0.000000	0.000000	0.000000
-0.930820	-0.828096	-0.836940	0.000000	0.000000	0.000000	0.000000	0.000000	0.000000	0.000000
-0.930821	-0.828095	-0.836940	-0.000000	0.000000	0.000000	0.000000	0.000000	0.000000	0.000000
-0.930820	-0.828096	-0.836918	-0.000000	0.000000	0.000000	0.000000	0.000000	0.000000	0.000000
-0.930820	-0.828096	-0.836939	0.000000	0.000000	0.000000	0.000000	0.000000	0.000000	0.000000
-0.930820	-0.828096	-0.836940	-0.000000	0.000000	0.000000	0.000000	0.000000	0.000000	0.000000
-0.930821	-0.828096	-0.836939	0.000000	0.000000	0.000000	0.000000	0.000000	0.000000	0.000000
-0.930820	-0.828096	-0.836940	-0.000000	0.000000	0.000000	0.000000	0.000000	0.000000	0.000000
-0.930821	-0.828096	-0.836940	-0.000000	0.000000	0.000000	0.000000	0.000000	0.000000	0.000000
-0.930821	-0.828096	-0.836771	-0.000000	0.000000	0.000000	0.000000	0.000000	0.000000	0.000000
-0.930820	-0.828096	-0.836939	0.000000	0.000000	0.000000	0.000000	0.000000	0.000000	0.000000
-0.930821	-0.828096	-0.836927	-0.000000	0.000000	0.000000	0.000000	0.000000	0.000000	0.000000
-0.930820	-0.828096	-0.836933	0.000000	0.000000	0.000000	0.000000	0.000000	0.000000	0.000000
-0.930820	-0.828096	-0.836940	-0.000000	0.000000	0.000000	0.000000	0.000000	0.000000	0.000000
-0.930821	-0.828096	-0.836940	-0.000000	0.000000	0.000000	0.000000	0.000000	0.000000	0.000000
-0.930821	-0.828096	-0.836940	-0.000000	0.000000	0.000000	0.000000	0.000000	0.000000	0.000000
-0.930821	-0.828096	-0.836940	-0.000000	0.000000	0.000000	0.000000	0.000000	0.000000	0.000000
-0.930820	-0.828096	-0.836940	0.000000	0.000000	0.000000	0.000000	0.000000	0.000000	0.000000
-0.930821	-0.828096	-0.836940	-0.000000	0.000000	0.000000	0.000000	0.000000	0.000000	0.000000
-0.930820	-0.828096	-0.836904	0.000000	0.000000	0.000000	0.000000	0.000000	0.000000	0.000000
-0.930821	-0.828096	-0.836940	-0.000000	0.000000	0.000000	0.000000	0.000000	0.000000	0.000000
-0.930820	-0.828096	-0.836940	-0.000000	0.000000	0.000000	0.000000	0.000000	0.000000	0.000000
-0.930821	-0.828096	-0.836939	-0.000000	0.000000	0.000000	0.000000	0.000000	0.000000	0.000000
-0.930821	-0.828096	-0.836940	0.000000	0.000000	0.000000	0.000000	0.000000	0.000000	0.000000
-0.930821	-0.828096	-0.836938	-0.000000	0.000000	0.000000	0.000000	0.000000	0.000000	0.000000
-0.930821	-0.828096	-0.836940	-0.000000	0.000000	0.000000	0.000000	0.000000	0.000000	0.000000
-0.930821	-0.828096	-0.836940	0.000000	0.000000	0.000000	0.000000	0.000000	0.000000	0.000000
-0.930821	-0.828096	-0.836940	0.000000	0.000000	0.000000	0.000000	0.000000	0.000000	0.000000
-0.930821	-0.828096	-0.836939	0.000000	0.000000	0.000000	0.000000	0.000000	0.000000	0.000000
-0.930821	-0.828096	-0.836940	-0.000000	0.000000	0.000000	0.000000	0.000000	0.000000	0.000000
-0.930821	-0.828096	-0.836940	-0.000000	0.000000	0.000000	0.000000	0.000000	0.000000	0.000000
-0.930821	-0.828096	-0.836940	-0.000000	0.000000	0.000000	0.000000	0.000000	0.000000	0.000000
-0.930820	-0.828096	-0.836940	-0.000000	0.000000	0.000000	0.000000	0.000000	0.000000	0.000000
-0.930820	-0.828096	-0.836940	-0.000000	0.000000	0.000000	0.000000	0.000000	0.000000	0.000000
-0.930820	-0.828096	-0.836940	0.000000	0.000000	0.000000	0.000000	0.000000	0.000000	0.000000
-0.930820	-0.828096	-0.836938	0.000000	0.000000	0.000000	0.000000	0.000000	0.000000	0.000000
-0.930820	-0.828096	-0.836939	-0.000000	0.000000	0.000000	0.000000	0.000000	0.000000	0.000000
-0.930821	-0.828096	-0.836935	0.000000	0.000000	0.000000	0.000000	0.000000	0.000000	0.000000
-0.930821	-0.828096	-0.836939	0.000000	0.000000	0.000000	0.000000	0.000000	0.000000	0.000000
-0.930821	-0.828092	-0.836934	-0.000000	0.000000	0.000000	0.000000	0.000000	0.000000	0.000000
-0.930821	-0.828096	-0.836855	-0.000000	0.000000	0.000000	0.000000	0.000000	0.000000	0.000000
-0.930820	-0.828096	-0.836938	-0.000000	0.000000	0.000000	0.000000	0.000000	0.000000	0.000000
-0.930821	-0.828096	-0.836940	-0.000000	0.000000	0.000000	0.000000	0.000000	0.000000	0.000000
-0.930821	-0.828096	-0.836940	0.000000	0.000000	0.000000	0.000000	0.000000	0.000000	0.000000
-0.930820	-0.828096	-0.836940	0.000000	0.000000	0.000000	0.000000	0.000000	0.000000	0.000000
-0.930821	-0.828096	-0.836940	-0.000000	0.000000	0.000000	0.000000	0.000000	0.000000	0.000000
-0.930821	-0.828096	-0.836939	-0.000000	0.000000	0.000000	0.000000	0.000000	0.000000	0.000000
-0.930820	-0.828096	-0.836940	-0.000000	0.000000	0.000000	0.000000	0.000000	0.000000	0.000000
-0.930820	-0.828096	-0.836319	-0.000000	0.000000	0.000000	0.000000	0.000000	0.000000	0.000000
-0.930821	-0.828096	-0.836940	0.000000	0.000000	0.000000	0.000000	0.000000	0.000000	0.000000
-0.930821	-0.828096	-0.836940	-0.000000	0.000000	0.000000	0.000000	0.000000	0.000000	0.000000
-0.930821	-0.828096	-0.836940	-0.000000	0.000000	0.000000	0.000000	0.000000	0.000000	0.000000
-0.930820	-0.828096	-0.836940	-0.000000	0.000000	0.000000	0.000000	0.000000	0.000000	0.000000
-0.930820	-0.828096	-0.836940	0.000000	0.000000	0.000000	0.000000	0.000000	0.000000	0.000000
-0.930821	-0.828096	-0.836937	-0.000000	0.000000	0.000000	0.000000	0.000000	0.000000	0.000000
-0.930821	-0.828096	-0.836940	-0.000000	0.000000	0.000000	0.000000	0.000000	0.000000	0.000000
-0.930820	-0.828096	-0.836940	-0.000000	0.000000	0.000000	0.000000	0.000000	0.000000	0.000000
-0.930821	-0.828096	-0.836940	0.000000	0.000000	0.000000	0.000000	0.000000	0.000000	0.000000
-0.930820	-0.828095	-0.688822	0.000000	0.000000	0.000000	0.000000	0.000000	0.000000	0.000000
-0.930820	-0.828096	-0.836935	-0.000000	0.000000	0.000000	0.000000	0.000000	0.000000	0.000000
-0.930820	-0.828096	-0.836928	-0.000000	0.000000	0.000000	0.000000	0.000000	0.000000	0.000000
-0.930821	-0.828096	-0.836940	-0.000000	0.000000	0.000000	0.000000	0.000000	0.000000	0.000000
-0.930820	-0.828096	-0.836940	0.000000	0.000000	0.000000	0.000000	0.000000	0.000000	0.000000
-0.930821	-0.828096	-0.836940	-0.000000	0.000000	0.000000	0.000000	0.000000	0.000000	0.000000
-0.930820	-0.828096	-0.836940	-0.000000	0.000000	0.000000	0.000000	0.000000	0.000000	0.000000
-0.930821	-0.828096	-0.836939	-0.000000	0.000000	0.000000	0.000000	0.000000	0.000000	0.000000
-0.930820	-0.828096	-0.836939	-0.000000	0.000000	0.000000	0.000000	0.000000	0.000000	0.000000
-0.930821	-0.828096	-0.836940	-0.000000	0.000000	0.000000	0.000000	0.000000	0.000000	0.000000
-0.930821	-0.828096	-0.836939	0.000000	0.000000	0.000000	0.000000	0.000000	0.000000	0.000000
-0.930821	-0.828096	-0.836939	-0.000000	0.000000	0.000000	0.000000	0.000000	0.000000	0.000000
-0.930821	-0.828096	-0.836940	-0.000000	0.000000	0.000000	0.000000	0.000000	0.000000	0.000000
-0.930820	-0.828096	-0.836940	0.000000	0.000000	0.000000	0.000000	0.000000	0.000000	0.000000
-0.930820	-0.828096	-0.836940	0.000000	0.000000	0.000000	0.000000	0.000000	0.000000	0.000000
-0.930821	-0.828096	-0.836940	-0.000000	0.000000	0.000000	0.000000	0.000000	0.000000	0.000000
-0.930820	-0.828096	-0.836939	0.000000	0.000000	0.000000	0.000000	0.000000	0.000000	0.000000
-0.930820	-0.828096	-0.836940	0.000000	0.000000	0.000000	0.000000	0.000000	0.000000	0.000000
-0.930821	-0.828096	-0.836938	0.000000	0.000000	0.000000	0.000000	0.000000	0.000000	0.000000
-0.930820	-0.828096	-0.836940	-0.000000	0.000000	0.000000	0.000000	0.000000	0.000000	0.000000
-0.930821	-0.828096	-0.836939	0.000000	0.000000	0.000000	0.000000	0.000000	0.000000	0.000000
-0.930820	-0.828096	-0.836940	0.000000	0.000000	0.000000	0.000000	0.000000	0.000000	0.000000
-0.930820	-0.828096	-0.836939	-0.000000	0.000000	0.000000	0.000000	0.000000	0.000000	0.000000
-0.930821	-0.828096	-0.836940	-0.000000	0.000000	0.000000	0.000000	0.000000	0.000000	0.000000
-0.930821	-0.828096	-0.836940	-0.000000	0.000000	0.000000	0.000000	0.000000	0.000000	0.000000
-0.930821	-0.828096	-0.836940	-0.000000	0.000000	0.000000	0.000000	0.000000	0.000000	0.000000
-0.930820	-0.828096	-0.836940	-0.000000	0.000000	0.000000	0.000000	0.000000	0.000000	0.000000
-0.930820	-0.828096	-0.836940	0.000000	0.000000	0.000000	0.000000	0.000000	0.000000	0.000000
-0.930821	-0.828096	-0.836940	-0.000000	0.000000	0.000000	0.000000	0.000000	0.000000	0.000000
-0.930821	-0.828096	-0.836940	-0.000000	0.000000	0.000000	0.000000	0.000000	0.000000	0.000000
-0.930821	-0.828096	-0.836940	-0.000000	0.000000	0.000000	0.000000	0.000000	0.000000	0.000000
-0.930821	-0.828096	-0.836940	-0.000000	0.000000	0.000000	0.000000	0.000000	0.000000	0.000000
-0.930821	-0.828096	-0.836938	-0.000000	0.000000	0.000000	0.000000	0.000000	0.000000	0.000000
-0.930820	-0.828096	-0.836940	-0.000000	0.000000	0.000000	0.000000	0.000000	0.000000	0.000000
-0.930820	-0.828096	-0.836940	0.000000	0.000000	0.000000	0.000000	0.000000	0.000000	0.000000
-0.930821	-0.828096	-0.836940	-0.000000	0.000000	0.000000	0.000000	0.000000	0.000000	0.000000
-0.930820	-0.828096	-0.836925	-0.000000	0.000000	0.000000	0.000000	0.000000	0.000000	0.000000
-0.930820	-0.828096	-0.836939	0.000000	0.000000	0.000000	0.000000	0.000000	0.000000	0.000000
-0.930820	-0.828096	-0.836940	0.000000	0.000000	0.000000	0.000000	0.000000	0.000000	0.000000
-0.930821	-0.828096	-0.836939	0.000000	0.000000	0.000000	0.000000	0.000000	0.000000	0.000000
-0.930821	-0.828096	-0.836940	0.000000	0.000000	0.000000	0.000000	0.000000	0.000000	0.000000
-0.930821	-0.828096	-0.835683	-0.000000	0.000000	0.000000	0.000000	0.000000	0.000000	0.000000
-0.930821	-0.828096	-0.836939	-0.000000	0.000000	0.000000	0.000000	0.000000	0.000000	0.000000
-0.930820	-0.828096	-0.836938	-0.000000	0.000000	0.000000	0.000000	0.000000	0.000000	0.000000
-0.930820	-0.828096	-0.836719	-0.000000	0.000000	0.000000	0.000000	0.000000	0.000000	0.000000
-0.930820	-0.828096	-0.836939	-0.000000	0.000000	0.000000	0.000000	0.000000	0.000000	0.000000
-0.930820	-0.828096	-0.836940	-0.000000	0.000000	0.000000	0.000000	0.000000	0.000000	0.000000
-0.930821	-0.828096	-0.836940	-0.000000	0.000000	0.000000	0.000000	0.000000	0.000000	0.000000
-0.930820	-0.828096	-0.836940	0.000000	0.000000	0.000000	0.000000	0.000000	0.000000	0.000000
-0.930821	-0.828096	-0.836939	-0.000000	0.000000	0.000000	0.000000	0.000000	0.000000	0.000000
-0.930821	-0.828096	-0.734681	0.000000	0.000000	0.000000	0.000000	0.000000	0.000000	0.000000
-0.930820	-0.828096	-0.836938	0.000000	0.000000	0.000000	0.000000	0.000000	0.000000	0.000000
-0.930821	-0.828096	-0.836940	-0.000000	0.000000	0.000000	0.000000	0.000000	0.000000	0.000000
-0.930821	-0.828096	-0.836939	-0.000000	0.000000	0.000000	0.000000	0.000000	0.000000	0.000000
-0.930821	-0.828096	-0.836932	-0.000000	0.000000	0.000000	0.000000	0.000000	0.000000	0.000000
-0.930820	-0.828096	-0.836940	-0.000000	0.000000	0.000000	0.000000	0.000000	0.000000	0.000000
-0.930821	-0.828096	-0.836940	-0.000000	0.000000	0.000000	0.000000	0.000000	0.000000	0.000000
-0.930820	-0.828096	-0.836940	-0.000000	0.000000	0.000000	0.000000	0.000000	0.000000	0.000000
-0.930820	-0.828096	-0.836940	-0.000000	0.000000	0.000000	0.000000	0.000000	0.000000	0.000000
-0.930821	-0.828096	-0.836902	-0.000000	0.000000	0.000000	0.000000	0.000000	0.000000	0.000000
-0.930820	-0.828095	-0.836929	0.000000	0.000000	0.000000	0.000000	0.000000	0.000000	0.000000
-0.930821	-0.828096	-0.834141	-0.000000	0.000000	0.000000	0.000000	0.000000	0.000000	0.000000
-0.930821	-0.828096	-0.836939	-0.000000	0.000000	0.000000	0.000000	0.000000	0.000000	0.000000
-0.930821	-0.828096	-0.836940	-0.000000	0.000000	0.000000	0.000000	0.000000	0.000000	0.000000
-0.930821	-0.828096	-0.836939	-0.000000	0.000000	0.000000	0.000000	0.000000	0.000000	0.000000
-0.930821	-0.828096	-0.836939	0.000000	0.000000	0.000000	0.000000	0.000000	0.000000	0.000000
-0.930821	-0.828096	-0.836940	-0.000000	0.000000	0.000000	0.000000	0.000000	0.000000	0.000000
-0.930821	-0.828096	-0.836940	-0.000000	0.000000	0.000000	0.000000	0.000000	0.000000	0.000000
-0.930820	-0.828096	-0.836939	0.000000	0.000000	0.000000	0.000000	0.000000	0.000000	0.000000
-0.930820	-0.828096	-0.836940	-0.000000	0.000000	0.000000	0.000000	0.000000	0.000000	0.000000
-0.930820	-0.828096	-0.836940	-0.000000	0.000000	0.000000	0.000000	0.000000	0.000000	0.000000
-0.930821	-0.828096	-0.836940	-0.000000	0.000000	0.000000	0.000000	0.000000	0.000000	0.000000
-0.930821	-0.828096	-0.836940	0.000000	0.000000	0.000000	0.000000	0.000000	0.000000	0.000000
-0.930821	-0.828096	-0.836940	-0.000000	0.000000	0.000000	0.000000	0.000000	0.000000	0.000000
-0.930820	-0.828096	-0.836938	-0.000000	0.000000	0.000000	0.000000	0.000000	0.000000	0.000000
-0.930821	-0.828096	-0.836940	-0.000000	0.000000	0.000000	0.000000	0.000000	0.000000	0.000000
-0.930821	-0.828096	-0.836940	-0.000000	0.000000	0.000000	0.000000	0.000000	0.000000	0.000000
-0.930821	-0.828095	-0.836939	-0.000000	0.000000	0.000000	0.000000	0.000000	0.000000	0.000000
-0.930821	-0.828096	-0.836939	0.000000	0.000000	0.000000	0.000000	0.000000	0.000000	0.000000
-0.930820	-0.828096	-0.836863	0.000000	0.000000	0.000000	0.000000	0.000000	0.000000	0.000000
-0.930820	-0.828096	-0.836940	0.000000	0.000000	0.000000	0.000000	0.000000	0.000000	0.000000
-0.930821	-0.828096	-0.833511	-0.000000	0.000000	0.000000	0.000000	0.000000	0.000000	0.000000
-0.930821	-0.828096	-0.836940	0.000000	0.000000	0.000000	0.000000	0.000000	0.000000	0.000000
-0.930821	-0.828095	-0.836940	0.000000	0.000000	0.000000	0.000000	0.000000	0.000000	0.000000
-0.930820	-0.828096	-0.836939	0.000000	0.000000	0.000000	0.000000	0.000000	0.000000	0.000000
-0.930821	-0.828096	-0.836939	0.000000	0.000000	0.000000	0.000000	0.000000	0.000000	0.000000
-0.930820	-0.828096	-0.836940	-0.000000	0.000000	0.000000	0.000000	0.000000	0.000000	0.000000
-0.930820	-0.828096	-0.836940	0.000000	0.000000	0.000000	0.000000	0.000000	0.000000	0.000000
-0.930820	-0.828096	-0.836939	0.000000	0.000000	0.000000	0.000000	0.000000	0.000000	0.000000
-0.930821	-0.828096	-0.836939	0.000000	0.000000	0.000000	0.000000	0.000000	0.000000	0.000000
-0.930821	-0.828096	-0.836940	-0.000000	0.000000	0.000000	0.000000	0.000000	0.000000	0.000000
-0.930821	-0.828096	-0.836097	0.000000	0.000000	0.000000	0.000000	0.000000	0.000000	0.000000
-0.930821	-0.828096	-0.836940	-0.000000	0.000000	0.000000	0.000000	0.000000	0.000000	0.000000
-0.930821	-0.828096	-0.836940	-0.000000	0.000000	0.000000	0.000000	0.000000	0.000000	0.000000
-0.930820	-0.828096	-0.836934	0.000000	0.000000	0.000000	0.000000	0.000000	0.000000	0.000000
-0.930820	-0.828096	-0.836939	0.000000	0.000000	0.000000	0.000000	0.000000	0.000000	0.000000
-0.930820	-0.828096	-0.836940	-0.000000	0.000000	0.000000	0.000000	0.000000	0.000000	0.000000
-0.930820	-0.828096	-0.836940	0.000000	0.000000	0.000000	0.000000	0.000000	0.000000	0.000000
-0.930821	-0.828096	-0.836940	0.000000	0.000000	0.000000	0.000000	0.000000	0.000000	0.000000
-0.930821	-0.828096	-0.836940	-0.000000	0.000000	0.000000	0.000000	0.000000	0.000000	0.000000
-0.930821	-0.828096	-0.836938	-0.000000	0.000000	0.000000	0.000000	0.000000	0.000000	0.000000
-0.930820	-0.828096	-0.836940	-0.000000	0.000000	0.000000	0.000000	0.000000	0.000000	0.000000
-0.930821	-0.828096	-0.836880	-0.000000	0.000000	0.000000	0.000000	0.000000	0.000000	0.000000
-0.930821	-0.828096	-0.835887	-0.000000	0.000000	0.000000	0.000000	0.000000	0.000000	0.000000
-0.930821	-0.828096	-0.836940	0.000000	0.000000	0.000000	0.000000	0.000000	0.000000	0.000000
-0.930820	-0.828096	-0.836939	0.000000	0.000000	0.000000	0.000000	0.000000	0.000000	0.000000
-0.930820	-0.828095	-0.836940	-0.000000	0.000000	0.000000	0.000000	0.000000	0.000000	0.000000
-0.930821	-0.828096	-0.836940	0.000000	0.000000	0.000000	0.000000	0.000000	0.000000	0.000000
-0.930821	-0.828096	-0.836940	0.000000	0.000000	0.000000	0.000000	0.000000	0.000000	0.000000
-0.930821	-0.828096	-0.836938	0.000000	0.000000	0.000000	0.000000	0.000000	0.000000	0.000000
-0.930820	-0.828096	-0.836940	0.000000	0.000000	0.000000	0.000000	0.000000	0.000000	0.000000
-0.930821	-0.828096	-0.836940	-0.000000	0.000000	0.000000	0.000000	0.000000	0.000000	0.000000
-0.930821	-0.828096	-0.836940	-0.000000	0.000000	0.000000	0.000000	0.000000	0.000000	0.000000
-0.930821	-0.828096	-0.836939	0.000000	0.000000	0.000000	0.000000	0.000000	0.000000	0.000000
-0.930821	-0.828096	-0.836939	0.000000	0.000000	0.000000	0.000000	0.000000	0.000000	0.000000
-0.930821	-0.828096	-0.836939	-0.000000	0.000000	0.000000	0.000000	0.000000	0.000000	0.000000
-0.930821	-0.828096	-0.836940	0.000000	0.000000	0.000000	0.000000	0.000000	0.000000	0.000000
-0.930820	-0.828096	-0.836938	-0.000000	0.000000	0.000000	0.000000	0.000000	0.000000	0.000000
-0.930821	-0.828096	-0.836940	0.000000	0.000000	0.000000	0.000000	0.000000	0.000000	0.000000
-0.930821	-0.828096	-0.836940	0.000000	0.000000	0.000000	0.000000	0.000000	0.000000	0.000000
-0.930820	-0.828096	-0.836933	-0.000000	0.000000	0.000000	0.000000	0.000000	0.000000	0.000000
-0.930821	-0.828096	-0.836939	0.000000	0.000000	0.000000	0.000000	0.000000	0.000000	0.000000
-0.930821	-0.828096	-0.836939	-0.000000	0.000000	0.000000	0.000000	0.000000	0.000000	0.000000
-0.930821	-0.828096	-0.836939	0.000000	0.000000	0.000000	0.000000	0.000000	0.000000	0.000000
-0.930820	-0.828096	-0.836614	-0.000000	0.000000	0.000000	0.000000	0.000000	0.000000	0.000000
-0.930821	-0.828096	-0.836932	-0.000000	0.000000	0.000000	0.000000	0.000000	0.000000	0.000000
-0.930820	-0.828096	-0.836940	-0.000000	0.000000	0.000000	0.000000	0.000000	0.000000	0.000000
-0.930820	-0.828096	-0.836940	0.000000	0.000000	0.000000	0.000000	0.000000	0.000000	0.000000
-0.930821	-0.828096	-0.836939	-0.000000	0.000000	0.000000	0.000000	0.000000	0.000000	0.000000
-0.930820	-0.828096	-0.836939	0.000000	0.000000	0.000000	0.000000	0.000000	0.000000	0.000000
-0.930821	-0.828096	-0.836940	-0.000000	0.000000	0.000000	0.000000	0.000000	0.000000	0.000000
-0.930820	-0.828096	-0.836797	-0.000000	0.000000	0.000000	0.000000	0.000000	0.000000	0.000000
-0.930821	-0.828096	-0.835509	-0.000000	0.000000	0.000000	0.000000	0.000000	0.000000	0.000000
-0.930820	-0.828096	-0.836934	0.000000	0.000000	0.000000	0.000000	0.000000	0.000000	0.000000
-0.930821	-0.828096	-0.836940	0.000000	0.000000	0.000000	0.000000	0.000000	0.000000	0.000000
-0.930820	-0.828096	-0.836936	-0.000000	0.000000	0.000000	0.000000	0.000000	0.000000	0.000000
-0.930821	-0.828096	-0.836940	-0.000000	0.000000	0.000000	0.000000	0.000000	0.000000	0.000000
-0.930820	-0.827669	-0.836779	-0.000000	0.000000	0.000000	0.000000	0.000000	0.000000	0.000000
-0.930821	-0.828096	-0.836940	0.000000	0.000000	0.000000	0.000000	0.000000	0.000000	0.000000
-0.930821	-0.828096	-0.836932	-0.000000	0.000000	0.000000	0.000000	0.000000	0.000000	0.000000
-0.930821	-0.828096	-0.836838	-0.000000	0.000000	0.000000	0.000000	0.000000	0.000000	0.000000
-0.930821	-0.828096	-0.836939	-0.000000	0.000000	0.000000	0.000000	0.000000	0.000000	0.000000
-0.930821	-0.828096	-0.836940	0.000000	0.000000	0.000000	0.000000	0.000000	0.000000	0.000000
-0.930821	-0.828096	-0.836939	0.000000	0.000000	0.000000	0.000000	0.000000	0.000000	0.000000
-0.930821	-0.828096	-0.836939	0.000000	0.000000	0.000000	0.000000	0.000000	0.000000	0.000000
-0.930820	-0.828096	-0.836940	0.000000	0.000000	0.000000	0.000000	0.000000	0.000000	0.000000
-0.930821	-0.828096	-0.836940	-0.000000	0.000000	0.000000	0.000000	0.000000	0.000000	0.000000
-0.930821	-0.828096	-0.836940	-0.000000	0.000000	0.000000	0.000000	0.000000	0.000000	0.000000
-0.930821	-0.828096	-0.836940	-0.000000	0.000000	0.000000	0.000000	0.000000	0.000000	0.000000
-0.930821	-0.828096	-0.836939	-0.000000	0.000000	0.000000	0.000000	0.000000	0.000000	0.000000
-0.930821	-0.828096	-0.836940	0.000000	0.000000	0.000000	0.000000	0.000000	0.000000	0.000000
-0.930821	-0.828096	-0.836940	0.000000	0.000000	0.000000	0.000000	0.000000	0.000000	0.000000
-0.930821	-0.828096	-0.836940	0.000000	0.000000	0.000000	0.000000	0.000000	0.000000	0.000000
-0.930820	-0.827225	0.000002	0.000000	0.000000	0.000000	0.000000	0.000000	0.000000	0.000000
-0.930821	-0.828096	0.796838	-0.000000	0.000000	0.000000	0.000000	0.000000	0.000000	0.000000
-0.930821	-0.828095	0.795994	-0.000000	0.000000	0.000000	0.000000	0.000000	0.000000	0.000000
-0.930821	-0.828096	0.797098	0.000000	0.000000	0.000000	0.000000	0.000000	0.000000	0.000000
-0.930821	-0.828096	0.768151	0.000000	0.000000	0.000000	0.000000	0.000000	0.000000	0.000000
-0.930820	-0.828096	0.797175	-0.000000	0.000000	0.000000	0.000000	0.000000	0.000000	0.000000
-0.930820	-0.828096	0.798574	-0.000000	0.000000	0.000000	0.000000	0.000000	0.000000	0.000000
-0.930821	-0.828096	0.776025	0.000000	0.000000	0.000000	0.000000	0.000000	0.000000	0.000000
-0.930820	-0.828096	0.798166	0.000000	0.000000	0.000000	0.000000	0.000000	0.000000	0.000000
-0.930821	-0.828096	0.796133	0.000000	0.000000	0.000000	0.000000	0.000000	0.000000	0.000000
-0.930820	-0.828096	0.796040	-0.000000	0.000000	0.000000	0.000000	0.000000	0.000000	0.000000
-0.930821	-0.828096	0.796557	-0.000000	0.000000	0.000000	0.000000	0.000000	0.000000	0.000000
-0.930821	-0.828096	0.797478	-0.000000	0.000000	0.000000	0.000000	0.000000	0.000000	0.000000
-0.930821	-0.828096	0.799215	-0.000000	0.000000	0.000000	0.000000	0.000000	0.000000	0.000000
-0.930820	-0.828096	0.798383	-0.000000	0.000000	0.000000	0.000000	0.000000	0.000000	0.000000
-0.930820	-0.828096	0.798145	-0.000000	0.000000	0.000000	0.000000	0.000000	0.000000	0.000000
-0.930820	-0.828096	0.795189	-0.000000	0.000000	0.000000	0.000000	0.000000	0.000000	0.000000
-0.930821	-0.828096	0.794981	-0.000000	0.000000	0.000000	0.000000	0.000000	0.000000	0.000000
-0.930820	-0.828096	0.796774	0.000000	0.000000	0.000000	0.000000	0.000000	0.000000	0.000000
-0.930821	-0.828096	0.792564	-0.000000	0.000000	0.000000	0.000000	0.000000	0.000000	0.000000
-0.930821	-0.828096	0.797895	0.000000	0.000000	0.000000	0.000000	0.000000	0.000000	0.000000
-0.930821	-0.828096	0.795296	-0.000000	0.000000	0.000000	0.000000	0.000000	0.000000	0.000000
-0.930821	-0.828095	0.798907	-0.000000	0.000000	0.000000	0.000000	0.000000	0.000000	0.000000
-0.930821	-0.828096	0.795654	-0.000000	0.000000	0.000000	0.000000	0.000000	0.000000	0.000000
-0.930821	-0.828096	0.789839	0.000000	0.000000	0.000000	0.000000	0.000000	0.000000	0.000000
-0.930821	-0.828096	0.796742	0.000000	0.000000	0.000000	0.000000	0.000000	0.000000	0.000000
-0.930821	-0.828096	0.795562	0.000000	0.000000	0.000000	0.000000	0.000000	0.000000	0.000000
-0.930821	-0.828096	0.799076	-0.000000	0.000000	0.000000	0.000000	0.000000	0.000000	0.000000
-0.930821	-0.828096	0.798150	-0.000000	0.000000	0.000000	0.000000	0.000000	0.000000	0.000000
-0.930821	-0.828096	0.794016	-0.000000	0.000000	0.000000	0.000000	0.000000	0.000000	0.000000
-0.930821	-0.828096	0.791396	-0.000000	0.000000	0.000000	0.000000	0.000000	0.000000	0.000000
-0.930821	-0.828096	0.797528	-0.000000	0.000000	0.000000	0.000000	0.000000	0.000000	0.000000
-0.930821	-0.828096	0.797805	-0.000000	0.000000	0.000000	0.000000	0.000000	0.000000	0.000000
-0.930821	-0.828096	0.796580	0.000000	0.000000	0.000000	0.000000	0.000000	0.000000	0.000000
-0.930820	-0.828096	0.797831	-0.000000	0.000000	0.000000	0.000000	0.000000	0.000000	0.000000
-0.930820	-0.828096	0.795900	0.000000	0.000000	0.000000	0.000000	0.000000	0.000000	0.000000
-0.930820	-0.828096	0.798524	-0.000000	0.000000	0.000000	0.000000	0.000000	0.000000	0.000000
-0.930821	-0.828096	0.796177	0.000000	0.000000	0.000000	0.000000	0.000000	0.000000	0.000000
-0.930821	-0.828096	0.797121	-0.000000	0.000000	0.000000	0.000000	0.000000	0.000000	0.000000
-0.930821	-0.828096	0.798044	-0.000000	0.000000	0.000000	0.000000	0.000000	0.000000	0.000000
-0.930821	-0.828096	0.796200	0.000000	0.000000	0.000000	0.000000	0.000000	0.000000	0.000000
-0.930820	-0.828096	0.797070	-0.000000	0.000000	0.000000	0.000000	0.000000	0.000000	0.000000
-0.930821	-0.828096	0.797641	0.000000	0.000000	0.000000	0.000000	0.000000	0.000000	0.000000
-0.930821	-0.828096	0.796059	-0.000000	0.000000	0.000000	0.000000	0.000000	0.000000	0.000000
-0.930821	-0.828096	0.798003	0.000000	0.000000	0.000000	0.000000	0.000000	0.000000	0.000000
-0.930820	-0.828096	0.794275	-0.000000	0.000000	0.000000	0.000000	0.000000	0.000000	0.000000
-0.930821	-0.828096	0.799152	0.000000	0.000000	0.000000	0.000000	0.000000	0.000000	0.000000
-0.930821	-0.828096	0.786560	-0.000000	0.000000	0.000000	0.000000	0.000000	0.000000	0.000000
-0.930821	-0.828096	0.798223	-0.000000	0.000000	0.000000	0.000000	0.000000	0.000000	0.000000
-0.930821	-0.828096	0.797792	-0.000000	0.000000	0.000000	0.000000	0.000000	0.000000	0.000000
-0.930820	-0.828096	0.797329	-0.000000	0.000000	0.000000	0.000000	0.000000	0.000000	0.000000
-0.930821	-0.828096	0.797008	0.000000	0.000000	0.000000	0.000000	0.000000	0.000000	0.000000
-0.930821	-0.828096	0.795305	-0.000000	0.000000	0.000000	0.000000	0.000000	0.000000	0.000000
-0.930820	-0.828096	0.786068	-0.000000	0.000000	0.000000	0.000000	0.000000	0.000000	0.000000
-0.930821	-0.828092	0.797656	0.000000	0.000000	0.000000	0.000000	0.000000	0.000000	0.000000
-0.930821	-0.828096	0.796138	-0.000000	0.000000	0.000000	0.000000	0.000000	0.000000	0.000000
-0.930821	-0.828096	0.796450	-0.000000	0.000000	0.000000	0.000000	0.000000	0.000000	0.000000
-0.930821	-0.828096	0.796925	-0.000000	0.000000	0.000000	0.000000	0.000000	0.000000	0.000000
-0.930820	-0.828096	0.795640	0.000000	0.000000	0.000000	0.000000	0.000000	0.000000	0.000000
-0.930820	-0.828096	0.797232	0.000000	0.000000	0.000000	0.000000	0.000000	0.000000	0.000000
-0.930820	-0.828096	0.798184	0.000000	0.000000	0.000000	0.000000	0.000000	0.000000	0.000000
-0.930821	-0.828096	0.796852	0.000000	0.000000	0.000000	0.000000	0.000000	0.000000	0.000000
-0.930821	-0.828096	0.796830	-0.000000	0.000000	0.000000	0.000000	0.000000	0.000000	0.000000
-0.930820	-0.828096	0.795731	-0.000000	0.000000	0.000000	0.000000	0.000000	0.000000	0.000000
-0.930821	-0.828096	0.796329	-0.000000	0.000000	0.000000	0.000000	0.000000	0.000000	0.000000
-0.930821	-0.828096	0.796121	-0.000000	0.000000	0.000000	0.000000	0.000000	0.000000	0.000000
-0.930820	-0.828096	0.796170	0.000000	0.000000	0.000000	0.000000	0.000000	0.000000	0.000000
-0.930821	-0.828096	0.798471	-0.000000	0.000000	0.000000	0.000000	0.000000	0.000000	0.000000
-0.930820	-0.828096	0.797536	-0.000000	0.000000	0.000000	0.000000	0.000000	0.000000	0.000000
-0.930821	-0.828096	0.797919	-0.000000	0.000000	0.000000	0.000000	0.000000	0.000000	0.000000
-0.930821	-0.828096	0.792759	-0.000000	0.000000	0.000000	0.000000	0.000000	0.000000	0.000000
-0.930821	-0.828096	0.796719	-0.000000	0.000000	0.000000	0.000000	0.000000	0.000000	0.000000
-0.930820	-0.828096	0.796193	0.000000	0.000000	0.000000	0.000000	0.000000	0.000000	0.000000
-0.930821	-0.828096	0.797691	0.000000	0.000000	0.000000	0.000000	0.000000	0.000000	0.000000
-0.930821	-0.828096	0.795903	0.000000	0.000000	0.000000	0.000000	0.000000	0.000000	0.000000
-0.930820	-0.828096	0.797899	0.000000	0.000000	0.000000	0.000000	0.000000	0.000000	0.000000
-0.930820	-0.828096	0.797114	0.000000	0.000000	0.000000	0.000000	0.000000	0.000000	0.000000
-0.930820	-0.828096	0.798441	0.000000	0.000000	0.000000	0.000000	0.000000	0.000000	0.000000
-0.930821	-0.828096	0.796914	-0.000000	0.000000	0.000000	0.000000	0.000000	0.000000	0.000000
-0.930821	-0.828096	0.796606	-0.000000	0.000000	0.000000	0.000000	0.000000	0.000000	0.000000
-0.930821	-0.828096	0.797026	0.000000	0.000000	0.000000	0.000000	0.000000	0.000000	0.000000
-0.930821	-0.828096	0.796805	-0.000000	0.000000	0.000000	0.000000	0.000000	0.000000	0.000000
-0.930821	-0.828096	0.797496	0.000000	0.000000	0.000000	0.000000	0.000000	0.000000	0.000000
-0.930821	-0.828096	0.797392	-0.000000	0.000000	0.000000	0.000000	0.000000	0.000000	0.000000
-0.930821	-0.828096	0.796270	-0.000000	0.000000	0.000000	0.000000	0.000000	0.000000	0.000000
-0.930820	-0.828096	0.797406	-0.000000	0.000000	0.000000	0.000000	0.000000	0.000000	0.000000
-0.930821	-0.828096	0.794546	-0.000000	0.000000	0.000000	0.000000	0.000000	0.000000	0.000000
-0.930820	-0.828096	0.797027	0.000000	0.000000	0.000000	0.000000	0.000000	0.000000	0.000000
-0.930820	-0.828096	0.796737	0.000000	0.000000	0.000000	0.000000	0.000000	0.000000	0.000000
-0.930820	-0.828096	0.798954	0.000000	0.000000	0.000000	0.000000	0.000000	0.000000	0.000000
-0.930821	-0.828094	0.798460	-0.000000	0.000000	0.000000	0.000000	0.000000	0.000000	0.000000
-0.930821	-0.828096	0.796363	-0.000000	0.000000	0.000000	0.000000	0.000000	0.000000	0.000000
-0.930821	-0.828096	0.796433	0.000000	0.000000	0.000000	0.000000	0.000000	0.000000	0.000000
-0.930821	-0.828096	0.795998	0.000000	0.000000	0.000000	0.000000	0.000000	0.000000	0.000000
-0.930821	-0.828096	0.795913	0.000000	0.000000	0.000000	0.000000	0.000000	0.000000	0.000000
-0.930821	-0.828096	0.797585	-0.000000	0.000000	0.000000	0.000000	0.000000	0.000000	0.000000
-0.930820	-0.828096	0.796756	0.000000	0.000000	0.000000	0.000000	0.000000	0.000000	0.000000
-0.930821	-0.828096	0.796597	-0.000000	0.000000	0.000000	0.000000	0.000000	0.000000	0.000000
-0.930820	-0.828096	0.797320	-0.000000	0.000000	0.000000	0.000000	0.000000	0.000000	0.000000
-0.930821	-0.828096	0.797752	-0.000000	0.000000	0.000000	0.000000	0.000000	0.000000	0.000000
-0.930821	-0.828096	0.792023	0.000000	0.000000	0.000000	0.000000	0.000000	0.000000	0.000000
-0.930821	-0.828096	0.796486	-0.000000	0.000000	0.000000	0.000000	0.000000	0.000000	0.000000
-0.930821	-0.828096	0.796737	-0.000000	0.000000	0.000000	0.000000	0.000000	0.000000	0.000000
-0.930821	-0.828096	0.797312	-0.000000	0.000000	0.000000	0.000000	0.000000	0.000000	0.000000
-0.930820	-0.828096	0.798484	0.000000	0.000000	0.000000	0.000000	0.000000	0.000000	0.000000
-0.930821	-0.828096	0.800052	0.000000	0.000000	0.000000	0.000000	0.000000	0.000000	0.000000
-0.930821	-0.828096	0.795525	0.000000	0.000000	0.000000	0.000000	0.000000	0.000000	0.000000
-0.930820	-0.828096	0.794097	0.000000	0.000000	0.000000	0.000000	0.000000	0.000000	0.000000
-0.930820	-0.828096	0.798579	0.000000	0.000000	0.000000	0.000000	0.000000	0.000000	0.000000
-0.930821	-0.828068	0.795929	-0.000000	0.000000	0.000000	0.000000	0.000000	0.000000	0.000000
-0.930820	-0.828096	0.796982	0.000000	0.000000	0.000000	0.000000	0.000000	0.000000	0.000000
-0.930820	-0.828096	0.796663	-0.000000	0.000000	0.000000	0.000000	0.000000	0.000000	0.000000
-0.930821	-0.828096	0.800191	-0.000000	0.000000	0.000000	0.000000	0.000000	0.000000	0.000000
-0.930821	-0.828096	0.797463	-0.000000	0.000000	0.000000	0.000000	0.000000	0.000000	0.000000
-0.930820	-0.828096	0.794993	-0.000000	0.000000	0.000000	0.000000	0.000000	0.000000	0.000000
-0.930820	-0.828095	0.795731	-0.000000	0.000000	0.000000	0.000000	0.000000	0.000000	0.000000
-0.930821	-0.828096	0.797852	0.000000	0.000000	0.000000	0.000000	0.000000	0.000000	0.000000
-0.930820	-0.828096	0.798443	0.000000	0.000000	0.000000	0.000000	0.000000	0.000000	0.000000
-0.930821	-0.828096	0.796231	0.000000	0.000000	0.000000	0.000000	0.000000	0.000000	0.000000
-0.930821	-0.828096	0.798857	0.000000	0.000000	0.000000	0.000000	0.000000	0.000000	0.000000
-0.930821	-0.828096	0.796117	-0.000000	0.000000	0.000000	0.000000	0.000000	0.000000	0.000000
-0.930820	-0.828096	0.796213	-0.000000	0.000000	0.000000	0.000000	0.000000	0.000000	0.000000
-0.930820	-0.828096	0.797957	0.000000	0.000000	0.000000	0.000000	0.000000	0.000000	0.000000
-0.930821	-0.828096	0.791816	0.000000	0.000000	0.000000	0.000000	0.000000	0.000000	0.000000
-0.930821	-0.828096	0.797486	0.000000	0.000000	0.000000	0.000000	0.000000	0.000000	0.000000
-0.930821	-0.828096	0.797993	0.000000	0.000000	0.000000	0.000000	0.000000	0.000000	0.000000
-0.930821	-0.828096	0.797149	-0.000000	0.000000	0.000000	0.000000	0.000000	0.000000	0.000000
-0.930820	-0.828096	0.796978	0.000000	0.000000	0.000000	0.000000	0.000000	0.000000	0.000000
-0.930821	-0.828096	0.796804	-0.000000	0.000000	0.000000	0.000000	0.000000	0.000000	0.000000
-0.930820	-0.828096	0.797725	0.000000	0.000000	0.000000	0.000000	0.000000	0.000000	0.000000
-0.930820	-0.828096	0.797251	-0.000000	0.000000	0.000000	0.000000	0.000000	0.000000	0.000000
-0.930821	-0.828096	0.798277	-0.000000	0.000000	0.000000	0.000000	0.000000	0.000000	0.000000
-0.930821	-0.828096	0.797214	-0.000000	0.000000	0.000000	0.000000	0.000000	0.000000	0.000000
-0.930821	-0.828096	0.796838	-0.000000	0.000000	0.000000	0.000000	0.000000	0.000000	0.000000
-0.930821	-0.828096	0.794672	-0.000000	0.000000	0.000000	0.000000	0.000000	0.000000	0.000000
-0.930820	-0.828096	0.795726	-0.000000	0.000000	0.000000	0.000000	0.000000	0.000000	0.000000
-0.930820	-0.828096	0.797136	0.000000	0.000000	0.000000	0.000000	0.000000	0.000000	0.000000
-0.930821	-0.828096	0.796280	-0.000000	0.000000	0.000000	0.000000	0.000000	0.000000	0.000000
-0.930821	-0.828096	0.797862	0.000000	0.000000	0.000000	0.000000	0.000000	0.000000	0.000000
-0.930821	-0.828096	0.793227	0.000000	0.000000	0.000000	0.000000	0.000000	0.000000	0.000000
-0.930821	-0.828096	0.794922	-0.000000	0.000000	0.000000	0.000000	0.000000	0.000000	0.000000
-0.930821	-0.828096	0.798470	0.000000	0.000000	0.000000	0.000000	0.000000	0.000000	0.000000
-0.930821	-0.828096	0.797140	-0.000000	0.000000	0.000000	0.000000	0.000000	0.000000	0.000000
-0.930821	-0.828096	0.797063	-0.000000	0.000000	0.000000	0.000000	0.000000	0.000000	0.000000
-0.930821	-0.828096	0.797055	-0.000000	0.000000	0.000000	0.000000	0.000000	0.000000	0.000000
-0.930821	-0.828096	0.796726	-0.000000	0.000000	0.000000	0.000000	0.000000	0.000000	0.000000
-0.930820	-0.828096	0.797959	-0.000000	0.000000	0.000000	0.000000	0.000000	0.000000	0.000000
-0.930821	-0.828096	0.797099	-0.000000	0.000000	0.000000	0.000000	0.000000	0.000000	0.000000
-0.930820	-0.828096	0.798476	0.000000	0.000000	0.000000	0.000000	0.000000	0.000000	0.000000
-0.930821	-0.828096	0.795733	0.000000	0.000000	0.000000	0.000000	0.000000	0.000000	0.000000
-0.930820	-0.828096	0.795878	-0.000000	0.000000	0.000000	0.000000	0.000000	0.000000	0.000000
-0.930821	-0.828096	0.796519	-0.000000	0.000000	0.000000	0.000000	0.000000	0.000000	0.000000
-0.930820	-0.828096	0.796299	0.000000	0.000000	0.000000	0.000000	0.000000	0.000000	0.000000
-0.930821	-0.828096	0.796861	-0.000000	0.000000	0.000000	0.000000	0.000000	0.000000	0.000000
-0.930821	-0.828096	0.799301	0.000000	0.000000	0.000000	0.000000	0.000000	0.000000	0.000000
-0.930821	-0.828096	0.796230	-0.000000	0.000000	0.000000	0.000000	0.000000	0.000000	0.000000
-0.930820	-0.828096	0.795672	-0.000000	0.000000	0.000000	0.000000	0.000000	0.000000	0.000000
-0.930821	-0.828096	0.796627	-0.000000	0.000000	0.000000	0.000000	0.000000	0.000000	0.000000
-0.930820	-0.828096	0.796481	-0.000000	0.000000	0.000000	0.000000	0.000000	0.000000	0.000000
-0.930821	-0.828096	0.798121	-0.000000	0.000000	0.000000	0.000000	0.000000	0.000000	0.000000
-0.930820	-0.828096	0.796590	0.000000	0.000000	0.000000	0.000000	0.000000	0.000000	0.000000
-0.930821	-0.828096	0.796231	-0.000000	0.000000	0.000000	0.000000	0.000000	0.000000	0.000000
-0.930821	-0.828096	0.797002	0.000000	0.000000	0.000000	0.000000	0.000000	0.000000	0.000000
-0.930821	-0.828096	0.798500	-0.000000	0.000000	0.000000	0.000000	0.000000	0.000000	0.000000
-0.930821	-0.828096	0.796945	-0.000000	0.000000	0.000000	0.000000	0.000000	0.000000	0.000000
-0.930821	-0.828096	0.796341	-0.000000	0.000000	0.000000	0.000000	0.000000	0.000000	0.000000
-0.930821	-0.828096	0.796915	0.000000	0.000000	0.000000	0.000000	0.000000	0.000000	0.000000
-0.930820	-0.828096	0.796355	0.000000	0.000000	0.000000	0.000000	0.000000	0.000000	0.000000
-0.930820	-0.828096	0.796699	-0.000000	0.000000	0.000000	0.000000	0.000000	0.000000	0.000000
-0.930821	-0.828096	0.796387	-0.000000	0.000000	0.000000	0.000000	0.000000	0.000000	0.000000
-0.930821	-0.828096	0.795751	-0.000000	0.000000	0.000000	0.000000	0.000000	0.000000	0.000000
-0.930820	-0.828096	0.796096	-0.000000	0.000000	0.000000	0.000000	0.000000	0.000000	0.000000
-0.930820	-0.828096	0.798012	-0.000000	0.000000	0.000000	0.000000	0.000000	0.000000	0.000000
-0.930821	-0.828096	0.797046	-0.000000	0.000000	0.000000	0.000000	0.000000	0.000000	0.000000
-0.930821	-0.828096	0.797227	0.000000	0.000000	0.000000	0.000000	0.000000	0.000000	0.000000
-0.930820	-0.828096	0.796984	-0.000000	0.000000	0.000000	0.000000	0.000000	0.000000	0.000000
-0.930821	-0.828096	0.795823	-0.000000	0.000000	0.000000	0.000000	0.000000	0.000000	0.000000
-0.930821	-0.828096	0.797847	-0.000000	0.000000	0.000000	0.000000	0.000000	0.000000	0.000000
-0.930820	-0.828096	0.797590	-0.000000	0.000000	0.000000	0.000000	0.000000	0.000000	0.000000
-0.930820	-0.828096	0.798330	0.000000	0.000000	0.000000	0.000000	0.000000	0.000000	0.000000
-0.930821	-0.828096	0.796797	-0.000000	0.000000	0.000000	0.000000	0.000000	0.000000	0.000000
-0.930820	-0.828096	0.796586	0.000000	0.000000	0.000000	0.000000	0.000000	0.000000	0.000000
-0.930821	-0.828096	0.798729	0.000000	0.000000	0.000000	0.000000	0.000000	0.000000	0.000000
-0.930820	-0.828096	0.798816	-0.000000	0.000000	0.000000	0.000000	0.000000	0.000000	0.000000
-0.930821	-0.828096	0.797081	-0.000000	0.000000	0.000000	0.000000	0.000000	0.000000	0.000000
-0.930820	-0.828096	0.797239	0.000000	0.000000	0.000000	0.000000	0.000000	0.000000	0.000000
-0.930821	-0.828096	0.795940	0.000000	0.000000	0.000000	0.000000	0.000000	0.000000	0.000000
-0.930820	-0.828096	0.796573	-0.000000	0.000000	0.000000	0.000000	0.000000	0.000000	0.000000
-0.930821	-0.828096	0.796325	0.000000	0.000000	0.000000	0.000000	0.000000	0.000000	0.000000
-0.930820	-0.828091	0.798375	0.000000	0.000000	0.000000	0.000000	0.000000	0.000000	0.000000
-0.930821	-0.828095	0.797465	-0.000000	0.000000	0.000000	0.000000	0.000000	0.000000	0.000000
-0.930820	-0.828096	0.796647	0.000000	0.000000	0.000000	0.000000	0.000000	0.000000	0.000000
-0.930821	-0.828096	0.797322	-0.000000	0.000000	0.000000	0.000000	0.000000	0.000000	0.000000
-0.930820	-0.828096	0.796848	-0.000000	0.000000	0.000000	0.000000	0.000000	0.000000	0.000000
-0.930821	-0.828096	0.798300	-0.000000	0.000000	0.000000	0.000000	0.000000	0.000000	0.000000
-0.930820	-0.828096	0.796909	0.000000	0.000000	0.000000	0.000000	0.000000	0.000000	0.000000
-0.930821	-0.828096	0.795435	0.000000	0.000000	0.000000	0.000000	0.000000	0.000000	0.000000
-0.930821	-0.828096	0.796601	0.000000	0.000000	0.000000	0.000000	0.000000	0.000000	0.000000
-0.930821	-0.828096	0.795040	-0.000000	0.000000	0.000000	0.000000	0.000000	0.000000	0.000000
-0.930820	-0.828096	0.796158	0.000000	0.000000	0.000000	0.000000	0.000000	0.000000	0.000000
-0.930821	-0.828096	0.798098	-0.000000	0.000000	0.000000	0.000000	0.000000	0.000000	0.000000
-0.930820	-0.828096	0.797117	-0.000000	0.000000	0.000000	0.000000	0.000000	0.000000	0.000000
-0.930821	-0.828096	0.795677	0.000000	0.000000	0.000000	0.000000	0.000000	0.000000	0.000000
-0.930821	-0.828096	0.796271	-0.000000	0.000000	0.000000	0.000000	0.000000	0.000000	0.000000
-0.930820	-0.828096	0.798517	-0.000000	0.000000	0.000000	0.000000	0.000000	0.000000	0.000000
-0.930821	-0.828096	0.798125	-0.000000	0.000000	0.000000	0.000000	0.000000	0.000000	0.000000
-0.930821	-0.828096	0.797428	-0.000000	0.000000	0.000000	0.000000	0.000000	0.000000	0.000000
-0.930820	-0.828096	0.797372	0.000000	0.000000	0.000000	0.000000	0.000000	0.000000	0.000000
-0.930821	-0.828096	0.798455	-0.000000	0.000000	0.000000	0.000000	0.000000	0.000000	0.000000
-0.930821	-0.828096	0.796027	0.000000	0.000000	0.000000	0.000000	0.000000	0.000000	0.000000
-0.930821	-0.828096	0.797141	-0.000000	0.000000	0.000000	0.000000	0.000000	0.000000	0.000000
-0.930820	-0.828096	0.797762	0.000000	0.000000	0.000000	0.000000	0.000000	0.000000	0.000000
-0.930821	-0.828096	0.798884	0.000000	0.000000	0.000000	0.000000	0.000000	0.000000	0.000000
-0.930821	-0.828096	0.796068	0.000000	0.000000	0.000000	0.000000	0.000000	0.000000	0.000000
-0.930821	-0.828096	0.797352	0.000000	0.000000	0.000000	0.000000	0.000000	0.000000	0.000000
-0.930820	-0.828096	0.798560	0.000000	0.000000	0.000000	0.000000	0.000000	0.000000	0.000000
-0.930820	-0.828096	0.797171	-0.000000	0.000000	0.000000	0.000000	0.000000	0.000000	0.000000
-0.930821	-0.828096	0.796772	0.000000	0.000000	0.000000	0.000000	0.000000	0.000000	0.000000
-0.930821	-0.828096	0.799310	-0.000000	0.000000	0.000000	0.000000	0.000000	0.000000	0.000000
-0.930821	-0.828096	0.796844	-0.000000	0.000000	0.000000	0.000000	0.000000	0.000000	0.000000
-0.930820	-0.828055	0.800315	0.000000	0.000000	0.000000	0.000000	0.000000	0.000000	0.000000
-0.930820	-0.828096	0.798707	-0.000000	0.000000	0.000000	0.000000	0.000000	0.000000	0.000000
-0.930821	-0.828096	0.798134	-0.000000	0.000000	0.000000	0.000000	0.000000	0.000000	0.000000
-0.930821	-0.828096	0.797901	0.000000	0.000000	0.000000	0.000000	0.000000	0.000000	0.000000
-0.930821	-0.828096	0.796438	-0.000000	0.000000	0.000000	0.000000	0.000000	0.000000	0.000000
-0.930820	-0.828096	0.795353	-0.000000	0.000000	0.000000	0.000000	0.000000	0.000000	0.000000
-0.930821	-0.828096	0.796967	0.000000	0.000000	0.000000	0.000000	0.000000	0.000000	0.000000
-0.930821	-0.828096	0.795422	-0.000000	0.000000	0.000000	0.000000	0.000000	0.000000	0.000000
-0.930821	-0.828096	0.797365	-0.000000	0.000000	0.000000	0.000000	0.000000	0.000000	0.000000
-0.930820	-0.828096	0.774776	0.000000	0.000000	0.000000	0.000000	0.000000	0.000000	0.000000
-0.930820	-0.828096	0.796683	-0.000000	0.000000	0.000000	0.000000	0.000000	0.000000	0.000000
-0.930820	-0.828096	0.797337	-0.000000	0.000000	0.000000	0.000000	0.000000	0.000000	0.000000
-0.930820	-0.828096	0.794861	-0.000000	0.000000	0.000000	0.000000	0.000000	0.000000	0.000000
-0.930821	-0.828096	0.798627	-0.000000	0.000000	0.000000	0.000000	0.000000	0.000000	0.000000
-0.930820	-0.828096	0.798359	-0.000000	0.000000	0.000000	0.000000	0.000000	0.000000	0.000000
-0.930820	-0.828096	0.796333	-0.000000	0.000000	0.000000	0.000000	0.000000	0.000000	0.000000
-0.930821	-0.828096	0.796305	-0.000000	0.000000	0.000000	0.000000	0.000000	0.000000	0.000000
-0.930821	-0.828096	0.796952	0.000000	0.000000	0.000000	0.000000	0.000000	0.000000	0.000000
-0.930820	-0.828096	0.797361	-0.000000	0.000000	0.000000	0.000000	0.000000	0.000000	0.000000
-0.930821	-0.828096	0.796238	0.000000	0.000000	0.000000	0.000000	0.000000	0.000000	0.000000
-0.930821	-0.828096	0.798623	-0.000000	0.000000	0.000000	0.000000	0.000000	0.000000	0.000000
-0.930821	-0.828096	0.797692	0.000000	0.000000	0.000000	0.000000	0.000000	0.000000	0.000000
-0.930821	-0.828096	0.798345	-0.000000	0.000000	0.000000	0.000000	0.000000	0.000000	0.000000
-0.930821	-0.828096	0.797456	0.000000	0.000000	0.000000	0.000000	0.000000	0.000000	0.000000
-0.930821	-0.828096	0.796315	-0.000000	0.000000	0.000000	0.000000	0.000000	0.000000	0.000000
-0.930821	-0.828096	0.797744	-0.000000	0.000000	0.000000	0.000000	0.000000	0.000000	0.000000
-0.930821	-0.828096	0.797653	-0.000000	0.000000	0.000000	0.000000	0.000000	0.000000	0.000000
-0.930821	-0.828096	0.796663	0.000000	0.000000	0.000000	0.000000	0.000000	0.000000	0.000000
-0.930821	-0.828096	0.797023	-0.000000	0.000000	0.000000	0.000000	0.000000	0.000000	0.000000
-0.930821	-0.828096	0.797550	-0.000000	0.000000	0.000000	0.000000	0.000000	0.000000	0.000000
-0.930820	0.867702	-0.000000	0.000041	0.000000	0.000000	0.000000	0.000000	0.000000	0.000000
-0.930821	0.867045	0.000000	0.861390	0.000000	0.000000	0.000000	0.000000	0.000000	0.000000
-0.930821	0.867389	-0.000000	0.862853	0.000000	0.000000	0.000000	0.000000	0.000000	0.000000
-0.930820	0.866623	0.000000	0.862807	0.000000	0.000000	0.000000	0.000000	0.000000	0.000000
-0.930821	0.867460	0.000000	0.861689	0.000000	0.000000	0.000000	0.000000	0.000000	0.000000
-0.930820	0.867612	0.000000	0.863519	0.000000	0.000000	0.000000	0.000000	0.000000	0.000000
-0.930821	0.868624	0.000000	0.862981	0.000000	0.000000	0.000000	0.000000	0.000000	0.000000
-0.930821	0.868532	0.000000	0.862917	0.000000	0.000000	0.000000	0.000000	0.000000	0.000000
-0.930821	0.868701	0.000000	0.863049	0.000000	0.000000	0.000000	0.000000	0.000000	0.000000
-0.930821	0.866574	0.000000	0.862376	0.000000	0.000000	0.000000	0.000000	0.000000	0.000000
-0.930821	0.867737	-0.000000	0.863006	0.000000	0.000000	0.000000	0.000000	0.000000	0.000000
-0.930821	0.867893	0.000000	0.862682	0.000000	0.000000	0.000000	0.000000	0.000000	0.000000
-0.930820	0.868956	0.000000	0.862451	0.000000	0.000000	0.000000	0.000000	0.000000	0.000000
-0.930821	0.867037	0.000000	0.862585	0.000000	0.000000	0.000000	0.000000	0.000000	0.000000
-0.930821	0.867521	-0.000000	0.862395	0.000000	0.000000	0.000000	0.000000	0.000000	0.000000
-0.930821	0.867678	0.000000	0.862168	0.000000	0.000000	0.000000	0.000000	0.000000	0.000000
-0.930820	0.867236	-0.000000	0.862640	0.000000	0.000000	0.000000	0.000000	0.000000	0.000000
-0.930821	0.866710	0.000000	0.862506	0.000000	0.000000	0.000000	0.000000	0.000000	0.000000
-0.930821	0.868136	-0.000000	0.862941	0.000000	0.000000	0.000000	0.000000	0.000000	0.000000
-0.930821	0.866634	-0.000000	0.862292	0.000000	0.000000	0.000000	0.000000	0.000000	0.000000
-0.930821	0.867207	-0.000000	0.862548	0.000000	0.000000	0.000000	0.000000	0.000000	0.000000
-0.930821	0.867406	0.000000	0.862542	0.000000	0.000000	0.000000	0.000000	0.000000	0.000000
-0.930820	0.866450	-0.000000	0.862656	0.000000	0.000000	0.000000	0.000000	0.000000	0.000000
-0.930821	0.866309	-0.000000	0.862865	0.000000	0.000000	0.000000	0.000000	0.000000	0.000000
-0.930820	0.868604	-0.000000	0.861806	0.000000	0.000000	0.000000	0.000000	0.000000	0.000000
-0.930821	0.868922	0.000000	0.862550	0.000000	0.000000	0.000000	0.000000	0.000000	0.000000
-0.930821	0.868267	-0.000000	0.858812	0.000000	0.000000	0.000000	0.000000	0.000000	0.000000
-0.930820	0.867496	0.000000	0.863637	0.000000	0.000000	0.000000	0.000000	0.000000	0.000000
-0.930821	0.868944	0.000000	0.862819	0.000000	0.000000	0.000000	0.000000	0.000000	0.000000
-0.930820	0.866257	-0.000000	0.862121	0.000000	0.000000	0.000000	0.000000	0.000000	0.000000
-0.930821	0.867914	0.000000	0.859829	0.000000	0.000000	0.000000	0.000000	0.000000	0.000000
-0.930821	0.867360	0.000000	0.862873	0.000000	0.000000	0.000000	0.000000	0.000000	0.000000
-0.930821	0.866998	-0.000000	0.862798	0.000000	0.000000	0.000000	0.000000	0.000000	0.000000
-0.930821	0.867531	-0.000000	0.862514	0.000000	0.000000	0.000000	0.000000	0.000000	0.000000
-0.930821	0.868939	-0.000000	0.862401	0.000000	0.000000	0.000000	0.000000	0.000000	0.000000
-0.930821	0.868659	0.000000	0.862743	0.000000	0.000000	0.000000	0.000000	0.000000	0.000000
-0.930821	0.867899	0.000000	0.862884	0.000000	0.000000	0.000000	0.000000	0.000000	0.000000
-0.930821	0.868294	0.000000	0.862535	0.000000	0.000000	0.000000	0.000000	0.000000	0.000000
-0.930821	0.867862	0.000000	0.862781	0.000000	0.000000	0.000000	0.000000	0.000000	0.000000
-0.930821	0.867531	0.000000	0.862558	0.000000	0.000000	0.000000	0.000000	0.000000	0.000000
-0.930821	0.867393	0.000000	0.862401	0.000000	0.000000	0.000000	0.000000	0.000000	0.000000
-0.930821	0.867200	0.000000	0.862742	0.000000	0.000000	0.000000	0.000000	0.000000	0.000000
-0.930821	0.867504	0.000000	0.862493	0.000000	0.000000	0.000000	0.000000	0.000000	0.000000
-0.930821	0.866838	0.000000	0.862806	0.000000	0.000000	0.000000	0.000000	0.000000	0.000000
-0.930821	0.866336	0.000000	0.863823	0.000000	0.000000	0.000000	0.000000	0.000000	0.000000
-0.930820	0.867257	0.000000	0.862357	0.000000	0.000000	0.000000	0.000000	0.000000	0.000000
-0.930821	0.868102	-0.000000	0.863256	0.000000	0.000000	0.000000	0.000000	0.000000	0.000000
-0.930820	0.866794	0.000000	0.862483	0.000000	0.000000	0.000000	0.000000	0.000000	0.000000
-0.930821	0.865327	0.000000	0.861995	0.000000	0.000000	0.000000	0.000000	0.000000	0.000000
-0.930821	0.868106	-0.000000	0.862226	0.000000	0.000000	0.000000	0.000000	0.000000	0.000000
-0.930821	0.867831	0.000000	0.862659	0.000000	0.000000	0.000000	0.000000	0.000000	0.000000
-0.930820	0.868215	0.000000	0.862742	0.000000	0.000000	0.000000	0.000000	0.000000	0.000000
-0.930821	0.868529	0.000000	0.862715	0.000000	0.000000	0.000000	0.000000	0.000000	0.000000
-0.930821	0.868833	-0.000000	0.862421	0.000000	0.000000	0.000000	0.000000	0.000000	0.000000
-0.930821	0.866281	0.000000	0.863015	0.000000	0.000000	0.000000	0.000000	0.000000	0.000000
-0.930821	0.867595	-0.000000	0.862757	0.000000	0.000000	0.000000	0.000000	0.000000	0.000000
-0.930821	0.866762	0.000000	0.862612	0.000000	0.000000	0.000000	0.000000	0.000000	0.000000
-0.930821	0.867036	0.000000	0.862909	0.000000	0.000000	0.000000	0.000000	0.000000	0.000000
-0.930821	0.866303	-0.000000	0.862348	0.000000	0.000000	0.000000	0.000000	0.000000	0.000000
-0.930821	0.866889	-0.000000	0.863332	0.000000	0.000000	0.000000	0.000000	0.000000	0.000000
-0.930821	0.867959	0.000000	0.862372	0.000000	0.000000	0.000000	0.000000	0.000000	0.000000
-0.930820	0.868075	-0.000000	0.863402	0.000000	0.000000	0.000000	0.000000	0.000000	0.000000
-0.930821	0.867540	0.000000	0.862245	0.000000	0.000000	0.000000	0.000000	0.000000	0.000000
-0.930821	0.867347	0.000000	0.862722	0.000000	0.000000	0.000000	0.000000	0.000000	0.000000
-0.930820	0.867879	-0.000000	0.862210	0.000000	0.000000	0.000000	0.000000	0.000000	0.000000
-0.930821	0.869105	0.000000	0.863290	0.000000	0.000000	0.000000	0.000000	0.000000	0.000000
-0.930821	0.867834	-0.000000	0.862559	0.000000	0.000000	0.000000	0.000000	0.000000	0.000000
-0.930821	0.866840	-0.000000	0.862806	0.000000	0.000000	0.000000	0.000000	0.000000	0.000000
-0.930820	0.867347	0.000000	0.862247	0.000000	0.000000	0.000000	0.000000	0.000000	0.000000
-0.930821	0.867572	-0.000000	0.862629	0.000000	0.000000	0.000000	0.000000	0.000000	0.000000
-0.930820	0.868100	0.000000	0.862989	0.000000	0.000000	0.000000	0.000000	0.000000	0.000000
-0.930821	0.868170	0.000000	0.863216	0.000000	0.000000	0.000000	0.000000	0.000000	0.000000
-0.930820	0.867148	0.000000	0.863118	0.000000	0.000000	0.000000	0.000000	0.000000	0.000000
-0.930820	0.868303	0.000000	0.862925	0.000000	0.000000	0.000000	0.000000	0.000000	0.000000
-0.930821	0.866455	-0.000000	0.862369	0.000000	0.000000	0.000000	0.000000	0.000000	0.000000
-0.930821	0.866565	-0.000000	0.862035	0.000000	0.000000	0.000000	0.000000	0.000000	0.000000
-0.930821	0.865564	0.000000	0.862810	0.000000	0.000000	0.000000	0.000000	0.000000	0.000000
-0.930821	0.866730	-0.000000	0.862947	0.000000	0.000000	0.000000	0.000000	0.000000	0.000000
-0.930821	0.867006	-0.000000	0.862739	0.000000	0.000000	0.000000	0.000000	0.000000	0.000000
-0.930820	0.867691	-0.000000	0.862705	0.000000	0.000000	0.000000	0.000000	0.000000	0.000000
-0.930820	0.867491	-0.000000	0.862989	0.000000	0.000000	0.000000	0.000000	0.000000	0.000000
-0.930821	0.868092	-0.000000	0.863384	0.000000	0.000000	0.000000	0.000000	0.000000	0.000000
-0.930821	0.866111	-0.000000	0.862843	0.000000	0.000000	0.000000	0.000000	0.000000	0.000000
-0.930821	0.866931	0.000000	0.862637	0.000000	0.000000	0.000000	0.000000	0.000000	0.000000
-0.930821	0.867572	-0.000000	0.862144	0.000000	0.000000	0.000000	0.000000	0.000000	0.000000
-0.930820	0.868496	0.000000	0.862918	0.000000	0.000000	0.000000	0.000000	0.000000	0.000000
-0.930820	0.868084	0.000000	0.862494	0.000000	0.000000	0.000000	0.000000	0.000000	0.000000
-0.930820	0.867822	0.000000	0.863083	0.000000	0.000000	0.000000	0.000000	0.000000	0.000000
-0.930820	0.867383	0.000000	0.863760	0.000000	0.000000	0.000000	0.000000	0.000000	0.000000
-0.930820	0.868848	-0.000000	0.863127	0.000000	0.000000	0.000000	0.000000	0.000000	0.000000
-0.930821	0.866748	0.000000	0.862614	0.000000	0.000000	0.000000	0.000000	0.000000	0.000000
-0.930821	0.867250	-0.000000	0.862000	0.000000	0.000000	0.000000	0.000000	0.000000	0.000000
-0.930821	0.867300	-0.000000	0.862935	0.000000	0.000000	0.000000	0.000000	0.000000	0.000000
-0.930821	0.867937	0.000000	0.862930	0.000000	0.000000	0.000000	0.000000	0.000000	0.000000
-0.930821	0.868699	-0.000000	0.863370	0.000000	0.000000	0.000000	0.000000	0.000000	0.000000
-0.930821	0.866960	0.000000	0.862274	0.000000	0.000000	0.000000	0.000000	0.000000	0.000000
-0.930821	0.866643	0.000000	0.863209	0.000000	0.000000	0.000000	0.000000	0.000000	0.000000
-0.930820	0.866314	0.000000	0.863506	0.000000	0.000000	0.000000	0.000000	0.000000	0.000000
-0.930821	0.866496	0.000000	0.862645	0.000000	0.000000	0.000000	0.000000	0.000000	0.000000
-0.930821	0.868101	0.000000	0.862348	0.000000	0.000000	0.000000	0.000000	0.000000	0.000000
-0.930821	0.868492	0.000000	0.862708	0.000000	0.000000	0.000000	0.000000	0.000000	0.000000
-0.930821	0.866783	0.000000	0.863072	0.000000	0.000000	0.000000	0.000000	0.000000	0.000000
-0.930821	0.866089	-0.000000	0.862856	0.000000	0.000000	0.000000	0.000000	0.000000	0.000000
-0.930821	0.866811	0.000000	0.862425	0.000000	0.000000	0.000000	0.000000	0.000000	0.000000
-0.930821	0.867161	0.000000	0.862897	0.000000	0.000000	0.000000	0.000000	0.000000	0.000000
-0.930821	0.865449	-0.000000	0.862033	0.000000	0.000000	0.000000	0.000000	0.000000	0.000000
-0.930821	0.867254	-0.000000	0.862543	0.000000	0.000000	0.000000	0.000000	0.000000	0.000000
-0.930821	0.868301	-0.000000	0.862864	0.000000	0.000000	0.000000	0.000000	0.000000	0.000000
-0.930821	0.868010	0.000000	0.863087	0.000000	0.000000	0.000000	0.000000	0.000000	0.000000
-0.930821	0.867644	-0.000000	0.862409	0.000000	0.000000	0.000000	0.000000	0.000000	0.000000
-0.930820	0.866606	0.000000	0.863507	0.000000	0.000000	0.000000	0.000000	0.000000	0.000000
-0.930821	0.867927	0.000000	0.862777	0.000000	0.000000	0.000000	0.000000	0.000000	0.000000
-0.930821	0.867047	0.000000	0.863026	0.000000	0.000000	0.000000	0.000000	0.000000	0.000000
-0.930821	0.868126	-0.000000	0.862261	0.000000	0.000000	0.000000	0.000000	0.000000	0.000000
-0.930820	0.867542	0.000000	0.862344	0.000000	0.000000	0.000000	0.000000	0.000000	0.000000
-0.930821	0.867178	0.000000	0.863210	0.000000	0.000000	0.000000	0.000000	0.000000	0.000000
-0.930821	0.867064	-0.000000	0.861564	0.000000	0.000000	0.000000	0.000000	0.000000	0.000000
-0.930820	0.866991	0.000000	0.863041	0.000000	0.000000	0.000000	0.000000	0.000000	0.000000
-0.930820	0.866375	-0.000000	0.862678	0.000000	0.000000	0.000000	0.000000	0.000000	0.000000
-0.930821	0.868732	-0.000000	0.862570	0.000000	0.000000	0.000000	0.000000	0.000000	0.000000
-0.930821	0.867352	-0.000000	0.862609	0.000000	0.000000	0.000000	0.000000	0.000000	0.000000
-0.930821	0.868717	-0.000000	0.863151	0.000000	0.000000	0.000000	0.000000	0.000000	0.000000
-0.930820	0.868218	-0.000000	0.861560	0.000000	0.000000	0.000000	0.000000	0.000000	0.000000
-0.930821	0.868602	0.000000	0.862854	0.000000	0.000000	0.000000	0.000000	0.000000	0.000000
-0.930821	0.868389	-0.000000	0.862534	0.000000	0.000000	0.000000	0.000000	0.000000	0.000000
-0.930821	0.867809	0.000000	0.862576	0.000000	0.000000	0.000000	0.000000	0.000000	0.000000
-0.930821	0.867546	0.000000	0.862355	0.000000	0.000000	0.000000	0.000000	0.000000	0.000000
-0.930820	0.867147	0.000000	0.862918	0.000000	0.000000	0.000000	0.000000	0.000000	0.000000
-0.930821	0.867720	-0.000000	0.862500	0.000000	0.000000	0.000000	0.000000	0.000000	0.000000
-0.930820	0.866934	0.000000	0.862402	0.000000	0.000000	0.000000	0.000000	0.000000	0.000000
-0.930821	0.868610	-0.000000	0.862641	0.000000	0.000000	0.000000	0.000000	0.000000	0.000000
-0.930821	0.867480	-0.000000	0.862455	0.000000	0.000000	0.000000	0.000000	0.000000	0.000000
-0.930821	0.867266	0.000000	0.862443	0.000000	0.000000	0.000000	0.000000	0.000000	0.000000
-0.930820	0.868550	0.000000	0.863174	0.000000	0.000000	0.000000	0.000000	0.000000	0.000000
-0.930821	0.867828	-0.000000	0.862596	0.000000	0.000000	0.000000	0.000000	0.000000	0.000000
-0.930821	0.867619	0.000000	0.862332	0.000000	0.000000	0.000000	0.000000	0.000000	0.000000
-0.930820	0.866988	-0.000000	0.863057	0.000000	0.000000	0.000000	0.000000	0.000000	0.000000
-0.930820	0.866332	0.000000	0.862395	0.000000	0.000000	0.000000	0.000000	0.000000	0.000000
-0.930821	0.867285	0.000000	0.863087	0.000000	0.000000	0.000000	0.000000	0.000000	0.000000
-0.930820	0.867250	0.000000	0.862757	0.000000	0.000000	0.000000	0.000000	0.000000	0.000000
-0.930820	0.866492	-0.000000	0.862890	0.000000	0.000000	0.000000	0.000000	0.000000	0.000000
-0.930820	0.867952	0.000000	0.862077	0.000000	0.000000	0.000000	0.000000	0.000000	0.000000
-0.930821	0.865596	-0.000000	0.861138	0.000000	0.000000	0.000000	0.000000	0.000000	0.000000
-0.930821	0.868889	0.000000	0.862462	0.000000	0.000000	0.000000	0.000000	0.000000	0.000000
-0.930821	0.867649	-0.000000	0.862697	0.000000	0.000000	0.000000	0.000000	0.000000	0.000000
-0.930821	0.866333	0.000000	0.862548	0.000000	0.000000	0.000000	0.000000	0.000000	0.000000
-0.930820	0.867237	0.000000	0.863132	0.000000	0.000000	0.000000	0.000000	0.000000	0.000000
-0.930821	0.867496	-0.000000	0.861503	0.000000	0.000000	0.000000	0.000000	0.000000	0.000000
-0.930820	0.866181	0.000000	0.862490	0.000000	0.000000	0.000000	0.000000	0.000000	0.000000
-0.930821	0.866375	0.000000	0.862429	0.000000	0.000000	0.000000	0.000000	0.000000	0.000000
-0.930820	0.867077	0.000000	0.862597	0.000000	0.000000	0.000000	0.000000	0.000000	0.000000
-0.930820	0.868808	-0.000000	0.863161	0.000000	0.000000	0.000000	0.000000	0.000000	0.000000
-0.930821	0.867401	0.000000	0.862363	0.000000	0.000000	0.000000	0.000000	0.000000	0.000000
-0.930821	0.868123	0.000000	0.863137	0.000000	0.000000	0.000000	0.000000	0.000000	0.000000
-0.930821	0.867033	-0.000000	0.862785	0.000000	0.000000	0.000000	0.000000	0.000000	0.000000
-0.930821	0.866839	0.000000	0.863157	0.000000	0.000000	0.000000	0.000000	0.000000	0.000000
-0.930821	0.868398	0.000000	0.862493	0.000000	0.000000	0.000000	0.000000	0.000000	0.000000
-0.930821	0.866940	0.000000	0.862424	0.000000	0.000000	0.000000	0.000000	0.000000	0.000000
-0.930820	0.867783	0.000000	0.862562	0.000000	0.000000	0.000000	0.000000	0.000000	0.000000
-0.930820	0.867716	0.000000	0.862549	0.000000	0.000000	0.000000	0.000000	0.000000	0.000000
-0.930821	0.867392	0.000000	0.862667	0.000000	0.000000	0.000000	0.000000	0.000000	0.000000
-0.930821	0.866191	-0.000000	0.861841	0.000000	0.000000	0.000000	0.000000	0.000000	0.000000
-0.930821	0.867095	0.000000	0.863079	0.000000	0.000000	0.000000	0.000000	0.000000	0.000000
-0.930820	0.868455	0.000000	0.863008	0.000000	0.000000	0.000000	0.000000	0.000000	0.000000
-0.930820	0.868879	0.000000	0.863451	0.000000	0.000000	0.000000	0.000000	0.000000	0.000000
-0.930820	0.869179	-0.000000	0.863449	0.000000	0.000000	0.000000	0.000000	0.000000	0.000000
-0.930821	0.867457	-0.000000	0.862701	0.000000	0.000000	0.000000	0.000000	0.000000	0.000000
-0.930820	0.866450	-0.000000	0.862969	0.000000	0.000000	0.000000	0.000000	0.000000	0.000000
-0.930820	0.867871	0.000000	0.862149	0.000000	0.000000	0.000000	0.000000	0.000000	0.000000
-0.930820	0.867229	0.000000	0.862480	0.000000	0.000000	0.000000	0.000000	0.000000	0.000000
-0.930820	0.867190	-0.000000	0.861789	0.000000	0.000000	0.000000	0.000000	0.000000	0.000000
-0.930821	0.867221	-0.000000	0.863028	0.000000	0.000000	0.000000	0.000000	0.000000	0.000000
-0.930820	0.866417	-0.000000	0.863239	0.000000	0.000000	0.000000	0.000000	0.000000	0.000000
-0.930821	0.867542	0.000000	0.862679	0.000000	0.000000	0.000000	0.000000	0.000000	0.000000
-0.930820	0.867067	0.000000	0.862785	0.000000	0.000000	0.000000	0.000000	0.000000	0.000000
-0.930821	0.869047	0.000000	0.862941	0.000000	0.000000	0.000000	0.000000	0.000000	0.000000
-0.930820	0.868337	0.000000	0.862170	0.000000	0.000000	0.000000	0.000000	0.000000	0.000000
-0.930820	0.867841	-0.000000	0.863111	0.000000	0.000000	0.000000	0.000000	0.000000	0.000000
-0.930820	0.867329	0.000000	0.862410	0.000000	0.000000	0.000000	0.000000	0.000000	0.000000
-0.930821	0.866056	0.000000	0.862830	0.000000	0.000000	0.000000	0.000000	0.000000	0.000000
-0.930821	0.867136	0.000000	0.862755	0.000000	0.000000	0.000000	0.000000	0.000000	0.000000
-0.930821	0.867399	0.000000	0.857826	0.000000	0.000000	0.000000	0.000000	0.000000	0.000000
-0.930821	0.866695	0.000000	0.863068	0.000000	0.000000	0.000000	0.000000	0.000000	0.000000
-0.930821	0.866526	0.000000	0.862024	0.000000	0.000000	0.000000	0.000000	0.000000	0.000000
-0.930821	0.867816	-0.000000	0.862668	0.000000	0.000000	0.000000	0.000000	0.000000	0.000000
-0.930821	0.867163	-0.000000	0.862710	0.000000	0.000000	0.000000	0.000000	0.000000	0.000000
-0.930820	0.869071	-0.000000	0.860494	0.000000	0.000000	0.000000	0.000000	0.000000	0.000000
-0.930820	0.866484	-0.000000	0.862418	0.000000	0.000000	0.000000	0.000000	0.000000	0.000000
-0.930821	0.867940	-0.000000	0.862685	0.000000	0.000000	0.000000	0.000000	0.000000	0.000000
-0.930821	0.866625	0.000000	0.862640	0.000000	0.000000	0.000000	0.000000	0.000000	0.000000
-0.930821	0.866625	-0.000000	0.861765	0.000000	0.000000	0.000000	0.000000	0.000000	0.000000
-0.930820	0.866666	0.000000	0.862567	0.000000	0.000000	0.000000	0.000000	0.000000	0.000000
-0.930820	0.867428	0.000000	0.862400	0.000000	0.000000	0.000000	0.000000	0.000000	0.000000
-0.930820	0.866528	-0.000000	0.862316	0.000000	0.000000	0.000000	0.000000	0.000000	0.000000
-0.930820	0.867354	-0.000000	0.862877	0.000000	0.000000	0.000000	0.000000	0.000000	0.000000
-0.930820	0.866822	0.000000	0.862744	0.000000	0.000000	0.000000	0.000000	0.000000	0.000000
-0.930821	0.868686	-0.000000	0.863171	0.000000	0.000000	0.000000	0.000000	0.000000	0.000000
-0.930820	0.867380	-0.000000	0.862661	0.000000	0.000000	0.000000	0.000000	0.000000	0.000000
-0.930821	0.866487	0.000000	0.862856	0.000000	0.000000	0.000000	0.000000	0.000000	0.000000
-0.930821	0.867957	-0.000000	0.862451	0.000000	0.000000	0.000000	0.000000	0.000000	0.000000
-0.930821	0.867767	-0.000000	0.862866	0.000000	0.000000	0.000000	0.000000	0.000000	0.000000
-0.930821	0.867953	0.000000	0.862101	0.000000	0.000000	0.000000	0.000000	0.000000	0.000000
-0.930821	0.867333	0.000000	0.863031	0.000000	0.000000	0.000000	0.000000	0.000000	0.000000
-0.930820	0.867218	0.000008	0.862584	0.000000	0.000000	0.000000	0.000000	0.000000	0.000000
-0.930820	0.868271	-0.000000	0.862715	0.000000	0.000000	0.000000	0.000000	0.000000	0.000000
-0.930821	0.867597	0.000000	0.862471	0.000000	0.000000	0.000000	0.000000	0.000000	0.000000
-0.930821	0.868042	0.000000	0.862570	0.000000	0.000000	0.000000	0.000000	0.000000	0.000000
-0.930820	0.867287	-0.000000	0.862858	0.000000	0.000000	0.000000	0.000000	0.000000	0.000000
-0.930821	0.868197	-0.000000	0.863024	0.000000	0.000000	0.000000	0.000000	0.000000	0.000000
-0.930821	0.866290	0.000000	0.862823	0.000000	0.000000	0.000000	0.000000	0.000000	0.000000
-0.930820	0.867285	-0.000000	0.862774	0.000000	0.000000	0.000000	0.000000	0.000000	0.000000
-0.930820	0.866917	-0.000000	0.862557	0.000000	0.000000	0.000000	0.000000	0.000000	0.000000
-0.930821	0.867559	-0.000000	0.863280	0.000000	0.000000	0.000000	0.000000	0.000000	0.000000
-0.930821	0.868729	-0.000000	0.861991	0.000000	0.000000	0.000000	0.000000	0.000000	0.000000
-0.930820	0.867200	-0.000000	0.863064	0.000000	0.000000	0.000000	0.000000	0.000000	0.000000
-0.930820	0.866611	-0.000001	0.862656	0.000000	0.000000	0.000000	0.000000	0.000000	0.000000
-0.930821	0.867213	-0.000000	0.861816	0.000000	0.000000	0.000000	0.000000	0.000000	0.000000
-0.930821	0.865683	-0.000000	0.861992	0.000000	0.000000	0.000000	0.000000	0.000000	0.000000
-0.930820	0.867240	-0.000000	0.863078	0.000000	0.000000	0.000000	0.000000	0.000000	0.000000
-0.930820	0.867589	0.000000	0.862340	0.000000	0.000000	0.000000	0.000000	0.000000	0.000000
-0.930821	0.868390	0.000000	0.863210	0.000000	0.000000	0.000000	0.000000	0.000000	0.000000
-0.930821	0.866603	-0.000000	0.862800	0.000000	0.000000	0.000000	0.000000	0.000000	0.000000
-0.930821	0.867149	0.000000	0.863435	0.000000	0.000000	0.000000	0.000000	0.000000	0.000000
-0.930821	0.868284	0.000000	0.862165	0.000000	0.000000	0.000000	0.000000	0.000000	0.000000
-0.930820	0.866605	-0.000000	0.862508	0.000000	0.000000	0.000000	0.000000	0.000000	0.000000
-0.930820	0.867786	0.000000	0.862674	0.000000	0.000000	0.000000	0.000000	0.000000	0.000000
-0.930821	0.868788	0.000000	0.862288	0.000000	0.000000	0.000000	0.000000	0.000000	0.000000
-0.930820	0.866591	0.000000	0.862402	0.000000	0.000000	0.000000	0.000000	0.000000	0.000000
-0.930820	0.868171	0.000000	0.862452	0.000000	0.000000	0.000000	0.000000	0.000000	0.000000
-0.930821	0.866466	0.000000	0.862381	0.000000	0.000000	0.000000	0.000000	0.000000	0.000000
-0.930821	0.866832	0.000000	0.862201	0.000000	0.000000	0.000000	0.000000	0.000000	0.000000
-0.930821	0.867781	-0.000000	0.862307	0.000000	0.000000	0.000000	0.000000	0.000000	0.000000
-0.930820	0.866936	-0.000000	0.863061	0.000000	0.000000	0.000000	0.000000	0.000000	0.000000
-0.930820	0.868509	-0.000000	0.862883	0.000000	0.000000	0.000000	0.000000	0.000000	0.000000
-0.930821	0.868112	0.000000	0.863353	0.000000	0.000000	0.000000	0.000000	0.000000	0.000000
-0.930820	0.867849	-0.000000	0.863136	0.000000	0.000000	0.000000	0.000000	0.000000	0.000000
-0.930821	0.867321	0.000000	0.862838	0.000000	0.000000	0.000000	0.000000	0.000000	0.000000
-0.930821	0.867400	0.000000	0.862235	0.000000	0.000000	0.000000	0.000000	0.000000	0.000000
-0.930820	0.868295	0.000000	0.862935	0.000000	0.000000	0.000000	0.000000	0.000000	0.000000
-0.930820	0.868295	0.000000	0.863067	0.000000	0.000000	0.000000	0.000000	0.000000	0.000000
-0.930820	0.868344	0.000000	0.862864	0.000000	0.000000	0.000000	0.000000	0.000000	0.000000
-0.930821	0.866210	0.000000	0.861988	0.000000	0.000000	0.000000	0.000000	0.000000	0.000000
-0.930821	0.868187	0.000000	0.862351	0.000000	0.000000	0.000000	0.000000	0.000000	0.000000
-0.930821	0.866575	-0.000000	0.862242	0.000000	0.000000	0.000000	0.000000	0.000000	0.000000
-0.930821	0.867551	0.000000	0.863217	0.000000	0.000000	0.000000	0.000000	0.000000	0.000000
-0.930820	0.868273	0.000000	0.862566	0.000000	0.000000	0.000000	0.000000	0.000000	0.000000
-0.930821	0.866780	0.000000	0.862593	0.000000	0.000000	0.000000	0.000000	0.000000	0.000000
-0.930821	0.867341	-0.000000	0.862853	0.000000	0.000000	0.000000	0.000000	0.000000	0.000000
-0.930820	0.867714	-0.000000	0.862586	0.000000	0.000000	0.000000	0.000000	0.000000	0.000000
-0.930821	0.866647	-0.000000	0.862914	0.000000	0.000000	0.000000	0.000000	0.000000	0.000000
-0.930820	0.860751	-0.000000	-0.000006	0.000000	0.000000	0.000000	0.000000	0.000000	0.000000
-0.930821	0.867114	0.000000	-0.778011	0.000000	0.000000	0.000000	0.000000	0.000000	0.000000
-0.930820	0.867606	-0.000000	-0.777243	0.000000	0.000000	0.000000	0.000000	0.000000	0.000000
-0.930820	0.866846	0.000000	-0.777923	0.000000	0.000000	0.000000	0.000000	0.000000	0.000000
-0.930820	0.866892	0.000000	-0.778080	0.000000	0.000000	0.000000	0.000000	0.000000	0.000000
-0.930821	0.867205	0.000000	-0.777661	0.000000	0.000000	0.000000	0.000000	0.000000	0.000000
-0.930821	0.867480	-0.000000	-0.778087	0.000000	0.000000	0.000000	0.000000	0.000000	0.000000
-0.930821	0.867462	-0.000000	-0.777896	0.000000	0.000000	0.000000	0.000000	0.000000	0.000000
-0.930821	0.867644	0.000000	-0.777930	0.000000	0.000000	0.000000	0.000000	0.000000	0.000000
-0.930820	0.868052	0.000000	-0.778024	0.000000	0.000000	0.000000	0.000000	0.000000	0.000000
-0.930821	0.867706	0.000000	-0.778071	0.000000	0.000000	0.000000	0.000000	0.000000	0.000000
-0.930821	0.867315	-0.000000	-0.777947	0.000000	0.000000	0.000000	0.000000	0.000000	0.000000
-0.930821	0.869044	0.000000	-0.777554	0.000000	0.000000	0.000000	0.000000	0.000000	0.000000
-0.930821	0.867712	0.000000	-0.778024	0.000000	0.000000	0.000000	0.000000	0.000000	0.000000
-0.930820	0.867855	0.000000	-0.778060	0.000000	0.000000	0.000000	0.000000	0.000000	0.000000
-0.930821	0.866699	0.000000	-0.777902	0.000000	0.000000	0.000000	0.000000	0.000000	0.000000
-0.930820	0.868580	0.000000	-0.777858	0.000000	0.000000	0.000000	0.000000	0.000000	0.000000
-0.930821	0.867226	0.000000	-0.777984	0.000000	0.000000	0.000000	0.000000	0.000000	0.000000
-0.930821	0.869483	-0.000000	-0.777983	0.000000	0.000000	0.000000	0.000000	0.000000	0.000000
-0.930820	0.866134	-0.000000	-0.777862	0.000000	0.000000	0.000000	0.000000	0.000000	0.000000
-0.930821	0.867036	-0.000000	-0.777935	0.000000	0.000000	0.000000	0.000000	0.000000	0.000000
-0.930821	0.869765	0.000000	-0.772586	0.000000	0.000000	0.000000	0.000000	0.000000	0.000000
-0.930820	0.867736	0.000000	-0.778124	0.000000	0.000000	0.000000	0.000000	0.000000	0.000000
-0.930820	0.867267	0.000000	-0.777869	0.000000	0.000000	0.000000	0.000000	0.000000	0.000000
-0.930821	0.866589	-0.000000	-0.777748	0.000000	0.000000	0.000000	0.000000	0.000000	0.000000
-0.930821	0.868480	0.000000	-0.777913	0.000000	0.000000	0.000000	0.000000	0.000000	0.000000
-0.930821	0.867984	0.000000	-0.778014	0.000000	0.000000	0.000000	0.000000	0.000000	0.000000
-0.930821	0.867263	-0.000000	-0.742940	0.000000	0.000000	0.000000	0.000000	0.000000	0.000000
-0.930820	0.868106	-0.000000	-0.777967	0.000000	0.000000	0.000000	0.000000	0.000000	0.000000
-0.930821	0.867120	-0.000000	-0.777846	0.000000	0.000000	0.000000	0.000000	0.000000	0.000000
-0.930821	0.865744	0.000000	-0.770923	0.000000	0.000000	0.000000	0.000000	0.000000	0.000000
-0.930821	0.867562	0.000000	-0.778017	0.000000	0.000000	0.000000	0.000000	0.000000	0.000000
-0.930821	0.868117	0.000000	-0.777587	0.000000	0.000000	0.000000	0.000000	0.000000	0.000000
-0.930820	0.867957	0.000000	-0.777725	0.000000	0.000000	0.000000	0.000000	0.000000	0.000000
-0.930821	0.868308	0.000000	-0.778061	0.000000	0.000000	0.000000	0.000000	0.000000	0.000000
-0.930820	0.867516	-0.000000	-0.777738	0.000000	0.000000	0.000000	0.000000	0.000000	0.000000
-0.930820	0.868300	0.000000	-0.777957	0.000000	0.000000	0.000000	0.000000	0.000000	0.000000
-0.930821	0.867262	-0.000000	-0.777865	0.000000	0.000000	0.000000	0.000000	0.000000	0.000000
-0.930821	0.867893	0.000000	-0.777758	0.000000	0.000000	0.000000	0.000000	0.000000	0.000000
-0.930821	0.867099	-0.000000	-0.778027	0.000000	0.000000	0.000000	0.000000	0.000000	0.000000
-0.930821	0.866660	-0.000000	-0.777998	0.000000	0.000000	0.000000	0.000000	0.000000	0.000000
-0.930821	0.867893	-0.000000	-0.778022	0.000000	0.000000	0.000000	0.000000	0.000000	0.000000
-0.930820	0.869063	0.000000	-0.777885	0.000000	0.000000	0.000000	0.000000	0.000000	0.000000
-0.930820	0.867571	0.000000	-0.777952	0.000000	0.000000	0.000000	0.000000	0.000000	0.000000
-0.930820	0.867504	0.000000	-0.777855	0.000000	0.000000	0.000000	0.000000	0.000000	0.000000
-0.930820	0.868419	-0.000000	-0.777968	0.000000	0.000000	0.000000	0.000000	0.000000	0.000000
-0.930821	0.868025	-0.000000	-0.777894	0.000000	0.000000	0.000000	0.000000	0.000000	0.000000
-0.930821	0.866911	0.000000	-0.774837	0.000000	0.000000	0.000000	0.000000	0.000000	0.000000
-0.930821	0.866952	-0.000000	-0.777954	0.000000	0.000000	0.000000	0.000000	0.000000	0.000000
-0.930821	0.868103	-0.000000	-0.776847	0.000000	0.000000	0.000000	0.000000	0.000000	0.000000
-0.930821	0.866331	-0.000000	-0.777829	0.000000	0.000000	0.000000	0.000000	0.000000	0.000000
-0.930821	0.867866	0.000000	-0.777884	0.000000	0.000000	0.000000	0.000000	0.000000	0.000000
-0.930820	0.868066	0.000000	-0.777915	0.000000	0.000000	0.000000	0.000000	0.000000	0.000000
-0.930820	0.868711	0.000000	-0.777927	0.000000	0.000000	0.000000	0.000000	0.000000	0.000000
-0.930821	0.866839	-0.000000	-0.778075	0.000000	0.000000	0.000000	0.000000	0.000000	0.000000
-0.930821	0.868166	0.000000	-0.777961	0.000000	0.000000	0.000000	0.000000	0.000000	0.000000
-0.930821	0.866749	0.000000	-0.778006	0.000000	0.000000	0.000000	0.000000	0.000000	0.000000
-0.930820	0.867927	0.000000	-0.777990	0.000000	0.000000	0.000000	0.000000	0.000000	0.000000
-0.930820	0.867561	-0.000000	-0.777884	0.000000	0.000000	0.000000	0.000000	0.000000	0.000000
-0.930820	0.867565	-0.000000	-0.777982	0.000000	0.000000	0.000000	0.000000	0.000000	0.000000
-0.930821	0.865447	-0.000000	-0.777835	0.000000	0.000000	0.000000	0.000000	0.000000	0.000000
-0.930821	0.866574	-0.000000	-0.778036	0.000000	0.000000	0.000000	0.000000	0.000000	0.000000
-0.930821	0.867806	-0.000000	-0.777985	0.000000	0.000000	0.000000	0.000000	0.000000	0.000000
-0.930821	0.866513	-0.000000	-0.777822	0.000000	0.000000	0.000000	0.000000	0.000000	0.000000
-0.930821	0.867513	0.000000	-0.777947	0.000000	0.000000	0.000000	0.000000	0.000000	0.000000
-0.930821	0.867261	-0.000000	-0.778141	0.000000	0.000000	0.000000	0.000000	0.000000	0.000000
-0.930821	0.867448	-0.000000	-0.776142	0.000000	0.000000	0.000000	0.000000	0.000000	0.000000
-0.930820	0.867641	0.000000	-0.777980	0.000000	0.000000	0.000000	0.000000	0.000000	0.000000
-0.930821	0.867659	-0.000000	-0.777957	0.000000	0.000000	0.000000	0.000000	0.000000	0.000000
-0.930821	0.866842	-0.000000	-0.778012	0.000000	0.000000	0.000000	0.000000	0.000000	0.000000
-0.930821	0.866336	-0.000000	-0.777670	0.000000	0.000000	0.000000	0.000000	0.000000	0.000000
-0.930821	0.867722	0.000000	-0.777843	0.000000	0.000000	0.000000	0.000000	0.000000	0.000000
-0.930821	0.867746	0.000000	-0.777906	0.000000	0.000000	0.000000	0.000000	0.000000	0.000000
-0.930821	0.868000	-0.000000	-0.777903	0.000000	0.000000	0.000000	0.000000	0.000000	0.000000
-0.930821	0.867435	0.000000	-0.777926	0.000000	0.000000	0.000000	0.000000	0.000000	0.000000
-0.930820	0.866381	0.000000	-0.778192	0.000000	0.000000	0.000000	0.000000	0.000000	0.000000
-0.930821	0.867091	-0.000000	-0.778038	0.000000	0.000000	0.000000	0.000000	0.000000	0.000000
-0.930821	0.867185	-0.000000	-0.778001	0.000000	0.000000	0.000000	0.000000	0.000000	0.000000
-0.930821	0.866697	0.000000	-0.777988	0.000000	0.000000	0.000000	0.000000	0.000000	0.000000
-0.930820	0.867503	-0.000000	-0.777982	0.000000	0.000000	0.000000	0.000000	0.000000	0.000000
-0.930820	0.866514	0.000000	-0.777790	0.000000	0.000000	0.000000	0.000000	0.000000	0.000000
-0.930821	0.867412	-0.000000	-0.778044	0.000000	0.000000	0.000000	0.000000	0.000000	0.000000
-0.930821	0.867614	-0.000000	-0.777857	0.000000	0.000000	0.000000	0.000000	0.000000	0.000000
-0.930821	0.868127	0.000000	-0.777000	0.000000	0.000000	0.000000	0.000000	0.000000	0.000000
-0.930820	0.868004	-0.000000	-0.778018	0.000000	0.000000	0.000000	0.000000	0.000000	0.000000
-0.930821	0.866127	-0.000000	-0.777962	0.000000	0.000000	0.000000	0.000000	0.000000	0.000000
-0.930820	0.867453	-0.000000	-0.777911	0.000000	0.000000	0.000000	0.000000	0.000000	0.000000
-0.930821	0.866482	-0.000000	-0.777852	0.000000	0.000000	0.000000	0.000000	0.000000	0.000000
-0.930820	0.866915	0.000000	-0.778131	0.000000	0.000000	0.000000	0.000000	0.000000	0.000000
-0.930820	0.869995	0.000000	-0.777899	0.000000	0.000000	0.000000	0.000000	0.000000	0.000000
-0.930821	0.866544	-0.000000	-0.777913	0.000000	0.000000	0.000000	0.000000	0.000000	0.000000
-0.930821	0.866460	-0.000000	-0.778039	0.000000	0.000000	0.000000	0.000000	0.000000	0.000000
-0.930821	0.866837	-0.000000	-0.777915	0.000000	0.000000	0.000000	0.000000	0.000000	0.000000
-0.930821	0.866256	-0.000000	-0.777882	0.000000	0.000000	0.000000	0.000000	0.000000	0.000000
-0.930820	0.867032	-0.000000	-0.777876	0.000000	0.000000	0.000000	0.000000	0.000000	0.000000
-0.930821	0.866246	-0.000000	-0.777965	0.000000	0.000000	0.000000	0.000000	0.000000	0.000000
-0.930820	0.867873	-0.000000	-0.777561	0.000000	0.000000	0.000000	0.000000	0.000000	0.000000
-0.930821	0.865902	-0.000000	-0.777806	0.000000	0.000000	0.000000	0.000000	0.000000	0.000000
-0.930821	0.865446	0.000000	-0.777886	0.000000	0.000000	0.000000	0.000000	0.000000	0.000000
-0.930820	0.866276	-0.000000	-0.777290	0.000000	0.000000	0.000000	0.000000	0.000000	0.000000
-0.930820	0.867163	-0.000000	-0.635367	0.000000	0.000000	0.000000	0.000000	0.000000	0.000000
-0.930820	0.868299	-0.000000	-0.777745	0.000000	0.000000	0.000000	0.000000	0.000000	0.000000
-0.930821	0.866477	-0.000000	-0.778059	0.000000	0.000000	0.000000	0.000000	0.000000	0.000000
-0.930821	0.869160	0.000000	-0.777766	0.000000	0.000000	0.000000	0.000000	0.000000	0.000000
-0.930821	0.868834	0.000000	-0.776344	0.000000	0.000000	0.000000	0.000000	0.000000	0.000000
-0.930821	0.866409	0.000000	-0.777810	0.000000	0.000000	0.000000	0.000000	0.000000	0.000000
-0.930821	0.865816	0.000000	-0.778097	0.000000	0.000000	0.000000	0.000000	0.000000	0.000000
-0.930821	0.866858	0.000000	-0.777951	0.000000	0.000000	0.000000	0.000000	0.000000	0.000000
-0.930820	0.868040	-0.000000	-0.777925	0.000000	0.000000	0.000000	0.000000	0.000000	0.000000
-0.930821	0.867771	-0.000000	-0.777850	0.000000	0.000000	0.000000	0.000000	0.000000	0.000000
-0.930821	0.867568	0.000000	-0.777953	0.000000	0.000000	0.000000	0.000000	0.000000	0.000000
-0.930821	0.867733	0.000000	-0.777274	0.000000	0.000000	0.000000	0.000000	0.000000	0.000000
-0.930820	0.867359	-0.000000	-0.777842	0.000000	0.000000	0.000000	0.000000	0.000000	0.000000
-0.930820	0.868024	-0.000000	-0.777891	0.000000	0.000000	0.000000	0.000000	0.000000	0.000000
-0.930820	0.867665	-0.000000	-0.777857	0.000000	0.000000	0.000000	0.000000	0.000000	0.000000
-0.930820	0.869871	0.000000	-0.777766	0.000000	0.000000	0.000000	0.000000	0.000000	0.000000
-0.930821	0.868253	-0.000000	-0.777964	0.000000	0.000000	0.000000	0.000000	0.000000	0.000000
-0.930821	0.866483	0.000000	-0.777797	0.000000	0.000000	0.000000	0.000000	0.000000	0.000000
-0.930820	0.869010	-0.000000	-0.777852	0.000000	0.000000	0.000000	0.000000	0.000000	0.000000
-0.930821	0.869046	0.000000	-0.777951	0.000000	0.000000	0.000000	0.000000	0.000000	0.000000
-0.930820	0.867718	0.000000	-0.777867	0.000000	0.000000	0.000000	0.000000	0.000000	0.000000
-0.930821	0.868064	0.000000	-0.777805	0.000000	0.000000	0.000000	0.000000	0.000000	0.000000
-0.930821	0.867156	0.000000	-0.777976	0.000000	0.000000	0.000000	0.000000	0.000000	0.000000
-0.930821	0.868100	0.000000	-0.778013	0.000000	0.000000	0.000000	0.000000	0.000000	0.000000
-0.930821	0.866986	-0.000000	-0.778022	0.000000	0.000000	0.000000	0.000000	0.000000	0.000000
-0.930820	0.867249	-0.000000	-0.777977	0.000000	0.000000	0.000000	0.000000	0.000000	0.000000
-0.930820	0.868363	0.000000	-0.777906	0.000000	0.000000	0.000000	0.000000	0.000000	0.000000
-0.930821	0.868460	0.000000	-0.777841	0.000000	0.000000	0.000000	0.000000	0.000000	0.000000
-0.930821	0.867562	-0.000000	-0.777924	0.000000	0.000000	0.000000	0.000000	0.000000	0.000000
-0.930820	0.866634	0.000000	-0.777963	0.000000	0.000000	0.000000	0.000000	0.000000	0.000000
-0.930821	0.866595	0.000000	-0.777850	0.000000	0.000000	0.000000	0.000000	0.000000	0.000000
-0.930821	0.867745	0.000000	-0.778070	0.000000	0.000000	0.000000	0.000000	0.000000	0.000000
-0.930821	0.867778	0.000000	-0.777846	0.000000	0.000000	0.000000	0.000000	0.000000	0.000000
-0.930821	0.867657	-0.000000	-0.777967	0.000000	0.000000	0.000000	0.000000	0.000000	0.000000
-0.930821	0.866859	0.000000	-0.777811	0.000000	0.000000	0.000000	0.000000	0.000000	0.000000
-0.930821	0.868511	0.000000	-0.777848	0.000000	0.000000	0.000000	0.000000	0.000000	0.000000
-0.930821	0.867392	-0.000000	-0.778034	0.000000	0.000000	0.000000	0.000000	0.000000	0.000000
-0.930820	0.866664	-0.000000	-0.777900	0.000000	0.000000	0.000000	0.000000	0.000000	0.000000
-0.930820	0.868580	0.000000	-0.777972	0.000000	0.000000	0.000000	0.000000	0.000000	0.000000
-0.930821	0.868860	-0.000000	-0.777997	0.000000	0.000000	0.000000	0.000000	0.000000	0.000000
-0.930820	0.866794	-0.000000	-0.777800	0.000000	0.000000	0.000000	0.000000	0.000000	0.000000
-0.930821	0.865550	-0.000000	-0.777935	0.000000	0.000000	0.000000	0.000000	0.000000	0.000000
-0.930821	0.868161	0.000000	-0.778009	0.000000	0.000000	0.000000	0.000000	0.000000	0.000000
-0.930821	0.867015	-0.000000	-0.777940	0.000000	0.000000	0.000000	0.000000	0.000000	0.000000
-0.930821	0.866945	-0.000000	-0.777960	0.000000	0.000000	0.000000	0.000000	0.000000	0.000000
-0.930821	0.869097	-0.000000	-0.777912	0.000000	0.000000	0.000000	0.000000	0.000000	0.000000
-0.930821	0.866536	0.000000	-0.778002	0.000000	0.000000	0.000000	0.000000	0.000000	0.000000
-0.930821	0.868309	0.000000	-0.777977	0.000000	0.000000	0.000000	0.000000	0.000000	0.000000
-0.930820	0.867602	0.000000	-0.778024	0.000000	0.000000	0.000000	0.000000	0.000000	0.000000
-0.930820	0.867737	-0.000000	-0.777932	0.000000	0.000000	0.000000	0.000000	0.000000	0.000000
-0.930821	0.867153	-0.000000	-0.777762	0.000000	0.000000	0.000000	0.000000	0.000000	0.000000
-0.930820	0.866562	-0.000000	-0.777864	0.000000	0.000000	0.000000	0.000000	0.000000	0.000000
-0.930821	0.866775	0.000000	-0.777098	0.000000	0.000000	0.000000	0.000000	0.000000	0.000000
-0.930821	0.867520	-0.000000	-0.777944	0.000000	0.000000	0.000000	0.000000	0.000000	0.000000
-0.930820	0.867772	0.000000	-0.777911	0.000000	0.000000	0.000000	0.000000	0.000000	0.000000
-0.930821	0.869685	-0.000000	-0.777912	0.000000	0.000000	0.000000	0.000000	0.000000	0.000000
-0.930821	0.867693	0.000000	-0.777883	0.000000	0.000000	0.000000	0.000000	0.000000	0.000000
-0.930821	0.866971	-0.000000	-0.778003	0.000000	0.000000	0.000000	0.000000	0.000000	0.000000
-0.930821	0.866373	0.000000	-0.777206	0.000000	0.000000	0.000000	0.000000	0.000000	0.000000
-0.930821	0.866979	0.000000	-0.777888	0.000000	0.000000	0.000000	0.000000	0.000000	0.000000
-0.930821	0.866956	0.000000	-0.778004	0.000000	0.000000	0.000000	0.000000	0.000000	0.000000
-0.930821	0.868059	-0.000000	-0.777952	0.000000	0.000000	0.000000	0.000000	0.000000	0.000000
-0.930820	0.868538	0.000000	-0.777707	0.000000	0.000000	0.000000	0.000000	0.000000	0.000000
-0.930821	0.867420	0.000000	-0.777894	0.000000	0.000000	0.000000	0.000000	0.000000	0.000000
-0.930821	0.866727	-0.000000	-0.777812	0.000000	0.000000	0.000000	0.000000	0.000000	0.000000
-0.930821	0.866192	-0.000000	-0.778154	0.000000	0.000000	0.000000	0.000000	0.000000	0.000000
-0.930821	0.868452	0.000000	-0.778016	0.000000	0.000000	0.000000	0.000000	0.000000	0.000000
-0.930820	0.865812	-0.000000	-0.777894	0.000000	0.000000	0.000000	0.000000	0.000000	0.000000
-0.930821	0.866884	-0.000000	-0.777885	0.000000	0.000000	0.000000	0.000000	0.000000	0.000000
-0.930821	0.868196	0.000000	-0.778133	0.000000	0.000000	0.000000	0.000000	0.000000	0.000000
-0.930821	0.866939	0.000000	-0.777928	0.000000	0.000000	0.000000	0.000000	0.000000	0.000000
-0.930821	0.867468	0.000000	-0.777812	0.000000	0.000000	0.000000	0.000000	0.000000	0.000000
-0.930820	0.867577	-0.000000	-0.777626	0.000000	0.000000	0.000000	0.000000	0.000000	0.000000
-0.930820	0.866417	0.000000	-0.777720	0.000000	0.000000	0.000000	0.000000	0.000000	0.000000
-0.930821	0.868312	0.000000	-0.777951	0.000000	0.000000	0.000000	0.000000	0.000000	0.000000
-0.930820	0.868255	0.000000	-0.777811	0.000000	0.000000	0.000000	0.000000	0.000000	0.000000
-0.930821	0.867687	-0.000000	-0.777906	0.000000	0.000000	0.000000	0.000000	0.000000	0.000000
-0.930821	0.867549	0.000000	-0.777963	0.000000	0.000000	0.000000	0.000000	0.000000	0.000000
-0.930821	0.866900	-0.000000	-0.777923	0.000000	0.000000	0.000000	0.000000	0.000000	0.000000
-0.930820	0.866736	0.000000	-0.777878	0.000000	0.000000	0.000000	0.000000	0.000000	0.000000
-0.930821	0.867799	0.000000	-0.777970	0.000000	0.000000	0.000000	0.000000	0.000000	0.000000
-0.930820	0.866946	-0.000000	-0.777920	0.000000	0.000000	0.000000	0.000000	0.000000	0.000000
-0.930821	0.866855	-0.000000	-0.777934	0.000000	0.000000	0.000000	0.000000	0.000000	0.000000
-0.930821	0.868314	-0.000000	-0.777954	0.000000	0.000000	0.000000	0.000000	0.000000	0.000000
-0.930820	0.866470	0.000000	-0.777985	0.000000	0.000000	0.000000	0.000000	0.000000	0.000000
-0.930821	0.867596	-0.000000	-0.778039	0.000000	0.000000	0.000000	0.000000	0.000000	0.000000
-0.930820	0.867126	-0.000000	-0.778065	0.000000	0.000000	0.000000	0.000000	0.000000	0.000000
-0.930821	0.868243	0.000000	-0.777880	0.000000	0.000000	0.000000	0.000000	0.000000	0.000000
-0.930821	0.868652	-0.000000	-0.777974	0.000000	0.000000	0.000000	0.000000	0.000000	0.000000
-0.930820	0.868300	-0.000000	-0.777846	0.000000	0.000000	0.000000	0.000000	0.000000	0.000000
-0.930821	0.866836	-0.000000	-0.777954	0.000000	0.000000	0.000000	0.000000	0.000000	0.000000
-0.930820	0.868074	-0.000000	-0.777938	0.000000	0.000000	0.000000	0.000000	0.000000	0.000000
-0.930821	0.867649	0.000000	-0.777714	0.000000	0.000000	0.000000	0.000000	0.000000	0.000000
-0.930820	0.868019	-0.000000	-0.778004	0.000000	0.000000	0.000000	0.000000	0.000000	0.000000
-0.930821	0.865077	-0.000000	-0.778007	0.000000	0.000000	0.000000	0.000000	0.000000	0.000000
-0.930821	0.867792	-0.000000	-0.777863	0.000000	0.000000	0.000000	0.000000	0.000000	0.000000
-0.930821	0.866687	0.000000	-0.777928	0.000000	0.000000	0.000000	0.000000	0.000000	0.000000
-0.930821	0.867059	0.000000	-0.777965	0.000000	0.000000	0.000000	0.000000	0.000000	0.000000
-0.930821	0.867953	0.000000	-0.777988	0.000000	0.000000	0.000000	0.000000	0.000000	0.000000
-0.930820	0.869358	0.000000	-0.777887	0.000000	0.000000	0.000000	0.000000	0.000000	0.000000
-0.930820	0.869124	0.000000	-0.777860	0.000000	0.000000	0.000000	0.000000	0.000000	0.000000
-0.930820	0.866598	-0.000000	-0.777959	0.000000	0.000000	0.000000	0.000000	0.000000	0.000000
-0.930821	0.866246	0.000000	-0.778179	0.000000	0.000000	0.000000	0.000000	0.000000	0.000000
-0.930821	0.867766	0.000000	-0.777850	0.000000	0.000000	0.000000	0.000000	0.000000	0.000000
-0.930820	0.866945	-0.000000	-0.778018	0.000000	0.000000	0.000000	0.000000	0.000000	0.000000
-0.930820	0.867875	0.000000	-0.777878	0.000000	0.000000	0.000000	0.000000	0.000000	0.000000
-0.930821	0.866550	-0.000000	-0.778022	0.000000	0.000000	0.000000	0.000000	0.000000	0.000000
-0.930820	0.867709	0.000000	-0.778041	0.000000	0.000000	0.000000	0.000000	0.000000	0.000000
-0.930821	0.868455	0.000000	-0.777912	0.000000	0.000000	0.000000	0.000000	0.000000	0.000000
-0.930820	0.868733	0.000000	-0.777882	0.000000	0.000000	0.000000	0.000000	0.000000	0.000000
-0.930821	0.866715	-0.000000	-0.777884	0.000000	0.000000	0.000000	0.000000	0.000000	0.000000
-0.930820	0.867332	0.000000	-0.777908	0.000000	0.000000	0.000000	0.000000	0.000000	0.000000
-0.930820	0.867359	-0.000000	-0.777911	0.000000	0.000000	0.000000	0.000000	0.000000	0.000000
-0.930821	0.867443	0.000000	-0.778005	0.000000	0.000000	0.000000	0.000000	0.000000	0.000000
-0.930821	0.867540	0.000000	-0.777847	0.000000	0.000000	0.000000	0.000000	0.000000	0.000000
-0.930820	0.868741	0.000000	-0.777933	0.000000	0.000000	0.000000	0.000000	0.000000	0.000000
-0.930821	0.867680	0.000000	-0.777971	0.000000	0.000000	0.000000	0.000000	0.000000	0.000000
-0.930820	0.868018	0.000000	-0.777791	0.000000	0.000000	0.000000	0.000000	0.000000	0.000000
-0.930820	0.867323	0.000000	-0.777991	0.000000	0.000000	0.000000	0.000000	0.000000	0.000000
-0.930821	0.866730	0.000000	-0.778002	0.000000	0.000000	0.000000	0.000000	0.000000	0.000000
-0.930821	0.867173	0.000000	-0.777937	0.000000	0.000000	0.000000	0.000000	0.000000	0.000000
-0.930821	0.867610	-0.000000	-0.777915	0.000000	0.000000	0.000000	0.000000	0.000000	0.000000
-0.930821	0.866472	0.000000	-0.697958	0.000000	0.000000	0.000000	0.000000	0.000000	0.000000
-0.930821	0.867631	0.000000	-0.777853	0.000000	0.000000	0.000000	0.000000	0.000000	0.000000
-0.930821	0.866836	0.000000	-0.778020	0.000000	0.000000	0.000000	0.000000	0.000000	0.000000
-0.930821	0.867673	-0.000000	-0.777912	0.000000	0.000000	0.000000	0.000000	0.000000	0.000000
-0.930821	0.866558	0.000000	-0.777725	0.000000	0.000000	0.000000	0.000000	0.000000	0.000000
-0.930821	0.867027	-0.000000	-0.778097	0.000000	0.000000	0.000000	0.000000	0.000000	0.000000
-0.930820	0.867641	0.000000	-0.777964	0.000000	0.000000	0.000000	0.000000	0.000000	0.000000
-0.930820	0.868216	0.000000	-0.777651	0.000000	0.000000	0.000000	0.000000	0.000000	0.000000
-0.930821	0.867162	-0.000000	-0.777967	0.000000	0.000000	0.000000	0.000000	0.000000	0.000000
-0.930820	0.867335	0.000000	-0.777891	0.000000	0.000000	0.000000	0.000000	0.000000	0.000000
-0.930821	0.867668	-0.000000	-0.777935	0.000000	0.000000	0.000000	0.000000	0.000000	0.000000
-0.930821	0.867046	-0.000000	-0.777894	0.000000	0.000000	0.000000	0.000000	0.000000	0.000000
-0.930821	0.867575	0.000000	-0.777926	0.000000	0.000000	0.000000	0.000000	0.000000	0.000000
-0.930821	0.867794	-0.000000	-0.777925	0.000000	0.000000	0.000000	0.000000	0.000000	0.000000
-0.930821	0.867304	-0.000000	-0.778035	0.000000	0.000000	0.000000	0.000000	0.000000	0.000000
-0.930821	0.866707	0.000000	-0.778034	0.000000	0.000000	0.000000	0.000000	0.000000	0.000000
-0.930821	0.865516	0.000000	-0.778021	0.000000	0.000000	0.000000	0.000000	0.000000	0.000000
-0.930820	0.867214	0.000000	-0.777918	0.000000	0.000000	0.000000	0.000000	0.000000	0.000000
-0.930821	0.867916	0.000000	-0.778092	0.000000	0.000000	0.000000	0.000000	0.000000	0.000000
-0.930820	0.867532	-0.000000	-0.777701	0.000000	0.000000	0.000000	0.000000	0.000000	0.000000
-0.930820	0.867123	0.000000	-0.777897	0.000000	0.000000	0.000000	0.000000	0.000000	0.000000
-0.930821	0.866780	-0.000000	-0.778187	0.000000	0.000000	0.000000	0.000000	0.000000	0.000000
-0.930820	0.866524	0.000000	-0.777948	0.000000	0.000000	0.000000	0.000000	0.000000	0.000000
-0.930821	0.866896	0.000000	-0.345254	0.000000	0.000000	0.000000	0.000000	0.000000	0.000000
-0.930820	0.868584	0.000000	-0.778017	0.000000	0.000000	0.000000	0.000000	0.000000	0.000000
-0.930821	0.866844	0.000000	-0.778002	0.000000	0.000000	0.000000	0.000000	0.000000	0.000000
-0.930820	0.867639	0.000000	-0.777876	0.000000	0.000000	0.000000	0.000000	0.000000	0.000000
-0.930821	0.867673	-0.000000	-0.777874	0.000000	0.000000	0.000000	0.000000	0.000000	0.000000
