-0.957156	-0.890257	-0.862325	-0.000000	0.000000	0.000000	0.000000	0.000000	0.000000	0.000000
-0.957126	-0.890421	-0.862325	0.000000	0.000000	0.000000	0.000000	0.000000	0.000000	0.000000
-0.957084	-0.890430	-0.862325	0.000000	0.000000	0.000000	0.000000	0.000000	0.000000	0.000000
-0.957104	-0.890832	-0.862325	-0.000000	0.000000	0.000000	0.000000	0.000000	0.000000	0.000000
-0.957132	-0.890375	-0.862325	0.000000	0.000000	0.000000	0.000000	0.000000	0.000000	0.000000
-0.957097	-0.890486	-0.862325	-0.000000	0.000000	0.000000	0.000000	0.000000	0.000000	0.000000
-0.957073	-0.890601	-0.862325	-0.000000	0.000000	0.000000	0.000000	0.000000	0.000000	0.000000
-0.957072	-0.890776	-0.862325	-0.000000	0.000000	0.000000	0.000000	0.000000	0.000000	0.000000
-0.957147	-0.890763	-0.862325	0.000000	0.000000	0.000000	0.000000	0.000000	0.000000	0.000000
-0.957061	-0.890899	-0.862325	-0.000000	0.000000	0.000000	0.000000	0.000000	0.000000	0.000000
-0.957122	-0.890517	-0.862325	0.000000	0.000000	0.000000	0.000000	0.000000	0.000000	0.000000
-0.957163	-0.890493	-0.862325	-0.000000	0.000000	0.000000	0.000000	0.000000	0.000000	0.000000
-0.957107	-0.890850	-0.862325	-0.000000	0.000000	0.000000	0.000000	0.000000	0.000000	0.000000
-0.957112	-0.890244	-0.862321	0.000000	0.000000	0.000000	0.000000	0.000000	0.000000	0.000000
-0.957051	-0.890413	-0.862325	0.000000	0.000000	0.000000	0.000000	0.000000	0.000000	0.000000
-0.957139	-0.889993	-0.862325	0.000000	0.000000	0.000000	0.000000	0.000000	0.000000	0.000000
-0.957132	-0.890263	-0.862325	-0.000000	0.000000	0.000000	0.000000	0.000000	0.000000	0.000000
-0.957059	-0.890416	-0.862325	0.000000	0.000000	0.000000	0.000000	0.000000	0.000000	0.000000
-0.957083	-0.890865	-0.862325	0.000000	0.000000	0.000000	0.000000	0.000000	0.000000	0.000000
-0.957108	-0.890358	-0.862325	-0.000000	0.000000	0.000000	0.000000	0.000000	0.000000	0.000000
-0.957095	-0.890432	-0.862325	0.000000	0.000000	0.000000	0.000000	0.000000	0.000000	0.000000
-0.957168	-0.890344	-0.862325	0.000000	0.000000	0.000000	0.000000	0.000000	0.000000	0.000000
-0.957179	-0.890320	-0.862325	0.000000	0.000000	0.000000	0.000000	0.000000	0.000000	0.000000
-0.957174	-0.889807	-0.862325	0.000000	0.000000	0.000000	0.000000	0.000000	0.000000	0.000000
-0.957059	-0.890311	-0.862325	0.000000	0.000000	0.000000	0.000000	0.000000	0.000000	0.000000
-0.957088	-0.890279	-0.862325	0.000000	0.000000	0.000000	0.000000	0.000000	0.000000	0.000000
-0.957093	-0.890651	-0.862325	-0.000000	0.000000	0.000000	0.000000	0.000000	0.000000	0.000000
-0.957156	-0.890140	-0.862325	-0.000000	0.000000	0.000000	0.000000	0.000000	0.000000	0.000000
-0.957142	-0.890800	-0.861916	0.000000	0.000000	0.000000	0.000000	0.000000	0.000000	0.000000
-0.957133	-0.890413	-0.862183	0.000000	0.000000	0.000000	0.000000	0.000000	0.000000	0.000000
-0.957129	-0.890634	-0.862325	0.000000	0.000000	0.000000	0.000000	0.000000	0.000000	0.000000
-0.957116	-0.890860	-0.862325	0.000000	0.000000	0.000000	0.000000	0.000000	0.000000	0.000000
-0.957165	-0.890884	-0.862325	0.000000	0.000000	0.000000	0.000000	0.000000	0.000000	0.000000
-0.957100	-0.890640	-0.862325	-0.000000	0.000000	0.000000	0.000000	0.000000	0.000000	0.000000
-0.957105	-0.890671	-0.862325	-0.000000	0.000000	0.000000	0.000000	0.000000	0.000000	0.000000
-0.957121	-0.890663	-0.862325	0.000000	0.000000	0.000000	0.000000	0.000000	0.000000	0.000000
-0.957146	-0.889853	-0.862325	-0.000000	0.000000	0.000000	0.000000	0.000000	0.000000	0.000000
-0.957126	-0.890536	-0.862325	-0.000000	0.000000	0.000000	0.000000	0.000000	0.000000	0.000000
-0.957091	-0.890122	-0.862325	0.000000	0.000000	0.000000	0.000000	0.000000	0.000000	0.000000
-0.957174	-0.890405	-0.862311	-0.000000	0.000000	0.000000	0.000000	0.000000	0.000000	0.000000
-0.957086	-0.890870	-0.862325	-0.000000	0.000000	0.000000	0.000000	0.000000	0.000000	0.000000
-0.957090	-0.890668	-0.862325	0.000000	0.000000	0.000000	0.000000	0.000000	0.000000	0.000000
-0.957066	-0.890668	-0.862325	0.000000	0.000000	0.000000	0.000000	0.000000	0.000000	0.000000
-0.957108	-0.890354	-0.862324	-0.000000	0.000000	0.000000	0.000000	0.000000	0.000000	0.000000
-0.957093	-0.890810	-0.862325	0.000000	0.000000	0.000000	0.000000	0.000000	0.000000	0.000000
-0.957082	-0.890904	-0.862325	-0.000000	0.000000	0.000000	0.000000	0.000000	0.000000	0.000000
-0.957122	-0.890366	-0.862325	0.000000	0.000000	0.000000	0.000000	0.000000	0.000000	0.000000
-0.957080	-0.890678	-0.862325	-0.000000	0.000000	0.000000	0.000000	0.000000	0.000000	0.000000
-0.957150	-0.890043	-0.862325	0.000000	0.000000	0.000000	0.000000	0.000000	0.000000	0.000000
-0.957177	-0.890059	-0.862325	0.000000	0.000000	0.000000	0.000000	0.000000	0.000000	0.000000
-0.957177	-0.890069	-0.862325	-0.000000	0.000000	0.000000	0.000000	0.000000	0.000000	0.000000
-0.957199	-0.890416	-0.862324	-0.000000	0.000000	0.000000	0.000000	0.000000	0.000000	0.000000
-0.957102	-0.890061	-0.862325	0.000000	0.000000	0.000000	0.000000	0.000000	0.000000	0.000000
-0.957132	-0.890615	-0.862323	0.000000	0.000000	0.000000	0.000000	0.000000	0.000000	0.000000
-0.957160	-0.890464	-0.862325	0.000000	0.000000	0.000000	0.000000	0.000000	0.000000	0.000000
-0.957123	-0.890423	-0.862325	0.000000	0.000000	0.000000	0.000000	0.000000	0.000000	0.000000
-0.957079	-0.890503	-0.862325	0.000000	0.000000	0.000000	0.000000	0.000000	0.000000	0.000000
-0.957092	-0.891090	-0.862325	-0.000000	0.000000	0.000000	0.000000	0.000000	0.000000	0.000000
-0.957156	-0.890117	-0.862325	-0.000000	0.000000	0.000000	0.000000	0.000000	0.000000	0.000000
-0.957100	-0.890968	-0.862325	0.000000	0.000000	0.000000	0.000000	0.000000	0.000000	0.000000
-0.957126	-0.890544	-0.862325	0.000000	0.000000	0.000000	0.000000	0.000000	0.000000	0.000000
-0.957134	-0.889584	-0.862325	0.000000	0.000000	0.000000	0.000000	0.000000	0.000000	0.000000
-0.957129	-0.890288	-0.862325	-0.000000	0.000000	0.000000	0.000000	0.000000	0.000000	0.000000
-0.957127	-0.889999	-0.862325	0.000000	0.000000	0.000000	0.000000	0.000000	0.000000	0.000000
-0.957155	-0.890597	-0.862325	0.000000	0.000000	0.000000	0.000000	0.000000	0.000000	0.000000
-0.957125	-0.890309	-0.862325	0.000000	0.000000	0.000000	0.000000	0.000000	0.000000	0.000000
-0.957133	-0.891076	-0.862325	-0.000000	0.000000	0.000000	0.000000	0.000000	0.000000	0.000000
-0.957109	-0.890130	-0.862324	0.000000	0.000000	0.000000	0.000000	0.000000	0.000000	0.000000
-0.957093	-0.890287	-0.862325	0.000000	0.000000	0.000000	0.000000	0.000000	0.000000	0.000000
-0.957114	-0.890253	-0.862325	-0.000000	0.000000	0.000000	0.000000	0.000000	0.000000	0.000000
-0.957155	-0.890607	-0.862325	0.000000	0.000000	0.000000	0.000000	0.000000	0.000000	0.000000
-0.957107	-0.890189	-0.862325	0.000000	0.000000	0.000000	0.000000	0.000000	0.000000	0.000000
-0.957158	-0.890657	-0.862325	-0.000000	0.000000	0.000000	0.000000	0.000000	0.000000	0.000000
-0.957164	-0.890744	-0.862325	0.000000	0.000000	0.000000	0.000000	0.000000	0.000000	0.000000
-0.957066	-0.890443	-0.862325	0.000000	0.000000	0.000000	0.000000	0.000000	0.000000	0.000000
-0.957117	-0.890378	-0.862325	-0.000000	0.000000	0.000000	0.000000	0.000000	0.000000	0.000000
-0.957142	-0.890528	-0.862325	-0.000000	0.000000	0.000000	0.000000	0.000000	0.000000	0.000000
-0.957153	-0.890464	-0.862325	0.000000	0.000000	0.000000	0.000000	0.000000	0.000000	0.000000
-0.957100	-0.890774	-0.862325	0.000000	0.000000	0.000000	0.000000	0.000000	0.000000	0.000000
-0.957071	-0.890523	-0.862325	0.000000	0.000000	0.000000	0.000000	0.000000	0.000000	0.000000
-0.957127	-0.890194	-0.862325	0.000000	0.000000	0.000000	0.000000	0.000000	0.000000	0.000000
-0.957120	-0.889520	-0.862325	0.000000	0.000000	0.000000	0.000000	0.000000	0.000000	0.000000
-0.957135	-0.890618	-0.862325	-0.000000	0.000000	0.000000	0.000000	0.000000	0.000000	0.000000
-0.957077	-0.890210	-0.862325	0.000000	0.000000	0.000000	0.000000	0.000000	0.000000	0.000000
-0.957184	-0.890616	-0.862324	-0.000000	0.000000	0.000000	0.000000	0.000000	0.000000	0.000000
-0.957164	-0.890914	-0.862325	-0.000000	0.000000	0.000000	0.000000	0.000000	0.000000	0.000000
-0.957114	-0.890550	-0.862325	-0.000000	0.000000	0.000000	0.000000	0.000000	0.000000	0.000000
-0.957146	-0.890713	-0.862325	-0.000000	0.000000	0.000000	0.000000	0.000000	0.000000	0.000000
-0.957181	-0.889772	-0.862325	0.000000	0.000000	0.000000	0.000000	0.000000	0.000000	0.000000
-0.957204	-0.890386	-0.862325	0.000000	0.000000	0.000000	0.000000	0.000000	0.000000	0.000000
-0.957093	-0.890545	-0.862325	-0.000000	0.000000	0.000000	0.000000	0.000000	0.000000	0.000000
-0.957158	-0.890584	-0.862325	-0.000000	0.000000	0.000000	0.000000	0.000000	0.000000	0.000000
-0.957151	-0.890514	-0.862324	0.000000	0.000000	0.000000	0.000000	0.000000	0.000000	0.000000
-0.957143	-0.890391	-0.862325	0.000000	0.000000	0.000000	0.000000	0.000000	0.000000	0.000000
-0.957162	-0.890365	-0.862321	0.000000	0.000000	0.000000	0.000000	0.000000	0.000000	0.000000
-0.957161	-0.890308	-0.862325	0.000000	0.000000	0.000000	0.000000	0.000000	0.000000	0.000000
-0.957073	-0.890492	-0.862325	-0.000000	0.000000	0.000000	0.000000	0.000000	0.000000	0.000000
-0.957091	-0.890683	-0.862240	-0.000000	0.000000	0.000000	0.000000	0.000000	0.000000	0.000000
-0.957165	-0.890575	-0.862325	0.000000	0.000000	0.000000	0.000000	0.000000	0.000000	0.000000
-0.957097	-0.890565	-0.862325	-0.000000	0.000000	0.000000	0.000000	0.000000	0.000000	0.000000
-0.957114	-0.890219	-0.862325	0.000000	0.000000	0.000000	0.000000	0.000000	0.000000	0.000000
-0.957114	-0.890529	-0.862325	0.000000	0.000000	0.000000	0.000000	0.000000	0.000000	0.000000
-0.957136	-0.890851	-0.862325	-0.000000	0.000000	0.000000	0.000000	0.000000	0.000000	0.000000
-0.957097	-0.890252	-0.862325	0.000000	0.000000	0.000000	0.000000	0.000000	0.000000	0.000000
-0.957130	-0.890033	-0.862325	0.000000	0.000000	0.000000	0.000000	0.000000	0.000000	0.000000
-0.957122	-0.890522	-0.862325	-0.000000	0.000000	0.000000	0.000000	0.000000	0.000000	0.000000
-0.957148	-0.890697	-0.862325	0.000000	0.000000	0.000000	0.000000	0.000000	0.000000	0.000000
-0.957117	-0.890586	-0.862325	-0.000000	0.000000	0.000000	0.000000	0.000000	0.000000	0.000000
-0.957117	-0.890444	-0.862325	0.000000	0.000000	0.000000	0.000000	0.000000	0.000000	0.000000
-0.957177	-0.890387	-0.862325	-0.000000	0.000000	0.000000	0.000000	0.000000	0.000000	0.000000
-0.957146	-0.890923	-0.862325	0.000000	0.000000	0.000000	0.000000	0.000000	0.000000	0.000000
-0.957138	-0.890478	-0.862325	0.000000	0.000000	0.000000	0.000000	0.000000	0.000000	0.000000
-0.957070	-0.890806	-0.862325	0.000000	0.000000	0.000000	0.000000	0.000000	0.000000	0.000000
-0.957085	-0.890369	-0.862325	0.000000	0.000000	0.000000	0.000000	0.000000	0.000000	0.000000
-0.957104	-0.890640	-0.862325	-0.000000	0.000000	0.000000	0.000000	0.000000	0.000000	0.000000
-0.957105	-0.890781	-0.862325	0.000000	0.000000	0.000000	0.000000	0.000000	0.000000	0.000000
-0.957150	-0.890356	-0.862320	0.000000	0.000000	0.000000	0.000000	0.000000	0.000000	0.000000
-0.957108	-0.890390	-0.862325	0.000000	0.000000	0.000000	0.000000	0.000000	0.000000	0.000000
-0.957168	-0.890630	-0.862325	0.000000	0.000000	0.000000	0.000000	0.000000	0.000000	0.000000
-0.957118	-0.890205	-0.862325	0.000000	0.000000	0.000000	0.000000	0.000000	0.000000	0.000000
-0.957129	-0.890369	-0.862325	0.000000	0.000000	0.000000	0.000000	0.000000	0.000000	0.000000
-0.957182	-0.890331	-0.862325	0.000000	0.000000	0.000000	0.000000	0.000000	0.000000	0.000000
-0.957201	-0.890378	-0.862325	-0.000000	0.000000	0.000000	0.000000	0.000000	0.000000	0.000000
-0.957156	-0.890520	-0.862325	-0.000000	0.000000	0.000000	0.000000	0.000000	0.000000	0.000000
-0.957074	-0.890752	-0.862325	-0.000000	0.000000	0.000000	0.000000	0.000000	0.000000	0.000000
-0.957113	-0.890833	-0.862325	0.000000	0.000000	0.000000	0.000000	0.000000	0.000000	0.000000
-0.957113	-0.890744	-0.862325	-0.000000	0.000000	0.000000	0.000000	0.000000	0.000000	0.000000
-0.957132	-0.890531	-0.862325	0.000000	0.000000	0.000000	0.000000	0.000000	0.000000	0.000000
-0.957160	-0.890562	-0.862325	-0.000000	0.000000	0.000000	0.000000	0.000000	0.000000	0.000000
-0.957162	-0.890425	-0.862325	0.000000	0.000000	0.000000	0.000000	0.000000	0.000000	0.000000
-0.957117	-0.890332	-0.862325	-0.000000	0.000000	0.000000	0.000000	0.000000	0.000000	0.000000
-0.957161	-0.890816	-0.862325	0.000000	0.000000	0.000000	0.000000	0.000000	0.000000	0.000000
-0.957070	-0.890818	-0.862325	-0.000000	0.000000	0.000000	0.000000	0.000000	0.000000	0.000000
-0.957173	-0.890467	-0.862325	-0.000000	0.000000	0.000000	0.000000	0.000000	0.000000	0.000000
-0.957155	-0.890614	-0.862325	0.000000	0.000000	0.000000	0.000000	0.000000	0.000000	0.000000
-0.957108	-0.890512	-0.862325	-0.000000	0.000000	0.000000	0.000000	0.000000	0.000000	0.000000
-0.957077	-0.890142	-0.862154	0.000000	0.000000	0.000000	0.000000	0.000000	0.000000	0.000000
-0.957122	-0.890070	-0.862325	-0.000000	0.000000	0.000000	0.000000	0.000000	0.000000	0.000000
-0.957104	-0.890555	-0.862325	0.000000	0.000000	0.000000	0.000000	0.000000	0.000000	0.000000
-0.957091	-0.890736	-0.862325	0.000000	0.000000	0.000000	0.000000	0.000000	0.000000	0.000000
-0.957131	-0.890699	-0.862324	-0.000000	0.000000	0.000000	0.000000	0.000000	0.000000	0.000000
-0.957143	-0.890506	-0.862325	-0.000000	0.000000	0.000000	0.000000	0.000000	0.000000	0.000000
-0.957086	-0.890549	-0.862284	0.000000	0.000000	0.000000	0.000000	0.000000	0.000000	0.000000
-0.957126	-0.890367	-0.862325	0.000000	0.000000	0.000000	0.000000	0.000000	0.000000	0.000000
-0.957131	-0.890939	-0.862325	0.000000	0.000000	0.000000	0.000000	0.000000	0.000000	0.000000
-0.957119	-0.890805	-0.862325	0.000000	0.000000	0.000000	0.000000	0.000000	0.000000	0.000000
-0.957168	-0.890544	-0.862325	0.000000	0.000000	0.000000	0.000000	0.000000	0.000000	0.000000
-0.957098	-0.890572	-0.862325	0.000000	0.000000	0.000000	0.000000	0.000000	0.000000	0.000000
-0.957108	-0.890788	-0.862325	-0.000000	0.000000	0.000000	0.000000	0.000000	0.000000	0.000000
-0.957160	-0.890594	-0.862325	0.000000	0.000000	0.000000	0.000000	0.000000	0.000000	0.000000
-0.957054	-0.890456	-0.862325	-0.000000	0.000000	0.000000	0.000000	0.000000	0.000000	0.000000
-0.957189	-0.890826	-0.862324	-0.000000	0.000000	0.000000	0.000000	0.000000	0.000000	0.000000
-0.957107	-0.890178	-0.862325	0.000000	0.000000	0.000000	0.000000	0.000000	0.000000	0.000000
-0.957134	-0.890154	-0.862325	0.000000	0.000000	0.000000	0.000000	0.000000	0.000000	0.000000
-0.957136	-0.890510	-0.862324	-0.000000	0.000000	0.000000	0.000000	0.000000	0.000000	0.000000
-0.957139	-0.890591	-0.862325	0.000000	0.000000	0.000000	0.000000	0.000000	0.000000	0.000000
-0.957043	-0.890677	-0.862304	0.000000	0.000000	0.000000	0.000000	0.000000	0.000000	0.000000
-0.957145	-0.890661	-0.862325	-0.000000	0.000000	0.000000	0.000000	0.000000	0.000000	0.000000
-0.957128	-0.890254	-0.862325	0.000000	0.000000	0.000000	0.000000	0.000000	0.000000	0.000000
-0.957133	-0.890649	-0.862325	0.000000	0.000000	0.000000	0.000000	0.000000	0.000000	0.000000
-0.957158	-0.890079	-0.862325	0.000000	0.000000	0.000000	0.000000	0.000000	0.000000	0.000000
-0.957076	-0.890606	-0.862325	-0.000000	0.000000	0.000000	0.000000	0.000000	0.000000	0.000000
-0.957037	-0.890685	-0.862325	0.000000	0.000000	0.000000	0.000000	0.000000	0.000000	0.000000
-0.957111	-0.890652	-0.862325	0.000000	0.000000	0.000000	0.000000	0.000000	0.000000	0.000000
-0.957119	-0.890728	-0.862325	0.000000	0.000000	0.000000	0.000000	0.000000	0.000000	0.000000
-0.957006	-0.890704	-0.862325	0.000000	0.000000	0.000000	0.000000	0.000000	0.000000	0.000000
-0.957174	-0.890240	-0.862325	0.000000	0.000000	0.000000	0.000000	0.000000	0.000000	0.000000
-0.957127	-0.890279	-0.862325	0.000000	0.000000	0.000000	0.000000	0.000000	0.000000	0.000000
-0.957115	-0.890602	-0.862325	-0.000000	0.000000	0.000000	0.000000	0.000000	0.000000	0.000000
-0.957091	-0.890871	-0.862325	-0.000000	0.000000	0.000000	0.000000	0.000000	0.000000	0.000000
-0.957131	-0.890733	-0.862325	0.000000	0.000000	0.000000	0.000000	0.000000	0.000000	0.000000
-0.957206	-0.890524	-0.862325	-0.000000	0.000000	0.000000	0.000000	0.000000	0.000000	0.000000
-0.957093	-0.890465	-0.862325	-0.000000	0.000000	0.000000	0.000000	0.000000	0.000000	0.000000
-0.957117	-0.890436	-0.862325	0.000000	0.000000	0.000000	0.000000	0.000000	0.000000	0.000000
-0.957132	-0.890888	-0.862325	0.000000	0.000000	0.000000	0.000000	0.000000	0.000000	0.000000
-0.957221	-0.890392	-0.862325	-0.000000	0.000000	0.000000	0.000000	0.000000	0.000000	0.000000
-0.957123	-0.890873	-0.862300	0.000000	0.000000	0.000000	0.000000	0.000000	0.000000	0.000000
-0.957168	-0.890615	-0.862325	-0.000000	0.000000	0.000000	0.000000	0.000000	0.000000	0.000000
-0.957086	-0.890890	-0.862325	-0.000000	0.000000	0.000000	0.000000	0.000000	0.000000	0.000000
-0.957179	-0.890378	-0.862325	-0.000000	0.000000	0.000000	0.000000	0.000000	0.000000	0.000000
-0.957117	-0.890494	-0.862325	0.000000	0.000000	0.000000	0.000000	0.000000	0.000000	0.000000
-0.957091	-0.890660	-0.862325	-0.000000	0.000000	0.000000	0.000000	0.000000	0.000000	0.000000
-0.957175	-0.890778	-0.862324	0.000000	0.000000	0.000000	0.000000	0.000000	0.000000	0.000000
-0.957112	-0.890814	-0.862325	-0.000000	0.000000	0.000000	0.000000	0.000000	0.000000	0.000000
-0.957189	-0.890420	-0.862325	0.000000	0.000000	0.000000	0.000000	0.000000	0.000000	0.000000
-0.957096	-0.890553	-0.862325	-0.000000	0.000000	0.000000	0.000000	0.000000	0.000000	0.000000
-0.957111	-0.890645	-0.862325	-0.000000	0.000000	0.000000	0.000000	0.000000	0.000000	0.000000
-0.957175	-0.890507	-0.862325	-0.000000	0.000000	0.000000	0.000000	0.000000	0.000000	0.000000
-0.957122	-0.890361	-0.862325	0.000000	0.000000	0.000000	0.000000	0.000000	0.000000	0.000000
-0.957067	-0.890659	-0.862325	0.000000	0.000000	0.000000	0.000000	0.000000	0.000000	0.000000
-0.957141	-0.890357	-0.862325	-0.000000	0.000000	0.000000	0.000000	0.000000	0.000000	0.000000
-0.957141	-0.890283	-0.862322	0.000000	0.000000	0.000000	0.000000	0.000000	0.000000	0.000000
-0.957147	-0.890575	-0.862325	-0.000000	0.000000	0.000000	0.000000	0.000000	0.000000	0.000000
-0.957093	-0.890728	-0.862325	-0.000000	0.000000	0.000000	0.000000	0.000000	0.000000	0.000000
-0.957140	-0.890491	-0.862325	0.000000	0.000000	0.000000	0.000000	0.000000	0.000000	0.000000
-0.957154	-0.890703	-0.862325	-0.000000	0.000000	0.000000	0.000000	0.000000	0.000000	0.000000
-0.957107	-0.890771	-0.862325	-0.000000	0.000000	0.000000	0.000000	0.000000	0.000000	0.000000
-0.957157	-0.890673	-0.862325	-0.000000	0.000000	0.000000	0.000000	0.000000	0.000000	0.000000
-0.957070	-0.890512	-0.862325	-0.000000	0.000000	0.000000	0.000000	0.000000	0.000000	0.000000
-0.957150	-0.890397	-0.862325	-0.000000	0.000000	0.000000	0.000000	0.000000	0.000000	0.000000
-0.957180	-0.890246	-0.862325	0.000000	0.000000	0.000000	0.000000	0.000000	0.000000	0.000000
-0.957076	-0.890332	-0.862325	0.000000	0.000000	0.000000	0.000000	0.000000	0.000000	0.000000
-0.957165	-0.890980	-0.862325	-0.000000	0.000000	0.000000	0.000000	0.000000	0.000000	0.000000
-0.957192	-0.890444	-0.862325	0.000000	0.000000	0.000000	0.000000	0.000000	0.000000	0.000000
-0.957109	-0.890998	-0.862325	0.000000	0.000000	0.000000	0.000000	0.000000	0.000000	0.000000
-0.957152	-0.890521	-0.862325	-0.000001	0.000000	0.000000	0.000000	0.000000	0.000000	0.000000
-0.957125	-0.890776	-0.862325	-0.000000	0.000000	0.000000	0.000000	0.000000	0.000000	0.000000
-0.957104	-0.890491	-0.862325	-0.000000	0.000000	0.000000	0.000000	0.000000	0.000000	0.000000
-0.957087	-0.890475	-0.862325	0.000000	0.000000	0.000000	0.000000	0.000000	0.000000	0.000000
-0.957128	-0.890293	-0.862325	0.000000	0.000000	0.000000	0.000000	0.000000	0.000000	0.000000
-0.957129	-0.890698	-0.862325	0.000000	0.000000	0.000000	0.000000	0.000000	0.000000	0.000000
-0.957142	-0.890206	-0.862325	0.000000	0.000000	0.000000	0.000000	0.000000	0.000000	0.000000
-0.957106	-0.890437	-0.862325	0.000000	0.000000	0.000000	0.000000	0.000000	0.000000	0.000000
-0.957162	-0.891036	-0.862325	-0.000000	0.000000	0.000000	0.000000	0.000000	0.000000	0.000000
-0.957189	-0.889849	-0.862325	0.000000	0.000000	0.000000	0.000000	0.000000	0.000000	0.000000
-0.957136	-0.890319	-0.862325	0.000000	0.000000	0.000000	0.000000	0.000000	0.000000	0.000000
-0.957074	-0.890723	-0.862325	0.000000	0.000000	0.000000	0.000000	0.000000	0.000000	0.000000
-0.957154	-0.890146	-0.862325	0.000000	0.000000	0.000000	0.000000	0.000000	0.000000	0.000000
-0.957139	-0.890499	-0.862325	0.000000	0.000000	0.000000	0.000000	0.000000	0.000000	0.000000
-0.957160	-0.890819	-0.862325	0.000000	0.000000	0.000000	0.000000	0.000000	0.000000	0.000000
-0.957226	-0.889965	-0.862325	0.000000	0.000000	0.000000	0.000000	0.000000	0.000000	0.000000
-0.957198	-0.890436	-0.862325	0.000000	0.000000	0.000000	0.000000	0.000000	0.000000	0.000000
-0.957154	-0.890194	-0.862325	0.000000	0.000000	0.000000	0.000000	0.000000	0.000000	0.000000
-0.957152	-0.890440	-0.862325	0.000000	0.000000	0.000000	0.000000	0.000000	0.000000	0.000000
-0.957118	-0.890366	-0.862325	0.000000	0.000000	0.000000	0.000000	0.000000	0.000000	0.000000
-0.957078	-0.890487	-0.862325	-0.000000	0.000000	0.000000	0.000000	0.000000	0.000000	0.000000
-0.957097	-0.890198	-0.862325	-0.000000	0.000000	0.000000	0.000000	0.000000	0.000000	0.000000
-0.957120	-0.889839	-0.862325	-0.000000	0.000000	0.000000	0.000000	0.000000	0.000000	0.000000
-0.957158	-0.890545	-0.862325	0.000000	0.000000	0.000000	0.000000	0.000000	0.000000	0.000000
-0.957112	-0.890735	-0.862325	0.000000	0.000000	0.000000	0.000000	0.000000	0.000000	0.000000
-0.957113	-0.890583	-0.862325	-0.000000	0.000000	0.000000	0.000000	0.000000	0.000000	0.000000
-0.957146	-0.890860	-0.862325	-0.000000	0.000000	0.000000	0.000000	0.000000	0.000000	0.000000
-0.957149	-0.890778	-0.862325	0.000000	0.000000	0.000000	0.000000	0.000000	0.000000	0.000000
-0.957048	-0.890763	-0.862325	0.000000	0.000000	0.000000	0.000000	0.000000	0.000000	0.000000
-0.957096	-0.890552	-0.862325	0.000000	0.000000	0.000000	0.000000	0.000000	0.000000	0.000000
-0.957103	-0.890666	-0.862325	-0.000000	0.000000	0.000000	0.000000	0.000000	0.000000	0.000000
-0.957122	-0.890160	-0.862325	0.000000	0.000000	0.000000	0.000000	0.000000	0.000000	0.000000
-0.957143	-0.890083	-0.862325	0.000000	0.000000	0.000000	0.000000	0.000000	0.000000	0.000000
-0.957172	-0.890608	-0.862325	-0.000000	0.000000	0.000000	0.000000	0.000000	0.000000	0.000000
-0.957135	-0.890635	-0.862325	0.000000	0.000000	0.000000	0.000000	0.000000	0.000000	0.000000
-0.957088	-0.890875	-0.862325	0.000000	0.000000	0.000000	0.000000	0.000000	0.000000	0.000000
-0.957154	-0.890310	-0.862325	-0.000000	0.000000	0.000000	0.000000	0.000000	0.000000	0.000000
-0.957076	-0.890649	-0.862325	0.000000	0.000000	0.000000	0.000000	0.000000	0.000000	0.000000
-0.957124	-0.890849	-0.862325	0.000000	0.000000	0.000000	0.000000	0.000000	0.000000	0.000000
-0.957076	-0.890561	-0.862325	0.000000	0.000000	0.000000	0.000000	0.000000	0.000000	0.000000
-0.957084	-0.890462	-0.862325	0.000000	0.000000	0.000000	0.000000	0.000000	0.000000	0.000000
-0.957068	-0.889965	-0.862312	0.000000	0.000000	0.000000	0.000000	0.000000	0.000000	0.000000
-0.957138	-0.890549	-0.862325	0.000000	0.000000	0.000000	0.000000	0.000000	0.000000	0.000000
-0.957095	-0.890412	-0.862325	0.000000	0.000000	0.000000	0.000000	0.000000	0.000000	0.000000
-0.957153	-0.890097	-0.862325	0.000000	0.000000	0.000000	0.000000	0.000000	0.000000	0.000000
-0.957035	-0.889895	0.000000	0.000000	0.000000	0.000000	0.000000	0.000000	0.000000	0.000000
-0.957143	-0.890430	0.782414	0.000000	0.000000	0.000000	0.000000	0.000000	0.000000	0.000000
-0.957089	-0.890260	0.781687	-0.000000	0.000000	0.000000	0.000000	0.000000	0.000000	0.000000
-0.957138	-0.889829	0.782256	0.000000	0.000000	0.000000	0.000000	0.000000	0.000000	0.000000
-0.957124	-0.890749	0.781948	-0.000000	0.000000	0.000000	0.000000	0.000000	0.000000	0.000000
-0.957134	-0.890170	0.782317	-0.000000	0.000000	0.000000	0.000000	0.000000	0.000000	0.000000
-0.957159	-0.890430	0.782407	0.000000	0.000000	0.000000	0.000000	0.000000	0.000000	0.000000
-0.957133	-0.889829	0.782061	-0.000000	0.000000	0.000000	0.000000	0.000000	0.000000	0.000000
-0.957183	-0.890184	0.782202	0.000000	0.000000	0.000000	0.000000	0.000000	0.000000	0.000000
-0.957193	-0.890555	0.781547	-0.000000	0.000000	0.000000	0.000000	0.000000	0.000000	0.000000
-0.957149	-0.890900	0.782527	-0.000000	0.000000	0.000000	0.000000	0.000000	0.000000	0.000000
-0.957077	-0.889840	0.781971	0.000000	0.000000	0.000000	0.000000	0.000000	0.000000	0.000000
-0.957107	-0.890635	0.782795	0.000000	0.000000	0.000000	0.000000	0.000000	0.000000	0.000000
-0.957150	-0.890112	0.781689	0.000000	0.000000	0.000000	0.000000	0.000000	0.000000	0.000000
-0.957146	-0.890462	0.782954	0.000000	0.000000	0.000000	0.000000	0.000000	0.000000	0.000000
-0.957124	-0.890753	0.782156	0.000000	0.000000	0.000000	0.000000	0.000000	0.000000	0.000000
-0.957141	-0.890661	0.781846	-0.000000	0.000000	0.000000	0.000000	0.000000	0.000000	0.000000
-0.957108	-0.890628	0.772980	-0.000000	0.000000	0.000000	0.000000	0.000000	0.000000	0.000000
-0.957109	-0.890737	0.782428	0.000000	0.000000	0.000000	0.000000	0.000000	0.000000	0.000000
-0.957146	-0.890644	0.782111	0.000000	0.000000	0.000000	0.000000	0.000000	0.000000	0.000000
-0.957123	-0.889702	0.782473	0.000000	0.000000	0.000000	0.000000	0.000000	0.000000	0.000000
-0.957115	-0.890305	0.782733	0.000000	0.000000	0.000000	0.000000	0.000000	0.000000	0.000000
-0.957176	-0.890515	0.782505	0.000000	0.000000	0.000000	0.000000	0.000000	0.000000	0.000000
-0.957099	-0.890975	0.782081	-0.000000	0.000000	0.000000	0.000000	0.000000	0.000000	0.000000
-0.957169	-0.890846	0.782195	-0.000000	0.000000	0.000000	0.000000	0.000000	0.000000	0.000000
-0.957107	-0.890539	0.782561	-0.000000	0.000000	0.000000	0.000000	0.000000	0.000000	0.000000
-0.957194	-0.890299	0.782274	-0.000000	0.000000	0.000000	0.000000	0.000000	0.000000	0.000000
-0.957107	-0.890975	0.782476	0.000000	0.000000	0.000000	0.000000	0.000000	0.000000	0.000000
-0.957088	-0.890545	0.782313	0.000000	0.000000	0.000000	0.000000	0.000000	0.000000	0.000000
-0.957104	-0.890751	0.782279	-0.000000	0.000000	0.000000	0.000000	0.000000	0.000000	0.000000
-0.957053	-0.890927	0.782316	0.000000	0.000000	0.000000	0.000000	0.000000	0.000000	0.000000
-0.957082	-0.890349	0.782648	-0.000000	0.000000	0.000000	0.000000	0.000000	0.000000	0.000000
-0.957191	-0.890661	0.782228	0.000000	0.000000	0.000000	0.000000	0.000000	0.000000	0.000000
-0.957159	-0.890523	0.782428	0.000000	0.000000	0.000000	0.000000	0.000000	0.000000	0.000000
-0.957121	-0.891053	0.782053	0.000000	0.000000	0.000000	0.000000	0.000000	0.000000	0.000000
-0.957058	-0.890915	0.781963	0.000000	0.000000	0.000000	0.000000	0.000000	0.000000	0.000000
-0.957180	-0.890744	0.782703	-0.000000	0.000000	0.000000	0.000000	0.000000	0.000000	0.000000
-0.957104	-0.889877	0.782124	0.000000	0.000000	0.000000	0.000000	0.000000	0.000000	0.000000
-0.957100	-0.890100	0.781935	0.000000	0.000000	0.000000	0.000000	0.000000	0.000000	0.000000
-0.957159	-0.890245	0.782102	0.000000	0.000000	0.000000	0.000000	0.000000	0.000000	0.000000
-0.957108	-0.890922	0.782449	-0.000000	0.000000	0.000000	0.000000	0.000000	0.000000	0.000000
-0.957131	-0.890456	0.781632	-0.000000	0.000000	0.000000	0.000000	0.000000	0.000000	0.000000
-0.957119	-0.890407	0.782003	-0.000000	0.000000	0.000000	0.000000	0.000000	0.000000	0.000000
-0.957123	-0.890779	0.783482	0.000000	0.000000	0.000000	0.000000	0.000000	0.000000	0.000000
-0.957173	-0.890233	0.781998	0.000000	0.000000	0.000000	0.000000	0.000000	0.000000	0.000000
-0.957184	-0.890225	0.782262	0.000000	0.000000	0.000000	0.000000	0.000000	0.000000	0.000000
-0.957123	-0.890322	0.782734	0.000000	0.000000	0.000000	0.000000	0.000000	0.000000	0.000000
-0.957116	-0.890549	0.782351	0.000000	0.000000	0.000000	0.000000	0.000000	0.000000	0.000000
-0.957137	-0.890283	0.782041	0.000000	0.000000	0.000000	0.000000	0.000000	0.000000	0.000000
-0.957104	-0.890589	0.781737	0.000000	0.000000	0.000000	0.000000	0.000000	0.000000	0.000000
-0.957129	-0.890275	0.783067	0.000000	0.000000	0.000000	0.000000	0.000000	0.000000	0.000000
-0.957095	-0.890701	0.782282	-0.000000	0.000000	0.000000	0.000000	0.000000	0.000000	0.000000
-0.957078	-0.890671	0.782306	0.000000	0.000000	0.000000	0.000000	0.000000	0.000000	0.000000
-0.957119	-0.890822	0.782883	0.000000	0.000000	0.000000	0.000000	0.000000	0.000000	0.000000
-0.957167	-0.890439	0.782852	0.000000	0.000000	0.000000	0.000000	0.000000	0.000000	0.000000
-0.957104	-0.890504	0.781383	0.000000	0.000000	0.000000	0.000000	0.000000	0.000000	0.000000
-0.957184	-0.890810	0.782007	0.000000	0.000000	0.000000	0.000000	0.000000	0.000000	0.000000
-0.957164	-0.890072	0.782082	0.000000	0.000000	0.000000	0.000000	0.000000	0.000000	0.000000
-0.957121	-0.890533	0.782147	0.000000	0.000000	0.000000	0.000000	0.000000	0.000000	0.000000
-0.957105	-0.890222	0.782433	0.000000	0.000000	0.000000	0.000000	0.000000	0.000000	0.000000
-0.957087	-0.890823	0.782818	0.000000	0.000000	0.000000	0.000000	0.000000	0.000000	0.000000
-0.957122	-0.890689	0.782424	0.000000	0.000000	0.000000	0.000000	0.000000	0.000000	0.000000
-0.957170	-0.890465	0.782655	-0.000000	0.000000	0.000000	0.000000	0.000000	0.000000	0.000000
-0.957111	-0.890255	0.782082	0.000000	0.000000	0.000000	0.000000	0.000000	0.000000	0.000000
-0.957089	-0.890642	0.781923	-0.000000	0.000000	0.000000	0.000000	0.000000	0.000000	0.000000
-0.957164	-0.890318	0.782393	0.000000	0.000000	0.000000	0.000000	0.000000	0.000000	0.000000
-0.957105	-0.890695	0.782666	0.000000	0.000000	0.000000	0.000000	0.000000	0.000000	0.000000
-0.957214	-0.890509	0.782519	0.000000	0.000000	0.000000	0.000000	0.000000	0.000000	0.000000
-0.957143	-0.890519	0.782002	0.000000	0.000000	0.000000	0.000000	0.000000	0.000000	0.000000
-0.957175	-0.890133	0.782360	0.000000	0.000000	0.000000	0.000000	0.000000	0.000000	0.000000
-0.957097	-0.890554	0.782228	0.000000	0.000000	0.000000	0.000000	0.000000	0.000000	0.000000
-0.957136	-0.890401	0.782366	-0.000000	0.000000	0.000000	0.000000	0.000000	0.000000	0.000000
-0.957155	-0.890895	0.781728	0.000000	0.000000	0.000000	0.000000	0.000000	0.000000	0.000000
-0.957071	-0.890949	0.783423	0.000000	0.000000	0.000000	0.000000	0.000000	0.000000	0.000000
-0.957163	-0.890380	0.782040	0.000000	0.000000	0.000000	0.000000	0.000000	0.000000	0.000000
-0.957062	-0.891140	0.782297	0.000000	0.000000	0.000000	0.000000	0.000000	0.000000	0.000000
-0.957148	-0.890750	0.782629	-0.000000	0.000000	0.000000	0.000000	0.000000	0.000000	0.000000
-0.957162	-0.890674	0.781826	-0.000000	0.000000	0.000000	0.000000	0.000000	0.000000	0.000000
-0.957044	-0.891117	0.782960	0.000000	0.000000	0.000000	0.000000	0.000000	0.000000	0.000000
-0.957127	-0.890422	0.782529	0.000000	0.000000	0.000000	0.000000	0.000000	0.000000	0.000000
-0.957075	-0.891042	0.782234	0.000000	0.000000	0.000000	0.000000	0.000000	0.000000	0.000000
-0.957101	-0.890890	0.782169	0.000000	0.000000	0.000000	0.000000	0.000000	0.000000	0.000000
-0.957110	-0.890408	0.782394	0.000000	0.000000	0.000000	0.000000	0.000000	0.000000	0.000000
-0.957107	-0.890469	0.782332	-0.000000	0.000000	0.000000	0.000000	0.000000	0.000000	0.000000
-0.957074	-0.890524	0.782156	0.000000	0.000000	0.000000	0.000000	0.000000	0.000000	0.000000
-0.957115	-0.890555	0.782226	0.000000	0.000000	0.000000	0.000000	0.000000	0.000000	0.000000
-0.957133	-0.890583	0.782033	-0.000000	0.000000	0.000000	0.000000	0.000000	0.000000	0.000000
-0.957112	-0.889987	0.782743	-0.000000	0.000000	0.000000	0.000000	0.000000	0.000000	0.000000
-0.957094	-0.890509	0.782347	0.000000	0.000000	0.000000	0.000000	0.000000	0.000000	0.000000
-0.957133	-0.890284	0.782375	0.000000	0.000000	0.000000	0.000000	0.000000	0.000000	0.000000
-0.957196	-0.891143	0.782515	0.000000	0.000000	0.000000	0.000000	0.000000	0.000000	0.000000
-0.957119	-0.890690	0.782265	-0.000000	0.000000	0.000000	0.000000	0.000000	0.000000	0.000000
-0.957141	-0.890191	0.782559	0.000000	0.000000	0.000000	0.000000	0.000000	0.000000	0.000000
-0.957078	-0.890338	0.782919	0.000000	0.000000	0.000000	0.000000	0.000000	0.000000	0.000000
-0.957140	-0.890372	0.781991	-0.000000	0.000000	0.000000	0.000000	0.000000	0.000000	0.000000
-0.957127	-0.890274	0.782520	-0.000000	0.000000	0.000000	0.000000	0.000000	0.000000	0.000000
-0.957092	-0.890468	0.782428	0.000000	0.000000	0.000000	0.000000	0.000000	0.000000	0.000000
-0.957118	-0.890644	0.782386	-0.000000	0.000000	0.000000	0.000000	0.000000	0.000000	0.000000
-0.957197	-0.890259	0.782313	0.000000	0.000000	0.000000	0.000000	0.000000	0.000000	0.000000
-0.957148	-0.890940	0.782118	-0.000000	0.000000	0.000000	0.000000	0.000000	0.000000	0.000000
-0.957213	-0.890567	0.782002	0.000000	0.000000	0.000000	0.000000	0.000000	0.000000	0.000000
-0.957076	-0.891009	0.782295	0.000000	0.000000	0.000000	0.000000	0.000000	0.000000	0.000000
-0.957140	-0.890599	0.782609	0.000000	0.000000	0.000000	0.000000	0.000000	0.000000	0.000000
-0.957156	-0.890590	0.781985	-0.000000	0.000000	0.000000	0.000000	0.000000	0.000000	0.000000
-0.957088	-0.890451	0.782245	0.000000	0.000000	0.000000	0.000000	0.000000	0.000000	0.000000
-0.957171	-0.890389	0.781919	0.000000	0.000000	0.000000	0.000000	0.000000	0.000000	0.000000
-0.957086	-0.890487	0.782453	-0.000000	0.000000	0.000000	0.000000	0.000000	0.000000	0.000000
-0.957149	-0.890255	0.782621	-0.000000	0.000000	0.000000	0.000000	0.000000	0.000000	0.000000
-0.957127	-0.890133	0.782380	-0.000000	0.000000	0.000000	0.000000	0.000000	0.000000	0.000000
-0.957162	-0.890745	0.782845	0.000000	0.000000	0.000000	0.000000	0.000000	0.000000	0.000000
-0.957108	-0.889759	0.782359	0.000000	0.000000	0.000000	0.000000	0.000000	0.000000	0.000000
-0.957171	-0.890611	0.782451	0.000000	0.000000	0.000000	0.000000	0.000000	0.000000	0.000000
-0.957098	-0.890771	0.782291	-0.000000	0.000000	0.000000	0.000000	0.000000	0.000000	0.000000
-0.957144	-0.890393	0.782811	0.000000	0.000000	0.000000	0.000000	0.000000	0.000000	0.000000
-0.957077	-0.890638	0.782805	0.000000	0.000000	0.000000	0.000000	0.000000	0.000000	0.000000
-0.957161	-0.890293	0.782025	-0.000000	0.000000	0.000000	0.000000	0.000000	0.000000	0.000000
-0.957065	-0.890665	0.782097	-0.000000	0.000000	0.000000	0.000000	0.000000	0.000000	0.000000
-0.957127	-0.889916	0.782221	0.000000	0.000000	0.000000	0.000000	0.000000	0.000000	0.000000
-0.957101	-0.890638	0.782719	-0.000000	0.000000	0.000000	0.000000	0.000000	0.000000	0.000000
-0.957103	-0.890571	0.782849	0.000000	0.000000	0.000000	0.000000	0.000000	0.000000	0.000000
-0.957113	-0.890569	0.782414	0.000000	0.000000	0.000000	0.000000	0.000000	0.000000	0.000000
-0.957080	-0.890967	0.781777	-0.000000	0.000000	0.000000	0.000000	0.000000	0.000000	0.000000
-0.957110	-0.890487	0.782815	0.000000	0.000000	0.000000	0.000000	0.000000	0.000000	0.000000
-0.957138	-0.890777	0.782490	-0.000000	0.000000	0.000000	0.000000	0.000000	0.000000	0.000000
-0.957162	-0.890447	0.783038	0.000000	0.000000	0.000000	0.000000	0.000000	0.000000	0.000000
-0.957153	-0.890525	0.782878	-0.000000	0.000000	0.000000	0.000000	0.000000	0.000000	0.000000
-0.957131	-0.890523	0.782086	0.000000	0.000000	0.000000	0.000000	0.000000	0.000000	0.000000
-0.957133	-0.890565	0.782319	0.000000	0.000000	0.000000	0.000000	0.000000	0.000000	0.000000
-0.957152	-0.890492	0.782186	0.000000	0.000000	0.000000	0.000000	0.000000	0.000000	0.000000
-0.957140	-0.890621	0.782842	0.000000	0.000000	0.000000	0.000000	0.000000	0.000000	0.000000
-0.957137	-0.890582	0.782363	0.000000	0.000000	0.000000	0.000000	0.000000	0.000000	0.000000
-0.957137	-0.890602	0.782941	-0.000000	0.000000	0.000000	0.000000	0.000000	0.000000	0.000000
-0.957125	-0.890352	0.782486	0.000000	0.000000	0.000000	0.000000	0.000000	0.000000	0.000000
-0.957161	-0.890208	0.782682	0.000000	0.000000	0.000000	0.000000	0.000000	0.000000	0.000000
-0.957134	-0.890195	0.781940	0.000000	0.000000	0.000000	0.000000	0.000000	0.000000	0.000000
-0.957107	-0.890799	0.782868	-0.000000	0.000000	0.000000	0.000000	0.000000	0.000000	0.000000
-0.957109	-0.890561	0.781835	0.000000	0.000000	0.000000	0.000000	0.000000	0.000000	0.000000
-0.957171	-0.891311	0.782490	-0.000000	0.000000	0.000000	0.000000	0.000000	0.000000	0.000000
-0.957145	-0.891004	0.782917	0.000000	0.000000	0.000000	0.000000	0.000000	0.000000	0.000000
-0.957157	-0.890400	0.782075	-0.000000	0.000000	0.000000	0.000000	0.000000	0.000000	0.000000
-0.957125	-0.890811	0.782422	0.000000	0.000000	0.000000	0.000000	0.000000	0.000000	0.000000
-0.957120	-0.889953	0.782669	-0.000000	0.000000	0.000000	0.000000	0.000000	0.000000	0.000000
-0.957136	-0.890285	0.782039	-0.000000	0.000000	0.000000	0.000000	0.000000	0.000000	0.000000
-0.957139	-0.890296	0.782384	0.000000	0.000000	0.000000	0.000000	0.000000	0.000000	0.000000
-0.957156	-0.890343	0.782893	0.000000	0.000000	0.000000	0.000000	0.000000	0.000000	0.000000
-0.957025	-0.890254	0.782267	0.000000	0.000000	0.000000	0.000000	0.000000	0.000000	0.000000
-0.957168	-0.890094	0.782343	0.000000	0.000000	0.000000	0.000000	0.000000	0.000000	0.000000
-0.957121	-0.890616	0.782164	0.000000	0.000000	0.000000	0.000000	0.000000	0.000000	0.000000
-0.957111	-0.890780	0.781741	0.000000	0.000000	0.000000	0.000000	0.000000	0.000000	0.000000
-0.957104	-0.890945	0.770603	-0.000000	0.000000	0.000000	0.000000	0.000000	0.000000	0.000000
-0.957094	-0.890000	0.781827	0.000000	0.000000	0.000000	0.000000	0.000000	0.000000	0.000000
-0.957134	-0.890057	0.782507	0.000000	0.000000	0.000000	0.000000	0.000000	0.000000	0.000000
-0.957188	-0.890148	0.782293	-0.000000	0.000000	0.000000	0.000000	0.000000	0.000000	0.000000
-0.957177	-0.890520	0.782885	-0.000000	0.000000	0.000000	0.000000	0.000000	0.000000	0.000000
-0.957092	-0.891018	0.782555	-0.000000	0.000000	0.000000	0.000000	0.000000	0.000000	0.000000
-0.957053	-0.890678	0.781890	0.000000	0.000000	0.000000	0.000000	0.000000	0.000000	0.000000
-0.957110	-0.890404	0.782209	0.000000	0.000000	0.000000	0.000000	0.000000	0.000000	0.000000
-0.957165	-0.890780	0.782164	-0.000000	0.000000	0.000000	0.000000	0.000000	0.000000	0.000000
-0.957141	-0.890363	0.781793	-0.000000	0.000000	0.000000	0.000000	0.000000	0.000000	0.000000
-0.957130	-0.890866	0.782180	0.000000	0.000000	0.000000	0.000000	0.000000	0.000000	0.000000
-0.957118	-0.889965	0.782236	0.000000	0.000000	0.000000	0.000000	0.000000	0.000000	0.000000
-0.957094	-0.890490	0.782964	0.000000	0.000000	0.000000	0.000000	0.000000	0.000000	0.000000
-0.957134	-0.890263	0.782497	0.000000	0.000000	0.000000	0.000000	0.000000	0.000000	0.000000
-0.957096	-0.890565	0.782197	0.000000	0.000000	0.000000	0.000000	0.000000	0.000000	0.000000
-0.957153	-0.890526	0.782089	0.000000	0.000000	0.000000	0.000000	0.000000	0.000000	0.000000
-0.957143	-0.890504	0.782118	-0.000000	0.000000	0.000000	0.000000	0.000000	0.000000	0.000000
-0.957165	-0.890162	0.782518	0.000000	0.000000	0.000000	0.000000	0.000000	0.000000	0.000000
-0.957125	-0.890132	0.782683	0.000000	0.000000	0.000000	0.000000	0.000000	0.000000	0.000000
-0.957102	-0.890600	0.782571	-0.000000	0.000000	0.000000	0.000000	0.000000	0.000000	0.000000
-0.957130	-0.890678	0.782355	0.000000	0.000000	0.000000	0.000000	0.000000	0.000000	0.000000
-0.957118	-0.890891	0.782483	-0.000000	0.000000	0.000000	0.000000	0.000000	0.000000	0.000000
-0.957164	-0.890480	0.782117	0.000000	0.000000	0.000000	0.000000	0.000000	0.000000	0.000000
-0.957141	-0.890474	0.782859	0.000000	0.000000	0.000000	0.000000	0.000000	0.000000	0.000000
-0.957123	-0.890902	0.782282	0.000000	0.000000	0.000000	0.000000	0.000000	0.000000	0.000000
-0.957146	-0.890333	0.783037	-0.000000	0.000000	0.000000	0.000000	0.000000	0.000000	0.000000
-0.957139	-0.890789	0.782059	-0.000000	0.000000	0.000000	0.000000	0.000000	0.000000	0.000000
-0.957141	-0.890351	0.782749	0.000000	0.000000	0.000000	0.000000	0.000000	0.000000	0.000000
-0.957125	-0.889955	0.781906	-0.000000	0.000000	0.000000	0.000000	0.000000	0.000000	0.000000
-0.957145	-0.890240	0.781774	0.000000	0.000000	0.000000	0.000000	0.000000	0.000000	0.000000
-0.957106	-0.890345	0.782570	-0.000000	0.000000	0.000000	0.000000	0.000000	0.000000	0.000000
-0.957100	-0.890407	0.781723	0.000000	0.000000	0.000000	0.000000	0.000000	0.000000	0.000000
-0.957113	-0.890565	0.781316	0.000000	0.000000	0.000000	0.000000	0.000000	0.000000	0.000000
-0.957121	-0.890756	0.781988	-0.000000	0.000000	0.000000	0.000000	0.000000	0.000000	0.000000
-0.957116	-0.890514	0.781863	0.000000	0.000000	0.000000	0.000000	0.000000	0.000000	0.000000
-0.957109	-0.890832	0.782261	-0.000000	0.000000	0.000000	0.000000	0.000000	0.000000	0.000000
-0.957075	-0.890071	0.782079	-0.000000	0.000000	0.000000	0.000000	0.000000	0.000000	0.000000
-0.957140	-0.890866	0.782103	-0.000000	0.000000	0.000000	0.000000	0.000000	0.000000	0.000000
-0.957072	-0.890685	0.782570	-0.000000	0.000000	0.000000	0.000000	0.000000	0.000000	0.000000
-0.957056	-0.890572	0.782568	-0.000000	0.000000	0.000000	0.000000	0.000000	0.000000	0.000000
-0.957143	-0.890551	0.782307	0.000000	0.000000	0.000000	0.000000	0.000000	0.000000	0.000000
-0.957054	-0.890844	0.782218	0.000000	0.000000	0.000000	0.000000	0.000000	0.000000	0.000000
-0.957083	-0.890410	0.781802	0.000000	0.000000	0.000000	0.000000	0.000000	0.000000	0.000000
-0.957233	-0.890193	0.782664	0.000000	0.000000	0.000000	0.000000	0.000000	0.000000	0.000000
-0.957133	-0.890500	0.782085	0.000000	0.000000	0.000000	0.000000	0.000000	0.000000	0.000000
-0.957160	-0.890889	0.782131	0.000000	0.000000	0.000000	0.000000	0.000000	0.000000	0.000000
-0.957087	-0.890260	0.782563	0.000000	0.000000	0.000000	0.000000	0.000000	0.000000	0.000000
-0.957081	-0.890775	0.782718	-0.000000	0.000000	0.000000	0.000000	0.000000	0.000000	0.000000
-0.957114	-0.890995	0.782504	0.000000	0.000000	0.000000	0.000000	0.000000	0.000000	0.000000
-0.957095	-0.890907	0.782365	0.000000	0.000000	0.000000	0.000000	0.000000	0.000000	0.000000
-0.957111	-0.890496	0.782658	0.000000	0.000000	0.000000	0.000000	0.000000	0.000000	0.000000
-0.957135	-0.890625	0.782641	-0.000000	0.000000	0.000000	0.000000	0.000000	0.000000	0.000000
-0.957173	-0.890534	0.782296	-0.000000	0.000000	0.000000	0.000000	0.000000	0.000000	0.000000
-0.957149	-0.890170	0.781929	0.000000	0.000000	0.000000	0.000000	0.000000	0.000000	0.000000
-0.957128	-0.890332	0.782425	-0.000000	0.000000	0.000000	0.000000	0.000000	0.000000	0.000000
-0.957081	-0.891259	0.782620	-0.000000	0.000000	0.000000	0.000000	0.000000	0.000000	0.000000
-0.957109	-0.890562	0.782806	0.000000	0.000000	0.000000	0.000000	0.000000	0.000000	0.000000
-0.957124	-0.890341	0.782380	-0.000000	0.000000	0.000000	0.000000	0.000000	0.000000	0.000000
-0.957152	-0.890402	0.782309	0.000000	0.000000	0.000000	0.000000	0.000000	0.000000	0.000000
-0.957145	-0.890687	0.781970	-0.000000	0.000000	0.000000	0.000000	0.000000	0.000000	0.000000
-0.957168	-0.890577	0.782254	0.000000	0.000000	0.000000	0.000000	0.000000	0.000000	0.000000
-0.957157	-0.890721	0.782426	-0.000000	0.000000	0.000000	0.000000	0.000000	0.000000	0.000000
-0.957098	-0.890743	0.782422	-0.000000	0.000000	0.000000	0.000000	0.000000	0.000000	0.000000
-0.957143	-0.890776	0.782419	0.000000	0.000000	0.000000	0.000000	0.000000	0.000000	0.000000
-0.957122	-0.890637	0.782552	-0.000000	0.000000	0.000000	0.000000	0.000000	0.000000	0.000000
-0.957171	-0.890239	0.782424	0.000000	0.000000	0.000000	0.000000	0.000000	0.000000	0.000000
-0.957148	-0.890636	0.782450	-0.000000	0.000000	0.000000	0.000000	0.000000	0.000000	0.000000
-0.957091	-0.889809	0.781812	-0.000000	0.000000	0.000000	0.000000	0.000000	0.000000	0.000000
-0.957062	-0.890222	0.782432	0.000000	0.000000	0.000000	0.000000	0.000000	0.000000	0.000000
-0.957179	-0.890454	0.781796	0.000000	0.000000	0.000000	0.000000	0.000000	0.000000	0.000000
-0.957142	-0.890366	0.782047	0.000000	0.000000	0.000000	0.000000	0.000000	0.000000	0.000000
-0.957166	-0.890365	0.782491	0.000000	0.000000	0.000000	0.000000	0.000000	0.000000	0.000000
-0.957122	-0.890442	0.782357	0.000000	0.000000	0.000000	0.000000	0.000000	0.000000	0.000000
-0.957159	-0.890596	0.782727	-0.000000	0.000000	0.000000	0.000000	0.000000	0.000000	0.000000
-0.957167	-0.890758	0.782080	0.000000	0.000000	0.000000	0.000000	0.000000	0.000000	0.000000
-0.957070	-0.890459	0.782102	0.000000	0.000000	0.000000	0.000000	0.000000	0.000000	0.000000
-0.957192	-0.891018	0.782544	-0.000000	0.000000	0.000000	0.000000	0.000000	0.000000	0.000000
-0.957228	-0.890642	0.782797	0.000000	0.000000	0.000000	0.000000	0.000000	0.000000	0.000000
-0.957089	-0.889962	0.782711	0.000000	0.000000	0.000000	0.000000	0.000000	0.000000	0.000000
-0.957095	-0.890962	0.782243	-0.000000	0.000000	0.000000	0.000000	0.000000	0.000000	0.000000
-0.957051	-0.890362	0.732117	0.000000	0.000000	0.000000	0.000000	0.000000	0.000000	0.000000
-0.957087	-0.890503	0.782417	-0.000000	0.000000	0.000000	0.000000	0.000000	0.000000	0.000000
-0.957118	-0.890167	0.782452	-0.000000	0.000000	0.000000	0.000000	0.000000	0.000000	0.000000
-0.957177	-0.890363	0.782261	0.000000	0.000000	0.000000	0.000000	0.000000	0.000000	0.000000
-0.957164	-0.890949	0.782195	-0.000000	0.000000	0.000000	0.000000	0.000000	0.000000	0.000000
-0.957119	-0.890937	0.782703	0.000000	0.000000	0.000000	0.000000	0.000000	0.000000	0.000000
-0.957149	-0.890887	0.782610	0.000000	0.000000	0.000000	0.000000	0.000000	0.000000	0.000000
-0.957143	-0.890265	0.782490	0.000000	0.000000	0.000000	0.000000	0.000000	0.000000	0.000000
-0.957087	-0.891175	0.782518	-0.000000	0.000000	0.000000	0.000000	0.000000	0.000000	0.000000
-0.957033	-0.890374	0.781914	-0.000000	0.000000	0.000000	0.000000	0.000000	0.000000	0.000000
-0.957101	-0.890513	0.781973	0.000000	0.000000	0.000000	0.000000	0.000000	0.000000	0.000000
-0.957106	-0.890361	0.781799	-0.000000	0.000000	0.000000	0.000000	0.000000	0.000000	0.000000
-0.957143	-0.890521	0.782308	0.000000	0.000000	0.000000	0.000000	0.000000	0.000000	0.000000
-0.957063	-0.890705	0.782058	0.000000	0.000000	0.000000	0.000000	0.000000	0.000000	0.000000
-0.957143	-0.890673	0.782851	-0.000000	0.000000	0.000000	0.000000	0.000000	0.000000	0.000000
-0.957121	-0.890593	0.782635	0.000000	0.000000	0.000000	0.000000	0.000000	0.000000	0.000000
-0.957114	-0.890938	0.782744	-0.000000	0.000000	0.000000	0.000000	0.000000	0.000000	0.000000
-0.957095	-0.890390	0.781892	0.000000	0.000000	0.000000	0.000000	0.000000	0.000000	0.000000
-0.957117	-0.890272	0.782519	0.000000	0.000000	0.000000	0.000000	0.000000	0.000000	0.000000
-0.957120	-0.891097	0.782084	-0.000000	0.000000	0.000000	0.000000	0.000000	0.000000	0.000000
-0.957122	-0.891082	0.782948	-0.000000	0.000000	0.000000	0.000000	0.000000	0.000000	0.000000
-0.957048	0.831023	-0.000000	-0.000065	0.000000	0.000000	0.000000	0.000000	0.000000	0.000000
-0.957173	0.830963	-0.000000	0.756863	0.000000	0.000000	0.000000	0.000000	0.000000	0.000000
-0.957074	0.831539	0.000000	0.756886	0.000000	0.000000	0.000000	0.000000	0.000000	0.000000
-0.957093	0.831474	0.000000	0.756803	0.000000	0.000000	0.000000	0.000000	0.000000	0.000000
-0.957128	0.831363	0.000000	0.756748	0.000000	0.000000	0.000000	0.000000	0.000000	0.000000
-0.957132	0.831833	-0.000000	0.757352	0.000000	0.000000	0.000000	0.000000	0.000000	0.000000
-0.957093	0.831408	0.000000	0.756996	0.000000	0.000000	0.000000	0.000000	0.000000	0.000000
-0.957169	0.831970	0.000000	0.756987	0.000000	0.000000	0.000000	0.000000	0.000000	0.000000
-0.957117	0.831439	-0.000000	0.755814	0.000000	0.000000	0.000000	0.000000	0.000000	0.000000
-0.957107	0.831340	0.000000	0.756378	0.000000	0.000000	0.000000	0.000000	0.000000	0.000000
-0.957105	0.831577	0.000000	0.756949	0.000000	0.000000	0.000000	0.000000	0.000000	0.000000
-0.957105	0.831267	0.000000	0.756979	0.000000	0.000000	0.000000	0.000000	0.000000	0.000000
-0.957156	0.831476	0.000000	0.757228	0.000000	0.000000	0.000000	0.000000	0.000000	0.000000
-0.957149	0.831259	0.000000	0.757018	0.000000	0.000000	0.000000	0.000000	0.000000	0.000000
-0.957065	0.831287	0.000000	0.756432	0.000000	0.000000	0.000000	0.000000	0.000000	0.000000
-0.957129	0.831022	-0.000000	0.756486	0.000000	0.000000	0.000000	0.000000	0.000000	0.000000
-0.957166	0.831198	-0.000000	0.755726	0.000000	0.000000	0.000000	0.000000	0.000000	0.000000
-0.957053	0.831051	0.000000	0.756866	0.000000	0.000000	0.000000	0.000000	0.000000	0.000000
-0.957133	0.831211	0.000000	0.756775	0.000000	0.000000	0.000000	0.000000	0.000000	0.000000
-0.957159	0.831487	0.000000	0.756933	0.000000	0.000000	0.000000	0.000000	0.000000	0.000000
-0.957169	0.831338	0.000000	0.755841	0.000000	0.000000	0.000000	0.000000	0.000000	0.000000
-0.957096	0.831180	-0.000000	0.756282	0.000000	0.000000	0.000000	0.000000	0.000000	0.000000
-0.957147	0.831887	-0.000000	0.756676	0.000000	0.000000	0.000000	0.000000	0.000000	0.000000
-0.957083	0.831056	0.000000	0.755912	0.000000	0.000000	0.000000	0.000000	0.000000	0.000000
-0.957188	0.831827	-0.000000	0.756815	0.000000	0.000000	0.000000	0.000000	0.000000	0.000000
-0.957100	0.831123	0.000000	0.756335	0.000000	0.000000	0.000000	0.000000	0.000000	0.000000
-0.957040	0.831434	-0.000000	0.756546	0.000000	0.000000	0.000000	0.000000	0.000000	0.000000
-0.957209	0.831354	-0.000000	0.756577	0.000000	0.000000	0.000000	0.000000	0.000000	0.000000
-0.957116	0.831341	0.000000	0.755979	0.000000	0.000000	0.000000	0.000000	0.000000	0.000000
-0.957093	0.831403	0.000000	0.734352	0.000000	0.000000	0.000000	0.000000	0.000000	0.000000
-0.957210	0.831807	-0.000000	0.756944	0.000000	0.000000	0.000000	0.000000	0.000000	0.000000
-0.957121	0.831161	-0.000000	0.756237	0.000000	0.000000	0.000000	0.000000	0.000000	0.000000
-0.957134	0.831574	-0.000000	0.756820	0.000000	0.000000	0.000000	0.000000	0.000000	0.000000
-0.957245	0.831283	0.000000	0.756745	0.000000	0.000000	0.000000	0.000000	0.000000	0.000000
-0.957115	0.831216	-0.000000	0.756898	0.000000	0.000000	0.000000	0.000000	0.000000	0.000000
-0.957136	0.831273	-0.000000	0.756902	0.000000	0.000000	0.000000	0.000000	0.000000	0.000000
-0.957186	0.831275	0.000000	0.750823	0.000000	0.000000	0.000000	0.000000	0.000000	0.000000
-0.957170	0.831359	-0.000000	0.756181	0.000000	0.000000	0.000000	0.000000	0.000000	0.000000
-0.957150	0.831438	0.000000	0.756654	0.000000	0.000000	0.000000	0.000000	0.000000	0.000000
-0.957085	0.831137	0.000000	0.756884	0.000000	0.000000	0.000000	0.000000	0.000000	0.000000
-0.957136	0.831637	-0.000000	0.756181	0.000000	0.000000	0.000000	0.000000	0.000000	0.000000
-0.957149	0.831071	-0.000000	0.742539	0.000000	0.000000	0.000000	0.000000	0.000000	0.000000
-0.957123	0.831329	0.000000	0.757077	0.000000	0.000000	0.000000	0.000000	0.000000	0.000000
-0.957145	0.831411	-0.000000	0.756650	0.000000	0.000000	0.000000	0.000000	0.000000	0.000000
-0.957151	0.831489	0.000000	0.756618	0.000000	0.000000	0.000000	0.000000	0.000000	0.000000
-0.957166	0.831279	-0.000000	0.756579	0.000000	0.000000	0.000000	0.000000	0.000000	0.000000
-0.957121	0.831206	-0.000000	0.756525	0.000000	0.000000	0.000000	0.000000	0.000000	0.000000
-0.957171	0.832063	0.000000	0.756710	0.000000	0.000000	0.000000	0.000000	0.000000	0.000000
-0.957159	0.831204	0.000000	0.755073	0.000000	0.000000	0.000000	0.000000	0.000000	0.000000
-0.957057	0.831327	0.000000	0.756671	0.000000	0.000000	0.000000	0.000000	0.000000	0.000000
-0.957068	0.831395	0.000000	0.757000	0.000000	0.000000	0.000000	0.000000	0.000000	0.000000
-0.957153	0.831331	-0.000000	0.744874	0.000000	0.000000	0.000000	0.000000	0.000000	0.000000
-0.957067	0.831325	-0.000000	0.756258	0.000000	0.000000	0.000000	0.000000	0.000000	0.000000
-0.957129	0.831292	0.000000	0.756918	0.000000	0.000000	0.000000	0.000000	0.000000	0.000000
-0.957126	0.831263	0.000000	0.756706	0.000000	0.000000	0.000000	0.000000	0.000000	0.000000
-0.957128	0.831501	0.000000	0.756323	0.000000	0.000000	0.000000	0.000000	0.000000	0.000000
-0.957054	0.831548	-0.000000	0.756941	0.000000	0.000000	0.000000	0.000000	0.000000	0.000000
-0.957107	0.831694	-0.000000	0.757249	0.000000	0.000000	0.000000	0.000000	0.000000	0.000000
-0.957193	0.831262	0.000000	0.756966	0.000000	0.000000	0.000000	0.000000	0.000000	0.000000
-0.957126	0.831401	0.000000	0.756581	0.000000	0.000000	0.000000	0.000000	0.000000	0.000000
-0.957184	0.831285	-0.000000	0.756205	0.000000	0.000000	0.000000	0.000000	0.000000	0.000000
-0.957050	0.831092	0.000000	0.756176	0.000000	0.000000	0.000000	0.000000	0.000000	0.000000
-0.957174	0.831313	0.000000	0.757146	0.000000	0.000000	0.000000	0.000000	0.000000	0.000000
-0.957118	0.831596	-0.000000	0.736888	0.000000	0.000000	0.000000	0.000000	0.000000	0.000000
-0.957200	0.831413	0.000000	0.756272	0.000000	0.000000	0.000000	0.000000	0.000000	0.000000
-0.957163	0.831599	0.000000	0.756573	0.000000	0.000000	0.000000	0.000000	0.000000	0.000000
-0.957179	0.831352	0.000000	0.756739	0.000000	0.000000	0.000000	0.000000	0.000000	0.000000
-0.957039	0.831438	0.000000	0.750234	0.000000	0.000000	0.000000	0.000000	0.000000	0.000000
-0.957103	0.831267	0.000000	0.756192	0.000000	0.000000	0.000000	0.000000	0.000000	0.000000
-0.957090	0.831516	0.000000	0.754666	0.000000	0.000000	0.000000	0.000000	0.000000	0.000000
-0.957094	0.831216	0.000000	0.756511	0.000000	0.000000	0.000000	0.000000	0.000000	0.000000
-0.957074	0.831240	-0.000000	0.756730	0.000000	0.000000	0.000000	0.000000	0.000000	0.000000
-0.957103	0.831113	0.000000	0.756972	0.000000	0.000000	0.000000	0.000000	0.000000	0.000000
-0.957171	0.831506	0.000000	0.756942	0.000000	0.000000	0.000000	0.000000	0.000000	0.000000
-0.957210	0.831661	-0.000000	0.756709	0.000000	0.000000	0.000000	0.000000	0.000000	0.000000
-0.957127	0.831693	-0.000000	0.757268	0.000000	0.000000	0.000000	0.000000	0.000000	0.000000
-0.957116	0.831417	0.000000	0.755405	0.000000	0.000000	0.000000	0.000000	0.000000	0.000000
-0.957066	0.830944	-0.000000	0.756603	0.000000	0.000000	0.000000	0.000000	0.000000	0.000000
-0.957130	0.831534	0.000000	0.755133	0.000000	0.000000	0.000000	0.000000	0.000000	0.000000
-0.957127	0.831817	0.000000	0.756923	0.000000	0.000000	0.000000	0.000000	0.000000	0.000000
-0.957119	0.831279	0.000000	0.756366	0.000000	0.000000	0.000000	0.000000	0.000000	0.000000
-0.957197	0.831846	-0.000000	0.756616	0.000000	0.000000	0.000000	0.000000	0.000000	0.000000
-0.957115	0.831723	0.000000	0.756365	0.000000	0.000000	0.000000	0.000000	0.000000	0.000000
-0.957081	0.831724	-0.000000	0.756622	0.000000	0.000000	0.000000	0.000000	0.000000	0.000000
-0.957148	0.831307	0.000000	0.754978	0.000000	0.000000	0.000000	0.000000	0.000000	0.000000
-0.957139	0.831285	0.000000	0.757421	0.000000	0.000000	0.000000	0.000000	0.000000	0.000000
-0.957150	0.831571	-0.000000	0.756424	0.000000	0.000000	0.000000	0.000000	0.000000	0.000000
-0.957131	0.831318	-0.000000	0.756329	0.000000	0.000000	0.000000	0.000000	0.000000	0.000000
-0.957151	0.830259	0.000000	0.756722	0.000000	0.000000	0.000000	0.000000	0.000000	0.000000
-0.957127	0.831126	0.000000	0.757116	0.000000	0.000000	0.000000	0.000000	0.000000	0.000000
-0.957117	0.831818	0.000000	0.756404	0.000000	0.000000	0.000000	0.000000	0.000000	0.000000
-0.957181	0.831676	-0.000000	0.756834	0.000000	0.000000	0.000000	0.000000	0.000000	0.000000
-0.957126	0.831567	0.000000	0.756158	0.000000	0.000000	0.000000	0.000000	0.000000	0.000000
-0.957127	0.831621	-0.000000	0.757051	0.000000	0.000000	0.000000	0.000000	0.000000	0.000000
-0.957125	0.831183	-0.000000	0.756448	0.000000	0.000000	0.000000	0.000000	0.000000	0.000000
-0.957124	0.831142	-0.000000	0.756889	0.000000	0.000000	0.000000	0.000000	0.000000	0.000000
-0.957071	0.831564	0.000000	0.756615	0.000000	0.000000	0.000000	0.000000	0.000000	0.000000
-0.957180	0.831498	-0.000000	0.756717	0.000000	0.000000	0.000000	0.000000	0.000000	0.000000
-0.957136	0.831465	-0.000000	0.746811	0.000000	0.000000	0.000000	0.000000	0.000000	0.000000
-0.957122	0.831202	-0.000000	0.756637	0.000000	0.000000	0.000000	0.000000	0.000000	0.000000
-0.957155	0.831494	0.000000	0.756766	0.000000	0.000000	0.000000	0.000000	0.000000	0.000000
-0.957156	0.831587	0.000000	0.756450	0.000000	0.000000	0.000000	0.000000	0.000000	0.000000
-0.957165	0.831186	0.000000	0.756644	0.000000	0.000000	0.000000	0.000000	0.000000	0.000000
-0.957138	0.831048	0.000000	0.756388	0.000000	0.000000	0.000000	0.000000	0.000000	0.000000
-0.957119	0.831458	-0.000000	0.756677	0.000000	0.000000	0.000000	0.000000	0.000000	0.000000
-0.957118	0.831610	-0.000000	0.757239	0.000000	0.000000	0.000000	0.000000	0.000000	0.000000
-0.957187	0.831233	0.000000	0.756311	0.000000	0.000000	0.000000	0.000000	0.000000	0.000000
-0.957127	0.831748	0.000000	0.757023	0.000000	0.000000	0.000000	0.000000	0.000000	0.000000
-0.957080	0.831551	-0.000000	0.756646	0.000000	0.000000	0.000000	0.000000	0.000000	0.000000
-0.957170	0.831160	-0.000000	0.756618	0.000000	0.000000	0.000000	0.000000	0.000000	0.000000
-0.957099	0.831663	0.000000	0.757349	0.000000	0.000000	0.000000	0.000000	0.000000	0.000000
-0.957049	0.831503	-0.000000	0.756504	0.000000	0.000000	0.000000	0.000000	0.000000	0.000000
-0.957106	0.831169	0.000000	0.756849	0.000000	0.000000	0.000000	0.000000	0.000000	0.000000
-0.957132	0.831660	0.000000	0.755626	0.000000	0.000000	0.000000	0.000000	0.000000	0.000000
-0.957182	0.831575	0.000000	0.756752	0.000000	0.000000	0.000000	0.000000	0.000000	0.000000
-0.957120	0.831090	-0.000000	0.756749	0.000000	0.000000	0.000000	0.000000	0.000000	0.000000
-0.957106	0.831731	0.000000	0.756652	0.000000	0.000000	0.000000	0.000000	0.000000	0.000000
-0.957152	0.831436	-0.000000	0.756409	0.000000	0.000000	0.000000	0.000000	0.000000	0.000000
-0.957062	0.831232	0.000000	0.756835	0.000000	0.000000	0.000000	0.000000	0.000000	0.000000
-0.957169	0.831414	-0.000000	0.756075	0.000000	0.000000	0.000000	0.000000	0.000000	0.000000
-0.957166	0.831394	-0.000000	0.756182	0.000000	0.000000	0.000000	0.000000	0.000000	0.000000
-0.957128	0.831377	0.000000	0.756603	0.000000	0.000000	0.000000	0.000000	0.000000	0.000000
-0.957214	0.831371	0.000000	0.756371	0.000000	0.000000	0.000000	0.000000	0.000000	0.000000
-0.957125	0.831068	-0.000000	0.756320	0.000000	0.000000	0.000000	0.000000	0.000000	0.000000
-0.957075	0.831338	0.000000	0.756641	0.000000	0.000000	0.000000	0.000000	0.000000	0.000000
-0.957173	0.831275	-0.000000	0.755481	0.000000	0.000000	0.000000	0.000000	0.000000	0.000000
-0.957094	0.831602	0.000000	0.756498	0.000000	0.000000	0.000000	0.000000	0.000000	0.000000
-0.957155	0.831349	-0.000000	0.756519	0.000000	0.000000	0.000000	0.000000	0.000000	0.000000
-0.957149	0.831026	0.000000	0.756578	0.000000	0.000000	0.000000	0.000000	0.000000	0.000000
-0.957118	0.831571	0.000000	0.756643	0.000000	0.000000	0.000000	0.000000	0.000000	0.000000
-0.957158	0.831414	0.000000	0.756559	0.000000	0.000000	0.000000	0.000000	0.000000	0.000000
-0.957147	0.831471	0.000000	0.756682	0.000000	0.000000	0.000000	0.000000	0.000000	0.000000
-0.957136	0.831222	0.000000	0.756610	0.000000	0.000000	0.000000	0.000000	0.000000	0.000000
-0.957125	0.831622	0.000000	0.756687	0.000000	0.000000	0.000000	0.000000	0.000000	0.000000
-0.957122	0.831182	0.000000	0.756027	0.000000	0.000000	0.000000	0.000000	0.000000	0.000000
-0.957178	0.831151	0.000000	0.756361	0.000000	0.000000	0.000000	0.000000	0.000000	0.000000
-0.957078	0.831002	0.000000	0.756760	0.000000	0.000000	0.000000	0.000000	0.000000	0.000000
-0.957151	0.831430	0.000000	0.756703	0.000000	0.000000	0.000000	0.000000	0.000000	0.000000
-0.957065	0.831310	0.000000	0.756927	0.000000	0.000000	0.000000	0.000000	0.000000	0.000000
-0.957156	0.831417	0.000000	0.756681	0.000000	0.000000	0.000000	0.000000	0.000000	0.000000
-0.957111	0.831506	0.000000	0.756335	0.000000	0.000000	0.000000	0.000000	0.000000	0.000000
-0.957152	0.831201	0.000000	0.757265	0.000000	0.000000	0.000000	0.000000	0.000000	0.000000
-0.957091	0.831713	0.000000	0.756623	0.000000	0.000000	0.000000	0.000000	0.000000	0.000000
-0.957187	0.831807	0.000000	0.756466	0.000000	0.000000	0.000000	0.000000	0.000000	0.000000
-0.957113	0.831315	-0.000000	0.756542	0.000000	0.000000	0.000000	0.000000	0.000000	0.000000
-0.957131	0.831640	0.000000	0.756974	0.000000	0.000000	0.000000	0.000000	0.000000	0.000000
-0.957036	0.831206	0.000000	0.756703	0.000000	0.000000	0.000000	0.000000	0.000000	0.000000
-0.957133	0.830973	-0.000000	0.756236	0.000000	0.000000	0.000000	0.000000	0.000000	0.000000
-0.957088	0.831417	0.000000	0.756238	0.000000	0.000000	0.000000	0.000000	0.000000	0.000000
-0.957172	0.831069	-0.000000	0.754917	0.000000	0.000000	0.000000	0.000000	0.000000	0.000000
-0.957158	0.831231	-0.000000	0.756451	0.000000	0.000000	0.000000	0.000000	0.000000	0.000000
-0.957167	0.831371	-0.000000	0.701221	0.000000	0.000000	0.000000	0.000000	0.000000	0.000000
-0.957052	0.831263	0.000000	0.755024	0.000000	0.000000	0.000000	0.000000	0.000000	0.000000
-0.957074	0.831257	0.000000	0.756616	0.000000	0.000000	0.000000	0.000000	0.000000	0.000000
-0.957060	0.831583	-0.000000	0.756360	0.000000	0.000000	0.000000	0.000000	0.000000	0.000000
-0.957122	0.831522	0.000000	0.756890	0.000000	0.000000	0.000000	0.000000	0.000000	0.000000
-0.957130	0.831329	-0.000000	0.756697	0.000000	0.000000	0.000000	0.000000	0.000000	0.000000
-0.957078	0.831362	0.000000	0.756133	0.000000	0.000000	0.000000	0.000000	0.000000	0.000000
-0.957133	0.831506	0.000000	0.756143	0.000000	0.000000	0.000000	0.000000	0.000000	0.000000
-0.957208	0.831278	0.000000	0.756969	0.000000	0.000000	0.000000	0.000000	0.000000	0.000000
-0.957122	0.831243	-0.000000	0.757184	0.000000	0.000000	0.000000	0.000000	0.000000	0.000000
-0.957060	0.831165	0.000000	0.756467	0.000000	0.000000	0.000000	0.000000	0.000000	0.000000
-0.957145	0.831580	0.000000	0.756663	0.000000	0.000000	0.000000	0.000000	0.000000	0.000000
-0.957126	0.831321	0.000000	0.756367	0.000000	0.000000	0.000000	0.000000	0.000000	0.000000
-0.957074	0.831496	0.000000	0.756842	0.000000	0.000000	0.000000	0.000000	0.000000	0.000000
-0.957122	0.831776	0.000000	0.756305	0.000000	0.000000	0.000000	0.000000	0.000000	0.000000
-0.957096	0.831467	0.000000	0.756348	0.000000	0.000000	0.000000	0.000000	0.000000	0.000000
-0.957126	0.831559	0.000000	0.756780	0.000000	0.000000	0.000000	0.000000	0.000000	0.000000
-0.957085	0.830893	-0.000000	0.753136	0.000000	0.000000	0.000000	0.000000	0.000000	0.000000
-0.957157	0.831284	-0.000000	0.756762	0.000000	0.000000	0.000000	0.000000	0.000000	0.000000
-0.957103	0.831666	0.000000	0.756377	0.000000	0.000000	0.000000	0.000000	0.000000	0.000000
-0.957170	0.831352	-0.000000	0.756579	0.000000	0.000000	0.000000	0.000000	0.000000	0.000000
-0.957167	0.831851	0.000000	0.756575	0.000000	0.000000	0.000000	0.000000	0.000000	0.000000
-0.957160	0.831862	0.000000	0.757229	0.000000	0.000000	0.000000	0.000000	0.000000	0.000000
-0.957118	0.831256	0.000000	0.756388	0.000000	0.000000	0.000000	0.000000	0.000000	0.000000
-0.957140	0.831527	0.000000	0.756354	0.000000	0.000000	0.000000	0.000000	0.000000	0.000000
-0.957133	0.831454	0.000000	0.756310	0.000000	0.000000	0.000000	0.000000	0.000000	0.000000
-0.957059	0.831662	-0.000000	0.756629	0.000000	0.000000	0.000000	0.000000	0.000000	0.000000
-0.957115	0.831451	-0.000000	0.756577	0.000000	0.000000	0.000000	0.000000	0.000000	0.000000
-0.957134	0.831689	-0.000000	0.756689	0.000000	0.000000	0.000000	0.000000	0.000000	0.000000
-0.957098	0.831205	0.000000	0.756222	0.000000	0.000000	0.000000	0.000000	0.000000	0.000000
-0.957152	0.831382	-0.000000	0.756486	0.000000	0.000000	0.000000	0.000000	0.000000	0.000000
-0.957105	0.831412	0.000000	0.756821	0.000000	0.000000	0.000000	0.000000	0.000000	0.000000
-0.957118	0.831567	-0.000000	0.754879	0.000000	0.000000	0.000000	0.000000	0.000000	0.000000
-0.957142	0.831508	-0.000000	0.756914	0.000000	0.000000	0.000000	0.000000	0.000000	0.000000
-0.957155	0.831300	0.000000	0.756011	0.000000	0.000000	0.000000	0.000000	0.000000	0.000000
-0.957175	0.831534	0.000000	0.756699	0.000000	0.000000	0.000000	0.000000	0.000000	0.000000
-0.957127	0.831752	0.000000	0.757333	0.000000	0.000000	0.000000	0.000000	0.000000	0.000000
-0.957067	0.831167	0.000000	0.755562	0.000000	0.000000	0.000000	0.000000	0.000000	0.000000
-0.957089	0.831549	-0.000000	0.756351	0.000000	0.000000	0.000000	0.000000	0.000000	0.000000
-0.957101	0.831550	-0.000000	0.756475	0.000000	0.000000	0.000000	0.000000	0.000000	0.000000
-0.957126	0.831676	0.000000	0.757502	0.000000	0.000000	0.000000	0.000000	0.000000	0.000000
-0.957153	0.831400	0.000000	0.756441	0.000000	0.000000	0.000000	0.000000	0.000000	0.000000
-0.957136	0.831791	-0.000000	0.757121	0.000000	0.000000	0.000000	0.000000	0.000000	0.000000
-0.957190	0.831954	0.000000	0.756588	0.000000	0.000000	0.000000	0.000000	0.000000	0.000000
-0.957112	0.831334	0.000000	0.756602	0.000000	0.000000	0.000000	0.000000	0.000000	0.000000
-0.957106	0.831181	0.000000	0.756741	0.000000	0.000000	0.000000	0.000000	0.000000	0.000000
-0.957154	0.831249	0.000000	0.756458	0.000000	0.000000	0.000000	0.000000	0.000000	0.000000
-0.957116	0.831802	0.000000	0.756607	0.000000	0.000000	0.000000	0.000000	0.000000	0.000000
-0.957143	0.831466	-0.000000	0.756951	0.000000	0.000000	0.000000	0.000000	0.000000	0.000000
-0.957123	0.831684	0.000000	0.756715	0.000000	0.000000	0.000000	0.000000	0.000000	0.000000
-0.957103	0.831463	0.000000	0.756686	0.000000	0.000000	0.000000	0.000000	0.000000	0.000000
-0.957085	0.831171	-0.000000	0.757066	0.000000	0.000000	0.000000	0.000000	0.000000	0.000000
-0.957064	0.831226	0.000000	0.756615	0.000000	0.000000	0.000000	0.000000	0.000000	0.000000
-0.957141	0.831727	0.000000	0.756307	0.000000	0.000000	0.000000	0.000000	0.000000	0.000000
-0.957118	0.831390	0.000000	0.756336	0.000000	0.000000	0.000000	0.000000	0.000000	0.000000
-0.957159	0.831469	-0.000000	0.756645	0.000000	0.000000	0.000000	0.000000	0.000000	0.000000
-0.957130	0.831061	-0.000000	0.756567	0.000000	0.000000	0.000000	0.000000	0.000000	0.000000
-0.957104	0.831251	-0.000000	0.756576	0.000000	0.000000	0.000000	0.000000	0.000000	0.000000
-0.957168	0.831469	0.000000	0.757019	0.000000	0.000000	0.000000	0.000000	0.000000	0.000000
-0.957172	0.831777	-0.000000	0.756868	0.000000	0.000000	0.000000	0.000000	0.000000	0.000000
-0.957113	0.831660	0.000000	0.756303	0.000000	0.000000	0.000000	0.000000	0.000000	0.000000
-0.957159	0.831705	-0.000000	0.756650	0.000000	0.000000	0.000000	0.000000	0.000000	0.000000
-0.957092	0.831356	0.000000	0.756335	0.000000	0.000000	0.000000	0.000000	0.000000	0.000000
-0.957120	0.831391	-0.000000	0.756314	0.000000	0.000000	0.000000	0.000000	0.000000	0.000000
-0.957066	0.831507	0.000000	0.742562	0.000000	0.000000	0.000000	0.000000	0.000000	0.000000
-0.957102	0.830992	0.000000	0.756738	0.000000	0.000000	0.000000	0.000000	0.000000	0.000000
-0.957190	0.831060	0.000000	0.754556	0.000000	0.000000	0.000000	0.000000	0.000000	0.000000
-0.957079	0.831084	-0.000000	0.756507	0.000000	0.000000	0.000000	0.000000	0.000000	0.000000
-0.957119	0.831256	0.000000	0.755698	0.000000	0.000000	0.000000	0.000000	0.000000	0.000000
-0.957109	0.830986	0.000000	0.756494	0.000000	0.000000	0.000000	0.000000	0.000000	0.000000
-0.957158	0.831372	-0.000000	0.756596	0.000000	0.000000	0.000000	0.000000	0.000000	0.000000
-0.957122	0.831890	0.000000	0.756759	0.000000	0.000000	0.000000	0.000000	0.000000	0.000000
-0.957087	0.831143	0.000000	0.751153	0.000000	0.000000	0.000000	0.000000	0.000000	0.000000
-0.957185	0.831721	-0.000000	0.756425	0.000000	0.000000	0.000000	0.000000	0.000000	0.000000
-0.957167	0.831391	0.000000	0.756838	0.000000	0.000000	0.000000	0.000000	0.000000	0.000000
-0.957129	0.831194	-0.000000	0.755918	0.000000	0.000000	0.000000	0.000000	0.000000	0.000000
-0.957088	0.831255	-0.000000	0.756438	0.000000	0.000000	0.000000	0.000000	0.000000	0.000000
-0.957132	0.831352	-0.000000	0.756833	0.000000	0.000000	0.000000	0.000000	0.000000	0.000000
-0.957164	0.831388	-0.000000	0.754662	0.000000	0.000000	0.000000	0.000000	0.000000	0.000000
-0.957135	0.831191	0.000000	0.756465	0.000000	0.000000	0.000000	0.000000	0.000000	0.000000
-0.957163	0.831176	-0.000000	0.756824	0.000000	0.000000	0.000000	0.000000	0.000000	0.000000
-0.957148	0.831626	-0.000000	0.756578	0.000000	0.000000	0.000000	0.000000	0.000000	0.000000
-0.957164	0.831541	0.000000	0.756319	0.000000	0.000000	0.000000	0.000000	0.000000	0.000000
-0.957096	0.831376	0.000000	0.747900	0.000000	0.000000	0.000000	0.000000	0.000000	0.000000
-0.957137	0.831646	0.000000	0.756565	0.000000	0.000000	0.000000	0.000000	0.000000	0.000000
-0.957115	0.831575	0.000000	0.756557	0.000000	0.000000	0.000000	0.000000	0.000000	0.000000
-0.957135	0.831343	-0.000000	0.757153	0.000000	0.000000	0.000000	0.000000	0.000000	0.000000
-0.957149	0.831417	0.000000	0.756759	0.000000	0.000000	0.000000	0.000000	0.000000	0.000000
-0.957118	0.831825	-0.000000	0.757131	0.000000	0.000000	0.000000	0.000000	0.000000	0.000000
-0.957112	0.831755	0.000000	0.756611	0.000000	0.000000	0.000000	0.000000	0.000000	0.000000
-0.957016	0.831653	0.000000	0.757075	0.000000	0.000000	0.000000	0.000000	0.000000	0.000000
-0.957148	0.831394	0.000000	0.756507	0.000000	0.000000	0.000000	0.000000	0.000000	0.000000
-0.957074	0.831356	0.000000	0.756933	0.000000	0.000000	0.000000	0.000000	0.000000	0.000000
-0.957142	0.831417	-0.000000	0.756423	0.000000	0.000000	0.000000	0.000000	0.000000	0.000000
-0.957183	0.831072	0.000000	0.756222	0.000000	0.000000	0.000000	0.000000	0.000000	0.000000
-0.957086	0.831477	0.000000	0.756489	0.000000	0.000000	0.000000	0.000000	0.000000	0.000000
-0.957131	0.831388	-0.000000	0.755755	0.000000	0.000000	0.000000	0.000000	0.000000	0.000000
-0.957106	0.831056	0.000000	0.756535	0.000000	0.000000	0.000000	0.000000	0.000000	0.000000
-0.957116	0.831196	0.000000	0.757057	0.000000	0.000000	0.000000	0.000000	0.000000	0.000000
-0.957054	0.313864	0.000000	-0.000005	0.000000	0.000000	0.000000	0.000000	0.000000	0.000000
-0.957150	0.831243	0.000000	-0.847735	0.000000	0.000000	0.000000	0.000000	0.000000	0.000000
-0.957168	0.831414	-0.000000	-0.847735	0.000000	0.000000	0.000000	0.000000	0.000000	0.000000
-0.957097	0.831415	0.000000	-0.847723	0.000000	0.000000	0.000000	0.000000	0.000000	0.000000
-0.957158	0.831210	-0.000000	-0.847735	0.000000	0.000000	0.000000	0.000000	0.000000	0.000000
-0.957156	0.831383	-0.000000	-0.847735	0.000000	0.000000	0.000000	0.000000	0.000000	0.000000
-0.957151	0.831715	0.000000	-0.847735	0.000000	0.000000	0.000000	0.000000	0.000000	0.000000
-0.957065	0.831142	0.000000	-0.847729	0.000000	0.000000	0.000000	0.000000	0.000000	0.000000
-0.957111	0.831489	-0.000000	-0.847735	0.000000	0.000000	0.000000	0.000000	0.000000	0.000000
-0.957126	0.831138	0.000000	-0.847735	0.000000	0.000000	0.000000	0.000000	0.000000	0.000000
-0.957118	0.831088	0.000000	-0.847735	0.000000	0.000000	0.000000	0.000000	0.000000	0.000000
-0.957137	0.831092	0.000000	-0.847735	0.000000	0.000000	0.000000	0.000000	0.000000	0.000000
-0.957076	0.831807	-0.000000	-0.847735	0.000000	0.000000	0.000000	0.000000	0.000000	0.000000
-0.957142	0.831334	-0.000000	-0.847735	0.000000	0.000000	0.000000	0.000000	0.000000	0.000000
-0.957104	0.831058	0.000000	-0.847735	0.000000	0.000000	0.000000	0.000000	0.000000	0.000000
-0.957116	0.831524	0.000000	-0.847735	0.000000	0.000000	0.000000	0.000000	0.000000	0.000000
-0.957132	0.831274	0.000000	-0.847735	0.000000	0.000000	0.000000	0.000000	0.000000	0.000000
-0.957147	0.832002	0.000000	-0.846408	0.000000	0.000000	0.000000	0.000000	0.000000	0.000000
-0.957117	0.831145	0.000000	-0.847026	0.000000	0.000000	0.000000	0.000000	0.000000	0.000000
-0.957112	0.831416	-0.000000	-0.847735	0.000000	0.000000	0.000000	0.000000	0.000000	0.000000
-0.957073	0.831558	-0.000000	-0.847735	0.000000	0.000000	0.000000	0.000000	0.000000	0.000000
-0.957012	0.831163	0.000000	-0.847658	0.000000	0.000000	0.000000	0.000000	0.000000	0.000000
-0.957116	0.831567	-0.000000	-0.847733	0.000000	0.000000	0.000000	0.000000	0.000000	0.000000
-0.957091	0.831299	-0.000000	-0.847735	0.000000	0.000000	0.000000	0.000000	0.000000	0.000000
-0.957165	0.831521	0.000000	-0.847712	0.000000	0.000000	0.000000	0.000000	0.000000	0.000000
-0.957121	0.831364	0.000000	-0.847735	0.000000	0.000000	0.000000	0.000000	0.000000	0.000000
-0.957115	0.831181	-0.000000	-0.847735	0.000000	0.000000	0.000000	0.000000	0.000000	0.000000
-0.957203	0.831859	0.000000	-0.847733	0.000000	0.000000	0.000000	0.000000	0.000000	0.000000
-0.957173	0.831173	0.000000	-0.847735	0.000000	0.000000	0.000000	0.000000	0.000000	0.000000
-0.957125	0.831521	0.000000	-0.847735	0.000000	0.000000	0.000000	0.000000	0.000000	0.000000
-0.957161	0.831143	-0.000000	-0.847735	0.000000	0.000000	0.000000	0.000000	0.000000	0.000000
-0.957119	0.831107	0.000000	-0.847735	0.000000	0.000000	0.000000	0.000000	0.000000	0.000000
-0.957108	0.831487	-0.000000	-0.846378	0.000000	0.000000	0.000000	0.000000	0.000000	0.000000
-0.957142	0.831287	0.000000	-0.847735	0.000000	0.000000	0.000000	0.000000	0.000000	0.000000
-0.957116	0.831471	-0.000000	-0.847735	0.000000	0.000000	0.000000	0.000000	0.000000	0.000000
-0.957109	0.831277	0.000000	-0.847735	0.000000	0.000000	0.000000	0.000000	0.000000	0.000000
-0.957189	0.831219	0.000000	-0.847735	0.000000	0.000000	0.000000	0.000000	0.000000	0.000000
-0.957075	0.831248	0.000000	-0.847734	0.000000	0.000000	0.000000	0.000000	0.000000	0.000000
-0.957157	0.831508	0.000000	-0.847735	0.000000	0.000000	0.000000	0.000000	0.000000	0.000000
-0.957055	0.831205	0.000000	-0.847735	0.000000	0.000000	0.000000	0.000000	0.000000	0.000000
-0.957066	0.831166	0.000000	-0.847735	0.000000	0.000000	0.000000	0.000000	0.000000	0.000000
-0.957122	0.831491	0.000000	-0.847735	0.000000	0.000000	0.000000	0.000000	0.000000	0.000000
-0.957138	0.831382	-0.000000	-0.847734	0.000000	0.000000	0.000000	0.000000	0.000000	0.000000
-0.957145	0.831320	0.000000	-0.847735	0.000000	0.000000	0.000000	0.000000	0.000000	0.000000
-0.957067	0.831798	-0.000000	-0.847732	0.000000	0.000000	0.000000	0.000000	0.000000	0.000000
-0.957156	0.831558	0.000000	-0.847735	0.000000	0.000000	0.000000	0.000000	0.000000	0.000000
-0.957145	0.831584	-0.000000	-0.847735	0.000000	0.000000	0.000000	0.000000	0.000000	0.000000
-0.957068	0.831335	0.000000	-0.846552	0.000000	0.000000	0.000000	0.000000	0.000000	0.000000
-0.957121	0.831658	-0.000000	-0.847724	0.000000	0.000000	0.000000	0.000000	0.000000	0.000000
-0.957152	0.831584	0.000000	-0.847735	0.000000	0.000000	0.000000	0.000000	0.000000	0.000000
-0.957136	0.831393	0.000000	-0.847735	0.000000	0.000000	0.000000	0.000000	0.000000	0.000000
-0.957129	0.831266	0.000000	-0.847733	0.000000	0.000000	0.000000	0.000000	0.000000	0.000000
-0.957141	0.831507	-0.000000	-0.847735	0.000000	0.000000	0.000000	0.000000	0.000000	0.000000
-0.957193	0.831637	-0.000000	-0.847735	0.000000	0.000000	0.000000	0.000000	0.000000	0.000000
-0.957118	0.831285	0.000000	-0.847735	0.000000	0.000000	0.000000	0.000000	0.000000	0.000000
-0.957101	0.831514	0.000000	-0.847735	0.000000	0.000000	0.000000	0.000000	0.000000	0.000000
-0.957075	0.831669	0.000000	-0.847735	0.000000	0.000000	0.000000	0.000000	0.000000	0.000000
-0.957122	0.831140	0.000000	-0.847735	0.000000	0.000000	0.000000	0.000000	0.000000	0.000000
-0.957100	0.831072	-0.000000	-0.847735	0.000000	0.000000	0.000000	0.000000	0.000000	0.000000
-0.957117	0.831375	-0.000000	-0.847735	0.000000	0.000000	0.000000	0.000000	0.000000	0.000000
-0.957190	0.831860	-0.000000	-0.847735	0.000000	0.000000	0.000000	0.000000	0.000000	0.000000
-0.957118	0.831289	-0.000000	-0.847735	0.000000	0.000000	0.000000	0.000000	0.000000	0.000000
-0.957173	0.831236	0.000000	-0.847735	0.000000	0.000000	0.000000	0.000000	0.000000	0.000000
-0.957182	0.831730	0.000000	-0.847735	0.000000	0.000000	0.000000	0.000000	0.000000	0.000000
-0.957192	0.831316	-0.000000	-0.847728	0.000000	0.000000	0.000000	0.000000	0.000000	0.000000
-0.957150	0.831571	0.000000	-0.847735	0.000000	0.000000	0.000000	0.000000	0.000000	0.000000
-0.957033	0.831338	-0.000000	-0.847735	0.000000	0.000000	0.000000	0.000000	0.000000	0.000000
-0.957105	0.831513	-0.000000	-0.847735	0.000000	0.000000	0.000000	0.000000	0.000000	0.000000
-0.957156	0.831673	0.000000	-0.847735	0.000000	0.000000	0.000000	0.000000	0.000000	0.000000
-0.957119	0.831729	0.000000	-0.847619	0.000000	0.000000	0.000000	0.000000	0.000000	0.000000
-0.957100	0.831772	-0.000000	-0.847735	0.000000	0.000000	0.000000	0.000000	0.000000	0.000000
-0.957139	0.831259	-0.000000	-0.847735	0.000000	0.000000	0.000000	0.000000	0.000000	0.000000
-0.957186	0.831223	0.000000	-0.847735	0.000000	0.000000	0.000000	0.000000	0.000000	0.000000
-0.957157	0.831617	0.000000	-0.847730	0.000000	0.000000	0.000000	0.000000	0.000000	0.000000
-0.957155	0.831685	0.000000	-0.847735	0.000000	0.000000	0.000000	0.000000	0.000000	0.000000
-0.957089	0.830985	-0.000000	-0.847735	0.000000	0.000000	0.000000	0.000000	0.000000	0.000000
-0.957131	0.831107	0.000000	-0.847735	0.000000	0.000000	0.000000	0.000000	0.000000	0.000000
-0.957131	0.831157	-0.000000	-0.847735	0.000000	0.000000	0.000000	0.000000	0.000000	0.000000
-0.957073	0.831390	-0.000000	-0.847735	0.000000	0.000000	0.000000	0.000000	0.000000	0.000000
-0.957117	0.831267	-0.000000	-0.847715	0.000000	0.000000	0.000000	0.000000	0.000000	0.000000
-0.957163	0.832064	-0.000000	-0.847428	0.000000	0.000000	0.000000	0.000000	0.000000	0.000000
-0.957140	0.831256	0.000000	-0.847735	0.000000	0.000000	0.000000	0.000000	0.000000	0.000000
-0.957066	0.831564	0.000000	-0.847720	0.000000	0.000000	0.000000	0.000000	0.000000	0.000000
-0.957155	0.831334	-0.000000	-0.847735	0.000000	0.000000	0.000000	0.000000	0.000000	0.000000
-0.957073	0.831459	-0.000000	-0.847735	0.000000	0.000000	0.000000	0.000000	0.000000	0.000000
-0.957150	0.831725	-0.000000	-0.847735	0.000000	0.000000	0.000000	0.000000	0.000000	0.000000
-0.957125	0.831490	0.000000	-0.847735	0.000000	0.000000	0.000000	0.000000	0.000000	0.000000
-0.957088	0.831636	-0.000000	-0.847689	0.000000	0.000000	0.000000	0.000000	0.000000	0.000000
-0.957166	0.831398	0.000000	-0.767663	0.000000	0.000000	0.000000	0.000000	0.000000	0.000000
-0.957122	0.831053	0.000000	-0.847735	0.000000	0.000000	0.000000	0.000000	0.000000	0.000000
-0.957092	0.831075	-0.000000	-0.847735	0.000000	0.000000	0.000000	0.000000	0.000000	0.000000
-0.957186	0.831628	0.000000	-0.847735	0.000000	0.000000	0.000000	0.000000	0.000000	0.000000
-0.957123	0.831190	0.000000	-0.847735	0.000000	0.000000	0.000000	0.000000	0.000000	0.000000
-0.957110	0.831773	-0.000000	-0.847735	0.000000	0.000000	0.000000	0.000000	0.000000	0.000000
-0.957135	0.831280	-0.000000	-0.847735	0.000000	0.000000	0.000000	0.000000	0.000000	0.000000
-0.957071	0.831563	-0.000000	-0.847728	0.000000	0.000000	0.000000	0.000000	0.000000	0.000000
-0.957104	0.830884	-0.000000	-0.847735	0.000000	0.000000	0.000000	0.000000	0.000000	0.000000
-0.957133	0.831413	0.000000	-0.847735	0.000000	0.000000	0.000000	0.000000	0.000000	0.000000
-0.957129	0.831283	-0.000000	-0.847646	0.000000	0.000000	0.000000	0.000000	0.000000	0.000000
-0.957111	0.831777	0.000000	-0.847726	0.000000	0.000000	0.000000	0.000000	0.000000	0.000000
-0.957148	0.831420	-0.000000	-0.847735	0.000000	0.000000	0.000000	0.000000	0.000000	0.000000
-0.957207	0.831657	-0.000000	-0.847731	0.000000	0.000000	0.000000	0.000000	0.000000	0.000000
-0.957057	0.831226	0.000000	-0.847735	0.000000	0.000000	0.000000	0.000000	0.000000	0.000000
-0.957118	0.831447	0.000000	-0.847735	0.000000	0.000000	0.000000	0.000000	0.000000	0.000000
-0.957172	0.831642	0.000000	-0.847735	0.000000	0.000000	0.000000	0.000000	0.000000	0.000000
-0.957153	0.831173	0.000000	-0.847650	0.000000	0.000000	0.000000	0.000000	0.000000	0.000000
-0.957083	0.831119	0.000000	-0.847735	0.000000	0.000000	0.000000	0.000000	0.000000	0.000000
-0.957094	0.831530	0.000000	-0.847735	0.000000	0.000000	0.000000	0.000000	0.000000	0.000000
-0.957090	0.831351	0.000000	-0.847735	0.000000	0.000000	0.000000	0.000000	0.000000	0.000000
-0.957130	0.831639	-0.000000	-0.847702	0.000000	0.000000	0.000000	0.000000	0.000000	0.000000
-0.957001	0.831237	0.000000	-0.847735	0.000000	0.000000	0.000000	0.000000	0.000000	0.000000
-0.957104	0.831488	-0.000000	-0.847735	0.000000	0.000000	0.000000	0.000000	0.000000	0.000000
-0.957164	0.831248	-0.000000	-0.847735	0.000000	0.000000	0.000000	0.000000	0.000000	0.000000
-0.957173	0.831414	0.000000	-0.847735	0.000000	0.000000	0.000000	0.000000	0.000000	0.000000
-0.957151	0.831745	0.000000	-0.847727	0.000000	0.000000	0.000000	0.000000	0.000000	0.000000
-0.957114	0.831147	0.000000	-0.845090	0.000000	0.000000	0.000000	0.000000	0.000000	0.000000
-0.957132	0.831433	0.000000	-0.847731	0.000000	0.000000	0.000000	0.000000	0.000000	0.000000
-0.957162	0.831365	-0.000000	-0.847735	0.000000	0.000000	0.000000	0.000000	0.000000	0.000000
-0.957116	0.831634	0.000000	-0.847712	0.000000	0.000000	0.000000	0.000000	0.000000	0.000000
-0.957110	0.830975	-0.000000	-0.847648	0.000000	0.000000	0.000000	0.000000	0.000000	0.000000
-0.957124	0.831332	0.000000	-0.847735	0.000000	0.000000	0.000000	0.000000	0.000000	0.000000
-0.957114	0.831079	0.000000	-0.847735	0.000000	0.000000	0.000000	0.000000	0.000000	0.000000
-0.957178	0.831516	0.000000	-0.847671	0.000000	0.000000	0.000000	0.000000	0.000000	0.000000
-0.957118	0.831330	0.000000	-0.847735	0.000000	0.000000	0.000000	0.000000	0.000000	0.000000
-0.957210	0.831249	-0.000000	-0.847735	0.000000	0.000000	0.000000	0.000000	0.000000	0.000000
-0.957078	0.831522	0.000000	-0.847727	0.000000	0.000000	0.000000	0.000000	0.000000	0.000000
-0.957142	0.831856	0.000000	-0.847714	0.000000	0.000000	0.000000	0.000000	0.000000	0.000000
-0.957078	0.831564	-0.000000	-0.847735	0.000000	0.000000	0.000000	0.000000	0.000000	0.000000
-0.957046	0.831367	0.000000	-0.847735	0.000000	0.000000	0.000000	0.000000	0.000000	0.000000
-0.957105	0.831766	0.000000	-0.847735	0.000000	0.000000	0.000000	0.000000	0.000000	0.000000
-0.957118	0.831086	-0.000000	-0.847035	0.000000	0.000000	0.000000	0.000000	0.000000	0.000000
-0.957115	0.831373	0.000000	-0.847725	0.000000	0.000000	0.000000	0.000000	0.000000	0.000000
-0.957078	0.831678	-0.000000	-0.847734	0.000000	0.000000	0.000000	0.000000	0.000000	0.000000
-0.957074	0.831288	0.000000	-0.847733	0.000000	0.000000	0.000000	0.000000	0.000000	0.000000
-0.957115	0.831636	0.000000	-0.847735	0.000000	0.000000	0.000000	0.000000	0.000000	0.000000
-0.957167	0.831520	0.000000	-0.847735	0.000000	0.000000	0.000000	0.000000	0.000000	0.000000
-0.957131	0.831357	0.000000	-0.847733	0.000000	0.000000	0.000000	0.000000	0.000000	0.000000
-0.957130	0.831824	0.000000	-0.847730	0.000000	0.000000	0.000000	0.000000	0.000000	0.000000
-0.957099	0.831272	0.000000	-0.847734	0.000000	0.000000	0.000000	0.000000	0.000000	0.000000
-0.957172	0.831248	-0.000000	-0.847735	0.000000	0.000000	0.000000	0.000000	0.000000	0.000000
-0.957152	0.831266	0.000000	-0.847735	0.000000	0.000000	0.000000	0.000000	0.000000	0.000000
-0.957022	0.831402	0.000000	-0.847735	0.000000	0.000000	0.000000	0.000000	0.000000	0.000000
-0.957132	0.831688	-0.000000	-0.847735	0.000000	0.000000	0.000000	0.000000	0.000000	0.000000
-0.957123	0.831305	-0.000000	-0.847731	0.000000	0.000000	0.000000	0.000000	0.000000	0.000000
-0.957181	0.831109	0.000000	-0.847735	0.000000	0.000000	0.000000	0.000000	0.000000	0.000000
-0.957083	0.831259	-0.000000	-0.847735	0.000000	0.000000	0.000000	0.000000	0.000000	0.000000
-0.957129	0.831501	0.000000	-0.847735	0.000000	0.000000	0.000000	0.000000	0.000000	0.000000
-0.957122	0.831751	-0.000000	-0.847733	0.000000	0.000000	0.000000	0.000000	0.000000	0.000000
-0.957158	0.831469	-0.000000	-0.847735	0.000000	0.000000	0.000000	0.000000	0.000000	0.000000
-0.957128	0.831327	0.000000	-0.847735	0.000000	0.000000	0.000000	0.000000	0.000000	0.000000
-0.957049	0.831285	-0.000000	-0.847136	0.000000	0.000000	0.000000	0.000000	0.000000	0.000000
-0.957135	0.831537	0.000000	-0.847735	0.000000	0.000000	0.000000	0.000000	0.000000	0.000000
-0.957096	0.831417	0.000000	-0.847735	0.000000	0.000000	0.000000	0.000000	0.000000	0.000000
-0.957134	0.831278	-0.000000	-0.847735	0.000000	0.000000	0.000000	0.000000	0.000000	0.000000
-0.957157	0.831542	-0.000000	-0.847735	0.000000	0.000000	0.000000	0.000000	0.000000	0.000000
-0.957128	0.831184	0.000000	-0.847735	0.000000	0.000000	0.000000	0.000000	0.000000	0.000000
-0.957136	0.831411	-0.000000	-0.847735	0.000000	0.000000	0.000000	0.000000	0.000000	0.000000
-0.957125	0.831500	0.000000	-0.847735	0.000000	0.000000	0.000000	0.000000	0.000000	0.000000
-0.957093	0.831822	-0.000000	-0.847295	0.000000	0.000000	0.000000	0.000000	0.000000	0.000000
-0.957131	0.831455	-0.000000	-0.847733	0.000000	0.000000	0.000000	0.000000	0.000000	0.000000
-0.957036	0.831273	0.000000	-0.847735	0.000000	0.000000	0.000000	0.000000	0.000000	0.000000
-0.957128	0.831610	-0.000000	-0.847735	0.000000	0.000000	0.000000	0.000000	0.000000	0.000000
-0.957121	0.831609	0.000000	-0.847735	0.000000	0.000000	0.000000	0.000000	0.000000	0.000000
-0.957109	0.830972	0.000000	-0.847682	0.000000	0.000000	0.000000	0.000000	0.000000	0.000000
-0.957135	0.831384	0.000000	-0.140641	0.000000	0.000000	0.000000	0.000000	0.000000	0.000000
-0.957110	0.830808	-0.000000	-0.847735	0.000000	0.000000	0.000000	0.000000	0.000000	0.000000
-0.957103	0.831557	0.000000	-0.846771	0.000000	0.000000	0.000000	0.000000	0.000000	0.000000
-0.957170	0.831470	0.000000	-0.847686	0.000000	0.000000	0.000000	0.000000	0.000000	0.000000
-0.957157	0.831457	-0.000000	-0.847735	0.000000	0.000000	0.000000	0.000000	0.000000	0.000000
-0.957108	0.831346	0.000000	-0.847735	0.000000	0.000000	0.000000	0.000000	0.000000	0.000000
-0.957110	0.831077	0.000000	-0.847735	0.000000	0.000000	0.000000	0.000000	0.000000	0.000000
-0.957155	0.831425	0.000000	-0.847651	0.000000	0.000000	0.000000	0.000000	0.000000	0.000000
-0.957118	0.831065	-0.000000	-0.847735	0.000000	0.000000	0.000000	0.000000	0.000000	0.000000
-0.957178	0.831911	0.000000	-0.847735	0.000000	0.000000	0.000000	0.000000	0.000000	0.000000
-0.957172	0.831614	0.000000	-0.847735	0.000000	0.000000	0.000000	0.000000	0.000000	0.000000
-0.957138	0.831828	0.000000	-0.847543	0.000000	0.000000	0.000000	0.000000	0.000000	0.000000
-0.957040	0.831113	0.000000	-0.847515	0.000000	0.000000	0.000000	0.000000	0.000000	0.000000
-0.957148	0.831637	0.000000	-0.847735	0.000000	0.000000	0.000000	0.000000	0.000000	0.000000
-0.957167	0.831665	0.000000	-0.847735	0.000000	0.000000	0.000000	0.000000	0.000000	0.000000
-0.957130	0.831744	0.000000	-0.847732	0.000000	0.000000	0.000000	0.000000	0.000000	0.000000
-0.957195	0.831424	0.000000	-0.847719	0.000000	0.000000	0.000000	0.000000	0.000000	0.000000
-0.957104	0.831524	0.000000	-0.847734	0.000000	0.000000	0.000000	0.000000	0.000000	0.000000
-0.957126	0.830813	0.000000	-0.847733	0.000000	0.000000	0.000000	0.000000	0.000000	0.000000
-0.957124	0.831336	0.000000	-0.847735	0.000000	0.000000	0.000000	0.000000	0.000000	0.000000
-0.957076	0.831336	-0.000000	-0.847725	0.000000	0.000000	0.000000	0.000000	0.000000	0.000000
-0.957089	0.831282	-0.000000	-0.847735	0.000000	0.000000	0.000000	0.000000	0.000000	0.000000
-0.957176	0.831942	0.000000	-0.847735	0.000000	0.000000	0.000000	0.000000	0.000000	0.000000
-0.957102	0.831302	-0.000000	-0.847735	0.000000	0.000000	0.000000	0.000000	0.000000	0.000000
-0.957140	0.831322	-0.000000	-0.847734	0.000000	0.000000	0.000000	0.000000	0.000000	0.000000
-0.957145	0.831590	-0.000000	-0.847735	0.000000	0.000000	0.000000	0.000000	0.000000	0.000000
-0.957224	0.831287	-0.000000	-0.847735	0.000000	0.000000	0.000000	0.000000	0.000000	0.000000
-0.957210	0.831216	0.000000	-0.847735	0.000000	0.000000	0.000000	0.000000	0.000000	0.000000
-0.957182	0.831470	0.000000	-0.847735	0.000000	0.000000	0.000000	0.000000	0.000000	0.000000
-0.957155	0.831897	-0.000000	-0.846772	0.000000	0.000000	0.000000	0.000000	0.000000	0.000000
-0.957180	0.831782	-0.000000	-0.847734	0.000000	0.000000	0.000000	0.000000	0.000000	0.000000
-0.957163	0.831626	0.000000	-0.847735	0.000000	0.000000	0.000000	0.000000	0.000000	0.000000
-0.957087	0.831110	0.000000	-0.847673	0.000000	0.000000	0.000000	0.000000	0.000000	0.000000
-0.957097	0.831502	-0.000000	-0.847728	0.000000	0.000000	0.000000	0.000000	0.000000	0.000000
-0.957106	0.831320	-0.000000	-0.847735	0.000000	0.000000	0.000000	0.000000	0.000000	0.000000
-0.957133	0.831256	-0.000000	-0.847005	0.000000	0.000000	0.000000	0.000000	0.000000	0.000000
-0.957141	0.831202	-0.000000	-0.847735	0.000000	0.000000	0.000000	0.000000	0.000000	0.000000
-0.957117	0.831246	0.000000	-0.847735	0.000000	0.000000	0.000000	0.000000	0.000000	0.000000
-0.957133	0.831072	0.000000	-0.847733	0.000000	0.000000	0.000000	0.000000	0.000000	0.000000
-0.957068	0.831273	0.000000	-0.847735	0.000000	0.000000	0.000000	0.000000	0.000000	0.000000
-0.957143	0.831437	0.000000	-0.847735	0.000000	0.000000	0.000000	0.000000	0.000000	0.000000
-0.957120	0.831451	0.000000	-0.847735	0.000000	0.000000	0.000000	0.000000	0.000000	0.000000
-0.957115	0.831110	0.000000	-0.847735	0.000000	0.000000	0.000000	0.000000	0.000000	0.000000
-0.957117	0.831483	-0.000000	-0.847734	0.000000	0.000000	0.000000	0.000000	0.000000	0.000000
-0.957142	0.831237	-0.000000	-0.847735	0.000000	0.000000	0.000000	0.000000	0.000000	0.000000
-0.957130	0.831182	0.000000	-0.847735	0.000000	0.000000	0.000000	0.000000	0.000000	0.000000
-0.957070	0.831272	0.000000	-0.847735	0.000000	0.000000	0.000000	0.000000	0.000000	0.000000
-0.957145	0.831434	0.000000	-0.847735	0.000000	0.000000	0.000000	0.000000	0.000000	0.000000
-0.957084	0.831122	0.000000	-0.847735	0.000000	0.000000	0.000000	0.000000	0.000000	0.000000
-0.957131	0.831606	0.000000	-0.847729	0.000000	0.000000	0.000000	0.000000	0.000000	0.000000
-0.957123	0.831535	0.000000	-0.847735	0.000000	0.000000	0.000000	0.000000	0.000000	0.000000
-0.957114	0.831557	-0.000000	-0.847205	0.000000	0.000000	0.000000	0.000000	0.000000	0.000000
-0.957175	0.831050	0.000000	-0.710022	0.000000	0.000000	0.000000	0.000000	0.000000	0.000000
-0.957079	0.831245	-0.000000	-0.847735	0.000000	0.000000	0.000000	0.000000	0.000000	0.000000
-0.957126	0.831121	-0.000000	-0.847735	0.000000	0.000000	0.000000	0.000000	0.000000	0.000000
-0.957119	0.831178	0.000000	-0.847729	0.000000	0.000000	0.000000	0.000000	0.000000	0.000000
-0.957102	0.831295	-0.000000	-0.847735	0.000000	0.000000	0.000000	0.000000	0.000000	0.000000
-0.957198	0.831002	0.000000	-0.847735	0.000000	0.000000	0.000000	0.000000	0.000000	0.000000
-0.957098	0.831072	0.000000	-0.847735	0.000000	0.000000	0.000000	0.000000	0.000000	0.000000
-0.957154	0.831610	0.000000	-0.847730	0.000000	0.000000	0.000000	0.000000	0.000000	0.000000
-0.957156	0.831390	0.000000	-0.847735	0.000000	0.000000	0.000000	0.000000	0.000000	0.000000
-0.957129	0.831958	0.000000	-0.847735	0.000000	0.000000	0.000000	0.000000	0.000000	0.000000
-0.957158	0.831318	-0.000000	-0.847735	0.000000	0.000000	0.000000	0.000000	0.000000	0.000000
-0.957108	0.831012	0.000000	-0.847735	0.000000	0.000000	0.000000	0.000000	0.000000	0.000000
-0.957108	0.831028	-0.000000	-0.847735	0.000000	0.000000	0.000000	0.000000	0.000000	0.000000
-0.957133	0.831749	-0.000000	-0.847735	0.000000	0.000000	0.000000	0.000000	0.000000	0.000000
-0.957097	0.831618	-0.000000	-0.847735	0.000000	0.000000	0.000000	0.000000	0.000000	0.000000
-0.957115	0.831674	0.000000	-0.847733	0.000000	0.000000	0.000000	0.000000	0.000000	0.000000
-0.957201	0.831259	0.000000	-0.847735	0.000000	0.000000	0.000000	0.000000	0.000000	0.000000
-0.957038	0.831155	-0.000000	-0.847735	0.000000	0.000000	0.000000	0.000000	0.000000	0.000000
-0.957081	0.831034	0.000000	-0.847735	0.000000	0.000000	0.000000	0.000000	0.000000	0.000000
-0.957003	0.831508	0.000000	-0.847733	0.000000	0.000000	0.000000	0.000000	0.000000	0.000000
-0.957135	0.831466	-0.000000	-0.847735	0.000000	0.000000	0.000000	0.000000	0.000000	0.000000
-0.957187	0.830953	0.000000	-0.847735	0.000000	0.000000	0.000000	0.000000	0.000000	0.000000
-0.957151	0.831395	-0.000000	-0.847735	0.000000	0.000000	0.000000	0.000000	0.000000	0.000000
-0.957156	0.831339	-0.000000	-0.847735	0.000000	0.000000	0.000000	0.000000	0.000000	0.000000
-0.957146	0.831595	0.000000	-0.847735	0.000000	0.000000	0.000000	0.000000	0.000000	0.000000
-0.957085	0.831131	0.000000	-0.847735	0.000000	0.000000	0.000000	0.000000	0.000000	0.000000
-0.957095	0.831088	-0.000000	-0.847734	0.000000	0.000000	0.000000	0.000000	0.000000	0.000000
-0.957115	0.831365	0.000000	-0.825074	0.000000	0.000000	0.000000	0.000000	0.000000	0.000000
-0.957085	0.831151	0.000000	-0.847735	0.000000	0.000000	0.000000	0.000000	0.000000	0.000000
-0.957196	0.831320	-0.000000	-0.847735	0.000000	0.000000	0.000000	0.000000	0.000000	0.000000
-0.957157	0.831042	0.000000	-0.847735	0.000000	0.000000	0.000000	0.000000	0.000000	0.000000
-0.957087	0.831401	0.000000	-0.847732	0.000000	0.000000	0.000000	0.000000	0.000000	0.000000
-0.957095	0.831103	-0.000000	-0.847731	0.000000	0.000000	0.000000	0.000000	0.000000	0.000000
-0.957115	0.831252	0.000000	-0.847732	0.000000	0.000000	0.000000	0.000000	0.000000	0.000000
