-0.961992	0.827927	-0.848586	0.000000	0.000000	0.000000	0.000000	0.000000	0.000000	0.000000
-0.961899	0.828450	-0.848434	-0.000000	0.000000	0.000000	0.000000	0.000000	0.000000	0.000000
-0.961957	0.828545	-0.848541	0.000000	0.000000	0.000000	0.000000	0.000000	0.000000	0.000000
-0.961908	0.827680	-0.848472	-0.000000	0.000000	0.000000	0.000000	0.000000	0.000000	0.000000
-0.961891	0.828204	-0.848569	-0.000000	0.000000	0.000000	0.000000	0.000000	0.000000	0.000000
-0.961955	0.828121	-0.848493	-0.000000	0.000000	0.000000	0.000000	0.000000	0.000000	0.000000
-0.961866	0.828038	-0.848422	0.000000	0.000000	0.000000	0.000000	0.000000	0.000000	0.000000
-0.961869	0.828475	-0.848405	-0.000000	0.000000	0.000000	0.000000	0.000000	0.000000	0.000000
-0.961920	0.827968	-0.848540	0.000000	0.000000	0.000000	0.000000	0.000000	0.000000	0.000000
-0.961944	0.828330	-0.848330	-0.000000	0.000000	0.000000	0.000000	0.000000	0.000000	0.000000
-0.961896	0.828439	-0.848470	0.000000	0.000000	0.000000	0.000000	0.000000	0.000000	0.000000
-0.961922	0.828039	-0.848317	0.000000	0.000000	0.000000	0.000000	0.000000	0.000000	0.000000
-0.961898	0.827855	-0.848751	0.000000	0.000000	0.000000	0.000000	0.000000	0.000000	0.000000
-0.961902	0.828762	-0.848497	-0.000000	0.000000	0.000000	0.000000	0.000000	0.000000	0.000000
-0.961895	0.827817	-0.848676	0.000000	0.000000	0.000000	0.000000	0.000000	0.000000	0.000000
-0.961941	0.828857	-0.848350	0.000000	0.000000	0.000000	0.000000	0.000000	0.000000	0.000000
-0.961971	0.828303	-0.848507	0.000000	0.000000	0.000000	0.000000	0.000000	0.000000	0.000000
-0.961930	0.827898	-0.848728	-0.000000	0.000000	0.000000	0.000000	0.000000	0.000000	0.000000
-0.961861	0.828324	-0.848558	0.000000	0.000000	0.000000	0.000000	0.000000	0.000000	0.000000
-0.961993	0.827912	-0.848502	-0.000000	0.000000	0.000000	0.000000	0.000000	0.000000	0.000000
-0.961913	0.827904	-0.848636	0.000000	0.000000	0.000000	0.000000	0.000000	0.000000	0.000000
-0.961891	0.828430	-0.848260	0.000000	0.000000	0.000000	0.000000	0.000000	0.000000	0.000000
-0.961946	0.828766	-0.848360	-0.000000	0.000000	0.000000	0.000000	0.000000	0.000000	0.000000
-0.961886	0.828197	-0.848235	0.000000	0.000000	0.000000	0.000000	0.000000	0.000000	0.000000
-0.961992	0.828158	-0.848615	-0.000000	0.000000	0.000000	0.000000	0.000000	0.000000	0.000000
-0.961968	0.827960	-0.848575	0.000000	0.000000	0.000000	0.000000	0.000000	0.000000	0.000000
-0.961907	0.828116	-0.848489	0.000000	0.000000	0.000000	0.000000	0.000000	0.000000	0.000000
-0.961925	0.828321	-0.848378	-0.000000	0.000000	0.000000	0.000000	0.000000	0.000000	0.000000
-0.961909	0.828347	-0.848578	0.000000	0.000000	0.000000	0.000000	0.000000	0.000000	0.000000
-0.961908	0.828555	-0.848551	-0.000000	0.000000	0.000000	0.000000	0.000000	0.000000	0.000000
-0.961939	0.828078	-0.848492	-0.000000	0.000000	0.000000	0.000000	0.000000	0.000000	0.000000
-0.961967	0.828578	-0.848502	-0.000000	0.000000	0.000000	0.000000	0.000000	0.000000	0.000000
-0.961939	0.828436	-0.848230	-0.000000	0.000000	0.000000	0.000000	0.000000	0.000000	0.000000
-0.961976	0.828220	-0.848284	0.000000	0.000000	0.000000	0.000000	0.000000	0.000000	0.000000
-0.961953	0.827999	-0.848549	-0.000000	0.000000	0.000000	0.000000	0.000000	0.000000	0.000000
-0.961886	0.828086	-0.848366	0.000000	0.000000	0.000000	0.000000	0.000000	0.000000	0.000000
-0.961911	0.828502	-0.848157	-0.000000	0.000000	0.000000	0.000000	0.000000	0.000000	0.000000
-0.961873	0.828584	-0.848532	-0.000000	0.000000	0.000000	0.000000	0.000000	0.000000	0.000000
-0.961951	0.828589	-0.848407	-0.000000	0.000000	0.000000	0.000000	0.000000	0.000000	0.000000
-0.961953	0.827915	-0.848583	-0.000000	0.000000	0.000000	0.000000	0.000000	0.000000	0.000000
-0.961983	0.828136	-0.848205	-0.000000	0.000000	0.000000	0.000000	0.000000	0.000000	0.000000
-0.961918	0.828059	-0.848382	-0.000000	0.000000	0.000000	0.000000	0.000000	0.000000	0.000000
-0.961954	0.828286	-0.848372	-0.000000	0.000000	0.000000	0.000000	0.000000	0.000000	0.000000
-0.961935	0.828464	-0.848284	-0.000000	0.000000	0.000000	0.000000	0.000000	0.000000	0.000000
-0.961957	0.827937	-0.848561	0.000000	0.000000	0.000000	0.000000	0.000000	0.000000	0.000000
-0.961946	0.828444	-0.848254	-0.000000	0.000000	0.000000	0.000000	0.000000	0.000000	0.000000
-0.961972	0.828490	-0.848558	0.000000	0.000000	0.000000	0.000000	0.000000	0.000000	0.000000
-0.961943	0.828231	-0.848446	0.000000	0.000000	0.000000	0.000000	0.000000	0.000000	0.000000
-0.961884	0.828782	-0.848443	0.000000	0.000000	0.000000	0.000000	0.000000	0.000000	0.000000
-0.961863	0.828560	-0.848558	0.000000	0.000000	0.000000	0.000000	0.000000	0.000000	0.000000
-0.961973	0.828145	-0.848437	0.000000	0.000000	0.000000	0.000000	0.000000	0.000000	0.000000
-0.961925	0.828275	-0.848462	-0.000000	0.000000	0.000000	0.000000	0.000000	0.000000	0.000000
-0.961892	0.828249	-0.848629	-0.000000	0.000000	0.000000	0.000000	0.000000	0.000000	0.000000
-0.961953	0.828617	-0.848541	-0.000000	0.000000	0.000000	0.000000	0.000000	0.000000	0.000000
-0.961912	0.828323	-0.848361	0.000000	0.000000	0.000000	0.000000	0.000000	0.000000	0.000000
-0.961926	0.828788	-0.848365	-0.000000	0.000000	0.000000	0.000000	0.000000	0.000000	0.000000
-0.961938	0.827991	-0.848485	-0.000000	0.000000	0.000000	0.000000	0.000000	0.000000	0.000000
-0.961905	0.828234	-0.848391	-0.000000	0.000000	0.000000	0.000000	0.000000	0.000000	0.000000
-0.961945	0.828199	-0.848391	-0.000000	0.000000	0.000000	0.000000	0.000000	0.000000	0.000000
-0.961876	0.828163	-0.848751	-0.000000	0.000000	0.000000	0.000000	0.000000	0.000000	0.000000
-0.961876	0.828224	-0.848597	-0.000000	0.000000	0.000000	0.000000	0.000000	0.000000	0.000000
-0.961938	0.828445	-0.848721	-0.000000	0.000000	0.000000	0.000000	0.000000	0.000000	0.000000
-0.961968	0.828511	-0.848322	-0.000000	0.000000	0.000000	0.000000	0.000000	0.000000	0.000000
-0.961949	0.828551	-0.848428	-0.000000	0.000000	0.000000	0.000000	0.000000	0.000000	0.000000
-0.961904	0.827855	-0.848518	0.000000	0.000000	0.000000	0.000000	0.000000	0.000000	0.000000
-0.961896	0.828254	-0.848477	0.000000	0.000000	0.000000	0.000000	0.000000	0.000000	0.000000
-0.961974	0.828437	-0.848448	-0.000000	0.000000	0.000000	0.000000	0.000000	0.000000	0.000000
-0.961930	0.828039	-0.848527	0.000000	0.000000	0.000000	0.000000	0.000000	0.000000	0.000000
-0.961993	0.828397	-0.848444	-0.000000	0.000000	0.000000	0.000000	0.000000	0.000000	0.000000
-0.961848	0.828274	-0.848614	0.000000	0.000000	0.000000	0.000000	0.000000	0.000000	0.000000
-0.961916	0.828506	-0.848451	0.000000	0.000000	0.000000	0.000000	0.000000	0.000000	0.000000
-0.961963	0.828607	-0.846770	-0.000000	0.000000	0.000000	0.000000	0.000000	0.000000	0.000000
-0.961955	0.828921	-0.848273	0.000000	0.000000	0.000000	0.000000	0.000000	0.000000	0.000000
-0.961980	0.828483	-0.848370	-0.000000	0.000000	0.000000	0.000000	0.000000	0.000000	0.000000
-0.961897	0.828424	-0.848433	0.000000	0.000000	0.000000	0.000000	0.000000	0.000000	0.000000
-0.961849	0.828538	-0.848549	-0.000000	0.000000	0.000000	0.000000	0.000000	0.000000	0.000000
-0.961939	0.828430	-0.848215	-0.000000	0.000000	0.000000	0.000000	0.000000	0.000000	0.000000
-0.961913	0.827890	-0.848624	0.000000	0.000000	0.000000	0.000000	0.000000	0.000000	0.000000
-0.961890	0.828109	-0.848512	0.000000	0.000000	0.000000	0.000000	0.000000	0.000000	0.000000
-0.961975	0.828231	-0.848523	0.000000	0.000000	0.000000	0.000000	0.000000	0.000000	0.000000
-0.961939	0.828137	-0.848357	0.000000	0.000000	0.000000	0.000000	0.000000	0.000000	0.000000
-0.961958	0.828230	-0.848314	-0.000000	0.000000	0.000000	0.000000	0.000000	0.000000	0.000000
-0.961945	0.828403	-0.848246	0.000000	0.000000	0.000000	0.000000	0.000000	0.000000	0.000000
-0.961932	0.828214	-0.848492	0.000000	0.000000	0.000000	0.000000	0.000000	0.000000	0.000000
-0.961929	0.828480	-0.848282	0.000000	0.000000	0.000000	0.000000	0.000000	0.000000	0.000000
-0.961906	0.828336	-0.848430	0.000000	0.000000	0.000000	0.000000	0.000000	0.000000	0.000000
-0.961986	0.828406	-0.848450	0.000000	0.000000	0.000000	0.000000	0.000000	0.000000	0.000000
-0.961951	0.828682	-0.848292	-0.000000	0.000000	0.000000	0.000000	0.000000	0.000000	0.000000
-0.961997	0.827916	-0.848708	0.000000	0.000000	0.000000	0.000000	0.000000	0.000000	0.000000
-0.961971	0.828297	-0.848371	0.000000	0.000000	0.000000	0.000000	0.000000	0.000000	0.000000
-0.961889	0.828178	-0.848449	0.000000	0.000000	0.000000	0.000000	0.000000	0.000000	0.000000
-0.961917	0.828337	-0.848563	-0.000000	0.000000	0.000000	0.000000	0.000000	0.000000	0.000000
-0.961911	0.828346	-0.848348	0.000000	0.000000	0.000000	0.000000	0.000000	0.000000	0.000000
-0.961917	0.828314	-0.848508	0.000000	0.000000	0.000000	0.000000	0.000000	0.000000	0.000000
-0.961958	0.828406	-0.848470	0.000000	0.000000	0.000000	0.000000	0.000000	0.000000	0.000000
-0.961942	0.828041	-0.848563	-0.000000	0.000000	0.000000	0.000000	0.000000	0.000000	0.000000
-0.961885	0.828382	-0.848563	0.000000	0.000000	0.000000	0.000000	0.000000	0.000000	0.000000
-0.961939	0.827857	-0.848545	0.000000	0.000000	0.000000	0.000000	0.000000	0.000000	0.000000
-0.961945	0.828240	-0.848599	-0.000000	0.000000	0.000000	0.000000	0.000000	0.000000	0.000000
-0.961884	0.827964	-0.848458	-0.000000	0.000000	0.000000	0.000000	0.000000	0.000000	0.000000
-0.961959	0.828250	-0.848244	-0.000000	0.000000	0.000000	0.000000	0.000000	0.000000	0.000000
-0.961929	0.828126	-0.848349	0.000000	0.000000	0.000000	0.000000	0.000000	0.000000	0.000000
-0.961993	0.828323	-0.848573	-0.000000	0.000000	0.000000	0.000000	0.000000	0.000000	0.000000
-0.961932	0.828493	-0.848509	-0.000000	0.000000	0.000000	0.000000	0.000000	0.000000	0.000000
-0.961906	0.828047	-0.848391	0.000000	0.000000	0.000000	0.000000	0.000000	0.000000	0.000000
-0.961943	0.828639	-0.848590	-0.000000	0.000000	0.000000	0.000000	0.000000	0.000000	0.000000
-0.961925	0.828118	-0.848459	-0.000000	0.000000	0.000000	0.000000	0.000000	0.000000	0.000000
-0.961947	0.828065	-0.848601	0.000000	0.000000	0.000000	0.000000	0.000000	0.000000	0.000000
-0.961949	0.828198	-0.848605	-0.000000	0.000000	0.000000	0.000000	0.000000	0.000000	0.000000
-0.961859	0.828094	-0.848427	0.000000	0.000000	0.000000	0.000000	0.000000	0.000000	0.000000
-0.961900	0.828165	-0.848723	-0.000000	0.000000	0.000000	0.000000	0.000000	0.000000	0.000000
-0.961975	0.828479	-0.848367	-0.000000	0.000000	0.000000	0.000000	0.000000	0.000000	0.000000
-0.961876	0.828469	-0.848513	-0.000000	0.000000	0.000000	0.000000	0.000000	0.000000	0.000000
-0.961943	0.828182	-0.848212	-0.000000	0.000000	0.000000	0.000000	0.000000	0.000000	0.000000
-0.962018	0.828443	-0.848353	0.000000	0.000000	0.000000	0.000000	0.000000	0.000000	0.000000
-0.961992	0.828258	-0.848558	-0.000000	0.000000	0.000000	0.000000	0.000000	0.000000	0.000000
-0.961987	0.828238	-0.848569	0.000000	0.000000	0.000000	0.000000	0.000000	0.000000	0.000000
-0.961926	0.828065	-0.848476	0.000000	0.000000	0.000000	0.000000	0.000000	0.000000	0.000000
-0.961911	0.828326	-0.848503	-0.000000	0.000000	0.000000	0.000000	0.000000	0.000000	0.000000
-0.962023	0.828319	-0.848324	-0.000000	0.000000	0.000000	0.000000	0.000000	0.000000	0.000000
-0.961930	0.828202	-0.848393	0.000000	0.000000	0.000000	0.000000	0.000000	0.000000	0.000000
-0.961949	0.828323	-0.848580	-0.000000	0.000000	0.000000	0.000000	0.000000	0.000000	0.000000
-0.961890	0.828098	-0.848495	0.000000	0.000000	0.000000	0.000000	0.000000	0.000000	0.000000
-0.961920	0.828365	-0.848376	-0.000000	0.000000	0.000000	0.000000	0.000000	0.000000	0.000000
-0.961916	0.828277	-0.848560	-0.000000	0.000000	0.000000	0.000000	0.000000	0.000000	0.000000
-0.961905	0.828276	-0.848444	-0.000000	0.000000	0.000000	0.000000	0.000000	0.000000	0.000000
-0.961905	0.828588	-0.848575	-0.000000	0.000000	0.000000	0.000000	0.000000	0.000000	0.000000
-0.961895	0.828645	-0.848503	-0.000000	0.000000	0.000000	0.000000	0.000000	0.000000	0.000000
-0.961901	0.828502	-0.848589	0.000000	0.000000	0.000000	0.000000	0.000000	0.000000	0.000000
-0.961983	0.828428	-0.848387	0.000000	0.000000	0.000000	0.000000	0.000000	0.000000	0.000000
-0.962016	0.828143	-0.848580	-0.000000	0.000000	0.000000	0.000000	0.000000	0.000000	0.000000
-0.962020	0.828259	-0.848460	-0.000000	0.000000	0.000000	0.000000	0.000000	0.000000	0.000000
-0.961834	0.828234	-0.848409	0.000000	0.000000	0.000000	0.000000	0.000000	0.000000	0.000000
-0.961894	0.828471	-0.848493	-0.000000	0.000000	0.000000	0.000000	0.000000	0.000000	0.000000
-0.961899	0.828490	-0.848370	-0.000000	0.000000	0.000000	0.000000	0.000000	0.000000	0.000000
-0.961928	0.828372	-0.848348	-0.000000	0.000000	0.000000	0.000000	0.000000	0.000000	0.000000
-0.961876	0.828746	-0.848447	-0.000000	0.000000	0.000000	0.000000	0.000000	0.000000	0.000000
-0.962001	0.828109	-0.848468	0.000000	0.000000	0.000000	0.000000	0.000000	0.000000	0.000000
-0.961893	0.828078	-0.848334	0.000000	0.000000	0.000000	0.000000	0.000000	0.000000	0.000000
-0.961964	0.828285	-0.848439	-0.000000	0.000000	0.000000	0.000000	0.000000	0.000000	0.000000
-0.961880	0.828352	-0.848332	0.000000	0.000000	0.000000	0.000000	0.000000	0.000000	0.000000
-0.961948	0.827733	-0.848522	0.000000	0.000000	0.000000	0.000000	0.000000	0.000000	0.000000
-0.962001	0.828096	-0.848659	0.000000	0.000000	0.000000	0.000000	0.000000	0.000000	0.000000
-0.961945	0.828294	-0.848446	-0.000000	0.000000	0.000000	0.000000	0.000000	0.000000	0.000000
-0.961990	0.827660	-0.842545	0.000000	0.000000	0.000000	0.000000	0.000000	0.000000	0.000000
-0.961934	0.828449	-0.848497	0.000000	0.000000	0.000000	0.000000	0.000000	0.000000	0.000000
-0.961849	0.828610	-0.848428	0.000000	0.000000	0.000000	0.000000	0.000000	0.000000	0.000000
-0.961946	0.828175	-0.848279	0.000000	0.000000	0.000000	0.000000	0.000000	0.000000	0.000000
-0.961907	0.828331	-0.848268	0.000000	0.000000	0.000000	0.000000	0.000000	0.000000	0.000000
-0.961930	0.828426	-0.848316	-0.000000	0.000000	0.000000	0.000000	0.000000	0.000000	0.000000
-0.961930	0.828438	-0.848383	-0.000000	0.000000	0.000000	0.000000	0.000000	0.000000	0.000000
-0.961973	0.828183	-0.848532	-0.000000	0.000000	0.000000	0.000000	0.000000	0.000000	0.000000
-0.961920	0.827884	-0.848439	-0.000000	0.000000	0.000000	0.000000	0.000000	0.000000	0.000000
-0.961922	0.828456	-0.848478	0.000000	0.000000	0.000000	0.000000	0.000000	0.000000	0.000000
-0.961894	0.828490	-0.848489	0.000000	0.000000	0.000000	0.000000	0.000000	0.000000	0.000000
-0.961933	0.828505	-0.848410	-0.000000	0.000000	0.000000	0.000000	0.000000	0.000000	0.000000
-0.961921	0.828205	-0.848554	0.000000	0.000000	0.000000	0.000000	0.000000	0.000000	0.000000
-0.961908	0.828575	-0.848544	0.000000	0.000000	0.000000	0.000000	0.000000	0.000000	0.000000
-0.961976	0.828259	-0.848606	0.000000	0.000000	0.000000	0.000000	0.000000	0.000000	0.000000
-0.961969	0.828179	-0.848655	-0.000000	0.000000	0.000000	0.000000	0.000000	0.000000	0.000000
-0.961967	0.828583	-0.848398	-0.000000	0.000000	0.000000	0.000000	0.000000	0.000000	0.000000
-0.961906	0.828560	-0.848504	-0.000000	0.000000	0.000000	0.000000	0.000000	0.000000	0.000000
-0.961946	0.828275	-0.848538	-0.000000	0.000000	0.000000	0.000000	0.000000	0.000000	0.000000
-0.961904	0.828129	-0.848310	-0.000000	0.000000	0.000000	0.000000	0.000000	0.000000	0.000000
-0.961974	0.828531	-0.848429	-0.000000	0.000000	0.000000	0.000000	0.000000	0.000000	0.000000
-0.961967	0.828043	-0.848202	-0.000000	0.000000	0.000000	0.000000	0.000000	0.000000	0.000000
-0.961949	0.828644	-0.848232	-0.000000	0.000000	0.000000	0.000000	0.000000	0.000000	0.000000
-0.961982	0.828120	-0.848678	0.000000	0.000000	0.000000	0.000000	0.000000	0.000000	0.000000
-0.961932	0.828353	-0.848373	0.000000	0.000000	0.000000	0.000000	0.000000	0.000000	0.000000
-0.961962	0.828502	-0.848451	0.000000	0.000000	0.000000	0.000000	0.000000	0.000000	0.000000
-0.961904	0.827870	-0.848420	-0.000000	0.000000	0.000000	0.000000	0.000000	0.000000	0.000000
-0.961914	0.828712	-0.848469	0.000000	0.000000	0.000000	0.000000	0.000000	0.000000	0.000000
-0.961902	0.828050	-0.848603	-0.000000	0.000000	0.000000	0.000000	0.000000	0.000000	0.000000
-0.961922	0.828172	-0.848408	-0.000000	0.000000	0.000000	0.000000	0.000000	0.000000	0.000000
-0.961856	0.828406	-0.848409	0.000000	0.000000	0.000000	0.000000	0.000000	0.000000	0.000000
-0.961895	0.827411	-0.848664	0.000000	0.000000	0.000000	0.000000	0.000000	0.000000	0.000000
-0.961911	0.828179	-0.848402	0.000000	0.000000	0.000000	0.000000	0.000000	0.000000	0.000000
-0.961870	0.828080	-0.848771	0.000000	0.000000	0.000000	0.000000	0.000000	0.000000	0.000000
-0.961930	0.828408	-0.848396	0.000000	0.000000	0.000000	0.000000	0.000000	0.000000	0.000000
-0.961879	0.828223	-0.848283	-0.000000	0.000000	0.000000	0.000000	0.000000	0.000000	0.000000
-0.961876	0.828298	-0.848597	-0.000000	0.000000	0.000000	0.000000	0.000000	0.000000	0.000000
-0.961980	0.828344	-0.848411	0.000000	0.000000	0.000000	0.000000	0.000000	0.000000	0.000000
-0.961928	0.828404	-0.848272	0.000000	0.000000	0.000000	0.000000	0.000000	0.000000	0.000000
-0.961930	0.828071	-0.848579	-0.000000	0.000000	0.000000	0.000000	0.000000	0.000000	0.000000
-0.961928	0.828594	-0.848453	0.000000	0.000000	0.000000	0.000000	0.000000	0.000000	0.000000
-0.961980	0.828326	-0.848363	-0.000000	0.000000	0.000000	0.000000	0.000000	0.000000	0.000000
-0.961935	0.828192	-0.848235	-0.000000	0.000000	0.000000	0.000000	0.000000	0.000000	0.000000
-0.961924	0.828235	-0.848352	0.000000	0.000000	0.000000	0.000000	0.000000	0.000000	0.000000
-0.961934	0.827899	-0.848643	-0.000000	0.000000	0.000000	0.000000	0.000000	0.000000	0.000000
-0.961936	0.828578	-0.848407	0.000000	0.000000	0.000000	0.000000	0.000000	0.000000	0.000000
-0.961913	0.828419	-0.848330	0.000000	0.000000	0.000000	0.000000	0.000000	0.000000	0.000000
-0.961932	0.828575	-0.848377	-0.000000	0.000000	0.000000	0.000000	0.000000	0.000000	0.000000
-0.961968	0.828473	-0.848360	-0.000000	0.000000	0.000000	0.000000	0.000000	0.000000	0.000000
-0.961917	0.828214	-0.848434	0.000000	0.000000	0.000000	0.000000	0.000000	0.000000	0.000000
-0.961896	0.828189	-0.848617	-0.000000	0.000000	0.000000	0.000000	0.000000	0.000000	0.000000
-0.961938	0.827985	-0.848480	0.000000	0.000000	0.000000	0.000000	0.000000	0.000000	0.000000
-0.961913	0.828485	-0.848515	-0.000000	0.000000	0.000000	0.000000	0.000000	0.000000	0.000000
-0.961945	0.828063	-0.848422	-0.000000	0.000000	0.000000	0.000000	0.000000	0.000000	0.000000
-0.961973	0.828349	-0.848463	0.000000	0.000000	0.000000	0.000000	0.000000	0.000000	0.000000
-0.961957	0.828334	-0.848487	0.000000	0.000000	0.000000	0.000000	0.000000	0.000000	0.000000
-0.962039	0.828451	-0.848350	-0.000000	0.000000	0.000000	0.000000	0.000000	0.000000	0.000000
-0.961947	0.828227	-0.848542	-0.000000	0.000000	0.000000	0.000000	0.000000	0.000000	0.000000
-0.961877	0.828262	-0.848483	0.000000	0.000000	0.000000	0.000000	0.000000	0.000000	0.000000
-0.961944	0.828351	-0.848286	-0.000000	0.000000	0.000000	0.000000	0.000000	0.000000	0.000000
-0.961891	0.828235	-0.848547	-0.000000	0.000000	0.000000	0.000000	0.000000	0.000000	0.000000
-0.961944	0.828029	-0.848478	-0.000000	0.000000	0.000000	0.000000	0.000000	0.000000	0.000000
-0.961906	0.828339	-0.848554	0.000000	0.000000	0.000000	0.000000	0.000000	0.000000	0.000000
-0.961911	0.828106	-0.848440	-0.000000	0.000000	0.000000	0.000000	0.000000	0.000000	0.000000
-0.961867	0.828281	-0.848428	0.000000	0.000000	0.000000	0.000000	0.000000	0.000000	0.000000
-0.961883	0.827971	-0.848598	0.000000	0.000000	0.000000	0.000000	0.000000	0.000000	0.000000
-0.961922	0.828193	-0.848696	-0.000000	0.000000	0.000000	0.000000	0.000000	0.000000	0.000000
-0.961948	0.827842	-0.848698	0.000000	0.000000	0.000000	0.000000	0.000000	0.000000	0.000000
-0.961920	0.828378	-0.848449	-0.000000	0.000000	0.000000	0.000000	0.000000	0.000000	0.000000
-0.961917	0.828128	-0.848444	-0.000000	0.000000	0.000000	0.000000	0.000000	0.000000	0.000000
-0.961925	0.828346	-0.848568	-0.000000	0.000000	0.000000	0.000000	0.000000	0.000000	0.000000
-0.961884	0.828189	-0.848437	-0.000000	0.000000	0.000000	0.000000	0.000000	0.000000	0.000000
-0.961927	0.828134	-0.848565	0.000000	0.000000	0.000000	0.000000	0.000000	0.000000	0.000000
-0.961930	0.828341	-0.848473	-0.000000	0.000000	0.000000	0.000000	0.000000	0.000000	0.000000
-0.961799	0.827869	-0.848386	0.000000	0.000000	0.000000	0.000000	0.000000	0.000000	0.000000
-0.961902	0.828224	-0.848605	0.000000	0.000000	0.000000	0.000000	0.000000	0.000000	0.000000
-0.961932	0.828100	-0.848630	-0.000000	0.000000	0.000000	0.000000	0.000000	0.000000	0.000000
-0.961947	0.828243	-0.848277	0.000000	0.000000	0.000000	0.000000	0.000000	0.000000	0.000000
-0.962004	0.828405	-0.848411	0.000000	0.000000	0.000000	0.000000	0.000000	0.000000	0.000000
-0.961959	0.827892	-0.848659	-0.000000	0.000000	0.000000	0.000000	0.000000	0.000000	0.000000
-0.961943	0.828210	-0.848351	0.000000	0.000000	0.000000	0.000000	0.000000	0.000000	0.000000
-0.961911	0.828248	-0.848357	0.000000	0.000000	0.000000	0.000000	0.000000	0.000000	0.000000
-0.961901	0.827899	-0.848375	0.000000	0.000000	0.000000	0.000000	0.000000	0.000000	0.000000
-0.961893	0.828366	-0.848555	0.000000	0.000000	0.000000	0.000000	0.000000	0.000000	0.000000
-0.961886	0.828507	-0.848629	0.000000	0.000000	0.000000	0.000000	0.000000	0.000000	0.000000
-0.961915	0.828335	-0.848736	0.000000	0.000000	0.000000	0.000000	0.000000	0.000000	0.000000
-0.961912	0.828349	-0.848545	0.000000	0.000000	0.000000	0.000000	0.000000	0.000000	0.000000
-0.962014	0.828252	-0.848648	-0.000000	0.000000	0.000000	0.000000	0.000000	0.000000	0.000000
-0.961855	0.828579	-0.848411	-0.000000	0.000000	0.000000	0.000000	0.000000	0.000000	0.000000
-0.961884	0.828236	-0.848447	0.000000	0.000000	0.000000	0.000000	0.000000	0.000000	0.000000
-0.961960	0.827968	-0.848498	0.000000	0.000000	0.000000	0.000000	0.000000	0.000000	0.000000
-0.961936	0.828464	-0.848513	0.000000	0.000000	0.000000	0.000000	0.000000	0.000000	0.000000
-0.961964	0.828586	-0.848383	0.000000	0.000000	0.000000	0.000000	0.000000	0.000000	0.000000
-0.961958	0.828505	-0.848363	-0.000000	0.000000	0.000000	0.000000	0.000000	0.000000	0.000000
-0.961887	0.828189	-0.848521	0.000000	0.000000	0.000000	0.000000	0.000000	0.000000	0.000000
-0.961939	0.828528	-0.848516	-0.000000	0.000000	0.000000	0.000000	0.000000	0.000000	0.000000
-0.961980	0.828288	-0.848368	-0.000000	0.000000	0.000000	0.000000	0.000000	0.000000	0.000000
-0.961992	0.828197	-0.848426	0.000000	0.000000	0.000000	0.000000	0.000000	0.000000	0.000000
-0.961933	0.828298	-0.848543	-0.000000	0.000000	0.000000	0.000000	0.000000	0.000000	0.000000
-0.961928	0.828247	-0.848350	0.000000	0.000000	0.000000	0.000000	0.000000	0.000000	0.000000
-0.961931	0.828213	-0.848276	0.000000	0.000000	0.000000	0.000000	0.000000	0.000000	0.000000
-0.961932	0.828304	-0.848361	0.000000	0.000000	0.000000	0.000000	0.000000	0.000000	0.000000
-0.961934	0.828727	-0.848338	0.000000	0.000000	0.000000	0.000000	0.000000	0.000000	0.000000
-0.961931	0.827882	-0.848549	-0.000000	0.000000	0.000000	0.000000	0.000000	0.000000	0.000000
-0.961930	0.828353	-0.848284	-0.000000	0.000000	0.000000	0.000000	0.000000	0.000000	0.000000
-0.961965	0.828337	-0.848428	0.000000	0.000000	0.000000	0.000000	0.000000	0.000000	0.000000
-0.961811	0.819817	-0.000003	0.000000	0.000000	0.000000	0.000000	0.000000	0.000000	0.000000
-0.961944	0.828547	0.812244	0.000000	0.000000	0.000000	0.000000	0.000000	0.000000	0.000000
-0.961967	0.828224	0.812955	0.000000	0.000000	0.000000	0.000000	0.000000	0.000000	0.000000
-0.961900	0.828027	0.812588	-0.000000	0.000000	0.000000	0.000000	0.000000	0.000000	0.000000
-0.961923	0.828378	0.812821	-0.000000	0.000000	0.000000	0.000000	0.000000	0.000000	0.000000
-0.961920	0.828380	0.812689	0.000000	0.000000	0.000000	0.000000	0.000000	0.000000	0.000000
-0.961953	0.828205	0.812221	0.000000	0.000000	0.000000	0.000000	0.000000	0.000000	0.000000
-0.961907	0.828293	0.811688	0.000000	0.000000	0.000000	0.000000	0.000000	0.000000	0.000000
-0.961883	0.828386	0.812640	-0.000000	0.000000	0.000000	0.000000	0.000000	0.000000	0.000000
-0.961849	0.828602	0.812373	0.000000	0.000000	0.000000	0.000000	0.000000	0.000000	0.000000
-0.961910	0.828795	0.812665	0.000000	0.000000	0.000000	0.000000	0.000000	0.000000	0.000000
-0.961943	0.828599	0.812828	0.000000	0.000000	0.000000	0.000000	0.000000	0.000000	0.000000
-0.961834	0.828336	0.812193	0.000000	0.000000	0.000000	0.000000	0.000000	0.000000	0.000000
-0.961886	0.828297	0.341778	-0.000000	0.000000	0.000000	0.000000	0.000000	0.000000	0.000000
-0.961905	0.828272	0.812451	0.000000	0.000000	0.000000	0.000000	0.000000	0.000000	0.000000
-0.961965	0.828550	0.811845	-0.000000	0.000000	0.000000	0.000000	0.000000	0.000000	0.000000
-0.961964	0.828474	0.812551	0.000000	0.000000	0.000000	0.000000	0.000000	0.000000	0.000000
-0.961921	0.828301	0.812489	0.000000	0.000000	0.000000	0.000000	0.000000	0.000000	0.000000
-0.961944	0.828306	0.812646	0.000000	0.000000	0.000000	0.000000	0.000000	0.000000	0.000000
-0.961965	0.828487	0.812304	0.000000	0.000000	0.000000	0.000000	0.000000	0.000000	0.000000
-0.961944	0.828130	0.813051	-0.000000	0.000000	0.000000	0.000000	0.000000	0.000000	0.000000
-0.961875	0.828402	0.813270	0.000000	0.000000	0.000000	0.000000	0.000000	0.000000	0.000000
-0.961950	0.828287	0.812654	0.000000	0.000000	0.000000	0.000000	0.000000	0.000000	0.000000
-0.961921	0.828134	0.812534	-0.000000	0.000000	0.000000	0.000000	0.000000	0.000000	0.000000
-0.962011	0.828087	0.811978	0.000000	0.000000	0.000000	0.000000	0.000000	0.000000	0.000000
-0.961905	0.828618	0.812270	0.000000	0.000000	0.000000	0.000000	0.000000	0.000000	0.000000
-0.961964	0.828099	0.813000	-0.000000	0.000000	0.000000	0.000000	0.000000	0.000000	0.000000
-0.961889	0.827888	0.812444	0.000000	0.000000	0.000000	0.000000	0.000000	0.000000	0.000000
-0.961962	0.828093	0.812522	0.000000	0.000000	0.000000	0.000000	0.000000	0.000000	0.000000
-0.961926	0.828123	0.812568	0.000000	0.000000	0.000000	0.000000	0.000000	0.000000	0.000000
-0.961925	0.828438	0.812242	0.000000	0.000000	0.000000	0.000000	0.000000	0.000000	0.000000
-0.961976	0.828349	0.812735	0.000000	0.000000	0.000000	0.000000	0.000000	0.000000	0.000000
-0.961936	0.828437	0.812687	0.000000	0.000000	0.000000	0.000000	0.000000	0.000000	0.000000
-0.961923	0.828001	0.813094	-0.000000	0.000000	0.000000	0.000000	0.000000	0.000000	0.000000
-0.961969	0.828353	0.810821	0.000000	0.000000	0.000000	0.000000	0.000000	0.000000	0.000000
-0.961965	0.828404	0.812191	0.000000	0.000000	0.000000	0.000000	0.000000	0.000000	0.000000
-0.961946	0.828468	0.813205	-0.000000	0.000000	0.000000	0.000000	0.000000	0.000000	0.000000
-0.961942	0.828003	0.812476	0.000000	0.000000	0.000000	0.000000	0.000000	0.000000	0.000000
-0.961941	0.828207	0.812617	-0.000000	0.000000	0.000000	0.000000	0.000000	0.000000	0.000000
-0.961903	0.828352	0.811963	0.000000	0.000000	0.000000	0.000000	0.000000	0.000000	0.000000
-0.961933	0.828213	0.813042	-0.000000	0.000000	0.000000	0.000000	0.000000	0.000000	0.000000
-0.961910	0.828138	0.813086	-0.000000	0.000000	0.000000	0.000000	0.000000	0.000000	0.000000
-0.961971	0.827970	0.812544	0.000000	0.000000	0.000000	0.000000	0.000000	0.000000	0.000000
-0.961933	0.828267	0.811778	-0.000000	0.000000	0.000000	0.000000	0.000000	0.000000	0.000000
-0.961918	0.828195	0.812145	-0.000000	0.000000	0.000000	0.000000	0.000000	0.000000	0.000000
-0.962014	0.828020	0.812851	-0.000000	0.000000	0.000000	0.000000	0.000000	0.000000	0.000000
-0.961943	0.828183	0.812654	0.000000	0.000000	0.000000	0.000000	0.000000	0.000000	0.000000
-0.961933	0.827769	0.811592	0.000000	0.000000	0.000000	0.000000	0.000000	0.000000	0.000000
-0.961928	0.828485	0.813079	0.000000	0.000000	0.000000	0.000000	0.000000	0.000000	0.000000
-0.961955	0.827887	0.812746	0.000000	0.000000	0.000000	0.000000	0.000000	0.000000	0.000000
-0.961820	0.828697	0.812268	-0.000000	0.000000	0.000000	0.000000	0.000000	0.000000	0.000000
-0.961979	0.828317	0.812685	-0.000000	0.000000	0.000000	0.000000	0.000000	0.000000	0.000000
-0.961913	0.828451	0.812379	0.000000	0.000000	0.000000	0.000000	0.000000	0.000000	0.000000
-0.961948	0.828254	0.813102	-0.000000	0.000000	0.000000	0.000000	0.000000	0.000000	0.000000
-0.961995	0.828275	0.811750	-0.000000	0.000000	0.000000	0.000000	0.000000	0.000000	0.000000
-0.961883	0.828166	0.812938	-0.000000	0.000000	0.000000	0.000000	0.000000	0.000000	0.000000
-0.961829	0.827998	0.812388	-0.000000	0.000000	0.000000	0.000000	0.000000	0.000000	0.000000
-0.961947	0.828500	0.811824	0.000000	0.000000	0.000000	0.000000	0.000000	0.000000	0.000000
-0.961918	0.828572	0.812899	0.000000	0.000000	0.000000	0.000000	0.000000	0.000000	0.000000
-0.961913	0.828390	0.812214	0.000000	0.000000	0.000000	0.000000	0.000000	0.000000	0.000000
-0.961949	0.828512	0.812867	0.000000	0.000000	0.000000	0.000000	0.000000	0.000000	0.000000
-0.961960	0.828541	0.811630	-0.000000	0.000000	0.000000	0.000000	0.000000	0.000000	0.000000
-0.961937	0.828523	0.812306	0.000000	0.000000	0.000000	0.000000	0.000000	0.000000	0.000000
-0.961909	0.828275	0.813072	-0.000000	0.000000	0.000000	0.000000	0.000000	0.000000	0.000000
-0.961881	0.828492	0.811738	0.000000	0.000000	0.000000	0.000000	0.000000	0.000000	0.000000
-0.961938	0.828296	0.813158	0.000000	0.000000	0.000000	0.000000	0.000000	0.000000	0.000000
-0.961909	0.828133	0.812428	-0.000000	0.000000	0.000000	0.000000	0.000000	0.000000	0.000000
-0.961967	0.828252	0.811936	-0.000000	0.000000	0.000000	0.000000	0.000000	0.000000	0.000000
-0.961863	0.828515	0.812789	-0.000000	0.000000	0.000000	0.000000	0.000000	0.000000	0.000000
-0.961920	0.828424	0.812328	-0.000000	0.000000	0.000000	0.000000	0.000000	0.000000	0.000000
-0.961918	0.828203	0.813081	0.000000	0.000000	0.000000	0.000000	0.000000	0.000000	0.000000
-0.961940	0.828233	0.812284	-0.000000	0.000000	0.000000	0.000000	0.000000	0.000000	0.000000
-0.961918	0.828526	0.813068	0.000000	0.000000	0.000000	0.000000	0.000000	0.000000	0.000000
-0.961920	0.828086	0.812491	0.000000	0.000000	0.000000	0.000000	0.000000	0.000000	0.000000
-0.961899	0.828464	0.812643	0.000000	0.000000	0.000000	0.000000	0.000000	0.000000	0.000000
-0.961964	0.828044	0.812942	0.000000	0.000000	0.000000	0.000000	0.000000	0.000000	0.000000
-0.961942	0.827961	0.812777	0.000000	0.000000	0.000000	0.000000	0.000000	0.000000	0.000000
-0.961884	0.828468	0.812347	0.000000	0.000000	0.000000	0.000000	0.000000	0.000000	0.000000
-0.961948	0.828005	0.812704	-0.000000	0.000000	0.000000	0.000000	0.000000	0.000000	0.000000
-0.961901	0.828525	0.813042	-0.000000	0.000000	0.000000	0.000000	0.000000	0.000000	0.000000
-0.961943	0.828549	0.812196	0.000000	0.000000	0.000000	0.000000	0.000000	0.000000	0.000000
-0.961912	0.828374	0.812355	0.000000	0.000000	0.000000	0.000000	0.000000	0.000000	0.000000
-0.961965	0.828131	0.812568	0.000000	0.000000	0.000000	0.000000	0.000000	0.000000	0.000000
-0.961887	0.828105	0.812291	-0.000000	0.000000	0.000000	0.000000	0.000000	0.000000	0.000000
-0.961925	0.828389	0.812518	0.000000	0.000000	0.000000	0.000000	0.000000	0.000000	0.000000
-0.961958	0.828015	0.812593	-0.000000	0.000000	0.000000	0.000000	0.000000	0.000000	0.000000
-0.961938	0.828174	0.811715	-0.000000	0.000000	0.000000	0.000000	0.000000	0.000000	0.000000
-0.961894	0.828343	0.811304	0.000000	0.000000	0.000000	0.000000	0.000000	0.000000	0.000000
-0.961873	0.828526	0.813159	0.000000	0.000000	0.000000	0.000000	0.000000	0.000000	0.000000
-0.961883	0.828155	0.812492	-0.000000	0.000000	0.000000	0.000000	0.000000	0.000000	0.000000
-0.961990	0.827967	0.811670	-0.000000	0.000000	0.000000	0.000000	0.000000	0.000000	0.000000
-0.961941	0.828237	0.812867	-0.000000	0.000000	0.000000	0.000000	0.000000	0.000000	0.000000
-0.961957	0.828087	0.812451	-0.000000	0.000000	0.000000	0.000000	0.000000	0.000000	0.000000
-0.961943	0.828395	0.813389	-0.000000	0.000000	0.000000	0.000000	0.000000	0.000000	0.000000
-0.961911	0.828151	0.812499	-0.000000	0.000000	0.000000	0.000000	0.000000	0.000000	0.000000
-0.961948	0.827986	0.812754	-0.000000	0.000000	0.000000	0.000000	0.000000	0.000000	0.000000
-0.961917	0.828125	0.812536	0.000000	0.000000	0.000000	0.000000	0.000000	0.000000	0.000000
-0.961976	0.828406	0.812096	-0.000000	0.000000	0.000000	0.000000	0.000000	0.000000	0.000000
-0.961953	0.828053	0.811937	-0.000000	0.000000	0.000000	0.000000	0.000000	0.000000	0.000000
-0.961892	0.828247	0.812691	0.000000	0.000000	0.000000	0.000000	0.000000	0.000000	0.000000
-0.961955	0.827903	0.812617	0.000000	0.000000	0.000000	0.000000	0.000000	0.000000	0.000000
-0.961896	0.828283	0.811981	-0.000000	0.000000	0.000000	0.000000	0.000000	0.000000	0.000000
-0.961928	0.828038	0.812304	-0.000000	0.000000	0.000000	0.000000	0.000000	0.000000	0.000000
-0.961919	0.828153	0.812720	0.000000	0.000000	0.000000	0.000000	0.000000	0.000000	0.000000
-0.961955	0.827921	0.812348	-0.000000	0.000000	0.000000	0.000000	0.000000	0.000000	0.000000
-0.961927	0.827894	0.812174	-0.000000	0.000000	0.000000	0.000000	0.000000	0.000000	0.000000
-0.961909	0.828348	0.812824	0.000000	0.000000	0.000000	0.000000	0.000000	0.000000	0.000000
-0.961910	0.828151	0.812111	0.000000	0.000000	0.000000	0.000000	0.000000	0.000000	0.000000
-0.961840	0.828223	0.811922	-0.000000	0.000000	0.000000	0.000000	0.000000	0.000000	0.000000
-0.961906	0.828166	0.812468	-0.000000	0.000000	0.000000	0.000000	0.000000	0.000000	0.000000
-0.961942	0.828480	0.812311	-0.000000	0.000000	0.000000	0.000000	0.000000	0.000000	0.000000
-0.961923	0.828377	0.812954	-0.000000	0.000000	0.000000	0.000000	0.000000	0.000000	0.000000
-0.961930	0.827854	0.810904	-0.000000	0.000000	0.000000	0.000000	0.000000	0.000000	0.000000
-0.961930	0.828446	0.812230	-0.000000	0.000000	0.000000	0.000000	0.000000	0.000000	0.000000
-0.961959	0.828123	0.812910	-0.000000	0.000000	0.000000	0.000000	0.000000	0.000000	0.000000
-0.961898	0.828382	0.812519	-0.000000	0.000000	0.000000	0.000000	0.000000	0.000000	0.000000
-0.961911	0.828910	0.813176	0.000000	0.000000	0.000000	0.000000	0.000000	0.000000	0.000000
-0.961876	0.827804	0.811851	0.000000	0.000000	0.000000	0.000000	0.000000	0.000000	0.000000
-0.962005	0.828193	0.812418	0.000000	0.000000	0.000000	0.000000	0.000000	0.000000	0.000000
-0.961926	0.828543	0.812560	-0.000000	0.000000	0.000000	0.000000	0.000000	0.000000	0.000000
-0.961929	0.828410	0.811909	0.000000	0.000000	0.000000	0.000000	0.000000	0.000000	0.000000
-0.961954	0.828597	0.812868	0.000000	0.000000	0.000000	0.000000	0.000000	0.000000	0.000000
-0.961944	0.828125	0.813472	0.000000	0.000000	0.000000	0.000000	0.000000	0.000000	0.000000
-0.961965	0.828431	0.812226	-0.000000	0.000000	0.000000	0.000000	0.000000	0.000000	0.000000
-0.961934	0.828332	0.812639	-0.000000	0.000000	0.000000	0.000000	0.000000	0.000000	0.000000
-0.961935	0.827976	0.812931	-0.000000	0.000000	0.000000	0.000000	0.000000	0.000000	0.000000
-0.961873	0.828255	0.812297	-0.000000	0.000000	0.000000	0.000000	0.000000	0.000000	0.000000
-0.961933	0.828191	0.812464	-0.000000	0.000000	0.000000	0.000000	0.000000	0.000000	0.000000
-0.961876	0.828437	0.812576	-0.000000	0.000000	0.000000	0.000000	0.000000	0.000000	0.000000
-0.961957	0.828188	0.812221	-0.000000	0.000000	0.000000	0.000000	0.000000	0.000000	0.000000
-0.961928	0.828277	0.812836	0.000000	0.000000	0.000000	0.000000	0.000000	0.000000	0.000000
-0.961957	0.828550	0.812729	-0.000000	0.000000	0.000000	0.000000	0.000000	0.000000	0.000000
-0.961939	0.828414	0.812733	-0.000000	0.000000	0.000000	0.000000	0.000000	0.000000	0.000000
-0.961913	0.828277	0.810792	-0.000000	0.000000	0.000000	0.000000	0.000000	0.000000	0.000000
-0.961847	0.827887	0.811763	-0.000000	0.000000	0.000000	0.000000	0.000000	0.000000	0.000000
-0.961922	0.828378	0.813119	-0.000000	0.000000	0.000000	0.000000	0.000000	0.000000	0.000000
-0.961941	0.828127	0.813520	-0.000000	0.000000	0.000000	0.000000	0.000000	0.000000	0.000000
-0.961942	0.828257	0.813052	0.000000	0.000000	0.000000	0.000000	0.000000	0.000000	0.000000
-0.961910	0.828011	0.811660	0.000000	0.000000	0.000000	0.000000	0.000000	0.000000	0.000000
-0.961960	0.828145	0.812099	-0.000000	0.000000	0.000000	0.000000	0.000000	0.000000	0.000000
-0.961909	0.828122	0.797672	-0.000000	0.000000	0.000000	0.000000	0.000000	0.000000	0.000000
-0.961947	0.828350	0.813377	0.000000	0.000000	0.000000	0.000000	0.000000	0.000000	0.000000
-0.961938	0.828418	0.813176	-0.000000	0.000000	0.000000	0.000000	0.000000	0.000000	0.000000
-0.961933	0.828104	0.812843	-0.000000	0.000000	0.000000	0.000000	0.000000	0.000000	0.000000
-0.961987	0.828299	0.812489	0.000000	0.000000	0.000000	0.000000	0.000000	0.000000	0.000000
-0.961963	0.828215	0.812688	-0.000000	0.000000	0.000000	0.000000	0.000000	0.000000	0.000000
-0.961921	0.828318	0.813194	-0.000000	0.000000	0.000000	0.000000	0.000000	0.000000	0.000000
-0.961947	0.828360	0.812692	-0.000000	0.000000	0.000000	0.000000	0.000000	0.000000	0.000000
-0.961921	0.828111	0.811740	-0.000000	0.000000	0.000000	0.000000	0.000000	0.000000	0.000000
-0.961935	0.828334	0.811773	-0.000000	0.000000	0.000000	0.000000	0.000000	0.000000	0.000000
-0.961905	0.828291	0.811377	-0.000000	0.000000	0.000000	0.000000	0.000000	0.000000	0.000000
-0.961959	0.828537	0.812234	-0.000000	0.000000	0.000000	0.000000	0.000000	0.000000	0.000000
-0.961952	0.828079	0.812816	0.000000	0.000000	0.000000	0.000000	0.000000	0.000000	0.000000
-0.961897	0.828262	0.812718	-0.000000	0.000000	0.000000	0.000000	0.000000	0.000000	0.000000
-0.961958	0.828270	0.812033	-0.000000	0.000000	0.000000	0.000000	0.000000	0.000000	0.000000
-0.961895	0.827829	0.812401	-0.000000	0.000000	0.000000	0.000000	0.000000	0.000000	0.000000
-0.961857	0.828627	0.813441	0.000000	0.000000	0.000000	0.000000	0.000000	0.000000	0.000000
-0.961954	0.828096	0.811844	0.000000	0.000000	0.000000	0.000000	0.000000	0.000000	0.000000
-0.961918	0.828341	0.812767	0.000000	0.000000	0.000000	0.000000	0.000000	0.000000	0.000000
-0.961949	0.828196	0.812358	-0.000000	0.000000	0.000000	0.000000	0.000000	0.000000	0.000000
-0.961969	0.828001	0.812033	-0.000000	0.000000	0.000000	0.000000	0.000000	0.000000	0.000000
-0.961932	0.828250	0.811496	-0.000000	0.000000	0.000000	0.000000	0.000000	0.000000	0.000000
-0.961957	0.828322	0.811989	0.000000	0.000000	0.000000	0.000000	0.000000	0.000000	0.000000
-0.961895	0.828074	0.812529	0.000000	0.000000	0.000000	0.000000	0.000000	0.000000	0.000000
-0.961899	0.828090	0.812132	0.000000	0.000000	0.000000	0.000000	0.000000	0.000000	0.000000
-0.961918	0.828434	0.811914	-0.000000	0.000000	0.000000	0.000000	0.000000	0.000000	0.000000
-0.961906	0.828002	0.811715	-0.000000	0.000000	0.000000	0.000000	0.000000	0.000000	0.000000
-0.961929	0.828181	0.812213	-0.000000	0.000000	0.000000	0.000000	0.000000	0.000000	0.000000
-0.961916	0.828226	0.812597	0.000000	0.000000	0.000000	0.000000	0.000000	0.000000	0.000000
-0.961955	0.828361	0.812326	-0.000000	0.000000	0.000000	0.000000	0.000000	0.000000	0.000000
-0.961912	0.828196	0.812165	0.000000	0.000000	0.000000	0.000000	0.000000	0.000000	0.000000
-0.961886	0.828323	0.812751	-0.000000	0.000000	0.000000	0.000000	0.000000	0.000000	0.000000
-0.961964	0.828494	0.812382	0.000000	0.000000	0.000000	0.000000	0.000000	0.000000	0.000000
-0.961932	0.828620	0.812740	0.000000	0.000000	0.000000	0.000000	0.000000	0.000000	0.000000
-0.961929	0.828326	0.812255	-0.000000	0.000000	0.000000	0.000000	0.000000	0.000000	0.000000
-0.961911	0.828155	0.812280	0.000000	0.000000	0.000000	0.000000	0.000000	0.000000	0.000000
-0.961909	0.828454	0.812378	0.000000	0.000000	0.000000	0.000000	0.000000	0.000000	0.000000
-0.961976	0.828173	0.813319	-0.000000	0.000000	0.000000	0.000000	0.000000	0.000000	0.000000
-0.961896	0.827833	0.812650	0.000000	0.000000	0.000000	0.000000	0.000000	0.000000	0.000000
-0.961969	0.828524	0.812682	-0.000000	0.000000	0.000000	0.000000	0.000000	0.000000	0.000000
-0.961936	0.828579	0.811895	-0.000000	0.000000	0.000000	0.000000	0.000000	0.000000	0.000000
-0.961928	0.828578	0.812479	-0.000000	0.000000	0.000000	0.000000	0.000000	0.000000	0.000000
-0.961893	0.828641	0.811852	0.000000	0.000000	0.000000	0.000000	0.000000	0.000000	0.000000
-0.961922	0.828377	0.813438	0.000000	0.000000	0.000000	0.000000	0.000000	0.000000	0.000000
-0.961970	0.828224	0.811509	-0.000000	0.000000	0.000000	0.000000	0.000000	0.000000	0.000000
-0.961936	0.828586	0.813484	-0.000000	0.000000	0.000000	0.000000	0.000000	0.000000	0.000000
-0.961944	0.828254	0.812935	0.000000	0.000000	0.000000	0.000000	0.000000	0.000000	0.000000
-0.961938	0.828445	0.811911	-0.000000	0.000000	0.000000	0.000000	0.000000	0.000000	0.000000
-0.961922	0.828364	0.812023	-0.000000	0.000000	0.000000	0.000000	0.000000	0.000000	0.000000
-0.961940	0.828142	0.812630	-0.000000	0.000000	0.000000	0.000000	0.000000	0.000000	0.000000
-0.961915	0.828452	0.811863	0.000000	0.000000	0.000000	0.000000	0.000000	0.000000	0.000000
-0.961988	0.828218	0.813117	-0.000000	0.000000	0.000000	0.000000	0.000000	0.000000	0.000000
-0.961947	0.828533	0.812251	0.000000	0.000000	0.000000	0.000000	0.000000	0.000000	0.000000
-0.961947	0.828650	0.812224	-0.000000	0.000000	0.000000	0.000000	0.000000	0.000000	0.000000
-0.961918	0.828475	0.812449	-0.000000	0.000000	0.000000	0.000000	0.000000	0.000000	0.000000
-0.961945	0.828112	0.811984	-0.000000	0.000000	0.000000	0.000000	0.000000	0.000000	0.000000
-0.961932	0.827914	0.812720	0.000000	0.000000	0.000000	0.000000	0.000000	0.000000	0.000000
-0.961965	0.828583	0.811854	0.000000	0.000000	0.000000	0.000000	0.000000	0.000000	0.000000
-0.961910	0.828450	0.812242	0.000000	0.000000	0.000000	0.000000	0.000000	0.000000	0.000000
-0.961875	0.828331	0.811482	0.000000	0.000000	0.000000	0.000000	0.000000	0.000000	0.000000
-0.961955	0.827954	0.812521	-0.000000	0.000000	0.000000	0.000000	0.000000	0.000000	0.000000
-0.961870	0.828333	0.811785	0.000000	0.000000	0.000000	0.000000	0.000000	0.000000	0.000000
-0.961946	0.827927	0.812941	-0.000000	0.000000	0.000000	0.000000	0.000000	0.000000	0.000000
-0.961986	0.828478	0.811941	0.000000	0.000000	0.000000	0.000000	0.000000	0.000000	0.000000
-0.961913	0.828227	0.812100	-0.000000	0.000000	0.000000	0.000000	0.000000	0.000000	0.000000
-0.961920	0.828741	0.813002	-0.000000	0.000000	0.000000	0.000000	0.000000	0.000000	0.000000
-0.961939	0.828297	0.812468	-0.000000	0.000000	0.000000	0.000000	0.000000	0.000000	0.000000
-0.961949	0.828458	0.813353	0.000000	0.000000	0.000000	0.000000	0.000000	0.000000	0.000000
-0.961925	0.827919	0.812487	-0.000000	0.000000	0.000000	0.000000	0.000000	0.000000	0.000000
-0.961902	0.828270	0.812589	0.000000	0.000000	0.000000	0.000000	0.000000	0.000000	0.000000
-0.961932	0.828379	0.812846	-0.000000	0.000000	0.000000	0.000000	0.000000	0.000000	0.000000
-0.961949	0.828262	0.813080	0.000000	0.000000	0.000000	0.000000	0.000000	0.000000	0.000000
-0.961898	0.828395	0.812860	0.000000	0.000000	0.000000	0.000000	0.000000	0.000000	0.000000
-0.961919	0.828083	0.812711	0.000000	0.000000	0.000000	0.000000	0.000000	0.000000	0.000000
-0.961913	0.828408	0.812413	0.000000	0.000000	0.000000	0.000000	0.000000	0.000000	0.000000
-0.961913	0.828436	0.811958	0.000000	0.000000	0.000000	0.000000	0.000000	0.000000	0.000000
-0.961922	0.828224	0.812370	-0.000000	0.000000	0.000000	0.000000	0.000000	0.000000	0.000000
-0.961909	0.828544	0.811697	-0.000000	0.000000	0.000000	0.000000	0.000000	0.000000	0.000000
-0.961903	0.828504	0.812397	0.000000	0.000000	0.000000	0.000000	0.000000	0.000000	0.000000
-0.961912	0.828561	0.812457	-0.000000	0.000000	0.000000	0.000000	0.000000	0.000000	0.000000
-0.961988	0.828276	0.812301	-0.000000	0.000000	0.000000	0.000000	0.000000	0.000000	0.000000
-0.961909	0.828213	0.813372	-0.000000	0.000000	0.000000	0.000000	0.000000	0.000000	0.000000
-0.961870	0.828120	0.812895	-0.000000	0.000000	0.000000	0.000000	0.000000	0.000000	0.000000
-0.961905	0.828301	0.811920	-0.000000	0.000000	0.000000	0.000000	0.000000	0.000000	0.000000
-0.961957	0.828485	0.812968	0.000000	0.000000	0.000000	0.000000	0.000000	0.000000	0.000000
-0.961922	0.828288	0.812602	-0.000000	0.000000	0.000000	0.000000	0.000000	0.000000	0.000000
-0.961881	0.828259	0.811009	0.000000	0.000000	0.000000	0.000000	0.000000	0.000000	0.000000
-0.961925	0.828686	0.810965	0.000000	0.000000	0.000000	0.000000	0.000000	0.000000	0.000000
-0.961948	0.828437	0.812656	0.000000	0.000000	0.000000	0.000000	0.000000	0.000000	0.000000
-0.961889	0.828768	0.812864	-0.000000	0.000000	0.000000	0.000000	0.000000	0.000000	0.000000
-0.961904	0.827908	0.812290	0.000000	0.000000	0.000000	0.000000	0.000000	0.000000	0.000000
-0.961925	0.828725	0.812676	0.000000	0.000000	0.000000	0.000000	0.000000	0.000000	0.000000
-0.961924	0.828300	0.812706	-0.000000	0.000000	0.000000	0.000000	0.000000	0.000000	0.000000
-0.961941	0.828404	0.811984	-0.000000	0.000000	0.000000	0.000000	0.000000	0.000000	0.000000
-0.961937	0.828196	0.813067	0.000000	0.000000	0.000000	0.000000	0.000000	0.000000	0.000000
-0.961882	0.828641	0.812803	0.000000	0.000000	0.000000	0.000000	0.000000	0.000000	0.000000
-0.961863	0.828272	0.813251	-0.000000	0.000000	0.000000	0.000000	0.000000	0.000000	0.000000
-0.961937	0.828146	0.812350	-0.000000	0.000000	0.000000	0.000000	0.000000	0.000000	0.000000
-0.961887	0.828316	0.812324	-0.000000	0.000000	0.000000	0.000000	0.000000	0.000000	0.000000
-0.961941	0.828318	0.812262	-0.000000	0.000000	0.000000	0.000000	0.000000	0.000000	0.000000
-0.961849	0.828710	0.813305	0.000000	0.000000	0.000000	0.000000	0.000000	0.000000	0.000000
-0.961961	0.828519	0.812912	-0.000000	0.000000	0.000000	0.000000	0.000000	0.000000	0.000000
-0.961886	0.828548	0.812763	-0.000000	0.000000	0.000000	0.000000	0.000000	0.000000	0.000000
-0.961944	0.828279	0.812986	0.000000	0.000000	0.000000	0.000000	0.000000	0.000000	0.000000
-0.961931	0.828232	0.812396	-0.000000	0.000000	0.000000	0.000000	0.000000	0.000000	0.000000
-0.961900	0.828303	0.811818	-0.000000	0.000000	0.000000	0.000000	0.000000	0.000000	0.000000
-0.961884	0.828174	0.812161	0.000000	0.000000	0.000000	0.000000	0.000000	0.000000	0.000000
-0.961922	0.828287	0.811791	0.000000	0.000000	0.000000	0.000000	0.000000	0.000000	0.000000
-0.961954	0.828848	0.812980	0.000000	0.000000	0.000000	0.000000	0.000000	0.000000	0.000000
-0.961935	0.828042	0.812001	-0.000000	0.000000	0.000000	0.000000	0.000000	0.000000	0.000000
-0.961938	-0.811151	-0.000000	-0.009840	0.000000	0.000000	0.000000	0.000000	0.000000	0.000000
-0.961913	-0.811155	0.000000	0.832489	0.000000	0.000000	0.000000	0.000000	0.000000	0.000000
-0.961972	-0.811155	0.000000	0.831433	0.000000	0.000000	0.000000	0.000000	0.000000	0.000000
-0.961953	-0.811155	-0.000000	0.832496	0.000000	0.000000	0.000000	0.000000	0.000000	0.000000
-0.961898	-0.811155	0.000000	0.832101	0.000000	0.000000	0.000000	0.000000	0.000000	0.000000
-0.961908	-0.811155	-0.000000	0.832496	0.000000	0.000000	0.000000	0.000000	0.000000	0.000000
-0.961947	-0.811155	0.000000	0.832496	0.000000	0.000000	0.000000	0.000000	0.000000	0.000000
-0.961978	-0.811155	0.000000	0.832496	0.000000	0.000000	0.000000	0.000000	0.000000	0.000000
-0.961945	-0.811155	0.000000	0.832482	0.000000	0.000000	0.000000	0.000000	0.000000	0.000000
-0.961993	-0.811155	0.000000	0.832495	0.000000	0.000000	0.000000	0.000000	0.000000	0.000000
-0.961949	-0.811155	-0.000000	0.832348	0.000000	0.000000	0.000000	0.000000	0.000000	0.000000
-0.961919	-0.811155	0.000000	0.832491	0.000000	0.000000	0.000000	0.000000	0.000000	0.000000
-0.961925	-0.811155	-0.000000	0.832496	0.000000	0.000000	0.000000	0.000000	0.000000	0.000000
-0.961930	-0.811155	-0.000000	0.832496	0.000000	0.000000	0.000000	0.000000	0.000000	0.000000
-0.961886	-0.811155	0.000000	0.832496	0.000000	0.000000	0.000000	0.000000	0.000000	0.000000
-0.961872	-0.811155	-0.000000	0.832496	0.000000	0.000000	0.000000	0.000000	0.000000	0.000000
-0.961893	-0.811155	-0.000000	0.831949	0.000000	0.000000	0.000000	0.000000	0.000000	0.000000
-0.961924	-0.811155	-0.000000	0.832496	0.000000	0.000000	0.000000	0.000000	0.000000	0.000000
-0.961935	-0.811154	0.000000	0.832495	0.000000	0.000000	0.000000	0.000000	0.000000	0.000000
-0.961910	-0.811155	-0.000000	0.832496	0.000000	0.000000	0.000000	0.000000	0.000000	0.000000
-0.961937	-0.811155	-0.000000	0.832496	0.000000	0.000000	0.000000	0.000000	0.000000	0.000000
-0.961888	-0.811155	0.000000	0.832415	0.000000	0.000000	0.000000	0.000000	0.000000	0.000000
-0.962016	-0.811152	0.000000	0.832496	0.000000	0.000000	0.000000	0.000000	0.000000	0.000000
-0.961943	-0.811155	0.000000	0.832491	0.000000	0.000000	0.000000	0.000000	0.000000	0.000000
-0.961923	-0.811155	-0.000000	0.832496	0.000000	0.000000	0.000000	0.000000	0.000000	0.000000
-0.961896	-0.811155	0.000000	0.832496	0.000000	0.000000	0.000000	0.000000	0.000000	0.000000
-0.961975	-0.811155	-0.000000	0.832496	0.000000	0.000000	0.000000	0.000000	0.000000	0.000000
-0.961957	-0.811155	-0.000000	0.832469	0.000000	0.000000	0.000000	0.000000	0.000000	0.000000
-0.961940	-0.811155	-0.000000	0.832495	0.000000	0.000000	0.000000	0.000000	0.000000	0.000000
-0.961916	-0.811155	-0.000000	0.832491	0.000000	0.000000	0.000000	0.000000	0.000000	0.000000
-0.962007	-0.811155	0.000000	0.832495	0.000000	0.000000	0.000000	0.000000	0.000000	0.000000
-0.961920	-0.811155	0.000000	0.832496	0.000000	0.000000	0.000000	0.000000	0.000000	0.000000
-0.961917	-0.811155	-0.000000	0.832496	0.000000	0.000000	0.000000	0.000000	0.000000	0.000000
-0.961915	-0.811155	-0.000000	0.832496	0.000000	0.000000	0.000000	0.000000	0.000000	0.000000
-0.961911	-0.811155	-0.000000	0.832496	0.000000	0.000000	0.000000	0.000000	0.000000	0.000000
-0.961979	-0.811155	0.000000	0.832496	0.000000	0.000000	0.000000	0.000000	0.000000	0.000000
-0.961938	-0.811155	-0.000000	0.832496	0.000000	0.000000	0.000000	0.000000	0.000000	0.000000
-0.961912	-0.811155	0.000000	0.832495	0.000000	0.000000	0.000000	0.000000	0.000000	0.000000
-0.961865	-0.811155	0.000000	0.832496	0.000000	0.000000	0.000000	0.000000	0.000000	0.000000
-0.961951	-0.811155	-0.000000	0.386140	0.000000	0.000000	0.000000	0.000000	0.000000	0.000000
-0.961976	-0.811155	0.000000	0.832496	0.000000	0.000000	0.000000	0.000000	0.000000	0.000000
-0.961986	-0.811155	0.000000	0.832496	0.000000	0.000000	0.000000	0.000000	0.000000	0.000000
-0.961886	-0.811155	-0.000000	0.832496	0.000000	0.000000	0.000000	0.000000	0.000000	0.000000
-0.961926	-0.811155	0.000000	0.832496	0.000000	0.000000	0.000000	0.000000	0.000000	0.000000
-0.961892	-0.811155	-0.000000	0.831564	0.000000	0.000000	0.000000	0.000000	0.000000	0.000000
-0.961938	-0.811155	-0.000000	0.832442	0.000000	0.000000	0.000000	0.000000	0.000000	0.000000
-0.961928	-0.811155	0.000000	0.832496	0.000000	0.000000	0.000000	0.000000	0.000000	0.000000
-0.961920	-0.811154	0.000000	0.832496	0.000000	0.000000	0.000000	0.000000	0.000000	0.000000
-0.961992	-0.811155	-0.000000	0.832495	0.000000	0.000000	0.000000	0.000000	0.000000	0.000000
-0.961962	-0.811155	0.000000	0.832492	0.000000	0.000000	0.000000	0.000000	0.000000	0.000000
-0.961909	-0.811154	0.000000	0.832496	0.000000	0.000000	0.000000	0.000000	0.000000	0.000000
-0.961900	-0.811082	0.000000	0.832496	0.000000	0.000000	0.000000	0.000000	0.000000	0.000000
-0.961942	-0.811155	0.000000	0.832489	0.000000	0.000000	0.000000	0.000000	0.000000	0.000000
-0.961889	-0.811155	0.000000	0.832496	0.000000	0.000000	0.000000	0.000000	0.000000	0.000000
-0.961984	-0.811155	0.000000	0.832496	0.000000	0.000000	0.000000	0.000000	0.000000	0.000000
-0.961938	-0.811155	-0.000000	0.832494	0.000000	0.000000	0.000000	0.000000	0.000000	0.000000
-0.961888	-0.811155	0.000000	0.832441	0.000000	0.000000	0.000000	0.000000	0.000000	0.000000
-0.961888	-0.811155	0.000000	0.832431	0.000000	0.000000	0.000000	0.000000	0.000000	0.000000
-0.961947	-0.811155	-0.000000	0.832476	0.000000	0.000000	0.000000	0.000000	0.000000	0.000000
-0.961934	-0.811155	0.000000	0.832496	0.000000	0.000000	0.000000	0.000000	0.000000	0.000000
-0.961945	-0.811155	-0.000000	0.832496	0.000000	0.000000	0.000000	0.000000	0.000000	0.000000
-0.961923	-0.811155	0.000000	0.832479	0.000000	0.000000	0.000000	0.000000	0.000000	0.000000
-0.961931	-0.811155	0.000000	0.832496	0.000000	0.000000	0.000000	0.000000	0.000000	0.000000
-0.961930	-0.811155	-0.000000	0.832496	0.000000	0.000000	0.000000	0.000000	0.000000	0.000000
-0.961979	-0.811155	-0.000000	0.832490	0.000000	0.000000	0.000000	0.000000	0.000000	0.000000
-0.961947	-0.811155	0.000000	0.832496	0.000000	0.000000	0.000000	0.000000	0.000000	0.000000
-0.961899	-0.811155	0.000000	0.832496	0.000000	0.000000	0.000000	0.000000	0.000000	0.000000
-0.961912	-0.811155	0.000000	0.832496	0.000000	0.000000	0.000000	0.000000	0.000000	0.000000
-0.961864	-0.811155	0.000000	0.832496	0.000000	0.000000	0.000000	0.000000	0.000000	0.000000
-0.961947	-0.811155	0.000000	0.832496	0.000000	0.000000	0.000000	0.000000	0.000000	0.000000
-0.961927	-0.811155	-0.000000	0.832495	0.000000	0.000000	0.000000	0.000000	0.000000	0.000000
-0.961940	-0.811155	0.000000	0.832496	0.000000	0.000000	0.000000	0.000000	0.000000	0.000000
-0.961927	-0.811154	0.000000	0.832494	0.000000	0.000000	0.000000	0.000000	0.000000	0.000000
-0.961878	-0.811155	-0.000000	0.832496	0.000000	0.000000	0.000000	0.000000	0.000000	0.000000
-0.961846	-0.811155	0.000000	0.832496	0.000000	0.000000	0.000000	0.000000	0.000000	0.000000
-0.961971	-0.811154	0.000000	0.832496	0.000000	0.000000	0.000000	0.000000	0.000000	0.000000
-0.961966	-0.811155	0.000000	0.832496	0.000000	0.000000	0.000000	0.000000	0.000000	0.000000
-0.961899	-0.811154	0.000000	0.832496	0.000000	0.000000	0.000000	0.000000	0.000000	0.000000
-0.961886	-0.811154	-0.000000	0.832496	0.000000	0.000000	0.000000	0.000000	0.000000	0.000000
-0.961935	-0.811155	-0.000000	0.832468	0.000000	0.000000	0.000000	0.000000	0.000000	0.000000
-0.961942	-0.811153	0.000000	0.832496	0.000000	0.000000	0.000000	0.000000	0.000000	0.000000
-0.961936	-0.811155	-0.000000	0.832496	0.000000	0.000000	0.000000	0.000000	0.000000	0.000000
-0.961923	-0.811155	0.000000	0.832496	0.000000	0.000000	0.000000	0.000000	0.000000	0.000000
-0.961985	-0.811155	0.000000	0.832496	0.000000	0.000000	0.000000	0.000000	0.000000	0.000000
-0.961915	-0.811155	0.000000	0.832496	0.000000	0.000000	0.000000	0.000000	0.000000	0.000000
-0.961935	-0.811153	-0.000000	0.832486	0.000000	0.000000	0.000000	0.000000	0.000000	0.000000
-0.961928	-0.811155	-0.000000	0.832496	0.000000	0.000000	0.000000	0.000000	0.000000	0.000000
-0.961907	-0.811155	-0.000000	0.832496	0.000000	0.000000	0.000000	0.000000	0.000000	0.000000
-0.961982	-0.810958	0.000000	0.832494	0.000000	0.000000	0.000000	0.000000	0.000000	0.000000
-0.961889	-0.811154	0.000000	0.832485	0.000000	0.000000	0.000000	0.000000	0.000000	0.000000
-0.961964	-0.811155	0.000000	0.832496	0.000000	0.000000	0.000000	0.000000	0.000000	0.000000
-0.961967	-0.811155	0.000000	0.832472	0.000000	0.000000	0.000000	0.000000	0.000000	0.000000
-0.961895	-0.811155	0.000000	0.832496	0.000000	0.000000	0.000000	0.000000	0.000000	0.000000
-0.961887	-0.811155	-0.000000	0.832496	0.000000	0.000000	0.000000	0.000000	0.000000	0.000000
-0.961872	-0.811155	0.000000	0.832496	0.000000	0.000000	0.000000	0.000000	0.000000	0.000000
-0.961917	-0.811155	0.000000	0.832496	0.000000	0.000000	0.000000	0.000000	0.000000	0.000000
-0.961859	-0.811155	-0.000000	0.832494	0.000000	0.000000	0.000000	0.000000	0.000000	0.000000
-0.961901	-0.811155	-0.000000	0.832496	0.000000	0.000000	0.000000	0.000000	0.000000	0.000000
-0.961884	-0.811155	-0.000000	0.832494	0.000000	0.000000	0.000000	0.000000	0.000000	0.000000
-0.961985	-0.811155	0.000000	0.832496	0.000000	0.000000	0.000000	0.000000	0.000000	0.000000
-0.961892	-0.811155	0.000000	0.832496	0.000000	0.000000	0.000000	0.000000	0.000000	0.000000
-0.961922	-0.811153	-0.000000	0.832411	0.000000	0.000000	0.000000	0.000000	0.000000	0.000000
-0.961934	-0.811154	-0.000000	0.832494	0.000000	0.000000	0.000000	0.000000	0.000000	0.000000
-0.961943	-0.811155	-0.000000	0.832494	0.000000	0.000000	0.000000	0.000000	0.000000	0.000000
-0.961923	-0.811155	0.000000	0.832496	0.000000	0.000000	0.000000	0.000000	0.000000	0.000000
-0.961953	-0.811155	0.000000	0.832496	0.000000	0.000000	0.000000	0.000000	0.000000	0.000000
-0.961898	-0.811155	0.000000	0.832496	0.000000	0.000000	0.000000	0.000000	0.000000	0.000000
-0.961902	-0.811155	0.000000	0.832496	0.000000	0.000000	0.000000	0.000000	0.000000	0.000000
-0.961882	-0.811155	0.000000	0.832496	0.000000	0.000000	0.000000	0.000000	0.000000	0.000000
-0.961925	-0.811154	0.000000	0.832496	0.000000	0.000000	0.000000	0.000000	0.000000	0.000000
-0.961912	-0.811155	0.000000	0.832496	0.000000	0.000000	0.000000	0.000000	0.000000	0.000000
-0.961984	-0.811155	-0.000000	0.831956	0.000000	0.000000	0.000000	0.000000	0.000000	0.000000
-0.961871	-0.811155	0.000000	0.832496	0.000000	0.000000	0.000000	0.000000	0.000000	0.000000
-0.961934	-0.811155	-0.000000	0.831989	0.000000	0.000000	0.000000	0.000000	0.000000	0.000000
-0.961904	-0.811155	-0.000000	0.832488	0.000000	0.000000	0.000000	0.000000	0.000000	0.000000
-0.961916	-0.811154	0.000000	0.832496	0.000000	0.000000	0.000000	0.000000	0.000000	0.000000
-0.961966	-0.811155	0.000000	0.832495	0.000000	0.000000	0.000000	0.000000	0.000000	0.000000
-0.961912	-0.811154	0.000000	0.832496	0.000000	0.000000	0.000000	0.000000	0.000000	0.000000
-0.961980	-0.811155	-0.000000	0.832495	0.000000	0.000000	0.000000	0.000000	0.000000	0.000000
-0.961920	-0.811155	0.000000	0.832496	0.000000	0.000000	0.000000	0.000000	0.000000	0.000000
-0.961970	-0.811155	-0.000000	0.832357	0.000000	0.000000	0.000000	0.000000	0.000000	0.000000
-0.961939	-0.811155	-0.000000	0.832482	0.000000	0.000000	0.000000	0.000000	0.000000	0.000000
-0.961922	-0.811155	0.000000	0.832496	0.000000	0.000000	0.000000	0.000000	0.000000	0.000000
-0.961909	-0.811155	0.000000	0.832496	0.000000	0.000000	0.000000	0.000000	0.000000	0.000000
-0.961926	-0.811155	0.000000	0.832496	0.000000	0.000000	0.000000	0.000000	0.000000	0.000000
-0.961896	-0.811155	0.000000	0.832496	0.000000	0.000000	0.000000	0.000000	0.000000	0.000000
-0.961922	-0.811155	0.000000	0.832496	0.000000	0.000000	0.000000	0.000000	0.000000	0.000000
-0.961929	-0.811155	0.000000	0.832496	0.000000	0.000000	0.000000	0.000000	0.000000	0.000000
-0.961926	-0.811155	0.000000	0.832496	0.000000	0.000000	0.000000	0.000000	0.000000	0.000000
-0.961937	-0.811155	0.000000	0.832496	0.000000	0.000000	0.000000	0.000000	0.000000	0.000000
-0.961910	-0.811155	0.000000	0.832491	0.000000	0.000000	0.000000	0.000000	0.000000	0.000000
-0.961886	-0.811155	-0.000000	0.832494	0.000000	0.000000	0.000000	0.000000	0.000000	0.000000
-0.961923	-0.811155	0.000000	0.832495	0.000000	0.000000	0.000000	0.000000	0.000000	0.000000
-0.961919	-0.811155	-0.000000	0.832496	0.000000	0.000000	0.000000	0.000000	0.000000	0.000000
-0.961884	-0.811155	0.000000	0.832496	0.000000	0.000000	0.000000	0.000000	0.000000	0.000000
-0.961911	-0.811155	0.000000	0.832496	0.000000	0.000000	0.000000	0.000000	0.000000	0.000000
-0.961884	-0.811155	-0.000000	0.832496	0.000000	0.000000	0.000000	0.000000	0.000000	0.000000
-0.961930	-0.811155	0.000000	0.832494	0.000000	0.000000	0.000000	0.000000	0.000000	0.000000
-0.961900	-0.811155	-0.000000	0.832496	0.000000	0.000000	0.000000	0.000000	0.000000	0.000000
-0.961904	-0.811155	0.000000	0.832496	0.000000	0.000000	0.000000	0.000000	0.000000	0.000000
-0.961911	-0.811155	0.000000	0.832492	0.000000	0.000000	0.000000	0.000000	0.000000	0.000000
-0.961897	-0.811155	-0.000000	0.832491	0.000000	0.000000	0.000000	0.000000	0.000000	0.000000
-0.961921	-0.811153	0.000000	0.832496	0.000000	0.000000	0.000000	0.000000	0.000000	0.000000
-0.961893	-0.811155	0.000000	0.832496	0.000000	0.000000	0.000000	0.000000	0.000000	0.000000
-0.961926	-0.811155	-0.000000	0.831548	0.000000	0.000000	0.000000	0.000000	0.000000	0.000000
-0.961967	-0.811155	0.000000	0.832322	0.000000	0.000000	0.000000	0.000000	0.000000	0.000000
-0.961959	-0.811155	0.000000	0.832496	0.000000	0.000000	0.000000	0.000000	0.000000	0.000000
-0.961951	-0.811155	-0.000000	0.832496	0.000000	0.000000	0.000000	0.000000	0.000000	0.000000
-0.961931	-0.811155	0.000000	0.832490	0.000000	0.000000	0.000000	0.000000	0.000000	0.000000
-0.961939	-0.811155	0.000000	0.832496	0.000000	0.000000	0.000000	0.000000	0.000000	0.000000
-0.961986	-0.811155	-0.000000	0.832496	0.000000	0.000000	0.000000	0.000000	0.000000	0.000000
-0.961973	-0.811155	-0.000000	0.832496	0.000000	0.000000	0.000000	0.000000	0.000000	0.000000
-0.961910	-0.811155	-0.000000	0.832496	0.000000	0.000000	0.000000	0.000000	0.000000	0.000000
-0.961907	-0.811155	-0.000000	0.832496	0.000000	0.000000	0.000000	0.000000	0.000000	0.000000
-0.961910	-0.811155	-0.000000	0.832495	0.000000	0.000000	0.000000	0.000000	0.000000	0.000000
-0.961893	-0.811155	-0.000000	0.832496	0.000000	0.000000	0.000000	0.000000	0.000000	0.000000
-0.961936	-0.811155	0.000000	0.832496	0.000000	0.000000	0.000000	0.000000	0.000000	0.000000
-0.961929	-0.811155	-0.000000	0.832496	0.000000	0.000000	0.000000	0.000000	0.000000	0.000000
-0.961962	-0.811155	0.000000	0.816069	0.000000	0.000000	0.000000	0.000000	0.000000	0.000000
-0.961958	-0.811155	-0.000000	0.832475	0.000000	0.000000	0.000000	0.000000	0.000000	0.000000
-0.962003	-0.811154	0.000000	0.832387	0.000000	0.000000	0.000000	0.000000	0.000000	0.000000
-0.961927	-0.811155	-0.000000	0.832493	0.000000	0.000000	0.000000	0.000000	0.000000	0.000000
-0.961949	-0.811155	0.000000	0.832495	0.000000	0.000000	0.000000	0.000000	0.000000	0.000000
-0.961942	-0.811155	-0.000000	0.832496	0.000000	0.000000	0.000000	0.000000	0.000000	0.000000
-0.961979	-0.811155	0.000000	0.832490	0.000000	0.000000	0.000000	0.000000	0.000000	0.000000
-0.961952	-0.811155	0.000000	0.832496	0.000000	0.000000	0.000000	0.000000	0.000000	0.000000
-0.961948	-0.811155	-0.000000	0.832495	0.000000	0.000000	0.000000	0.000000	0.000000	0.000000
-0.961943	-0.811155	0.000000	0.832496	0.000000	0.000000	0.000000	0.000000	0.000000	0.000000
-0.961927	-0.811155	-0.000000	0.832496	0.000000	0.000000	0.000000	0.000000	0.000000	0.000000
-0.961927	-0.811155	-0.000000	0.832496	0.000000	0.000000	0.000000	0.000000	0.000000	0.000000
-0.961950	-0.811150	-0.000000	0.832496	0.000000	0.000000	0.000000	0.000000	0.000000	0.000000
-0.961937	-0.811155	0.000000	0.832496	0.000000	0.000000	0.000000	0.000000	0.000000	0.000000
-0.961917	-0.811155	-0.000000	0.832496	0.000000	0.000000	0.000000	0.000000	0.000000	0.000000
-0.961908	-0.811155	0.000000	0.832492	0.000000	0.000000	0.000000	0.000000	0.000000	0.000000
-0.961934	-0.811155	0.000000	0.832496	0.000000	0.000000	0.000000	0.000000	0.000000	0.000000
-0.961938	-0.811155	-0.000000	0.832012	0.000000	0.000000	0.000000	0.000000	0.000000	0.000000
-0.961927	-0.811155	-0.000000	0.832496	0.000000	0.000000	0.000000	0.000000	0.000000	0.000000
-0.961947	-0.811155	-0.000000	0.832445	0.000000	0.000000	0.000000	0.000000	0.000000	0.000000
-0.961972	-0.811155	-0.000000	0.832496	0.000000	0.000000	0.000000	0.000000	0.000000	0.000000
-0.961973	-0.811155	0.000000	0.832496	0.000000	0.000000	0.000000	0.000000	0.000000	0.000000
-0.961934	-0.811155	0.000000	0.832496	0.000000	0.000000	0.000000	0.000000	0.000000	0.000000
-0.961932	-0.811115	-0.000000	0.832496	0.000000	0.000000	0.000000	0.000000	0.000000	0.000000
-0.961903	-0.811155	-0.000000	0.832481	0.000000	0.000000	0.000000	0.000000	0.000000	0.000000
-0.961882	-0.811149	-0.000000	0.832496	0.000000	0.000000	0.000000	0.000000	0.000000	0.000000
-0.961918	-0.811155	-0.000000	0.832496	0.000000	0.000000	0.000000	0.000000	0.000000	0.000000
-0.961932	-0.811155	0.000000	0.830367	0.000000	0.000000	0.000000	0.000000	0.000000	0.000000
-0.961960	-0.811155	-0.000000	0.832496	0.000000	0.000000	0.000000	0.000000	0.000000	0.000000
-0.961950	-0.811155	-0.000000	0.832478	0.000000	0.000000	0.000000	0.000000	0.000000	0.000000
-0.961880	-0.811155	-0.000000	0.832492	0.000000	0.000000	0.000000	0.000000	0.000000	0.000000
-0.961980	-0.811155	-0.000000	0.832470	0.000000	0.000000	0.000000	0.000000	0.000000	0.000000
-0.961915	-0.811155	0.000000	0.832496	0.000000	0.000000	0.000000	0.000000	0.000000	0.000000
-0.961954	-0.811155	0.000000	0.832492	0.000000	0.000000	0.000000	0.000000	0.000000	0.000000
-0.961915	-0.811154	-0.000000	0.832495	0.000000	0.000000	0.000000	0.000000	0.000000	0.000000
-0.961927	-0.811155	0.000000	0.832496	0.000000	0.000000	0.000000	0.000000	0.000000	0.000000
-0.961954	-0.811155	0.000000	0.832496	0.000000	0.000000	0.000000	0.000000	0.000000	0.000000
-0.961967	-0.811155	-0.000000	0.832496	0.000000	0.000000	0.000000	0.000000	0.000000	0.000000
-0.961912	-0.811155	-0.000000	0.832491	0.000000	0.000000	0.000000	0.000000	0.000000	0.000000
-0.961965	-0.811155	-0.000000	0.832496	0.000000	0.000000	0.000000	0.000000	0.000000	0.000000
-0.961929	-0.811154	0.000000	0.832496	0.000000	0.000000	0.000000	0.000000	0.000000	0.000000
-0.961949	-0.811155	-0.000000	0.832345	0.000000	0.000000	0.000000	0.000000	0.000000	0.000000
-0.961911	-0.811155	0.000000	0.832496	0.000000	0.000000	0.000000	0.000000	0.000000	0.000000
-0.961911	-0.811155	0.000000	0.832496	0.000000	0.000000	0.000000	0.000000	0.000000	0.000000
-0.961940	-0.811155	-0.000000	0.832336	0.000000	0.000000	0.000000	0.000000	0.000000	0.000000
-0.961908	-0.811155	0.000000	0.832336	0.000000	0.000000	0.000000	0.000000	0.000000	0.000000
-0.961883	-0.811155	-0.000000	0.832496	0.000000	0.000000	0.000000	0.000000	0.000000	0.000000
-0.961931	-0.811155	0.000000	0.832496	0.000000	0.000000	0.000000	0.000000	0.000000	0.000000
-0.961852	-0.811155	-0.000000	0.832496	0.000000	0.000000	0.000000	0.000000	0.000000	0.000000
-0.961942	-0.811155	-0.000000	0.832496	0.000000	0.000000	0.000000	0.000000	0.000000	0.000000
-0.961933	-0.811155	0.000000	0.832496	0.000000	0.000000	0.000000	0.000000	0.000000	0.000000
-0.961941	-0.811155	0.000000	0.832488	0.000000	0.000000	0.000000	0.000000	0.000000	0.000000
-0.961915	-0.811155	-0.000000	0.832444	0.000000	0.000000	0.000000	0.000000	0.000000	0.000000
-0.961925	-0.811155	-0.000000	0.832494	0.000000	0.000000	0.000000	0.000000	0.000000	0.000000
-0.961839	-0.811155	-0.000000	0.832496	0.000000	0.000000	0.000000	0.000000	0.000000	0.000000
-0.961939	-0.811155	0.000000	0.832491	0.000000	0.000000	0.000000	0.000000	0.000000	0.000000
-0.961976	-0.811155	-0.000000	0.832496	0.000000	0.000000	0.000000	0.000000	0.000000	0.000000
-0.961856	-0.811155	0.000000	0.832496	0.000000	0.000000	0.000000	0.000000	0.000000	0.000000
-0.961922	-0.811155	0.000000	0.832483	0.000000	0.000000	0.000000	0.000000	0.000000	0.000000
-0.961974	-0.811155	0.000000	0.832457	0.000000	0.000000	0.000000	0.000000	0.000000	0.000000
-0.961964	-0.811155	-0.000000	0.832495	0.000000	0.000000	0.000000	0.000000	0.000000	0.000000
-0.961910	-0.811154	0.000000	0.832496	0.000000	0.000000	0.000000	0.000000	0.000000	0.000000
-0.961887	-0.811155	0.000000	0.832487	0.000000	0.000000	0.000000	0.000000	0.000000	0.000000
-0.961932	-0.811155	-0.000000	0.832496	0.000000	0.000000	0.000000	0.000000	0.000000	0.000000
-0.961953	-0.811155	-0.000000	0.831592	0.000000	0.000000	0.000000	0.000000	0.000000	0.000000
-0.961896	-0.811153	0.000000	0.832496	0.000000	0.000000	0.000000	0.000000	0.000000	0.000000
-0.961977	-0.811155	0.000000	0.832464	0.000000	0.000000	0.000000	0.000000	0.000000	0.000000
-0.961939	-0.811155	0.000000	0.832495	0.000000	0.000000	0.000000	0.000000	0.000000	0.000000
-0.961969	-0.811154	0.000000	0.832495	0.000000	0.000000	0.000000	0.000000	0.000000	0.000000
-0.961911	-0.811155	-0.000000	0.832443	0.000000	0.000000	0.000000	0.000000	0.000000	0.000000
-0.961977	-0.811155	-0.000000	0.832496	0.000000	0.000000	0.000000	0.000000	0.000000	0.000000
-0.961922	-0.811155	0.000000	0.832496	0.000000	0.000000	0.000000	0.000000	0.000000	0.000000
-0.961952	-0.811155	-0.000000	0.832496	0.000000	0.000000	0.000000	0.000000	0.000000	0.000000
-0.961893	-0.811155	-0.000000	0.832496	0.000000	0.000000	0.000000	0.000000	0.000000	0.000000
-0.961939	-0.811155	0.000000	0.832391	0.000000	0.000000	0.000000	0.000000	0.000000	0.000000
-0.961944	-0.811155	-0.000000	0.832495	0.000000	0.000000	0.000000	0.000000	0.000000	0.000000
-0.961901	-0.811155	-0.000000	0.832492	0.000000	0.000000	0.000000	0.000000	0.000000	0.000000
-0.961870	-0.811154	0.000000	0.832496	0.000000	0.000000	0.000000	0.000000	0.000000	0.000000
-0.961901	-0.811155	-0.000000	0.832496	0.000000	0.000000	0.000000	0.000000	0.000000	0.000000
-0.961940	-0.811155	0.000000	0.828372	0.000000	0.000000	0.000000	0.000000	0.000000	0.000000
-0.961918	-0.811155	-0.000000	0.832494	0.000000	0.000000	0.000000	0.000000	0.000000	0.000000
-0.961957	-0.811155	-0.000000	0.832495	0.000000	0.000000	0.000000	0.000000	0.000000	0.000000
-0.961984	-0.811155	0.000000	0.832489	0.000000	0.000000	0.000000	0.000000	0.000000	0.000000
-0.961916	-0.811155	0.000000	0.832496	0.000000	0.000000	0.000000	0.000000	0.000000	0.000000
-0.961935	-0.811155	-0.000000	0.832471	0.000000	0.000000	0.000000	0.000000	0.000000	0.000000
-0.961900	-0.811155	-0.000000	0.831949	0.000000	0.000000	0.000000	0.000000	0.000000	0.000000
-0.961927	-0.811155	-0.000000	0.832495	0.000000	0.000000	0.000000	0.000000	0.000000	0.000000
-0.961960	-0.811155	-0.000000	0.832494	0.000000	0.000000	0.000000	0.000000	0.000000	0.000000
-0.961949	-0.811155	-0.000000	0.832494	0.000000	0.000000	0.000000	0.000000	0.000000	0.000000
-0.961931	-0.811155	0.000000	0.832496	0.000000	0.000000	0.000000	0.000000	0.000000	0.000000
-0.961940	-0.811154	0.000000	0.832496	0.000000	0.000000	0.000000	0.000000	0.000000	0.000000
-0.961946	-0.811155	0.000000	0.832494	0.000000	0.000000	0.000000	0.000000	0.000000	0.000000
-0.961907	-0.811147	-0.000000	-0.000017	0.000000	0.000000	0.000000	0.000000	0.000000	0.000000
-0.961964	-0.811155	-0.000000	-0.803890	0.000000	0.000000	0.000000	0.000000	0.000000	0.000000
-0.961906	-0.811154	0.000000	-0.803888	0.000000	0.000000	0.000000	0.000000	0.000000	0.000000
-0.961910	-0.811155	-0.000000	-0.803890	0.000000	0.000000	0.000000	0.000000	0.000000	0.000000
-0.961864	-0.811155	0.000000	-0.803889	0.000000	0.000000	0.000000	0.000000	0.000000	0.000000
-0.961857	-0.811155	0.000000	-0.803889	0.000000	0.000000	0.000000	0.000000	0.000000	0.000000
-0.961946	-0.811155	-0.000000	-0.803890	0.000000	0.000000	0.000000	0.000000	0.000000	0.000000
-0.961950	-0.811155	0.000000	-0.803890	0.000000	0.000000	0.000000	0.000000	0.000000	0.000000
-0.961961	-0.811149	-0.000000	-0.803886	0.000000	0.000000	0.000000	0.000000	0.000000	0.000000
-0.961908	-0.811155	0.000000	-0.803890	0.000000	0.000000	0.000000	0.000000	0.000000	0.000000
-0.961936	-0.811155	-0.000000	-0.803890	0.000000	0.000000	0.000000	0.000000	0.000000	0.000000
-0.961851	-0.811155	-0.000000	-0.803861	0.000000	0.000000	0.000000	0.000000	0.000000	0.000000
-0.961935	-0.811155	0.000000	-0.803890	0.000000	0.000000	0.000000	0.000000	0.000000	0.000000
-0.961933	-0.811155	0.000000	-0.803890	0.000000	0.000000	0.000000	0.000000	0.000000	0.000000
-0.961987	-0.811155	-0.000000	-0.803890	0.000000	0.000000	0.000000	0.000000	0.000000	0.000000
-0.961895	-0.811155	0.000000	-0.803886	0.000000	0.000000	0.000000	0.000000	0.000000	0.000000
-0.961948	-0.811155	-0.000000	-0.800955	0.000000	0.000000	0.000000	0.000000	0.000000	0.000000
-0.961966	-0.811155	-0.000000	-0.803890	0.000000	0.000000	0.000000	0.000000	0.000000	0.000000
-0.961946	-0.811155	-0.000000	-0.803890	0.000000	0.000000	0.000000	0.000000	0.000000	0.000000
-0.961913	-0.811155	-0.000000	-0.803888	0.000000	0.000000	0.000000	0.000000	0.000000	0.000000
-0.961824	-0.811155	0.000000	-0.801997	0.000000	0.000000	0.000000	0.000000	0.000000	0.000000
-0.961933	-0.811155	0.000000	-0.788552	0.000000	0.000000	0.000000	0.000000	0.000000	0.000000
-0.961917	-0.811155	-0.000000	-0.803849	0.000000	0.000000	0.000000	0.000000	0.000000	0.000000
-0.961954	-0.811155	-0.000000	-0.803515	0.000000	0.000000	0.000000	0.000000	0.000000	0.000000
-0.961916	-0.811155	0.000000	-0.784075	0.000000	0.000000	0.000000	0.000000	0.000000	0.000000
-0.961930	-0.811155	0.000000	-0.803869	0.000000	0.000000	0.000000	0.000000	0.000000	0.000000
-0.961951	-0.811155	0.000000	-0.803890	0.000000	0.000000	0.000000	0.000000	0.000000	0.000000
-0.961933	-0.811155	0.000000	-0.803890	0.000000	0.000000	0.000000	0.000000	0.000000	0.000000
-0.961970	-0.811155	0.000000	-0.803890	0.000000	0.000000	0.000000	0.000000	0.000000	0.000000
-0.961946	-0.811155	0.000000	-0.803890	0.000000	0.000000	0.000000	0.000000	0.000000	0.000000
-0.961942	-0.811155	-0.000000	-0.803890	0.000000	0.000000	0.000000	0.000000	0.000000	0.000000
-0.961948	-0.811155	-0.000000	-0.803888	0.000000	0.000000	0.000000	0.000000	0.000000	0.000000
-0.961916	-0.811155	0.000000	-0.803890	0.000000	0.000000	0.000000	0.000000	0.000000	0.000000
-0.961951	-0.811154	0.000000	-0.114589	0.000000	0.000000	0.000000	0.000000	0.000000	0.000000
-0.961858	-0.811155	0.000000	-0.803734	0.000000	0.000000	0.000000	0.000000	0.000000	0.000000
-0.961936	-0.811155	-0.000000	-0.803890	0.000000	0.000000	0.000000	0.000000	0.000000	0.000000
-0.961874	-0.811155	0.000000	-0.803890	0.000000	0.000000	0.000000	0.000000	0.000000	0.000000
-0.961921	-0.811155	-0.000000	-0.803880	0.000000	0.000000	0.000000	0.000000	0.000000	0.000000
-0.961900	-0.811155	0.000000	-0.803890	0.000000	0.000000	0.000000	0.000000	0.000000	0.000000
-0.961944	-0.811155	0.000000	-0.803885	0.000000	0.000000	0.000000	0.000000	0.000000	0.000000
-0.961934	-0.811155	-0.000000	-0.803872	0.000000	0.000000	0.000000	0.000000	0.000000	0.000000
-0.961896	-0.811155	-0.000000	-0.803890	0.000000	0.000000	0.000000	0.000000	0.000000	0.000000
-0.961969	-0.811155	-0.000000	-0.803870	0.000000	0.000000	0.000000	0.000000	0.000000	0.000000
-0.961934	-0.811155	0.000000	-0.803890	0.000000	0.000000	0.000000	0.000000	0.000000	0.000000
-0.961887	-0.811155	0.000000	-0.803890	0.000000	0.000000	0.000000	0.000000	0.000000	0.000000
-0.961909	-0.811155	0.000000	-0.803752	0.000000	0.000000	0.000000	0.000000	0.000000	0.000000
-0.961913	-0.811155	0.000000	-0.803890	0.000000	0.000000	0.000000	0.000000	0.000000	0.000000
-0.961902	-0.811155	0.000000	-0.803890	0.000000	0.000000	0.000000	0.000000	0.000000	0.000000
-0.961915	-0.811155	0.000000	-0.803890	0.000000	0.000000	0.000000	0.000000	0.000000	0.000000
-0.961837	-0.811155	0.000000	-0.803873	0.000000	0.000000	0.000000	0.000000	0.000000	0.000000
-0.961875	-0.811155	0.000000	-0.803890	0.000000	0.000000	0.000000	0.000000	0.000000	0.000000
-0.961964	-0.811155	0.000000	-0.803887	0.000000	0.000000	0.000000	0.000000	0.000000	0.000000
-0.961923	-0.811155	-0.000000	-0.787652	0.000000	0.000000	0.000000	0.000000	0.000000	0.000000
-0.961859	-0.811155	0.000000	-0.803641	0.000000	0.000000	0.000000	0.000000	0.000000	0.000000
-0.961927	-0.811155	-0.000000	-0.803890	0.000000	0.000000	0.000000	0.000000	0.000000	0.000000
-0.961933	-0.811155	0.000000	-0.803890	0.000000	0.000000	0.000000	0.000000	0.000000	0.000000
-0.961918	-0.811155	-0.000000	-0.803890	0.000000	0.000000	0.000000	0.000000	0.000000	0.000000
-0.961976	-0.811155	0.000000	-0.803782	0.000000	0.000000	0.000000	0.000000	0.000000	0.000000
-0.961957	-0.811155	0.000000	-0.803890	0.000000	0.000000	0.000000	0.000000	0.000000	0.000000
-0.961939	-0.811155	0.000000	-0.800164	0.000000	0.000000	0.000000	0.000000	0.000000	0.000000
-0.961886	-0.811155	0.000000	-0.803890	0.000000	0.000000	0.000000	0.000000	0.000000	0.000000
-0.961960	-0.811155	0.000000	-0.803890	0.000000	0.000000	0.000000	0.000000	0.000000	0.000000
-0.961881	-0.811155	-0.000000	-0.803890	0.000000	0.000000	0.000000	0.000000	0.000000	0.000000
-0.961954	-0.811155	0.000000	-0.803890	0.000000	0.000000	0.000000	0.000000	0.000000	0.000000
-0.961996	-0.811155	-0.000000	-0.803887	0.000000	0.000000	0.000000	0.000000	0.000000	0.000000
-0.961948	-0.811155	0.000000	-0.803889	0.000000	0.000000	0.000000	0.000000	0.000000	0.000000
-0.961963	-0.811155	0.000000	-0.793204	0.000000	0.000000	0.000000	0.000000	0.000000	0.000000
-0.961913	-0.811154	0.000000	-0.794465	0.000000	0.000000	0.000000	0.000000	0.000000	0.000000
-0.961918	-0.811155	0.000000	-0.803888	0.000000	0.000000	0.000000	0.000000	0.000000	0.000000
-0.961954	-0.811154	0.000000	-0.803890	0.000000	0.000000	0.000000	0.000000	0.000000	0.000000
-0.961868	-0.811155	0.000000	-0.803883	0.000000	0.000000	0.000000	0.000000	0.000000	0.000000
-0.961944	-0.811155	0.000000	-0.803890	0.000000	0.000000	0.000000	0.000000	0.000000	0.000000
-0.961967	-0.811155	-0.000000	-0.803890	0.000000	0.000000	0.000000	0.000000	0.000000	0.000000
-0.961967	-0.811155	0.000000	-0.803890	0.000000	0.000000	0.000000	0.000000	0.000000	0.000000
-0.961949	-0.811155	0.000000	-0.803890	0.000000	0.000000	0.000000	0.000000	0.000000	0.000000
-0.961946	-0.811155	-0.000000	-0.803857	0.000000	0.000000	0.000000	0.000000	0.000000	0.000000
-0.961965	-0.811155	0.000000	-0.803890	0.000000	0.000000	0.000000	0.000000	0.000000	0.000000
-0.962020	-0.811155	-0.000000	-0.803890	0.000000	0.000000	0.000000	0.000000	0.000000	0.000000
-0.961928	-0.811155	-0.000000	-0.803890	0.000000	0.000000	0.000000	0.000000	0.000000	0.000000
-0.961954	-0.811155	-0.000000	-0.803890	0.000000	0.000000	0.000000	0.000000	0.000000	0.000000
-0.961875	-0.811155	-0.000000	-0.803890	0.000000	0.000000	0.000000	0.000000	0.000000	0.000000
-0.961951	-0.811155	0.000000	-0.803890	0.000000	0.000000	0.000000	0.000000	0.000000	0.000000
-0.961939	-0.811155	-0.000000	-0.803890	0.000000	0.000000	0.000000	0.000000	0.000000	0.000000
-0.961888	-0.811155	-0.000000	-0.803857	0.000000	0.000000	0.000000	0.000000	0.000000	0.000000
-0.961940	-0.811155	-0.000000	-0.803889	0.000000	0.000000	0.000000	0.000000	0.000000	0.000000
-0.961901	-0.811137	0.000000	-0.803890	0.000000	0.000000	0.000000	0.000000	0.000000	0.000000
-0.961917	-0.811155	-0.000000	-0.803890	0.000000	0.000000	0.000000	0.000000	0.000000	0.000000
-0.961939	-0.811155	0.000000	-0.803881	0.000000	0.000000	0.000000	0.000000	0.000000	0.000000
-0.961938	-0.811155	0.000000	-0.803890	0.000000	0.000000	0.000000	0.000000	0.000000	0.000000
-0.961928	-0.811155	-0.000000	-0.803890	0.000000	0.000000	0.000000	0.000000	0.000000	0.000000
-0.961914	-0.811155	0.000000	-0.803890	0.000000	0.000000	0.000000	0.000000	0.000000	0.000000
-0.961890	-0.811154	0.000000	-0.803522	0.000000	0.000000	0.000000	0.000000	0.000000	0.000000
-0.961908	-0.811155	0.000000	-0.803890	0.000000	0.000000	0.000000	0.000000	0.000000	0.000000
-0.961916	-0.811155	-0.000000	-0.803890	0.000000	0.000000	0.000000	0.000000	0.000000	0.000000
-0.961960	-0.811155	0.000000	-0.803890	0.000000	0.000000	0.000000	0.000000	0.000000	0.000000
-0.961960	-0.811155	0.000000	-0.803891	0.000000	0.000000	0.000000	0.000000	0.000000	0.000000
-0.961985	-0.811155	0.000000	-0.803890	0.000000	0.000000	0.000000	0.000000	0.000000	0.000000
-0.961909	-0.811155	0.000000	-0.803871	0.000000	0.000000	0.000000	0.000000	0.000000	0.000000
-0.961915	-0.811155	0.000000	-0.803890	0.000000	0.000000	0.000000	0.000000	0.000000	0.000000
-0.961968	-0.811155	-0.000000	-0.803890	0.000000	0.000000	0.000000	0.000000	0.000000	0.000000
-0.961908	-0.811155	0.000000	-0.803890	0.000000	0.000000	0.000000	0.000000	0.000000	0.000000
-0.961909	-0.811155	0.000000	-0.803890	0.000000	0.000000	0.000000	0.000000	0.000000	0.000000
-0.961918	-0.811155	-0.000000	-0.803890	0.000000	0.000000	0.000000	0.000000	0.000000	0.000000
-0.962024	-0.811155	0.000000	-0.803890	0.000000	0.000000	0.000000	0.000000	0.000000	0.000000
-0.961892	-0.811155	0.000000	-0.803890	0.000000	0.000000	0.000000	0.000000	0.000000	0.000000
-0.961877	-0.811155	-0.000000	-0.803890	0.000000	0.000000	0.000000	0.000000	0.000000	0.000000
-0.961921	-0.811155	0.000000	-0.803890	0.000000	0.000000	0.000000	0.000000	0.000000	0.000000
-0.961904	-0.811140	0.000000	-0.803890	0.000000	0.000000	0.000000	0.000000	0.000000	0.000000
-0.961861	-0.811145	0.000000	-0.803890	0.000000	0.000000	0.000000	0.000000	0.000000	0.000000
-0.961924	-0.811155	-0.000000	-0.488264	0.000000	0.000000	0.000000	0.000000	0.000000	0.000000
-0.961885	-0.811155	0.000000	-0.803890	0.000000	0.000000	0.000000	0.000000	0.000000	0.000000
-0.961918	-0.811155	-0.000000	-0.803890	0.000000	0.000000	0.000000	0.000000	0.000000	0.000000
-0.961935	-0.811155	-0.000000	-0.803890	0.000000	0.000000	0.000000	0.000000	0.000000	0.000000
-0.961920	-0.811155	0.000000	-0.803890	0.000000	0.000000	0.000000	0.000000	0.000000	0.000000
-0.961929	-0.811155	-0.000000	-0.801708	0.000000	0.000000	0.000000	0.000000	0.000000	0.000000
-0.961975	-0.811155	-0.000000	-0.803854	0.000000	0.000000	0.000000	0.000000	0.000000	0.000000
-0.961935	-0.811155	-0.000000	-0.803890	0.000000	0.000000	0.000000	0.000000	0.000000	0.000000
-0.961964	-0.811155	-0.000000	-0.803888	0.000000	0.000000	0.000000	0.000000	0.000000	0.000000
-0.961928	-0.811155	0.000000	-0.803890	0.000000	0.000000	0.000000	0.000000	0.000000	0.000000
-0.961920	-0.811155	-0.000000	-0.803890	0.000000	0.000000	0.000000	0.000000	0.000000	0.000000
-0.961963	-0.811155	0.000000	-0.803890	0.000000	0.000000	0.000000	0.000000	0.000000	0.000000
-0.961949	-0.811088	-0.000000	-0.803890	0.000000	0.000000	0.000000	0.000000	0.000000	0.000000
-0.961913	-0.811154	0.000000	-0.803887	0.000000	0.000000	0.000000	0.000000	0.000000	0.000000
-0.961970	-0.811155	-0.000000	-0.803890	0.000000	0.000000	0.000000	0.000000	0.000000	0.000000
-0.961988	-0.811155	-0.000000	-0.803891	0.000000	0.000000	0.000000	0.000000	0.000000	0.000000
-0.961938	-0.811155	-0.000000	-0.803890	0.000000	0.000000	0.000000	0.000000	0.000000	0.000000
-0.961932	-0.811155	-0.000000	-0.803888	0.000000	0.000000	0.000000	0.000000	0.000000	0.000000
-0.961968	-0.811155	0.000000	-0.803890	0.000000	0.000000	0.000000	0.000000	0.000000	0.000000
-0.961938	-0.811155	-0.000000	-0.803890	0.000000	0.000000	0.000000	0.000000	0.000000	0.000000
-0.961972	-0.811155	-0.000000	-0.803852	0.000000	0.000000	0.000000	0.000000	0.000000	0.000000
-0.961915	-0.811155	-0.000000	-0.803889	0.000000	0.000000	0.000000	0.000000	0.000000	0.000000
-0.961953	-0.811155	0.000000	-0.803890	0.000000	0.000000	0.000000	0.000000	0.000000	0.000000
-0.962000	-0.811155	0.000000	-0.803891	0.000000	0.000000	0.000000	0.000000	0.000000	0.000000
-0.961915	-0.811155	0.000000	-0.803890	0.000000	0.000000	0.000000	0.000000	0.000000	0.000000
-0.961955	-0.811155	0.000000	-0.803849	0.000000	0.000000	0.000000	0.000000	0.000000	0.000000
-0.961857	-0.811155	0.000000	-0.803890	0.000000	0.000000	0.000000	0.000000	0.000000	0.000000
-0.961867	-0.811155	-0.000000	-0.803752	0.000000	0.000000	0.000000	0.000000	0.000000	0.000000
-0.961877	-0.811155	0.000000	-0.803890	0.000000	0.000000	0.000000	0.000000	0.000000	0.000000
-0.961888	-0.811154	0.000000	-0.803890	0.000000	0.000000	0.000000	0.000000	0.000000	0.000000
-0.961866	-0.811155	-0.000000	-0.803889	0.000000	0.000000	0.000000	0.000000	0.000000	0.000000
-0.961945	-0.811155	0.000000	-0.803868	0.000000	0.000000	0.000000	0.000000	0.000000	0.000000
-0.961917	-0.811155	-0.000000	-0.803890	0.000000	0.000000	0.000000	0.000000	0.000000	0.000000
-0.961934	-0.811155	-0.000000	-0.803829	0.000000	0.000000	0.000000	0.000000	0.000000	0.000000
-0.961976	-0.811155	-0.000000	-0.803890	0.000000	0.000000	0.000000	0.000000	0.000000	0.000000
-0.961962	-0.811155	0.000000	-0.803890	0.000000	0.000000	0.000000	0.000000	0.000000	0.000000
-0.961889	-0.811155	0.000000	-0.803889	0.000000	0.000000	0.000000	0.000000	0.000000	0.000000
-0.961965	-0.811155	-0.000000	-0.803891	0.000000	0.000000	0.000000	0.000000	0.000000	0.000000
-0.961964	-0.811155	0.000000	-0.803890	0.000000	0.000000	0.000000	0.000000	0.000000	0.000000
-0.961952	-0.811155	0.000000	-0.803891	0.000000	0.000000	0.000000	0.000000	0.000000	0.000000
-0.961936	-0.811155	0.000000	-0.803572	0.000000	0.000000	0.000000	0.000000	0.000000	0.000000
-0.961875	-0.811155	-0.000000	-0.803889	0.000000	0.000000	0.000000	0.000000	0.000000	0.000000
-0.961893	-0.811155	-0.000000	-0.803890	0.000000	0.000000	0.000000	0.000000	0.000000	0.000000
-0.961961	-0.811155	0.000000	-0.803890	0.000000	0.000000	0.000000	0.000000	0.000000	0.000000
-0.961917	-0.811155	-0.000000	-0.803890	0.000000	0.000000	0.000000	0.000000	0.000000	0.000000
-0.961935	-0.811155	-0.000000	-0.803890	0.000000	0.000000	0.000000	0.000000	0.000000	0.000000
-0.961937	-0.811155	-0.000000	-0.803890	0.000000	0.000000	0.000000	0.000000	0.000000	0.000000
-0.961917	-0.811155	-0.000000	-0.803890	0.000000	0.000000	0.000000	0.000000	0.000000	0.000000
-0.961949	-0.811155	-0.000000	-0.791681	0.000000	0.000000	0.000000	0.000000	0.000000	0.000000
-0.961918	-0.811155	-0.000000	-0.803889	0.000000	0.000000	0.000000	0.000000	0.000000	0.000000
-0.961965	-0.811155	-0.000000	-0.803890	0.000000	0.000000	0.000000	0.000000	0.000000	0.000000
-0.961903	-0.811155	0.000000	-0.803861	0.000000	0.000000	0.000000	0.000000	0.000000	0.000000
-0.961923	-0.811155	-0.000000	-0.803863	0.000000	0.000000	0.000000	0.000000	0.000000	0.000000
-0.961946	-0.811155	0.000000	-0.803890	0.000000	0.000000	0.000000	0.000000	0.000000	0.000000
-0.961897	-0.811155	-0.000000	-0.803890	0.000000	0.000000	0.000000	0.000000	0.000000	0.000000
-0.961930	-0.811155	0.000000	-0.803890	0.000000	0.000000	0.000000	0.000000	0.000000	0.000000
-0.961976	-0.811155	0.000000	-0.803791	0.000000	0.000000	0.000000	0.000000	0.000000	0.000000
-0.962006	-0.811155	-0.000000	-0.803890	0.000000	0.000000	0.000000	0.000000	0.000000	0.000000
-0.962057	-0.811155	0.000000	-0.043430	0.000000	0.000000	0.000000	0.000000	0.000000	0.000000
-0.961948	-0.811155	0.000000	-0.803856	0.000000	0.000000	0.000000	0.000000	0.000000	0.000000
-0.961891	-0.811155	0.000000	-0.803890	0.000000	0.000000	0.000000	0.000000	0.000000	0.000000
-0.961993	-0.811155	-0.000000	-0.803890	0.000000	0.000000	0.000000	0.000000	0.000000	0.000000
-0.961955	-0.811155	-0.000000	-0.803862	0.000000	0.000000	0.000000	0.000000	0.000000	0.000000
-0.961866	-0.811155	0.000000	-0.803890	0.000000	0.000000	0.000000	0.000000	0.000000	0.000000
-0.961947	-0.811155	0.000000	-0.803442	0.000000	0.000000	0.000000	0.000000	0.000000	0.000000
-0.961937	-0.811155	-0.000000	-0.803890	0.000000	0.000000	0.000000	0.000000	0.000000	0.000000
-0.961891	-0.811155	0.000000	-0.803889	0.000000	0.000000	0.000000	0.000000	0.000000	0.000000
-0.961926	-0.811155	0.000000	-0.803890	0.000000	0.000000	0.000000	0.000000	0.000000	0.000000
-0.961893	-0.811155	-0.000000	-0.803890	0.000000	0.000000	0.000000	0.000000	0.000000	0.000000
-0.961933	-0.811155	-0.000000	-0.803890	0.000000	0.000000	0.000000	0.000000	0.000000	0.000000
-0.961978	-0.811155	-0.000000	-0.803890	0.000000	0.000000	0.000000	0.000000	0.000000	0.000000
-0.961953	-0.811121	0.000000	-0.801707	0.000000	0.000000	0.000000	0.000000	0.000000	0.000000
-0.961997	-0.811155	-0.000000	-0.803887	0.000000	0.000000	0.000000	0.000000	0.000000	0.000000
-0.961958	-0.811155	0.000000	-0.803890	0.000000	0.000000	0.000000	0.000000	0.000000	0.000000
-0.961879	-0.811155	-0.000000	-0.803864	0.000000	0.000000	0.000000	0.000000	0.000000	0.000000
-0.961868	-0.811155	-0.000000	-0.803889	0.000000	0.000000	0.000000	0.000000	0.000000	0.000000
-0.961986	-0.811155	-0.000000	-0.803890	0.000000	0.000000	0.000000	0.000000	0.000000	0.000000
-0.961913	-0.811154	-0.000000	-0.803890	0.000000	0.000000	0.000000	0.000000	0.000000	0.000000
-0.961923	-0.811154	0.000000	-0.803890	0.000000	0.000000	0.000000	0.000000	0.000000	0.000000
-0.961927	-0.811155	0.000000	-0.803890	0.000000	0.000000	0.000000	0.000000	0.000000	0.000000
-0.961910	-0.811155	0.000000	-0.803890	0.000000	0.000000	0.000000	0.000000	0.000000	0.000000
-0.961911	-0.811155	-0.000000	-0.803890	0.000000	0.000000	0.000000	0.000000	0.000000	0.000000
-0.961940	-0.811155	0.000000	-0.803890	0.000000	0.000000	0.000000	0.000000	0.000000	0.000000
-0.961872	-0.810951	0.000000	-0.803890	0.000000	0.000000	0.000000	0.000000	0.000000	0.000000
-0.961955	-0.811141	0.000000	-0.803889	0.000000	0.000000	0.000000	0.000000	0.000000	0.000000
-0.961912	-0.811155	-0.000000	-0.803890	0.000000	0.000000	0.000000	0.000000	0.000000	0.000000
-0.961977	-0.811155	-0.000000	-0.803891	0.000000	0.000000	0.000000	0.000000	0.000000	0.000000
-0.961972	-0.811155	0.000000	-0.803887	0.000000	0.000000	0.000000	0.000000	0.000000	0.000000
-0.961913	-0.811155	-0.000000	-0.803890	0.000000	0.000000	0.000000	0.000000	0.000000	0.000000
-0.961943	-0.811155	-0.000000	-0.801616	0.000000	0.000000	0.000000	0.000000	0.000000	0.000000
-0.961993	-0.811155	0.000000	-0.803890	0.000000	0.000000	0.000000	0.000000	0.000000	0.000000
-0.961926	-0.811150	0.000000	-0.803782	0.000000	0.000000	0.000000	0.000000	0.000000	0.000000
-0.961944	-0.811155	-0.000000	-0.803890	0.000000	0.000000	0.000000	0.000000	0.000000	0.000000
-0.961933	-0.811155	0.000000	-0.803870	0.000000	0.000000	0.000000	0.000000	0.000000	0.000000
-0.961891	-0.811155	-0.000000	-0.803885	0.000000	0.000000	0.000000	0.000000	0.000000	0.000000
-0.961879	-0.811155	0.000000	-0.803890	0.000000	0.000000	0.000000	0.000000	0.000000	0.000000
-0.961938	-0.811155	-0.000000	-0.803839	0.000000	0.000000	0.000000	0.000000	0.000000	0.000000
-0.961930	-0.811155	0.000000	-0.803890	0.000000	0.000000	0.000000	0.000000	0.000000	0.000000
-0.961930	-0.811155	0.000000	-0.803887	0.000000	0.000000	0.000000	0.000000	0.000000	0.000000
-0.961940	-0.811154	-0.000000	-0.803890	0.000000	0.000000	0.000000	0.000000	0.000000	0.000000
-0.961929	-0.811155	-0.000000	-0.803890	0.000000	0.000000	0.000000	0.000000	0.000000	0.000000
-0.961934	-0.811155	-0.000000	-0.770393	0.000000	0.000000	0.000000	0.000000	0.000000	0.000000
-0.961929	-0.811155	0.000000	-0.803888	0.000000	0.000000	0.000000	0.000000	0.000000	0.000000
-0.961853	-0.811155	0.000000	-0.803890	0.000000	0.000000	0.000000	0.000000	0.000000	0.000000
-0.961942	-0.811155	0.000000	-0.803890	0.000000	0.000000	0.000000	0.000000	0.000000	0.000000
-0.961894	-0.811155	0.000000	-0.803891	0.000000	0.000000	0.000000	0.000000	0.000000	0.000000
-0.961955	-0.811155	0.000000	-0.803890	0.000000	0.000000	0.000000	0.000000	0.000000	0.000000
-0.961947	-0.811154	-0.000000	-0.803890	0.000000	0.000000	0.000000	0.000000	0.000000	0.000000
-0.961918	-0.811154	0.000000	-0.803890	0.000000	0.000000	0.000000	0.000000	0.000000	0.000000
-0.961960	-0.811155	0.000000	-0.803890	0.000000	0.000000	0.000000	0.000000	0.000000	0.000000
-0.961894	-0.811155	0.000000	-0.803890	0.000000	0.000000	0.000000	0.000000	0.000000	0.000000
-0.961935	-0.811155	0.000000	-0.802401	0.000000	0.000000	0.000000	0.000000	0.000000	0.000000
-0.961966	-0.811155	-0.000000	-0.803890	0.000000	0.000000	0.000000	0.000000	0.000000	0.000000
-0.961939	-0.811155	0.000000	-0.803814	0.000000	0.000000	0.000000	0.000000	0.000000	0.000000
-0.961994	-0.811154	0.000000	-0.803889	0.000000	0.000000	0.000000	0.000000	0.000000	0.000000
-0.961863	-0.809169	-0.000000	-0.803889	0.000000	0.000000	0.000000	0.000000	0.000000	0.000000
-0.961862	-0.811155	-0.000000	-0.803872	0.000000	0.000000	0.000000	0.000000	0.000000	0.000000
-0.961934	-0.811154	0.000000	-0.803888	0.000000	0.000000	0.000000	0.000000	0.000000	0.000000
-0.961886	-0.811154	-0.000000	-0.803888	0.000000	0.000000	0.000000	0.000000	0.000000	0.000000
-0.961870	-0.799312	0.000000	-0.773063	0.000000	0.000000	0.000000	0.000000	0.000000	0.000000
-0.961937	-0.811155	-0.000000	-0.798664	0.000000	0.000000	0.000000	0.000000	0.000000	0.000000
-0.961934	-0.811155	-0.000000	-0.803891	0.000000	0.000000	0.000000	0.000000	0.000000	0.000000
-0.961911	-0.811155	0.000000	-0.803889	0.000000	0.000000	0.000000	0.000000	0.000000	0.000000
-0.961920	-0.811155	-0.000000	-0.803889	0.000000	0.000000	0.000000	0.000000	0.000000	0.000000
-0.961909	-0.811155	-0.000000	-0.803890	0.000000	0.000000	0.000000	0.000000	0.000000	0.000000
-0.961932	-0.811155	-0.000000	-0.803890	0.000000	0.000000	0.000000	0.000000	0.000000	0.000000
-0.961946	-0.811155	-0.000000	-0.652470	0.000000	0.000000	0.000000	0.000000	0.000000	0.000000
-0.961967	-0.811155	0.000000	-0.803890	0.000000	0.000000	0.000000	0.000000	0.000000	0.000000
-0.961958	-0.811155	0.000000	-0.803890	0.000000	0.000000	0.000000	0.000000	0.000000	0.000000
-0.961915	-0.811155	-0.000000	-0.803890	0.000000	0.000000	0.000000	0.000000	0.000000	0.000000
-0.961886	-0.811155	0.000000	-0.803860	0.000000	0.000000	0.000000	0.000000	0.000000	0.000000
-0.961825	-0.811155	0.000000	-0.803885	0.000000	0.000000	0.000000	0.000000	0.000000	0.000000
-0.961915	-0.811155	0.000000	-0.803890	0.000000	0.000000	0.000000	0.000000	0.000000	0.000000
-0.961930	-0.811155	-0.000000	-0.803890	0.000000	0.000000	0.000000	0.000000	0.000000	0.000000
-0.961952	-0.811155	0.000000	-0.803873	0.000000	0.000000	0.000000	0.000000	0.000000	0.000000
-0.961899	-0.811155	0.000000	-0.803890	0.000000	0.000000	0.000000	0.000000	0.000000	0.000000
-0.961961	-0.811155	0.000000	-0.803889	0.000000	0.000000	0.000000	0.000000	0.000000	0.000000
-0.961899	-0.811148	0.000000	-0.803890	0.000000	0.000000	0.000000	0.000000	0.000000	0.000000
-0.961920	-0.811155	0.000000	-0.803890	0.000000	0.000000	0.000000	0.000000	0.000000	0.000000
-0.961942	-0.811155	0.000000	-0.803890	0.000000	0.000000	0.000000	0.000000	0.000000	0.000000
-0.961936	-0.811155	-0.000000	-0.803890	0.000000	0.000000	0.000000	0.000000	0.000000	0.000000
