-0.918724	-0.867928	0.775531	-0.000000	0.000000	0.000000	0.000000	0.000000	0.000000	0.000000
-0.918690	-0.867928	0.775454	-0.000000	0.000000	0.000000	0.000000	0.000000	0.000000	0.000000
-0.918754	-0.867928	0.775526	-0.000000	0.000000	0.000000	0.000000	0.000000	0.000000	0.000000
-0.918743	-0.867928	0.775684	-0.000000	0.000000	0.000000	0.000000	0.000000	0.000000	0.000000
-0.918722	-0.867928	0.775483	0.000000	0.000000	0.000000	0.000000	0.000000	0.000000	0.000000
-0.918755	-0.867928	0.775713	0.000000	0.000000	0.000000	0.000000	0.000000	0.000000	0.000000
-0.918727	-0.867928	0.775539	0.000000	0.000000	0.000000	0.000000	0.000000	0.000000	0.000000
-0.918706	-0.867928	0.775517	-0.000000	0.000000	0.000000	0.000000	0.000000	0.000000	0.000000
-0.918707	-0.867928	0.775743	0.000000	0.000000	0.000000	0.000000	0.000000	0.000000	0.000000
-0.918731	-0.867928	0.775580	0.000000	0.000000	0.000000	0.000000	0.000000	0.000000	0.000000
-0.918725	-0.867928	0.775681	0.000000	0.000000	0.000000	0.000000	0.000000	0.000000	0.000000
-0.918711	-0.867928	0.773986	-0.000000	0.000000	0.000000	0.000000	0.000000	0.000000	0.000000
-0.918725	-0.867928	0.775509	-0.000000	0.000000	0.000000	0.000000	0.000000	0.000000	0.000000
-0.918720	-0.867928	0.775504	-0.000000	0.000000	0.000000	0.000000	0.000000	0.000000	0.000000
-0.918780	-0.867928	0.775552	0.000000	0.000000	0.000000	0.000000	0.000000	0.000000	0.000000
-0.918774	-0.867928	0.775637	0.000000	0.000000	0.000000	0.000000	0.000000	0.000000	0.000000
-0.918725	-0.867928	0.775551	-0.000000	0.000000	0.000000	0.000000	0.000000	0.000000	0.000000
-0.918730	-0.867928	0.775610	0.000000	0.000000	0.000000	0.000000	0.000000	0.000000	0.000000
-0.918739	-0.867929	0.774600	0.000000	0.000000	0.000000	0.000000	0.000000	0.000000	0.000000
-0.918735	-0.867928	0.775455	-0.000000	0.000000	0.000000	0.000000	0.000000	0.000000	0.000000
-0.918767	-0.867928	0.775638	0.000000	0.000000	0.000000	0.000000	0.000000	0.000000	0.000000
-0.918751	-0.867928	0.775810	0.000000	0.000000	0.000000	0.000000	0.000000	0.000000	0.000000
-0.918717	-0.867928	0.775690	0.000000	0.000000	0.000000	0.000000	0.000000	0.000000	0.000000
-0.918715	-0.867928	0.775615	0.000000	0.000000	0.000000	0.000000	0.000000	0.000000	0.000000
-0.918733	-0.867928	0.775657	0.000000	0.000000	0.000000	0.000000	0.000000	0.000000	0.000000
-0.918734	-0.867928	0.775575	-0.000000	0.000000	0.000000	0.000000	0.000000	0.000000	0.000000
-0.918718	-0.867928	0.775824	-0.000000	0.000000	0.000000	0.000000	0.000000	0.000000	0.000000
-0.918736	-0.867928	0.775507	0.000000	0.000000	0.000000	0.000000	0.000000	0.000000	0.000000
-0.918708	-0.867928	0.775552	0.000000	0.000000	0.000000	0.000000	0.000000	0.000000	0.000000
-0.918702	-0.867928	0.775826	0.000000	0.000000	0.000000	0.000000	0.000000	0.000000	0.000000
-0.918725	-0.867928	0.775684	-0.000000	0.000000	0.000000	0.000000	0.000000	0.000000	0.000000
-0.918745	-0.867928	0.775674	0.000000	0.000000	0.000000	0.000000	0.000000	0.000000	0.000000
-0.918718	-0.867928	0.775586	0.000000	0.000000	0.000000	0.000000	0.000000	0.000000	0.000000
-0.918754	-0.867928	0.775832	0.000000	0.000000	0.000000	0.000000	0.000000	0.000000	0.000000
-0.918743	-0.867928	0.775640	0.000000	0.000000	0.000000	0.000000	0.000000	0.000000	0.000000
-0.918738	-0.867928	0.775637	-0.000000	0.000000	0.000000	0.000000	0.000000	0.000000	0.000000
-0.918724	-0.867928	0.775722	0.000000	0.000000	0.000000	0.000000	0.000000	0.000000	0.000000
-0.918747	-0.867928	0.775574	-0.000000	0.000000	0.000000	0.000000	0.000000	0.000000	0.000000
-0.918726	-0.867928	0.775679	0.000000	0.000000	0.000000	0.000000	0.000000	0.000000	0.000000
-0.918738	-0.867928	0.775610	0.000000	0.000000	0.000000	0.000000	0.000000	0.000000	0.000000
-0.918718	-0.867928	0.775452	-0.000000	0.000000	0.000000	0.000000	0.000000	0.000000	0.000000
-0.918699	-0.867928	0.775285	-0.000000	0.000000	0.000000	0.000000	0.000000	0.000000	0.000000
-0.918740	-0.867928	0.775730	0.000000	0.000000	0.000000	0.000000	0.000000	0.000000	0.000000
-0.918710	-0.867928	0.775533	0.000000	0.000000	0.000000	0.000000	0.000000	0.000000	0.000000
-0.918738	-0.867928	0.775695	-0.000000	0.000000	0.000000	0.000000	0.000000	0.000000	0.000000
-0.918711	-0.867928	0.775464	-0.000000	0.000000	0.000000	0.000000	0.000000	0.000000	0.000000
-0.918731	-0.867928	0.775582	-0.000000	0.000000	0.000000	0.000000	0.000000	0.000000	0.000000
-0.918718	-0.867928	0.775631	0.000000	0.000000	0.000000	0.000000	0.000000	0.000000	0.000000
-0.918753	-0.867929	0.775533	-0.000000	0.000000	0.000000	0.000000	0.000000	0.000000	0.000000
-0.918753	-0.867928	0.775636	0.000000	0.000000	0.000000	0.000000	0.000000	0.000000	0.000000
-0.918723	-0.867928	0.775848	-0.000000	0.000000	0.000000	0.000000	0.000000	0.000000	0.000000
-0.918710	-0.867929	0.775740	-0.000000	0.000000	0.000000	0.000000	0.000000	0.000000	0.000000
-0.918742	-0.867928	0.775713	0.000000	0.000000	0.000000	0.000000	0.000000	0.000000	0.000000
-0.918718	-0.867928	0.773433	-0.000000	0.000000	0.000000	0.000000	0.000000	0.000000	0.000000
-0.918705	-0.867928	0.775641	-0.000000	0.000000	0.000000	0.000000	0.000000	0.000000	0.000000
-0.918694	-0.867928	0.769538	0.000000	0.000000	0.000000	0.000000	0.000000	0.000000	0.000000
-0.918734	-0.867928	0.775719	0.000000	0.000000	0.000000	0.000000	0.000000	0.000000	0.000000
-0.918763	-0.867928	0.775601	0.000000	0.000000	0.000000	0.000000	0.000000	0.000000	0.000000
-0.918708	-0.867928	0.775490	-0.000000	0.000000	0.000000	0.000000	0.000000	0.000000	0.000000
-0.918706	-0.867928	0.775560	0.000000	0.000000	0.000000	0.000000	0.000000	0.000000	0.000000
-0.918741	-0.867928	0.775629	0.000000	0.000000	0.000000	0.000000	0.000000	0.000000	0.000000
-0.918766	-0.867928	0.775749	-0.000000	0.000000	0.000000	0.000000	0.000000	0.000000	0.000000
-0.918717	-0.867929	0.775549	0.000000	0.000000	0.000000	0.000000	0.000000	0.000000	0.000000
-0.918731	-0.867928	0.775571	0.000000	0.000000	0.000000	0.000000	0.000000	0.000000	0.000000
-0.918696	-0.867928	0.775687	0.000000	0.000000	0.000000	0.000000	0.000000	0.000000	0.000000
-0.918722	-0.867928	0.775464	-0.000000	0.000000	0.000000	0.000000	0.000000	0.000000	0.000000
-0.918719	-0.867928	0.775617	-0.000000	0.000000	0.000000	0.000000	0.000000	0.000000	0.000000
-0.918720	-0.867928	0.775396	0.000000	0.000000	0.000000	0.000000	0.000000	0.000000	0.000000
-0.918737	-0.867928	0.775502	-0.000000	0.000000	0.000000	0.000000	0.000000	0.000000	0.000000
-0.918756	-0.867928	0.775607	0.000000	0.000000	0.000000	0.000000	0.000000	0.000000	0.000000
-0.918733	-0.867927	0.775504	0.000000	0.000000	0.000000	0.000000	0.000000	0.000000	0.000000
-0.918711	-0.867928	0.775719	-0.000000	0.000000	0.000000	0.000000	0.000000	0.000000	0.000000
-0.918747	-0.867928	0.775555	-0.000000	0.000000	0.000000	0.000000	0.000000	0.000000	0.000000
-0.918718	-0.867928	0.775629	-0.000000	0.000000	0.000000	0.000000	0.000000	0.000000	0.000000
-0.918738	-0.867928	0.775847	-0.000000	0.000000	0.000000	0.000000	0.000000	0.000000	0.000000
-0.918726	-0.867928	0.775717	-0.000000	0.000000	0.000000	0.000000	0.000000	0.000000	0.000000
-0.918722	-0.867928	0.775640	0.000000	0.000000	0.000000	0.000000	0.000000	0.000000	0.000000
-0.918741	-0.867928	0.775792	-0.000000	0.000000	0.000000	0.000000	0.000000	0.000000	0.000000
-0.918739	-0.867928	0.775469	-0.000000	0.000000	0.000000	0.000000	0.000000	0.000000	0.000000
-0.918727	-0.867929	0.775502	-0.000000	0.000000	0.000000	0.000000	0.000000	0.000000	0.000000
-0.918764	-0.867928	0.775524	-0.000000	0.000000	0.000000	0.000000	0.000000	0.000000	0.000000
-0.918744	-0.867928	0.775716	0.000000	0.000000	0.000000	0.000000	0.000000	0.000000	0.000000
-0.918741	-0.867928	0.775663	-0.000000	0.000000	0.000000	0.000000	0.000000	0.000000	0.000000
-0.918753	-0.867928	0.775588	-0.000000	0.000000	0.000000	0.000000	0.000000	0.000000	0.000000
-0.918723	-0.867928	0.775546	-0.000000	0.000000	0.000000	0.000000	0.000000	0.000000	0.000000
-0.918708	-0.867929	0.775542	-0.000000	0.000000	0.000000	0.000000	0.000000	0.000000	0.000000
-0.918721	-0.867928	0.775773	0.000000	0.000000	0.000000	0.000000	0.000000	0.000000	0.000000
-0.918715	-0.867928	0.775677	0.000000	0.000000	0.000000	0.000000	0.000000	0.000000	0.000000
-0.918778	-0.867928	0.775158	0.000000	0.000000	0.000000	0.000000	0.000000	0.000000	0.000000
-0.918705	-0.867928	0.775567	0.000000	0.000000	0.000000	0.000000	0.000000	0.000000	0.000000
-0.918746	-0.867928	0.775688	0.000000	0.000000	0.000000	0.000000	0.000000	0.000000	0.000000
-0.918724	-0.867876	0.775642	-0.000000	0.000000	0.000000	0.000000	0.000000	0.000000	0.000000
-0.918714	-0.867929	0.775534	-0.000000	0.000000	0.000000	0.000000	0.000000	0.000000	0.000000
-0.918720	-0.867928	0.775616	-0.000000	0.000000	0.000000	0.000000	0.000000	0.000000	0.000000
-0.918766	-0.867928	0.775809	0.000000	0.000000	0.000000	0.000000	0.000000	0.000000	0.000000
-0.918748	-0.867928	0.775615	-0.000000	0.000000	0.000000	0.000000	0.000000	0.000000	0.000000
-0.918749	-0.867928	0.775936	0.000000	0.000000	0.000000	0.000000	0.000000	0.000000	0.000000
-0.918727	-0.867928	0.775723	0.000000	0.000000	0.000000	0.000000	0.000000	0.000000	0.000000
-0.918722	-0.867928	0.775781	0.000000	0.000000	0.000000	0.000000	0.000000	0.000000	0.000000
-0.918766	-0.867928	0.775635	-0.000000	0.000000	0.000000	0.000000	0.000000	0.000000	0.000000
-0.918695	-0.867928	0.775733	0.000000	0.000000	0.000000	0.000000	0.000000	0.000000	0.000000
-0.918734	-0.867928	0.775646	-0.000000	0.000000	0.000000	0.000000	0.000000	0.000000	0.000000
-0.918746	-0.867928	0.775521	-0.000000	0.000000	0.000000	0.000000	0.000000	0.000000	0.000000
-0.918742	-0.867928	0.775633	0.000000	0.000000	0.000000	0.000000	0.000000	0.000000	0.000000
-0.918738	-0.867928	0.775608	0.000000	0.000000	0.000000	0.000000	0.000000	0.000000	0.000000
-0.918731	-0.867928	0.775265	0.000000	0.000000	0.000000	0.000000	0.000000	0.000000	0.000000
-0.918732	-0.867928	0.775718	0.000000	0.000000	0.000000	0.000000	0.000000	0.000000	0.000000
-0.918737	-0.867928	0.775648	0.000000	0.000000	0.000000	0.000000	0.000000	0.000000	0.000000
-0.918691	-0.867928	0.775442	0.000000	0.000000	0.000000	0.000000	0.000000	0.000000	0.000000
-0.918745	-0.867928	0.775629	-0.000000	0.000000	0.000000	0.000000	0.000000	0.000000	0.000000
-0.918708	-0.867928	0.775565	0.000000	0.000000	0.000000	0.000000	0.000000	0.000000	0.000000
-0.918756	-0.867928	0.775579	-0.000000	0.000000	0.000000	0.000000	0.000000	0.000000	0.000000
-0.918725	-0.867928	0.775532	0.000000	0.000000	0.000000	0.000000	0.000000	0.000000	0.000000
-0.918722	-0.867928	0.775587	-0.000000	0.000000	0.000000	0.000000	0.000000	0.000000	0.000000
-0.918737	-0.867928	0.774448	-0.000000	0.000000	0.000000	0.000000	0.000000	0.000000	0.000000
-0.918753	-0.867928	0.775726	-0.000000	0.000000	0.000000	0.000000	0.000000	0.000000	0.000000
-0.918728	-0.867928	0.775599	0.000000	0.000000	0.000000	0.000000	0.000000	0.000000	0.000000
-0.918698	-0.867929	0.775805	-0.000000	0.000000	0.000000	0.000000	0.000000	0.000000	0.000000
-0.918736	-0.867928	0.775412	0.000000	0.000000	0.000000	0.000000	0.000000	0.000000	0.000000
-0.918743	-0.867928	0.775643	0.000000	0.000000	0.000000	0.000000	0.000000	0.000000	0.000000
-0.918735	-0.867928	0.775611	0.000000	0.000000	0.000000	0.000000	0.000000	0.000000	0.000000
-0.918732	-0.867928	0.775402	0.000000	0.000000	0.000000	0.000000	0.000000	0.000000	0.000000
-0.918712	-0.867928	0.775510	-0.000000	0.000000	0.000000	0.000000	0.000000	0.000000	0.000000
-0.918759	-0.867928	0.775631	-0.000000	0.000000	0.000000	0.000000	0.000000	0.000000	0.000000
-0.918737	-0.867928	0.775671	0.000000	0.000000	0.000000	0.000000	0.000000	0.000000	0.000000
-0.918717	-0.867928	0.775648	0.000000	0.000000	0.000000	0.000000	0.000000	0.000000	0.000000
-0.918752	-0.867928	0.775758	-0.000000	0.000000	0.000000	0.000000	0.000000	0.000000	0.000000
-0.918718	-0.867929	0.775661	0.000000	0.000000	0.000000	0.000000	0.000000	0.000000	0.000000
-0.918721	-0.867928	0.775756	0.000000	0.000000	0.000000	0.000000	0.000000	0.000000	0.000000
-0.918752	-0.867928	0.775323	-0.000000	0.000000	0.000000	0.000000	0.000000	0.000000	0.000000
-0.918706	-0.867928	0.775674	0.000000	0.000000	0.000000	0.000000	0.000000	0.000000	0.000000
-0.918737	-0.867928	0.775653	-0.000000	0.000000	0.000000	0.000000	0.000000	0.000000	0.000000
-0.918739	-0.867928	0.775763	0.000000	0.000000	0.000000	0.000000	0.000000	0.000000	0.000000
-0.918725	-0.867928	0.775730	0.000000	0.000000	0.000000	0.000000	0.000000	0.000000	0.000000
-0.918707	-0.867928	0.775688	0.000000	0.000000	0.000000	0.000000	0.000000	0.000000	0.000000
-0.918730	-0.867928	0.775575	0.000000	0.000000	0.000000	0.000000	0.000000	0.000000	0.000000
-0.918719	-0.867928	0.775558	-0.000000	0.000000	0.000000	0.000000	0.000000	0.000000	0.000000
-0.918733	-0.867928	0.775542	0.000000	0.000000	0.000000	0.000000	0.000000	0.000000	0.000000
-0.918737	-0.867928	0.775771	0.000000	0.000000	0.000000	0.000000	0.000000	0.000000	0.000000
-0.918733	-0.867928	0.775579	0.000000	0.000000	0.000000	0.000000	0.000000	0.000000	0.000000
-0.918738	-0.867928	0.775566	0.000000	0.000000	0.000000	0.000000	0.000000	0.000000	0.000000
-0.918722	-0.867928	0.775674	0.000000	0.000000	0.000000	0.000000	0.000000	0.000000	0.000000
-0.918738	-0.867928	0.775634	0.000000	0.000000	0.000000	0.000000	0.000000	0.000000	0.000000
-0.918735	-0.867928	0.775558	-0.000000	0.000000	0.000000	0.000000	0.000000	0.000000	0.000000
-0.918725	-0.867928	0.775587	-0.000000	0.000000	0.000000	0.000000	0.000000	0.000000	0.000000
-0.918713	-0.867927	0.775839	0.000000	0.000000	0.000000	0.000000	0.000000	0.000000	0.000000
-0.918740	-0.867928	0.775583	-0.000000	0.000000	0.000000	0.000000	0.000000	0.000000	0.000000
-0.918730	-0.867928	0.775652	-0.000000	0.000000	0.000000	0.000000	0.000000	0.000000	0.000000
-0.918704	-0.867928	0.775663	-0.000000	0.000000	0.000000	0.000000	0.000000	0.000000	0.000000
-0.918729	-0.867928	0.775585	0.000000	0.000000	0.000000	0.000000	0.000000	0.000000	0.000000
-0.918724	-0.867928	0.775667	-0.000000	0.000000	0.000000	0.000000	0.000000	0.000000	0.000000
-0.918722	-0.867928	0.775614	0.000000	0.000000	0.000000	0.000000	0.000000	0.000000	0.000000
-0.918725	-0.867928	0.775610	0.000000	0.000000	0.000000	0.000000	0.000000	0.000000	0.000000
-0.918725	-0.867927	0.775662	0.000000	0.000000	0.000000	0.000000	0.000000	0.000000	0.000000
-0.918722	-0.867928	0.775496	-0.000000	0.000000	0.000000	0.000000	0.000000	0.000000	0.000000
-0.918740	-0.867928	0.775571	-0.000000	0.000000	0.000000	0.000000	0.000000	0.000000	0.000000
-0.918713	-0.867928	0.775770	0.000000	0.000000	0.000000	0.000000	0.000000	0.000000	0.000000
-0.918728	-0.867928	0.775826	0.000000	0.000000	0.000000	0.000000	0.000000	0.000000	0.000000
-0.918735	-0.867928	0.775559	-0.000000	0.000000	0.000000	0.000000	0.000000	0.000000	0.000000
-0.918754	-0.867928	0.775729	-0.000000	0.000000	0.000000	0.000000	0.000000	0.000000	0.000000
-0.918752	-0.867928	0.775624	0.000000	0.000000	0.000000	0.000000	0.000000	0.000000	0.000000
-0.918727	-0.867928	0.775155	-0.000000	0.000000	0.000000	0.000000	0.000000	0.000000	0.000000
-0.918738	-0.867928	0.775590	0.000000	0.000000	0.000000	0.000000	0.000000	0.000000	0.000000
-0.918718	-0.867928	0.772473	0.000000	0.000000	0.000000	0.000000	0.000000	0.000000	0.000000
-0.918738	-0.867928	0.775633	0.000000	0.000000	0.000000	0.000000	0.000000	0.000000	0.000000
-0.918768	-0.867928	0.775556	-0.000000	0.000000	0.000000	0.000000	0.000000	0.000000	0.000000
-0.918701	-0.867928	0.773832	0.000000	0.000000	0.000000	0.000000	0.000000	0.000000	0.000000
-0.918741	-0.867928	0.775496	-0.000000	0.000000	0.000000	0.000000	0.000000	0.000000	0.000000
-0.918729	-0.867928	0.775600	0.000000	0.000000	0.000000	0.000000	0.000000	0.000000	0.000000
-0.918721	-0.867928	0.775629	0.000000	0.000000	0.000000	0.000000	0.000000	0.000000	0.000000
-0.918741	-0.867928	0.775534	-0.000000	0.000000	0.000000	0.000000	0.000000	0.000000	0.000000
-0.918748	-0.867928	0.775499	-0.000000	0.000000	0.000000	0.000000	0.000000	0.000000	0.000000
-0.918769	-0.867928	0.775568	-0.000000	0.000000	0.000000	0.000000	0.000000	0.000000	0.000000
-0.918743	-0.867928	0.775754	-0.000000	0.000000	0.000000	0.000000	0.000000	0.000000	0.000000
-0.918740	-0.867928	0.775578	-0.000000	0.000000	0.000000	0.000000	0.000000	0.000000	0.000000
-0.918707	-0.867928	0.775590	0.000000	0.000000	0.000000	0.000000	0.000000	0.000000	0.000000
-0.918724	-0.867928	0.775627	-0.000000	0.000000	0.000000	0.000000	0.000000	0.000000	0.000000
-0.918754	-0.867928	0.775150	-0.000000	0.000000	0.000000	0.000000	0.000000	0.000000	0.000000
-0.918738	-0.867928	0.774905	0.000000	0.000000	0.000000	0.000000	0.000000	0.000000	0.000000
-0.918720	-0.867870	0.775572	0.000000	0.000000	0.000000	0.000000	0.000000	0.000000	0.000000
-0.918710	-0.867928	0.775576	0.000000	0.000000	0.000000	0.000000	0.000000	0.000000	0.000000
-0.918722	-0.867928	0.775532	-0.000000	0.000000	0.000000	0.000000	0.000000	0.000000	0.000000
-0.918710	-0.867928	0.775652	-0.000000	0.000000	0.000000	0.000000	0.000000	0.000000	0.000000
-0.918721	-0.867928	0.775598	0.000000	0.000000	0.000000	0.000000	0.000000	0.000000	0.000000
-0.918740	-0.867928	0.775669	0.000000	0.000000	0.000000	0.000000	0.000000	0.000000	0.000000
-0.918745	-0.867928	0.775762	0.000000	0.000000	0.000000	0.000000	0.000000	0.000000	0.000000
-0.918741	-0.867928	0.775701	0.000000	0.000000	0.000000	0.000000	0.000000	0.000000	0.000000
-0.918739	-0.867928	0.775686	0.000000	0.000000	0.000000	0.000000	0.000000	0.000000	0.000000
-0.918740	-0.867929	0.775507	-0.000000	0.000000	0.000000	0.000000	0.000000	0.000000	0.000000
-0.918719	-0.867928	0.775755	0.000000	0.000000	0.000000	0.000000	0.000000	0.000000	0.000000
-0.918738	-0.867929	0.775639	-0.000000	0.000000	0.000000	0.000000	0.000000	0.000000	0.000000
-0.918695	-0.867928	0.775597	-0.000000	0.000000	0.000000	0.000000	0.000000	0.000000	0.000000
-0.918746	-0.867928	0.775816	0.000000	0.000000	0.000000	0.000000	0.000000	0.000000	0.000000
-0.918704	-0.867928	0.775758	0.000000	0.000000	0.000000	0.000000	0.000000	0.000000	0.000000
-0.918730	-0.867928	0.775467	-0.000000	0.000000	0.000000	0.000000	0.000000	0.000000	0.000000
-0.918741	-0.867928	0.775809	0.000000	0.000000	0.000000	0.000000	0.000000	0.000000	0.000000
-0.918731	-0.867928	0.775482	-0.000000	0.000000	0.000000	0.000000	0.000000	0.000000	0.000000
-0.918700	-0.867928	0.775591	0.000000	0.000000	0.000000	0.000000	0.000000	0.000000	0.000000
-0.918743	-0.867928	0.775630	-0.000000	0.000000	0.000000	0.000000	0.000000	0.000000	0.000000
-0.918679	-0.867928	0.775660	0.000000	0.000000	0.000000	0.000000	0.000000	0.000000	0.000000
-0.918699	-0.867928	0.775619	-0.000000	0.000000	0.000000	0.000000	0.000000	0.000000	0.000000
-0.918701	-0.867928	0.775658	0.000000	0.000000	0.000000	0.000000	0.000000	0.000000	0.000000
-0.918742	-0.867928	0.775640	-0.000000	0.000000	0.000000	0.000000	0.000000	0.000000	0.000000
-0.918709	-0.867928	0.775542	0.000000	0.000000	0.000000	0.000000	0.000000	0.000000	0.000000
-0.918748	-0.867928	0.775595	0.000000	0.000000	0.000000	0.000000	0.000000	0.000000	0.000000
-0.918728	-0.867928	0.774523	-0.000000	0.000000	0.000000	0.000000	0.000000	0.000000	0.000000
-0.918739	-0.867928	0.775654	-0.000000	0.000000	0.000000	0.000000	0.000000	0.000000	0.000000
-0.918755	-0.867928	0.775599	0.000000	0.000000	0.000000	0.000000	0.000000	0.000000	0.000000
-0.918755	-0.867928	0.775662	-0.000000	0.000000	0.000000	0.000000	0.000000	0.000000	0.000000
-0.918727	-0.867928	0.775909	-0.000000	0.000000	0.000000	0.000000	0.000000	0.000000	0.000000
-0.918724	-0.867928	0.775616	-0.000000	0.000000	0.000000	0.000000	0.000000	0.000000	0.000000
-0.918723	-0.867928	0.775782	0.000000	0.000000	0.000000	0.000000	0.000000	0.000000	0.000000
-0.918691	-0.867928	0.775495	-0.000000	0.000000	0.000000	0.000000	0.000000	0.000000	0.000000
-0.918753	-0.867928	0.775624	-0.000000	0.000000	0.000000	0.000000	0.000000	0.000000	0.000000
-0.918749	-0.867928	0.775593	0.000000	0.000000	0.000000	0.000000	0.000000	0.000000	0.000000
-0.918760	-0.867928	0.775552	-0.000000	0.000000	0.000000	0.000000	0.000000	0.000000	0.000000
-0.918748	-0.867928	0.775727	-0.000000	0.000000	0.000000	0.000000	0.000000	0.000000	0.000000
-0.918744	-0.867928	0.775523	-0.000000	0.000000	0.000000	0.000000	0.000000	0.000000	0.000000
-0.918734	-0.867928	0.774117	0.000000	0.000000	0.000000	0.000000	0.000000	0.000000	0.000000
-0.918742	-0.867928	0.775462	0.000000	0.000000	0.000000	0.000000	0.000000	0.000000	0.000000
-0.918742	-0.867928	0.775668	-0.000000	0.000000	0.000000	0.000000	0.000000	0.000000	0.000000
-0.918731	-0.867928	0.775599	-0.000000	0.000000	0.000000	0.000000	0.000000	0.000000	0.000000
-0.918721	-0.867928	0.775496	-0.000000	0.000000	0.000000	0.000000	0.000000	0.000000	0.000000
-0.918755	-0.867928	0.775705	0.000000	0.000000	0.000000	0.000000	0.000000	0.000000	0.000000
-0.918737	-0.867928	0.775758	0.000000	0.000000	0.000000	0.000000	0.000000	0.000000	0.000000
-0.918757	-0.867928	0.775688	0.000000	0.000000	0.000000	0.000000	0.000000	0.000000	0.000000
-0.918707	-0.867928	0.775649	-0.000000	0.000000	0.000000	0.000000	0.000000	0.000000	0.000000
-0.918761	-0.867928	0.775713	0.000000	0.000000	0.000000	0.000000	0.000000	0.000000	0.000000
-0.918721	-0.867928	0.775494	0.000000	0.000000	0.000000	0.000000	0.000000	0.000000	0.000000
-0.918690	-0.867928	0.775718	0.000000	0.000000	0.000000	0.000000	0.000000	0.000000	0.000000
-0.918716	-0.867928	0.775689	-0.000000	0.000000	0.000000	0.000000	0.000000	0.000000	0.000000
-0.918723	-0.867928	0.775482	0.000000	0.000000	0.000000	0.000000	0.000000	0.000000	0.000000
-0.918744	-0.867928	0.775530	0.000000	0.000000	0.000000	0.000000	0.000000	0.000000	0.000000
-0.918741	-0.867928	0.775608	-0.000000	0.000000	0.000000	0.000000	0.000000	0.000000	0.000000
-0.918744	-0.867928	0.775592	-0.000000	0.000000	0.000000	0.000000	0.000000	0.000000	0.000000
-0.918725	-0.867928	0.775548	0.000000	0.000000	0.000000	0.000000	0.000000	0.000000	0.000000
-0.918722	-0.867928	0.775656	0.000000	0.000000	0.000000	0.000000	0.000000	0.000000	0.000000
-0.918719	-0.867928	0.775787	-0.000000	0.000000	0.000000	0.000000	0.000000	0.000000	0.000000
-0.918727	-0.867928	0.774203	-0.000000	0.000000	0.000000	0.000000	0.000000	0.000000	0.000000
-0.918732	-0.867928	0.775577	-0.000000	0.000000	0.000000	0.000000	0.000000	0.000000	0.000000
-0.918744	-0.867928	0.775552	-0.000000	0.000000	0.000000	0.000000	0.000000	0.000000	0.000000
-0.918731	-0.867928	0.775668	0.000000	0.000000	0.000000	0.000000	0.000000	0.000000	0.000000
-0.918751	-0.867928	0.775624	-0.000000	0.000000	0.000000	0.000000	0.000000	0.000000	0.000000
-0.918725	-0.867928	0.775638	0.000000	0.000000	0.000000	0.000000	0.000000	0.000000	0.000000
-0.918723	-0.867928	0.775659	0.000000	0.000000	0.000000	0.000000	0.000000	0.000000	0.000000
-0.918721	-0.867928	0.775547	0.000000	0.000000	0.000000	0.000000	0.000000	0.000000	0.000000
-0.918707	-0.867928	0.775580	0.000000	0.000000	0.000000	0.000000	0.000000	0.000000	0.000000
-0.918725	-0.867928	0.775744	0.000000	0.000000	0.000000	0.000000	0.000000	0.000000	0.000000
-0.918700	-0.867929	0.775564	-0.000000	0.000000	0.000000	0.000000	0.000000	0.000000	0.000000
-0.918696	-0.867928	0.775669	-0.000000	0.000000	0.000000	0.000000	0.000000	0.000000	0.000000
-0.918703	-0.000006	0.000000	0.000000	0.000000	0.000000	0.000000	0.000000	0.000000	0.000000
-0.918719	-0.867928	-0.859183	-0.000000	0.000000	0.000000	0.000000	0.000000	0.000000	0.000000
-0.918745	-0.867928	-0.859184	-0.000005	0.000000	0.000000	0.000000	0.000000	0.000000	0.000000
-0.918727	-0.867928	-0.859173	-0.000000	0.000000	0.000000	0.000000	0.000000	0.000000	0.000000
-0.918729	-0.867928	-0.859184	-0.000000	0.000000	0.000000	0.000000	0.000000	0.000000	0.000000
-0.918717	-0.867928	-0.859184	-0.000000	0.000000	0.000000	0.000000	0.000000	0.000000	0.000000
-0.918756	-0.867928	-0.859184	0.000000	0.000000	0.000000	0.000000	0.000000	0.000000	0.000000
-0.918715	-0.867928	-0.859184	-0.000000	0.000000	0.000000	0.000000	0.000000	0.000000	0.000000
-0.918768	-0.867928	-0.859184	-0.000003	0.000000	0.000000	0.000000	0.000000	0.000000	0.000000
-0.918741	-0.867928	-0.859184	-0.000000	0.000000	0.000000	0.000000	0.000000	0.000000	0.000000
-0.918749	-0.867928	-0.859184	0.000000	0.000000	0.000000	0.000000	0.000000	0.000000	0.000000
-0.918732	-0.867928	-0.859184	-0.000000	0.000000	0.000000	0.000000	0.000000	0.000000	0.000000
-0.918714	-0.867928	-0.859184	-0.000000	0.000000	0.000000	0.000000	0.000000	0.000000	0.000000
-0.918731	-0.867926	-0.859184	0.000000	0.000000	0.000000	0.000000	0.000000	0.000000	0.000000
-0.918726	-0.867928	-0.859184	-0.000000	0.000000	0.000000	0.000000	0.000000	0.000000	0.000000
-0.918738	-0.867928	-0.859184	-0.000000	0.000000	0.000000	0.000000	0.000000	0.000000	0.000000
-0.918745	-0.867928	-0.859184	-0.000000	0.000000	0.000000	0.000000	0.000000	0.000000	0.000000
-0.918722	-0.867928	-0.859184	-0.000000	0.000000	0.000000	0.000000	0.000000	0.000000	0.000000
-0.918717	-0.867928	-0.859184	-0.000000	0.000000	0.000000	0.000000	0.000000	0.000000	0.000000
-0.918725	-0.867928	-0.859182	-0.000000	0.000000	0.000000	0.000000	0.000000	0.000000	0.000000
-0.918732	-0.867928	-0.859184	-0.000000	0.000000	0.000000	0.000000	0.000000	0.000000	0.000000
-0.918733	-0.867928	-0.859184	0.000000	0.000000	0.000000	0.000000	0.000000	0.000000	0.000000
-0.918726	-0.867928	-0.859184	-0.000000	0.000000	0.000000	0.000000	0.000000	0.000000	0.000000
-0.918717	-0.867928	-0.859184	-0.000000	0.000000	0.000000	0.000000	0.000000	0.000000	0.000000
-0.918723	-0.867928	-0.858697	-0.000000	0.000000	0.000000	0.000000	0.000000	0.000000	0.000000
-0.918713	-0.867928	-0.859184	0.000000	0.000000	0.000000	0.000000	0.000000	0.000000	0.000000
-0.918745	-0.867928	-0.859184	-0.000000	0.000000	0.000000	0.000000	0.000000	0.000000	0.000000
-0.918722	-0.867928	-0.859184	0.000000	0.000000	0.000000	0.000000	0.000000	0.000000	0.000000
-0.918724	-0.867928	-0.859184	-0.000000	0.000000	0.000000	0.000000	0.000000	0.000000	0.000000
-0.918728	-0.867928	-0.859184	0.000000	0.000000	0.000000	0.000000	0.000000	0.000000	0.000000
-0.918740	-0.867928	-0.859184	-0.000000	0.000000	0.000000	0.000000	0.000000	0.000000	0.000000
-0.918711	-0.867928	-0.859184	0.000000	0.000000	0.000000	0.000000	0.000000	0.000000	0.000000
-0.918729	-0.867928	-0.859183	-0.000000	0.000000	0.000000	0.000000	0.000000	0.000000	0.000000
-0.918698	-0.867929	-0.859184	-0.000000	0.000000	0.000000	0.000000	0.000000	0.000000	0.000000
-0.918742	-0.867928	-0.859184	-0.000000	0.000000	0.000000	0.000000	0.000000	0.000000	0.000000
-0.918726	-0.867928	-0.859184	0.000000	0.000000	0.000000	0.000000	0.000000	0.000000	0.000000
-0.918719	-0.867928	-0.859184	0.000000	0.000000	0.000000	0.000000	0.000000	0.000000	0.000000
-0.918743	-0.867928	-0.859181	0.000000	0.000000	0.000000	0.000000	0.000000	0.000000	0.000000
-0.918749	-0.867928	-0.859184	0.000000	0.000000	0.000000	0.000000	0.000000	0.000000	0.000000
-0.918722	-0.867928	-0.859184	-0.000000	0.000000	0.000000	0.000000	0.000000	0.000000	0.000000
-0.918726	-0.867928	-0.859184	-0.000000	0.000000	0.000000	0.000000	0.000000	0.000000	0.000000
-0.918751	-0.867928	-0.859184	-0.000000	0.000000	0.000000	0.000000	0.000000	0.000000	0.000000
-0.918726	-0.867928	-0.859184	-0.000000	0.000000	0.000000	0.000000	0.000000	0.000000	0.000000
-0.918718	-0.867928	-0.859184	-0.000000	0.000000	0.000000	0.000000	0.000000	0.000000	0.000000
-0.918730	-0.867928	-0.859184	-0.000000	0.000000	0.000000	0.000000	0.000000	0.000000	0.000000
-0.918733	-0.867928	-0.859184	-0.000000	0.000000	0.000000	0.000000	0.000000	0.000000	0.000000
-0.918731	-0.867928	-0.859184	-0.000000	0.000000	0.000000	0.000000	0.000000	0.000000	0.000000
-0.918704	-0.867928	-0.859183	-0.000000	0.000000	0.000000	0.000000	0.000000	0.000000	0.000000
-0.918728	-0.867928	-0.859184	-0.000000	0.000000	0.000000	0.000000	0.000000	0.000000	0.000000
-0.918690	-0.867928	-0.859184	-0.000000	0.000000	0.000000	0.000000	0.000000	0.000000	0.000000
-0.918743	-0.867928	-0.859184	0.000000	0.000000	0.000000	0.000000	0.000000	0.000000	0.000000
-0.918728	-0.867928	-0.859184	-0.000000	0.000000	0.000000	0.000000	0.000000	0.000000	0.000000
-0.918742	-0.867928	-0.859184	-0.000000	0.000000	0.000000	0.000000	0.000000	0.000000	0.000000
-0.918723	-0.867928	-0.859184	0.000000	0.000000	0.000000	0.000000	0.000000	0.000000	0.000000
-0.918721	-0.867928	-0.859184	0.000000	0.000000	0.000000	0.000000	0.000000	0.000000	0.000000
-0.918722	-0.867928	-0.859184	-0.000000	0.000000	0.000000	0.000000	0.000000	0.000000	0.000000
-0.918740	-0.867928	-0.859184	-0.000000	0.000000	0.000000	0.000000	0.000000	0.000000	0.000000
-0.918715	-0.867928	-0.859184	-0.000000	0.000000	0.000000	0.000000	0.000000	0.000000	0.000000
-0.918744	-0.867928	-0.859184	-0.000002	0.000000	0.000000	0.000000	0.000000	0.000000	0.000000
-0.918749	-0.867928	-0.859184	-0.823379	0.000000	0.000000	0.000000	0.000000	0.000000	0.000000
-0.918747	-0.867928	-0.859184	-0.000323	0.000000	0.000000	0.000000	0.000000	0.000000	0.000000
-0.918725	-0.867928	-0.859184	0.000000	0.000000	0.000000	0.000000	0.000000	0.000000	0.000000
-0.918718	-0.867928	-0.859184	-0.000000	0.000000	0.000000	0.000000	0.000000	0.000000	0.000000
-0.918764	-0.867928	-0.859184	0.000000	0.000000	0.000000	0.000000	0.000000	0.000000	0.000000
-0.918739	-0.867928	-0.859184	-0.000002	0.000000	0.000000	0.000000	0.000000	0.000000	0.000000
-0.918729	-0.867928	-0.859184	-0.000000	0.000000	0.000000	0.000000	0.000000	0.000000	0.000000
-0.918763	-0.867928	-0.859184	-0.000001	0.000000	0.000000	0.000000	0.000000	0.000000	0.000000
-0.918733	-0.867928	-0.859184	-0.000000	0.000000	0.000000	0.000000	0.000000	0.000000	0.000000
-0.918729	-0.867928	-0.859184	-0.000000	0.000000	0.000000	0.000000	0.000000	0.000000	0.000000
-0.918748	-0.867928	-0.859184	0.000000	0.000000	0.000000	0.000000	0.000000	0.000000	0.000000
-0.918764	-0.867928	-0.859184	-0.000000	0.000000	0.000000	0.000000	0.000000	0.000000	0.000000
-0.918741	-0.867928	-0.859184	-0.000863	0.000000	0.000000	0.000000	0.000000	0.000000	0.000000
-0.918714	-0.867929	-0.859184	-0.000000	0.000000	0.000000	0.000000	0.000000	0.000000	0.000000
-0.918724	-0.867928	-0.859172	-0.000000	0.000000	0.000000	0.000000	0.000000	0.000000	0.000000
-0.918745	-0.867928	-0.859184	-0.000001	0.000000	0.000000	0.000000	0.000000	0.000000	0.000000
-0.918755	-0.867928	-0.859184	-0.000011	0.000000	0.000000	0.000000	0.000000	0.000000	0.000000
-0.918724	-0.867928	-0.859184	-0.000000	0.000000	0.000000	0.000000	0.000000	0.000000	0.000000
-0.918682	-0.867928	-0.859183	-0.000000	0.000000	0.000000	0.000000	0.000000	0.000000	0.000000
-0.918737	-0.867928	-0.859184	-0.000000	0.000000	0.000000	0.000000	0.000000	0.000000	0.000000
-0.918720	-0.867928	-0.859184	0.000000	0.000000	0.000000	0.000000	0.000000	0.000000	0.000000
-0.918696	-0.867928	-0.859184	-0.000000	0.000000	0.000000	0.000000	0.000000	0.000000	0.000000
-0.918723	-0.867928	-0.859184	-0.000000	0.000000	0.000000	0.000000	0.000000	0.000000	0.000000
-0.918722	-0.867928	-0.859184	-0.000000	0.000000	0.000000	0.000000	0.000000	0.000000	0.000000
-0.918751	-0.867928	-0.859184	-0.000000	0.000000	0.000000	0.000000	0.000000	0.000000	0.000000
-0.918743	-0.867928	-0.859184	0.000000	0.000000	0.000000	0.000000	0.000000	0.000000	0.000000
-0.918740	-0.867928	-0.859184	-0.000004	0.000000	0.000000	0.000000	0.000000	0.000000	0.000000
-0.918752	-0.867928	-0.859184	-0.000000	0.000000	0.000000	0.000000	0.000000	0.000000	0.000000
-0.918736	-0.867928	-0.859184	-0.000000	0.000000	0.000000	0.000000	0.000000	0.000000	0.000000
-0.918703	-0.867928	-0.859184	-0.000000	0.000000	0.000000	0.000000	0.000000	0.000000	0.000000
-0.918741	-0.867928	-0.859175	0.000000	0.000000	0.000000	0.000000	0.000000	0.000000	0.000000
-0.918764	-0.867928	-0.859184	-0.000001	0.000000	0.000000	0.000000	0.000000	0.000000	0.000000
-0.918742	-0.867928	-0.859184	-0.000000	0.000000	0.000000	0.000000	0.000000	0.000000	0.000000
-0.918731	-0.867929	-0.859184	-0.000006	0.000000	0.000000	0.000000	0.000000	0.000000	0.000000
-0.918708	-0.867928	-0.859184	0.000000	0.000000	0.000000	0.000000	0.000000	0.000000	0.000000
-0.918741	-0.867928	-0.859180	-0.000000	0.000000	0.000000	0.000000	0.000000	0.000000	0.000000
-0.918703	-0.867928	-0.859184	0.000000	0.000000	0.000000	0.000000	0.000000	0.000000	0.000000
-0.918744	-0.867928	-0.859184	-0.000000	0.000000	0.000000	0.000000	0.000000	0.000000	0.000000
-0.918760	-0.867929	-0.859184	-0.000004	0.000000	0.000000	0.000000	0.000000	0.000000	0.000000
-0.918716	-0.867928	-0.859184	-0.000000	0.000000	0.000000	0.000000	0.000000	0.000000	0.000000
-0.918748	-0.867924	-0.859184	0.000000	0.000000	0.000000	0.000000	0.000000	0.000000	0.000000
-0.918720	-0.867928	-0.859184	0.000000	0.000000	0.000000	0.000000	0.000000	0.000000	0.000000
-0.918705	-0.867928	-0.859184	-0.000000	0.000000	0.000000	0.000000	0.000000	0.000000	0.000000
-0.918714	-0.867928	-0.859184	-0.000000	0.000000	0.000000	0.000000	0.000000	0.000000	0.000000
-0.918756	-0.867928	-0.859184	-0.000004	0.000000	0.000000	0.000000	0.000000	0.000000	0.000000
-0.918740	-0.867928	-0.859184	-0.000000	0.000000	0.000000	0.000000	0.000000	0.000000	0.000000
-0.918745	-0.867928	-0.859184	0.000000	0.000000	0.000000	0.000000	0.000000	0.000000	0.000000
-0.918699	-0.867928	-0.859184	-0.000000	0.000000	0.000000	0.000000	0.000000	0.000000	0.000000
-0.918747	-0.867928	-0.859184	-0.000376	0.000000	0.000000	0.000000	0.000000	0.000000	0.000000
-0.918714	-0.867928	-0.859184	0.000000	0.000000	0.000000	0.000000	0.000000	0.000000	0.000000
-0.918741	-0.867928	-0.859184	0.000000	0.000000	0.000000	0.000000	0.000000	0.000000	0.000000
-0.918744	-0.867928	-0.859184	-0.000001	0.000000	0.000000	0.000000	0.000000	0.000000	0.000000
-0.918694	-0.867928	-0.859184	-0.000000	0.000000	0.000000	0.000000	0.000000	0.000000	0.000000
-0.918747	-0.867928	-0.859184	-0.000000	0.000000	0.000000	0.000000	0.000000	0.000000	0.000000
-0.918724	-0.867928	-0.859157	0.000000	0.000000	0.000000	0.000000	0.000000	0.000000	0.000000
-0.918689	-0.867928	-0.859184	0.000000	0.000000	0.000000	0.000000	0.000000	0.000000	0.000000
-0.918765	-0.867928	-0.859184	-0.000000	0.000000	0.000000	0.000000	0.000000	0.000000	0.000000
-0.918710	-0.867928	-0.859184	0.000000	0.000000	0.000000	0.000000	0.000000	0.000000	0.000000
-0.918744	-0.867928	-0.859184	-0.000000	0.000000	0.000000	0.000000	0.000000	0.000000	0.000000
-0.918738	-0.867928	-0.859184	-0.000000	0.000000	0.000000	0.000000	0.000000	0.000000	0.000000
-0.918730	-0.867928	-0.859180	-0.000000	0.000000	0.000000	0.000000	0.000000	0.000000	0.000000
-0.918733	-0.867928	-0.859184	0.000000	0.000000	0.000000	0.000000	0.000000	0.000000	0.000000
-0.918737	-0.867928	-0.859184	-0.000000	0.000000	0.000000	0.000000	0.000000	0.000000	0.000000
-0.918717	-0.867928	-0.859184	0.000000	0.000000	0.000000	0.000000	0.000000	0.000000	0.000000
-0.918731	-0.867928	-0.859184	-0.000000	0.000000	0.000000	0.000000	0.000000	0.000000	0.000000
-0.918750	-0.867928	-0.859184	-0.000000	0.000000	0.000000	0.000000	0.000000	0.000000	0.000000
-0.918714	-0.867923	-0.859184	0.000000	0.000000	0.000000	0.000000	0.000000	0.000000	0.000000
-0.918714	-0.867928	-0.859184	-0.000000	0.000000	0.000000	0.000000	0.000000	0.000000	0.000000
-0.918705	-0.867928	-0.859184	-0.000000	0.000000	0.000000	0.000000	0.000000	0.000000	0.000000
-0.918723	-0.867928	-0.859184	0.000000	0.000000	0.000000	0.000000	0.000000	0.000000	0.000000
-0.918727	-0.867928	-0.859184	-0.000000	0.000000	0.000000	0.000000	0.000000	0.000000	0.000000
-0.918741	-0.867928	-0.859183	-0.000000	0.000000	0.000000	0.000000	0.000000	0.000000	0.000000
-0.918737	-0.867928	-0.859184	-0.000000	0.000000	0.000000	0.000000	0.000000	0.000000	0.000000
-0.918722	-0.867928	-0.859184	-0.000000	0.000000	0.000000	0.000000	0.000000	0.000000	0.000000
-0.918734	-0.867928	-0.859172	-0.000000	0.000000	0.000000	0.000000	0.000000	0.000000	0.000000
-0.918741	-0.867928	-0.859184	-0.000037	0.000000	0.000000	0.000000	0.000000	0.000000	0.000000
-0.918755	-0.867928	-0.859184	-0.000000	0.000000	0.000000	0.000000	0.000000	0.000000	0.000000
-0.918725	-0.867928	-0.859184	-0.000000	0.000000	0.000000	0.000000	0.000000	0.000000	0.000000
-0.918713	-0.867928	-0.859184	-0.000002	0.000000	0.000000	0.000000	0.000000	0.000000	0.000000
-0.918738	-0.867928	-0.859183	0.000000	0.000000	0.000000	0.000000	0.000000	0.000000	0.000000
-0.918699	-0.867928	-0.859183	-0.000000	0.000000	0.000000	0.000000	0.000000	0.000000	0.000000
-0.918740	-0.867928	-0.859184	-0.000000	0.000000	0.000000	0.000000	0.000000	0.000000	0.000000
-0.918726	-0.867928	-0.859184	-0.000000	0.000000	0.000000	0.000000	0.000000	0.000000	0.000000
-0.918744	-0.867928	-0.859184	-0.000000	0.000000	0.000000	0.000000	0.000000	0.000000	0.000000
-0.918733	-0.867928	-0.859184	-0.000000	0.000000	0.000000	0.000000	0.000000	0.000000	0.000000
-0.918732	-0.867928	-0.859184	-0.000000	0.000000	0.000000	0.000000	0.000000	0.000000	0.000000
-0.918719	-0.867929	-0.859184	-0.000000	0.000000	0.000000	0.000000	0.000000	0.000000	0.000000
-0.918728	-0.867928	-0.859184	0.000000	0.000000	0.000000	0.000000	0.000000	0.000000	0.000000
-0.918710	-0.867928	-0.859182	-0.000000	0.000000	0.000000	0.000000	0.000000	0.000000	0.000000
-0.918723	-0.867928	-0.859184	-0.000000	0.000000	0.000000	0.000000	0.000000	0.000000	0.000000
-0.918718	-0.867928	-0.859184	0.000000	0.000000	0.000000	0.000000	0.000000	0.000000	0.000000
-0.918732	-0.867928	-0.859184	-0.000000	0.000000	0.000000	0.000000	0.000000	0.000000	0.000000
-0.918741	-0.867928	-0.859184	-0.000000	0.000000	0.000000	0.000000	0.000000	0.000000	0.000000
-0.918728	-0.867928	-0.859184	-0.000000	0.000000	0.000000	0.000000	0.000000	0.000000	0.000000
-0.918747	-0.867928	-0.859184	0.000000	0.000000	0.000000	0.000000	0.000000	0.000000	0.000000
-0.918714	-0.867929	-0.859184	0.000000	0.000000	0.000000	0.000000	0.000000	0.000000	0.000000
-0.918725	-0.867928	-0.859184	0.000000	0.000000	0.000000	0.000000	0.000000	0.000000	0.000000
-0.918758	-0.867928	-0.859184	0.000000	0.000000	0.000000	0.000000	0.000000	0.000000	0.000000
-0.918743	-0.867928	-0.859184	-0.000000	0.000000	0.000000	0.000000	0.000000	0.000000	0.000000
-0.918742	-0.867929	-0.859184	0.000000	0.000000	0.000000	0.000000	0.000000	0.000000	0.000000
-0.918715	-0.867928	-0.859184	-0.000000	0.000000	0.000000	0.000000	0.000000	0.000000	0.000000
-0.918735	-0.867928	-0.859184	-0.000000	0.000000	0.000000	0.000000	0.000000	0.000000	0.000000
-0.918749	-0.867928	-0.859184	-0.000000	0.000000	0.000000	0.000000	0.000000	0.000000	0.000000
-0.918720	-0.867928	-0.859184	-0.000000	0.000000	0.000000	0.000000	0.000000	0.000000	0.000000
-0.918710	-0.867928	-0.859184	-0.000000	0.000000	0.000000	0.000000	0.000000	0.000000	0.000000
-0.918673	-0.867928	-0.859184	-0.000000	0.000000	0.000000	0.000000	0.000000	0.000000	0.000000
-0.918736	-0.867928	-0.859184	-0.000000	0.000000	0.000000	0.000000	0.000000	0.000000	0.000000
-0.918722	-0.867928	-0.859184	-0.000000	0.000000	0.000000	0.000000	0.000000	0.000000	0.000000
-0.918707	-0.867928	-0.859184	-0.000000	0.000000	0.000000	0.000000	0.000000	0.000000	0.000000
-0.918710	-0.867929	-0.859184	-0.000000	0.000000	0.000000	0.000000	0.000000	0.000000	0.000000
-0.918722	-0.867928	-0.858872	-0.000000	0.000000	0.000000	0.000000	0.000000	0.000000	0.000000
-0.918723	-0.867928	-0.859184	-0.000000	0.000000	0.000000	0.000000	0.000000	0.000000	0.000000
-0.918746	-0.867929	-0.859184	-0.000017	0.000000	0.000000	0.000000	0.000000	0.000000	0.000000
-0.918708	-0.867928	-0.859161	-0.000000	0.000000	0.000000	0.000000	0.000000	0.000000	0.000000
-0.918706	-0.867928	-0.859184	0.000000	0.000000	0.000000	0.000000	0.000000	0.000000	0.000000
-0.918743	-0.867928	-0.850379	-0.000000	0.000000	0.000000	0.000000	0.000000	0.000000	0.000000
-0.918719	-0.867928	-0.859184	0.000000	0.000000	0.000000	0.000000	0.000000	0.000000	0.000000
-0.918728	-0.867928	-0.859184	-0.000000	0.000000	0.000000	0.000000	0.000000	0.000000	0.000000
-0.918723	-0.867928	-0.859184	0.000000	0.000000	0.000000	0.000000	0.000000	0.000000	0.000000
-0.918714	-0.867928	-0.859184	-0.000000	0.000000	0.000000	0.000000	0.000000	0.000000	0.000000
-0.918732	-0.867928	-0.859184	-0.000000	0.000000	0.000000	0.000000	0.000000	0.000000	0.000000
-0.918724	-0.867928	-0.859184	-0.000000	0.000000	0.000000	0.000000	0.000000	0.000000	0.000000
-0.918747	-0.867928	-0.859184	-0.000000	0.000000	0.000000	0.000000	0.000000	0.000000	0.000000
-0.918731	-0.867928	-0.859184	0.000000	0.000000	0.000000	0.000000	0.000000	0.000000	0.000000
-0.918711	-0.867928	-0.859184	0.000000	0.000000	0.000000	0.000000	0.000000	0.000000	0.000000
-0.918735	-0.867928	-0.859184	0.000000	0.000000	0.000000	0.000000	0.000000	0.000000	0.000000
-0.918758	-0.867928	-0.859184	-0.000000	0.000000	0.000000	0.000000	0.000000	0.000000	0.000000
-0.918704	-0.867928	-0.859184	-0.000000	0.000000	0.000000	0.000000	0.000000	0.000000	0.000000
-0.918720	-0.867928	-0.859184	-0.000000	0.000000	0.000000	0.000000	0.000000	0.000000	0.000000
-0.918733	-0.867928	-0.846105	0.000000	0.000000	0.000000	0.000000	0.000000	0.000000	0.000000
-0.918747	-0.867929	-0.858851	-0.000000	0.000000	0.000000	0.000000	0.000000	0.000000	0.000000
-0.918748	-0.867927	-0.859184	-0.000000	0.000000	0.000000	0.000000	0.000000	0.000000	0.000000
-0.918740	-0.867867	-0.859183	0.000000	0.000000	0.000000	0.000000	0.000000	0.000000	0.000000
-0.918712	-0.867928	-0.859184	-0.000000	0.000000	0.000000	0.000000	0.000000	0.000000	0.000000
-0.918720	-0.867928	-0.859184	-0.000000	0.000000	0.000000	0.000000	0.000000	0.000000	0.000000
-0.918740	-0.867927	-0.859184	-0.000193	0.000000	0.000000	0.000000	0.000000	0.000000	0.000000
-0.918749	-0.867928	-0.859052	0.000000	0.000000	0.000000	0.000000	0.000000	0.000000	0.000000
-0.918729	-0.867928	-0.859184	-0.000000	0.000000	0.000000	0.000000	0.000000	0.000000	0.000000
-0.918740	-0.867928	-0.859184	0.000000	0.000000	0.000000	0.000000	0.000000	0.000000	0.000000
-0.918704	-0.867928	-0.859184	-0.000000	0.000000	0.000000	0.000000	0.000000	0.000000	0.000000
-0.918712	-0.867928	-0.859031	-0.000000	0.000000	0.000000	0.000000	0.000000	0.000000	0.000000
-0.918752	-0.867928	-0.859184	-0.000001	0.000000	0.000000	0.000000	0.000000	0.000000	0.000000
-0.918706	-0.867928	-0.859184	-0.000000	0.000000	0.000000	0.000000	0.000000	0.000000	0.000000
-0.918692	-0.867928	-0.859184	-0.000000	0.000000	0.000000	0.000000	0.000000	0.000000	0.000000
-0.918761	-0.867928	-0.859182	-0.000000	0.000000	0.000000	0.000000	0.000000	0.000000	0.000000
-0.918737	-0.867885	-0.859171	0.000000	0.000000	0.000000	0.000000	0.000000	0.000000	0.000000
-0.918734	-0.867928	-0.859177	-0.000000	0.000000	0.000000	0.000000	0.000000	0.000000	0.000000
-0.918749	-0.867928	-0.859184	0.000003	0.000000	0.000000	0.000000	0.000000	0.000000	0.000000
-0.918735	-0.867928	-0.859184	-0.000000	0.000000	0.000000	0.000000	0.000000	0.000000	0.000000
-0.918723	-0.867928	-0.859184	-0.000012	0.000000	0.000000	0.000000	0.000000	0.000000	0.000000
-0.918714	-0.867928	-0.859141	0.000000	0.000000	0.000000	0.000000	0.000000	0.000000	0.000000
-0.918713	-0.867928	-0.859184	0.000000	0.000000	0.000000	0.000000	0.000000	0.000000	0.000000
-0.918733	-0.867928	-0.859174	0.000000	0.000000	0.000000	0.000000	0.000000	0.000000	0.000000
-0.918736	-0.867928	-0.859184	-0.000000	0.000000	0.000000	0.000000	0.000000	0.000000	0.000000
-0.918745	-0.867928	-0.859184	-0.000000	0.000000	0.000000	0.000000	0.000000	0.000000	0.000000
-0.918725	-0.867928	-0.859184	-0.000000	0.000000	0.000000	0.000000	0.000000	0.000000	0.000000
-0.918717	-0.867928	-0.859184	-0.000000	0.000000	0.000000	0.000000	0.000000	0.000000	0.000000
-0.918720	-0.867928	-0.859184	-0.000000	0.000000	0.000000	0.000000	0.000000	0.000000	0.000000
-0.918724	-0.867928	-0.859184	0.000000	0.000000	0.000000	0.000000	0.000000	0.000000	0.000000
-0.918705	-0.867928	-0.859184	0.000000	0.000000	0.000000	0.000000	0.000000	0.000000	0.000000
-0.918719	-0.867928	-0.859177	-0.000000	0.000000	0.000000	0.000000	0.000000	0.000000	0.000000
-0.918767	-0.867928	-0.859184	-0.000000	0.000000	0.000000	0.000000	0.000000	0.000000	0.000000
-0.918719	-0.867928	-0.859184	-0.000000	0.000000	0.000000	0.000000	0.000000	0.000000	0.000000
-0.918704	-0.867928	-0.859184	0.000000	0.000000	0.000000	0.000000	0.000000	0.000000	0.000000
-0.918729	-0.867928	-0.859184	-0.000000	0.000000	0.000000	0.000000	0.000000	0.000000	0.000000
-0.918735	-0.867928	-0.859184	-0.000140	0.000000	0.000000	0.000000	0.000000	0.000000	0.000000
-0.918751	-0.867928	-0.859184	-0.000000	0.000000	0.000000	0.000000	0.000000	0.000000	0.000000
-0.918741	-0.867894	-0.859161	-0.000000	0.000000	0.000000	0.000000	0.000000	0.000000	0.000000
-0.918725	-0.867928	-0.859182	-0.000000	0.000000	0.000000	0.000000	0.000000	0.000000	0.000000
-0.918753	-0.867928	-0.859184	0.000000	0.000000	0.000000	0.000000	0.000000	0.000000	0.000000
-0.918745	-0.867928	-0.859184	-0.000000	0.000000	0.000000	0.000000	0.000000	0.000000	0.000000
-0.918747	-0.867928	-0.859184	-0.000000	0.000000	0.000000	0.000000	0.000000	0.000000	0.000000
-0.918747	-0.867928	-0.859184	0.000000	0.000000	0.000000	0.000000	0.000000	0.000000	0.000000
-0.918742	-0.867928	-0.859184	-0.000000	0.000000	0.000000	0.000000	0.000000	0.000000	0.000000
-0.918748	-0.867928	-0.859184	0.000000	0.000000	0.000000	0.000000	0.000000	0.000000	0.000000
-0.918754	-0.867928	-0.859184	-0.000000	0.000000	0.000000	0.000000	0.000000	0.000000	0.000000
-0.918746	-0.867928	-0.859184	-0.000000	0.000000	0.000000	0.000000	0.000000	0.000000	0.000000
-0.918737	-0.867928	-0.859184	-0.000000	0.000000	0.000000	0.000000	0.000000	0.000000	0.000000
-0.918725	-0.867928	-0.859184	-0.000000	0.000000	0.000000	0.000000	0.000000	0.000000	0.000000
-0.918757	-0.867928	-0.859184	0.000000	0.000000	0.000000	0.000000	0.000000	0.000000	0.000000
-0.918732	-0.867928	-0.859181	-0.000000	0.000000	0.000000	0.000000	0.000000	0.000000	0.000000
-0.918725	-0.867928	-0.859184	0.000000	0.000000	0.000000	0.000000	0.000000	0.000000	0.000000
-0.918743	-0.867928	-0.859184	-0.000000	0.000000	0.000000	0.000000	0.000000	0.000000	0.000000
-0.918700	-0.867928	-0.859184	0.000000	0.000000	0.000000	0.000000	0.000000	0.000000	0.000000
-0.918722	-0.867928	-0.859184	0.000000	0.000000	0.000000	0.000000	0.000000	0.000000	0.000000
-0.918712	-0.867928	-0.859184	-0.000000	0.000000	0.000000	0.000000	0.000000	0.000000	0.000000
-0.918757	-0.867928	-0.859184	0.000000	0.000000	0.000000	0.000000	0.000000	0.000000	0.000000
-0.918759	-0.867928	-0.859184	0.000000	0.000000	0.000000	0.000000	0.000000	0.000000	0.000000
-0.918785	-0.867928	-0.859184	-0.000000	0.000000	0.000000	0.000000	0.000000	0.000000	0.000000
-0.918741	-0.867928	-0.859184	-0.000000	0.000000	0.000000	0.000000	0.000000	0.000000	0.000000
-0.918726	-0.867928	-0.859184	-0.000000	0.000000	0.000000	0.000000	0.000000	0.000000	0.000000
-0.918728	0.834309	-0.000000	0.000009	0.000000	0.000000	0.000000	0.000000	0.000000	0.000000
-0.918752	0.834405	-0.000000	-0.828541	0.000000	0.000000	0.000000	0.000000	0.000000	0.000000
-0.918702	0.834549	0.000000	-0.828541	0.000000	0.000000	0.000000	0.000000	0.000000	0.000000
-0.918726	0.834393	0.000000	-0.828541	0.000000	0.000000	0.000000	0.000000	0.000000	0.000000
-0.918743	0.834535	0.000000	-0.828500	0.000000	0.000000	0.000000	0.000000	0.000000	0.000000
-0.918739	0.834554	0.000000	-0.828541	0.000000	0.000000	0.000000	0.000000	0.000000	0.000000
-0.918737	0.834381	0.000000	-0.828541	0.000000	0.000000	0.000000	0.000000	0.000000	0.000000
-0.918711	0.834340	-0.000000	-0.828541	0.000000	0.000000	0.000000	0.000000	0.000000	0.000000
-0.918725	0.834457	-0.000000	-0.828541	0.000000	0.000000	0.000000	0.000000	0.000000	0.000000
-0.918740	0.834346	-0.000000	-0.828541	0.000000	0.000000	0.000000	0.000000	0.000000	0.000000
-0.918739	0.834234	0.000000	-0.828541	0.000000	0.000000	0.000000	0.000000	0.000000	0.000000
-0.918727	0.834420	0.000000	-0.828541	0.000000	0.000000	0.000000	0.000000	0.000000	0.000000
-0.918727	0.834396	-0.000000	-0.828541	0.000000	0.000000	0.000000	0.000000	0.000000	0.000000
-0.918727	0.834406	-0.000000	-0.828541	0.000000	0.000000	0.000000	0.000000	0.000000	0.000000
-0.918741	0.834586	-0.000000	-0.828541	0.000000	0.000000	0.000000	0.000000	0.000000	0.000000
-0.918734	0.834425	0.000000	-0.828540	0.000000	0.000000	0.000000	0.000000	0.000000	0.000000
-0.918739	0.834347	-0.000000	-0.828541	0.000000	0.000000	0.000000	0.000000	0.000000	0.000000
-0.918745	0.834397	0.000000	-0.828541	0.000000	0.000000	0.000000	0.000000	0.000000	0.000000
-0.918733	0.834512	0.000000	-0.828539	0.000000	0.000000	0.000000	0.000000	0.000000	0.000000
-0.918729	0.834592	0.000000	-0.826835	0.000000	0.000000	0.000000	0.000000	0.000000	0.000000
-0.918724	0.834516	0.000000	-0.828540	0.000000	0.000000	0.000000	0.000000	0.000000	0.000000
-0.918721	0.834221	-0.000000	-0.828541	0.000000	0.000000	0.000000	0.000000	0.000000	0.000000
-0.918719	0.834368	0.000000	-0.827893	0.000000	0.000000	0.000000	0.000000	0.000000	0.000000
-0.918702	0.834449	0.000000	-0.828541	0.000000	0.000000	0.000000	0.000000	0.000000	0.000000
-0.918756	0.834534	0.000000	-0.828541	0.000000	0.000000	0.000000	0.000000	0.000000	0.000000
-0.918744	0.834427	0.000000	-0.828489	0.000000	0.000000	0.000000	0.000000	0.000000	0.000000
-0.918717	0.834409	-0.000000	-0.828541	0.000000	0.000000	0.000000	0.000000	0.000000	0.000000
-0.918751	0.834245	0.000000	-0.828541	0.000000	0.000000	0.000000	0.000000	0.000000	0.000000
-0.918747	0.834445	-0.000000	-0.828541	0.000000	0.000000	0.000000	0.000000	0.000000	0.000000
-0.918758	0.834442	0.000000	-0.828541	0.000000	0.000000	0.000000	0.000000	0.000000	0.000000
-0.918723	0.834393	0.000000	-0.828541	0.000000	0.000000	0.000000	0.000000	0.000000	0.000000
-0.918728	0.834449	0.000000	-0.828541	0.000000	0.000000	0.000000	0.000000	0.000000	0.000000
-0.918719	0.834358	0.000000	-0.828495	0.000000	0.000000	0.000000	0.000000	0.000000	0.000000
-0.918741	0.834234	0.000000	-0.828541	0.000000	0.000000	0.000000	0.000000	0.000000	0.000000
-0.918740	0.834435	0.000000	-0.828540	0.000000	0.000000	0.000000	0.000000	0.000000	0.000000
-0.918725	0.834384	0.000000	-0.828541	0.000000	0.000000	0.000000	0.000000	0.000000	0.000000
-0.918774	0.834641	0.000000	-0.828460	0.000000	0.000000	0.000000	0.000000	0.000000	0.000000
-0.918752	0.834501	-0.000000	-0.828540	0.000000	0.000000	0.000000	0.000000	0.000000	0.000000
-0.918718	0.834408	-0.000000	-0.828529	0.000000	0.000000	0.000000	0.000000	0.000000	0.000000
-0.918727	0.834415	0.000000	-0.828541	0.000000	0.000000	0.000000	0.000000	0.000000	0.000000
-0.918721	0.834382	0.000000	-0.828541	0.000000	0.000000	0.000000	0.000000	0.000000	0.000000
-0.918759	0.834461	-0.000000	-0.828541	0.000000	0.000000	0.000000	0.000000	0.000000	0.000000
-0.918750	0.834498	0.000000	-0.828539	0.000000	0.000000	0.000000	0.000000	0.000000	0.000000
-0.918735	0.834391	-0.000000	-0.828541	0.000000	0.000000	0.000000	0.000000	0.000000	0.000000
-0.918757	0.834621	-0.000000	-0.828541	0.000000	0.000000	0.000000	0.000000	0.000000	0.000000
-0.918692	0.834477	0.000000	-0.828537	0.000000	0.000000	0.000000	0.000000	0.000000	0.000000
-0.918742	0.834428	0.000000	-0.828541	0.000000	0.000000	0.000000	0.000000	0.000000	0.000000
-0.918736	0.834398	0.000000	-0.828541	0.000000	0.000000	0.000000	0.000000	0.000000	0.000000
-0.918713	0.834550	0.000000	-0.828539	0.000000	0.000000	0.000000	0.000000	0.000000	0.000000
-0.918732	0.834426	-0.000000	-0.828541	0.000000	0.000000	0.000000	0.000000	0.000000	0.000000
-0.918753	0.834501	0.000000	-0.828308	0.000000	0.000000	0.000000	0.000000	0.000000	0.000000
-0.918766	0.834518	0.000000	-0.828541	0.000000	0.000000	0.000000	0.000000	0.000000	0.000000
-0.918728	0.834259	-0.000000	-0.828541	0.000000	0.000000	0.000000	0.000000	0.000000	0.000000
-0.918727	0.834389	0.000000	-0.828541	0.000000	0.000000	0.000000	0.000000	0.000000	0.000000
-0.918743	0.834651	0.000000	-0.811003	0.000000	0.000000	0.000000	0.000000	0.000000	0.000000
-0.918732	0.834469	0.000000	-0.828540	0.000000	0.000000	0.000000	0.000000	0.000000	0.000000
-0.918718	0.834454	0.000000	-0.828536	0.000000	0.000000	0.000000	0.000000	0.000000	0.000000
-0.918737	0.834432	0.000000	-0.828541	0.000000	0.000000	0.000000	0.000000	0.000000	0.000000
-0.918746	0.834425	0.000000	-0.828249	0.000000	0.000000	0.000000	0.000000	0.000000	0.000000
-0.918720	0.834323	-0.000000	-0.828541	0.000000	0.000000	0.000000	0.000000	0.000000	0.000000
-0.918727	0.834352	0.000000	-0.828541	0.000000	0.000000	0.000000	0.000000	0.000000	0.000000
-0.918725	0.834301	-0.000000	-0.828541	0.000000	0.000000	0.000000	0.000000	0.000000	0.000000
-0.918725	0.834439	0.000000	-0.828540	0.000000	0.000000	0.000000	0.000000	0.000000	0.000000
-0.918743	0.834519	-0.000000	-0.828541	0.000000	0.000000	0.000000	0.000000	0.000000	0.000000
-0.918729	0.834396	0.000000	-0.828513	0.000000	0.000000	0.000000	0.000000	0.000000	0.000000
-0.918727	0.834661	0.000000	-0.828319	0.000000	0.000000	0.000000	0.000000	0.000000	0.000000
-0.918720	0.834236	0.000000	-0.828541	0.000000	0.000000	0.000000	0.000000	0.000000	0.000000
-0.918761	0.834514	-0.000000	-0.828541	0.000000	0.000000	0.000000	0.000000	0.000000	0.000000
-0.918735	0.834408	-0.000000	-0.828541	0.000000	0.000000	0.000000	0.000000	0.000000	0.000000
-0.918720	0.834311	-0.000000	-0.828541	0.000000	0.000000	0.000000	0.000000	0.000000	0.000000
-0.918750	0.834396	-0.000000	-0.828541	0.000000	0.000000	0.000000	0.000000	0.000000	0.000000
-0.918716	0.834507	-0.000000	-0.828541	0.000000	0.000000	0.000000	0.000000	0.000000	0.000000
-0.918724	0.834323	0.000000	-0.828541	0.000000	0.000000	0.000000	0.000000	0.000000	0.000000
-0.918740	0.834385	0.000000	-0.828541	0.000000	0.000000	0.000000	0.000000	0.000000	0.000000
-0.918748	0.834316	-0.000000	-0.828534	0.000000	0.000000	0.000000	0.000000	0.000000	0.000000
-0.918711	0.834220	0.000000	-0.828541	0.000000	0.000000	0.000000	0.000000	0.000000	0.000000
-0.918715	0.834235	0.000000	-0.827847	0.000000	0.000000	0.000000	0.000000	0.000000	0.000000
-0.918737	0.834341	0.000000	-0.828541	0.000000	0.000000	0.000000	0.000000	0.000000	0.000000
-0.918734	0.834339	-0.000000	-0.828475	0.000000	0.000000	0.000000	0.000000	0.000000	0.000000
-0.918727	0.834517	-0.000000	-0.828541	0.000000	0.000000	0.000000	0.000000	0.000000	0.000000
-0.918722	0.834366	0.000000	-0.828541	0.000000	0.000000	0.000000	0.000000	0.000000	0.000000
-0.918720	0.834409	-0.000000	-0.828541	0.000000	0.000000	0.000000	0.000000	0.000000	0.000000
-0.918720	0.834541	0.000000	-0.828499	0.000000	0.000000	0.000000	0.000000	0.000000	0.000000
-0.918720	0.834322	-0.000000	-0.828541	0.000000	0.000000	0.000000	0.000000	0.000000	0.000000
-0.918707	0.834623	-0.000000	-0.828541	0.000000	0.000000	0.000000	0.000000	0.000000	0.000000
-0.918751	0.834347	-0.000000	-0.828541	0.000000	0.000000	0.000000	0.000000	0.000000	0.000000
-0.918744	0.834350	0.000000	-0.828541	0.000000	0.000000	0.000000	0.000000	0.000000	0.000000
-0.918710	0.834238	0.000000	-0.828541	0.000000	0.000000	0.000000	0.000000	0.000000	0.000000
-0.918727	0.834377	0.000000	-0.809046	0.000000	0.000000	0.000000	0.000000	0.000000	0.000000
-0.918732	0.834420	-0.000000	-0.828541	0.000000	0.000000	0.000000	0.000000	0.000000	0.000000
-0.918738	0.834504	-0.000000	-0.828541	0.000000	0.000000	0.000000	0.000000	0.000000	0.000000
-0.918729	0.834247	-0.000000	-0.828541	0.000000	0.000000	0.000000	0.000000	0.000000	0.000000
-0.918699	0.834397	0.000000	-0.828540	0.000000	0.000000	0.000000	0.000000	0.000000	0.000000
-0.918709	0.834426	0.000000	-0.827636	0.000000	0.000000	0.000000	0.000000	0.000000	0.000000
-0.918712	0.834490	-0.000000	-0.828541	0.000000	0.000000	0.000000	0.000000	0.000000	0.000000
-0.918750	0.834504	0.000000	-0.827574	0.000000	0.000000	0.000000	0.000000	0.000000	0.000000
-0.918715	0.834356	0.000000	-0.828538	0.000000	0.000000	0.000000	0.000000	0.000000	0.000000
-0.918736	0.834476	0.000000	-0.828541	0.000000	0.000000	0.000000	0.000000	0.000000	0.000000
-0.918709	0.834518	-0.000000	-0.828536	0.000000	0.000000	0.000000	0.000000	0.000000	0.000000
-0.918744	0.834405	0.000000	-0.828541	0.000000	0.000000	0.000000	0.000000	0.000000	0.000000
-0.918742	0.834459	0.000000	-0.828537	0.000000	0.000000	0.000000	0.000000	0.000000	0.000000
-0.918745	0.834278	0.000000	-0.828540	0.000000	0.000000	0.000000	0.000000	0.000000	0.000000
-0.918705	0.834312	-0.000000	-0.828541	0.000000	0.000000	0.000000	0.000000	0.000000	0.000000
-0.918730	0.834512	0.000000	-0.828355	0.000000	0.000000	0.000000	0.000000	0.000000	0.000000
-0.918714	0.834403	0.000000	-0.828541	0.000000	0.000000	0.000000	0.000000	0.000000	0.000000
-0.918744	0.834330	0.000000	-0.828540	0.000000	0.000000	0.000000	0.000000	0.000000	0.000000
-0.918712	0.834331	0.000000	-0.828442	0.000000	0.000000	0.000000	0.000000	0.000000	0.000000
-0.918752	0.834485	-0.000000	-0.828541	0.000000	0.000000	0.000000	0.000000	0.000000	0.000000
-0.918714	0.834186	-0.000000	-0.828541	0.000000	0.000000	0.000000	0.000000	0.000000	0.000000
-0.918719	0.834387	0.000000	-0.826113	0.000000	0.000000	0.000000	0.000000	0.000000	0.000000
-0.918708	0.834416	0.000000	-0.828541	0.000000	0.000000	0.000000	0.000000	0.000000	0.000000
-0.918727	0.834424	-0.000000	-0.828541	0.000000	0.000000	0.000000	0.000000	0.000000	0.000000
-0.918749	0.834377	-0.000000	-0.828541	0.000000	0.000000	0.000000	0.000000	0.000000	0.000000
-0.918722	0.834347	-0.000000	-0.828541	0.000000	0.000000	0.000000	0.000000	0.000000	0.000000
-0.918732	0.834286	0.000000	-0.828541	0.000000	0.000000	0.000000	0.000000	0.000000	0.000000
-0.918712	0.833086	0.000000	-0.828541	0.000000	0.000000	0.000000	0.000000	0.000000	0.000000
-0.918735	0.834343	-0.000000	-0.828529	0.000000	0.000000	0.000000	0.000000	0.000000	0.000000
-0.918747	0.834366	0.000000	-0.828541	0.000000	0.000000	0.000000	0.000000	0.000000	0.000000
-0.918738	0.834388	0.000000	-0.828541	0.000000	0.000000	0.000000	0.000000	0.000000	0.000000
-0.918729	0.834297	0.000000	-0.828538	0.000000	0.000000	0.000000	0.000000	0.000000	0.000000
-0.918697	0.834307	-0.000000	-0.828541	0.000000	0.000000	0.000000	0.000000	0.000000	0.000000
-0.918728	0.834409	0.000000	-0.828539	0.000000	0.000000	0.000000	0.000000	0.000000	0.000000
-0.918702	0.834389	0.000000	-0.828541	0.000000	0.000000	0.000000	0.000000	0.000000	0.000000
-0.918692	0.834458	0.000000	-0.828541	0.000000	0.000000	0.000000	0.000000	0.000000	0.000000
-0.918729	0.834599	0.000000	-0.828485	0.000000	0.000000	0.000000	0.000000	0.000000	0.000000
-0.918737	0.834359	0.000000	-0.828541	0.000000	0.000000	0.000000	0.000000	0.000000	0.000000
-0.918719	0.834416	0.000000	-0.828540	0.000000	0.000000	0.000000	0.000000	0.000000	0.000000
-0.918715	0.834260	0.000000	-0.828541	0.000000	0.000000	0.000000	0.000000	0.000000	0.000000
-0.918740	0.834536	0.000000	-0.828540	0.000000	0.000000	0.000000	0.000000	0.000000	0.000000
-0.918737	0.834457	-0.000000	-0.828541	0.000000	0.000000	0.000000	0.000000	0.000000	0.000000
-0.918730	0.834444	-0.000000	-0.828541	0.000000	0.000000	0.000000	0.000000	0.000000	0.000000
-0.918767	0.834446	0.000000	-0.828513	0.000000	0.000000	0.000000	0.000000	0.000000	0.000000
-0.918716	0.834568	0.000000	-0.828541	0.000000	0.000000	0.000000	0.000000	0.000000	0.000000
-0.918722	0.834048	0.000000	-0.828541	0.000000	0.000000	0.000000	0.000000	0.000000	0.000000
-0.918708	0.834241	-0.000000	-0.828541	0.000000	0.000000	0.000000	0.000000	0.000000	0.000000
-0.918704	0.834188	-0.000000	-0.828541	0.000000	0.000000	0.000000	0.000000	0.000000	0.000000
-0.918761	0.834436	0.000000	-0.828541	0.000000	0.000000	0.000000	0.000000	0.000000	0.000000
-0.918720	0.834323	-0.000000	-0.828541	0.000000	0.000000	0.000000	0.000000	0.000000	0.000000
-0.918742	0.834539	-0.000000	-0.828541	0.000000	0.000000	0.000000	0.000000	0.000000	0.000000
-0.918738	0.834355	-0.000000	-0.828541	0.000000	0.000000	0.000000	0.000000	0.000000	0.000000
-0.918754	0.834214	0.000000	-0.828503	0.000000	0.000000	0.000000	0.000000	0.000000	0.000000
-0.918746	0.834387	0.000000	-0.828541	0.000000	0.000000	0.000000	0.000000	0.000000	0.000000
-0.918708	0.834563	0.000000	-0.828522	0.000000	0.000000	0.000000	0.000000	0.000000	0.000000
-0.918718	0.834365	-0.000000	-0.828541	0.000000	0.000000	0.000000	0.000000	0.000000	0.000000
-0.918727	0.834369	0.000000	-0.795577	0.000000	0.000000	0.000000	0.000000	0.000000	0.000000
-0.918746	0.834437	0.000000	-0.828541	0.000000	0.000000	0.000000	0.000000	0.000000	0.000000
-0.918693	0.834247	-0.000000	-0.828541	0.000000	0.000000	0.000000	0.000000	0.000000	0.000000
-0.918750	0.834312	-0.000000	-0.828541	0.000000	0.000000	0.000000	0.000000	0.000000	0.000000
-0.918734	0.834229	-0.000000	-0.828541	0.000000	0.000000	0.000000	0.000000	0.000000	0.000000
-0.918722	0.834306	0.000000	-0.828541	0.000000	0.000000	0.000000	0.000000	0.000000	0.000000
-0.918763	0.834254	-0.000000	-0.828539	0.000000	0.000000	0.000000	0.000000	0.000000	0.000000
-0.918726	0.834419	0.000000	-0.828541	0.000000	0.000000	0.000000	0.000000	0.000000	0.000000
-0.918731	0.834421	-0.000000	-0.828541	0.000000	0.000000	0.000000	0.000000	0.000000	0.000000
-0.918729	0.834432	0.000000	-0.828541	0.000000	0.000000	0.000000	0.000000	0.000000	0.000000
-0.918728	0.834599	0.000000	-0.828541	0.000000	0.000000	0.000000	0.000000	0.000000	0.000000
-0.918749	0.834541	0.000000	-0.828540	0.000000	0.000000	0.000000	0.000000	0.000000	0.000000
-0.918738	0.834384	0.000000	-0.828513	0.000000	0.000000	0.000000	0.000000	0.000000	0.000000
-0.918713	0.834412	-0.000000	-0.828541	0.000000	0.000000	0.000000	0.000000	0.000000	0.000000
-0.918717	0.834433	0.000000	-0.828541	0.000000	0.000000	0.000000	0.000000	0.000000	0.000000
-0.918733	0.834264	-0.000000	-0.828541	0.000000	0.000000	0.000000	0.000000	0.000000	0.000000
-0.918732	0.834525	-0.000000	-0.828541	0.000000	0.000000	0.000000	0.000000	0.000000	0.000000
-0.918718	0.834305	-0.000000	-0.828541	0.000000	0.000000	0.000000	0.000000	0.000000	0.000000
-0.918726	0.834461	-0.000000	-0.828462	0.000000	0.000000	0.000000	0.000000	0.000000	0.000000
-0.918739	0.834534	0.000000	-0.828540	0.000000	0.000000	0.000000	0.000000	0.000000	0.000000
-0.918721	0.834391	0.000000	-0.828541	0.000000	0.000000	0.000000	0.000000	0.000000	0.000000
-0.918728	0.834455	-0.000000	-0.828541	0.000000	0.000000	0.000000	0.000000	0.000000	0.000000
-0.918747	0.834428	-0.000000	-0.828541	0.000000	0.000000	0.000000	0.000000	0.000000	0.000000
-0.918727	0.834402	-0.000000	-0.828496	0.000000	0.000000	0.000000	0.000000	0.000000	0.000000
-0.918730	0.834381	0.000000	-0.828541	0.000000	0.000000	0.000000	0.000000	0.000000	0.000000
-0.918718	0.834404	-0.000000	-0.828541	0.000000	0.000000	0.000000	0.000000	0.000000	0.000000
-0.918722	0.834350	-0.000000	-0.828541	0.000000	0.000000	0.000000	0.000000	0.000000	0.000000
-0.918725	0.834365	-0.000000	-0.828503	0.000000	0.000000	0.000000	0.000000	0.000000	0.000000
-0.918735	0.834365	0.000000	-0.828541	0.000000	0.000000	0.000000	0.000000	0.000000	0.000000
-0.918732	0.834322	0.000000	-0.828541	0.000000	0.000000	0.000000	0.000000	0.000000	0.000000
-0.918722	0.834299	-0.000000	-0.828541	0.000000	0.000000	0.000000	0.000000	0.000000	0.000000
-0.918724	0.834349	-0.000000	-0.828500	0.000000	0.000000	0.000000	0.000000	0.000000	0.000000
-0.918705	0.834422	0.000000	-0.828539	0.000000	0.000000	0.000000	0.000000	0.000000	0.000000
-0.918741	0.834366	-0.000000	-0.828497	0.000000	0.000000	0.000000	0.000000	0.000000	0.000000
-0.918712	0.834343	-0.000000	-0.828541	0.000000	0.000000	0.000000	0.000000	0.000000	0.000000
-0.918740	0.834424	0.000000	-0.828541	0.000000	0.000000	0.000000	0.000000	0.000000	0.000000
-0.918734	0.834329	-0.000000	-0.828541	0.000000	0.000000	0.000000	0.000000	0.000000	0.000000
-0.918730	0.834455	0.000000	-0.828541	0.000000	0.000000	0.000000	0.000000	0.000000	0.000000
-0.918676	0.834280	-0.000000	-0.828541	0.000000	0.000000	0.000000	0.000000	0.000000	0.000000
-0.918745	0.834303	-0.000000	-0.828539	0.000000	0.000000	0.000000	0.000000	0.000000	0.000000
-0.918714	0.834435	-0.000000	-0.827272	0.000000	0.000000	0.000000	0.000000	0.000000	0.000000
-0.918747	0.834486	0.000000	-0.828541	0.000000	0.000000	0.000000	0.000000	0.000000	0.000000
-0.918734	0.834436	0.000000	-0.828537	0.000000	0.000000	0.000000	0.000000	0.000000	0.000000
-0.918727	0.834401	0.000000	-0.828539	0.000000	0.000000	0.000000	0.000000	0.000000	0.000000
-0.918744	0.834331	-0.000000	-0.828541	0.000000	0.000000	0.000000	0.000000	0.000000	0.000000
-0.918742	0.834364	0.000000	-0.828541	0.000000	0.000000	0.000000	0.000000	0.000000	0.000000
-0.918751	0.834352	-0.000000	-0.828540	0.000000	0.000000	0.000000	0.000000	0.000000	0.000000
-0.918754	0.834430	0.000000	-0.828541	0.000000	0.000000	0.000000	0.000000	0.000000	0.000000
-0.918737	0.834494	0.000000	-0.828541	0.000000	0.000000	0.000000	0.000000	0.000000	0.000000
-0.918766	0.834288	0.000000	-0.828541	0.000000	0.000000	0.000000	0.000000	0.000000	0.000000
-0.918744	0.834628	0.000000	-0.828541	0.000000	0.000000	0.000000	0.000000	0.000000	0.000000
-0.918708	0.834255	0.000000	-0.828541	0.000000	0.000000	0.000000	0.000000	0.000000	0.000000
-0.918715	0.834410	0.000000	-0.828540	0.000000	0.000000	0.000000	0.000000	0.000000	0.000000
-0.918704	0.834326	0.000000	-0.828424	0.000000	0.000000	0.000000	0.000000	0.000000	0.000000
-0.918729	0.834457	0.000000	-0.828541	0.000000	0.000000	0.000000	0.000000	0.000000	0.000000
-0.918713	0.834389	0.000000	-0.828538	0.000000	0.000000	0.000000	0.000000	0.000000	0.000000
-0.918744	0.834500	0.000000	-0.828541	0.000000	0.000000	0.000000	0.000000	0.000000	0.000000
-0.918736	0.834441	0.000000	-0.828541	0.000000	0.000000	0.000000	0.000000	0.000000	0.000000
-0.918730	0.834494	0.000000	-0.828537	0.000000	0.000000	0.000000	0.000000	0.000000	0.000000
-0.918714	0.834353	0.000000	-0.828541	0.000000	0.000000	0.000000	0.000000	0.000000	0.000000
-0.918737	0.834359	-0.000000	-0.828541	0.000000	0.000000	0.000000	0.000000	0.000000	0.000000
-0.918759	0.834338	0.000000	-0.828541	0.000000	0.000000	0.000000	0.000000	0.000000	0.000000
-0.918712	0.834578	-0.000000	-0.828541	0.000000	0.000000	0.000000	0.000000	0.000000	0.000000
-0.918715	0.834280	-0.000000	-0.824787	0.000000	0.000000	0.000000	0.000000	0.000000	0.000000
-0.918727	0.834588	0.000000	-0.828540	0.000000	0.000000	0.000000	0.000000	0.000000	0.000000
-0.918714	0.834301	-0.000000	-0.828541	0.000000	0.000000	0.000000	0.000000	0.000000	0.000000
-0.918728	0.834402	0.000000	-0.828541	0.000000	0.000000	0.000000	0.000000	0.000000	0.000000
-0.918725	0.834394	0.000000	-0.828541	0.000000	0.000000	0.000000	0.000000	0.000000	0.000000
-0.918726	0.834382	-0.000000	-0.828541	0.000000	0.000000	0.000000	0.000000	0.000000	0.000000
-0.918751	0.834384	-0.000000	-0.828541	0.000000	0.000000	0.000000	0.000000	0.000000	0.000000
-0.918747	0.834386	-0.000000	-0.828541	0.000000	0.000000	0.000000	0.000000	0.000000	0.000000
-0.918740	0.834498	0.000000	-0.828541	0.000000	0.000000	0.000000	0.000000	0.000000	0.000000
-0.918736	0.834403	0.000000	-0.828541	0.000000	0.000000	0.000000	0.000000	0.000000	0.000000
-0.918715	0.834270	-0.000000	-0.828541	0.000000	0.000000	0.000000	0.000000	0.000000	0.000000
-0.918720	0.834432	0.000000	-0.828541	0.000000	0.000000	0.000000	0.000000	0.000000	0.000000
-0.918747	0.834500	-0.000000	-0.828541	0.000000	0.000000	0.000000	0.000000	0.000000	0.000000
-0.918734	0.834334	-0.000000	-0.828541	0.000000	0.000000	0.000000	0.000000	0.000000	0.000000
-0.918711	0.834552	-0.000000	-0.828541	0.000000	0.000000	0.000000	0.000000	0.000000	0.000000
-0.918752	0.834377	-0.000000	-0.828541	0.000000	0.000000	0.000000	0.000000	0.000000	0.000000
-0.918739	0.834493	0.000000	-0.828541	0.000000	0.000000	0.000000	0.000000	0.000000	0.000000
-0.918748	0.834494	0.000000	-0.828541	0.000000	0.000000	0.000000	0.000000	0.000000	0.000000
-0.918765	0.834379	0.000000	-0.828541	0.000000	0.000000	0.000000	0.000000	0.000000	0.000000
-0.918747	0.834497	0.000000	-0.828535	0.000000	0.000000	0.000000	0.000000	0.000000	0.000000
-0.918725	0.834256	0.000000	-0.828532	0.000000	0.000000	0.000000	0.000000	0.000000	0.000000
-0.918740	0.834423	0.000000	-0.828397	0.000000	0.000000	0.000000	0.000000	0.000000	0.000000
-0.918699	0.834383	0.000000	-0.828540	0.000000	0.000000	0.000000	0.000000	0.000000	0.000000
-0.918717	0.834480	-0.000000	-0.828288	0.000000	0.000000	0.000000	0.000000	0.000000	0.000000
-0.918712	0.834424	-0.000000	-0.828541	0.000000	0.000000	0.000000	0.000000	0.000000	0.000000
-0.918726	0.834331	0.000000	-0.828524	0.000000	0.000000	0.000000	0.000000	0.000000	0.000000
-0.918738	0.834333	-0.000000	-0.828540	0.000000	0.000000	0.000000	0.000000	0.000000	0.000000
-0.918703	0.834372	0.000000	-0.828539	0.000000	0.000000	0.000000	0.000000	0.000000	0.000000
-0.918740	0.834436	0.000000	-0.828487	0.000000	0.000000	0.000000	0.000000	0.000000	0.000000
-0.918753	0.834610	0.000000	-0.828541	0.000000	0.000000	0.000000	0.000000	0.000000	0.000000
-0.918725	0.834456	0.000000	-0.828541	0.000000	0.000000	0.000000	0.000000	0.000000	0.000000
-0.918758	0.834357	-0.000000	-0.828471	0.000000	0.000000	0.000000	0.000000	0.000000	0.000000
-0.918731	0.834536	-0.000000	-0.828541	0.000000	0.000000	0.000000	0.000000	0.000000	0.000000
-0.918721	0.834484	0.000000	-0.828084	0.000000	0.000000	0.000000	0.000000	0.000000	0.000000
-0.918715	0.834382	0.000000	-0.828541	0.000000	0.000000	0.000000	0.000000	0.000000	0.000000
-0.918695	0.834538	0.000000	-0.828541	0.000000	0.000000	0.000000	0.000000	0.000000	0.000000
-0.918723	0.834244	0.000000	-0.828541	0.000000	0.000000	0.000000	0.000000	0.000000	0.000000
-0.918726	0.834317	0.000000	-0.828540	0.000000	0.000000	0.000000	0.000000	0.000000	0.000000
-0.918737	0.834274	-0.000000	-0.828479	0.000000	0.000000	0.000000	0.000000	0.000000	0.000000
-0.918744	0.834556	0.000000	-0.828541	0.000000	0.000000	0.000000	0.000000	0.000000	0.000000
-0.918747	0.834467	0.000000	-0.828541	0.000000	0.000000	0.000000	0.000000	0.000000	0.000000
-0.918736	0.834500	0.000000	-0.828541	0.000000	0.000000	0.000000	0.000000	0.000000	0.000000
-0.918691	0.834272	-0.000000	-0.828541	0.000000	0.000000	0.000000	0.000000	0.000000	0.000000
-0.918761	0.834275	0.000000	-0.001228	0.000000	0.000000	0.000000	0.000000	0.000000	0.000000
-0.918736	0.834407	-0.000000	0.794989	0.000000	0.000000	0.000000	0.000000	0.000000	0.000000
-0.918751	0.834435	-0.000000	0.795087	0.000000	0.000000	0.000000	0.000000	0.000000	0.000000
-0.918722	0.834234	0.000000	0.794835	0.000000	0.000000	0.000000	0.000000	0.000000	0.000000
-0.918736	0.834421	-0.000000	0.795008	0.000000	0.000000	0.000000	0.000000	0.000000	0.000000
-0.918741	0.834432	-0.000000	0.794999	0.000000	0.000000	0.000000	0.000000	0.000000	0.000000
-0.918722	0.834391	0.000000	0.795032	0.000000	0.000000	0.000000	0.000000	0.000000	0.000000
-0.918729	0.834352	0.000000	0.795114	0.000000	0.000000	0.000000	0.000000	0.000000	0.000000
-0.918724	0.834342	0.000000	0.794893	0.000000	0.000000	0.000000	0.000000	0.000000	0.000000
-0.918745	0.834332	0.000000	0.794906	0.000000	0.000000	0.000000	0.000000	0.000000	0.000000
-0.918731	0.834361	-0.000000	0.794950	0.000000	0.000000	0.000000	0.000000	0.000000	0.000000
-0.918725	0.834188	-0.000000	0.794979	0.000000	0.000000	0.000000	0.000000	0.000000	0.000000
-0.918728	0.834343	0.000000	0.795084	0.000000	0.000000	0.000000	0.000000	0.000000	0.000000
-0.918743	0.834453	0.000000	0.795074	0.000000	0.000000	0.000000	0.000000	0.000000	0.000000
-0.918736	0.834201	0.000000	0.795054	0.000000	0.000000	0.000000	0.000000	0.000000	0.000000
-0.918721	0.834350	0.000000	0.795142	0.000000	0.000000	0.000000	0.000000	0.000000	0.000000
-0.918734	0.834303	-0.000000	0.794930	0.000000	0.000000	0.000000	0.000000	0.000000	0.000000
-0.918740	0.834328	-0.000000	0.774370	0.000000	0.000000	0.000000	0.000000	0.000000	0.000000
-0.918734	0.834503	0.000000	0.795088	0.000000	0.000000	0.000000	0.000000	0.000000	0.000000
-0.918730	0.834395	0.000000	0.795014	0.000000	0.000000	0.000000	0.000000	0.000000	0.000000
-0.918733	0.834448	0.000000	0.795011	0.000000	0.000000	0.000000	0.000000	0.000000	0.000000
-0.918720	0.834467	-0.000000	0.795226	0.000000	0.000000	0.000000	0.000000	0.000000	0.000000
-0.918725	0.834468	0.000000	0.794968	0.000000	0.000000	0.000000	0.000000	0.000000	0.000000
-0.918732	0.834520	0.000000	0.795095	0.000000	0.000000	0.000000	0.000000	0.000000	0.000000
-0.918725	0.834576	-0.000000	0.794909	0.000000	0.000000	0.000000	0.000000	0.000000	0.000000
-0.918740	0.834470	0.000000	0.795221	0.000000	0.000000	0.000000	0.000000	0.000000	0.000000
-0.918733	0.834287	-0.000000	0.789803	0.000000	0.000000	0.000000	0.000000	0.000000	0.000000
-0.918700	0.834307	-0.000000	0.795168	0.000000	0.000000	0.000000	0.000000	0.000000	0.000000
-0.918728	0.834502	0.000000	0.795167	0.000000	0.000000	0.000000	0.000000	0.000000	0.000000
-0.918747	0.834491	0.000000	0.795117	0.000000	0.000000	0.000000	0.000000	0.000000	0.000000
-0.918730	0.834451	0.000000	0.794932	0.000000	0.000000	0.000000	0.000000	0.000000	0.000000
-0.918723	0.834296	0.000000	0.795217	0.000000	0.000000	0.000000	0.000000	0.000000	0.000000
-0.918721	0.834525	-0.000000	0.795060	0.000000	0.000000	0.000000	0.000000	0.000000	0.000000
-0.918733	0.834524	0.000000	0.794951	0.000000	0.000000	0.000000	0.000000	0.000000	0.000000
-0.918747	0.834383	-0.000000	0.794967	0.000000	0.000000	0.000000	0.000000	0.000000	0.000000
-0.918714	0.834344	-0.000000	0.795043	0.000000	0.000000	0.000000	0.000000	0.000000	0.000000
-0.918750	0.834465	0.000000	0.791135	0.000000	0.000000	0.000000	0.000000	0.000000	0.000000
-0.918714	0.834275	-0.000000	0.795142	0.000000	0.000000	0.000000	0.000000	0.000000	0.000000
-0.918724	0.832872	-0.000000	0.794930	0.000000	0.000000	0.000000	0.000000	0.000000	0.000000
-0.918737	0.834489	-0.000000	0.794689	0.000000	0.000000	0.000000	0.000000	0.000000	0.000000
-0.918685	0.834240	-0.000000	0.795226	0.000000	0.000000	0.000000	0.000000	0.000000	0.000000
-0.918715	0.834332	0.000000	0.794811	0.000000	0.000000	0.000000	0.000000	0.000000	0.000000
-0.918748	0.834520	0.000000	0.795233	0.000000	0.000000	0.000000	0.000000	0.000000	0.000000
-0.918722	0.834410	-0.000000	0.794983	0.000000	0.000000	0.000000	0.000000	0.000000	0.000000
-0.918745	0.834308	0.000000	0.794968	0.000000	0.000000	0.000000	0.000000	0.000000	0.000000
-0.918706	0.834329	0.000000	0.795062	0.000000	0.000000	0.000000	0.000000	0.000000	0.000000
-0.918708	0.834489	0.000000	0.795196	0.000000	0.000000	0.000000	0.000000	0.000000	0.000000
-0.918729	0.834379	0.000000	0.794986	0.000000	0.000000	0.000000	0.000000	0.000000	0.000000
-0.918741	0.834439	0.000000	0.795024	0.000000	0.000000	0.000000	0.000000	0.000000	0.000000
-0.918712	0.834378	0.000000	0.795163	0.000000	0.000000	0.000000	0.000000	0.000000	0.000000
-0.918766	0.834166	-0.000000	0.794984	0.000000	0.000000	0.000000	0.000000	0.000000	0.000000
-0.918720	0.834516	0.000000	0.795206	0.000000	0.000000	0.000000	0.000000	0.000000	0.000000
-0.918720	0.834531	-0.000000	0.795054	0.000000	0.000000	0.000000	0.000000	0.000000	0.000000
-0.918722	0.834312	-0.000000	0.795079	0.000000	0.000000	0.000000	0.000000	0.000000	0.000000
-0.918743	0.834459	-0.000000	0.794931	0.000000	0.000000	0.000000	0.000000	0.000000	0.000000
-0.918766	0.834595	-0.000000	0.794990	0.000000	0.000000	0.000000	0.000000	0.000000	0.000000
-0.918745	0.834372	0.000000	0.794970	0.000000	0.000000	0.000000	0.000000	0.000000	0.000000
-0.918723	0.834405	-0.000000	0.794894	0.000000	0.000000	0.000000	0.000000	0.000000	0.000000
-0.918714	0.834313	-0.000000	0.794874	0.000000	0.000000	0.000000	0.000000	0.000000	0.000000
-0.918720	0.834459	0.000000	0.795004	0.000000	0.000000	0.000000	0.000000	0.000000	0.000000
-0.918731	0.834501	-0.000000	0.794992	0.000000	0.000000	0.000000	0.000000	0.000000	0.000000
-0.918713	0.834379	-0.000000	0.795075	0.000000	0.000000	0.000000	0.000000	0.000000	0.000000
-0.918727	0.834509	0.000000	0.795153	0.000000	0.000000	0.000000	0.000000	0.000000	0.000000
-0.918732	0.834381	0.000000	0.795088	0.000000	0.000000	0.000000	0.000000	0.000000	0.000000
-0.918748	0.834405	-0.000000	0.794949	0.000000	0.000000	0.000000	0.000000	0.000000	0.000000
-0.918733	0.834366	0.000000	0.794569	0.000000	0.000000	0.000000	0.000000	0.000000	0.000000
-0.918733	0.834348	0.000000	0.795177	0.000000	0.000000	0.000000	0.000000	0.000000	0.000000
-0.918741	0.834378	0.000000	0.792899	0.000000	0.000000	0.000000	0.000000	0.000000	0.000000
-0.918741	0.834510	0.000000	0.795163	0.000000	0.000000	0.000000	0.000000	0.000000	0.000000
-0.918746	0.834390	0.000000	0.795015	0.000000	0.000000	0.000000	0.000000	0.000000	0.000000
-0.918741	0.834505	0.000000	0.795066	0.000000	0.000000	0.000000	0.000000	0.000000	0.000000
-0.918728	0.834368	0.000000	0.795218	0.000000	0.000000	0.000000	0.000000	0.000000	0.000000
-0.918740	0.834357	-0.000000	0.795025	0.000000	0.000000	0.000000	0.000000	0.000000	0.000000
-0.918741	0.834539	-0.000000	0.795057	0.000000	0.000000	0.000000	0.000000	0.000000	0.000000
-0.918727	0.834265	-0.000000	0.779794	0.000000	0.000000	0.000000	0.000000	0.000000	0.000000
-0.918730	0.834335	0.000000	0.795030	0.000000	0.000000	0.000000	0.000000	0.000000	0.000000
-0.918731	0.834430	-0.000000	0.794796	0.000000	0.000000	0.000000	0.000000	0.000000	0.000000
-0.918739	0.834514	-0.000000	0.795078	0.000000	0.000000	0.000000	0.000000	0.000000	0.000000
-0.918753	0.834343	-0.000000	0.794996	0.000000	0.000000	0.000000	0.000000	0.000000	0.000000
-0.918736	0.834397	0.000000	0.794949	0.000000	0.000000	0.000000	0.000000	0.000000	0.000000
-0.918744	0.834416	-0.000000	0.795048	0.000000	0.000000	0.000000	0.000000	0.000000	0.000000
-0.918706	0.834365	0.000000	0.794987	0.000000	0.000000	0.000000	0.000000	0.000000	0.000000
-0.918716	0.834429	-0.000000	0.795142	0.000000	0.000000	0.000000	0.000000	0.000000	0.000000
-0.918735	0.834279	0.000000	0.795170	0.000000	0.000000	0.000000	0.000000	0.000000	0.000000
-0.918756	0.834479	0.000000	0.795126	0.000000	0.000000	0.000000	0.000000	0.000000	0.000000
-0.918734	0.834374	-0.000000	0.795226	0.000000	0.000000	0.000000	0.000000	0.000000	0.000000
-0.918737	0.834287	0.000000	0.794913	0.000000	0.000000	0.000000	0.000000	0.000000	0.000000
-0.918716	0.834410	0.000000	0.795114	0.000000	0.000000	0.000000	0.000000	0.000000	0.000000
-0.918756	0.834495	0.000000	0.794981	0.000000	0.000000	0.000000	0.000000	0.000000	0.000000
-0.918719	0.834383	0.000000	0.795070	0.000000	0.000000	0.000000	0.000000	0.000000	0.000000
-0.918700	0.834297	0.000000	0.795015	0.000000	0.000000	0.000000	0.000000	0.000000	0.000000
-0.918740	0.834428	-0.000000	0.794933	0.000000	0.000000	0.000000	0.000000	0.000000	0.000000
-0.918737	0.834453	-0.000000	0.794911	0.000000	0.000000	0.000000	0.000000	0.000000	0.000000
-0.918733	0.834363	-0.000000	0.795019	0.000000	0.000000	0.000000	0.000000	0.000000	0.000000
-0.918746	0.834346	0.000000	0.794935	0.000000	0.000000	0.000000	0.000000	0.000000	0.000000
-0.918741	0.834326	0.000000	0.794988	0.000000	0.000000	0.000000	0.000000	0.000000	0.000000
-0.918706	0.834248	0.000000	0.795016	0.000000	0.000000	0.000000	0.000000	0.000000	0.000000
-0.918741	0.834525	0.000000	0.795053	0.000000	0.000000	0.000000	0.000000	0.000000	0.000000
-0.918740	0.834390	0.000000	0.795015	0.000000	0.000000	0.000000	0.000000	0.000000	0.000000
-0.918763	0.834513	0.000000	0.795090	0.000000	0.000000	0.000000	0.000000	0.000000	0.000000
-0.918747	0.834472	-0.000000	0.795066	0.000000	0.000000	0.000000	0.000000	0.000000	0.000000
-0.918723	0.834559	0.000000	0.794745	0.000000	0.000000	0.000000	0.000000	0.000000	0.000000
-0.918753	0.834356	0.000000	0.794978	0.000000	0.000000	0.000000	0.000000	0.000000	0.000000
-0.918699	0.834449	0.000000	0.794969	0.000000	0.000000	0.000000	0.000000	0.000000	0.000000
-0.918720	0.834290	0.000000	0.794978	0.000000	0.000000	0.000000	0.000000	0.000000	0.000000
-0.918722	0.834430	-0.000000	0.794896	0.000000	0.000000	0.000000	0.000000	0.000000	0.000000
-0.918729	0.834461	0.000000	0.758263	0.000000	0.000000	0.000000	0.000000	0.000000	0.000000
-0.918726	0.834490	0.000000	0.795111	0.000000	0.000000	0.000000	0.000000	0.000000	0.000000
-0.918739	0.834364	0.000000	0.794986	0.000000	0.000000	0.000000	0.000000	0.000000	0.000000
-0.918734	0.834560	0.000000	0.795077	0.000000	0.000000	0.000000	0.000000	0.000000	0.000000
-0.918739	0.834475	0.000000	0.795045	0.000000	0.000000	0.000000	0.000000	0.000000	0.000000
-0.918735	0.834392	0.000000	0.795125	0.000000	0.000000	0.000000	0.000000	0.000000	0.000000
-0.918724	0.834502	0.000000	0.795033	0.000000	0.000000	0.000000	0.000000	0.000000	0.000000
-0.918747	0.834508	0.000000	0.794956	0.000000	0.000000	0.000000	0.000000	0.000000	0.000000
-0.918706	0.834316	0.000000	0.794998	0.000000	0.000000	0.000000	0.000000	0.000000	0.000000
-0.918732	0.834375	0.000000	0.795099	0.000000	0.000000	0.000000	0.000000	0.000000	0.000000
-0.918722	0.834430	0.000000	0.794793	0.000000	0.000000	0.000000	0.000000	0.000000	0.000000
-0.918714	0.834347	-0.000000	0.794794	0.000000	0.000000	0.000000	0.000000	0.000000	0.000000
-0.918732	0.834275	-0.000000	0.794997	0.000000	0.000000	0.000000	0.000000	0.000000	0.000000
-0.918732	0.834493	-0.000000	0.794864	0.000000	0.000000	0.000000	0.000000	0.000000	0.000000
-0.918768	0.834448	-0.000000	0.795009	0.000000	0.000000	0.000000	0.000000	0.000000	0.000000
-0.918728	0.834467	0.000000	0.794952	0.000000	0.000000	0.000000	0.000000	0.000000	0.000000
-0.918723	0.834411	0.000000	0.795046	0.000000	0.000000	0.000000	0.000000	0.000000	0.000000
-0.918702	0.834415	0.000000	0.795047	0.000000	0.000000	0.000000	0.000000	0.000000	0.000000
-0.918732	0.834382	-0.000000	0.794888	0.000000	0.000000	0.000000	0.000000	0.000000	0.000000
-0.918723	0.834534	0.000000	0.793698	0.000000	0.000000	0.000000	0.000000	0.000000	0.000000
-0.918723	0.834302	0.000000	0.794924	0.000000	0.000000	0.000000	0.000000	0.000000	0.000000
-0.918735	0.834440	-0.000000	0.794636	0.000000	0.000000	0.000000	0.000000	0.000000	0.000000
-0.918747	0.834416	-0.000000	0.795035	0.000000	0.000000	0.000000	0.000000	0.000000	0.000000
-0.918748	0.834315	0.000000	0.793894	0.000000	0.000000	0.000000	0.000000	0.000000	0.000000
-0.918745	0.834373	0.000000	0.795078	0.000000	0.000000	0.000000	0.000000	0.000000	0.000000
-0.918729	0.834334	0.000000	0.794892	0.000000	0.000000	0.000000	0.000000	0.000000	0.000000
-0.918717	0.834522	-0.000000	0.794911	0.000000	0.000000	0.000000	0.000000	0.000000	0.000000
-0.918730	0.834455	-0.000000	0.795189	0.000000	0.000000	0.000000	0.000000	0.000000	0.000000
-0.918746	0.834344	-0.000000	0.794799	0.000000	0.000000	0.000000	0.000000	0.000000	0.000000
-0.918734	0.834392	-0.000000	0.795086	0.000000	0.000000	0.000000	0.000000	0.000000	0.000000
-0.918752	0.834391	-0.000000	0.794982	0.000000	0.000000	0.000000	0.000000	0.000000	0.000000
-0.918703	0.834225	-0.000000	0.794973	0.000000	0.000000	0.000000	0.000000	0.000000	0.000000
-0.918708	0.834304	0.000000	0.795027	0.000000	0.000000	0.000000	0.000000	0.000000	0.000000
-0.918764	0.834250	0.000000	0.795148	0.000000	0.000000	0.000000	0.000000	0.000000	0.000000
-0.918722	0.834472	0.000000	0.795146	0.000000	0.000000	0.000000	0.000000	0.000000	0.000000
-0.918721	0.834368	0.000000	0.795036	0.000000	0.000000	0.000000	0.000000	0.000000	0.000000
-0.918708	0.834329	-0.000000	0.794972	0.000000	0.000000	0.000000	0.000000	0.000000	0.000000
-0.918741	0.834564	-0.000000	0.795267	0.000000	0.000000	0.000000	0.000000	0.000000	0.000000
-0.918711	0.834587	-0.000000	0.795071	0.000000	0.000000	0.000000	0.000000	0.000000	0.000000
-0.918723	0.834382	-0.000000	0.794998	0.000000	0.000000	0.000000	0.000000	0.000000	0.000000
-0.918720	0.834417	0.000000	0.795083	0.000000	0.000000	0.000000	0.000000	0.000000	0.000000
-0.918734	0.834439	0.000000	0.794885	0.000000	0.000000	0.000000	0.000000	0.000000	0.000000
-0.918702	0.834538	-0.000000	0.795123	0.000000	0.000000	0.000000	0.000000	0.000000	0.000000
-0.918713	0.834344	0.000000	0.795042	0.000000	0.000000	0.000000	0.000000	0.000000	0.000000
-0.918725	0.834337	-0.000000	0.795061	0.000000	0.000000	0.000000	0.000000	0.000000	0.000000
-0.918712	0.834477	-0.000000	0.794900	0.000000	0.000000	0.000000	0.000000	0.000000	0.000000
-0.918762	0.834435	-0.000000	0.795109	0.000000	0.000000	0.000000	0.000000	0.000000	0.000000
-0.918734	0.834346	0.000000	0.794989	0.000000	0.000000	0.000000	0.000000	0.000000	0.000000
-0.918715	0.834454	0.000000	0.795006	0.000000	0.000000	0.000000	0.000000	0.000000	0.000000
-0.918736	0.834442	0.000000	0.795054	0.000000	0.000000	0.000000	0.000000	0.000000	0.000000
-0.918728	0.834372	-0.000000	0.793908	0.000000	0.000000	0.000000	0.000000	0.000000	0.000000
-0.918687	0.834298	-0.000000	0.795064	0.000000	0.000000	0.000000	0.000000	0.000000	0.000000
-0.918730	0.834306	-0.000000	0.794947	0.000000	0.000000	0.000000	0.000000	0.000000	0.000000
-0.918701	0.834542	-0.000000	0.795127	0.000000	0.000000	0.000000	0.000000	0.000000	0.000000
-0.918748	0.834513	-0.000000	0.794990	0.000000	0.000000	0.000000	0.000000	0.000000	0.000000
-0.918742	0.834473	-0.000000	0.794972	0.000000	0.000000	0.000000	0.000000	0.000000	0.000000
-0.918697	0.834378	0.000000	0.794892	0.000000	0.000000	0.000000	0.000000	0.000000	0.000000
-0.918727	0.834529	0.000000	0.795032	0.000000	0.000000	0.000000	0.000000	0.000000	0.000000
-0.918763	0.834431	-0.000000	0.794908	0.000000	0.000000	0.000000	0.000000	0.000000	0.000000
-0.918749	0.834356	-0.000000	0.795022	0.000000	0.000000	0.000000	0.000000	0.000000	0.000000
-0.918706	0.834246	0.000000	0.794685	0.000000	0.000000	0.000000	0.000000	0.000000	0.000000
-0.918742	0.834410	0.000000	0.795256	0.000000	0.000000	0.000000	0.000000	0.000000	0.000000
-0.918731	0.834429	0.000000	0.795142	0.000000	0.000000	0.000000	0.000000	0.000000	0.000000
-0.918718	0.834520	0.000000	0.795101	0.000000	0.000000	0.000000	0.000000	0.000000	0.000000
-0.918716	0.834289	0.000000	0.795106	0.000000	0.000000	0.000000	0.000000	0.000000	0.000000
-0.918704	0.834441	0.000000	0.795023	0.000000	0.000000	0.000000	0.000000	0.000000	0.000000
-0.918723	0.834393	0.000000	0.795238	0.000000	0.000000	0.000000	0.000000	0.000000	0.000000
-0.918717	0.834230	-0.000000	0.794973	0.000000	0.000000	0.000000	0.000000	0.000000	0.000000
-0.918743	0.834441	0.000000	0.795058	0.000000	0.000000	0.000000	0.000000	0.000000	0.000000
-0.918735	0.834363	0.000000	0.795202	0.000000	0.000000	0.000000	0.000000	0.000000	0.000000
-0.918716	0.834382	0.000000	0.795019	0.000000	0.000000	0.000000	0.000000	0.000000	0.000000
-0.918714	0.834335	-0.000000	0.794955	0.000000	0.000000	0.000000	0.000000	0.000000	0.000000
-0.918719	0.834288	-0.000000	0.795027	0.000000	0.000000	0.000000	0.000000	0.000000	0.000000
-0.918725	0.834428	0.000000	0.795008	0.000000	0.000000	0.000000	0.000000	0.000000	0.000000
-0.918715	0.834536	0.000000	0.795092	0.000000	0.000000	0.000000	0.000000	0.000000	0.000000
-0.918740	0.834390	-0.000000	0.795051	0.000000	0.000000	0.000000	0.000000	0.000000	0.000000
-0.918715	0.834492	0.000000	0.794853	0.000000	0.000000	0.000000	0.000000	0.000000	0.000000
-0.918735	0.834334	-0.000000	0.795111	0.000000	0.000000	0.000000	0.000000	0.000000	0.000000
-0.918707	0.834438	0.000000	0.795058	0.000000	0.000000	0.000000	0.000000	0.000000	0.000000
-0.918726	0.834316	-0.000000	0.794985	0.000000	0.000000	0.000000	0.000000	0.000000	0.000000
-0.918731	0.834493	0.000000	0.794994	0.000000	0.000000	0.000000	0.000000	0.000000	0.000000
-0.918744	0.834275	-0.000000	0.795077	0.000000	0.000000	0.000000	0.000000	0.000000	0.000000
-0.918737	0.834234	-0.000000	0.794684	0.000000	0.000000	0.000000	0.000000	0.000000	0.000000
-0.918756	0.834420	-0.000000	0.795038	0.000000	0.000000	0.000000	0.000000	0.000000	0.000000
-0.918721	0.834386	0.000000	0.794941	0.000000	0.000000	0.000000	0.000000	0.000000	0.000000
-0.918728	0.834427	-0.000000	0.795082	0.000000	0.000000	0.000000	0.000000	0.000000	0.000000
-0.918733	0.834438	-0.000000	0.795011	0.000000	0.000000	0.000000	0.000000	0.000000	0.000000
-0.918744	0.834382	-0.000000	0.794991	0.000000	0.000000	0.000000	0.000000	0.000000	0.000000
-0.918724	0.834543	0.000000	0.795048	0.000000	0.000000	0.000000	0.000000	0.000000	0.000000
-0.918729	0.834282	-0.000000	0.794955	0.000000	0.000000	0.000000	0.000000	0.000000	0.000000
-0.918750	0.834429	0.000000	0.795013	0.000000	0.000000	0.000000	0.000000	0.000000	0.000000
-0.918718	0.834517	0.000000	0.794958	0.000000	0.000000	0.000000	0.000000	0.000000	0.000000
-0.918712	0.834504	0.000000	0.795012	0.000000	0.000000	0.000000	0.000000	0.000000	0.000000
-0.918714	0.834431	0.000000	0.794959	0.000000	0.000000	0.000000	0.000000	0.000000	0.000000
-0.918747	0.834505	0.000000	0.794923	0.000000	0.000000	0.000000	0.000000	0.000000	0.000000
-0.918736	0.834466	-0.000000	0.795067	0.000000	0.000000	0.000000	0.000000	0.000000	0.000000
-0.918719	0.834437	0.000000	0.794980	0.000000	0.000000	0.000000	0.000000	0.000000	0.000000
-0.918740	0.834458	0.000000	0.795108	0.000000	0.000000	0.000000	0.000000	0.000000	0.000000
-0.918717	0.834396	0.000000	0.794916	0.000000	0.000000	0.000000	0.000000	0.000000	0.000000
-0.918740	0.834450	0.000000	0.794959	0.000000	0.000000	0.000000	0.000000	0.000000	0.000000
-0.918723	0.834570	0.000000	0.794979	0.000000	0.000000	0.000000	0.000000	0.000000	0.000000
-0.918751	0.834467	-0.000000	0.795045	0.000000	0.000000	0.000000	0.000000	0.000000	0.000000
-0.918775	0.834390	0.000000	0.794876	0.000000	0.000000	0.000000	0.000000	0.000000	0.000000
-0.918737	0.834422	0.000000	0.794820	0.000000	0.000000	0.000000	0.000000	0.000000	0.000000
-0.918758	0.834583	-0.000000	0.795115	0.000000	0.000000	0.000000	0.000000	0.000000	0.000000
-0.918719	0.834603	-0.000000	0.794930	0.000000	0.000000	0.000000	0.000000	0.000000	0.000000
-0.918732	0.834518	0.000000	0.795161	0.000000	0.000000	0.000000	0.000000	0.000000	0.000000
-0.918763	0.834271	-0.000000	0.794272	0.000000	0.000000	0.000000	0.000000	0.000000	0.000000
-0.918732	0.834360	0.000000	0.795173	0.000000	0.000000	0.000000	0.000000	0.000000	0.000000
-0.918700	0.834117	0.000000	0.794989	0.000000	0.000000	0.000000	0.000000	0.000000	0.000000
-0.918720	0.834519	0.000000	0.795179	0.000000	0.000000	0.000000	0.000000	0.000000	0.000000
-0.918722	0.834420	-0.000000	0.794969	0.000000	0.000000	0.000000	0.000000	0.000000	0.000000
-0.918733	0.834414	0.000000	0.794791	0.000000	0.000000	0.000000	0.000000	0.000000	0.000000
-0.918753	0.834549	0.000000	0.794979	0.000000	0.000000	0.000000	0.000000	0.000000	0.000000
-0.918760	0.834321	0.000000	0.795082	0.000000	0.000000	0.000000	0.000000	0.000000	0.000000
-0.918734	0.834359	-0.000000	0.794991	0.000000	0.000000	0.000000	0.000000	0.000000	0.000000
-0.918735	0.834392	0.000000	0.794978	0.000000	0.000000	0.000000	0.000000	0.000000	0.000000
-0.918730	0.834296	0.000000	0.795044	0.000000	0.000000	0.000000	0.000000	0.000000	0.000000
-0.918765	0.834608	-0.000000	0.794950	0.000000	0.000000	0.000000	0.000000	0.000000	0.000000
-0.918742	0.834418	0.000000	0.794968	0.000000	0.000000	0.000000	0.000000	0.000000	0.000000
-0.918732	0.834416	-0.000000	0.795005	0.000000	0.000000	0.000000	0.000000	0.000000	0.000000
-0.918729	0.834504	-0.000000	0.795000	0.000000	0.000000	0.000000	0.000000	0.000000	0.000000
-0.918750	0.834295	-0.000000	0.795030	0.000000	0.000000	0.000000	0.000000	0.000000	0.000000
-0.918715	0.834381	0.000000	0.795003	0.000000	0.000000	0.000000	0.000000	0.000000	0.000000
-0.918721	0.834567	0.000000	0.795071	0.000000	0.000000	0.000000	0.000000	0.000000	0.000000
-0.918712	0.834479	-0.000000	0.794994	0.000000	0.000000	0.000000	0.000000	0.000000	0.000000
-0.918734	0.834477	0.000000	0.795109	0.000000	0.000000	0.000000	0.000000	0.000000	0.000000
-0.918754	0.834313	-0.000000	0.795105	0.000000	0.000000	0.000000	0.000000	0.000000	0.000000
-0.918725	0.834419	-0.000000	0.794894	0.000000	0.000000	0.000000	0.000000	0.000000	0.000000
-0.918752	0.834438	0.000000	0.795326	0.000000	0.000000	0.000000	0.000000	0.000000	0.000000
-0.918707	0.834433	0.000000	0.795086	0.000000	0.000000	0.000000	0.000000	0.000000	0.000000
-0.918728	0.834306	0.000000	0.786360	0.000000	0.000000	0.000000	0.000000	0.000000	0.000000
-0.918733	0.834545	0.000000	0.795010	0.000000	0.000000	0.000000	0.000000	0.000000	0.000000
-0.918702	0.834326	0.000000	0.795069	0.000000	0.000000	0.000000	0.000000	0.000000	0.000000
-0.918732	0.834383	-0.000000	0.795034	0.000000	0.000000	0.000000	0.000000	0.000000	0.000000
-0.918742	0.834338	0.000000	0.794925	0.000000	0.000000	0.000000	0.000000	0.000000	0.000000
-0.918731	0.834231	-0.000000	0.794910	0.000000	0.000000	0.000000	0.000000	0.000000	0.000000
-0.918741	0.834594	-0.000000	0.795120	0.000000	0.000000	0.000000	0.000000	0.000000	0.000000
-0.918732	0.834475	0.000000	0.794968	0.000000	0.000000	0.000000	0.000000	0.000000	0.000000
-0.918733	0.834209	0.000000	0.795022	0.000000	0.000000	0.000000	0.000000	0.000000	0.000000
-0.918742	0.834267	-0.000000	0.795016	0.000000	0.000000	0.000000	0.000000	0.000000	0.000000
-0.918713	0.834490	-0.000000	0.795152	0.000000	0.000000	0.000000	0.000000	0.000000	0.000000
-0.918747	0.834536	-0.000000	0.795151	0.000000	0.000000	0.000000	0.000000	0.000000	0.000000
-0.918738	0.834497	-0.000000	0.795004	0.000000	0.000000	0.000000	0.000000	0.000000	0.000000
