-1.001790	0.816674	-0.825296	-0.000000	0.000000	0.000000	0.000000	0.000000	0.000000	0.000000
-1.001857	0.816674	-0.825296	-0.000000	0.000000	0.000000	0.000000	0.000000	0.000000	0.000000
-1.001837	0.816674	-0.825296	0.000000	0.000000	0.000000	0.000000	0.000000	0.000000	0.000000
-1.001765	0.816674	-0.825296	-0.000000	0.000000	0.000000	0.000000	0.000000	0.000000	0.000000
-1.001797	0.816674	-0.825296	0.000000	0.000000	0.000000	0.000000	0.000000	0.000000	0.000000
-1.001779	0.816674	-0.825296	0.000000	0.000000	0.000000	0.000000	0.000000	0.000000	0.000000
-1.001805	0.816674	-0.825296	0.000000	0.000000	0.000000	0.000000	0.000000	0.000000	0.000000
-1.001813	0.816674	-0.825296	0.000000	0.000000	0.000000	0.000000	0.000000	0.000000	0.000000
-1.001755	0.816674	-0.825290	0.000000	0.000000	0.000000	0.000000	0.000000	0.000000	0.000000
-1.001787	0.816674	-0.825296	-0.000000	0.000000	0.000000	0.000000	0.000000	0.000000	0.000000
-1.001792	0.816674	-0.825296	-0.000000	0.000000	0.000000	0.000000	0.000000	0.000000	0.000000
-1.001759	0.816674	-0.825296	0.000000	0.000000	0.000000	0.000000	0.000000	0.000000	0.000000
-1.001803	0.816674	-0.825296	-0.000000	0.000000	0.000000	0.000000	0.000000	0.000000	0.000000
-1.001794	0.816674	-0.825296	0.000000	0.000000	0.000000	0.000000	0.000000	0.000000	0.000000
-1.001820	0.816674	-0.825296	-0.000000	0.000000	0.000000	0.000000	0.000000	0.000000	0.000000
-1.001758	0.816674	-0.825296	-0.000000	0.000000	0.000000	0.000000	0.000000	0.000000	0.000000
-1.001775	0.816674	-0.825296	-0.000000	0.000000	0.000000	0.000000	0.000000	0.000000	0.000000
-1.001788	0.816674	-0.825296	-0.000000	0.000000	0.000000	0.000000	0.000000	0.000000	0.000000
-1.001738	0.816674	-0.825295	-0.000000	0.000000	0.000000	0.000000	0.000000	0.000000	0.000000
-1.001816	0.816674	-0.825296	0.000000	0.000000	0.000000	0.000000	0.000000	0.000000	0.000000
-1.001745	0.816674	-0.825296	0.000000	0.000000	0.000000	0.000000	0.000000	0.000000	0.000000
-1.001752	0.816674	-0.825296	-0.000000	0.000000	0.000000	0.000000	0.000000	0.000000	0.000000
-1.001799	0.816674	-0.825296	-0.000000	0.000000	0.000000	0.000000	0.000000	0.000000	0.000000
-1.001788	0.816674	-0.825296	-0.000000	0.000000	0.000000	0.000000	0.000000	0.000000	0.000000
-1.001776	0.816674	-0.825296	-0.000000	0.000000	0.000000	0.000000	0.000000	0.000000	0.000000
-1.001791	0.816674	-0.825296	0.000000	0.000000	0.000000	0.000000	0.000000	0.000000	0.000000
-1.001779	0.816673	-0.825293	0.000000	0.000000	0.000000	0.000000	0.000000	0.000000	0.000000
-1.001777	0.816674	-0.825296	-0.000000	0.000000	0.000000	0.000000	0.000000	0.000000	0.000000
-1.001846	0.816674	-0.825296	0.000000	0.000000	0.000000	0.000000	0.000000	0.000000	0.000000
-1.001814	0.816674	-0.825296	0.000000	0.000000	0.000000	0.000000	0.000000	0.000000	0.000000
-1.001765	0.816670	-0.825277	0.000000	0.000000	0.000000	0.000000	0.000000	0.000000	0.000000
-1.001814	0.816674	-0.825296	-0.000000	0.000000	0.000000	0.000000	0.000000	0.000000	0.000000
-1.001740	0.816674	-0.825296	0.000000	0.000000	0.000000	0.000000	0.000000	0.000000	0.000000
-1.001801	0.816674	-0.825296	-0.000000	0.000000	0.000000	0.000000	0.000000	0.000000	0.000000
-1.001752	0.816674	-0.825296	0.000000	0.000000	0.000000	0.000000	0.000000	0.000000	0.000000
-1.001710	0.816674	-0.825296	-0.000000	0.000000	0.000000	0.000000	0.000000	0.000000	0.000000
-1.001778	0.816674	-0.825296	-0.000000	0.000000	0.000000	0.000000	0.000000	0.000000	0.000000
-1.001800	0.816674	-0.825296	0.000000	0.000000	0.000000	0.000000	0.000000	0.000000	0.000000
-1.001770	0.816674	-0.825296	-0.000000	0.000000	0.000000	0.000000	0.000000	0.000000	0.000000
-1.001757	0.816674	-0.825296	-0.000000	0.000000	0.000000	0.000000	0.000000	0.000000	0.000000
-1.001800	0.816674	-0.825296	-0.000000	0.000000	0.000000	0.000000	0.000000	0.000000	0.000000
-1.001796	0.816674	-0.825296	-0.000000	0.000000	0.000000	0.000000	0.000000	0.000000	0.000000
-1.001831	0.816674	-0.825295	0.000000	0.000000	0.000000	0.000000	0.000000	0.000000	0.000000
-1.001760	0.816674	-0.825296	0.000000	0.000000	0.000000	0.000000	0.000000	0.000000	0.000000
-1.001799	0.816674	-0.825296	0.000000	0.000000	0.000000	0.000000	0.000000	0.000000	0.000000
-1.001768	0.816674	-0.825296	-0.000000	0.000000	0.000000	0.000000	0.000000	0.000000	0.000000
-1.001817	0.816674	-0.825297	0.000000	0.000000	0.000000	0.000000	0.000000	0.000000	0.000000
-1.001809	0.816674	-0.825296	-0.000000	0.000000	0.000000	0.000000	0.000000	0.000000	0.000000
-1.001764	0.816674	-0.825296	0.000000	0.000000	0.000000	0.000000	0.000000	0.000000	0.000000
-1.001788	0.816674	-0.825296	-0.000000	0.000000	0.000000	0.000000	0.000000	0.000000	0.000000
-1.001731	0.816674	-0.825296	-0.000000	0.000000	0.000000	0.000000	0.000000	0.000000	0.000000
-1.001779	0.816674	-0.825296	-0.000000	0.000000	0.000000	0.000000	0.000000	0.000000	0.000000
-1.001784	0.816674	-0.825296	0.000000	0.000000	0.000000	0.000000	0.000000	0.000000	0.000000
-1.001749	0.816674	-0.825296	0.000000	0.000000	0.000000	0.000000	0.000000	0.000000	0.000000
-1.001769	0.816674	-0.825296	-0.000000	0.000000	0.000000	0.000000	0.000000	0.000000	0.000000
-1.001798	0.816674	-0.825296	0.000000	0.000000	0.000000	0.000000	0.000000	0.000000	0.000000
-1.001769	0.816674	-0.825296	0.000000	0.000000	0.000000	0.000000	0.000000	0.000000	0.000000
-1.001769	0.816674	-0.825296	0.000000	0.000000	0.000000	0.000000	0.000000	0.000000	0.000000
-1.001735	0.816674	-0.825296	0.000000	0.000000	0.000000	0.000000	0.000000	0.000000	0.000000
-1.001809	0.816674	-0.825296	-0.000000	0.000000	0.000000	0.000000	0.000000	0.000000	0.000000
-1.001766	0.816674	-0.825296	0.000000	0.000000	0.000000	0.000000	0.000000	0.000000	0.000000
-1.001847	0.816674	-0.825296	-0.000000	0.000000	0.000000	0.000000	0.000000	0.000000	0.000000
-1.001807	0.816674	-0.825296	0.000000	0.000000	0.000000	0.000000	0.000000	0.000000	0.000000
-1.001771	0.816674	-0.825296	0.000000	0.000000	0.000000	0.000000	0.000000	0.000000	0.000000
-1.001807	0.816674	-0.825296	0.000000	0.000000	0.000000	0.000000	0.000000	0.000000	0.000000
-1.001773	0.816674	-0.825296	0.000000	0.000000	0.000000	0.000000	0.000000	0.000000	0.000000
-1.001724	0.816674	-0.825296	-0.000000	0.000000	0.000000	0.000000	0.000000	0.000000	0.000000
-1.001783	0.816674	-0.825296	-0.000000	0.000000	0.000000	0.000000	0.000000	0.000000	0.000000
-1.001794	0.816674	-0.825296	-0.000000	0.000000	0.000000	0.000000	0.000000	0.000000	0.000000
-1.001751	0.816674	-0.825296	0.000000	0.000000	0.000000	0.000000	0.000000	0.000000	0.000000
-1.001769	0.816674	-0.825296	-0.000000	0.000000	0.000000	0.000000	0.000000	0.000000	0.000000
-1.001774	0.816674	-0.825296	0.000000	0.000000	0.000000	0.000000	0.000000	0.000000	0.000000
-1.001809	0.816674	-0.825296	-0.000000	0.000000	0.000000	0.000000	0.000000	0.000000	0.000000
-1.001812	0.816674	-0.825296	-0.000000	0.000000	0.000000	0.000000	0.000000	0.000000	0.000000
-1.001777	0.816674	-0.825296	0.000000	0.000000	0.000000	0.000000	0.000000	0.000000	0.000000
-1.001791	0.816674	-0.825296	0.000000	0.000000	0.000000	0.000000	0.000000	0.000000	0.000000
-1.001787	0.816674	-0.825296	0.000000	0.000000	0.000000	0.000000	0.000000	0.000000	0.000000
-1.001760	0.816674	-0.825296	-0.000000	0.000000	0.000000	0.000000	0.000000	0.000000	0.000000
-1.001709	0.816674	-0.825296	0.000000	0.000000	0.000000	0.000000	0.000000	0.000000	0.000000
-1.001793	0.816674	-0.825296	-0.000000	0.000000	0.000000	0.000000	0.000000	0.000000	0.000000
-1.001780	0.816674	-0.825296	0.000000	0.000000	0.000000	0.000000	0.000000	0.000000	0.000000
-1.001796	0.816674	-0.825296	-0.000000	0.000000	0.000000	0.000000	0.000000	0.000000	0.000000
-1.001740	0.816674	-0.825296	0.000000	0.000000	0.000000	0.000000	0.000000	0.000000	0.000000
-1.001760	0.816674	-0.825296	0.000000	0.000000	0.000000	0.000000	0.000000	0.000000	0.000000
-1.001807	0.816674	-0.825296	0.000000	0.000000	0.000000	0.000000	0.000000	0.000000	0.000000
-1.001781	0.816674	-0.825296	0.000000	0.000000	0.000000	0.000000	0.000000	0.000000	0.000000
-1.001799	0.816674	-0.825296	0.000000	0.000000	0.000000	0.000000	0.000000	0.000000	0.000000
-1.001774	0.816674	-0.825296	-0.000000	0.000000	0.000000	0.000000	0.000000	0.000000	0.000000
-1.001822	0.816674	-0.825296	0.000000	0.000000	0.000000	0.000000	0.000000	0.000000	0.000000
-1.001787	0.816674	-0.825296	-0.000000	0.000000	0.000000	0.000000	0.000000	0.000000	0.000000
-1.001787	0.816674	-0.825296	0.000000	0.000000	0.000000	0.000000	0.000000	0.000000	0.000000
-1.001811	0.816674	-0.825296	-0.000000	0.000000	0.000000	0.000000	0.000000	0.000000	0.000000
-1.001734	0.816625	-0.825296	0.000000	0.000000	0.000000	0.000000	0.000000	0.000000	0.000000
-1.001802	0.816674	-0.825296	-0.000000	0.000000	0.000000	0.000000	0.000000	0.000000	0.000000
-1.001828	0.816674	-0.825296	0.000000	0.000000	0.000000	0.000000	0.000000	0.000000	0.000000
-1.001757	0.816674	-0.825296	0.000000	0.000000	0.000000	0.000000	0.000000	0.000000	0.000000
-1.001745	0.816674	-0.825296	-0.000000	0.000000	0.000000	0.000000	0.000000	0.000000	0.000000
-1.001750	0.816674	-0.825233	-0.000000	0.000000	0.000000	0.000000	0.000000	0.000000	0.000000
-1.001829	0.816674	-0.825296	-0.000000	0.000000	0.000000	0.000000	0.000000	0.000000	0.000000
-1.001796	0.816674	-0.825296	-0.000000	0.000000	0.000000	0.000000	0.000000	0.000000	0.000000
-1.001794	0.816674	-0.825296	-0.000000	0.000000	0.000000	0.000000	0.000000	0.000000	0.000000
-1.001744	0.816674	-0.825296	0.000000	0.000000	0.000000	0.000000	0.000000	0.000000	0.000000
-1.001729	0.816674	-0.825296	-0.000000	0.000000	0.000000	0.000000	0.000000	0.000000	0.000000
-1.001762	0.816673	-0.825296	0.000000	0.000000	0.000000	0.000000	0.000000	0.000000	0.000000
-1.001797	0.816674	-0.825296	-0.000000	0.000000	0.000000	0.000000	0.000000	0.000000	0.000000
-1.001779	0.816674	-0.825296	-0.000000	0.000000	0.000000	0.000000	0.000000	0.000000	0.000000
-1.001816	0.816670	-0.825296	-0.000000	0.000000	0.000000	0.000000	0.000000	0.000000	0.000000
-1.001795	0.816674	-0.825296	0.000000	0.000000	0.000000	0.000000	0.000000	0.000000	0.000000
-1.001765	0.816674	-0.825296	0.000000	0.000000	0.000000	0.000000	0.000000	0.000000	0.000000
-1.001793	0.816674	-0.825282	-0.000000	0.000000	0.000000	0.000000	0.000000	0.000000	0.000000
-1.001756	0.816674	-0.825296	-0.000000	0.000000	0.000000	0.000000	0.000000	0.000000	0.000000
-1.001736	0.816674	-0.825296	-0.000000	0.000000	0.000000	0.000000	0.000000	0.000000	0.000000
-1.001838	0.816674	-0.825296	0.000000	0.000000	0.000000	0.000000	0.000000	0.000000	0.000000
-1.001751	0.816674	-0.825296	0.000000	0.000000	0.000000	0.000000	0.000000	0.000000	0.000000
-1.001727	0.816674	-0.825296	0.000000	0.000000	0.000000	0.000000	0.000000	0.000000	0.000000
-1.001758	0.816674	-0.825296	0.000000	0.000000	0.000000	0.000000	0.000000	0.000000	0.000000
-1.001747	0.816674	-0.825296	-0.000000	0.000000	0.000000	0.000000	0.000000	0.000000	0.000000
-1.001810	0.816674	-0.825296	0.000000	0.000000	0.000000	0.000000	0.000000	0.000000	0.000000
-1.001808	0.816674	-0.825296	-0.000000	0.000000	0.000000	0.000000	0.000000	0.000000	0.000000
-1.001765	0.816674	-0.825296	-0.000000	0.000000	0.000000	0.000000	0.000000	0.000000	0.000000
-1.001793	0.816673	-0.825296	0.000000	0.000000	0.000000	0.000000	0.000000	0.000000	0.000000
-1.001765	0.816660	-0.825296	0.000000	0.000000	0.000000	0.000000	0.000000	0.000000	0.000000
-1.001775	0.816674	-0.825296	-0.000000	0.000000	0.000000	0.000000	0.000000	0.000000	0.000000
-1.001799	0.816674	-0.825296	-0.000000	0.000000	0.000000	0.000000	0.000000	0.000000	0.000000
-1.001736	0.816674	-0.825296	-0.000000	0.000000	0.000000	0.000000	0.000000	0.000000	0.000000
-1.001772	0.816674	-0.825296	-0.000000	0.000000	0.000000	0.000000	0.000000	0.000000	0.000000
-1.001808	0.816674	-0.825296	-0.000000	0.000000	0.000000	0.000000	0.000000	0.000000	0.000000
-1.001780	0.816674	-0.825296	-0.000000	0.000000	0.000000	0.000000	0.000000	0.000000	0.000000
-1.001811	0.816674	-0.825296	0.000000	0.000000	0.000000	0.000000	0.000000	0.000000	0.000000
-1.001770	0.816674	-0.825248	0.000000	0.000000	0.000000	0.000000	0.000000	0.000000	0.000000
-1.001755	0.816674	-0.825296	0.000000	0.000000	0.000000	0.000000	0.000000	0.000000	0.000000
-1.001745	0.816667	-0.825296	-0.000000	0.000000	0.000000	0.000000	0.000000	0.000000	0.000000
-1.001810	0.816674	-0.825296	0.000000	0.000000	0.000000	0.000000	0.000000	0.000000	0.000000
-1.001742	0.816674	-0.825296	-0.000000	0.000000	0.000000	0.000000	0.000000	0.000000	0.000000
-1.001779	0.816674	-0.825296	0.000000	0.000000	0.000000	0.000000	0.000000	0.000000	0.000000
-1.001812	0.816674	-0.825296	-0.000000	0.000000	0.000000	0.000000	0.000000	0.000000	0.000000
-1.001766	0.816674	-0.825296	-0.000000	0.000000	0.000000	0.000000	0.000000	0.000000	0.000000
-1.001762	0.816674	-0.825296	-0.000000	0.000000	0.000000	0.000000	0.000000	0.000000	0.000000
-1.001781	0.816674	-0.825296	0.000000	0.000000	0.000000	0.000000	0.000000	0.000000	0.000000
-1.001770	0.816674	-0.825296	-0.000000	0.000000	0.000000	0.000000	0.000000	0.000000	0.000000
-1.001769	0.816674	-0.825296	-0.000000	0.000000	0.000000	0.000000	0.000000	0.000000	0.000000
-1.001761	0.816674	-0.825296	-0.000000	0.000000	0.000000	0.000000	0.000000	0.000000	0.000000
-1.001721	0.816674	-0.825296	-0.000000	0.000000	0.000000	0.000000	0.000000	0.000000	0.000000
-1.001857	0.816674	-0.825296	0.000000	0.000000	0.000000	0.000000	0.000000	0.000000	0.000000
-1.001760	0.816674	-0.825296	0.000000	0.000000	0.000000	0.000000	0.000000	0.000000	0.000000
-1.001810	0.816674	-0.825296	0.000000	0.000000	0.000000	0.000000	0.000000	0.000000	0.000000
-1.001772	0.816674	-0.825296	-0.000000	0.000000	0.000000	0.000000	0.000000	0.000000	0.000000
-1.001814	0.816674	-0.825296	-0.000000	0.000000	0.000000	0.000000	0.000000	0.000000	0.000000
-1.001741	0.816674	-0.825296	-0.000000	0.000000	0.000000	0.000000	0.000000	0.000000	0.000000
-1.001721	0.816674	-0.825296	0.000000	0.000000	0.000000	0.000000	0.000000	0.000000	0.000000
-1.001781	0.816674	-0.825296	0.000000	0.000000	0.000000	0.000000	0.000000	0.000000	0.000000
-1.001768	0.816674	-0.825212	0.000000	0.000000	0.000000	0.000000	0.000000	0.000000	0.000000
-1.001789	0.816674	-0.825296	-0.000000	0.000000	0.000000	0.000000	0.000000	0.000000	0.000000
-1.001790	0.816674	-0.825296	0.000000	0.000000	0.000000	0.000000	0.000000	0.000000	0.000000
-1.001791	0.816674	-0.825296	0.000000	0.000000	0.000000	0.000000	0.000000	0.000000	0.000000
-1.001781	0.816674	-0.825296	-0.000000	0.000000	0.000000	0.000000	0.000000	0.000000	0.000000
-1.001786	0.816674	-0.825296	-0.000000	0.000000	0.000000	0.000000	0.000000	0.000000	0.000000
-1.001805	0.816674	-0.825296	0.000000	0.000000	0.000000	0.000000	0.000000	0.000000	0.000000
-1.001794	0.816674	-0.825296	0.000000	0.000000	0.000000	0.000000	0.000000	0.000000	0.000000
-1.001771	0.816674	-0.825296	0.000000	0.000000	0.000000	0.000000	0.000000	0.000000	0.000000
-1.001791	0.816674	-0.825296	-0.000000	0.000000	0.000000	0.000000	0.000000	0.000000	0.000000
-1.001794	0.816674	-0.825296	-0.000000	0.000000	0.000000	0.000000	0.000000	0.000000	0.000000
-1.001828	0.816674	-0.825296	-0.000000	0.000000	0.000000	0.000000	0.000000	0.000000	0.000000
-1.001802	0.816674	-0.825296	0.000000	0.000000	0.000000	0.000000	0.000000	0.000000	0.000000
-1.001773	0.816674	-0.825296	-0.000000	0.000000	0.000000	0.000000	0.000000	0.000000	0.000000
-1.001781	0.816674	-0.825296	0.000000	0.000000	0.000000	0.000000	0.000000	0.000000	0.000000
-1.001744	0.816674	-0.825296	0.000000	0.000000	0.000000	0.000000	0.000000	0.000000	0.000000
-1.001737	0.816674	-0.825296	-0.000000	0.000000	0.000000	0.000000	0.000000	0.000000	0.000000
-1.001797	0.816674	-0.825296	0.000000	0.000000	0.000000	0.000000	0.000000	0.000000	0.000000
-1.001749	0.816674	-0.825296	0.000000	0.000000	0.000000	0.000000	0.000000	0.000000	0.000000
-1.001745	0.816674	-0.825296	0.000000	0.000000	0.000000	0.000000	0.000000	0.000000	0.000000
-1.001808	0.816674	-0.825296	-0.000000	0.000000	0.000000	0.000000	0.000000	0.000000	0.000000
-1.001791	0.816674	-0.825296	0.000000	0.000000	0.000000	0.000000	0.000000	0.000000	0.000000
-1.001761	0.816674	-0.825296	-0.000000	0.000000	0.000000	0.000000	0.000000	0.000000	0.000000
-1.001792	0.816674	-0.825296	-0.000000	0.000000	0.000000	0.000000	0.000000	0.000000	0.000000
-1.001804	0.816674	-0.825296	-0.000000	0.000000	0.000000	0.000000	0.000000	0.000000	0.000000
-1.001752	0.816674	-0.825296	0.000000	0.000000	0.000000	0.000000	0.000000	0.000000	0.000000
-1.001737	0.816674	-0.825296	0.000000	0.000000	0.000000	0.000000	0.000000	0.000000	0.000000
-1.001758	0.816674	-0.825296	0.000000	0.000000	0.000000	0.000000	0.000000	0.000000	0.000000
-1.001799	0.816674	-0.825296	0.000000	0.000000	0.000000	0.000000	0.000000	0.000000	0.000000
-1.001777	0.816674	-0.825296	0.000000	0.000000	0.000000	0.000000	0.000000	0.000000	0.000000
-1.001770	0.816674	-0.825296	-0.000000	0.000000	0.000000	0.000000	0.000000	0.000000	0.000000
-1.001756	0.816674	-0.825296	-0.000000	0.000000	0.000000	0.000000	0.000000	0.000000	0.000000
-1.001790	0.816674	-0.825296	-0.000000	0.000000	0.000000	0.000000	0.000000	0.000000	0.000000
-1.001807	0.816674	-0.825296	-0.000000	0.000000	0.000000	0.000000	0.000000	0.000000	0.000000
-1.001809	0.816674	-0.825296	0.000000	0.000000	0.000000	0.000000	0.000000	0.000000	0.000000
-1.001776	0.816674	-0.825296	-0.000000	0.000000	0.000000	0.000000	0.000000	0.000000	0.000000
-1.001751	0.816674	-0.825296	0.000000	0.000000	0.000000	0.000000	0.000000	0.000000	0.000000
-1.001751	0.816674	-0.825296	0.000000	0.000000	0.000000	0.000000	0.000000	0.000000	0.000000
-1.001745	0.816674	-0.825296	-0.000000	0.000000	0.000000	0.000000	0.000000	0.000000	0.000000
-1.001771	0.816674	-0.825296	0.000000	0.000000	0.000000	0.000000	0.000000	0.000000	0.000000
-1.001777	0.816674	-0.825296	0.000000	0.000000	0.000000	0.000000	0.000000	0.000000	0.000000
-1.001786	0.816674	-0.825296	0.000000	0.000000	0.000000	0.000000	0.000000	0.000000	0.000000
-1.001747	0.816674	-0.825296	0.000000	0.000000	0.000000	0.000000	0.000000	0.000000	0.000000
-1.001837	0.816674	-0.825296	-0.000000	0.000000	0.000000	0.000000	0.000000	0.000000	0.000000
-1.001767	0.816674	-0.825296	0.000000	0.000000	0.000000	0.000000	0.000000	0.000000	0.000000
-1.001776	0.816674	-0.825296	-0.000000	0.000000	0.000000	0.000000	0.000000	0.000000	0.000000
-1.001765	0.816674	-0.825296	0.000000	0.000000	0.000000	0.000000	0.000000	0.000000	0.000000
-1.001798	0.816674	-0.825296	-0.000000	0.000000	0.000000	0.000000	0.000000	0.000000	0.000000
-1.001758	0.816674	-0.825296	-0.000000	0.000000	0.000000	0.000000	0.000000	0.000000	0.000000
-1.001772	0.816674	-0.825296	-0.000000	0.000000	0.000000	0.000000	0.000000	0.000000	0.000000
-1.001771	0.816674	-0.825296	0.000000	0.000000	0.000000	0.000000	0.000000	0.000000	0.000000
-1.001783	0.816674	-0.825296	-0.000000	0.000000	0.000000	0.000000	0.000000	0.000000	0.000000
-1.001725	0.816674	-0.825296	-0.000000	0.000000	0.000000	0.000000	0.000000	0.000000	0.000000
-1.001782	0.816674	-0.825296	0.000000	0.000000	0.000000	0.000000	0.000000	0.000000	0.000000
-1.001749	0.816670	-0.825296	-0.000000	0.000000	0.000000	0.000000	0.000000	0.000000	0.000000
-1.001820	0.816674	-0.825296	0.000000	0.000000	0.000000	0.000000	0.000000	0.000000	0.000000
-1.001780	0.816674	-0.825295	0.000000	0.000000	0.000000	0.000000	0.000000	0.000000	0.000000
-1.001839	0.816674	-0.825296	-0.000000	0.000000	0.000000	0.000000	0.000000	0.000000	0.000000
-1.001785	0.816674	-0.825246	0.000000	0.000000	0.000000	0.000000	0.000000	0.000000	0.000000
-1.001797	0.816674	-0.825296	0.000000	0.000000	0.000000	0.000000	0.000000	0.000000	0.000000
-1.001781	0.816674	-0.825296	-0.000000	0.000000	0.000000	0.000000	0.000000	0.000000	0.000000
-1.001775	0.816674	-0.825296	-0.000000	0.000000	0.000000	0.000000	0.000000	0.000000	0.000000
-1.001775	0.816674	-0.825296	0.000000	0.000000	0.000000	0.000000	0.000000	0.000000	0.000000
-1.001770	0.816674	-0.825296	0.000000	0.000000	0.000000	0.000000	0.000000	0.000000	0.000000
-1.001786	0.816673	-0.825296	-0.000000	0.000000	0.000000	0.000000	0.000000	0.000000	0.000000
-1.001784	0.816674	-0.825296	-0.000000	0.000000	0.000000	0.000000	0.000000	0.000000	0.000000
-1.001765	0.816674	-0.825296	0.000000	0.000000	0.000000	0.000000	0.000000	0.000000	0.000000
-1.001783	0.816674	-0.825296	0.000000	0.000000	0.000000	0.000000	0.000000	0.000000	0.000000
-1.001785	0.816674	-0.825296	0.000000	0.000000	0.000000	0.000000	0.000000	0.000000	0.000000
-1.001811	0.816674	-0.825296	-0.000000	0.000000	0.000000	0.000000	0.000000	0.000000	0.000000
-1.001795	0.816674	-0.825296	0.000000	0.000000	0.000000	0.000000	0.000000	0.000000	0.000000
-1.001754	0.816674	-0.825296	-0.000000	0.000000	0.000000	0.000000	0.000000	0.000000	0.000000
-1.001731	0.816674	-0.825296	-0.000000	0.000000	0.000000	0.000000	0.000000	0.000000	0.000000
-1.001829	0.816674	-0.825296	0.000000	0.000000	0.000000	0.000000	0.000000	0.000000	0.000000
-1.001788	0.816674	-0.825296	-0.000000	0.000000	0.000000	0.000000	0.000000	0.000000	0.000000
-1.001765	0.816674	-0.825296	-0.000000	0.000000	0.000000	0.000000	0.000000	0.000000	0.000000
-1.001824	0.816674	-0.824984	0.000000	0.000000	0.000000	0.000000	0.000000	0.000000	0.000000
-1.001727	0.816674	-0.825296	0.000000	0.000000	0.000000	0.000000	0.000000	0.000000	0.000000
-1.001811	0.816674	-0.825296	-0.000000	0.000000	0.000000	0.000000	0.000000	0.000000	0.000000
-1.001786	0.816674	-0.825296	0.000000	0.000000	0.000000	0.000000	0.000000	0.000000	0.000000
-1.001808	0.816674	-0.825296	-0.000000	0.000000	0.000000	0.000000	0.000000	0.000000	0.000000
-1.001839	0.816674	-0.825296	-0.000000	0.000000	0.000000	0.000000	0.000000	0.000000	0.000000
-1.001803	0.816674	-0.825296	-0.000000	0.000000	0.000000	0.000000	0.000000	0.000000	0.000000
-1.001750	0.816674	-0.825296	0.000000	0.000000	0.000000	0.000000	0.000000	0.000000	0.000000
-1.001777	0.816674	-0.825296	-0.000000	0.000000	0.000000	0.000000	0.000000	0.000000	0.000000
-1.001794	0.816674	-0.825296	0.000000	0.000000	0.000000	0.000000	0.000000	0.000000	0.000000
-1.001801	0.816674	-0.825296	0.000000	0.000000	0.000000	0.000000	0.000000	0.000000	0.000000
-1.001794	0.816674	-0.825296	0.000000	0.000000	0.000000	0.000000	0.000000	0.000000	0.000000
-1.001789	0.816674	-0.825296	0.000000	0.000000	0.000000	0.000000	0.000000	0.000000	0.000000
-1.001820	0.816674	-0.825296	-0.000000	0.000000	0.000000	0.000000	0.000000	0.000000	0.000000
-1.001745	0.816674	-0.825296	-0.000000	0.000000	0.000000	0.000000	0.000000	0.000000	0.000000
-1.001728	0.816674	-0.825287	-0.000000	0.000000	0.000000	0.000000	0.000000	0.000000	0.000000
-1.001764	0.816674	-0.825296	0.000000	0.000000	0.000000	0.000000	0.000000	0.000000	0.000000
-1.001767	0.816674	-0.825296	0.000000	0.000000	0.000000	0.000000	0.000000	0.000000	0.000000
-1.001753	0.816674	-0.825296	0.000000	0.000000	0.000000	0.000000	0.000000	0.000000	0.000000
-1.001736	0.816674	-0.825296	-0.000000	0.000000	0.000000	0.000000	0.000000	0.000000	0.000000
-1.001769	0.816674	-0.821911	-0.000000	0.000000	0.000000	0.000000	0.000000	0.000000	0.000000
-1.001778	0.816674	-0.825296	0.000000	0.000000	0.000000	0.000000	0.000000	0.000000	0.000000
-1.001801	0.816674	-0.825296	0.000000	0.000000	0.000000	0.000000	0.000000	0.000000	0.000000
-1.001756	0.760404	0.000002	-0.000000	0.000000	0.000000	0.000000	0.000000	0.000000	0.000000
-1.001734	0.816674	0.827110	0.000000	0.000000	0.000000	0.000000	0.000000	0.000000	0.000000
-1.001809	0.816674	0.827110	-0.000000	0.000000	0.000000	0.000000	0.000000	0.000000	0.000000
-1.001744	0.816674	0.827110	0.000000	0.000000	0.000000	0.000000	0.000000	0.000000	0.000000
-1.001828	0.816674	0.827110	-0.000000	0.000000	0.000000	0.000000	0.000000	0.000000	0.000000
-1.001763	0.816674	0.827110	0.000000	0.000000	0.000000	0.000000	0.000000	0.000000	0.000000
-1.001793	0.816674	0.827110	0.000000	0.000000	0.000000	0.000000	0.000000	0.000000	0.000000
-1.001769	0.816674	0.827110	0.000000	0.000000	0.000000	0.000000	0.000000	0.000000	0.000000
-1.001822	0.816674	0.827110	-0.000000	0.000000	0.000000	0.000000	0.000000	0.000000	0.000000
-1.001754	0.816674	0.827110	-0.000000	0.000000	0.000000	0.000000	0.000000	0.000000	0.000000
-1.001782	0.816674	0.827103	-0.000000	0.000000	0.000000	0.000000	0.000000	0.000000	0.000000
-1.001774	0.816674	0.827110	-0.000000	0.000000	0.000000	0.000000	0.000000	0.000000	0.000000
-1.001773	0.816674	0.827110	-0.000000	0.000000	0.000000	0.000000	0.000000	0.000000	0.000000
-1.001761	0.816674	0.827110	0.000000	0.000000	0.000000	0.000000	0.000000	0.000000	0.000000
-1.001806	0.816674	0.827110	0.000000	0.000000	0.000000	0.000000	0.000000	0.000000	0.000000
-1.001766	0.816674	0.827110	-0.000000	0.000000	0.000000	0.000000	0.000000	0.000000	0.000000
-1.001789	0.816674	0.827110	0.000000	0.000000	0.000000	0.000000	0.000000	0.000000	0.000000
-1.001797	0.816674	0.827110	0.000000	0.000000	0.000000	0.000000	0.000000	0.000000	0.000000
-1.001847	0.816674	0.826894	0.000000	0.000000	0.000000	0.000000	0.000000	0.000000	0.000000
-1.001805	0.816674	0.827110	0.000000	0.000000	0.000000	0.000000	0.000000	0.000000	0.000000
-1.001760	0.816674	0.827110	0.000000	0.000000	0.000000	0.000000	0.000000	0.000000	0.000000
-1.001833	0.816674	0.827089	0.000000	0.000000	0.000000	0.000000	0.000000	0.000000	0.000000
-1.001805	0.816674	0.827110	-0.000000	0.000000	0.000000	0.000000	0.000000	0.000000	0.000000
-1.001742	0.816674	0.827110	0.000000	0.000000	0.000000	0.000000	0.000000	0.000000	0.000000
-1.001774	0.816674	0.827110	-0.000000	0.000000	0.000000	0.000000	0.000000	0.000000	0.000000
-1.001749	0.816674	0.827110	-0.000000	0.000000	0.000000	0.000000	0.000000	0.000000	0.000000
-1.001803	0.816674	0.827110	0.000000	0.000000	0.000000	0.000000	0.000000	0.000000	0.000000
-1.001810	0.816674	0.827110	0.000000	0.000000	0.000000	0.000000	0.000000	0.000000	0.000000
-1.001741	0.816674	0.827110	0.000000	0.000000	0.000000	0.000000	0.000000	0.000000	0.000000
-1.001755	0.816674	0.827110	0.000000	0.000000	0.000000	0.000000	0.000000	0.000000	0.000000
-1.001764	0.816674	0.827110	0.000000	0.000000	0.000000	0.000000	0.000000	0.000000	0.000000
-1.001780	0.816674	0.827110	0.000000	0.000000	0.000000	0.000000	0.000000	0.000000	0.000000
-1.001787	0.816674	0.827110	0.000000	0.000000	0.000000	0.000000	0.000000	0.000000	0.000000
-1.001816	0.816674	0.827110	0.000000	0.000000	0.000000	0.000000	0.000000	0.000000	0.000000
-1.001757	0.816674	0.827110	-0.000000	0.000000	0.000000	0.000000	0.000000	0.000000	0.000000
-1.001829	0.816674	0.827110	0.000000	0.000000	0.000000	0.000000	0.000000	0.000000	0.000000
-1.001764	0.816674	0.827110	0.000000	0.000000	0.000000	0.000000	0.000000	0.000000	0.000000
-1.001782	0.816674	0.827110	-0.000000	0.000000	0.000000	0.000000	0.000000	0.000000	0.000000
-1.001737	0.816674	0.827110	0.000000	0.000000	0.000000	0.000000	0.000000	0.000000	0.000000
-1.001794	0.816674	0.827110	0.000000	0.000000	0.000000	0.000000	0.000000	0.000000	0.000000
-1.001804	0.816673	0.827110	0.000000	0.000000	0.000000	0.000000	0.000000	0.000000	0.000000
-1.001779	0.816674	0.827110	0.000000	0.000000	0.000000	0.000000	0.000000	0.000000	0.000000
-1.001800	0.816672	0.827110	0.000000	0.000000	0.000000	0.000000	0.000000	0.000000	0.000000
-1.001766	0.816674	0.827110	-0.000000	0.000000	0.000000	0.000000	0.000000	0.000000	0.000000
-1.001717	0.816674	0.827110	-0.000000	0.000000	0.000000	0.000000	0.000000	0.000000	0.000000
-1.001801	0.816674	0.827110	0.000000	0.000000	0.000000	0.000000	0.000000	0.000000	0.000000
-1.001771	0.816674	0.827110	-0.000000	0.000000	0.000000	0.000000	0.000000	0.000000	0.000000
-1.001742	0.816674	0.827110	-0.000000	0.000000	0.000000	0.000000	0.000000	0.000000	0.000000
-1.001721	0.816674	0.827099	-0.000000	0.000000	0.000000	0.000000	0.000000	0.000000	0.000000
-1.001815	0.816674	0.827110	-0.000000	0.000000	0.000000	0.000000	0.000000	0.000000	0.000000
-1.001771	0.816674	0.827110	-0.000000	0.000000	0.000000	0.000000	0.000000	0.000000	0.000000
-1.001751	0.816674	0.827110	-0.000000	0.000000	0.000000	0.000000	0.000000	0.000000	0.000000
-1.001829	0.816674	0.827110	-0.000000	0.000000	0.000000	0.000000	0.000000	0.000000	0.000000
-1.001783	0.816674	0.827110	0.000000	0.000000	0.000000	0.000000	0.000000	0.000000	0.000000
-1.001776	0.816674	0.827110	-0.000000	0.000000	0.000000	0.000000	0.000000	0.000000	0.000000
-1.001770	0.816674	0.827110	0.000000	0.000000	0.000000	0.000000	0.000000	0.000000	0.000000
-1.001794	0.816674	0.827110	0.000000	0.000000	0.000000	0.000000	0.000000	0.000000	0.000000
-1.001759	0.816674	0.827110	-0.000000	0.000000	0.000000	0.000000	0.000000	0.000000	0.000000
-1.001812	0.816674	0.827110	0.000000	0.000000	0.000000	0.000000	0.000000	0.000000	0.000000
-1.001763	0.816674	0.827110	-0.000000	0.000000	0.000000	0.000000	0.000000	0.000000	0.000000
-1.001802	0.816674	0.827110	0.000000	0.000000	0.000000	0.000000	0.000000	0.000000	0.000000
-1.001800	0.816674	0.827110	0.000000	0.000000	0.000000	0.000000	0.000000	0.000000	0.000000
-1.001820	0.816674	0.827110	0.000000	0.000000	0.000000	0.000000	0.000000	0.000000	0.000000
-1.001750	0.816674	0.827110	-0.000000	0.000000	0.000000	0.000000	0.000000	0.000000	0.000000
-1.001761	0.816674	0.827110	-0.000000	0.000000	0.000000	0.000000	0.000000	0.000000	0.000000
-1.001738	0.816674	0.827110	-0.000000	0.000000	0.000000	0.000000	0.000000	0.000000	0.000000
-1.001788	0.816674	0.827110	-0.000000	0.000000	0.000000	0.000000	0.000000	0.000000	0.000000
-1.001768	0.816674	0.827110	0.000000	0.000000	0.000000	0.000000	0.000000	0.000000	0.000000
-1.001817	0.816674	0.827110	0.000000	0.000000	0.000000	0.000000	0.000000	0.000000	0.000000
-1.001833	0.816674	0.827110	0.000000	0.000000	0.000000	0.000000	0.000000	0.000000	0.000000
-1.001725	0.816674	0.827110	0.000000	0.000000	0.000000	0.000000	0.000000	0.000000	0.000000
-1.001788	0.816674	0.827110	-0.000000	0.000000	0.000000	0.000000	0.000000	0.000000	0.000000
-1.001778	0.816674	0.827110	-0.000000	0.000000	0.000000	0.000000	0.000000	0.000000	0.000000
-1.001756	0.816674	0.827110	0.000000	0.000000	0.000000	0.000000	0.000000	0.000000	0.000000
-1.001760	0.816674	0.827110	-0.000000	0.000000	0.000000	0.000000	0.000000	0.000000	0.000000
-1.001829	0.816674	0.827110	0.000000	0.000000	0.000000	0.000000	0.000000	0.000000	0.000000
-1.001773	0.816674	0.827110	-0.000000	0.000000	0.000000	0.000000	0.000000	0.000000	0.000000
-1.001747	0.816674	0.827110	-0.000000	0.000000	0.000000	0.000000	0.000000	0.000000	0.000000
-1.001732	0.816674	0.827110	-0.000000	0.000000	0.000000	0.000000	0.000000	0.000000	0.000000
-1.001827	0.816674	0.827110	-0.000000	0.000000	0.000000	0.000000	0.000000	0.000000	0.000000
-1.001771	0.816674	0.827110	0.000000	0.000000	0.000000	0.000000	0.000000	0.000000	0.000000
-1.001787	0.816674	0.827110	-0.000000	0.000000	0.000000	0.000000	0.000000	0.000000	0.000000
-1.001743	0.816674	0.827110	0.000000	0.000000	0.000000	0.000000	0.000000	0.000000	0.000000
-1.001803	0.816674	0.827110	0.000000	0.000000	0.000000	0.000000	0.000000	0.000000	0.000000
-1.001791	0.816674	0.827110	-0.000000	0.000000	0.000000	0.000000	0.000000	0.000000	0.000000
-1.001753	0.816674	0.827110	-0.000000	0.000000	0.000000	0.000000	0.000000	0.000000	0.000000
-1.001783	0.816674	0.827110	-0.000000	0.000000	0.000000	0.000000	0.000000	0.000000	0.000000
-1.001789	0.816674	0.827110	0.000000	0.000000	0.000000	0.000000	0.000000	0.000000	0.000000
-1.001772	0.816674	0.827110	-0.000000	0.000000	0.000000	0.000000	0.000000	0.000000	0.000000
-1.001759	0.816674	0.827110	0.000000	0.000000	0.000000	0.000000	0.000000	0.000000	0.000000
-1.001813	0.816670	0.827110	0.000000	0.000000	0.000000	0.000000	0.000000	0.000000	0.000000
-1.001774	0.816674	0.827110	-0.000000	0.000000	0.000000	0.000000	0.000000	0.000000	0.000000
-1.001757	0.816674	0.827110	-0.000000	0.000000	0.000000	0.000000	0.000000	0.000000	0.000000
-1.001777	0.816674	0.827110	0.000000	0.000000	0.000000	0.000000	0.000000	0.000000	0.000000
-1.001817	0.816674	0.827110	0.000000	0.000000	0.000000	0.000000	0.000000	0.000000	0.000000
-1.001828	0.815459	0.827108	-0.000000	0.000000	0.000000	0.000000	0.000000	0.000000	0.000000
-1.001810	0.816674	0.827110	-0.000000	0.000000	0.000000	0.000000	0.000000	0.000000	0.000000
-1.001787	0.816674	0.827110	0.000000	0.000000	0.000000	0.000000	0.000000	0.000000	0.000000
-1.001721	0.816674	0.827110	-0.000000	0.000000	0.000000	0.000000	0.000000	0.000000	0.000000
-1.001809	0.816674	0.827110	-0.000000	0.000000	0.000000	0.000000	0.000000	0.000000	0.000000
-1.001751	0.816674	0.827106	-0.000000	0.000000	0.000000	0.000000	0.000000	0.000000	0.000000
-1.001786	0.816674	0.796787	-0.000000	0.000000	0.000000	0.000000	0.000000	0.000000	0.000000
-1.001733	0.816674	0.827110	-0.000000	0.000000	0.000000	0.000000	0.000000	0.000000	0.000000
-1.001809	0.816674	0.827110	-0.000000	0.000000	0.000000	0.000000	0.000000	0.000000	0.000000
-1.001772	0.816674	0.827110	-0.000000	0.000000	0.000000	0.000000	0.000000	0.000000	0.000000
-1.001768	0.816674	0.827103	0.000000	0.000000	0.000000	0.000000	0.000000	0.000000	0.000000
-1.001749	0.816674	0.827110	-0.000000	0.000000	0.000000	0.000000	0.000000	0.000000	0.000000
-1.001745	0.816674	0.827110	-0.000000	0.000000	0.000000	0.000000	0.000000	0.000000	0.000000
-1.001767	0.816674	0.827110	-0.000000	0.000000	0.000000	0.000000	0.000000	0.000000	0.000000
-1.001759	0.816674	0.827110	0.000000	0.000000	0.000000	0.000000	0.000000	0.000000	0.000000
-1.001707	0.816674	0.827110	0.000000	0.000000	0.000000	0.000000	0.000000	0.000000	0.000000
-1.001732	0.816674	0.827110	-0.000000	0.000000	0.000000	0.000000	0.000000	0.000000	0.000000
-1.001743	0.816674	0.827110	0.000000	0.000000	0.000000	0.000000	0.000000	0.000000	0.000000
-1.001774	0.816674	0.827110	0.000000	0.000000	0.000000	0.000000	0.000000	0.000000	0.000000
-1.001803	0.816674	0.827110	0.000000	0.000000	0.000000	0.000000	0.000000	0.000000	0.000000
-1.001823	0.816674	0.827110	0.000000	0.000000	0.000000	0.000000	0.000000	0.000000	0.000000
-1.001794	0.816674	0.827110	0.000000	0.000000	0.000000	0.000000	0.000000	0.000000	0.000000
-1.001760	0.816674	0.827110	0.000000	0.000000	0.000000	0.000000	0.000000	0.000000	0.000000
-1.001759	0.816674	0.827110	0.000000	0.000000	0.000000	0.000000	0.000000	0.000000	0.000000
-1.001791	0.816674	0.827110	0.000000	0.000000	0.000000	0.000000	0.000000	0.000000	0.000000
-1.001749	0.816674	0.827110	-0.000000	0.000000	0.000000	0.000000	0.000000	0.000000	0.000000
-1.001834	0.816674	0.827110	0.000000	0.000000	0.000000	0.000000	0.000000	0.000000	0.000000
-1.001758	0.816674	0.827110	-0.000000	0.000000	0.000000	0.000000	0.000000	0.000000	0.000000
-1.001780	0.816674	0.827110	-0.000000	0.000000	0.000000	0.000000	0.000000	0.000000	0.000000
-1.001819	0.816674	0.827110	0.000000	0.000000	0.000000	0.000000	0.000000	0.000000	0.000000
-1.001814	0.816674	0.827110	-0.000000	0.000000	0.000000	0.000000	0.000000	0.000000	0.000000
-1.001768	0.816674	0.827110	-0.000000	0.000000	0.000000	0.000000	0.000000	0.000000	0.000000
-1.001806	0.816674	0.827110	0.000000	0.000000	0.000000	0.000000	0.000000	0.000000	0.000000
-1.001763	0.816674	0.827110	-0.000000	0.000000	0.000000	0.000000	0.000000	0.000000	0.000000
-1.001774	0.816674	0.827110	0.000000	0.000000	0.000000	0.000000	0.000000	0.000000	0.000000
-1.001807	0.816674	0.827110	0.000000	0.000000	0.000000	0.000000	0.000000	0.000000	0.000000
-1.001796	0.816674	0.827110	0.000000	0.000000	0.000000	0.000000	0.000000	0.000000	0.000000
-1.001795	0.816674	0.827110	0.000000	0.000000	0.000000	0.000000	0.000000	0.000000	0.000000
-1.001735	0.816674	0.827110	-0.000000	0.000000	0.000000	0.000000	0.000000	0.000000	0.000000
-1.001826	0.816674	0.827110	-0.000000	0.000000	0.000000	0.000000	0.000000	0.000000	0.000000
-1.001802	0.816674	0.827110	-0.000000	0.000000	0.000000	0.000000	0.000000	0.000000	0.000000
-1.001786	0.816674	0.827110	0.000000	0.000000	0.000000	0.000000	0.000000	0.000000	0.000000
-1.001809	0.816674	0.827107	-0.000000	0.000000	0.000000	0.000000	0.000000	0.000000	0.000000
-1.001770	0.816674	0.827110	-0.000000	0.000000	0.000000	0.000000	0.000000	0.000000	0.000000
-1.001802	0.816674	0.827110	0.000000	0.000000	0.000000	0.000000	0.000000	0.000000	0.000000
-1.001784	0.816674	0.827110	-0.000000	0.000000	0.000000	0.000000	0.000000	0.000000	0.000000
-1.001768	0.816674	0.827110	0.000000	0.000000	0.000000	0.000000	0.000000	0.000000	0.000000
-1.001769	0.816674	0.827110	0.000000	0.000000	0.000000	0.000000	0.000000	0.000000	0.000000
-1.001782	0.816674	0.827110	0.000000	0.000000	0.000000	0.000000	0.000000	0.000000	0.000000
-1.001802	0.816674	0.827110	-0.000000	0.000000	0.000000	0.000000	0.000000	0.000000	0.000000
-1.001778	0.816674	0.827110	0.000000	0.000000	0.000000	0.000000	0.000000	0.000000	0.000000
-1.001780	0.816674	0.827110	-0.000000	0.000000	0.000000	0.000000	0.000000	0.000000	0.000000
-1.001778	0.816674	0.827110	0.000000	0.000000	0.000000	0.000000	0.000000	0.000000	0.000000
-1.001763	0.816674	0.827110	-0.000000	0.000000	0.000000	0.000000	0.000000	0.000000	0.000000
-1.001804	0.816674	0.827110	-0.000000	0.000000	0.000000	0.000000	0.000000	0.000000	0.000000
-1.001873	0.816674	0.827110	-0.000000	0.000000	0.000000	0.000000	0.000000	0.000000	0.000000
-1.001849	0.816674	0.827110	0.000000	0.000000	0.000000	0.000000	0.000000	0.000000	0.000000
-1.001842	0.816674	0.827110	0.000000	0.000000	0.000000	0.000000	0.000000	0.000000	0.000000
-1.001758	0.816674	0.827110	-0.000000	0.000000	0.000000	0.000000	0.000000	0.000000	0.000000
-1.001731	0.816674	0.827110	0.000000	0.000000	0.000000	0.000000	0.000000	0.000000	0.000000
-1.001771	0.816674	0.827110	0.000000	0.000000	0.000000	0.000000	0.000000	0.000000	0.000000
-1.001837	0.816674	0.827110	-0.000000	0.000000	0.000000	0.000000	0.000000	0.000000	0.000000
-1.001768	0.816674	0.827110	0.000000	0.000000	0.000000	0.000000	0.000000	0.000000	0.000000
-1.001808	0.816674	0.827110	0.000000	0.000000	0.000000	0.000000	0.000000	0.000000	0.000000
-1.001793	0.816674	0.827110	0.000000	0.000000	0.000000	0.000000	0.000000	0.000000	0.000000
-1.001816	0.816674	0.827110	-0.000000	0.000000	0.000000	0.000000	0.000000	0.000000	0.000000
-1.001802	0.816674	0.827109	0.000000	0.000000	0.000000	0.000000	0.000000	0.000000	0.000000
-1.001760	0.816674	0.827110	-0.000000	0.000000	0.000000	0.000000	0.000000	0.000000	0.000000
-1.001817	0.816674	0.827110	-0.000000	0.000000	0.000000	0.000000	0.000000	0.000000	0.000000
-1.001765	0.816674	0.827110	-0.000000	0.000000	0.000000	0.000000	0.000000	0.000000	0.000000
-1.001733	0.816674	0.827110	-0.000000	0.000000	0.000000	0.000000	0.000000	0.000000	0.000000
-1.001739	0.816674	0.827110	0.000000	0.000000	0.000000	0.000000	0.000000	0.000000	0.000000
-1.001789	0.816674	0.827110	-0.000000	0.000000	0.000000	0.000000	0.000000	0.000000	0.000000
-1.001793	0.816674	0.827110	0.000000	0.000000	0.000000	0.000000	0.000000	0.000000	0.000000
-1.001775	0.816674	0.827110	0.000000	0.000000	0.000000	0.000000	0.000000	0.000000	0.000000
-1.001701	0.816674	0.827110	0.000000	0.000000	0.000000	0.000000	0.000000	0.000000	0.000000
-1.001759	0.816674	0.827110	-0.000000	0.000000	0.000000	0.000000	0.000000	0.000000	0.000000
-1.001842	0.816674	0.827110	-0.000000	0.000000	0.000000	0.000000	0.000000	0.000000	0.000000
-1.001808	0.816674	0.827110	-0.000000	0.000000	0.000000	0.000000	0.000000	0.000000	0.000000
-1.001776	0.816674	0.827110	0.000000	0.000000	0.000000	0.000000	0.000000	0.000000	0.000000
-1.001850	0.816674	0.827110	-0.000000	0.000000	0.000000	0.000000	0.000000	0.000000	0.000000
-1.001771	0.816674	0.827110	-0.000000	0.000000	0.000000	0.000000	0.000000	0.000000	0.000000
-1.001718	0.816674	0.827110	0.000000	0.000000	0.000000	0.000000	0.000000	0.000000	0.000000
-1.001799	0.816674	0.827110	0.000000	0.000000	0.000000	0.000000	0.000000	0.000000	0.000000
-1.001826	0.816674	0.827110	0.000000	0.000000	0.000000	0.000000	0.000000	0.000000	0.000000
-1.001822	0.816674	0.827110	-0.000000	0.000000	0.000000	0.000000	0.000000	0.000000	0.000000
-1.001744	0.816674	0.827110	-0.000000	0.000000	0.000000	0.000000	0.000000	0.000000	0.000000
-1.001825	0.816674	0.827110	0.000000	0.000000	0.000000	0.000000	0.000000	0.000000	0.000000
-1.001742	0.816674	0.827109	-0.000000	0.000000	0.000000	0.000000	0.000000	0.000000	0.000000
-1.001785	0.816674	0.827110	0.000000	0.000000	0.000000	0.000000	0.000000	0.000000	0.000000
-1.001777	0.816674	0.827110	-0.000000	0.000000	0.000000	0.000000	0.000000	0.000000	0.000000
-1.001757	0.816674	0.827110	-0.000000	0.000000	0.000000	0.000000	0.000000	0.000000	0.000000
-1.001780	0.816674	0.827110	0.000000	0.000000	0.000000	0.000000	0.000000	0.000000	0.000000
-1.001729	0.816674	0.827110	-0.000000	0.000000	0.000000	0.000000	0.000000	0.000000	0.000000
-1.001836	0.816674	0.827110	0.000000	0.000000	0.000000	0.000000	0.000000	0.000000	0.000000
-1.001730	0.816674	0.827110	-0.000000	0.000000	0.000000	0.000000	0.000000	0.000000	0.000000
-1.001719	0.816674	0.827110	-0.000000	0.000000	0.000000	0.000000	0.000000	0.000000	0.000000
-1.001829	0.816674	0.827110	0.000000	0.000000	0.000000	0.000000	0.000000	0.000000	0.000000
-1.001811	0.816674	0.827108	0.000000	0.000000	0.000000	0.000000	0.000000	0.000000	0.000000
-1.001826	0.816674	0.827110	0.000000	0.000000	0.000000	0.000000	0.000000	0.000000	0.000000
-1.001760	0.816674	0.827110	-0.000000	0.000000	0.000000	0.000000	0.000000	0.000000	0.000000
-1.001745	0.816674	0.827110	0.000000	0.000000	0.000000	0.000000	0.000000	0.000000	0.000000
-1.001758	0.816674	0.827110	0.000000	0.000000	0.000000	0.000000	0.000000	0.000000	0.000000
-1.001809	0.816672	0.827110	0.000000	0.000000	0.000000	0.000000	0.000000	0.000000	0.000000
-1.001790	0.816674	0.827110	-0.000000	0.000000	0.000000	0.000000	0.000000	0.000000	0.000000
-1.001767	0.816674	0.827110	0.000000	0.000000	0.000000	0.000000	0.000000	0.000000	0.000000
-1.001788	0.816674	0.827110	-0.000000	0.000000	0.000000	0.000000	0.000000	0.000000	0.000000
-1.001811	0.816674	0.827110	0.000000	0.000000	0.000000	0.000000	0.000000	0.000000	0.000000
-1.001786	0.816674	0.827109	0.000000	0.000000	0.000000	0.000000	0.000000	0.000000	0.000000
-1.001784	0.816674	0.827110	-0.000000	0.000000	0.000000	0.000000	0.000000	0.000000	0.000000
-1.001775	0.816674	0.827110	0.000000	0.000000	0.000000	0.000000	0.000000	0.000000	0.000000
-1.001750	0.816674	0.827110	0.000000	0.000000	0.000000	0.000000	0.000000	0.000000	0.000000
-1.001800	0.816674	0.827110	0.000000	0.000000	0.000000	0.000000	0.000000	0.000000	0.000000
-1.001777	0.816674	0.827110	-0.000000	0.000000	0.000000	0.000000	0.000000	0.000000	0.000000
-1.001800	0.816674	0.827110	0.000000	0.000000	0.000000	0.000000	0.000000	0.000000	0.000000
-1.001732	0.816674	0.827110	-0.000000	0.000000	0.000000	0.000000	0.000000	0.000000	0.000000
-1.001766	0.816674	0.827109	0.000000	0.000000	0.000000	0.000000	0.000000	0.000000	0.000000
-1.001764	0.816667	0.827110	0.000000	0.000000	0.000000	0.000000	0.000000	0.000000	0.000000
-1.001807	0.816674	0.827110	-0.000000	0.000000	0.000000	0.000000	0.000000	0.000000	0.000000
-1.001742	0.816674	0.827110	-0.000000	0.000000	0.000000	0.000000	0.000000	0.000000	0.000000
-1.001775	0.816674	0.827110	0.000000	0.000000	0.000000	0.000000	0.000000	0.000000	0.000000
-1.001743	0.816674	0.827110	-0.000000	0.000000	0.000000	0.000000	0.000000	0.000000	0.000000
-1.001778	0.816674	0.827110	0.000000	0.000000	0.000000	0.000000	0.000000	0.000000	0.000000
-1.001761	0.816674	0.827110	-0.000000	0.000000	0.000000	0.000000	0.000000	0.000000	0.000000
-1.001742	0.816674	0.827110	0.000000	0.000000	0.000000	0.000000	0.000000	0.000000	0.000000
-1.001739	0.816674	0.827110	0.000000	0.000000	0.000000	0.000000	0.000000	0.000000	0.000000
-1.001775	0.816674	0.827110	0.000000	0.000000	0.000000	0.000000	0.000000	0.000000	0.000000
-1.001794	0.816674	0.827110	0.000000	0.000000	0.000000	0.000000	0.000000	0.000000	0.000000
-1.001791	0.816674	0.827110	-0.000000	0.000000	0.000000	0.000000	0.000000	0.000000	0.000000
-1.001829	0.816674	0.827110	0.000000	0.000000	0.000000	0.000000	0.000000	0.000000	0.000000
-1.001754	0.816674	0.827110	0.000000	0.000000	0.000000	0.000000	0.000000	0.000000	0.000000
-1.001802	0.816674	0.827110	-0.000000	0.000000	0.000000	0.000000	0.000000	0.000000	0.000000
-1.001746	0.816674	0.827110	0.000000	0.000000	0.000000	0.000000	0.000000	0.000000	0.000000
-1.001776	0.816674	0.827110	0.000000	0.000000	0.000000	0.000000	0.000000	0.000000	0.000000
-1.001764	0.816674	0.827110	-0.000000	0.000000	0.000000	0.000000	0.000000	0.000000	0.000000
-1.001703	0.816674	0.827110	-0.000000	0.000000	0.000000	0.000000	0.000000	0.000000	0.000000
-1.001802	0.816674	0.827110	0.000000	0.000000	0.000000	0.000000	0.000000	0.000000	0.000000
-1.001769	0.816674	0.827110	-0.000000	0.000000	0.000000	0.000000	0.000000	0.000000	0.000000
-1.001781	0.816674	0.827110	0.000000	0.000000	0.000000	0.000000	0.000000	0.000000	0.000000
-1.001792	0.816674	0.827110	-0.000000	0.000000	0.000000	0.000000	0.000000	0.000000	0.000000
-1.001763	0.816674	0.827110	-0.000000	0.000000	0.000000	0.000000	0.000000	0.000000	0.000000
-1.001792	0.816674	0.827110	-0.000000	0.000000	0.000000	0.000000	0.000000	0.000000	0.000000
-1.001805	0.816674	0.827110	-0.000000	0.000000	0.000000	0.000000	0.000000	0.000000	0.000000
-1.001794	0.816674	0.827110	0.000000	0.000000	0.000000	0.000000	0.000000	0.000000	0.000000
-1.001746	0.816674	0.827110	0.000000	0.000000	0.000000	0.000000	0.000000	0.000000	0.000000
-1.001759	0.816674	0.827110	0.000000	0.000000	0.000000	0.000000	0.000000	0.000000	0.000000
-1.001717	0.816674	0.827110	-0.000000	0.000000	0.000000	0.000000	0.000000	0.000000	0.000000
-1.001809	0.816674	0.827110	0.000000	0.000000	0.000000	0.000000	0.000000	0.000000	0.000000
-1.001750	0.816674	0.827110	0.000000	0.000000	0.000000	0.000000	0.000000	0.000000	0.000000
-1.001834	0.816674	0.827110	0.000000	0.000000	0.000000	0.000000	0.000000	0.000000	0.000000
-1.001778	0.816674	0.827110	-0.000000	0.000000	0.000000	0.000000	0.000000	0.000000	0.000000
-1.001798	0.816674	0.827110	0.000000	0.000000	0.000000	0.000000	0.000000	0.000000	0.000000
-1.001854	0.816674	0.827110	-0.000000	0.000000	0.000000	0.000000	0.000000	0.000000	0.000000
-1.001827	0.816673	0.827110	-0.000000	0.000000	0.000000	0.000000	0.000000	0.000000	0.000000
-1.001788	0.816674	0.827110	-0.000000	0.000000	0.000000	0.000000	0.000000	0.000000	0.000000
-1.001697	-0.114205	-0.000000	-0.000003	0.000000	0.000000	0.000000	0.000000	0.000000	0.000000
-1.001825	-0.822447	-0.000000	-0.831444	0.000000	0.000000	0.000000	0.000000	0.000000	0.000000
-1.001785	-0.822447	-0.000000	-0.831444	0.000000	0.000000	0.000000	0.000000	0.000000	0.000000
-1.001816	-0.822447	-0.000000	-0.831373	0.000000	0.000000	0.000000	0.000000	0.000000	0.000000
-1.001786	-0.822447	-0.000000	-0.831444	0.000000	0.000000	0.000000	0.000000	0.000000	0.000000
-1.001782	-0.822447	0.000000	-0.826296	0.000000	0.000000	0.000000	0.000000	0.000000	0.000000
-1.001779	-0.822447	-0.000000	-0.831444	0.000000	0.000000	0.000000	0.000000	0.000000	0.000000
-1.001734	-0.822447	0.000000	-0.831444	0.000000	0.000000	0.000000	0.000000	0.000000	0.000000
-1.001817	-0.822447	-0.000000	-0.831444	0.000000	0.000000	0.000000	0.000000	0.000000	0.000000
-1.001843	-0.822447	0.000000	-0.831444	0.000000	0.000000	0.000000	0.000000	0.000000	0.000000
-1.001742	-0.822447	0.000000	-0.831444	0.000000	0.000000	0.000000	0.000000	0.000000	0.000000
-1.001763	-0.822447	-0.000000	-0.831444	0.000000	0.000000	0.000000	0.000000	0.000000	0.000000
-1.001778	-0.822447	-0.000000	-0.831444	0.000000	0.000000	0.000000	0.000000	0.000000	0.000000
-1.001762	-0.822447	0.000000	-0.831407	0.000000	0.000000	0.000000	0.000000	0.000000	0.000000
-1.001789	-0.822447	-0.000000	-0.831444	0.000000	0.000000	0.000000	0.000000	0.000000	0.000000
-1.001823	-0.822447	-0.000000	-0.831444	0.000000	0.000000	0.000000	0.000000	0.000000	0.000000
-1.001803	-0.822447	-0.000000	-0.831444	0.000000	0.000000	0.000000	0.000000	0.000000	0.000000
-1.001734	-0.822447	0.000004	-0.831444	0.000000	0.000000	0.000000	0.000000	0.000000	0.000000
-1.001776	-0.822447	0.000000	-0.831444	0.000000	0.000000	0.000000	0.000000	0.000000	0.000000
-1.001788	-0.822447	-0.000000	-0.831444	0.000000	0.000000	0.000000	0.000000	0.000000	0.000000
-1.001853	-0.822447	0.000000	-0.831444	0.000000	0.000000	0.000000	0.000000	0.000000	0.000000
-1.001777	-0.822447	-0.000000	-0.831444	0.000000	0.000000	0.000000	0.000000	0.000000	0.000000
-1.001786	-0.822447	-0.000000	-0.831444	0.000000	0.000000	0.000000	0.000000	0.000000	0.000000
-1.001784	-0.822447	0.000000	-0.831444	0.000000	0.000000	0.000000	0.000000	0.000000	0.000000
-1.001782	-0.822447	0.000000	-0.831444	0.000000	0.000000	0.000000	0.000000	0.000000	0.000000
-1.001798	-0.822446	-0.000000	-0.831444	0.000000	0.000000	0.000000	0.000000	0.000000	0.000000
-1.001754	-0.822447	-0.000000	-0.831444	0.000000	0.000000	0.000000	0.000000	0.000000	0.000000
-1.001746	-0.822447	-0.000000	-0.831444	0.000000	0.000000	0.000000	0.000000	0.000000	0.000000
-1.001808	-0.822447	-0.000000	-0.830865	0.000000	0.000000	0.000000	0.000000	0.000000	0.000000
-1.001772	-0.822447	-0.000000	-0.831444	0.000000	0.000000	0.000000	0.000000	0.000000	0.000000
-1.001818	-0.822447	-0.000000	-0.831418	0.000000	0.000000	0.000000	0.000000	0.000000	0.000000
-1.001806	-0.822447	0.000000	-0.830992	0.000000	0.000000	0.000000	0.000000	0.000000	0.000000
-1.001763	-0.822447	0.000000	-0.831444	0.000000	0.000000	0.000000	0.000000	0.000000	0.000000
-1.001759	-0.822447	-0.000000	-0.831444	0.000000	0.000000	0.000000	0.000000	0.000000	0.000000
-1.001752	-0.822447	0.000000	-0.831442	0.000000	0.000000	0.000000	0.000000	0.000000	0.000000
-1.001798	-0.822447	0.000000	-0.831444	0.000000	0.000000	0.000000	0.000000	0.000000	0.000000
-1.001780	-0.822447	-0.000000	-0.831380	0.000000	0.000000	0.000000	0.000000	0.000000	0.000000
-1.001753	-0.822447	-0.000000	-0.831434	0.000000	0.000000	0.000000	0.000000	0.000000	0.000000
-1.001790	-0.822447	0.000000	-0.831444	0.000000	0.000000	0.000000	0.000000	0.000000	0.000000
-1.001818	-0.822447	-0.000000	-0.831444	0.000000	0.000000	0.000000	0.000000	0.000000	0.000000
-1.001799	-0.822447	-0.000000	-0.831443	0.000000	0.000000	0.000000	0.000000	0.000000	0.000000
-1.001755	-0.822447	-0.000000	-0.831444	0.000000	0.000000	0.000000	0.000000	0.000000	0.000000
-1.001797	-0.822447	-0.000000	-0.831444	0.000000	0.000000	0.000000	0.000000	0.000000	0.000000
-1.001729	-0.822447	0.000000	-0.831444	0.000000	0.000000	0.000000	0.000000	0.000000	0.000000
-1.001827	-0.822447	-0.000000	-0.831444	0.000000	0.000000	0.000000	0.000000	0.000000	0.000000
-1.001773	-0.822447	0.000000	-0.831444	0.000000	0.000000	0.000000	0.000000	0.000000	0.000000
-1.001799	-0.822447	-0.000000	-0.831444	0.000000	0.000000	0.000000	0.000000	0.000000	0.000000
-1.001789	-0.822447	-0.000000	-0.831444	0.000000	0.000000	0.000000	0.000000	0.000000	0.000000
-1.001819	-0.822447	0.000000	-0.831443	0.000000	0.000000	0.000000	0.000000	0.000000	0.000000
-1.001831	-0.822326	-0.000000	-0.831444	0.000000	0.000000	0.000000	0.000000	0.000000	0.000000
-1.001840	-0.822447	0.000000	-0.831444	0.000000	0.000000	0.000000	0.000000	0.000000	0.000000
-1.001755	-0.822447	-0.000000	-0.831444	0.000000	0.000000	0.000000	0.000000	0.000000	0.000000
-1.001764	-0.822447	-0.000000	-0.831444	0.000000	0.000000	0.000000	0.000000	0.000000	0.000000
-1.001742	-0.822447	-0.000000	-0.831444	0.000000	0.000000	0.000000	0.000000	0.000000	0.000000
-1.001749	-0.822447	-0.000000	-0.831444	0.000000	0.000000	0.000000	0.000000	0.000000	0.000000
-1.001789	-0.822447	-0.000000	-0.831444	0.000000	0.000000	0.000000	0.000000	0.000000	0.000000
-1.001779	-0.822447	-0.000000	-0.831444	0.000000	0.000000	0.000000	0.000000	0.000000	0.000000
-1.001822	-0.822447	-0.000000	-0.831444	0.000000	0.000000	0.000000	0.000000	0.000000	0.000000
-1.001792	-0.822447	0.000000	-0.831444	0.000000	0.000000	0.000000	0.000000	0.000000	0.000000
-1.001787	-0.822447	-0.000000	-0.831443	0.000000	0.000000	0.000000	0.000000	0.000000	0.000000
-1.001830	-0.822447	0.000000	-0.831444	0.000000	0.000000	0.000000	0.000000	0.000000	0.000000
-1.001794	-0.822447	-0.000000	-0.831444	0.000000	0.000000	0.000000	0.000000	0.000000	0.000000
-1.001821	-0.822447	-0.000000	-0.831444	0.000000	0.000000	0.000000	0.000000	0.000000	0.000000
-1.001797	-0.821906	-0.000000	-0.831048	0.000000	0.000000	0.000000	0.000000	0.000000	0.000000
-1.001781	-0.822447	-0.000000	-0.831444	0.000000	0.000000	0.000000	0.000000	0.000000	0.000000
-1.001801	-0.822440	-0.000000	-0.831230	0.000000	0.000000	0.000000	0.000000	0.000000	0.000000
-1.001804	-0.822447	-0.000000	-0.831444	0.000000	0.000000	0.000000	0.000000	0.000000	0.000000
-1.001767	-0.822447	-0.000000	-0.831444	0.000000	0.000000	0.000000	0.000000	0.000000	0.000000
-1.001792	-0.822447	-0.000000	-0.831444	0.000000	0.000000	0.000000	0.000000	0.000000	0.000000
-1.001788	-0.822447	-0.000000	-0.831444	0.000000	0.000000	0.000000	0.000000	0.000000	0.000000
-1.001733	-0.822447	-0.000000	-0.831385	0.000000	0.000000	0.000000	0.000000	0.000000	0.000000
-1.001807	-0.822447	-0.000000	-0.831444	0.000000	0.000000	0.000000	0.000000	0.000000	0.000000
-1.001767	-0.822447	-0.000000	-0.831444	0.000000	0.000000	0.000000	0.000000	0.000000	0.000000
-1.001809	-0.822447	-0.000000	-0.831444	0.000000	0.000000	0.000000	0.000000	0.000000	0.000000
-1.001791	-0.822447	-0.000000	-0.831443	0.000000	0.000000	0.000000	0.000000	0.000000	0.000000
-1.001812	-0.822447	-0.000000	-0.831444	0.000000	0.000000	0.000000	0.000000	0.000000	0.000000
-1.001757	-0.822447	-0.000000	-0.831444	0.000000	0.000000	0.000000	0.000000	0.000000	0.000000
-1.001795	-0.822447	0.000000	-0.831444	0.000000	0.000000	0.000000	0.000000	0.000000	0.000000
-1.001797	-0.822447	-0.000000	-0.831444	0.000000	0.000000	0.000000	0.000000	0.000000	0.000000
-1.001774	-0.822447	-0.000000	-0.831444	0.000000	0.000000	0.000000	0.000000	0.000000	0.000000
-1.001810	-0.822447	-0.000000	-0.831444	0.000000	0.000000	0.000000	0.000000	0.000000	0.000000
-1.001751	-0.822446	-0.000000	-0.831444	0.000000	0.000000	0.000000	0.000000	0.000000	0.000000
-1.001775	-0.822447	-0.000000	-0.830622	0.000000	0.000000	0.000000	0.000000	0.000000	0.000000
-1.001823	-0.822447	0.000000	-0.831443	0.000000	0.000000	0.000000	0.000000	0.000000	0.000000
-1.001773	-0.822447	-0.000000	-0.831365	0.000000	0.000000	0.000000	0.000000	0.000000	0.000000
-1.001788	-0.822447	-0.000000	-0.831444	0.000000	0.000000	0.000000	0.000000	0.000000	0.000000
-1.001725	-0.822447	-0.000000	-0.831444	0.000000	0.000000	0.000000	0.000000	0.000000	0.000000
-1.001773	-0.822446	-0.000000	-0.831444	0.000000	0.000000	0.000000	0.000000	0.000000	0.000000
-1.001740	-0.822447	-0.000000	-0.831444	0.000000	0.000000	0.000000	0.000000	0.000000	0.000000
-1.001801	-0.822447	-0.000000	-0.831444	0.000000	0.000000	0.000000	0.000000	0.000000	0.000000
-1.001708	-0.822447	0.000000	-0.831444	0.000000	0.000000	0.000000	0.000000	0.000000	0.000000
-1.001781	-0.822447	-0.000000	-0.831444	0.000000	0.000000	0.000000	0.000000	0.000000	0.000000
-1.001774	-0.822447	0.000000	-0.831444	0.000000	0.000000	0.000000	0.000000	0.000000	0.000000
-1.001781	-0.822447	-0.000000	-0.831444	0.000000	0.000000	0.000000	0.000000	0.000000	0.000000
-1.001779	-0.822447	-0.000000	-0.831444	0.000000	0.000000	0.000000	0.000000	0.000000	0.000000
-1.001738	-0.822447	0.000000	-0.831444	0.000000	0.000000	0.000000	0.000000	0.000000	0.000000
-1.001814	-0.822447	-0.000000	-0.831444	0.000000	0.000000	0.000000	0.000000	0.000000	0.000000
-1.001745	-0.822447	0.000000	-0.831444	0.000000	0.000000	0.000000	0.000000	0.000000	0.000000
-1.001787	-0.822447	-0.000000	-0.831444	0.000000	0.000000	0.000000	0.000000	0.000000	0.000000
-1.001763	-0.822447	0.000000	-0.831444	0.000000	0.000000	0.000000	0.000000	0.000000	0.000000
-1.001780	-0.822447	-0.000000	-0.831441	0.000000	0.000000	0.000000	0.000000	0.000000	0.000000
-1.001780	-0.822447	0.000000	-0.831444	0.000000	0.000000	0.000000	0.000000	0.000000	0.000000
-1.001747	-0.822447	-0.000000	-0.831444	0.000000	0.000000	0.000000	0.000000	0.000000	0.000000
-1.001742	-0.822447	-0.000000	-0.831444	0.000000	0.000000	0.000000	0.000000	0.000000	0.000000
-1.001719	-0.822447	-0.000000	-0.831444	0.000000	0.000000	0.000000	0.000000	0.000000	0.000000
-1.001786	-0.822447	-0.000000	-0.830644	0.000000	0.000000	0.000000	0.000000	0.000000	0.000000
-1.001735	-0.822447	-0.804831	-0.831444	0.000000	0.000000	0.000000	0.000000	0.000000	0.000000
-1.001775	-0.822447	0.000000	-0.831444	0.000000	0.000000	0.000000	0.000000	0.000000	0.000000
-1.001776	-0.822447	-0.000000	-0.831444	0.000000	0.000000	0.000000	0.000000	0.000000	0.000000
-1.001727	-0.822447	-0.000000	-0.831426	0.000000	0.000000	0.000000	0.000000	0.000000	0.000000
-1.001822	-0.822447	-0.000000	-0.831444	0.000000	0.000000	0.000000	0.000000	0.000000	0.000000
-1.001766	-0.822447	0.000000	-0.831444	0.000000	0.000000	0.000000	0.000000	0.000000	0.000000
-1.001771	-0.822447	-0.000000	-0.831444	0.000000	0.000000	0.000000	0.000000	0.000000	0.000000
-1.001813	-0.822447	-0.000000	-0.831444	0.000000	0.000000	0.000000	0.000000	0.000000	0.000000
-1.001770	-0.822447	0.000000	-0.831405	0.000000	0.000000	0.000000	0.000000	0.000000	0.000000
-1.001783	-0.822447	-0.000000	-0.831444	0.000000	0.000000	0.000000	0.000000	0.000000	0.000000
-1.001815	-0.822447	-0.000000	-0.831444	0.000000	0.000000	0.000000	0.000000	0.000000	0.000000
-1.001792	-0.822447	-0.000000	-0.831286	0.000000	0.000000	0.000000	0.000000	0.000000	0.000000
-1.001751	-0.822447	0.000000	-0.831443	0.000000	0.000000	0.000000	0.000000	0.000000	0.000000
-1.001742	-0.822447	0.000000	-0.831444	0.000000	0.000000	0.000000	0.000000	0.000000	0.000000
-1.001711	-0.822447	0.000000	-0.831443	0.000000	0.000000	0.000000	0.000000	0.000000	0.000000
-1.001797	-0.822447	-0.000000	-0.831443	0.000000	0.000000	0.000000	0.000000	0.000000	0.000000
-1.001789	-0.822447	0.000000	-0.831444	0.000000	0.000000	0.000000	0.000000	0.000000	0.000000
-1.001805	-0.822447	0.000000	-0.831444	0.000000	0.000000	0.000000	0.000000	0.000000	0.000000
-1.001810	-0.822447	0.000000	-0.831444	0.000000	0.000000	0.000000	0.000000	0.000000	0.000000
-1.001817	-0.822447	0.000000	-0.831444	0.000000	0.000000	0.000000	0.000000	0.000000	0.000000
-1.001791	-0.822447	-0.000000	-0.831444	0.000000	0.000000	0.000000	0.000000	0.000000	0.000000
-1.001755	-0.822447	0.000000	-0.831444	0.000000	0.000000	0.000000	0.000000	0.000000	0.000000
-1.001750	-0.822447	-0.000000	-0.831444	0.000000	0.000000	0.000000	0.000000	0.000000	0.000000
-1.001782	-0.822447	-0.000000	-0.831444	0.000000	0.000000	0.000000	0.000000	0.000000	0.000000
-1.001705	-0.822447	-0.000000	-0.831444	0.000000	0.000000	0.000000	0.000000	0.000000	0.000000
-1.001765	-0.822428	-0.000000	-0.831444	0.000000	0.000000	0.000000	0.000000	0.000000	0.000000
-1.001786	-0.822447	-0.000000	-0.831444	0.000000	0.000000	0.000000	0.000000	0.000000	0.000000
-1.001781	-0.822447	0.000000	-0.831444	0.000000	0.000000	0.000000	0.000000	0.000000	0.000000
-1.001829	-0.822447	0.000000	-0.831419	0.000000	0.000000	0.000000	0.000000	0.000000	0.000000
-1.001731	-0.822447	0.000000	-0.831426	0.000000	0.000000	0.000000	0.000000	0.000000	0.000000
-1.001770	-0.822447	-0.000000	-0.831437	0.000000	0.000000	0.000000	0.000000	0.000000	0.000000
-1.001780	-0.822447	0.000000	-0.831444	0.000000	0.000000	0.000000	0.000000	0.000000	0.000000
-1.001785	-0.822446	-0.000000	-0.831444	0.000000	0.000000	0.000000	0.000000	0.000000	0.000000
-1.001775	-0.822447	-0.000000	-0.830970	0.000000	0.000000	0.000000	0.000000	0.000000	0.000000
-1.001746	-0.822447	-0.000000	-0.831444	0.000000	0.000000	0.000000	0.000000	0.000000	0.000000
-1.001783	-0.822447	-0.000000	-0.831444	0.000000	0.000000	0.000000	0.000000	0.000000	0.000000
-1.001796	-0.822447	-0.000000	-0.831444	0.000000	0.000000	0.000000	0.000000	0.000000	0.000000
-1.001703	-0.822447	-0.000000	-0.831438	0.000000	0.000000	0.000000	0.000000	0.000000	0.000000
-1.001768	-0.822447	-0.000000	-0.831429	0.000000	0.000000	0.000000	0.000000	0.000000	0.000000
-1.001783	-0.822447	-0.000000	-0.831444	0.000000	0.000000	0.000000	0.000000	0.000000	0.000000
-1.001806	-0.822447	-0.000000	-0.831444	0.000000	0.000000	0.000000	0.000000	0.000000	0.000000
-1.001812	-0.822447	-0.000000	-0.831444	0.000000	0.000000	0.000000	0.000000	0.000000	0.000000
-1.001796	-0.822447	0.000000	-0.831444	0.000000	0.000000	0.000000	0.000000	0.000000	0.000000
-1.001755	-0.822447	-0.000000	-0.831444	0.000000	0.000000	0.000000	0.000000	0.000000	0.000000
-1.001773	-0.822447	-0.000000	-0.831443	0.000000	0.000000	0.000000	0.000000	0.000000	0.000000
-1.001764	-0.822447	-0.000000	-0.831444	0.000000	0.000000	0.000000	0.000000	0.000000	0.000000
-1.001793	-0.822447	0.000000	-0.831444	0.000000	0.000000	0.000000	0.000000	0.000000	0.000000
-1.001721	-0.822447	-0.000000	-0.831444	0.000000	0.000000	0.000000	0.000000	0.000000	0.000000
-1.001764	-0.822447	-0.000000	-0.831444	0.000000	0.000000	0.000000	0.000000	0.000000	0.000000
-1.001786	-0.822447	0.000000	-0.831444	0.000000	0.000000	0.000000	0.000000	0.000000	0.000000
-1.001776	-0.822447	-0.000000	-0.831443	0.000000	0.000000	0.000000	0.000000	0.000000	0.000000
-1.001779	-0.822447	-0.000000	-0.831444	0.000000	0.000000	0.000000	0.000000	0.000000	0.000000
-1.001816	-0.822447	-0.000000	-0.831437	0.000000	0.000000	0.000000	0.000000	0.000000	0.000000
-1.001810	-0.822447	-0.000000	-0.831444	0.000000	0.000000	0.000000	0.000000	0.000000	0.000000
-1.001763	-0.822447	0.000000	-0.831442	0.000000	0.000000	0.000000	0.000000	0.000000	0.000000
-1.001752	-0.822447	-0.000002	-0.831444	0.000000	0.000000	0.000000	0.000000	0.000000	0.000000
-1.001771	-0.822447	-0.000000	-0.831444	0.000000	0.000000	0.000000	0.000000	0.000000	0.000000
-1.001796	-0.822447	0.000000	-0.831444	0.000000	0.000000	0.000000	0.000000	0.000000	0.000000
-1.001848	-0.822447	-0.000000	-0.831444	0.000000	0.000000	0.000000	0.000000	0.000000	0.000000
-1.001758	-0.822447	-0.000000	-0.831444	0.000000	0.000000	0.000000	0.000000	0.000000	0.000000
-1.001781	-0.822447	0.000000	-0.831444	0.000000	0.000000	0.000000	0.000000	0.000000	0.000000
-1.001832	-0.822447	-0.000000	-0.831444	0.000000	0.000000	0.000000	0.000000	0.000000	0.000000
-1.001778	-0.822447	-0.000000	-0.831444	0.000000	0.000000	0.000000	0.000000	0.000000	0.000000
-1.001799	-0.822447	0.000000	-0.831444	0.000000	0.000000	0.000000	0.000000	0.000000	0.000000
-1.001818	-0.822447	-0.000000	-0.831105	0.000000	0.000000	0.000000	0.000000	0.000000	0.000000
-1.001743	-0.822447	0.000000	-0.831444	0.000000	0.000000	0.000000	0.000000	0.000000	0.000000
-1.001784	-0.822446	-0.000000	-0.831444	0.000000	0.000000	0.000000	0.000000	0.000000	0.000000
-1.001788	-0.822447	-0.000000	-0.831444	0.000000	0.000000	0.000000	0.000000	0.000000	0.000000
-1.001778	-0.822447	-0.000000	-0.831444	0.000000	0.000000	0.000000	0.000000	0.000000	0.000000
-1.001747	-0.822447	-0.000000	-0.831444	0.000000	0.000000	0.000000	0.000000	0.000000	0.000000
-1.001778	-0.822447	-0.000000	-0.831444	0.000000	0.000000	0.000000	0.000000	0.000000	0.000000
-1.001759	-0.822447	0.000000	-0.831444	0.000000	0.000000	0.000000	0.000000	0.000000	0.000000
-1.001776	-0.822447	0.000000	-0.831369	0.000000	0.000000	0.000000	0.000000	0.000000	0.000000
-1.001799	-0.822447	-0.000000	-0.831444	0.000000	0.000000	0.000000	0.000000	0.000000	0.000000
-1.001790	-0.822447	-0.000012	-0.831444	0.000000	0.000000	0.000000	0.000000	0.000000	0.000000
-1.001752	-0.822447	-0.000000	-0.831444	0.000000	0.000000	0.000000	0.000000	0.000000	0.000000
-1.001759	-0.822447	0.000000	-0.831440	0.000000	0.000000	0.000000	0.000000	0.000000	0.000000
-1.001798	-0.822447	-0.000000	-0.831444	0.000000	0.000000	0.000000	0.000000	0.000000	0.000000
-1.001794	-0.822447	-0.000000	-0.831443	0.000000	0.000000	0.000000	0.000000	0.000000	0.000000
-1.001814	-0.822447	-0.000000	-0.831444	0.000000	0.000000	0.000000	0.000000	0.000000	0.000000
-1.001745	-0.822447	-0.000003	-0.831444	0.000000	0.000000	0.000000	0.000000	0.000000	0.000000
-1.001751	-0.822447	-0.000000	-0.831444	0.000000	0.000000	0.000000	0.000000	0.000000	0.000000
-1.001805	-0.822446	-0.000000	-0.831444	0.000000	0.000000	0.000000	0.000000	0.000000	0.000000
-1.001835	-0.822447	0.000000	-0.831444	0.000000	0.000000	0.000000	0.000000	0.000000	0.000000
-1.001733	-0.822447	0.000000	-0.831444	0.000000	0.000000	0.000000	0.000000	0.000000	0.000000
-1.001816	-0.822447	-0.000000	-0.831443	0.000000	0.000000	0.000000	0.000000	0.000000	0.000000
-1.001796	-0.822447	-0.000000	-0.831444	0.000000	0.000000	0.000000	0.000000	0.000000	0.000000
-1.001776	-0.822447	-0.000000	-0.831444	0.000000	0.000000	0.000000	0.000000	0.000000	0.000000
-1.001790	-0.822447	-0.000000	-0.831444	0.000000	0.000000	0.000000	0.000000	0.000000	0.000000
-1.001854	-0.822447	0.000000	-0.831444	0.000000	0.000000	0.000000	0.000000	0.000000	0.000000
-1.001804	-0.822447	0.000000	-0.831444	0.000000	0.000000	0.000000	0.000000	0.000000	0.000000
-1.001775	-0.822447	-0.000000	-0.831444	0.000000	0.000000	0.000000	0.000000	0.000000	0.000000
-1.001806	-0.822447	-0.000000	-0.831441	0.000000	0.000000	0.000000	0.000000	0.000000	0.000000
-1.001778	-0.822447	-0.000000	-0.831444	0.000000	0.000000	0.000000	0.000000	0.000000	0.000000
-1.001817	-0.822447	0.000000	-0.831444	0.000000	0.000000	0.000000	0.000000	0.000000	0.000000
-1.001768	-0.822447	-0.000000	-0.831444	0.000000	0.000000	0.000000	0.000000	0.000000	0.000000
-1.001768	-0.822447	-0.000000	-0.831444	0.000000	0.000000	0.000000	0.000000	0.000000	0.000000
-1.001814	-0.822447	0.000000	-0.831444	0.000000	0.000000	0.000000	0.000000	0.000000	0.000000
-1.001752	-0.822447	0.000000	-0.831444	0.000000	0.000000	0.000000	0.000000	0.000000	0.000000
-1.001768	-0.822447	0.000000	-0.831444	0.000000	0.000000	0.000000	0.000000	0.000000	0.000000
-1.001784	-0.822447	0.000000	-0.831444	0.000000	0.000000	0.000000	0.000000	0.000000	0.000000
-1.001775	-0.822447	-0.000000	-0.831444	0.000000	0.000000	0.000000	0.000000	0.000000	0.000000
-1.001845	-0.822447	-0.000000	-0.831444	0.000000	0.000000	0.000000	0.000000	0.000000	0.000000
-1.001742	-0.822447	0.000000	-0.831444	0.000000	0.000000	0.000000	0.000000	0.000000	0.000000
-1.001804	-0.822447	-0.000000	-0.831322	0.000000	0.000000	0.000000	0.000000	0.000000	0.000000
-1.001786	-0.822447	-0.000000	-0.831444	0.000000	0.000000	0.000000	0.000000	0.000000	0.000000
-1.001803	-0.822447	-0.000000	-0.831444	0.000000	0.000000	0.000000	0.000000	0.000000	0.000000
-1.001753	-0.822447	-0.000000	-0.831441	0.000000	0.000000	0.000000	0.000000	0.000000	0.000000
-1.001769	-0.822447	-0.000000	-0.831444	0.000000	0.000000	0.000000	0.000000	0.000000	0.000000
-1.001751	-0.822447	0.000000	-0.831443	0.000000	0.000000	0.000000	0.000000	0.000000	0.000000
-1.001828	-0.822447	-0.000002	-0.831444	0.000000	0.000000	0.000000	0.000000	0.000000	0.000000
-1.001708	-0.822447	-0.000000	-0.831444	0.000000	0.000000	0.000000	0.000000	0.000000	0.000000
-1.001749	-0.822447	0.000000	-0.831444	0.000000	0.000000	0.000000	0.000000	0.000000	0.000000
-1.001769	-0.822447	0.000000	-0.831405	0.000000	0.000000	0.000000	0.000000	0.000000	0.000000
-1.001773	-0.822447	0.000000	-0.831443	0.000000	0.000000	0.000000	0.000000	0.000000	0.000000
-1.001778	-0.822447	-0.000000	-0.831444	0.000000	0.000000	0.000000	0.000000	0.000000	0.000000
-1.001784	-0.822447	-0.000000	-0.831443	0.000000	0.000000	0.000000	0.000000	0.000000	0.000000
-1.001838	-0.822447	-0.000000	-0.831444	0.000000	0.000000	0.000000	0.000000	0.000000	0.000000
-1.001758	-0.822447	-0.000000	-0.831444	0.000000	0.000000	0.000000	0.000000	0.000000	0.000000
-1.001793	-0.822447	-0.000000	-0.830631	0.000000	0.000000	0.000000	0.000000	0.000000	0.000000
-1.001794	-0.822447	-0.000000	-0.831444	0.000000	0.000000	0.000000	0.000000	0.000000	0.000000
-1.001792	-0.822447	-0.000000	-0.831444	0.000000	0.000000	0.000000	0.000000	0.000000	0.000000
-1.001734	-0.822447	-0.000000	-0.831444	0.000000	0.000000	0.000000	0.000000	0.000000	0.000000
-1.001751	-0.822447	0.000000	-0.831444	0.000000	0.000000	0.000000	0.000000	0.000000	0.000000
-1.001742	-0.822447	-0.000000	-0.831432	0.000000	0.000000	0.000000	0.000000	0.000000	0.000000
-1.001747	-0.822447	-0.000000	-0.831444	0.000000	0.000000	0.000000	0.000000	0.000000	0.000000
-1.001733	-0.822447	-0.000000	-0.831443	0.000000	0.000000	0.000000	0.000000	0.000000	0.000000
-1.001717	-0.822447	0.000000	-0.831369	0.000000	0.000000	0.000000	0.000000	0.000000	0.000000
-1.001792	-0.822447	-0.000000	-0.831259	0.000000	0.000000	0.000000	0.000000	0.000000	0.000000
-1.001798	-0.822213	0.000000	-0.831443	0.000000	0.000000	0.000000	0.000000	0.000000	0.000000
-1.001770	-0.822447	-0.000000	-0.831442	0.000000	0.000000	0.000000	0.000000	0.000000	0.000000
-1.001806	-0.822447	0.000000	-0.831444	0.000000	0.000000	0.000000	0.000000	0.000000	0.000000
-1.001753	-0.822447	-0.000000	-0.831444	0.000000	0.000000	0.000000	0.000000	0.000000	0.000000
-1.001750	-0.822447	0.000000	-0.831444	0.000000	0.000000	0.000000	0.000000	0.000000	0.000000
-1.001805	-0.822447	-0.000000	-0.831444	0.000000	0.000000	0.000000	0.000000	0.000000	0.000000
-1.001820	-0.822447	-0.000000	-0.831444	0.000000	0.000000	0.000000	0.000000	0.000000	0.000000
-1.001763	-0.822447	0.000000	-0.831444	0.000000	0.000000	0.000000	0.000000	0.000000	0.000000
-1.001794	-0.822447	-0.000000	-0.831444	0.000000	0.000000	0.000000	0.000000	0.000000	0.000000
-1.001741	-0.822447	-0.000000	-0.831444	0.000000	0.000000	0.000000	0.000000	0.000000	0.000000
-1.001783	-0.822447	-0.000000	-0.831444	0.000000	0.000000	0.000000	0.000000	0.000000	0.000000
-1.001815	-0.822447	-0.000000	-0.831444	0.000000	0.000000	0.000000	0.000000	0.000000	0.000000
-1.001765	-0.822447	-0.000000	-0.831428	0.000000	0.000000	0.000000	0.000000	0.000000	0.000000
-1.001759	-0.822447	-0.000000	-0.831431	0.000000	0.000000	0.000000	0.000000	0.000000	0.000000
-1.001756	-0.822447	0.000000	-0.831444	0.000000	0.000000	0.000000	0.000000	0.000000	0.000000
-1.001701	-0.815140	0.000000	0.000000	0.000000	0.000000	0.000000	0.000000	0.000000	0.000000
-1.001772	-0.822447	0.000000	0.797796	0.000000	0.000000	0.000000	0.000000	0.000000	0.000000
-1.001756	-0.822447	-0.000000	0.797917	0.000000	0.000000	0.000000	0.000000	0.000000	0.000000
-1.001758	-0.822447	0.000000	0.451991	0.000000	0.000000	0.000000	0.000000	0.000000	0.000000
-1.001754	-0.822445	-0.000000	0.797780	0.000000	0.000000	0.000000	0.000000	0.000000	0.000000
-1.001794	-0.822447	-0.000000	0.797916	0.000000	0.000000	0.000000	0.000000	0.000000	0.000000
-1.001804	-0.822447	0.000000	0.797961	0.000000	0.000000	0.000000	0.000000	0.000000	0.000000
-1.001835	-0.822447	-0.000000	0.797941	0.000000	0.000000	0.000000	0.000000	0.000000	0.000000
-1.001850	-0.822447	-0.000000	0.798001	0.000000	0.000000	0.000000	0.000000	0.000000	0.000000
-1.001798	-0.822447	0.000000	0.797826	0.000000	0.000000	0.000000	0.000000	0.000000	0.000000
-1.001749	-0.822447	0.000000	0.797901	0.000000	0.000000	0.000000	0.000000	0.000000	0.000000
-1.001798	-0.822447	-0.000000	0.797944	0.000000	0.000000	0.000000	0.000000	0.000000	0.000000
-1.001717	-0.822447	0.000000	0.797803	0.000000	0.000000	0.000000	0.000000	0.000000	0.000000
-1.001814	-0.822447	-0.000000	0.797870	0.000000	0.000000	0.000000	0.000000	0.000000	0.000000
-1.001772	-0.822447	0.000000	0.797802	0.000000	0.000000	0.000000	0.000000	0.000000	0.000000
-1.001806	-0.822447	-0.000000	0.798044	0.000000	0.000000	0.000000	0.000000	0.000000	0.000000
-1.001806	-0.822447	-0.000000	0.797925	0.000000	0.000000	0.000000	0.000000	0.000000	0.000000
-1.001753	-0.822447	0.000000	0.797826	0.000000	0.000000	0.000000	0.000000	0.000000	0.000000
-1.001808	-0.822447	0.000000	0.797807	0.000000	0.000000	0.000000	0.000000	0.000000	0.000000
-1.001757	-0.822447	0.000000	0.797797	0.000000	0.000000	0.000000	0.000000	0.000000	0.000000
-1.001841	-0.822447	-0.000000	0.797791	0.000000	0.000000	0.000000	0.000000	0.000000	0.000000
-1.001793	-0.822447	0.000000	0.797843	0.000000	0.000000	0.000000	0.000000	0.000000	0.000000
-1.001762	-0.822447	0.000000	0.797997	0.000000	0.000000	0.000000	0.000000	0.000000	0.000000
-1.001797	-0.822447	-0.000000	0.797814	0.000000	0.000000	0.000000	0.000000	0.000000	0.000000
-1.001783	-0.822447	0.000000	0.797840	0.000000	0.000000	0.000000	0.000000	0.000000	0.000000
-1.001802	-0.822447	0.000000	0.797589	0.000000	0.000000	0.000000	0.000000	0.000000	0.000000
-1.001834	-0.822447	-0.000000	0.797849	0.000000	0.000000	0.000000	0.000000	0.000000	0.000000
-1.001729	-0.822447	0.000000	0.797692	0.000000	0.000000	0.000000	0.000000	0.000000	0.000000
-1.001827	-0.822447	-0.000000	0.797790	0.000000	0.000000	0.000000	0.000000	0.000000	0.000000
-1.001766	-0.822447	-0.000000	0.798039	0.000000	0.000000	0.000000	0.000000	0.000000	0.000000
-1.001726	-0.822447	-0.000000	0.797876	0.000000	0.000000	0.000000	0.000000	0.000000	0.000000
-1.001819	-0.822447	0.000000	0.798012	0.000000	0.000000	0.000000	0.000000	0.000000	0.000000
-1.001751	-0.822447	-0.000000	0.797932	0.000000	0.000000	0.000000	0.000000	0.000000	0.000000
-1.001791	-0.822447	0.000000	0.798044	0.000000	0.000000	0.000000	0.000000	0.000000	0.000000
-1.001764	-0.822447	0.000000	0.797824	0.000000	0.000000	0.000000	0.000000	0.000000	0.000000
-1.001815	-0.822446	-0.000000	0.797142	0.000000	0.000000	0.000000	0.000000	0.000000	0.000000
-1.001783	-0.822447	-0.000000	0.797890	0.000000	0.000000	0.000000	0.000000	0.000000	0.000000
-1.001741	-0.822447	0.000000	0.797938	0.000000	0.000000	0.000000	0.000000	0.000000	0.000000
-1.001795	-0.822447	-0.000000	0.798029	0.000000	0.000000	0.000000	0.000000	0.000000	0.000000
-1.001732	-0.822447	-0.000000	0.798029	0.000000	0.000000	0.000000	0.000000	0.000000	0.000000
-1.001800	-0.822447	-0.000000	0.797848	0.000000	0.000000	0.000000	0.000000	0.000000	0.000000
-1.001814	-0.822447	-0.000000	0.797774	0.000000	0.000000	0.000000	0.000000	0.000000	0.000000
-1.001768	-0.822447	0.000000	0.797761	0.000000	0.000000	0.000000	0.000000	0.000000	0.000000
-1.001845	-0.822447	-0.000000	0.797747	0.000000	0.000000	0.000000	0.000000	0.000000	0.000000
-1.001823	-0.822447	-0.000000	0.797954	0.000000	0.000000	0.000000	0.000000	0.000000	0.000000
-1.001761	-0.822447	0.000000	0.798031	0.000000	0.000000	0.000000	0.000000	0.000000	0.000000
-1.001737	-0.822447	0.000000	0.798003	0.000000	0.000000	0.000000	0.000000	0.000000	0.000000
-1.001831	-0.822447	0.000000	0.797768	0.000000	0.000000	0.000000	0.000000	0.000000	0.000000
-1.001745	-0.822447	-0.000000	0.793559	0.000000	0.000000	0.000000	0.000000	0.000000	0.000000
-1.001747	-0.822447	-0.000000	0.798154	0.000000	0.000000	0.000000	0.000000	0.000000	0.000000
-1.001725	-0.822447	0.000000	0.798058	0.000000	0.000000	0.000000	0.000000	0.000000	0.000000
-1.001751	-0.822447	-0.000000	0.797942	0.000000	0.000000	0.000000	0.000000	0.000000	0.000000
-1.001790	-0.822447	0.000000	0.797844	0.000000	0.000000	0.000000	0.000000	0.000000	0.000000
-1.001753	-0.822447	0.000000	0.797993	0.000000	0.000000	0.000000	0.000000	0.000000	0.000000
-1.001777	-0.822447	0.000000	0.797988	0.000000	0.000000	0.000000	0.000000	0.000000	0.000000
-1.001765	-0.822447	-0.000000	0.797933	0.000000	0.000000	0.000000	0.000000	0.000000	0.000000
-1.001786	-0.822447	0.000000	0.797779	0.000000	0.000000	0.000000	0.000000	0.000000	0.000000
-1.001788	-0.822447	0.000000	0.797858	0.000000	0.000000	0.000000	0.000000	0.000000	0.000000
-1.001823	-0.822447	0.000000	0.797911	0.000000	0.000000	0.000000	0.000000	0.000000	0.000000
-1.001747	-0.822447	0.000000	0.797807	0.000000	0.000000	0.000000	0.000000	0.000000	0.000000
-1.001744	-0.822447	-0.000000	0.797968	0.000000	0.000000	0.000000	0.000000	0.000000	0.000000
-1.001790	-0.822447	-0.000000	0.797903	0.000000	0.000000	0.000000	0.000000	0.000000	0.000000
-1.001771	-0.822447	0.000000	0.797931	0.000000	0.000000	0.000000	0.000000	0.000000	0.000000
-1.001820	-0.822447	-0.000000	0.797858	0.000000	0.000000	0.000000	0.000000	0.000000	0.000000
-1.001782	-0.822447	-0.000000	0.797802	0.000000	0.000000	0.000000	0.000000	0.000000	0.000000
-1.001764	-0.822447	0.000000	0.798002	0.000000	0.000000	0.000000	0.000000	0.000000	0.000000
-1.001795	-0.822447	-0.000000	0.798007	0.000000	0.000000	0.000000	0.000000	0.000000	0.000000
-1.001767	-0.822447	0.000000	0.797972	0.000000	0.000000	0.000000	0.000000	0.000000	0.000000
-1.001743	-0.822447	-0.000000	0.797466	0.000000	0.000000	0.000000	0.000000	0.000000	0.000000
-1.001773	-0.822447	-0.000000	0.797851	0.000000	0.000000	0.000000	0.000000	0.000000	0.000000
-1.001759	-0.822447	0.000000	0.797891	0.000000	0.000000	0.000000	0.000000	0.000000	0.000000
-1.001789	-0.822447	-0.000000	0.797748	0.000000	0.000000	0.000000	0.000000	0.000000	0.000000
-1.001792	-0.822447	0.000000	0.797968	0.000000	0.000000	0.000000	0.000000	0.000000	0.000000
-1.001781	-0.822446	-0.000000	0.797909	0.000000	0.000000	0.000000	0.000000	0.000000	0.000000
-1.001764	-0.822447	0.000000	0.797827	0.000000	0.000000	0.000000	0.000000	0.000000	0.000000
-1.001785	-0.822447	-0.000000	0.797905	0.000000	0.000000	0.000000	0.000000	0.000000	0.000000
-1.001791	-0.822447	-0.000000	0.797799	0.000000	0.000000	0.000000	0.000000	0.000000	0.000000
-1.001778	-0.822447	-0.000000	0.797826	0.000000	0.000000	0.000000	0.000000	0.000000	0.000000
-1.001758	-0.822447	0.000000	0.797871	0.000000	0.000000	0.000000	0.000000	0.000000	0.000000
-1.001817	-0.822447	-0.000000	0.797955	0.000000	0.000000	0.000000	0.000000	0.000000	0.000000
-1.001716	-0.822447	0.000000	0.798160	0.000000	0.000000	0.000000	0.000000	0.000000	0.000000
-1.001734	-0.822447	-0.000000	0.797990	0.000000	0.000000	0.000000	0.000000	0.000000	0.000000
-1.001732	-0.822447	-0.000000	0.797779	0.000000	0.000000	0.000000	0.000000	0.000000	0.000000
-1.001733	-0.822447	0.000000	0.797798	0.000000	0.000000	0.000000	0.000000	0.000000	0.000000
-1.001787	-0.822447	-0.000000	0.797763	0.000000	0.000000	0.000000	0.000000	0.000000	0.000000
-1.001768	-0.822446	-0.000000	0.797926	0.000000	0.000000	0.000000	0.000000	0.000000	0.000000
-1.001827	-0.822447	0.000000	0.797787	0.000000	0.000000	0.000000	0.000000	0.000000	0.000000
-1.001769	-0.822447	0.000000	0.797947	0.000000	0.000000	0.000000	0.000000	0.000000	0.000000
-1.001824	-0.822447	-0.000000	0.797958	0.000000	0.000000	0.000000	0.000000	0.000000	0.000000
-1.001770	-0.822447	0.000000	0.796870	0.000000	0.000000	0.000000	0.000000	0.000000	0.000000
-1.001759	-0.822447	-0.000000	0.797910	0.000000	0.000000	0.000000	0.000000	0.000000	0.000000
-1.001774	-0.822447	-0.000000	0.797933	0.000000	0.000000	0.000000	0.000000	0.000000	0.000000
-1.001825	-0.822447	-0.000000	0.795968	0.000000	0.000000	0.000000	0.000000	0.000000	0.000000
-1.001799	-0.822447	-0.000000	0.797916	0.000000	0.000000	0.000000	0.000000	0.000000	0.000000
-1.001768	-0.822447	0.000000	0.797782	0.000000	0.000000	0.000000	0.000000	0.000000	0.000000
-1.001788	-0.822447	-0.000000	0.797897	0.000000	0.000000	0.000000	0.000000	0.000000	0.000000
-1.001794	-0.822447	0.000000	0.797830	0.000000	0.000000	0.000000	0.000000	0.000000	0.000000
-1.001792	-0.822447	0.000000	0.796490	0.000000	0.000000	0.000000	0.000000	0.000000	0.000000
-1.001772	-0.822447	0.000000	0.797968	0.000000	0.000000	0.000000	0.000000	0.000000	0.000000
-1.001774	-0.822447	0.000000	0.797748	0.000000	0.000000	0.000000	0.000000	0.000000	0.000000
-1.001780	-0.822447	-0.000000	0.797758	0.000000	0.000000	0.000000	0.000000	0.000000	0.000000
-1.001773	-0.822447	0.000000	0.797987	0.000000	0.000000	0.000000	0.000000	0.000000	0.000000
-1.001804	-0.822447	-0.000000	0.797899	0.000000	0.000000	0.000000	0.000000	0.000000	0.000000
-1.001828	-0.822447	-0.000000	0.797801	0.000000	0.000000	0.000000	0.000000	0.000000	0.000000
-1.001815	-0.822447	-0.000000	0.797905	0.000000	0.000000	0.000000	0.000000	0.000000	0.000000
-1.001789	-0.822447	0.000000	0.797885	0.000000	0.000000	0.000000	0.000000	0.000000	0.000000
-1.001745	-0.822447	0.000000	0.797959	0.000000	0.000000	0.000000	0.000000	0.000000	0.000000
-1.001744	-0.822447	0.000000	0.797892	0.000000	0.000000	0.000000	0.000000	0.000000	0.000000
-1.001812	-0.822447	-0.000000	0.797886	0.000000	0.000000	0.000000	0.000000	0.000000	0.000000
-1.001786	-0.822447	-0.000000	0.797669	0.000000	0.000000	0.000000	0.000000	0.000000	0.000000
-1.001761	-0.822447	0.000000	0.797859	0.000000	0.000000	0.000000	0.000000	0.000000	0.000000
-1.001801	-0.822447	0.000000	0.798023	0.000000	0.000000	0.000000	0.000000	0.000000	0.000000
-1.001791	-0.822447	-0.000000	0.797748	0.000000	0.000000	0.000000	0.000000	0.000000	0.000000
-1.001819	-0.822447	-0.000000	0.789505	0.000000	0.000000	0.000000	0.000000	0.000000	0.000000
-1.001725	-0.822447	0.000000	0.797937	0.000000	0.000000	0.000000	0.000000	0.000000	0.000000
-1.001815	-0.822447	-0.000000	0.797913	0.000000	0.000000	0.000000	0.000000	0.000000	0.000000
-1.001790	-0.822447	-0.000000	0.797777	0.000000	0.000000	0.000000	0.000000	0.000000	0.000000
-1.001795	-0.822447	-0.000000	0.797711	0.000000	0.000000	0.000000	0.000000	0.000000	0.000000
-1.001818	-0.822447	-0.000000	0.797880	0.000000	0.000000	0.000000	0.000000	0.000000	0.000000
-1.001791	-0.822447	0.000000	0.797990	0.000000	0.000000	0.000000	0.000000	0.000000	0.000000
-1.001810	-0.822447	0.000000	0.797968	0.000000	0.000000	0.000000	0.000000	0.000000	0.000000
-1.001796	-0.822447	-0.000000	0.798011	0.000000	0.000000	0.000000	0.000000	0.000000	0.000000
-1.001849	-0.822447	-0.000000	0.797879	0.000000	0.000000	0.000000	0.000000	0.000000	0.000000
-1.001766	-0.822447	-0.000000	0.797918	0.000000	0.000000	0.000000	0.000000	0.000000	0.000000
-1.001807	-0.822447	-0.000000	0.798168	0.000000	0.000000	0.000000	0.000000	0.000000	0.000000
-1.001787	-0.822447	-0.000000	0.797879	0.000000	0.000000	0.000000	0.000000	0.000000	0.000000
-1.001752	-0.822447	-0.000000	0.797841	0.000000	0.000000	0.000000	0.000000	0.000000	0.000000
-1.001727	-0.822447	-0.000000	0.797963	0.000000	0.000000	0.000000	0.000000	0.000000	0.000000
-1.001743	-0.822447	0.000000	0.797918	0.000000	0.000000	0.000000	0.000000	0.000000	0.000000
-1.001791	-0.822447	-0.000000	0.798031	0.000000	0.000000	0.000000	0.000000	0.000000	0.000000
-1.001793	-0.822447	-0.000000	0.797881	0.000000	0.000000	0.000000	0.000000	0.000000	0.000000
-1.001746	-0.822447	0.000000	0.797899	0.000000	0.000000	0.000000	0.000000	0.000000	0.000000
-1.001784	-0.822447	0.000000	0.797802	0.000000	0.000000	0.000000	0.000000	0.000000	0.000000
-1.001803	-0.822447	-0.000000	0.798059	0.000000	0.000000	0.000000	0.000000	0.000000	0.000000
-1.001747	-0.822447	0.000000	0.797780	0.000000	0.000000	0.000000	0.000000	0.000000	0.000000
-1.001783	-0.822447	-0.000000	0.797513	0.000000	0.000000	0.000000	0.000000	0.000000	0.000000
-1.001779	-0.822447	-0.000000	0.797964	0.000000	0.000000	0.000000	0.000000	0.000000	0.000000
-1.001791	-0.822447	-0.000000	0.268380	0.000000	0.000000	0.000000	0.000000	0.000000	0.000000
-1.001754	-0.822447	-0.000000	0.797819	0.000000	0.000000	0.000000	0.000000	0.000000	0.000000
-1.001788	-0.822447	0.000000	0.797843	0.000000	0.000000	0.000000	0.000000	0.000000	0.000000
-1.001810	-0.822447	-0.000000	0.797708	0.000000	0.000000	0.000000	0.000000	0.000000	0.000000
-1.001737	-0.822447	-0.000000	0.797764	0.000000	0.000000	0.000000	0.000000	0.000000	0.000000
-1.001767	-0.822447	-0.000000	0.797816	0.000000	0.000000	0.000000	0.000000	0.000000	0.000000
-1.001754	-0.822447	0.000000	0.797587	0.000000	0.000000	0.000000	0.000000	0.000000	0.000000
-1.001766	-0.822447	-0.000000	0.797742	0.000000	0.000000	0.000000	0.000000	0.000000	0.000000
-1.001767	-0.822447	-0.000000	0.797798	0.000000	0.000000	0.000000	0.000000	0.000000	0.000000
-1.001789	-0.822447	-0.000000	0.797823	0.000000	0.000000	0.000000	0.000000	0.000000	0.000000
-1.001790	-0.822447	-0.000000	0.797937	0.000000	0.000000	0.000000	0.000000	0.000000	0.000000
-1.001755	-0.822447	0.000000	0.797869	0.000000	0.000000	0.000000	0.000000	0.000000	0.000000
-1.001775	-0.822447	0.000000	0.797950	0.000000	0.000000	0.000000	0.000000	0.000000	0.000000
-1.001813	-0.822447	-0.000000	0.797956	0.000000	0.000000	0.000000	0.000000	0.000000	0.000000
-1.001743	-0.822447	-0.000000	0.797797	0.000000	0.000000	0.000000	0.000000	0.000000	0.000000
-1.001745	-0.822447	0.000000	0.797986	0.000000	0.000000	0.000000	0.000000	0.000000	0.000000
-1.001750	-0.822447	0.000000	0.608861	0.000000	0.000000	0.000000	0.000000	0.000000	0.000000
-1.001771	-0.822447	0.000000	0.797732	0.000000	0.000000	0.000000	0.000000	0.000000	0.000000
-1.001821	-0.822447	-0.000000	0.797873	0.000000	0.000000	0.000000	0.000000	0.000000	0.000000
-1.001725	-0.822447	0.000000	0.797748	0.000000	0.000000	0.000000	0.000000	0.000000	0.000000
-1.001773	-0.822447	0.000000	0.797667	0.000000	0.000000	0.000000	0.000000	0.000000	0.000000
-1.001706	-0.822447	0.000000	0.797880	0.000000	0.000000	0.000000	0.000000	0.000000	0.000000
-1.001775	-0.822447	0.000000	0.797995	0.000000	0.000000	0.000000	0.000000	0.000000	0.000000
-1.001775	-0.822447	0.000000	0.798096	0.000000	0.000000	0.000000	0.000000	0.000000	0.000000
-1.001778	-0.822447	-0.000000	0.798024	0.000000	0.000000	0.000000	0.000000	0.000000	0.000000
-1.001810	-0.822447	-0.000000	0.797994	0.000000	0.000000	0.000000	0.000000	0.000000	0.000000
-1.001789	-0.822447	-0.000000	0.797867	0.000000	0.000000	0.000000	0.000000	0.000000	0.000000
-1.001814	-0.822447	-0.000000	0.797841	0.000000	0.000000	0.000000	0.000000	0.000000	0.000000
-1.001779	-0.822447	0.000000	0.797850	0.000000	0.000000	0.000000	0.000000	0.000000	0.000000
-1.001790	-0.822447	-0.000000	0.797816	0.000000	0.000000	0.000000	0.000000	0.000000	0.000000
-1.001776	-0.822447	0.000000	0.797842	0.000000	0.000000	0.000000	0.000000	0.000000	0.000000
-1.001790	-0.822447	-0.000000	0.797844	0.000000	0.000000	0.000000	0.000000	0.000000	0.000000
-1.001696	-0.822447	-0.000000	0.797641	0.000000	0.000000	0.000000	0.000000	0.000000	0.000000
-1.001794	-0.822447	0.000000	0.797897	0.000000	0.000000	0.000000	0.000000	0.000000	0.000000
-1.001775	-0.822447	0.000000	0.797773	0.000000	0.000000	0.000000	0.000000	0.000000	0.000000
-1.001800	-0.822447	0.000000	0.797881	0.000000	0.000000	0.000000	0.000000	0.000000	0.000000
-1.001784	-0.822447	-0.000000	0.797963	0.000000	0.000000	0.000000	0.000000	0.000000	0.000000
-1.001798	-0.822447	-0.000000	0.797998	0.000000	0.000000	0.000000	0.000000	0.000000	0.000000
-1.001838	-0.822447	0.000000	0.798060	0.000000	0.000000	0.000000	0.000000	0.000000	0.000000
-1.001835	-0.822434	-0.000000	0.797815	0.000000	0.000000	0.000000	0.000000	0.000000	0.000000
-1.001778	-0.822447	-0.000000	0.797796	0.000000	0.000000	0.000000	0.000000	0.000000	0.000000
-1.001780	-0.822447	-0.000000	0.797908	0.000000	0.000000	0.000000	0.000000	0.000000	0.000000
-1.001800	-0.822447	-0.000000	0.797764	0.000000	0.000000	0.000000	0.000000	0.000000	0.000000
-1.001805	-0.822447	0.000000	0.797869	0.000000	0.000000	0.000000	0.000000	0.000000	0.000000
-1.001741	-0.822447	0.000000	0.797898	0.000000	0.000000	0.000000	0.000000	0.000000	0.000000
-1.001756	-0.822447	0.000000	0.797930	0.000000	0.000000	0.000000	0.000000	0.000000	0.000000
-1.001765	-0.822447	0.000000	0.797919	0.000000	0.000000	0.000000	0.000000	0.000000	0.000000
-1.001784	-0.822447	-0.000000	0.797823	0.000000	0.000000	0.000000	0.000000	0.000000	0.000000
-1.001788	-0.822447	-0.000000	0.797925	0.000000	0.000000	0.000000	0.000000	0.000000	0.000000
-1.001810	-0.822447	-0.000000	0.797822	0.000000	0.000000	0.000000	0.000000	0.000000	0.000000
-1.001823	-0.822447	0.000000	0.797891	0.000000	0.000000	0.000000	0.000000	0.000000	0.000000
-1.001749	-0.822447	0.000000	0.797954	0.000000	0.000000	0.000000	0.000000	0.000000	0.000000
-1.001778	-0.822447	-0.000000	0.797945	0.000000	0.000000	0.000000	0.000000	0.000000	0.000000
-1.001801	-0.822447	-0.000000	0.797829	0.000000	0.000000	0.000000	0.000000	0.000000	0.000000
-1.001763	-0.822447	-0.000000	0.797850	0.000000	0.000000	0.000000	0.000000	0.000000	0.000000
-1.001752	-0.822447	-0.000000	0.798007	0.000000	0.000000	0.000000	0.000000	0.000000	0.000000
-1.001790	-0.822447	-0.000000	0.797738	0.000000	0.000000	0.000000	0.000000	0.000000	0.000000
-1.001816	-0.822447	0.000000	0.797633	0.000000	0.000000	0.000000	0.000000	0.000000	0.000000
-1.001803	-0.822447	-0.000000	0.797825	0.000000	0.000000	0.000000	0.000000	0.000000	0.000000
-1.001751	-0.822447	-0.000000	0.797656	0.000000	0.000000	0.000000	0.000000	0.000000	0.000000
-1.001798	-0.822447	0.000000	0.797821	0.000000	0.000000	0.000000	0.000000	0.000000	0.000000
-1.001768	-0.822447	-0.000000	0.797805	0.000000	0.000000	0.000000	0.000000	0.000000	0.000000
-1.001712	-0.822447	0.000000	0.797968	0.000000	0.000000	0.000000	0.000000	0.000000	0.000000
-1.001785	-0.822447	-0.000000	0.797914	0.000000	0.000000	0.000000	0.000000	0.000000	0.000000
-1.001780	-0.822447	-0.000000	0.797809	0.000000	0.000000	0.000000	0.000000	0.000000	0.000000
-1.001762	-0.822447	0.000000	0.797840	0.000000	0.000000	0.000000	0.000000	0.000000	0.000000
-1.001790	-0.822447	-0.000000	0.797836	0.000000	0.000000	0.000000	0.000000	0.000000	0.000000
-1.001807	-0.822447	-0.000000	0.797940	0.000000	0.000000	0.000000	0.000000	0.000000	0.000000
-1.001734	-0.822447	-0.000000	0.797853	0.000000	0.000000	0.000000	0.000000	0.000000	0.000000
-1.001820	-0.822447	-0.000000	0.797982	0.000000	0.000000	0.000000	0.000000	0.000000	0.000000
-1.001784	-0.822447	0.000000	0.797873	0.000000	0.000000	0.000000	0.000000	0.000000	0.000000
-1.001752	-0.822447	0.000000	0.797844	0.000000	0.000000	0.000000	0.000000	0.000000	0.000000
-1.001793	-0.822447	0.000000	0.797846	0.000000	0.000000	0.000000	0.000000	0.000000	0.000000
-1.001767	-0.822447	0.000000	0.797813	0.000000	0.000000	0.000000	0.000000	0.000000	0.000000
-1.001780	-0.821298	0.000000	0.797812	0.000000	0.000000	0.000000	0.000000	0.000000	0.000000
-1.001757	-0.822447	-0.000000	0.797449	0.000000	0.000000	0.000000	0.000000	0.000000	0.000000
-1.001777	-0.822447	-0.000000	0.797916	0.000000	0.000000	0.000000	0.000000	0.000000	0.000000
-1.001806	-0.822446	-0.000000	0.797845	0.000000	0.000000	0.000000	0.000000	0.000000	0.000000
-1.001752	-0.822447	0.000000	0.797831	0.000000	0.000000	0.000000	0.000000	0.000000	0.000000
-1.001792	-0.822447	-0.000000	0.797801	0.000000	0.000000	0.000000	0.000000	0.000000	0.000000
-1.001743	-0.822447	-0.000000	0.797944	0.000000	0.000000	0.000000	0.000000	0.000000	0.000000
-1.001798	-0.822447	0.000000	0.797817	0.000000	0.000000	0.000000	0.000000	0.000000	0.000000
-1.001803	-0.822447	-0.000000	0.797799	0.000000	0.000000	0.000000	0.000000	0.000000	0.000000
-1.001768	-0.822447	-0.000000	0.797806	0.000000	0.000000	0.000000	0.000000	0.000000	0.000000
-1.001741	-0.822447	0.000000	0.797984	0.000000	0.000000	0.000000	0.000000	0.000000	0.000000
-1.001818	-0.822447	0.000000	0.797988	0.000000	0.000000	0.000000	0.000000	0.000000	0.000000
-1.001745	-0.822447	0.000000	0.797889	0.000000	0.000000	0.000000	0.000000	0.000000	0.000000
-1.001805	-0.822447	0.000000	0.797921	0.000000	0.000000	0.000000	0.000000	0.000000	0.000000
-1.001774	-0.822447	0.000000	0.798080	0.000000	0.000000	0.000000	0.000000	0.000000	0.000000
-1.001782	-0.822447	-0.000000	0.797726	0.000000	0.000000	0.000000	0.000000	0.000000	0.000000
-1.001768	-0.822447	0.000000	0.797925	0.000000	0.000000	0.000000	0.000000	0.000000	0.000000
-1.001835	-0.822447	-0.000000	0.798042	0.000000	0.000000	0.000000	0.000000	0.000000	0.000000
-1.001740	-0.822447	-0.000000	0.797955	0.000000	0.000000	0.000000	0.000000	0.000000	0.000000
-1.001781	-0.822447	0.000000	0.797791	0.000000	0.000000	0.000000	0.000000	0.000000	0.000000
-1.001829	-0.822447	0.000000	0.797834	0.000000	0.000000	0.000000	0.000000	0.000000	0.000000
-1.001823	-0.822447	-0.000000	0.798033	0.000000	0.000000	0.000000	0.000000	0.000000	0.000000
-1.001752	-0.822447	-0.000000	0.797923	0.000000	0.000000	0.000000	0.000000	0.000000	0.000000
-1.001778	-0.822447	-0.000000	0.797894	0.000000	0.000000	0.000000	0.000000	0.000000	0.000000
-1.001813	-0.822447	-0.000000	0.797881	0.000000	0.000000	0.000000	0.000000	0.000000	0.000000
-1.001803	-0.822447	-0.000000	0.797786	0.000000	0.000000	0.000000	0.000000	0.000000	0.000000
-1.001844	-0.822447	-0.000000	0.797908	0.000000	0.000000	0.000000	0.000000	0.000000	0.000000
-1.001790	-0.822447	0.000000	0.797614	0.000000	0.000000	0.000000	0.000000	0.000000	0.000000
-1.001801	-0.822447	0.000000	0.797888	0.000000	0.000000	0.000000	0.000000	0.000000	0.000000
-1.001784	-0.822447	-0.000000	0.798002	0.000000	0.000000	0.000000	0.000000	0.000000	0.000000
-1.001771	-0.822447	-0.000000	0.797917	0.000000	0.000000	0.000000	0.000000	0.000000	0.000000
-1.001840	-0.822447	0.000000	0.797803	0.000000	0.000000	0.000000	0.000000	0.000000	0.000000
-1.001775	-0.822447	-0.000000	0.797788	0.000000	0.000000	0.000000	0.000000	0.000000	0.000000
-1.001786	-0.822447	0.000000	0.797836	0.000000	0.000000	0.000000	0.000000	0.000000	0.000000
-1.001819	-0.822447	-0.000000	0.797739	0.000000	0.000000	0.000000	0.000000	0.000000	0.000000
-1.001767	-0.822447	0.000000	0.797904	0.000000	0.000000	0.000000	0.000000	0.000000	0.000000
-1.001793	-0.822447	-0.000000	0.797814	0.000000	0.000000	0.000000	0.000000	0.000000	0.000000
-1.001766	-0.822447	0.000000	0.797886	0.000000	0.000000	0.000000	0.000000	0.000000	0.000000
-1.001708	-0.822447	-0.000000	0.797897	0.000000	0.000000	0.000000	0.000000	0.000000	0.000000
