-0.952961	0.825397	0.802725	-0.818779	0.000000	0.000000	0.000000	0.000000	0.000000	0.000000
-0.952961	0.825396	0.802890	-0.819089	0.000000	0.000000	0.000000	0.000000	0.000000	0.000000
-0.952961	0.825389	0.782279	-0.819089	0.000000	0.000000	0.000000	0.000000	0.000000	0.000000
-0.952961	0.825408	0.802962	-0.819087	0.000000	0.000000	0.000000	0.000000	0.000000	0.000000
-0.952961	0.825418	0.802744	-0.819086	0.000000	0.000000	0.000000	0.000000	0.000000	0.000000
-0.952961	0.825393	0.802948	-0.815635	0.000000	0.000000	0.000000	0.000000	0.000000	0.000000
-0.952961	0.825392	0.802715	-0.819082	0.000000	0.000000	0.000000	0.000000	0.000000	0.000000
-0.952961	0.825389	0.802648	-0.818516	0.000000	0.000000	0.000000	0.000000	0.000000	0.000000
-0.952961	0.825408	0.802841	-0.819089	0.000000	0.000000	0.000000	0.000000	0.000000	0.000000
-0.952961	0.825392	0.802831	-0.819088	0.000000	0.000000	0.000000	0.000000	0.000000	0.000000
-0.952961	0.825391	0.802833	-0.819008	0.000000	0.000000	0.000000	0.000000	0.000000	0.000000
-0.952961	0.825409	0.802719	-0.819089	0.000000	0.000000	0.000000	0.000000	0.000000	0.000000
-0.952961	0.825399	0.802962	-0.819065	0.000000	0.000000	0.000000	0.000000	0.000000	0.000000
-0.952961	0.825388	0.802208	-0.818956	0.000000	0.000000	0.000000	0.000000	0.000000	0.000000
-0.952961	0.825398	0.787981	-0.819076	0.000000	0.000000	0.000000	0.000000	0.000000	0.000000
-0.952961	0.825410	0.802488	-0.819061	0.000000	0.000000	0.000000	0.000000	0.000000	0.000000
-0.952961	0.825395	0.802703	-0.818312	0.000000	0.000000	0.000000	0.000000	0.000000	0.000000
-0.952961	0.825413	0.802618	-0.819089	0.000000	0.000000	0.000000	0.000000	0.000000	0.000000
-0.952961	0.825401	0.802700	-0.819085	0.000000	0.000000	0.000000	0.000000	0.000000	0.000000
-0.952961	0.825399	0.802863	-0.819075	0.000000	0.000000	0.000000	0.000000	0.000000	0.000000
-0.952961	0.825401	0.802859	-0.819088	0.000000	0.000000	0.000000	0.000000	0.000000	0.000000
-0.952961	0.825410	0.802568	-0.819060	0.000000	0.000000	0.000000	0.000000	0.000000	0.000000
-0.952961	0.825407	0.802629	-0.819088	0.000000	0.000000	0.000000	0.000000	0.000000	0.000000
-0.952961	0.825402	0.802787	-0.819082	0.000000	0.000000	0.000000	0.000000	0.000000	0.000000
-0.952961	0.825412	0.802780	-0.819070	0.000000	0.000000	0.000000	0.000000	0.000000	0.000000
-0.952961	0.825393	0.802842	-0.819084	0.000000	0.000000	0.000000	0.000000	0.000000	0.000000
-0.952961	0.825389	0.802754	-0.819074	0.000000	0.000000	0.000000	0.000000	0.000000	0.000000
-0.952961	0.825400	0.802828	-0.819066	0.000000	0.000000	0.000000	0.000000	0.000000	0.000000
-0.952961	0.825404	0.802990	-0.819087	0.000000	0.000000	0.000000	0.000000	0.000000	0.000000
-0.952961	0.825395	0.802681	-0.819021	0.000000	0.000000	0.000000	0.000000	0.000000	0.000000
-0.952961	0.825382	0.802812	-0.819089	0.000000	0.000000	0.000000	0.000000	0.000000	0.000000
-0.952961	0.825395	0.802643	-0.801932	0.000000	0.000000	0.000000	0.000000	0.000000	0.000000
-0.952961	0.825401	0.802859	-0.819088	0.000000	0.000000	0.000000	0.000000	0.000000	0.000000
-0.952961	0.825407	0.802807	-0.815937	0.000000	0.000000	0.000000	0.000000	0.000000	0.000000
-0.952961	0.825387	0.802271	-0.818744	0.000000	0.000000	0.000000	0.000000	0.000000	0.000000
-0.952961	0.825405	0.802845	-0.819089	0.000000	0.000000	0.000000	0.000000	0.000000	0.000000
-0.952961	0.825398	0.802997	-0.819088	0.000000	0.000000	0.000000	0.000000	0.000000	0.000000
-0.952961	0.825399	0.802392	-0.819089	0.000000	0.000000	0.000000	0.000000	0.000000	0.000000
-0.952961	0.825389	0.801908	-0.818538	0.000000	0.000000	0.000000	0.000000	0.000000	0.000000
-0.952961	0.825391	0.802814	-0.819086	0.000000	0.000000	0.000000	0.000000	0.000000	0.000000
-0.952961	0.825387	0.802984	-0.819085	0.000000	0.000000	0.000000	0.000000	0.000000	0.000000
-0.952961	0.825399	0.802785	-0.819089	0.000000	0.000000	0.000000	0.000000	0.000000	0.000000
-0.952961	0.825399	0.802882	-0.819089	0.000000	0.000000	0.000000	0.000000	0.000000	0.000000
-0.952961	0.825401	0.802531	-0.819039	0.000000	0.000000	0.000000	0.000000	0.000000	0.000000
-0.952961	0.825413	0.798437	-0.819088	0.000000	0.000000	0.000000	0.000000	0.000000	0.000000
-0.952961	0.825403	0.802534	-0.818974	0.000000	0.000000	0.000000	0.000000	0.000000	0.000000
-0.952961	0.825396	0.802288	-0.819039	0.000000	0.000000	0.000000	0.000000	0.000000	0.000000
-0.952961	0.825400	0.802516	-0.818693	0.000000	0.000000	0.000000	0.000000	0.000000	0.000000
-0.952961	0.825396	0.802645	-0.818866	0.000000	0.000000	0.000000	0.000000	0.000000	0.000000
-0.952961	0.825401	0.802855	-0.812999	0.000000	0.000000	0.000000	0.000000	0.000000	0.000000
-0.952961	0.825405	0.802782	-0.819078	0.000000	0.000000	0.000000	0.000000	0.000000	0.000000
-0.952961	0.825410	0.802934	-0.819054	0.000000	0.000000	0.000000	0.000000	0.000000	0.000000
-0.952961	0.825410	0.802838	-0.819089	0.000000	0.000000	0.000000	0.000000	0.000000	0.000000
-0.952961	0.825394	0.801902	-0.819089	0.000000	0.000000	0.000000	0.000000	0.000000	0.000000
-0.952961	0.825414	0.802860	-0.819052	0.000000	0.000000	0.000000	0.000000	0.000000	0.000000
-0.952961	0.825405	0.802635	-0.818505	0.000000	0.000000	0.000000	0.000000	0.000000	0.000000
-0.952961	0.825400	0.802788	-0.819089	0.000000	0.000000	0.000000	0.000000	0.000000	0.000000
-0.952961	0.825399	0.802547	-0.818810	0.000000	0.000000	0.000000	0.000000	0.000000	0.000000
-0.952961	0.825392	0.802957	-0.818930	0.000000	0.000000	0.000000	0.000000	0.000000	0.000000
-0.952961	0.825393	0.802938	-0.819038	0.000000	0.000000	0.000000	0.000000	0.000000	0.000000
-0.952961	0.825412	0.802737	-0.819081	0.000000	0.000000	0.000000	0.000000	0.000000	0.000000
-0.952961	0.825401	0.802876	-0.819047	0.000000	0.000000	0.000000	0.000000	0.000000	0.000000
-0.952961	0.825397	0.802940	-0.819087	0.000000	0.000000	0.000000	0.000000	0.000000	0.000000
-0.952961	0.825388	0.802858	-0.819089	0.000000	0.000000	0.000000	0.000000	0.000000	0.000000
-0.952961	0.825400	0.802599	-0.819089	0.000000	0.000000	0.000000	0.000000	0.000000	0.000000
-0.952961	0.825410	0.802839	-0.819075	0.000000	0.000000	0.000000	0.000000	0.000000	0.000000
-0.952961	0.825392	0.793941	-0.819089	0.000000	0.000000	0.000000	0.000000	0.000000	0.000000
-0.952961	0.825397	0.802911	-0.819084	0.000000	0.000000	0.000000	0.000000	0.000000	0.000000
-0.952961	0.825375	0.802819	-0.819089	0.000000	0.000000	0.000000	0.000000	0.000000	0.000000
-0.952961	0.825397	0.802758	-0.819008	0.000000	0.000000	0.000000	0.000000	0.000000	0.000000
-0.952961	0.825394	0.802880	-0.818897	0.000000	0.000000	0.000000	0.000000	0.000000	0.000000
-0.952961	0.825378	0.802429	-0.818871	0.000000	0.000000	0.000000	0.000000	0.000000	0.000000
-0.952961	0.825417	0.802968	-0.819084	0.000000	0.000000	0.000000	0.000000	0.000000	0.000000
-0.952961	0.825406	0.802778	-0.819082	0.000000	0.000000	0.000000	0.000000	0.000000	0.000000
-0.952961	0.825415	0.798241	-0.819056	0.000000	0.000000	0.000000	0.000000	0.000000	0.000000
-0.952961	0.825392	0.802806	-0.815396	0.000000	0.000000	0.000000	0.000000	0.000000	0.000000
-0.952961	0.825412	0.802894	-0.819088	0.000000	0.000000	0.000000	0.000000	0.000000	0.000000
-0.952961	0.825400	0.802614	-0.819089	0.000000	0.000000	0.000000	0.000000	0.000000	0.000000
-0.952961	0.825380	0.802876	-0.819089	0.000000	0.000000	0.000000	0.000000	0.000000	0.000000
-0.952961	0.825411	0.802747	-0.819066	0.000000	0.000000	0.000000	0.000000	0.000000	0.000000
-0.952961	0.825407	0.802647	-0.819089	0.000000	0.000000	0.000000	0.000000	0.000000	0.000000
-0.952961	0.825396	0.802803	-0.819089	0.000000	0.000000	0.000000	0.000000	0.000000	0.000000
-0.952961	0.825397	0.802677	-0.781463	0.000000	0.000000	0.000000	0.000000	0.000000	0.000000
-0.952961	0.825397	0.802781	-0.819089	0.000000	0.000000	0.000000	0.000000	0.000000	0.000000
-0.952961	0.825398	0.802748	-0.819089	0.000000	0.000000	0.000000	0.000000	0.000000	0.000000
-0.952961	0.825388	0.802916	-0.812165	0.000000	0.000000	0.000000	0.000000	0.000000	0.000000
-0.952961	0.825401	0.802957	-0.819038	0.000000	0.000000	0.000000	0.000000	0.000000	0.000000
-0.952961	0.825400	0.802834	-0.819065	0.000000	0.000000	0.000000	0.000000	0.000000	0.000000
-0.952961	0.825396	0.802962	-0.819058	0.000000	0.000000	0.000000	0.000000	0.000000	0.000000
-0.952961	0.825386	0.802724	-0.819086	0.000000	0.000000	0.000000	0.000000	0.000000	0.000000
-0.952961	0.825406	0.802597	-0.819083	0.000000	0.000000	0.000000	0.000000	0.000000	0.000000
-0.952961	0.825408	0.802823	-0.819055	0.000000	0.000000	0.000000	0.000000	0.000000	0.000000
-0.952961	0.825401	0.802861	-0.819020	0.000000	0.000000	0.000000	0.000000	0.000000	0.000000
-0.952961	0.825409	0.802752	-0.819007	0.000000	0.000000	0.000000	0.000000	0.000000	0.000000
-0.952961	0.825404	0.802683	-0.819089	0.000000	0.000000	0.000000	0.000000	0.000000	0.000000
-0.952961	0.825398	0.802726	-0.819088	0.000000	0.000000	0.000000	0.000000	0.000000	0.000000
-0.952961	0.825396	0.802226	-0.819028	0.000000	0.000000	0.000000	0.000000	0.000000	0.000000
-0.952961	0.825404	0.802786	-0.819089	0.000000	0.000000	0.000000	0.000000	0.000000	0.000000
-0.952961	0.825402	0.802764	-0.818477	0.000000	0.000000	0.000000	0.000000	0.000000	0.000000
-0.952961	0.825394	0.802727	-0.819063	0.000000	0.000000	0.000000	0.000000	0.000000	0.000000
-0.952961	0.825394	0.802819	-0.818813	0.000000	0.000000	0.000000	0.000000	0.000000	0.000000
-0.952961	0.825400	0.802834	-0.819079	0.000000	0.000000	0.000000	0.000000	0.000000	0.000000
-0.952961	0.825389	0.802747	-0.819065	0.000000	0.000000	0.000000	0.000000	0.000000	0.000000
-0.952961	0.825399	0.802891	-0.818421	0.000000	0.000000	0.000000	0.000000	0.000000	0.000000
-0.952961	0.825389	0.800894	-0.818838	0.000000	0.000000	0.000000	0.000000	0.000000	0.000000
-0.952961	0.825404	0.802856	-0.819084	0.000000	0.000000	0.000000	0.000000	0.000000	0.000000
-0.952961	0.825408	0.802685	-0.818763	0.000000	0.000000	0.000000	0.000000	0.000000	0.000000
-0.952961	0.825248	0.802735	-0.819083	0.000000	0.000000	0.000000	0.000000	0.000000	0.000000
-0.952961	0.825412	0.801421	-0.819089	0.000000	0.000000	0.000000	0.000000	0.000000	0.000000
-0.952961	0.825414	0.802666	-0.819048	0.000000	0.000000	0.000000	0.000000	0.000000	0.000000
-0.952961	0.825390	0.802847	-0.819081	0.000000	0.000000	0.000000	0.000000	0.000000	0.000000
-0.952961	0.825389	0.802784	-0.819089	0.000000	0.000000	0.000000	0.000000	0.000000	0.000000
-0.952961	0.825398	0.802719	-0.819089	0.000000	0.000000	0.000000	0.000000	0.000000	0.000000
-0.952961	0.825404	0.802701	-0.819088	0.000000	0.000000	0.000000	0.000000	0.000000	0.000000
-0.952961	0.825391	0.802867	-0.818672	0.000000	0.000000	0.000000	0.000000	0.000000	0.000000
-0.952961	0.825393	0.801299	-0.819089	0.000000	0.000000	0.000000	0.000000	0.000000	0.000000
-0.952961	0.825391	0.802406	-0.819020	0.000000	0.000000	0.000000	0.000000	0.000000	0.000000
-0.952961	0.825341	0.802850	-0.818997	0.000000	0.000000	0.000000	0.000000	0.000000	0.000000
-0.952960	0.825402	0.802837	-0.819085	0.000000	0.000000	0.000000	0.000000	0.000000	0.000000
-0.952961	0.825410	0.802867	-0.819089	0.000000	0.000000	0.000000	0.000000	0.000000	0.000000
-0.952961	0.825396	0.802439	-0.819087	0.000000	0.000000	0.000000	0.000000	0.000000	0.000000
-0.952961	0.825398	0.797387	-0.810170	0.000000	0.000000	0.000000	0.000000	0.000000	0.000000
-0.952961	0.825411	0.802800	-0.819047	0.000000	0.000000	0.000000	0.000000	0.000000	0.000000
-0.952961	0.825388	0.802792	-0.819089	0.000000	0.000000	0.000000	0.000000	0.000000	0.000000
-0.952961	0.825403	0.802884	-0.818982	0.000000	0.000000	0.000000	0.000000	0.000000	0.000000
-0.952961	0.825399	0.802641	-0.819089	0.000000	0.000000	0.000000	0.000000	0.000000	0.000000
-0.952961	0.825399	0.802675	-0.819085	0.000000	0.000000	0.000000	0.000000	0.000000	0.000000
-0.952961	0.825391	0.802949	-0.819088	0.000000	0.000000	0.000000	0.000000	0.000000	0.000000
-0.952961	0.825388	0.802398	-0.807479	0.000000	0.000000	0.000000	0.000000	0.000000	0.000000
-0.952961	0.825388	0.802808	-0.819089	0.000000	0.000000	0.000000	0.000000	0.000000	0.000000
-0.952961	0.825410	0.713761	-0.819056	0.000000	0.000000	0.000000	0.000000	0.000000	0.000000
-0.952961	0.825397	0.802848	-0.812612	0.000000	0.000000	0.000000	0.000000	0.000000	0.000000
-0.952961	0.825397	0.802892	-0.819049	0.000000	0.000000	0.000000	0.000000	0.000000	0.000000
-0.952961	0.825402	0.802768	-0.819085	0.000000	0.000000	0.000000	0.000000	0.000000	0.000000
-0.952961	0.825395	0.802767	-0.819076	0.000000	0.000000	0.000000	0.000000	0.000000	0.000000
-0.952961	0.825392	0.802803	-0.819087	0.000000	0.000000	0.000000	0.000000	0.000000	0.000000
-0.952961	0.825405	0.802499	-0.819080	0.000000	0.000000	0.000000	0.000000	0.000000	0.000000
-0.952961	0.825396	0.802873	-0.819089	0.000000	0.000000	0.000000	0.000000	0.000000	0.000000
-0.952961	0.825397	0.802777	-0.819058	0.000000	0.000000	0.000000	0.000000	0.000000	0.000000
-0.952961	0.825389	0.727470	-0.818880	0.000000	0.000000	0.000000	0.000000	0.000000	0.000000
-0.952961	0.825397	0.802788	-0.819077	0.000000	0.000000	0.000000	0.000000	0.000000	0.000000
-0.952961	0.825409	0.802901	-0.819084	0.000000	0.000000	0.000000	0.000000	0.000000	0.000000
-0.952961	0.825415	0.802857	-0.819087	0.000000	0.000000	0.000000	0.000000	0.000000	0.000000
-0.952961	0.825395	0.802827	-0.816818	0.000000	0.000000	0.000000	0.000000	0.000000	0.000000
-0.952961	0.825400	0.802954	-0.815846	0.000000	0.000000	0.000000	0.000000	0.000000	0.000000
-0.952961	0.825399	0.781642	-0.819088	0.000000	0.000000	0.000000	0.000000	0.000000	0.000000
-0.952961	0.825389	0.802732	-0.819087	0.000000	0.000000	0.000000	0.000000	0.000000	0.000000
-0.952961	0.825398	0.802876	-0.818757	0.000000	0.000000	0.000000	0.000000	0.000000	0.000000
-0.952961	0.825397	0.802854	-0.819089	0.000000	0.000000	0.000000	0.000000	0.000000	0.000000
-0.952961	0.825408	0.802522	-0.819054	0.000000	0.000000	0.000000	0.000000	0.000000	0.000000
-0.952961	0.825403	0.802843	-0.819083	0.000000	0.000000	0.000000	0.000000	0.000000	0.000000
-0.952961	0.825402	0.802843	-0.819081	0.000000	0.000000	0.000000	0.000000	0.000000	0.000000
-0.952961	0.825397	0.802907	-0.819089	0.000000	0.000000	0.000000	0.000000	0.000000	0.000000
-0.952961	0.825394	0.750929	-0.813596	0.000000	0.000000	0.000000	0.000000	0.000000	0.000000
-0.952961	0.825405	0.802667	-0.819088	0.000000	0.000000	0.000000	0.000000	0.000000	0.000000
-0.952961	0.825401	0.802806	-0.818978	0.000000	0.000000	0.000000	0.000000	0.000000	0.000000
-0.952961	0.825406	0.802905	-0.815626	0.000000	0.000000	0.000000	0.000000	0.000000	0.000000
-0.952961	0.825392	0.802679	-0.819089	0.000000	0.000000	0.000000	0.000000	0.000000	0.000000
-0.952961	0.825412	0.800117	-0.819089	0.000000	0.000000	0.000000	0.000000	0.000000	0.000000
-0.952961	0.825402	0.802876	-0.819087	0.000000	0.000000	0.000000	0.000000	0.000000	0.000000
-0.952961	0.825405	0.802844	-0.819085	0.000000	0.000000	0.000000	0.000000	0.000000	0.000000
-0.952961	0.825395	0.802978	-0.819089	0.000000	0.000000	0.000000	0.000000	0.000000	0.000000
-0.952961	0.825415	0.802749	-0.819084	0.000000	0.000000	0.000000	0.000000	0.000000	0.000000
-0.952961	0.825397	0.802926	-0.818094	0.000000	0.000000	0.000000	0.000000	0.000000	0.000000
-0.952961	0.825388	0.802835	-0.817953	0.000000	0.000000	0.000000	0.000000	0.000000	0.000000
-0.952961	0.825399	0.799801	-0.819086	0.000000	0.000000	0.000000	0.000000	0.000000	0.000000
-0.952961	0.825393	0.802577	-0.819064	0.000000	0.000000	0.000000	0.000000	0.000000	0.000000
-0.952961	0.825394	0.802917	-0.819012	0.000000	0.000000	0.000000	0.000000	0.000000	0.000000
-0.952961	0.825394	0.802831	-0.819088	0.000000	0.000000	0.000000	0.000000	0.000000	0.000000
-0.952961	0.825389	0.802496	-0.818617	0.000000	0.000000	0.000000	0.000000	0.000000	0.000000
-0.952961	0.825405	0.798973	-0.819089	0.000000	0.000000	0.000000	0.000000	0.000000	0.000000
-0.952961	0.825393	0.802800	-0.819049	0.000000	0.000000	0.000000	0.000000	0.000000	0.000000
-0.952961	0.825413	0.802815	-0.819087	0.000000	0.000000	0.000000	0.000000	0.000000	0.000000
-0.952961	0.825400	0.802157	-0.819084	0.000000	0.000000	0.000000	0.000000	0.000000	0.000000
-0.952961	0.825406	0.802007	-0.819087	0.000000	0.000000	0.000000	0.000000	0.000000	0.000000
-0.952961	0.825388	0.802866	-0.819018	0.000000	0.000000	0.000000	0.000000	0.000000	0.000000
-0.952961	0.825423	0.802755	-0.819089	0.000000	0.000000	0.000000	0.000000	0.000000	0.000000
-0.952961	0.825407	0.801638	-0.819089	0.000000	0.000000	0.000000	0.000000	0.000000	0.000000
-0.952961	0.825393	0.802848	-0.819085	0.000000	0.000000	0.000000	0.000000	0.000000	0.000000
-0.952961	0.825391	0.802668	-0.819088	0.000000	0.000000	0.000000	0.000000	0.000000	0.000000
-0.952961	0.825412	0.802815	-0.819088	0.000000	0.000000	0.000000	0.000000	0.000000	0.000000
-0.952961	0.825400	0.802682	-0.806403	0.000000	0.000000	0.000000	0.000000	0.000000	0.000000
-0.952961	0.825393	0.802162	-0.818848	0.000000	0.000000	0.000000	0.000000	0.000000	0.000000
-0.952961	0.825380	0.752637	-0.818778	0.000000	0.000000	0.000000	0.000000	0.000000	0.000000
-0.952961	0.825396	0.802769	-0.819089	0.000000	0.000000	0.000000	0.000000	0.000000	0.000000
-0.952961	0.825387	0.802435	-0.819077	0.000000	0.000000	0.000000	0.000000	0.000000	0.000000
-0.952961	0.825407	0.802714	-0.819037	0.000000	0.000000	0.000000	0.000000	0.000000	0.000000
-0.952961	0.825395	0.802831	-0.819088	0.000000	0.000000	0.000000	0.000000	0.000000	0.000000
-0.952961	0.825399	0.802760	-0.819070	0.000000	0.000000	0.000000	0.000000	0.000000	0.000000
-0.952961	0.825405	0.802805	-0.818803	0.000000	0.000000	0.000000	0.000000	0.000000	0.000000
-0.952961	0.825408	0.802865	-0.819089	0.000000	0.000000	0.000000	0.000000	0.000000	0.000000
-0.952961	0.825399	0.802928	-0.819065	0.000000	0.000000	0.000000	0.000000	0.000000	0.000000
-0.952961	0.825392	0.802297	-0.818959	0.000000	0.000000	0.000000	0.000000	0.000000	0.000000
-0.952961	0.825411	0.802759	-0.819089	0.000000	0.000000	0.000000	0.000000	0.000000	0.000000
-0.952961	0.825405	0.802676	-0.819089	0.000000	0.000000	0.000000	0.000000	0.000000	0.000000
-0.952961	0.825401	0.802851	-0.819069	0.000000	0.000000	0.000000	0.000000	0.000000	0.000000
-0.952961	0.825397	0.802858	-0.819083	0.000000	0.000000	0.000000	0.000000	0.000000	0.000000
-0.952961	0.825381	0.802750	-0.819089	0.000000	0.000000	0.000000	0.000000	0.000000	0.000000
-0.952961	0.825393	0.803011	-0.819089	0.000000	0.000000	0.000000	0.000000	0.000000	0.000000
-0.952961	0.825386	0.802669	-0.816962	0.000000	0.000000	0.000000	0.000000	0.000000	0.000000
-0.952961	0.825403	0.801964	-0.817939	0.000000	0.000000	0.000000	0.000000	0.000000	0.000000
-0.952961	0.825393	0.802882	-0.818969	0.000000	0.000000	0.000000	0.000000	0.000000	0.000000
-0.952961	0.825401	0.802734	-0.819089	0.000000	0.000000	0.000000	0.000000	0.000000	0.000000
-0.952961	0.825402	0.802862	-0.819089	0.000000	0.000000	0.000000	0.000000	0.000000	0.000000
-0.952961	0.825401	0.802622	-0.807127	0.000000	0.000000	0.000000	0.000000	0.000000	0.000000
-0.952961	0.825396	0.802895	-0.819074	0.000000	0.000000	0.000000	0.000000	0.000000	0.000000
-0.952961	0.825405	0.802609	-0.819009	0.000000	0.000000	0.000000	0.000000	0.000000	0.000000
-0.952961	0.825407	0.802702	-0.819087	0.000000	0.000000	0.000000	0.000000	0.000000	0.000000
-0.952961	0.825401	0.802819	-0.819085	0.000000	0.000000	0.000000	0.000000	0.000000	0.000000
-0.952961	0.825343	0.800444	-0.819089	0.000000	0.000000	0.000000	0.000000	0.000000	0.000000
-0.952961	0.825404	0.796760	-0.819089	0.000000	0.000000	0.000000	0.000000	0.000000	0.000000
-0.952961	0.825400	0.802785	-0.819086	0.000000	0.000000	0.000000	0.000000	0.000000	0.000000
-0.952961	0.825404	0.802639	-0.819052	0.000000	0.000000	0.000000	0.000000	0.000000	0.000000
-0.952961	0.825388	0.802922	-0.819003	0.000000	0.000000	0.000000	0.000000	0.000000	0.000000
-0.952961	0.825405	0.802766	-0.819089	0.000000	0.000000	0.000000	0.000000	0.000000	0.000000
-0.952961	0.825404	0.802839	-0.818904	0.000000	0.000000	0.000000	0.000000	0.000000	0.000000
-0.952961	0.825398	0.802775	-0.818964	0.000000	0.000000	0.000000	0.000000	0.000000	0.000000
-0.952961	0.825397	0.802778	-0.819089	0.000000	0.000000	0.000000	0.000000	0.000000	0.000000
-0.952961	0.825404	0.802876	-0.819088	0.000000	0.000000	0.000000	0.000000	0.000000	0.000000
-0.952961	0.825402	0.802841	-0.819026	0.000000	0.000000	0.000000	0.000000	0.000000	0.000000
-0.952961	0.825182	0.802909	-0.798268	0.000000	0.000000	0.000000	0.000000	0.000000	0.000000
-0.952961	0.825389	0.801987	-0.819066	0.000000	0.000000	0.000000	0.000000	0.000000	0.000000
-0.952961	0.825398	0.802834	-0.818716	0.000000	0.000000	0.000000	0.000000	0.000000	0.000000
-0.952961	0.825404	0.802603	-0.819082	0.000000	0.000000	0.000000	0.000000	0.000000	0.000000
-0.952961	0.825388	0.802851	-0.819005	0.000000	0.000000	0.000000	0.000000	0.000000	0.000000
-0.952961	0.825418	0.802678	-0.819087	0.000000	0.000000	0.000000	0.000000	0.000000	0.000000
-0.952961	0.825405	0.803075	-0.819088	0.000000	0.000000	0.000000	0.000000	0.000000	0.000000
-0.952961	0.825400	0.802954	-0.819088	0.000000	0.000000	0.000000	0.000000	0.000000	0.000000
-0.952961	0.825400	0.802696	-0.819088	0.000000	0.000000	0.000000	0.000000	0.000000	0.000000
-0.952961	0.825411	0.802703	-0.819089	0.000000	0.000000	0.000000	0.000000	0.000000	0.000000
-0.952961	0.825401	0.802892	-0.819066	0.000000	0.000000	0.000000	0.000000	0.000000	0.000000
-0.952961	0.825413	0.802810	-0.819089	0.000000	0.000000	0.000000	0.000000	0.000000	0.000000
-0.952961	0.825218	0.802784	-0.819086	0.000000	0.000000	0.000000	0.000000	0.000000	0.000000
-0.952961	0.825409	0.802701	-0.819087	0.000000	0.000000	0.000000	0.000000	0.000000	0.000000
-0.952961	0.825389	0.802768	-0.819082	0.000000	0.000000	0.000000	0.000000	0.000000	0.000000
-0.952961	0.825402	0.802429	-0.819081	0.000000	0.000000	0.000000	0.000000	0.000000	0.000000
-0.952961	0.825398	0.802900	-0.819037	0.000000	0.000000	0.000000	0.000000	0.000000	0.000000
-0.952961	0.825403	0.793926	-0.817832	0.000000	0.000000	0.000000	0.000000	0.000000	0.000000
-0.952961	0.825389	0.802792	-0.815659	0.000000	0.000000	0.000000	0.000000	0.000000	0.000000
-0.952961	0.825406	0.802766	-0.819034	0.000000	0.000000	0.000000	0.000000	0.000000	0.000000
-0.952961	0.825388	0.802684	-0.819065	0.000000	0.000000	0.000000	0.000000	0.000000	0.000000
-0.952961	0.825403	0.802867	-0.817506	0.000000	0.000000	0.000000	0.000000	0.000000	0.000000
-0.952961	0.825396	0.802436	-0.815006	0.000000	0.000000	0.000000	0.000000	0.000000	0.000000
-0.952961	0.825413	0.802745	-0.819088	0.000000	0.000000	0.000000	0.000000	0.000000	0.000000
-0.952961	0.825398	0.802860	-0.819089	0.000000	0.000000	0.000000	0.000000	0.000000	0.000000
-0.952961	0.825398	0.802706	-0.816318	0.000000	0.000000	0.000000	0.000000	0.000000	0.000000
-0.952961	0.825408	0.802948	-0.816002	0.000000	0.000000	0.000000	0.000000	0.000000	0.000000
-0.952961	0.825399	0.802922	-0.819087	0.000000	0.000000	0.000000	0.000000	0.000000	0.000000
-0.952961	0.825386	0.802713	-0.819089	0.000000	0.000000	0.000000	0.000000	0.000000	0.000000
-0.952961	0.825401	0.802714	-0.819089	0.000000	0.000000	0.000000	0.000000	0.000000	0.000000
-0.952961	0.825251	-0.000038	0.000020	0.000000	0.000000	0.000000	0.000000	0.000000	0.000000
-0.952961	0.825388	-0.787273	0.689038	0.000000	0.000000	0.000000	0.000000	0.000000	0.000000
-0.952961	0.825410	-0.796348	0.687555	0.000000	0.000000	0.000000	0.000000	0.000000	0.000000
-0.952961	0.825398	-0.764523	0.687595	0.000000	0.000000	0.000000	0.000000	0.000000	0.000000
-0.952961	0.825402	-0.796691	0.689397	0.000000	0.000000	0.000000	0.000000	0.000000	0.000000
-0.952961	0.825389	-0.796376	0.690038	0.000000	0.000000	0.000000	0.000000	0.000000	0.000000
-0.952961	0.825364	-0.796161	0.689876	0.000000	0.000000	0.000000	0.000000	0.000000	0.000000
-0.952961	0.825399	-0.796739	0.687729	0.000000	0.000000	0.000000	0.000000	0.000000	0.000000
-0.952961	0.825393	-0.788664	0.689926	0.000000	0.000000	0.000000	0.000000	0.000000	0.000000
-0.952961	0.825409	-0.796438	0.689951	0.000000	0.000000	0.000000	0.000000	0.000000	0.000000
-0.952961	0.825399	-0.796599	0.611932	0.000000	0.000000	0.000000	0.000000	0.000000	0.000000
-0.952961	0.825414	-0.796394	0.666047	0.000000	0.000000	0.000000	0.000000	0.000000	0.000000
-0.952961	0.825412	-0.796899	0.690151	0.000000	0.000000	0.000000	0.000000	0.000000	0.000000
-0.952961	0.825389	-0.794759	0.690029	0.000000	0.000000	0.000000	0.000000	0.000000	0.000000
-0.952961	0.825393	-0.796094	0.689990	0.000000	0.000000	0.000000	0.000000	0.000000	0.000000
-0.952961	0.825401	-0.796251	0.690167	0.000000	0.000000	0.000000	0.000000	0.000000	0.000000
-0.952961	0.825403	-0.796710	0.689824	0.000000	0.000000	0.000000	0.000000	0.000000	0.000000
-0.952961	0.825394	-0.795896	0.647122	0.000000	0.000000	0.000000	0.000000	0.000000	0.000000
-0.952961	0.825411	-0.796166	0.690106	0.000000	0.000000	0.000000	0.000000	0.000000	0.000000
-0.952961	0.825387	-0.795813	0.690147	0.000000	0.000000	0.000000	0.000000	0.000000	0.000000
-0.952961	0.825411	-0.795092	0.690166	0.000000	0.000000	0.000000	0.000000	0.000000	0.000000
-0.952961	0.825391	-0.796062	0.690107	0.000000	0.000000	0.000000	0.000000	0.000000	0.000000
-0.952961	0.825393	-0.796362	0.687639	0.000000	0.000000	0.000000	0.000000	0.000000	0.000000
-0.952961	0.825397	-0.796110	0.690166	0.000000	0.000000	0.000000	0.000000	0.000000	0.000000
-0.952961	0.825395	-0.796217	0.690166	0.000000	0.000000	0.000000	0.000000	0.000000	0.000000
-0.952961	0.825393	-0.796990	0.690035	0.000000	0.000000	0.000000	0.000000	0.000000	0.000000
-0.952961	0.825385	-0.796299	0.690165	0.000000	0.000000	0.000000	0.000000	0.000000	0.000000
-0.952961	0.825400	-0.796279	0.690096	0.000000	0.000000	0.000000	0.000000	0.000000	0.000000
-0.952961	0.825397	-0.792507	0.690158	0.000000	0.000000	0.000000	0.000000	0.000000	0.000000
-0.952961	0.825391	-0.796016	0.690141	0.000000	0.000000	0.000000	0.000000	0.000000	0.000000
-0.952961	0.825398	-0.796838	0.689800	0.000000	0.000000	0.000000	0.000000	0.000000	0.000000
-0.952961	0.825398	-0.791776	0.673729	0.000000	0.000000	0.000000	0.000000	0.000000	0.000000
-0.952961	0.825401	-0.796698	0.690125	0.000000	0.000000	0.000000	0.000000	0.000000	0.000000
-0.952961	0.825402	-0.796883	0.689375	0.000000	0.000000	0.000000	0.000000	0.000000	0.000000
-0.952961	0.825405	-0.796492	0.666413	0.000000	0.000000	0.000000	0.000000	0.000000	0.000000
-0.952961	0.825391	-0.796078	0.690161	0.000000	0.000000	0.000000	0.000000	0.000000	0.000000
-0.952961	0.825396	-0.796941	0.688963	0.000000	0.000000	0.000000	0.000000	0.000000	0.000000
-0.952961	0.825406	-0.796446	0.690126	0.000000	0.000000	0.000000	0.000000	0.000000	0.000000
-0.952961	0.825396	-0.721395	0.690167	0.000000	0.000000	0.000000	0.000000	0.000000	0.000000
-0.952961	0.825404	-0.796673	0.688911	0.000000	0.000000	0.000000	0.000000	0.000000	0.000000
-0.952961	0.825388	-0.796158	0.687416	0.000000	0.000000	0.000000	0.000000	0.000000	0.000000
-0.952961	0.825382	-0.796645	0.688150	0.000000	0.000000	0.000000	0.000000	0.000000	0.000000
-0.952961	0.825398	-0.796540	0.690167	0.000000	0.000000	0.000000	0.000000	0.000000	0.000000
-0.952961	0.825409	-0.796552	0.676040	0.000000	0.000000	0.000000	0.000000	0.000000	0.000000
-0.952961	0.825391	-0.796567	0.686809	0.000000	0.000000	0.000000	0.000000	0.000000	0.000000
-0.952961	0.825389	-0.796312	0.687934	0.000000	0.000000	0.000000	0.000000	0.000000	0.000000
-0.952961	0.825403	-0.796457	0.690168	0.000000	0.000000	0.000000	0.000000	0.000000	0.000000
-0.952961	0.825406	-0.796331	0.690084	0.000000	0.000000	0.000000	0.000000	0.000000	0.000000
-0.952961	0.825389	-0.796182	0.689656	0.000000	0.000000	0.000000	0.000000	0.000000	0.000000
-0.952961	0.825402	-0.796393	0.690152	0.000000	0.000000	0.000000	0.000000	0.000000	0.000000
-0.952961	0.825391	-0.796416	0.689712	0.000000	0.000000	0.000000	0.000000	0.000000	0.000000
-0.952961	0.825389	-0.796165	0.689526	0.000000	0.000000	0.000000	0.000000	0.000000	0.000000
-0.952961	0.825403	-0.795633	0.659292	0.000000	0.000000	0.000000	0.000000	0.000000	0.000000
-0.952961	0.825405	-0.796369	0.690112	0.000000	0.000000	0.000000	0.000000	0.000000	0.000000
-0.952961	0.825386	-0.796509	0.690099	0.000000	0.000000	0.000000	0.000000	0.000000	0.000000
-0.952961	0.825390	-0.795997	0.690168	0.000000	0.000000	0.000000	0.000000	0.000000	0.000000
-0.952961	0.825394	-0.796558	0.688778	0.000000	0.000000	0.000000	0.000000	0.000000	0.000000
-0.952961	0.825399	-0.796325	0.598202	0.000000	0.000000	0.000000	0.000000	0.000000	0.000000
-0.952961	0.825400	-0.795870	0.689930	0.000000	0.000000	0.000000	0.000000	0.000000	0.000000
-0.952961	0.825388	-0.796847	0.690167	0.000000	0.000000	0.000000	0.000000	0.000000	0.000000
-0.952961	0.825388	-0.796177	0.690131	0.000000	0.000000	0.000000	0.000000	0.000000	0.000000
-0.952961	0.825400	-0.796675	0.689616	0.000000	0.000000	0.000000	0.000000	0.000000	0.000000
-0.952961	0.825396	-0.776915	0.690167	0.000000	0.000000	0.000000	0.000000	0.000000	0.000000
-0.952961	0.825393	-0.796413	0.690067	0.000000	0.000000	0.000000	0.000000	0.000000	0.000000
-0.952961	0.825406	-0.796024	0.687016	0.000000	0.000000	0.000000	0.000000	0.000000	0.000000
-0.952961	0.825388	-0.796881	0.686630	0.000000	0.000000	0.000000	0.000000	0.000000	0.000000
-0.952961	0.825404	-0.796444	0.689618	0.000000	0.000000	0.000000	0.000000	0.000000	0.000000
-0.952961	0.825406	-0.796652	0.674152	0.000000	0.000000	0.000000	0.000000	0.000000	0.000000
-0.952961	0.825397	-0.796319	0.690089	0.000000	0.000000	0.000000	0.000000	0.000000	0.000000
-0.952961	0.825402	-0.796550	0.687645	0.000000	0.000000	0.000000	0.000000	0.000000	0.000000
-0.952961	0.825396	-0.794154	0.686638	0.000000	0.000000	0.000000	0.000000	0.000000	0.000000
-0.952961	0.825393	-0.795975	0.690162	0.000000	0.000000	0.000000	0.000000	0.000000	0.000000
-0.952961	0.825396	-0.796257	0.685636	0.000000	0.000000	0.000000	0.000000	0.000000	0.000000
-0.952961	0.825395	-0.796140	0.689625	0.000000	0.000000	0.000000	0.000000	0.000000	0.000000
-0.952961	0.825389	-0.795519	0.690168	0.000000	0.000000	0.000000	0.000000	0.000000	0.000000
-0.952961	0.825391	-0.795932	0.688952	0.000000	0.000000	0.000000	0.000000	0.000000	0.000000
-0.952961	0.825388	-0.796105	0.689653	0.000000	0.000000	0.000000	0.000000	0.000000	0.000000
-0.952961	0.825409	-0.796657	0.690153	0.000000	0.000000	0.000000	0.000000	0.000000	0.000000
-0.952961	0.825401	-0.796406	0.687720	0.000000	0.000000	0.000000	0.000000	0.000000	0.000000
-0.952961	0.825392	-0.796737	0.690117	0.000000	0.000000	0.000000	0.000000	0.000000	0.000000
-0.952961	0.825422	-0.796698	0.690160	0.000000	0.000000	0.000000	0.000000	0.000000	0.000000
-0.952961	0.825392	-0.796925	0.690124	0.000000	0.000000	0.000000	0.000000	0.000000	0.000000
-0.952961	0.825404	-0.796366	0.690167	0.000000	0.000000	0.000000	0.000000	0.000000	0.000000
-0.952961	0.825382	-0.796363	0.690120	0.000000	0.000000	0.000000	0.000000	0.000000	0.000000
-0.952961	0.825391	-0.796278	0.683236	0.000000	0.000000	0.000000	0.000000	0.000000	0.000000
-0.952961	0.825412	-0.796262	0.689790	0.000000	0.000000	0.000000	0.000000	0.000000	0.000000
-0.952961	0.825406	-0.796008	0.689987	0.000000	0.000000	0.000000	0.000000	0.000000	0.000000
-0.952961	0.825407	-0.796336	0.690117	0.000000	0.000000	0.000000	0.000000	0.000000	0.000000
-0.952961	0.825392	-0.796433	0.689708	0.000000	0.000000	0.000000	0.000000	0.000000	0.000000
-0.952961	0.825399	-0.751799	0.690141	0.000000	0.000000	0.000000	0.000000	0.000000	0.000000
-0.952961	0.825397	-0.796057	0.690096	0.000000	0.000000	0.000000	0.000000	0.000000	0.000000
-0.952961	0.825398	-0.796295	0.689434	0.000000	0.000000	0.000000	0.000000	0.000000	0.000000
-0.952961	0.825399	-0.796058	0.689452	0.000000	0.000000	0.000000	0.000000	0.000000	0.000000
-0.952960	0.825387	-0.795678	0.662776	0.000000	0.000000	0.000000	0.000000	0.000000	0.000000
-0.952961	0.825405	-0.790332	0.690168	0.000000	0.000000	0.000000	0.000000	0.000000	0.000000
-0.952961	0.825400	-0.796236	0.690129	0.000000	0.000000	0.000000	0.000000	0.000000	0.000000
-0.952961	0.825393	-0.795009	0.690156	0.000000	0.000000	0.000000	0.000000	0.000000	0.000000
-0.952961	0.825403	-0.796752	0.690131	0.000000	0.000000	0.000000	0.000000	0.000000	0.000000
-0.952961	0.825409	-0.796745	0.660150	0.000000	0.000000	0.000000	0.000000	0.000000	0.000000
-0.952961	0.825411	-0.796617	0.690166	0.000000	0.000000	0.000000	0.000000	0.000000	0.000000
-0.952961	0.825389	-0.796692	0.690057	0.000000	0.000000	0.000000	0.000000	0.000000	0.000000
-0.952961	0.825394	-0.796015	0.690140	0.000000	0.000000	0.000000	0.000000	0.000000	0.000000
-0.952961	0.825400	-0.796155	0.690044	0.000000	0.000000	0.000000	0.000000	0.000000	0.000000
-0.952961	0.825410	-0.796312	0.684505	0.000000	0.000000	0.000000	0.000000	0.000000	0.000000
-0.952961	0.825400	-0.796536	0.690166	0.000000	0.000000	0.000000	0.000000	0.000000	0.000000
-0.952961	0.825402	-0.795966	0.690152	0.000000	0.000000	0.000000	0.000000	0.000000	0.000000
-0.952961	0.825400	-0.796757	0.689114	0.000000	0.000000	0.000000	0.000000	0.000000	0.000000
-0.952961	0.825402	-0.796637	0.690060	0.000000	0.000000	0.000000	0.000000	0.000000	0.000000
-0.952961	0.825405	-0.796976	0.689269	0.000000	0.000000	0.000000	0.000000	0.000000	0.000000
-0.952961	0.825401	-0.796216	0.690124	0.000000	0.000000	0.000000	0.000000	0.000000	0.000000
-0.952961	0.825402	-0.788945	0.690162	0.000000	0.000000	0.000000	0.000000	0.000000	0.000000
-0.952961	0.825388	-0.796658	0.689771	0.000000	0.000000	0.000000	0.000000	0.000000	0.000000
-0.952961	0.825372	-0.796312	0.690168	0.000000	0.000000	0.000000	0.000000	0.000000	0.000000
-0.952961	0.825397	-0.796176	0.689651	0.000000	0.000000	0.000000	0.000000	0.000000	0.000000
-0.952961	0.825414	-0.796991	0.690163	0.000000	0.000000	0.000000	0.000000	0.000000	0.000000
-0.952961	0.825396	-0.796395	0.690146	0.000000	0.000000	0.000000	0.000000	0.000000	0.000000
-0.952961	0.825404	-0.796426	0.690168	0.000000	0.000000	0.000000	0.000000	0.000000	0.000000
-0.952961	0.825405	-0.796109	0.690165	0.000000	0.000000	0.000000	0.000000	0.000000	0.000000
-0.952961	0.825397	-0.796313	0.687479	0.000000	0.000000	0.000000	0.000000	0.000000	0.000000
-0.952961	0.825414	-0.796564	0.689623	0.000000	0.000000	0.000000	0.000000	0.000000	0.000000
-0.952961	0.825402	-0.796309	0.686765	0.000000	0.000000	0.000000	0.000000	0.000000	0.000000
-0.952961	0.825405	-0.793827	0.690136	0.000000	0.000000	0.000000	0.000000	0.000000	0.000000
-0.952961	0.825400	-0.796360	0.690165	0.000000	0.000000	0.000000	0.000000	0.000000	0.000000
-0.952961	0.825393	-0.791059	0.690162	0.000000	0.000000	0.000000	0.000000	0.000000	0.000000
-0.952961	0.825408	-0.796444	0.690164	0.000000	0.000000	0.000000	0.000000	0.000000	0.000000
-0.952961	0.825399	-0.796222	0.689993	0.000000	0.000000	0.000000	0.000000	0.000000	0.000000
-0.952961	0.825391	-0.796438	0.690068	0.000000	0.000000	0.000000	0.000000	0.000000	0.000000
-0.952961	0.825408	-0.796294	0.689745	0.000000	0.000000	0.000000	0.000000	0.000000	0.000000
-0.952961	0.825397	-0.796450	0.690168	0.000000	0.000000	0.000000	0.000000	0.000000	0.000000
-0.952961	0.825407	-0.796442	0.686497	0.000000	0.000000	0.000000	0.000000	0.000000	0.000000
-0.952961	0.825391	-0.796152	0.687999	0.000000	0.000000	0.000000	0.000000	0.000000	0.000000
-0.952961	0.825421	-0.794923	0.687928	0.000000	0.000000	0.000000	0.000000	0.000000	0.000000
-0.952961	0.825397	-0.796407	0.690160	0.000000	0.000000	0.000000	0.000000	0.000000	0.000000
-0.952961	0.825404	-0.796918	0.690108	0.000000	0.000000	0.000000	0.000000	0.000000	0.000000
-0.952961	0.825397	-0.796167	0.690161	0.000000	0.000000	0.000000	0.000000	0.000000	0.000000
-0.952961	0.825405	-0.796490	0.690147	0.000000	0.000000	0.000000	0.000000	0.000000	0.000000
-0.952961	0.825400	-0.796061	0.690166	0.000000	0.000000	0.000000	0.000000	0.000000	0.000000
-0.952961	0.825387	-0.765093	0.690157	0.000000	0.000000	0.000000	0.000000	0.000000	0.000000
-0.952961	0.825401	-0.796390	0.690168	0.000000	0.000000	0.000000	0.000000	0.000000	0.000000
-0.952961	0.825392	-0.796652	0.690153	0.000000	0.000000	0.000000	0.000000	0.000000	0.000000
-0.952961	0.825398	-0.796450	0.690001	0.000000	0.000000	0.000000	0.000000	0.000000	0.000000
-0.952961	0.825391	-0.796578	0.690168	0.000000	0.000000	0.000000	0.000000	0.000000	0.000000
-0.952961	0.825403	-0.795091	0.690147	0.000000	0.000000	0.000000	0.000000	0.000000	0.000000
-0.952961	0.825395	-0.796661	0.688090	0.000000	0.000000	0.000000	0.000000	0.000000	0.000000
-0.952961	0.825388	-0.796481	0.689384	0.000000	0.000000	0.000000	0.000000	0.000000	0.000000
-0.952961	0.825411	-0.791626	0.689750	0.000000	0.000000	0.000000	0.000000	0.000000	0.000000
-0.952961	0.825404	-0.775252	0.689782	0.000000	0.000000	0.000000	0.000000	0.000000	0.000000
-0.952961	0.825407	-0.796433	0.690168	0.000000	0.000000	0.000000	0.000000	0.000000	0.000000
-0.952961	0.825393	-0.796494	0.689124	0.000000	0.000000	0.000000	0.000000	0.000000	0.000000
-0.952961	0.825404	-0.795518	0.690168	0.000000	0.000000	0.000000	0.000000	0.000000	0.000000
-0.952961	0.825410	-0.796693	0.690162	0.000000	0.000000	0.000000	0.000000	0.000000	0.000000
-0.952961	0.825394	-0.796127	0.056337	0.000000	0.000000	0.000000	0.000000	0.000000	0.000000
-0.952961	0.825399	-0.795736	0.690126	0.000000	0.000000	0.000000	0.000000	0.000000	0.000000
-0.952961	0.825411	-0.782972	0.690151	0.000000	0.000000	0.000000	0.000000	0.000000	0.000000
-0.952961	0.825404	-0.796775	0.687519	0.000000	0.000000	0.000000	0.000000	0.000000	0.000000
-0.952961	0.825397	-0.796945	0.673496	0.000000	0.000000	0.000000	0.000000	0.000000	0.000000
-0.952961	0.825397	-0.792632	0.690090	0.000000	0.000000	0.000000	0.000000	0.000000	0.000000
-0.952961	0.825404	-0.796275	0.689721	0.000000	0.000000	0.000000	0.000000	0.000000	0.000000
-0.952961	0.825407	-0.796046	0.689332	0.000000	0.000000	0.000000	0.000000	0.000000	0.000000
-0.952961	0.825413	-0.795807	0.689960	0.000000	0.000000	0.000000	0.000000	0.000000	0.000000
-0.952961	0.825427	-0.796360	0.677331	0.000000	0.000000	0.000000	0.000000	0.000000	0.000000
-0.952961	0.825402	-0.785331	0.689712	0.000000	0.000000	0.000000	0.000000	0.000000	0.000000
-0.952961	0.825400	-0.796249	0.690103	0.000000	0.000000	0.000000	0.000000	0.000000	0.000000
-0.952961	0.825394	-0.796095	0.690148	0.000000	0.000000	0.000000	0.000000	0.000000	0.000000
-0.952961	0.825409	-0.796753	0.690145	0.000000	0.000000	0.000000	0.000000	0.000000	0.000000
-0.952961	0.825407	-0.796254	0.690167	0.000000	0.000000	0.000000	0.000000	0.000000	0.000000
-0.952961	0.825402	-0.796471	0.685518	0.000000	0.000000	0.000000	0.000000	0.000000	0.000000
-0.952961	0.825390	-0.796541	0.690128	0.000000	0.000000	0.000000	0.000000	0.000000	0.000000
-0.952961	0.424149	-0.796838	0.690161	0.000000	0.000000	0.000000	0.000000	0.000000	0.000000
-0.952961	0.825402	-0.796312	0.690152	0.000000	0.000000	0.000000	0.000000	0.000000	0.000000
-0.952961	0.825412	-0.796496	0.689991	0.000000	0.000000	0.000000	0.000000	0.000000	0.000000
-0.952961	0.825404	-0.795360	0.690000	0.000000	0.000000	0.000000	0.000000	0.000000	0.000000
-0.952961	0.825400	-0.796272	0.689632	0.000000	0.000000	0.000000	0.000000	0.000000	0.000000
-0.952961	0.825403	-0.796815	0.690165	0.000000	0.000000	0.000000	0.000000	0.000000	0.000000
-0.952961	0.825397	-0.796530	0.689547	0.000000	0.000000	0.000000	0.000000	0.000000	0.000000
-0.952961	0.825400	-0.796251	0.690053	0.000000	0.000000	0.000000	0.000000	0.000000	0.000000
-0.952961	0.825389	-0.796313	0.689120	0.000000	0.000000	0.000000	0.000000	0.000000	0.000000
-0.952961	0.825405	-0.796802	0.689414	0.000000	0.000000	0.000000	0.000000	0.000000	0.000000
-0.952961	0.825414	-0.796868	0.689923	0.000000	0.000000	0.000000	0.000000	0.000000	0.000000
-0.952961	0.825399	-0.796764	0.690138	0.000000	0.000000	0.000000	0.000000	0.000000	0.000000
-0.952961	0.825401	-0.796751	0.663139	0.000000	0.000000	0.000000	0.000000	0.000000	0.000000
-0.952961	0.825383	-0.796399	0.689965	0.000000	0.000000	0.000000	0.000000	0.000000	0.000000
-0.952961	0.825420	-0.795603	0.689982	0.000000	0.000000	0.000000	0.000000	0.000000	0.000000
-0.952961	0.825394	-0.796457	0.689617	0.000000	0.000000	0.000000	0.000000	0.000000	0.000000
-0.952961	0.825398	-0.795763	0.690163	0.000000	0.000000	0.000000	0.000000	0.000000	0.000000
-0.952961	0.825414	-0.796731	0.690167	0.000000	0.000000	0.000000	0.000000	0.000000	0.000000
-0.952961	0.825388	-0.796217	0.690120	0.000000	0.000000	0.000000	0.000000	0.000000	0.000000
-0.952961	0.825399	-0.781695	0.649962	0.000000	0.000000	0.000000	0.000000	0.000000	0.000000
-0.952961	0.825401	-0.796528	0.690168	0.000000	0.000000	0.000000	0.000000	0.000000	0.000000
-0.952961	0.825388	-0.796452	0.690092	0.000000	0.000000	0.000000	0.000000	0.000000	0.000000
-0.952961	0.825402	-0.796660	0.690025	0.000000	0.000000	0.000000	0.000000	0.000000	0.000000
-0.952961	0.825395	-0.791790	0.689955	0.000000	0.000000	0.000000	0.000000	0.000000	0.000000
-0.952961	0.825395	-0.796774	0.690021	0.000000	0.000000	0.000000	0.000000	0.000000	0.000000
-0.952961	0.825418	-0.796076	0.690018	0.000000	0.000000	0.000000	0.000000	0.000000	0.000000
-0.952961	0.825393	-0.796837	0.690167	0.000000	0.000000	0.000000	0.000000	0.000000	0.000000
-0.952961	0.825406	-0.766711	0.634819	0.000000	0.000000	0.000000	0.000000	0.000000	0.000000
-0.952961	0.825399	-0.796451	0.690162	0.000000	0.000000	0.000000	0.000000	0.000000	0.000000
-0.952961	0.825409	-0.796434	0.690167	0.000000	0.000000	0.000000	0.000000	0.000000	0.000000
-0.952961	0.825390	-0.796901	0.690168	0.000000	0.000000	0.000000	0.000000	0.000000	0.000000
-0.952961	0.825393	-0.796544	0.688724	0.000000	0.000000	0.000000	0.000000	0.000000	0.000000
-0.952961	0.825422	-0.796294	0.690131	0.000000	0.000000	0.000000	0.000000	0.000000	0.000000
-0.952961	0.825397	-0.796265	0.690131	0.000000	0.000000	0.000000	0.000000	0.000000	0.000000
-0.952961	0.825404	-0.796077	0.689758	0.000000	0.000000	0.000000	0.000000	0.000000	0.000000
-0.952961	0.825396	-0.795455	0.690144	0.000000	0.000000	0.000000	0.000000	0.000000	0.000000
-0.952961	0.825405	-0.796580	0.688500	0.000000	0.000000	0.000000	0.000000	0.000000	0.000000
-0.952961	0.825407	-0.797172	0.688160	0.000000	0.000000	0.000000	0.000000	0.000000	0.000000
-0.952961	0.825393	-0.797039	0.689460	0.000000	0.000000	0.000000	0.000000	0.000000	0.000000
-0.952961	0.825401	-0.796263	0.690161	0.000000	0.000000	0.000000	0.000000	0.000000	0.000000
-0.952961	0.825399	-0.796210	0.690166	0.000000	0.000000	0.000000	0.000000	0.000000	0.000000
-0.952961	0.825393	-0.796568	0.690123	0.000000	0.000000	0.000000	0.000000	0.000000	0.000000
-0.952961	0.825404	-0.796295	0.690016	0.000000	0.000000	0.000000	0.000000	0.000000	0.000000
-0.952961	0.825400	-0.793548	0.690139	0.000000	0.000000	0.000000	0.000000	0.000000	0.000000
-0.952961	0.825148	-0.796913	0.689803	0.000000	0.000000	0.000000	0.000000	0.000000	0.000000
-0.952961	0.825404	-0.796395	0.686182	0.000000	0.000000	0.000000	0.000000	0.000000	0.000000
-0.952961	0.825401	-0.796414	0.690129	0.000000	0.000000	0.000000	0.000000	0.000000	0.000000
-0.952961	0.825398	-0.786803	0.689704	0.000000	0.000000	0.000000	0.000000	0.000000	0.000000
-0.952961	0.825404	-0.796420	0.689941	0.000000	0.000000	0.000000	0.000000	0.000000	0.000000
-0.952961	0.825400	-0.796822	0.690107	0.000000	0.000000	0.000000	0.000000	0.000000	0.000000
-0.952961	0.825399	-0.796927	0.690134	0.000000	0.000000	0.000000	0.000000	0.000000	0.000000
-0.952961	0.825415	-0.796221	0.690159	0.000000	0.000000	0.000000	0.000000	0.000000	0.000000
-0.952961	0.825414	-0.796775	0.690155	0.000000	0.000000	0.000000	0.000000	0.000000	0.000000
-0.952961	0.825381	-0.796150	0.689888	0.000000	0.000000	0.000000	0.000000	0.000000	0.000000
-0.952961	0.825392	-0.796272	0.690165	0.000000	0.000000	0.000000	0.000000	0.000000	0.000000
-0.952961	0.825398	-0.796037	0.690105	0.000000	0.000000	0.000000	0.000000	0.000000	0.000000
-0.952961	0.825381	-0.796699	0.690168	0.000000	0.000000	0.000000	0.000000	0.000000	0.000000
-0.952961	0.825397	-0.794813	0.689130	0.000000	0.000000	0.000000	0.000000	0.000000	0.000000
-0.952961	0.825397	-0.796428	0.690168	0.000000	0.000000	0.000000	0.000000	0.000000	0.000000
-0.952961	0.825405	-0.796198	0.684123	0.000000	0.000000	0.000000	0.000000	0.000000	0.000000
-0.952961	0.825411	-0.795967	0.689890	0.000000	0.000000	0.000000	0.000000	0.000000	0.000000
-0.952961	0.825391	-0.796182	0.221996	0.000000	0.000000	0.000000	0.000000	0.000000	0.000000
-0.952961	0.825394	-0.791780	0.689576	0.000000	0.000000	0.000000	0.000000	0.000000	0.000000
-0.952961	0.825389	-0.796256	0.673284	0.000000	0.000000	0.000000	0.000000	0.000000	0.000000
-0.952961	0.825408	-0.790962	0.689447	0.000000	0.000000	0.000000	0.000000	0.000000	0.000000
-0.952961	0.825392	-0.795919	0.630706	0.000000	0.000000	0.000000	0.000000	0.000000	0.000000
-0.952961	0.825386	-0.796543	0.689228	0.000000	0.000000	0.000000	0.000000	0.000000	0.000000
-0.952961	0.825401	-0.796580	0.690159	0.000000	0.000000	0.000000	0.000000	0.000000	0.000000
-0.952961	0.825410	-0.796222	0.690039	0.000000	0.000000	0.000000	0.000000	0.000000	0.000000
-0.952961	0.825422	-0.796602	0.635062	0.000000	0.000000	0.000000	0.000000	0.000000	0.000000
-0.952961	0.825412	-0.796706	0.687260	0.000000	0.000000	0.000000	0.000000	0.000000	0.000000
-0.952961	0.825401	-0.796470	0.690168	0.000000	0.000000	0.000000	0.000000	0.000000	0.000000
-0.952961	0.825394	-0.796272	0.690168	0.000000	0.000000	0.000000	0.000000	0.000000	0.000000
-0.952961	0.825415	-0.796247	0.690167	0.000000	0.000000	0.000000	0.000000	0.000000	0.000000
-0.952961	0.825398	-0.787660	0.690162	0.000000	0.000000	0.000000	0.000000	0.000000	0.000000
-0.952961	0.825394	-0.796572	0.689990	0.000000	0.000000	0.000000	0.000000	0.000000	0.000000
-0.952961	0.825402	-0.796403	0.687905	0.000000	0.000000	0.000000	0.000000	0.000000	0.000000
-0.952961	0.825393	-0.795537	0.689570	0.000000	0.000000	0.000000	0.000000	0.000000	0.000000
-0.952961	0.825398	-0.796639	0.690130	0.000000	0.000000	0.000000	0.000000	0.000000	0.000000
-0.952961	0.825418	-0.796260	0.690112	0.000000	0.000000	0.000000	0.000000	0.000000	0.000000
-0.952961	0.825397	-0.796642	0.689943	0.000000	0.000000	0.000000	0.000000	0.000000	0.000000
-0.952961	0.825401	-0.795887	0.689894	0.000000	0.000000	0.000000	0.000000	0.000000	0.000000
-0.952961	-0.003427	-0.000440	0.000265	0.000000	0.000000	0.000000	0.000000	0.000000	0.000000
-0.952961	-0.844036	0.802691	0.690097	0.000000	0.000000	0.000000	0.000000	0.000000	0.000000
-0.952961	-0.844246	0.802875	0.689518	0.000000	0.000000	0.000000	0.000000	0.000000	0.000000
-0.952961	-0.844318	0.802877	0.690154	0.000000	0.000000	0.000000	0.000000	0.000000	0.000000
-0.952961	-0.844524	0.802690	0.690107	0.000000	0.000000	0.000000	0.000000	0.000000	0.000000
-0.952961	-0.844404	0.802896	0.690164	0.000000	0.000000	0.000000	0.000000	0.000000	0.000000
-0.952961	-0.844387	0.802957	0.689935	0.000000	0.000000	0.000000	0.000000	0.000000	0.000000
-0.952961	-0.844171	0.802977	0.689096	0.000000	0.000000	0.000000	0.000000	0.000000	0.000000
-0.952961	-0.844241	0.776705	0.688272	0.000000	0.000000	0.000000	0.000000	0.000000	0.000000
-0.952961	-0.844175	0.802763	0.576753	0.000000	0.000000	0.000000	0.000000	0.000000	0.000000
-0.952961	-0.844307	0.802799	0.686049	0.000000	0.000000	0.000000	0.000000	0.000000	0.000000
-0.952961	-0.844164	0.802766	0.649672	0.000000	0.000000	0.000000	0.000000	0.000000	0.000000
-0.952961	-0.844250	0.802657	0.690071	0.000000	0.000000	0.000000	0.000000	0.000000	0.000000
-0.952961	-0.844159	0.802815	0.678731	0.000000	0.000000	0.000000	0.000000	0.000000	0.000000
-0.952961	-0.844122	0.802923	0.690164	0.000000	0.000000	0.000000	0.000000	0.000000	0.000000
-0.952961	-0.844276	0.802728	0.690127	0.000000	0.000000	0.000000	0.000000	0.000000	0.000000
-0.952961	-0.844357	0.802400	0.689822	0.000000	0.000000	0.000000	0.000000	0.000000	0.000000
-0.952961	-0.844245	0.802648	0.689366	0.000000	0.000000	0.000000	0.000000	0.000000	0.000000
-0.952961	-0.844350	0.802829	0.690016	0.000000	0.000000	0.000000	0.000000	0.000000	0.000000
-0.952961	-0.844300	0.802478	0.690050	0.000000	0.000000	0.000000	0.000000	0.000000	0.000000
-0.952961	-0.844236	0.801771	0.690167	0.000000	0.000000	0.000000	0.000000	0.000000	0.000000
-0.952961	-0.844468	0.802904	0.690164	0.000000	0.000000	0.000000	0.000000	0.000000	0.000000
-0.952961	-0.844317	0.801126	0.688639	0.000000	0.000000	0.000000	0.000000	0.000000	0.000000
-0.952961	-0.844312	0.802892	0.414574	0.000000	0.000000	0.000000	0.000000	0.000000	0.000000
-0.952961	-0.844433	0.803138	0.690160	0.000000	0.000000	0.000000	0.000000	0.000000	0.000000
-0.952961	-0.844226	0.802887	0.690165	0.000000	0.000000	0.000000	0.000000	0.000000	0.000000
-0.952961	-0.844395	0.803072	0.689910	0.000000	0.000000	0.000000	0.000000	0.000000	0.000000
-0.952961	-0.844158	0.802837	0.690138	0.000000	0.000000	0.000000	0.000000	0.000000	0.000000
-0.952961	-0.844391	0.802804	0.677456	0.000000	0.000000	0.000000	0.000000	0.000000	0.000000
-0.952961	-0.844401	0.802878	0.690161	0.000000	0.000000	0.000000	0.000000	0.000000	0.000000
-0.952961	-0.844377	0.802682	0.689178	0.000000	0.000000	0.000000	0.000000	0.000000	0.000000
-0.952961	-0.844408	0.802588	0.689464	0.000000	0.000000	0.000000	0.000000	0.000000	0.000000
-0.952961	-0.844301	0.802699	0.690166	0.000000	0.000000	0.000000	0.000000	0.000000	0.000000
-0.952961	-0.844377	0.802781	0.689970	0.000000	0.000000	0.000000	0.000000	0.000000	0.000000
-0.952961	-0.844330	0.802832	0.690162	0.000000	0.000000	0.000000	0.000000	0.000000	0.000000
-0.952961	-0.844420	0.797744	0.689872	0.000000	0.000000	0.000000	0.000000	0.000000	0.000000
-0.952961	-0.844387	0.802773	0.688320	0.000000	0.000000	0.000000	0.000000	0.000000	0.000000
-0.952961	-0.844438	0.801931	0.689067	0.000000	0.000000	0.000000	0.000000	0.000000	0.000000
-0.952961	-0.844296	0.802768	0.690157	0.000000	0.000000	0.000000	0.000000	0.000000	0.000000
-0.952961	-0.844305	0.802794	0.689966	0.000000	0.000000	0.000000	0.000000	0.000000	0.000000
-0.952961	-0.844215	0.802242	0.690093	0.000000	0.000000	0.000000	0.000000	0.000000	0.000000
-0.952961	-0.844389	0.802807	0.690165	0.000000	0.000000	0.000000	0.000000	0.000000	0.000000
-0.952961	-0.844270	0.783408	0.690138	0.000000	0.000000	0.000000	0.000000	0.000000	0.000000
-0.952961	-0.844300	0.802890	0.690167	0.000000	0.000000	0.000000	0.000000	0.000000	0.000000
-0.952961	-0.844226	0.803053	0.690071	0.000000	0.000000	0.000000	0.000000	0.000000	0.000000
-0.952961	-0.844370	0.802881	0.690148	0.000000	0.000000	0.000000	0.000000	0.000000	0.000000
-0.952961	-0.844308	0.802743	0.654540	0.000000	0.000000	0.000000	0.000000	0.000000	0.000000
-0.952961	-0.844195	0.802999	0.690082	0.000000	0.000000	0.000000	0.000000	0.000000	0.000000
-0.952961	-0.844351	0.802798	0.690114	0.000000	0.000000	0.000000	0.000000	0.000000	0.000000
-0.952961	-0.844307	0.480660	0.690151	0.000000	0.000000	0.000000	0.000000	0.000000	0.000000
-0.952961	-0.844237	0.802812	0.690158	0.000000	0.000000	0.000000	0.000000	0.000000	0.000000
-0.952961	-0.844254	0.802727	0.690163	0.000000	0.000000	0.000000	0.000000	0.000000	0.000000
-0.952961	-0.844411	0.802889	0.690162	0.000000	0.000000	0.000000	0.000000	0.000000	0.000000
-0.952961	-0.844509	0.802763	0.689803	0.000000	0.000000	0.000000	0.000000	0.000000	0.000000
-0.952961	-0.844195	0.802240	0.688586	0.000000	0.000000	0.000000	0.000000	0.000000	0.000000
-0.952961	-0.844229	0.801220	0.653086	0.000000	0.000000	0.000000	0.000000	0.000000	0.000000
-0.952961	-0.844214	0.803004	0.681906	0.000000	0.000000	0.000000	0.000000	0.000000	0.000000
-0.952961	-0.844281	0.802644	0.690149	0.000000	0.000000	0.000000	0.000000	0.000000	0.000000
-0.952961	-0.844151	0.802896	0.690162	0.000000	0.000000	0.000000	0.000000	0.000000	0.000000
-0.952961	-0.844389	0.802518	0.690167	0.000000	0.000000	0.000000	0.000000	0.000000	0.000000
-0.952961	-0.844413	0.802898	0.690117	0.000000	0.000000	0.000000	0.000000	0.000000	0.000000
-0.952961	-0.844450	0.802498	0.682968	0.000000	0.000000	0.000000	0.000000	0.000000	0.000000
-0.952961	-0.844406	0.802779	0.690119	0.000000	0.000000	0.000000	0.000000	0.000000	0.000000
-0.952961	-0.844196	0.802256	0.690112	0.000000	0.000000	0.000000	0.000000	0.000000	0.000000
-0.952961	-0.844292	0.802836	0.690118	0.000000	0.000000	0.000000	0.000000	0.000000	0.000000
-0.952961	-0.844364	0.802871	0.690166	0.000000	0.000000	0.000000	0.000000	0.000000	0.000000
-0.952961	-0.844229	0.802681	0.689603	0.000000	0.000000	0.000000	0.000000	0.000000	0.000000
-0.952961	-0.844174	0.802107	0.519610	0.000000	0.000000	0.000000	0.000000	0.000000	0.000000
-0.952961	-0.844102	0.802363	0.689075	0.000000	0.000000	0.000000	0.000000	0.000000	0.000000
-0.952961	-0.844417	0.802719	0.690160	0.000000	0.000000	0.000000	0.000000	0.000000	0.000000
-0.952961	-0.844462	0.802840	0.675820	0.000000	0.000000	0.000000	0.000000	0.000000	0.000000
-0.952961	-0.844341	0.787538	0.684666	0.000000	0.000000	0.000000	0.000000	0.000000	0.000000
-0.952961	-0.844327	0.802882	0.690167	0.000000	0.000000	0.000000	0.000000	0.000000	0.000000
-0.952961	-0.844350	0.802781	0.690168	0.000000	0.000000	0.000000	0.000000	0.000000	0.000000
-0.952961	-0.844311	0.802362	0.690107	0.000000	0.000000	0.000000	0.000000	0.000000	0.000000
-0.952961	-0.844196	0.783306	0.690148	0.000000	0.000000	0.000000	0.000000	0.000000	0.000000
-0.952961	-0.844324	0.802862	0.690168	0.000000	0.000000	0.000000	0.000000	0.000000	0.000000
-0.952961	-0.844292	0.802748	0.690168	0.000000	0.000000	0.000000	0.000000	0.000000	0.000000
-0.952961	-0.844400	0.802434	0.687390	0.000000	0.000000	0.000000	0.000000	0.000000	0.000000
-0.952961	-0.844235	0.802833	0.690155	0.000000	0.000000	0.000000	0.000000	0.000000	0.000000
-0.952961	-0.844284	0.802804	0.690083	0.000000	0.000000	0.000000	0.000000	0.000000	0.000000
-0.952961	-0.844111	0.802920	0.660195	0.000000	0.000000	0.000000	0.000000	0.000000	0.000000
-0.952961	-0.844313	0.802736	0.690089	0.000000	0.000000	0.000000	0.000000	0.000000	0.000000
-0.952961	-0.844497	0.802878	0.690060	0.000000	0.000000	0.000000	0.000000	0.000000	0.000000
-0.952961	-0.844147	0.802762	0.690167	0.000000	0.000000	0.000000	0.000000	0.000000	0.000000
-0.952961	-0.844096	0.802845	0.690168	0.000000	0.000000	0.000000	0.000000	0.000000	0.000000
-0.952961	-0.844230	0.802819	0.690167	0.000000	0.000000	0.000000	0.000000	0.000000	0.000000
-0.952961	-0.844231	0.802770	0.689060	0.000000	0.000000	0.000000	0.000000	0.000000	0.000000
-0.952961	-0.844301	0.802857	0.689719	0.000000	0.000000	0.000000	0.000000	0.000000	0.000000
-0.952961	-0.844239	0.802801	0.690145	0.000000	0.000000	0.000000	0.000000	0.000000	0.000000
-0.952961	-0.844370	0.802935	0.690027	0.000000	0.000000	0.000000	0.000000	0.000000	0.000000
-0.952961	-0.844180	0.802589	0.690165	0.000000	0.000000	0.000000	0.000000	0.000000	0.000000
-0.952961	-0.844231	0.800077	0.690150	0.000000	0.000000	0.000000	0.000000	0.000000	0.000000
-0.952961	-0.844170	0.802966	0.690029	0.000000	0.000000	0.000000	0.000000	0.000000	0.000000
-0.952961	-0.844333	0.802270	0.689843	0.000000	0.000000	0.000000	0.000000	0.000000	0.000000
-0.952961	-0.844258	0.802362	0.689846	0.000000	0.000000	0.000000	0.000000	0.000000	0.000000
-0.952961	-0.844223	0.802829	0.690163	0.000000	0.000000	0.000000	0.000000	0.000000	0.000000
-0.952961	-0.844352	0.802750	0.690161	0.000000	0.000000	0.000000	0.000000	0.000000	0.000000
-0.952961	-0.844246	0.802695	0.690131	0.000000	0.000000	0.000000	0.000000	0.000000	0.000000
-0.952961	-0.844374	0.802814	0.687688	0.000000	0.000000	0.000000	0.000000	0.000000	0.000000
-0.952961	-0.844334	0.802780	0.690146	0.000000	0.000000	0.000000	0.000000	0.000000	0.000000
-0.952961	-0.844157	0.802335	0.690054	0.000000	0.000000	0.000000	0.000000	0.000000	0.000000
-0.952961	-0.844300	0.801382	0.690111	0.000000	0.000000	0.000000	0.000000	0.000000	0.000000
-0.952961	-0.844216	0.802855	0.690124	0.000000	0.000000	0.000000	0.000000	0.000000	0.000000
-0.952961	-0.844324	0.802971	0.688421	0.000000	0.000000	0.000000	0.000000	0.000000	0.000000
-0.952961	-0.844220	0.802813	0.687626	0.000000	0.000000	0.000000	0.000000	0.000000	0.000000
-0.952961	-0.844320	0.802842	0.689783	0.000000	0.000000	0.000000	0.000000	0.000000	0.000000
-0.952961	-0.844391	0.802960	0.690167	0.000000	0.000000	0.000000	0.000000	0.000000	0.000000
-0.952961	-0.844220	0.802271	0.689980	0.000000	0.000000	0.000000	0.000000	0.000000	0.000000
-0.952961	-0.844188	0.802662	0.690168	0.000000	0.000000	0.000000	0.000000	0.000000	0.000000
-0.952961	-0.844321	0.802647	0.689950	0.000000	0.000000	0.000000	0.000000	0.000000	0.000000
-0.952961	-0.844190	0.802806	0.687466	0.000000	0.000000	0.000000	0.000000	0.000000	0.000000
-0.952961	-0.844451	0.802889	0.690154	0.000000	0.000000	0.000000	0.000000	0.000000	0.000000
-0.952961	-0.844320	0.802468	0.680666	0.000000	0.000000	0.000000	0.000000	0.000000	0.000000
-0.952961	-0.844232	0.802535	0.689977	0.000000	0.000000	0.000000	0.000000	0.000000	0.000000
-0.952961	-0.844255	0.802809	0.690162	0.000000	0.000000	0.000000	0.000000	0.000000	0.000000
-0.952961	-0.844360	0.802962	0.690168	0.000000	0.000000	0.000000	0.000000	0.000000	0.000000
-0.952961	-0.844421	0.800007	0.469397	0.000000	0.000000	0.000000	0.000000	0.000000	0.000000
-0.952961	-0.844430	0.651493	0.690168	0.000000	0.000000	0.000000	0.000000	0.000000	0.000000
-0.952961	-0.844354	0.733400	0.690168	0.000000	0.000000	0.000000	0.000000	0.000000	0.000000
-0.952961	-0.844331	0.802693	0.690168	0.000000	0.000000	0.000000	0.000000	0.000000	0.000000
-0.952961	-0.844229	0.802720	0.690139	0.000000	0.000000	0.000000	0.000000	0.000000	0.000000
-0.952961	-0.844128	0.802776	0.690164	0.000000	0.000000	0.000000	0.000000	0.000000	0.000000
-0.952961	-0.844264	0.802801	0.690127	0.000000	0.000000	0.000000	0.000000	0.000000	0.000000
-0.952961	-0.844210	0.802711	0.690167	0.000000	0.000000	0.000000	0.000000	0.000000	0.000000
-0.952961	-0.844151	0.802866	0.687155	0.000000	0.000000	0.000000	0.000000	0.000000	0.000000
-0.952961	-0.844364	0.802854	0.522177	0.000000	0.000000	0.000000	0.000000	0.000000	0.000000
-0.952961	-0.844185	0.802827	0.690138	0.000000	0.000000	0.000000	0.000000	0.000000	0.000000
-0.952961	-0.844275	0.802880	0.689434	0.000000	0.000000	0.000000	0.000000	0.000000	0.000000
-0.952961	-0.844332	0.802873	0.686665	0.000000	0.000000	0.000000	0.000000	0.000000	0.000000
-0.952961	-0.844227	0.802872	0.690158	0.000000	0.000000	0.000000	0.000000	0.000000	0.000000
-0.952961	-0.844334	0.803079	0.690097	0.000000	0.000000	0.000000	0.000000	0.000000	0.000000
-0.952961	-0.844151	0.799995	0.690137	0.000000	0.000000	0.000000	0.000000	0.000000	0.000000
-0.952961	-0.844495	0.802711	0.690148	0.000000	0.000000	0.000000	0.000000	0.000000	0.000000
-0.952961	-0.844401	0.802913	0.690150	0.000000	0.000000	0.000000	0.000000	0.000000	0.000000
-0.952961	-0.844304	0.802688	0.404929	0.000000	0.000000	0.000000	0.000000	0.000000	0.000000
-0.952961	-0.844239	0.791123	0.690104	0.000000	0.000000	0.000000	0.000000	0.000000	0.000000
-0.952961	-0.844160	0.802662	0.685956	0.000000	0.000000	0.000000	0.000000	0.000000	0.000000
-0.952961	-0.844201	0.802889	0.687003	0.000000	0.000000	0.000000	0.000000	0.000000	0.000000
-0.952961	-0.844384	0.802952	0.690156	0.000000	0.000000	0.000000	0.000000	0.000000	0.000000
-0.952961	-0.844232	0.802725	0.687754	0.000000	0.000000	0.000000	0.000000	0.000000	0.000000
-0.952961	-0.844264	0.802631	0.690065	0.000000	0.000000	0.000000	0.000000	0.000000	0.000000
-0.952961	-0.844220	0.802897	0.689024	0.000000	0.000000	0.000000	0.000000	0.000000	0.000000
-0.952960	-0.844257	0.802799	0.690167	0.000000	0.000000	0.000000	0.000000	0.000000	0.000000
-0.952961	-0.844207	0.802601	0.690120	0.000000	0.000000	0.000000	0.000000	0.000000	0.000000
-0.952961	-0.844187	0.802792	0.690166	0.000000	0.000000	0.000000	0.000000	0.000000	0.000000
-0.952961	-0.844232	0.800686	0.689291	0.000000	0.000000	0.000000	0.000000	0.000000	0.000000
-0.952961	-0.844355	0.802650	0.690161	0.000000	0.000000	0.000000	0.000000	0.000000	0.000000
-0.952961	-0.844211	0.802752	0.690157	0.000000	0.000000	0.000000	0.000000	0.000000	0.000000
-0.952961	-0.844413	0.802495	0.687140	0.000000	0.000000	0.000000	0.000000	0.000000	0.000000
-0.952961	-0.844278	0.802952	0.666874	0.000000	0.000000	0.000000	0.000000	0.000000	0.000000
-0.952961	-0.844268	0.801387	0.665265	0.000000	0.000000	0.000000	0.000000	0.000000	0.000000
-0.952961	-0.844201	0.802874	0.681586	0.000000	0.000000	0.000000	0.000000	0.000000	0.000000
-0.952961	-0.844309	0.802872	0.690110	0.000000	0.000000	0.000000	0.000000	0.000000	0.000000
-0.952961	-0.844115	0.802747	0.689929	0.000000	0.000000	0.000000	0.000000	0.000000	0.000000
-0.952961	-0.844172	0.803024	0.689383	0.000000	0.000000	0.000000	0.000000	0.000000	0.000000
-0.952961	-0.844316	0.802851	0.689760	0.000000	0.000000	0.000000	0.000000	0.000000	0.000000
-0.952961	-0.844152	0.802809	0.690111	0.000000	0.000000	0.000000	0.000000	0.000000	0.000000
-0.952961	-0.844186	0.798853	0.689331	0.000000	0.000000	0.000000	0.000000	0.000000	0.000000
-0.952961	-0.844314	0.802805	0.689614	0.000000	0.000000	0.000000	0.000000	0.000000	0.000000
-0.952961	-0.844189	0.802822	0.690153	0.000000	0.000000	0.000000	0.000000	0.000000	0.000000
-0.952961	-0.844223	0.802889	0.690167	0.000000	0.000000	0.000000	0.000000	0.000000	0.000000
-0.952961	-0.844119	0.802777	0.680694	0.000000	0.000000	0.000000	0.000000	0.000000	0.000000
-0.952961	-0.844251	0.802761	0.690006	0.000000	0.000000	0.000000	0.000000	0.000000	0.000000
-0.952961	-0.844313	0.802743	0.690092	0.000000	0.000000	0.000000	0.000000	0.000000	0.000000
-0.952961	-0.844313	0.802879	0.689893	0.000000	0.000000	0.000000	0.000000	0.000000	0.000000
-0.952961	-0.844266	0.802788	0.690167	0.000000	0.000000	0.000000	0.000000	0.000000	0.000000
-0.952961	-0.844343	0.795724	0.690164	0.000000	0.000000	0.000000	0.000000	0.000000	0.000000
-0.952961	-0.844258	0.802720	0.690152	0.000000	0.000000	0.000000	0.000000	0.000000	0.000000
-0.952961	-0.844296	0.801980	0.690136	0.000000	0.000000	0.000000	0.000000	0.000000	0.000000
-0.952961	-0.844320	0.802701	0.690166	0.000000	0.000000	0.000000	0.000000	0.000000	0.000000
-0.952961	-0.844244	0.802828	0.690157	0.000000	0.000000	0.000000	0.000000	0.000000	0.000000
-0.952961	-0.844202	0.802336	0.690121	0.000000	0.000000	0.000000	0.000000	0.000000	0.000000
-0.952961	-0.844386	0.801522	0.687279	0.000000	0.000000	0.000000	0.000000	0.000000	0.000000
-0.952961	-0.844280	0.802711	0.570791	0.000000	0.000000	0.000000	0.000000	0.000000	0.000000
-0.952961	-0.844278	0.802722	0.689819	0.000000	0.000000	0.000000	0.000000	0.000000	0.000000
-0.952961	-0.844270	0.802905	0.688107	0.000000	0.000000	0.000000	0.000000	0.000000	0.000000
-0.952961	-0.844457	0.802801	0.689526	0.000000	0.000000	0.000000	0.000000	0.000000	0.000000
-0.952961	-0.844089	0.802682	0.653877	0.000000	0.000000	0.000000	0.000000	0.000000	0.000000
-0.952961	-0.844440	0.795726	0.687364	0.000000	0.000000	0.000000	0.000000	0.000000	0.000000
-0.952961	-0.844374	0.800466	0.689992	0.000000	0.000000	0.000000	0.000000	0.000000	0.000000
-0.952961	-0.844155	0.761600	0.690160	0.000000	0.000000	0.000000	0.000000	0.000000	0.000000
-0.952961	-0.844436	0.802849	0.690153	0.000000	0.000000	0.000000	0.000000	0.000000	0.000000
-0.952961	-0.844213	0.802784	0.690144	0.000000	0.000000	0.000000	0.000000	0.000000	0.000000
-0.952961	-0.844202	0.802843	0.690144	0.000000	0.000000	0.000000	0.000000	0.000000	0.000000
-0.952961	-0.844380	0.802889	0.689814	0.000000	0.000000	0.000000	0.000000	0.000000	0.000000
-0.952961	-0.844371	0.803040	0.690133	0.000000	0.000000	0.000000	0.000000	0.000000	0.000000
-0.952961	-0.844471	0.802753	0.662344	0.000000	0.000000	0.000000	0.000000	0.000000	0.000000
-0.952961	-0.844367	0.801175	0.690163	0.000000	0.000000	0.000000	0.000000	0.000000	0.000000
-0.952961	-0.844239	0.801579	0.689498	0.000000	0.000000	0.000000	0.000000	0.000000	0.000000
-0.952961	-0.844269	0.802962	0.679820	0.000000	0.000000	0.000000	0.000000	0.000000	0.000000
-0.952961	-0.844556	0.763689	0.688606	0.000000	0.000000	0.000000	0.000000	0.000000	0.000000
-0.952961	-0.844294	0.802762	0.690084	0.000000	0.000000	0.000000	0.000000	0.000000	0.000000
-0.952961	-0.844285	0.802858	0.689357	0.000000	0.000000	0.000000	0.000000	0.000000	0.000000
-0.952961	-0.844320	0.802765	0.690167	0.000000	0.000000	0.000000	0.000000	0.000000	0.000000
-0.952961	-0.844326	0.802164	0.223578	0.000000	0.000000	0.000000	0.000000	0.000000	0.000000
-0.952961	-0.844346	0.794132	0.690086	0.000000	0.000000	0.000000	0.000000	0.000000	0.000000
-0.952961	-0.844387	0.802735	0.690168	0.000000	0.000000	0.000000	0.000000	0.000000	0.000000
-0.952961	-0.844295	0.802755	0.687993	0.000000	0.000000	0.000000	0.000000	0.000000	0.000000
-0.952961	-0.844247	0.802994	0.690164	0.000000	0.000000	0.000000	0.000000	0.000000	0.000000
-0.952961	-0.844205	0.802871	0.684715	0.000000	0.000000	0.000000	0.000000	0.000000	0.000000
-0.952961	-0.844349	0.802913	0.689745	0.000000	0.000000	0.000000	0.000000	0.000000	0.000000
-0.952961	-0.844189	0.802374	0.686188	0.000000	0.000000	0.000000	0.000000	0.000000	0.000000
-0.952961	-0.844405	0.802946	0.690161	0.000000	0.000000	0.000000	0.000000	0.000000	0.000000
-0.952961	-0.844345	0.802562	0.690166	0.000000	0.000000	0.000000	0.000000	0.000000	0.000000
-0.952961	-0.844365	0.802850	0.689770	0.000000	0.000000	0.000000	0.000000	0.000000	0.000000
-0.952961	-0.844152	0.802238	0.688321	0.000000	0.000000	0.000000	0.000000	0.000000	0.000000
-0.952961	-0.844382	0.802854	0.689257	0.000000	0.000000	0.000000	0.000000	0.000000	0.000000
-0.952961	-0.844149	0.802624	0.690147	0.000000	0.000000	0.000000	0.000000	0.000000	0.000000
-0.952961	-0.844390	0.802920	0.690168	0.000000	0.000000	0.000000	0.000000	0.000000	0.000000
-0.952961	-0.844281	0.802876	0.690154	0.000000	0.000000	0.000000	0.000000	0.000000	0.000000
-0.952961	-0.844314	0.800704	0.690163	0.000000	0.000000	0.000000	0.000000	0.000000	0.000000
-0.952961	-0.844309	0.802963	0.690129	0.000000	0.000000	0.000000	0.000000	0.000000	0.000000
-0.952961	-0.844171	0.802799	0.688614	0.000000	0.000000	0.000000	0.000000	0.000000	0.000000
-0.952961	-0.844332	0.801776	0.690168	0.000000	0.000000	0.000000	0.000000	0.000000	0.000000
-0.952961	-0.844258	0.802809	0.689773	0.000000	0.000000	0.000000	0.000000	0.000000	0.000000
-0.952961	-0.844308	0.802851	0.689807	0.000000	0.000000	0.000000	0.000000	0.000000	0.000000
-0.952961	-0.844248	0.777109	0.504148	0.000000	0.000000	0.000000	0.000000	0.000000	0.000000
-0.952961	-0.844332	0.802926	0.690148	0.000000	0.000000	0.000000	0.000000	0.000000	0.000000
-0.952961	-0.844152	0.802309	0.690168	0.000000	0.000000	0.000000	0.000000	0.000000	0.000000
-0.952961	-0.844341	0.802606	0.680146	0.000000	0.000000	0.000000	0.000000	0.000000	0.000000
-0.952961	-0.844319	0.802803	0.690160	0.000000	0.000000	0.000000	0.000000	0.000000	0.000000
-0.952961	-0.844284	0.802716	0.689962	0.000000	0.000000	0.000000	0.000000	0.000000	0.000000
-0.952961	-0.844327	0.802789	0.690104	0.000000	0.000000	0.000000	0.000000	0.000000	0.000000
-0.952961	-0.844424	0.802912	0.689371	0.000000	0.000000	0.000000	0.000000	0.000000	0.000000
-0.952961	-0.844332	0.802857	0.690068	0.000000	0.000000	0.000000	0.000000	0.000000	0.000000
-0.952961	-0.844200	0.802850	0.689737	0.000000	0.000000	0.000000	0.000000	0.000000	0.000000
-0.952961	-0.844266	0.802906	0.690091	0.000000	0.000000	0.000000	0.000000	0.000000	0.000000
-0.952961	-0.844229	0.802806	0.689806	0.000000	0.000000	0.000000	0.000000	0.000000	0.000000
-0.952961	-0.844238	0.799189	0.689699	0.000000	0.000000	0.000000	0.000000	0.000000	0.000000
-0.952961	-0.844084	0.802915	0.679595	0.000000	0.000000	0.000000	0.000000	0.000000	0.000000
-0.952961	-0.844328	0.802753	0.690006	0.000000	0.000000	0.000000	0.000000	0.000000	0.000000
-0.952961	-0.844532	0.802785	0.690168	0.000000	0.000000	0.000000	0.000000	0.000000	0.000000
-0.952961	-0.844336	0.802904	0.690145	0.000000	0.000000	0.000000	0.000000	0.000000	0.000000
-0.952961	-0.844328	0.802749	0.690097	0.000000	0.000000	0.000000	0.000000	0.000000	0.000000
-0.952961	-0.844427	0.802843	0.690128	0.000000	0.000000	0.000000	0.000000	0.000000	0.000000
-0.952961	-0.844325	0.802881	0.690165	0.000000	0.000000	0.000000	0.000000	0.000000	0.000000
-0.952961	-0.844219	0.801241	0.689277	0.000000	0.000000	0.000000	0.000000	0.000000	0.000000
-0.952961	-0.844300	0.802778	0.689409	0.000000	0.000000	0.000000	0.000000	0.000000	0.000000
-0.952961	-0.844235	0.802866	0.687515	0.000000	0.000000	0.000000	0.000000	0.000000	0.000000
-0.952961	-0.844108	0.802883	0.689329	0.000000	0.000000	0.000000	0.000000	0.000000	0.000000
-0.952961	-0.844216	0.802894	0.690165	0.000000	0.000000	0.000000	0.000000	0.000000	0.000000
-0.952961	-0.844435	0.800937	0.687896	0.000000	0.000000	0.000000	0.000000	0.000000	0.000000
-0.952961	-0.844365	0.802715	0.690162	0.000000	0.000000	0.000000	0.000000	0.000000	0.000000
-0.952961	-0.844285	0.802960	0.689881	0.000000	0.000000	0.000000	0.000000	0.000000	0.000000
-0.952961	-0.844311	0.801293	0.690023	0.000000	0.000000	0.000000	0.000000	0.000000	0.000000
-0.952961	-0.844338	0.803185	0.689880	0.000000	0.000000	0.000000	0.000000	0.000000	0.000000
-0.952961	-0.844277	0.802313	0.690139	0.000000	0.000000	0.000000	0.000000	0.000000	0.000000
-0.952961	-0.844401	0.785659	0.686033	0.000000	0.000000	0.000000	0.000000	0.000000	0.000000
-0.952961	-0.844141	0.802793	0.690162	0.000000	0.000000	0.000000	0.000000	0.000000	0.000000
-0.952961	-0.785033	-0.064411	-0.000292	0.000000	0.000000	0.000000	0.000000	0.000000	0.000000
-0.952961	-0.844384	-0.796681	-0.819089	0.000000	0.000000	0.000000	0.000000	0.000000	0.000000
-0.952961	-0.844343	-0.795835	-0.818792	0.000000	0.000000	0.000000	0.000000	0.000000	0.000000
-0.952961	-0.844475	-0.796236	-0.804614	0.000000	0.000000	0.000000	0.000000	0.000000	0.000000
-0.952961	-0.844009	-0.795810	-0.819088	0.000000	0.000000	0.000000	0.000000	0.000000	0.000000
-0.952961	-0.844241	-0.796524	-0.819077	0.000000	0.000000	0.000000	0.000000	0.000000	0.000000
-0.952961	-0.844311	-0.796812	-0.818783	0.000000	0.000000	0.000000	0.000000	0.000000	0.000000
-0.952961	-0.844205	-0.796072	-0.819079	0.000000	0.000000	0.000000	0.000000	0.000000	0.000000
-0.952961	-0.844198	-0.796202	-0.819089	0.000000	0.000000	0.000000	0.000000	0.000000	0.000000
-0.952961	-0.844309	-0.796647	-0.819089	0.000000	0.000000	0.000000	0.000000	0.000000	0.000000
-0.952961	-0.844357	-0.063884	-0.819038	0.000000	0.000000	0.000000	0.000000	0.000000	0.000000
-0.952961	-0.844579	-0.795268	-0.818895	0.000000	0.000000	0.000000	0.000000	0.000000	0.000000
-0.952961	-0.844262	-0.796610	-0.819084	0.000000	0.000000	0.000000	0.000000	0.000000	0.000000
-0.952961	-0.844397	-0.796318	-0.819088	0.000000	0.000000	0.000000	0.000000	0.000000	0.000000
-0.952961	-0.844365	-0.781739	-0.819089	0.000000	0.000000	0.000000	0.000000	0.000000	0.000000
-0.952961	-0.844210	-0.796157	-0.819085	0.000000	0.000000	0.000000	0.000000	0.000000	0.000000
-0.952961	-0.844384	-0.796284	-0.819089	0.000000	0.000000	0.000000	0.000000	0.000000	0.000000
-0.952961	-0.844230	-0.795758	-0.819079	0.000000	0.000000	0.000000	0.000000	0.000000	0.000000
-0.952961	-0.844149	-0.796579	-0.815217	0.000000	0.000000	0.000000	0.000000	0.000000	0.000000
-0.952961	-0.844207	-0.795658	-0.819086	0.000000	0.000000	0.000000	0.000000	0.000000	0.000000
-0.952961	-0.844262	-0.796846	-0.819089	0.000000	0.000000	0.000000	0.000000	0.000000	0.000000
-0.952961	-0.844429	-0.796462	-0.819089	0.000000	0.000000	0.000000	0.000000	0.000000	0.000000
-0.952961	-0.844110	-0.789331	-0.819066	0.000000	0.000000	0.000000	0.000000	0.000000	0.000000
-0.952961	-0.844361	-0.796552	-0.819068	0.000000	0.000000	0.000000	0.000000	0.000000	0.000000
-0.952961	-0.844304	-0.797225	-0.819089	0.000000	0.000000	0.000000	0.000000	0.000000	0.000000
-0.952961	-0.844183	-0.796674	-0.817727	0.000000	0.000000	0.000000	0.000000	0.000000	0.000000
-0.952961	-0.844212	-0.796192	-0.819016	0.000000	0.000000	0.000000	0.000000	0.000000	0.000000
-0.952961	-0.844393	-0.796227	-0.819089	0.000000	0.000000	0.000000	0.000000	0.000000	0.000000
-0.952961	-0.844277	-0.795534	-0.819089	0.000000	0.000000	0.000000	0.000000	0.000000	0.000000
-0.952961	-0.844101	-0.796786	-0.291296	0.000000	0.000000	0.000000	0.000000	0.000000	0.000000
-0.952961	-0.844198	-0.796159	-0.819089	0.000000	0.000000	0.000000	0.000000	0.000000	0.000000
-0.952961	-0.844376	-0.796997	-0.819089	0.000000	0.000000	0.000000	0.000000	0.000000	0.000000
-0.952961	-0.844286	-0.796299	-0.818993	0.000000	0.000000	0.000000	0.000000	0.000000	0.000000
-0.952961	-0.844229	-0.796264	-0.819052	0.000000	0.000000	0.000000	0.000000	0.000000	0.000000
-0.952961	-0.844244	-0.796869	-0.819089	0.000000	0.000000	0.000000	0.000000	0.000000	0.000000
-0.952961	-0.844322	-0.796261	-0.818615	0.000000	0.000000	0.000000	0.000000	0.000000	0.000000
-0.952961	-0.844231	-0.796303	-0.813603	0.000000	0.000000	0.000000	0.000000	0.000000	0.000000
-0.952961	-0.844212	-0.795180	-0.819085	0.000000	0.000000	0.000000	0.000000	0.000000	0.000000
-0.952961	-0.844318	-0.670939	-0.819071	0.000000	0.000000	0.000000	0.000000	0.000000	0.000000
-0.952961	-0.844295	-0.745310	-0.802278	0.000000	0.000000	0.000000	0.000000	0.000000	0.000000
-0.952961	-0.844361	-0.796070	-0.818957	0.000000	0.000000	0.000000	0.000000	0.000000	0.000000
-0.952961	-0.844168	-0.796518	-0.792776	0.000000	0.000000	0.000000	0.000000	0.000000	0.000000
-0.952961	-0.844251	-0.796426	-0.818759	0.000000	0.000000	0.000000	0.000000	0.000000	0.000000
-0.952961	-0.844361	-0.795551	-0.819089	0.000000	0.000000	0.000000	0.000000	0.000000	0.000000
-0.952961	-0.844280	-0.794615	-0.818752	0.000000	0.000000	0.000000	0.000000	0.000000	0.000000
-0.952961	-0.844195	-0.792295	-0.818296	0.000000	0.000000	0.000000	0.000000	0.000000	0.000000
-0.952961	-0.844291	-0.796527	-0.818624	0.000000	0.000000	0.000000	0.000000	0.000000	0.000000
-0.952961	-0.844278	-0.795025	-0.817269	0.000000	0.000000	0.000000	0.000000	0.000000	0.000000
-0.952961	-0.844404	-0.794497	-0.819087	0.000000	0.000000	0.000000	0.000000	0.000000	0.000000
-0.952961	-0.844145	-0.796628	-0.819079	0.000000	0.000000	0.000000	0.000000	0.000000	0.000000
-0.952961	-0.844256	-0.796469	-0.819088	0.000000	0.000000	0.000000	0.000000	0.000000	0.000000
-0.952961	-0.844196	-0.796127	-0.819089	0.000000	0.000000	0.000000	0.000000	0.000000	0.000000
-0.952961	-0.844230	-0.796250	-0.819036	0.000000	0.000000	0.000000	0.000000	0.000000	0.000000
-0.952961	-0.844301	-0.796124	-0.819088	0.000000	0.000000	0.000000	0.000000	0.000000	0.000000
-0.952961	-0.844257	-0.796533	-0.819079	0.000000	0.000000	0.000000	0.000000	0.000000	0.000000
-0.952961	-0.844310	-0.795463	-0.818830	0.000000	0.000000	0.000000	0.000000	0.000000	0.000000
-0.952961	-0.844359	-0.795416	-0.819089	0.000000	0.000000	0.000000	0.000000	0.000000	0.000000
-0.952961	-0.844207	-0.796359	-0.819084	0.000000	0.000000	0.000000	0.000000	0.000000	0.000000
-0.952961	-0.844283	-0.795497	-0.819081	0.000000	0.000000	0.000000	0.000000	0.000000	0.000000
-0.952961	-0.844387	-0.796267	-0.818891	0.000000	0.000000	0.000000	0.000000	0.000000	0.000000
-0.952961	-0.844175	-0.796673	-0.819024	0.000000	0.000000	0.000000	0.000000	0.000000	0.000000
-0.952961	-0.844228	-0.796473	-0.819088	0.000000	0.000000	0.000000	0.000000	0.000000	0.000000
-0.952961	-0.844195	-0.797084	-0.104199	0.000000	0.000000	0.000000	0.000000	0.000000	0.000000
-0.952961	-0.844368	-0.796016	-0.769063	0.000000	0.000000	0.000000	0.000000	0.000000	0.000000
-0.952961	-0.844087	-0.796200	-0.819089	0.000000	0.000000	0.000000	0.000000	0.000000	0.000000
-0.952961	-0.844302	-0.796421	-0.819069	0.000000	0.000000	0.000000	0.000000	0.000000	0.000000
-0.952961	-0.844435	-0.796024	-0.819083	0.000000	0.000000	0.000000	0.000000	0.000000	0.000000
-0.952961	-0.844266	-0.796692	-0.819077	0.000000	0.000000	0.000000	0.000000	0.000000	0.000000
-0.952961	-0.844040	-0.796609	-0.819088	0.000000	0.000000	0.000000	0.000000	0.000000	0.000000
-0.952961	-0.844206	-0.795839	-0.819088	0.000000	0.000000	0.000000	0.000000	0.000000	0.000000
-0.952961	-0.844243	-0.796377	-0.818215	0.000000	0.000000	0.000000	0.000000	0.000000	0.000000
-0.952961	-0.844297	-0.797196	-0.819085	0.000000	0.000000	0.000000	0.000000	0.000000	0.000000
-0.952961	-0.844421	-0.796681	-0.818996	0.000000	0.000000	0.000000	0.000000	0.000000	0.000000
-0.952961	-0.844137	-0.795979	-0.819087	0.000000	0.000000	0.000000	0.000000	0.000000	0.000000
-0.952961	-0.844109	-0.796317	-0.819088	0.000000	0.000000	0.000000	0.000000	0.000000	0.000000
-0.952961	-0.844476	-0.795821	-0.819089	0.000000	0.000000	0.000000	0.000000	0.000000	0.000000
-0.952961	-0.844402	-0.795822	-0.819088	0.000000	0.000000	0.000000	0.000000	0.000000	0.000000
-0.952961	-0.844175	-0.796236	-0.819082	0.000000	0.000000	0.000000	0.000000	0.000000	0.000000
-0.952961	-0.844267	-0.796462	-0.819078	0.000000	0.000000	0.000000	0.000000	0.000000	0.000000
-0.952961	-0.844235	-0.774433	-0.819089	0.000000	0.000000	0.000000	0.000000	0.000000	0.000000
-0.952961	-0.844395	-0.796314	-0.816186	0.000000	0.000000	0.000000	0.000000	0.000000	0.000000
-0.952961	-0.844249	-0.796438	-0.819074	0.000000	0.000000	0.000000	0.000000	0.000000	0.000000
-0.952961	-0.844302	-0.796432	-0.815463	0.000000	0.000000	0.000000	0.000000	0.000000	0.000000
-0.952961	-0.844351	-0.796334	-0.818946	0.000000	0.000000	0.000000	0.000000	0.000000	0.000000
-0.952961	-0.844349	-0.794324	-0.819053	0.000000	0.000000	0.000000	0.000000	0.000000	0.000000
-0.952961	-0.844202	-0.796848	-0.819087	0.000000	0.000000	0.000000	0.000000	0.000000	0.000000
-0.952961	-0.844394	-0.796133	-0.819088	0.000000	0.000000	0.000000	0.000000	0.000000	0.000000
-0.952961	-0.844313	-0.796452	-0.819033	0.000000	0.000000	0.000000	0.000000	0.000000	0.000000
-0.952961	-0.844221	-0.796624	-0.819087	0.000000	0.000000	0.000000	0.000000	0.000000	0.000000
-0.952961	-0.844264	-0.796525	-0.819082	0.000000	0.000000	0.000000	0.000000	0.000000	0.000000
-0.952961	-0.844262	-0.796620	-0.819089	0.000000	0.000000	0.000000	0.000000	0.000000	0.000000
-0.952961	-0.844354	-0.796436	-0.818980	0.000000	0.000000	0.000000	0.000000	0.000000	0.000000
-0.952961	-0.844312	-0.796238	-0.819051	0.000000	0.000000	0.000000	0.000000	0.000000	0.000000
-0.952961	-0.844259	-0.795764	-0.816782	0.000000	0.000000	0.000000	0.000000	0.000000	0.000000
-0.952961	-0.844325	-0.797013	-0.819084	0.000000	0.000000	0.000000	0.000000	0.000000	0.000000
-0.952961	-0.844299	-0.796744	-0.819062	0.000000	0.000000	0.000000	0.000000	0.000000	0.000000
-0.952961	-0.844357	-0.797336	-0.790286	0.000000	0.000000	0.000000	0.000000	0.000000	0.000000
-0.952961	-0.844258	-0.796455	-0.819079	0.000000	0.000000	0.000000	0.000000	0.000000	0.000000
-0.952961	-0.844139	-0.796334	-0.819089	0.000000	0.000000	0.000000	0.000000	0.000000	0.000000
-0.952961	-0.844200	-0.796196	-0.819043	0.000000	0.000000	0.000000	0.000000	0.000000	0.000000
-0.952961	-0.844291	-0.796565	-0.818892	0.000000	0.000000	0.000000	0.000000	0.000000	0.000000
-0.952961	-0.844395	-0.796297	-0.816303	0.000000	0.000000	0.000000	0.000000	0.000000	0.000000
-0.952961	-0.844247	-0.796248	-0.819041	0.000000	0.000000	0.000000	0.000000	0.000000	0.000000
-0.952961	-0.844454	-0.796269	-0.819040	0.000000	0.000000	0.000000	0.000000	0.000000	0.000000
-0.952961	-0.844408	-0.796294	-0.819089	0.000000	0.000000	0.000000	0.000000	0.000000	0.000000
-0.952961	-0.844189	-0.796473	-0.819060	0.000000	0.000000	0.000000	0.000000	0.000000	0.000000
-0.952961	-0.844252	-0.796085	-0.819079	0.000000	0.000000	0.000000	0.000000	0.000000	0.000000
-0.952961	-0.844178	-0.796395	-0.819089	0.000000	0.000000	0.000000	0.000000	0.000000	0.000000
-0.952961	-0.843892	-0.796282	-0.811462	0.000000	0.000000	0.000000	0.000000	0.000000	0.000000
-0.952961	-0.844352	-0.796156	-0.819089	0.000000	0.000000	0.000000	0.000000	0.000000	0.000000
-0.952961	-0.844352	-0.796370	-0.819089	0.000000	0.000000	0.000000	0.000000	0.000000	0.000000
-0.952961	-0.844243	-0.741783	-0.819028	0.000000	0.000000	0.000000	0.000000	0.000000	0.000000
-0.952961	-0.844336	-0.796447	-0.819087	0.000000	0.000000	0.000000	0.000000	0.000000	0.000000
-0.952961	-0.844251	-0.796102	-0.818904	0.000000	0.000000	0.000000	0.000000	0.000000	0.000000
-0.952961	-0.844178	-0.796266	-0.819082	0.000000	0.000000	0.000000	0.000000	0.000000	0.000000
-0.952961	-0.844340	-0.796890	-0.817527	0.000000	0.000000	0.000000	0.000000	0.000000	0.000000
-0.952961	-0.844397	-0.796464	-0.819072	0.000000	0.000000	0.000000	0.000000	0.000000	0.000000
-0.952961	-0.844245	-0.796280	-0.819000	0.000000	0.000000	0.000000	0.000000	0.000000	0.000000
-0.952961	-0.844242	-0.796482	-0.819078	0.000000	0.000000	0.000000	0.000000	0.000000	0.000000
-0.952961	-0.844367	-0.796815	-0.819088	0.000000	0.000000	0.000000	0.000000	0.000000	0.000000
-0.952961	-0.844214	-0.796606	-0.819060	0.000000	0.000000	0.000000	0.000000	0.000000	0.000000
-0.952961	-0.844126	-0.796207	-0.819039	0.000000	0.000000	0.000000	0.000000	0.000000	0.000000
-0.952961	-0.844276	-0.659013	-0.819089	0.000000	0.000000	0.000000	0.000000	0.000000	0.000000
-0.952961	-0.844203	-0.796806	-0.819089	0.000000	0.000000	0.000000	0.000000	0.000000	0.000000
-0.952961	-0.844288	-0.796380	-0.818717	0.000000	0.000000	0.000000	0.000000	0.000000	0.000000
-0.952961	-0.844285	-0.796502	-0.819077	0.000000	0.000000	0.000000	0.000000	0.000000	0.000000
-0.952961	-0.844259	-0.796424	-0.818899	0.000000	0.000000	0.000000	0.000000	0.000000	0.000000
-0.952961	-0.844197	-0.796336	-0.819059	0.000000	0.000000	0.000000	0.000000	0.000000	0.000000
-0.952961	-0.844220	-0.796163	-0.819089	0.000000	0.000000	0.000000	0.000000	0.000000	0.000000
-0.952961	-0.844270	-0.796156	-0.819085	0.000000	0.000000	0.000000	0.000000	0.000000	0.000000
-0.952961	-0.844331	-0.796210	-0.819089	0.000000	0.000000	0.000000	0.000000	0.000000	0.000000
-0.952961	-0.844175	-0.796094	-0.819085	0.000000	0.000000	0.000000	0.000000	0.000000	0.000000
-0.952961	-0.844249	-0.794556	-0.819086	0.000000	0.000000	0.000000	0.000000	0.000000	0.000000
-0.952961	-0.844487	-0.796343	-0.805304	0.000000	0.000000	0.000000	0.000000	0.000000	0.000000
-0.952961	-0.844152	-0.780931	-0.818729	0.000000	0.000000	0.000000	0.000000	0.000000	0.000000
-0.952961	-0.844234	-0.796756	-0.819080	0.000000	0.000000	0.000000	0.000000	0.000000	0.000000
-0.952961	-0.844267	-0.513681	-0.819056	0.000000	0.000000	0.000000	0.000000	0.000000	0.000000
-0.952961	-0.844271	-0.796775	-0.819088	0.000000	0.000000	0.000000	0.000000	0.000000	0.000000
-0.952961	-0.844246	-0.796383	-0.819089	0.000000	0.000000	0.000000	0.000000	0.000000	0.000000
-0.952961	-0.844366	-0.795635	-0.819068	0.000000	0.000000	0.000000	0.000000	0.000000	0.000000
-0.952961	-0.844315	-0.796560	-0.808453	0.000000	0.000000	0.000000	0.000000	0.000000	0.000000
-0.952961	-0.844271	-0.796144	-0.819089	0.000000	0.000000	0.000000	0.000000	0.000000	0.000000
-0.952961	-0.844245	-0.796608	-0.819089	0.000000	0.000000	0.000000	0.000000	0.000000	0.000000
-0.952961	-0.844196	-0.795295	-0.819087	0.000000	0.000000	0.000000	0.000000	0.000000	0.000000
-0.952961	-0.844283	-0.795802	-0.819088	0.000000	0.000000	0.000000	0.000000	0.000000	0.000000
-0.952961	-0.844345	-0.794358	-0.819088	0.000000	0.000000	0.000000	0.000000	0.000000	0.000000
-0.952961	-0.844198	-0.794168	-0.819089	0.000000	0.000000	0.000000	0.000000	0.000000	0.000000
-0.952961	-0.844266	-0.788918	-0.799918	0.000000	0.000000	0.000000	0.000000	0.000000	0.000000
-0.952961	-0.844321	-0.796295	-0.819085	0.000000	0.000000	0.000000	0.000000	0.000000	0.000000
-0.952961	-0.844326	-0.796581	-0.819026	0.000000	0.000000	0.000000	0.000000	0.000000	0.000000
-0.952961	-0.844247	-0.796452	-0.818928	0.000000	0.000000	0.000000	0.000000	0.000000	0.000000
-0.952961	-0.844093	-0.796325	-0.819089	0.000000	0.000000	0.000000	0.000000	0.000000	0.000000
-0.952961	-0.844223	-0.796219	-0.819087	0.000000	0.000000	0.000000	0.000000	0.000000	0.000000
-0.952961	-0.844429	-0.796295	-0.811388	0.000000	0.000000	0.000000	0.000000	0.000000	0.000000
-0.952961	-0.844227	-0.796649	-0.819087	0.000000	0.000000	0.000000	0.000000	0.000000	0.000000
-0.952961	-0.844381	-0.797021	-0.818783	0.000000	0.000000	0.000000	0.000000	0.000000	0.000000
-0.952961	-0.844372	-0.796993	-0.819089	0.000000	0.000000	0.000000	0.000000	0.000000	0.000000
-0.952961	-0.844210	-0.795685	-0.819089	0.000000	0.000000	0.000000	0.000000	0.000000	0.000000
-0.952961	-0.844206	-0.796690	-0.816002	0.000000	0.000000	0.000000	0.000000	0.000000	0.000000
-0.952961	-0.844201	-0.796374	-0.819069	0.000000	0.000000	0.000000	0.000000	0.000000	0.000000
-0.952961	-0.844222	-0.796819	-0.817848	0.000000	0.000000	0.000000	0.000000	0.000000	0.000000
-0.952961	-0.844297	-0.796277	-0.819046	0.000000	0.000000	0.000000	0.000000	0.000000	0.000000
-0.952961	-0.844426	-0.796669	-0.819084	0.000000	0.000000	0.000000	0.000000	0.000000	0.000000
-0.952961	-0.844251	-0.796791	-0.819068	0.000000	0.000000	0.000000	0.000000	0.000000	0.000000
-0.952961	-0.844270	-0.796205	-0.819088	0.000000	0.000000	0.000000	0.000000	0.000000	0.000000
-0.952961	-0.844277	-0.796017	-0.816114	0.000000	0.000000	0.000000	0.000000	0.000000	0.000000
-0.952961	-0.844367	-0.796100	-0.819084	0.000000	0.000000	0.000000	0.000000	0.000000	0.000000
-0.952961	-0.844411	-0.796300	-0.819079	0.000000	0.000000	0.000000	0.000000	0.000000	0.000000
-0.952961	-0.844379	-0.796242	-0.819082	0.000000	0.000000	0.000000	0.000000	0.000000	0.000000
-0.952961	-0.844300	-0.797124	-0.819056	0.000000	0.000000	0.000000	0.000000	0.000000	0.000000
-0.952961	-0.844396	-0.796200	-0.818978	0.000000	0.000000	0.000000	0.000000	0.000000	0.000000
-0.952961	-0.844374	-0.796053	-0.819089	0.000000	0.000000	0.000000	0.000000	0.000000	0.000000
-0.952961	-0.844231	-0.796633	-0.818583	0.000000	0.000000	0.000000	0.000000	0.000000	0.000000
-0.952961	-0.844423	-0.795856	-0.818709	0.000000	0.000000	0.000000	0.000000	0.000000	0.000000
-0.952961	-0.844292	-0.796613	-0.819089	0.000000	0.000000	0.000000	0.000000	0.000000	0.000000
-0.952961	-0.844265	-0.796253	-0.819089	0.000000	0.000000	0.000000	0.000000	0.000000	0.000000
-0.952961	-0.844222	-0.796679	-0.819085	0.000000	0.000000	0.000000	0.000000	0.000000	0.000000
-0.952961	-0.844489	-0.796367	-0.819021	0.000000	0.000000	0.000000	0.000000	0.000000	0.000000
-0.952961	-0.844451	-0.796079	-0.818731	0.000000	0.000000	0.000000	0.000000	0.000000	0.000000
-0.952961	-0.844154	-0.796528	-0.819047	0.000000	0.000000	0.000000	0.000000	0.000000	0.000000
-0.952961	-0.844357	-0.796568	-0.574932	0.000000	0.000000	0.000000	0.000000	0.000000	0.000000
-0.952961	-0.844315	-0.796651	-0.819082	0.000000	0.000000	0.000000	0.000000	0.000000	0.000000
-0.952961	-0.844287	-0.796159	-0.794717	0.000000	0.000000	0.000000	0.000000	0.000000	0.000000
-0.952961	-0.844249	-0.796498	-0.819088	0.000000	0.000000	0.000000	0.000000	0.000000	0.000000
-0.952961	-0.844158	-0.796044	-0.819089	0.000000	0.000000	0.000000	0.000000	0.000000	0.000000
-0.952961	-0.844396	-0.796745	-0.817553	0.000000	0.000000	0.000000	0.000000	0.000000	0.000000
-0.952961	-0.844354	-0.796668	-0.818855	0.000000	0.000000	0.000000	0.000000	0.000000	0.000000
-0.952961	-0.844534	-0.796536	-0.819074	0.000000	0.000000	0.000000	0.000000	0.000000	0.000000
-0.952961	-0.844310	-0.796619	-0.819089	0.000000	0.000000	0.000000	0.000000	0.000000	0.000000
-0.952961	-0.844222	-0.795689	-0.819088	0.000000	0.000000	0.000000	0.000000	0.000000	0.000000
-0.952961	-0.844232	-0.778618	-0.817076	0.000000	0.000000	0.000000	0.000000	0.000000	0.000000
-0.952961	-0.844512	-0.796666	-0.819078	0.000000	0.000000	0.000000	0.000000	0.000000	0.000000
-0.952961	-0.844251	-0.797066	-0.819074	0.000000	0.000000	0.000000	0.000000	0.000000	0.000000
-0.952961	-0.844246	-0.796184	-0.818985	0.000000	0.000000	0.000000	0.000000	0.000000	0.000000
-0.952961	-0.844214	-0.796440	-0.819089	0.000000	0.000000	0.000000	0.000000	0.000000	0.000000
-0.952961	-0.844333	-0.796214	-0.819081	0.000000	0.000000	0.000000	0.000000	0.000000	0.000000
-0.952961	-0.844367	-0.796514	-0.818687	0.000000	0.000000	0.000000	0.000000	0.000000	0.000000
-0.952961	-0.844312	-0.796520	-0.818996	0.000000	0.000000	0.000000	0.000000	0.000000	0.000000
-0.952961	-0.844370	-0.796471	-0.819086	0.000000	0.000000	0.000000	0.000000	0.000000	0.000000
-0.952961	-0.844201	-0.796353	-0.819089	0.000000	0.000000	0.000000	0.000000	0.000000	0.000000
-0.952961	-0.844305	-0.795863	-0.818601	0.000000	0.000000	0.000000	0.000000	0.000000	0.000000
-0.952961	-0.844211	-0.796373	-0.819088	0.000000	0.000000	0.000000	0.000000	0.000000	0.000000
-0.952961	-0.844453	-0.796693	-0.819089	0.000000	0.000000	0.000000	0.000000	0.000000	0.000000
-0.952961	-0.844224	-0.796037	-0.819088	0.000000	0.000000	0.000000	0.000000	0.000000	0.000000
-0.952961	-0.844135	-0.796580	-0.819089	0.000000	0.000000	0.000000	0.000000	0.000000	0.000000
-0.952961	-0.844280	-0.796233	-0.819088	0.000000	0.000000	0.000000	0.000000	0.000000	0.000000
-0.952961	-0.844387	-0.795613	-0.819088	0.000000	0.000000	0.000000	0.000000	0.000000	0.000000
-0.952961	-0.844212	-0.796434	-0.818874	0.000000	0.000000	0.000000	0.000000	0.000000	0.000000
-0.952961	-0.844290	-0.796669	-0.819088	0.000000	0.000000	0.000000	0.000000	0.000000	0.000000
-0.952961	-0.844295	-0.796438	-0.819088	0.000000	0.000000	0.000000	0.000000	0.000000	0.000000
-0.952961	-0.844349	-0.796927	-0.819089	0.000000	0.000000	0.000000	0.000000	0.000000	0.000000
-0.952961	-0.844216	-0.793621	-0.819089	0.000000	0.000000	0.000000	0.000000	0.000000	0.000000
-0.952961	-0.844386	-0.796850	-0.819080	0.000000	0.000000	0.000000	0.000000	0.000000	0.000000
-0.952961	-0.844195	-0.796420	-0.819084	0.000000	0.000000	0.000000	0.000000	0.000000	0.000000
-0.952961	-0.844257	-0.796054	-0.819089	0.000000	0.000000	0.000000	0.000000	0.000000	0.000000
-0.952961	-0.844278	-0.796270	-0.819040	0.000000	0.000000	0.000000	0.000000	0.000000	0.000000
-0.952961	-0.844500	-0.795180	-0.819089	0.000000	0.000000	0.000000	0.000000	0.000000	0.000000
-0.952961	-0.844284	-0.796236	-0.819089	0.000000	0.000000	0.000000	0.000000	0.000000	0.000000
-0.952961	-0.844227	-0.796526	-0.819089	0.000000	0.000000	0.000000	0.000000	0.000000	0.000000
-0.952961	-0.844402	-0.796513	-0.819088	0.000000	0.000000	0.000000	0.000000	0.000000	0.000000
-0.952961	-0.844342	-0.796386	-0.819081	0.000000	0.000000	0.000000	0.000000	0.000000	0.000000
-0.952961	-0.844363	-0.795449	-0.819086	0.000000	0.000000	0.000000	0.000000	0.000000	0.000000
-0.952961	-0.844142	-0.796632	-0.819077	0.000000	0.000000	0.000000	0.000000	0.000000	0.000000
-0.952961	-0.844284	-0.796710	-0.818984	0.000000	0.000000	0.000000	0.000000	0.000000	0.000000
-0.952961	-0.844319	-0.796216	-0.819089	0.000000	0.000000	0.000000	0.000000	0.000000	0.000000
-0.952961	-0.844345	-0.795466	-0.818900	0.000000	0.000000	0.000000	0.000000	0.000000	0.000000
-0.952961	-0.844276	-0.796194	-0.811860	0.000000	0.000000	0.000000	0.000000	0.000000	0.000000
-0.952961	-0.844133	-0.793490	-0.818701	0.000000	0.000000	0.000000	0.000000	0.000000	0.000000
-0.952961	-0.844216	-0.796565	-0.818980	0.000000	0.000000	0.000000	0.000000	0.000000	0.000000
-0.952961	-0.844080	-0.796580	-0.817601	0.000000	0.000000	0.000000	0.000000	0.000000	0.000000
-0.952961	-0.844206	-0.796477	-0.817416	0.000000	0.000000	0.000000	0.000000	0.000000	0.000000
-0.952961	-0.844319	-0.796079	-0.819074	0.000000	0.000000	0.000000	0.000000	0.000000	0.000000
-0.952961	-0.844191	-0.796576	-0.819089	0.000000	0.000000	0.000000	0.000000	0.000000	0.000000
-0.952961	-0.844336	-0.796180	-0.819089	0.000000	0.000000	0.000000	0.000000	0.000000	0.000000
-0.952961	-0.844213	-0.796585	-0.819089	0.000000	0.000000	0.000000	0.000000	0.000000	0.000000
-0.952961	-0.844468	-0.775444	-0.819060	0.000000	0.000000	0.000000	0.000000	0.000000	0.000000
-0.952961	-0.844404	-0.796120	-0.819089	0.000000	0.000000	0.000000	0.000000	0.000000	0.000000
-0.952961	-0.844375	-0.796758	-0.818918	0.000000	0.000000	0.000000	0.000000	0.000000	0.000000
-0.952961	-0.844177	-0.795694	-0.818966	0.000000	0.000000	0.000000	0.000000	0.000000	0.000000
-0.952961	-0.844325	-0.796614	-0.819087	0.000000	0.000000	0.000000	0.000000	0.000000	0.000000
-0.952961	-0.844332	-0.796421	-0.817231	0.000000	0.000000	0.000000	0.000000	0.000000	0.000000
-0.952961	-0.844326	-0.796335	-0.818083	0.000000	0.000000	0.000000	0.000000	0.000000	0.000000
-0.952961	-0.844203	-0.796236	-0.819089	0.000000	0.000000	0.000000	0.000000	0.000000	0.000000
-0.952961	-0.844264	-0.796640	-0.819089	0.000000	0.000000	0.000000	0.000000	0.000000	0.000000
-0.952961	-0.844264	-0.796939	-0.819056	0.000000	0.000000	0.000000	0.000000	0.000000	0.000000
-0.952961	-0.844285	-0.796243	-0.819088	0.000000	0.000000	0.000000	0.000000	0.000000	0.000000
-0.952961	-0.844133	-0.795941	-0.819089	0.000000	0.000000	0.000000	0.000000	0.000000	0.000000
-0.952961	-0.844149	-0.793877	-0.819021	0.000000	0.000000	0.000000	0.000000	0.000000	0.000000
-0.952961	-0.844271	-0.794672	-0.819089	0.000000	0.000000	0.000000	0.000000	0.000000	0.000000
-0.952961	-0.844320	-0.795495	-0.819084	0.000000	0.000000	0.000000	0.000000	0.000000	0.000000
