0.916118	-0.818348	0.000000	-0.813851	0.000000	0.000000	0.000000	0.000000	0.000000	0.000000
0.916118	-0.818348	-0.000000	-0.814629	0.000000	0.000000	0.000000	0.000000	0.000000	0.000000
0.916118	-0.818348	0.000000	-0.813670	0.000000	0.000000	0.000000	0.000000	0.000000	0.000000
0.916118	-0.818348	-0.000000	-0.813255	0.000000	0.000000	0.000000	0.000000	0.000000	0.000000
0.916118	-0.818348	-0.000000	-0.813817	0.000000	0.000000	0.000000	0.000000	0.000000	0.000000
0.916118	-0.818348	-0.000000	-0.814315	0.000000	0.000000	0.000000	0.000000	0.000000	0.000000
0.916118	-0.818348	-0.000000	-0.814119	0.000000	0.000000	0.000000	0.000000	0.000000	0.000000
0.916118	-0.818348	0.000000	-0.813766	0.000000	0.000000	0.000000	0.000000	0.000000	0.000000
0.916118	-0.818348	-0.000000	-0.814333	0.000000	0.000000	0.000000	0.000000	0.000000	0.000000
0.916118	-0.818348	-0.000000	-0.813786	0.000000	0.000000	0.000000	0.000000	0.000000	0.000000
0.916118	-0.818348	-0.000000	-0.813856	0.000000	0.000000	0.000000	0.000000	0.000000	0.000000
0.916118	-0.818348	0.000000	-0.800828	0.000000	0.000000	0.000000	0.000000	0.000000	0.000000
0.916118	-0.818348	0.000000	-0.812931	0.000000	0.000000	0.000000	0.000000	0.000000	0.000000
0.916118	-0.818348	-0.000000	-0.813955	0.000000	0.000000	0.000000	0.000000	0.000000	0.000000
0.916118	-0.818347	-0.000000	-0.813109	0.000000	0.000000	0.000000	0.000000	0.000000	0.000000
0.916118	-0.818348	0.000000	-0.812847	0.000000	0.000000	0.000000	0.000000	0.000000	0.000000
0.916118	-0.818348	-0.000000	-0.814392	0.000000	0.000000	0.000000	0.000000	0.000000	0.000000
0.916118	-0.818348	-0.000000	-0.813899	0.000000	0.000000	0.000000	0.000000	0.000000	0.000000
0.916118	-0.818348	0.000000	-0.814870	0.000000	0.000000	0.000000	0.000000	0.000000	0.000000
0.916118	-0.818348	-0.000000	-0.814397	0.000000	0.000000	0.000000	0.000000	0.000000	0.000000
0.916118	-0.818348	0.000000	-0.814005	0.000000	0.000000	0.000000	0.000000	0.000000	0.000000
0.916118	-0.818348	0.000000	-0.814067	0.000000	0.000000	0.000000	0.000000	0.000000	0.000000
0.916118	-0.818348	-0.000000	-0.813531	0.000000	0.000000	0.000000	0.000000	0.000000	0.000000
0.916118	-0.818348	-0.000000	-0.813956	0.000000	0.000000	0.000000	0.000000	0.000000	0.000000
0.916118	-0.818348	-0.000000	-0.813379	0.000000	0.000000	0.000000	0.000000	0.000000	0.000000
0.916118	-0.818348	0.000000	-0.812786	0.000000	0.000000	0.000000	0.000000	0.000000	0.000000
0.916118	-0.818348	-0.000000	-0.812918	0.000000	0.000000	0.000000	0.000000	0.000000	0.000000
0.916118	-0.818348	-0.000000	-0.814509	0.000000	0.000000	0.000000	0.000000	0.000000	0.000000
0.916118	-0.818348	-0.000000	-0.813822	0.000000	0.000000	0.000000	0.000000	0.000000	0.000000
0.916118	-0.818348	-0.000000	-0.813100	0.000000	0.000000	0.000000	0.000000	0.000000	0.000000
0.916118	-0.818348	-0.000000	-0.815116	0.000000	0.000000	0.000000	0.000000	0.000000	0.000000
0.916118	-0.818348	-0.000000	-0.815040	0.000000	0.000000	0.000000	0.000000	0.000000	0.000000
0.916118	-0.818348	-0.000000	-0.812849	0.000000	0.000000	0.000000	0.000000	0.000000	0.000000
0.916118	-0.818348	-0.000000	-0.815576	0.000000	0.000000	0.000000	0.000000	0.000000	0.000000
0.916118	-0.818348	-0.000000	-0.814391	0.000000	0.000000	0.000000	0.000000	0.000000	0.000000
0.916118	-0.818348	-0.000000	-0.813537	0.000000	0.000000	0.000000	0.000000	0.000000	0.000000
0.916118	-0.818348	-0.000000	-0.813582	0.000000	0.000000	0.000000	0.000000	0.000000	0.000000
0.916118	-0.818348	-0.000000	-0.813815	0.000000	0.000000	0.000000	0.000000	0.000000	0.000000
0.916118	-0.818348	-0.000000	-0.813794	0.000000	0.000000	0.000000	0.000000	0.000000	0.000000
0.916118	-0.818308	0.000000	-0.814115	0.000000	0.000000	0.000000	0.000000	0.000000	0.000000
0.916118	-0.818348	0.000000	-0.812130	0.000000	0.000000	0.000000	0.000000	0.000000	0.000000
0.916118	-0.818348	-0.000000	-0.811912	0.000000	0.000000	0.000000	0.000000	0.000000	0.000000
0.916118	-0.818348	0.000000	-0.801338	0.000000	0.000000	0.000000	0.000000	0.000000	0.000000
0.916118	-0.818348	0.000000	-0.814725	0.000000	0.000000	0.000000	0.000000	0.000000	0.000000
0.916118	-0.818348	0.000000	-0.813096	0.000000	0.000000	0.000000	0.000000	0.000000	0.000000
0.916118	-0.818348	-0.000000	-0.814163	0.000000	0.000000	0.000000	0.000000	0.000000	0.000000
0.916118	-0.818348	0.000000	-0.813459	0.000000	0.000000	0.000000	0.000000	0.000000	0.000000
0.916118	-0.818347	-0.000000	-0.813184	0.000000	0.000000	0.000000	0.000000	0.000000	0.000000
0.916118	-0.818348	-0.000000	-0.814122	0.000000	0.000000	0.000000	0.000000	0.000000	0.000000
0.916118	-0.818348	0.000000	-0.813809	0.000000	0.000000	0.000000	0.000000	0.000000	0.000000
0.916118	-0.818348	-0.000000	-0.814568	0.000000	0.000000	0.000000	0.000000	0.000000	0.000000
0.916118	-0.818318	-0.000000	-0.812059	0.000000	0.000000	0.000000	0.000000	0.000000	0.000000
0.916118	-0.818348	-0.000000	-0.815297	0.000000	0.000000	0.000000	0.000000	0.000000	0.000000
0.916118	-0.818348	-0.000000	-0.815389	0.000000	0.000000	0.000000	0.000000	0.000000	0.000000
0.916118	-0.818348	0.000000	-0.812805	0.000000	0.000000	0.000000	0.000000	0.000000	0.000000
0.916118	-0.818348	0.000000	-0.813850	0.000000	0.000000	0.000000	0.000000	0.000000	0.000000
0.916118	-0.818348	-0.000000	-0.813565	0.000000	0.000000	0.000000	0.000000	0.000000	0.000000
0.916118	-0.818348	-0.000000	-0.813889	0.000000	0.000000	0.000000	0.000000	0.000000	0.000000
0.916118	-0.818348	0.000000	-0.813768	0.000000	0.000000	0.000000	0.000000	0.000000	0.000000
0.916118	-0.818348	0.000000	-0.814203	0.000000	0.000000	0.000000	0.000000	0.000000	0.000000
0.916118	-0.818348	-0.000000	-0.814434	0.000000	0.000000	0.000000	0.000000	0.000000	0.000000
0.916118	-0.818348	0.000000	-0.814161	0.000000	0.000000	0.000000	0.000000	0.000000	0.000000
0.916118	-0.818348	-0.000000	-0.814858	0.000000	0.000000	0.000000	0.000000	0.000000	0.000000
0.916118	-0.818348	-0.000000	-0.813012	0.000000	0.000000	0.000000	0.000000	0.000000	0.000000
0.916118	-0.818348	0.000000	-0.813879	0.000000	0.000000	0.000000	0.000000	0.000000	0.000000
0.916118	-0.818348	-0.000000	-0.805749	0.000000	0.000000	0.000000	0.000000	0.000000	0.000000
0.916118	-0.818348	-0.000000	-0.813871	0.000000	0.000000	0.000000	0.000000	0.000000	0.000000
0.916118	-0.818347	0.000000	-0.813656	0.000000	0.000000	0.000000	0.000000	0.000000	0.000000
0.916118	-0.818348	-0.000000	-0.814067	0.000000	0.000000	0.000000	0.000000	0.000000	0.000000
0.916118	-0.818348	0.000000	-0.813101	0.000000	0.000000	0.000000	0.000000	0.000000	0.000000
0.916118	-0.818348	0.000000	-0.814116	0.000000	0.000000	0.000000	0.000000	0.000000	0.000000
0.916118	-0.818348	-0.000000	-0.814196	0.000000	0.000000	0.000000	0.000000	0.000000	0.000000
0.916118	-0.818348	-0.000000	-0.814002	0.000000	0.000000	0.000000	0.000000	0.000000	0.000000
0.916118	-0.818348	0.000000	-0.813051	0.000000	0.000000	0.000000	0.000000	0.000000	0.000000
0.916118	-0.818348	-0.000000	-0.812849	0.000000	0.000000	0.000000	0.000000	0.000000	0.000000
0.916118	-0.818348	-0.000000	-0.812679	0.000000	0.000000	0.000000	0.000000	0.000000	0.000000
0.916118	-0.818348	-0.000000	-0.814388	0.000000	0.000000	0.000000	0.000000	0.000000	0.000000
0.916118	-0.818348	-0.000000	-0.813457	0.000000	0.000000	0.000000	0.000000	0.000000	0.000000
0.916118	-0.818348	-0.000000	-0.815544	0.000000	0.000000	0.000000	0.000000	0.000000	0.000000
0.916118	-0.818348	0.000000	-0.814435	0.000000	0.000000	0.000000	0.000000	0.000000	0.000000
0.916118	-0.818348	-0.000000	-0.812311	0.000000	0.000000	0.000000	0.000000	0.000000	0.000000
0.916118	-0.818348	0.000000	-0.813172	0.000000	0.000000	0.000000	0.000000	0.000000	0.000000
0.916118	-0.818348	-0.000000	-0.810910	0.000000	0.000000	0.000000	0.000000	0.000000	0.000000
0.916118	-0.818348	0.000000	-0.813818	0.000000	0.000000	0.000000	0.000000	0.000000	0.000000
0.916118	-0.818348	0.000000	-0.811421	0.000000	0.000000	0.000000	0.000000	0.000000	0.000000
0.916118	-0.818348	-0.000000	-0.813935	0.000000	0.000000	0.000000	0.000000	0.000000	0.000000
0.916118	-0.818348	-0.000000	-0.813315	0.000000	0.000000	0.000000	0.000000	0.000000	0.000000
0.916118	-0.818348	-0.000000	-0.813653	0.000000	0.000000	0.000000	0.000000	0.000000	0.000000
0.916118	-0.818348	0.000000	-0.814431	0.000000	0.000000	0.000000	0.000000	0.000000	0.000000
0.916118	-0.818348	-0.000000	-0.813552	0.000000	0.000000	0.000000	0.000000	0.000000	0.000000
0.916118	-0.818347	0.000000	-0.814135	0.000000	0.000000	0.000000	0.000000	0.000000	0.000000
0.916118	-0.818348	0.000000	-0.811273	0.000000	0.000000	0.000000	0.000000	0.000000	0.000000
0.916118	-0.818348	0.000000	-0.814422	0.000000	0.000000	0.000000	0.000000	0.000000	0.000000
0.916118	-0.818348	0.000000	-0.812762	0.000000	0.000000	0.000000	0.000000	0.000000	0.000000
0.916118	-0.818348	0.000000	-0.813310	0.000000	0.000000	0.000000	0.000000	0.000000	0.000000
0.916118	-0.818348	0.000000	-0.813995	0.000000	0.000000	0.000000	0.000000	0.000000	0.000000
0.916118	-0.818348	0.000000	-0.814004	0.000000	0.000000	0.000000	0.000000	0.000000	0.000000
0.916118	-0.818348	-0.000000	-0.813043	0.000000	0.000000	0.000000	0.000000	0.000000	0.000000
0.916118	-0.818348	-0.000000	-0.814358	0.000000	0.000000	0.000000	0.000000	0.000000	0.000000
0.916118	-0.818348	0.000000	-0.814456	0.000000	0.000000	0.000000	0.000000	0.000000	0.000000
0.916118	-0.818348	-0.000000	-0.814869	0.000000	0.000000	0.000000	0.000000	0.000000	0.000000
0.916118	-0.818348	-0.000000	-0.814522	0.000000	0.000000	0.000000	0.000000	0.000000	0.000000
0.916118	-0.818348	-0.000000	-0.814454	0.000000	0.000000	0.000000	0.000000	0.000000	0.000000
0.916118	-0.818348	-0.000000	-0.813400	0.000000	0.000000	0.000000	0.000000	0.000000	0.000000
0.916118	-0.818348	0.000000	-0.814302	0.000000	0.000000	0.000000	0.000000	0.000000	0.000000
0.916118	-0.818348	-0.000000	-0.811985	0.000000	0.000000	0.000000	0.000000	0.000000	0.000000
0.916118	-0.818348	0.000000	-0.814525	0.000000	0.000000	0.000000	0.000000	0.000000	0.000000
0.916118	-0.818348	-0.000000	-0.813533	0.000000	0.000000	0.000000	0.000000	0.000000	0.000000
0.916118	-0.818348	0.000000	-0.813154	0.000000	0.000000	0.000000	0.000000	0.000000	0.000000
0.916118	-0.818348	-0.000000	-0.814184	0.000000	0.000000	0.000000	0.000000	0.000000	0.000000
0.916118	-0.818348	-0.000000	-0.813011	0.000000	0.000000	0.000000	0.000000	0.000000	0.000000
0.916118	-0.818348	-0.000000	-0.813342	0.000000	0.000000	0.000000	0.000000	0.000000	0.000000
0.916118	-0.818348	-0.000000	-0.812703	0.000000	0.000000	0.000000	0.000000	0.000000	0.000000
0.916118	-0.818348	-0.000000	-0.813427	0.000000	0.000000	0.000000	0.000000	0.000000	0.000000
0.916118	-0.818348	-0.000000	-0.813696	0.000000	0.000000	0.000000	0.000000	0.000000	0.000000
0.916118	-0.818348	-0.000000	-0.812497	0.000000	0.000000	0.000000	0.000000	0.000000	0.000000
0.916118	-0.818348	-0.000000	-0.813026	0.000000	0.000000	0.000000	0.000000	0.000000	0.000000
0.916118	-0.818348	-0.000000	-0.814263	0.000000	0.000000	0.000000	0.000000	0.000000	0.000000
0.916118	-0.818348	0.000000	-0.814058	0.000000	0.000000	0.000000	0.000000	0.000000	0.000000
0.916118	-0.818348	0.000000	-0.814556	0.000000	0.000000	0.000000	0.000000	0.000000	0.000000
0.916118	-0.818348	-0.000000	-0.811746	0.000000	0.000000	0.000000	0.000000	0.000000	0.000000
0.916118	-0.818347	-0.000000	-0.812648	0.000000	0.000000	0.000000	0.000000	0.000000	0.000000
0.916118	-0.818348	-0.000000	-0.814852	0.000000	0.000000	0.000000	0.000000	0.000000	0.000000
0.916118	-0.818348	-0.000000	-0.812814	0.000000	0.000000	0.000000	0.000000	0.000000	0.000000
0.916118	-0.818347	-0.000000	-0.812546	0.000000	0.000000	0.000000	0.000000	0.000000	0.000000
0.916118	-0.818348	-0.000000	-0.812913	0.000000	0.000000	0.000000	0.000000	0.000000	0.000000
0.916118	-0.818348	-0.000000	-0.815550	0.000000	0.000000	0.000000	0.000000	0.000000	0.000000
0.916118	-0.817392	0.000000	-0.813099	0.000000	0.000000	0.000000	0.000000	0.000000	0.000000
0.916118	-0.818348	0.000000	-0.810577	0.000000	0.000000	0.000000	0.000000	0.000000	0.000000
0.916118	-0.818348	0.000000	-0.814278	0.000000	0.000000	0.000000	0.000000	0.000000	0.000000
0.916118	-0.818348	-0.000000	-0.800906	0.000000	0.000000	0.000000	0.000000	0.000000	0.000000
0.916118	-0.818348	-0.000000	-0.812929	0.000000	0.000000	0.000000	0.000000	0.000000	0.000000
0.916118	-0.818348	-0.000000	-0.813103	0.000000	0.000000	0.000000	0.000000	0.000000	0.000000
0.916118	-0.818348	0.000000	-0.812809	0.000000	0.000000	0.000000	0.000000	0.000000	0.000000
0.916118	-0.818348	0.000000	-0.813852	0.000000	0.000000	0.000000	0.000000	0.000000	0.000000
0.916118	-0.818348	0.000000	-0.814508	0.000000	0.000000	0.000000	0.000000	0.000000	0.000000
0.916118	-0.818348	0.000000	-0.813298	0.000000	0.000000	0.000000	0.000000	0.000000	0.000000
0.916118	-0.818348	0.000000	-0.814002	0.000000	0.000000	0.000000	0.000000	0.000000	0.000000
0.916118	-0.818348	0.000000	-0.813672	0.000000	0.000000	0.000000	0.000000	0.000000	0.000000
0.916118	-0.818348	-0.000000	-0.813453	0.000000	0.000000	0.000000	0.000000	0.000000	0.000000
0.916118	-0.818348	0.000000	-0.814373	0.000000	0.000000	0.000000	0.000000	0.000000	0.000000
0.916118	-0.818348	0.000000	-0.814538	0.000000	0.000000	0.000000	0.000000	0.000000	0.000000
0.916118	-0.818348	-0.000000	-0.813284	0.000000	0.000000	0.000000	0.000000	0.000000	0.000000
0.916118	-0.818348	0.000000	-0.812712	0.000000	0.000000	0.000000	0.000000	0.000000	0.000000
0.916118	-0.818348	-0.000000	-0.813272	0.000000	0.000000	0.000000	0.000000	0.000000	0.000000
0.916118	-0.818348	-0.000000	-0.814520	0.000000	0.000000	0.000000	0.000000	0.000000	0.000000
0.916118	-0.818348	-0.000000	-0.814824	0.000000	0.000000	0.000000	0.000000	0.000000	0.000000
0.916118	-0.818348	-0.000000	-0.813452	0.000000	0.000000	0.000000	0.000000	0.000000	0.000000
0.916118	-0.818348	-0.000000	-0.813447	0.000000	0.000000	0.000000	0.000000	0.000000	0.000000
0.916118	-0.818348	-0.000000	-0.814282	0.000000	0.000000	0.000000	0.000000	0.000000	0.000000
0.916118	-0.818348	0.000000	-0.812991	0.000000	0.000000	0.000000	0.000000	0.000000	0.000000
0.916118	-0.818348	-0.000000	-0.813662	0.000000	0.000000	0.000000	0.000000	0.000000	0.000000
0.916118	-0.818348	-0.000000	-0.815379	0.000000	0.000000	0.000000	0.000000	0.000000	0.000000
0.916118	-0.818348	0.000000	-0.814248	0.000000	0.000000	0.000000	0.000000	0.000000	0.000000
0.916118	-0.818348	-0.000000	-0.814577	0.000000	0.000000	0.000000	0.000000	0.000000	0.000000
0.916118	-0.818348	-0.000000	-0.812967	0.000000	0.000000	0.000000	0.000000	0.000000	0.000000
0.916118	-0.818348	-0.000000	-0.812933	0.000000	0.000000	0.000000	0.000000	0.000000	0.000000
0.916118	-0.818348	-0.000000	-0.815019	0.000000	0.000000	0.000000	0.000000	0.000000	0.000000
0.916118	-0.818348	-0.000000	-0.812805	0.000000	0.000000	0.000000	0.000000	0.000000	0.000000
0.916118	-0.818348	-0.000000	-0.813646	0.000000	0.000000	0.000000	0.000000	0.000000	0.000000
0.916118	-0.818348	0.000000	-0.808842	0.000000	0.000000	0.000000	0.000000	0.000000	0.000000
0.916118	-0.818348	-0.000000	-0.813298	0.000000	0.000000	0.000000	0.000000	0.000000	0.000000
0.916118	-0.818348	0.000000	-0.813712	0.000000	0.000000	0.000000	0.000000	0.000000	0.000000
0.916118	-0.818348	0.000000	-0.815004	0.000000	0.000000	0.000000	0.000000	0.000000	0.000000
0.916118	-0.818348	-0.000000	-0.813121	0.000000	0.000000	0.000000	0.000000	0.000000	0.000000
0.916118	-0.818348	-0.000000	-0.813643	0.000000	0.000000	0.000000	0.000000	0.000000	0.000000
0.916118	-0.818348	0.000000	-0.813535	0.000000	0.000000	0.000000	0.000000	0.000000	0.000000
0.916118	-0.818348	-0.000000	-0.813834	0.000000	0.000000	0.000000	0.000000	0.000000	0.000000
0.916118	-0.818348	0.000000	-0.814540	0.000000	0.000000	0.000000	0.000000	0.000000	0.000000
0.916118	-0.818348	0.000000	-0.809319	0.000000	0.000000	0.000000	0.000000	0.000000	0.000000
0.916118	-0.818348	-0.000000	-0.812508	0.000000	0.000000	0.000000	0.000000	0.000000	0.000000
0.916118	-0.818348	-0.000000	-0.813690	0.000000	0.000000	0.000000	0.000000	0.000000	0.000000
0.916118	-0.818348	-0.000000	-0.813178	0.000000	0.000000	0.000000	0.000000	0.000000	0.000000
0.916118	-0.818348	0.000000	-0.815607	0.000000	0.000000	0.000000	0.000000	0.000000	0.000000
0.916118	-0.818348	0.000000	-0.812095	0.000000	0.000000	0.000000	0.000000	0.000000	0.000000
0.916118	-0.818348	-0.000000	-0.813949	0.000000	0.000000	0.000000	0.000000	0.000000	0.000000
0.916118	-0.818348	0.000000	-0.813350	0.000000	0.000000	0.000000	0.000000	0.000000	0.000000
0.916118	-0.818348	0.000000	-0.813659	0.000000	0.000000	0.000000	0.000000	0.000000	0.000000
0.916118	-0.818348	-0.000000	-0.812451	0.000000	0.000000	0.000000	0.000000	0.000000	0.000000
0.916118	-0.818348	-0.000000	-0.812733	0.000000	0.000000	0.000000	0.000000	0.000000	0.000000
0.916118	-0.818348	-0.000000	-0.813559	0.000000	0.000000	0.000000	0.000000	0.000000	0.000000
0.916118	-0.818347	-0.000000	-0.813885	0.000000	0.000000	0.000000	0.000000	0.000000	0.000000
0.916118	-0.818348	0.000000	-0.814434	0.000000	0.000000	0.000000	0.000000	0.000000	0.000000
0.916118	-0.818348	-0.000000	-0.814659	0.000000	0.000000	0.000000	0.000000	0.000000	0.000000
0.916118	-0.818348	-0.000000	-0.814068	0.000000	0.000000	0.000000	0.000000	0.000000	0.000000
0.916118	-0.818348	-0.000000	-0.813756	0.000000	0.000000	0.000000	0.000000	0.000000	0.000000
0.916118	-0.818348	-0.000000	-0.813304	0.000000	0.000000	0.000000	0.000000	0.000000	0.000000
0.916118	-0.818348	0.000000	-0.812989	0.000000	0.000000	0.000000	0.000000	0.000000	0.000000
0.916118	-0.818348	-0.000000	-0.812691	0.000000	0.000000	0.000000	0.000000	0.000000	0.000000
0.916118	-0.818348	-0.000000	-0.813713	0.000000	0.000000	0.000000	0.000000	0.000000	0.000000
0.916118	-0.818348	0.000000	-0.813956	0.000000	0.000000	0.000000	0.000000	0.000000	0.000000
0.916118	-0.818348	-0.000000	-0.813330	0.000000	0.000000	0.000000	0.000000	0.000000	0.000000
0.916118	-0.818348	-0.000000	-0.813900	0.000000	0.000000	0.000000	0.000000	0.000000	0.000000
0.916118	-0.818348	-0.000000	-0.814939	0.000000	0.000000	0.000000	0.000000	0.000000	0.000000
0.916118	-0.818348	-0.000000	-0.812956	0.000000	0.000000	0.000000	0.000000	0.000000	0.000000
0.916118	-0.818348	-0.000000	-0.815254	0.000000	0.000000	0.000000	0.000000	0.000000	0.000000
0.916118	-0.818347	-0.000000	-0.812867	0.000000	0.000000	0.000000	0.000000	0.000000	0.000000
0.916118	-0.818348	0.000000	-0.814833	0.000000	0.000000	0.000000	0.000000	0.000000	0.000000
0.916118	-0.818348	0.000000	-0.814737	0.000000	0.000000	0.000000	0.000000	0.000000	0.000000
0.916118	-0.818348	0.000000	-0.813982	0.000000	0.000000	0.000000	0.000000	0.000000	0.000000
0.916118	-0.818348	0.000000	-0.812744	0.000000	0.000000	0.000000	0.000000	0.000000	0.000000
0.916118	-0.818348	0.000000	-0.812928	0.000000	0.000000	0.000000	0.000000	0.000000	0.000000
0.916118	-0.818348	-0.000000	-0.813735	0.000000	0.000000	0.000000	0.000000	0.000000	0.000000
0.916118	-0.818348	-0.000000	-0.813216	0.000000	0.000000	0.000000	0.000000	0.000000	0.000000
0.916118	-0.818348	-0.000000	-0.813837	0.000000	0.000000	0.000000	0.000000	0.000000	0.000000
0.916118	-0.818348	-0.000000	-0.813282	0.000000	0.000000	0.000000	0.000000	0.000000	0.000000
0.916118	-0.818348	-0.000000	-0.813733	0.000000	0.000000	0.000000	0.000000	0.000000	0.000000
0.916118	-0.818348	0.000000	-0.813022	0.000000	0.000000	0.000000	0.000000	0.000000	0.000000
0.916118	-0.818348	0.000000	-0.814193	0.000000	0.000000	0.000000	0.000000	0.000000	0.000000
0.916118	-0.818348	0.000000	-0.813669	0.000000	0.000000	0.000000	0.000000	0.000000	0.000000
0.916118	-0.818348	-0.000000	-0.813881	0.000000	0.000000	0.000000	0.000000	0.000000	0.000000
0.916118	-0.818348	0.000000	-0.813837	0.000000	0.000000	0.000000	0.000000	0.000000	0.000000
0.916118	-0.818348	-0.000000	-0.814018	0.000000	0.000000	0.000000	0.000000	0.000000	0.000000
0.916118	-0.818348	0.000000	-0.813923	0.000000	0.000000	0.000000	0.000000	0.000000	0.000000
0.916118	-0.818348	-0.000000	-0.812822	0.000000	0.000000	0.000000	0.000000	0.000000	0.000000
0.916118	-0.818348	0.000000	-0.815391	0.000000	0.000000	0.000000	0.000000	0.000000	0.000000
0.916118	-0.818348	-0.000000	-0.814409	0.000000	0.000000	0.000000	0.000000	0.000000	0.000000
0.916118	-0.818348	-0.000000	-0.813212	0.000000	0.000000	0.000000	0.000000	0.000000	0.000000
0.916118	-0.818347	-0.000000	-0.814102	0.000000	0.000000	0.000000	0.000000	0.000000	0.000000
0.916118	-0.818348	0.000000	-0.814212	0.000000	0.000000	0.000000	0.000000	0.000000	0.000000
0.916118	-0.818327	-0.000000	-0.815483	0.000000	0.000000	0.000000	0.000000	0.000000	0.000000
0.916118	-0.818348	-0.000000	-0.815346	0.000000	0.000000	0.000000	0.000000	0.000000	0.000000
0.916118	-0.818348	0.000000	-0.813185	0.000000	0.000000	0.000000	0.000000	0.000000	0.000000
0.916118	-0.818348	0.000000	-0.813836	0.000000	0.000000	0.000000	0.000000	0.000000	0.000000
0.916118	-0.818348	-0.000000	-0.813360	0.000000	0.000000	0.000000	0.000000	0.000000	0.000000
0.916118	-0.818347	-0.000000	-0.813804	0.000000	0.000000	0.000000	0.000000	0.000000	0.000000
0.916118	-0.818348	-0.000000	-0.815047	0.000000	0.000000	0.000000	0.000000	0.000000	0.000000
0.916118	-0.818348	0.000000	-0.813110	0.000000	0.000000	0.000000	0.000000	0.000000	0.000000
0.916118	-0.818348	-0.000000	-0.813344	0.000000	0.000000	0.000000	0.000000	0.000000	0.000000
0.916118	-0.818348	0.000000	-0.813740	0.000000	0.000000	0.000000	0.000000	0.000000	0.000000
0.916118	-0.818348	0.000000	-0.813598	0.000000	0.000000	0.000000	0.000000	0.000000	0.000000
0.916118	-0.818348	0.000000	-0.814492	0.000000	0.000000	0.000000	0.000000	0.000000	0.000000
0.916118	-0.818348	-0.000000	-0.813041	0.000000	0.000000	0.000000	0.000000	0.000000	0.000000
0.916118	-0.818348	-0.000000	-0.813299	0.000000	0.000000	0.000000	0.000000	0.000000	0.000000
0.916118	-0.818348	-0.000000	-0.814115	0.000000	0.000000	0.000000	0.000000	0.000000	0.000000
0.916118	-0.818348	0.000000	-0.814221	0.000000	0.000000	0.000000	0.000000	0.000000	0.000000
0.916118	-0.818348	0.000000	-0.814644	0.000000	0.000000	0.000000	0.000000	0.000000	0.000000
0.916118	-0.818348	-0.000000	-0.813688	0.000000	0.000000	0.000000	0.000000	0.000000	0.000000
0.916118	-0.818348	-0.000000	-0.815008	0.000000	0.000000	0.000000	0.000000	0.000000	0.000000
0.916118	-0.818348	-0.000000	-0.813159	0.000000	0.000000	0.000000	0.000000	0.000000	0.000000
0.916118	-0.818348	0.000000	-0.813844	0.000000	0.000000	0.000000	0.000000	0.000000	0.000000
0.916118	-0.818348	-0.000000	-0.813232	0.000000	0.000000	0.000000	0.000000	0.000000	0.000000
0.916118	-0.818348	0.000000	-0.814585	0.000000	0.000000	0.000000	0.000000	0.000000	0.000000
0.916118	-0.818348	-0.000000	-0.814154	0.000000	0.000000	0.000000	0.000000	0.000000	0.000000
0.916118	-0.818348	-0.000000	-0.812538	0.000000	0.000000	0.000000	0.000000	0.000000	0.000000
0.916118	-0.818348	-0.000000	-0.812783	0.000000	0.000000	0.000000	0.000000	0.000000	0.000000
0.916118	-0.818348	-0.000000	-0.813701	0.000000	0.000000	0.000000	0.000000	0.000000	0.000000
0.916118	-0.818348	-0.000000	-0.814661	0.000000	0.000000	0.000000	0.000000	0.000000	0.000000
0.916118	-0.818348	-0.000000	-0.811956	0.000000	0.000000	0.000000	0.000000	0.000000	0.000000
0.916118	-0.818348	-0.000000	-0.813823	0.000000	0.000000	0.000000	0.000000	0.000000	0.000000
0.916118	-0.818025	-0.000000	-0.000103	0.000000	0.000000	0.000000	0.000000	0.000000	0.000000
0.916118	-0.818348	-0.000000	0.820604	0.000000	0.000000	0.000000	0.000000	0.000000	0.000000
0.916118	-0.818348	-0.000000	0.820614	0.000000	0.000000	0.000000	0.000000	0.000000	0.000000
0.916118	-0.818348	-0.000000	0.820225	0.000000	0.000000	0.000000	0.000000	0.000000	0.000000
0.916118	-0.818348	-0.000000	0.820614	0.000000	0.000000	0.000000	0.000000	0.000000	0.000000
0.916118	-0.818348	0.000000	0.820614	0.000000	0.000000	0.000000	0.000000	0.000000	0.000000
0.916118	-0.818348	-0.000000	0.820614	0.000000	0.000000	0.000000	0.000000	0.000000	0.000000
0.916118	-0.818348	0.000000	0.819169	0.000000	0.000000	0.000000	0.000000	0.000000	0.000000
0.916118	-0.818348	0.000000	0.820614	0.000000	0.000000	0.000000	0.000000	0.000000	0.000000
0.916118	-0.816328	-0.000000	0.820614	0.000000	0.000000	0.000000	0.000000	0.000000	0.000000
0.916118	-0.818348	-0.000000	0.820614	0.000000	0.000000	0.000000	0.000000	0.000000	0.000000
0.916118	-0.818348	-0.000000	0.820609	0.000000	0.000000	0.000000	0.000000	0.000000	0.000000
0.916118	-0.818348	-0.000000	0.820614	0.000000	0.000000	0.000000	0.000000	0.000000	0.000000
0.916118	-0.818348	0.000000	0.820614	0.000000	0.000000	0.000000	0.000000	0.000000	0.000000
0.916118	-0.818348	0.000000	0.820614	0.000000	0.000000	0.000000	0.000000	0.000000	0.000000
0.916118	-0.818348	-0.000000	0.820614	0.000000	0.000000	0.000000	0.000000	0.000000	0.000000
0.916118	-0.818348	0.000000	0.820614	0.000000	0.000000	0.000000	0.000000	0.000000	0.000000
0.916118	-0.818348	-0.000000	0.820604	0.000000	0.000000	0.000000	0.000000	0.000000	0.000000
0.916118	-0.818347	0.000000	0.820537	0.000000	0.000000	0.000000	0.000000	0.000000	0.000000
0.916118	-0.818348	0.000000	0.820614	0.000000	0.000000	0.000000	0.000000	0.000000	0.000000
0.916118	-0.818348	-0.000000	0.820612	0.000000	0.000000	0.000000	0.000000	0.000000	0.000000
0.916118	-0.818348	-0.000000	0.820614	0.000000	0.000000	0.000000	0.000000	0.000000	0.000000
0.916118	-0.818348	-0.000000	0.820614	0.000000	0.000000	0.000000	0.000000	0.000000	0.000000
0.916118	-0.818348	0.000000	0.820614	0.000000	0.000000	0.000000	0.000000	0.000000	0.000000
0.916118	-0.818348	-0.000000	0.820614	0.000000	0.000000	0.000000	0.000000	0.000000	0.000000
0.916118	-0.818348	0.000000	0.820610	0.000000	0.000000	0.000000	0.000000	0.000000	0.000000
0.916118	-0.818348	0.000000	0.820597	0.000000	0.000000	0.000000	0.000000	0.000000	0.000000
0.916118	-0.818348	-0.000000	0.820614	0.000000	0.000000	0.000000	0.000000	0.000000	0.000000
0.916118	-0.818348	0.000000	0.820614	0.000000	0.000000	0.000000	0.000000	0.000000	0.000000
0.916118	-0.818348	-0.000000	0.820613	0.000000	0.000000	0.000000	0.000000	0.000000	0.000000
0.916118	-0.818348	-0.000000	0.820613	0.000000	0.000000	0.000000	0.000000	0.000000	0.000000
0.916118	-0.818348	0.000000	0.820613	0.000000	0.000000	0.000000	0.000000	0.000000	0.000000
0.916118	-0.818348	0.000000	0.820601	0.000000	0.000000	0.000000	0.000000	0.000000	0.000000
0.916118	-0.818348	0.000000	0.820614	0.000000	0.000000	0.000000	0.000000	0.000000	0.000000
0.916118	-0.818348	-0.000000	0.820613	0.000000	0.000000	0.000000	0.000000	0.000000	0.000000
0.916118	-0.818348	-0.000000	0.820432	0.000000	0.000000	0.000000	0.000000	0.000000	0.000000
0.916118	-0.818348	0.000000	0.820612	0.000000	0.000000	0.000000	0.000000	0.000000	0.000000
0.916118	-0.818348	-0.000000	0.820614	0.000000	0.000000	0.000000	0.000000	0.000000	0.000000
0.916118	-0.818348	-0.000000	0.820610	0.000000	0.000000	0.000000	0.000000	0.000000	0.000000
0.916118	-0.818348	-0.000000	0.820575	0.000000	0.000000	0.000000	0.000000	0.000000	0.000000
0.916118	-0.818348	0.000000	0.820614	0.000000	0.000000	0.000000	0.000000	0.000000	0.000000
0.916118	-0.818348	0.000000	0.820613	0.000000	0.000000	0.000000	0.000000	0.000000	0.000000
0.916118	-0.818348	-0.000000	0.820614	0.000000	0.000000	0.000000	0.000000	0.000000	0.000000
0.916118	-0.818348	-0.000000	0.820614	0.000000	0.000000	0.000000	0.000000	0.000000	0.000000
0.916118	-0.818348	0.000000	0.820614	0.000000	0.000000	0.000000	0.000000	0.000000	0.000000
0.916118	-0.818348	0.000000	0.820614	0.000000	0.000000	0.000000	0.000000	0.000000	0.000000
0.916118	-0.818313	0.000000	0.820614	0.000000	0.000000	0.000000	0.000000	0.000000	0.000000
0.916118	-0.818348	-0.000000	0.820614	0.000000	0.000000	0.000000	0.000000	0.000000	0.000000
0.916118	-0.818348	0.000000	0.820614	0.000000	0.000000	0.000000	0.000000	0.000000	0.000000
0.916118	-0.818348	0.000000	0.820614	0.000000	0.000000	0.000000	0.000000	0.000000	0.000000
0.916118	-0.818348	0.000000	0.820614	0.000000	0.000000	0.000000	0.000000	0.000000	0.000000
0.916118	-0.818348	0.000000	0.820610	0.000000	0.000000	0.000000	0.000000	0.000000	0.000000
0.916118	-0.818348	-0.000000	0.820614	0.000000	0.000000	0.000000	0.000000	0.000000	0.000000
0.916118	-0.818348	0.000000	0.820613	0.000000	0.000000	0.000000	0.000000	0.000000	0.000000
0.916118	-0.818348	0.000000	0.820614	0.000000	0.000000	0.000000	0.000000	0.000000	0.000000
0.916118	-0.818348	-0.000000	0.820614	0.000000	0.000000	0.000000	0.000000	0.000000	0.000000
0.916118	-0.818348	-0.000000	0.820612	0.000000	0.000000	0.000000	0.000000	0.000000	0.000000
0.916118	-0.818348	-0.000000	0.820614	0.000000	0.000000	0.000000	0.000000	0.000000	0.000000
0.916118	-0.818348	-0.000000	0.820614	0.000000	0.000000	0.000000	0.000000	0.000000	0.000000
0.916118	-0.818348	-0.000000	0.820614	0.000000	0.000000	0.000000	0.000000	0.000000	0.000000
0.916118	-0.818348	-0.000000	0.820614	0.000000	0.000000	0.000000	0.000000	0.000000	0.000000
0.916118	-0.818348	-0.000000	0.820614	0.000000	0.000000	0.000000	0.000000	0.000000	0.000000
0.916118	-0.818348	-0.000000	0.820614	0.000000	0.000000	0.000000	0.000000	0.000000	0.000000
0.916118	-0.818348	-0.000000	0.820614	0.000000	0.000000	0.000000	0.000000	0.000000	0.000000
0.916118	-0.818348	0.000000	0.820614	0.000000	0.000000	0.000000	0.000000	0.000000	0.000000
0.916118	-0.818348	0.000000	0.820614	0.000000	0.000000	0.000000	0.000000	0.000000	0.000000
0.916118	-0.818348	-0.000000	0.818177	0.000000	0.000000	0.000000	0.000000	0.000000	0.000000
0.916118	-0.818348	-0.000000	0.820614	0.000000	0.000000	0.000000	0.000000	0.000000	0.000000
0.916118	-0.818348	0.000000	0.820613	0.000000	0.000000	0.000000	0.000000	0.000000	0.000000
0.916118	-0.818348	-0.000000	0.820614	0.000000	0.000000	0.000000	0.000000	0.000000	0.000000
0.916118	-0.818348	-0.000000	0.820614	0.000000	0.000000	0.000000	0.000000	0.000000	0.000000
0.916118	-0.818348	-0.000000	0.820614	0.000000	0.000000	0.000000	0.000000	0.000000	0.000000
0.916118	-0.818348	-0.000000	0.820614	0.000000	0.000000	0.000000	0.000000	0.000000	0.000000
0.916118	-0.818348	0.000000	0.820614	0.000000	0.000000	0.000000	0.000000	0.000000	0.000000
0.916118	-0.818348	0.000000	0.820614	0.000000	0.000000	0.000000	0.000000	0.000000	0.000000
0.916118	-0.818348	0.000000	0.820614	0.000000	0.000000	0.000000	0.000000	0.000000	0.000000
0.916118	-0.818348	-0.000000	0.820614	0.000000	0.000000	0.000000	0.000000	0.000000	0.000000
0.916118	-0.818348	-0.000000	0.820614	0.000000	0.000000	0.000000	0.000000	0.000000	0.000000
0.916118	-0.818348	0.000000	0.820614	0.000000	0.000000	0.000000	0.000000	0.000000	0.000000
0.916118	-0.818348	-0.000000	0.820609	0.000000	0.000000	0.000000	0.000000	0.000000	0.000000
0.916118	-0.818348	0.000000	0.820231	0.000000	0.000000	0.000000	0.000000	0.000000	0.000000
0.916118	-0.818348	-0.000000	0.820613	0.000000	0.000000	0.000000	0.000000	0.000000	0.000000
0.916118	-0.818316	-0.000000	0.820552	0.000000	0.000000	0.000000	0.000000	0.000000	0.000000
0.916118	-0.818348	0.000000	0.820614	0.000000	0.000000	0.000000	0.000000	0.000000	0.000000
0.916118	-0.818348	0.000000	0.820614	0.000000	0.000000	0.000000	0.000000	0.000000	0.000000
0.916118	-0.818348	-0.000000	0.820614	0.000000	0.000000	0.000000	0.000000	0.000000	0.000000
0.916118	-0.818348	-0.000000	0.820308	0.000000	0.000000	0.000000	0.000000	0.000000	0.000000
0.916118	-0.818348	0.000000	0.820614	0.000000	0.000000	0.000000	0.000000	0.000000	0.000000
0.916118	-0.818348	-0.000000	0.820614	0.000000	0.000000	0.000000	0.000000	0.000000	0.000000
0.916118	-0.818348	-0.000000	0.820614	0.000000	0.000000	0.000000	0.000000	0.000000	0.000000
0.916118	-0.818348	-0.000000	0.820614	0.000000	0.000000	0.000000	0.000000	0.000000	0.000000
0.916118	-0.818348	0.000000	0.820614	0.000000	0.000000	0.000000	0.000000	0.000000	0.000000
0.916118	-0.818348	0.000000	0.820614	0.000000	0.000000	0.000000	0.000000	0.000000	0.000000
0.916118	-0.818348	-0.000000	0.820614	0.000000	0.000000	0.000000	0.000000	0.000000	0.000000
0.916118	-0.818348	0.000000	0.820614	0.000000	0.000000	0.000000	0.000000	0.000000	0.000000
0.916118	-0.818348	0.000000	0.820614	0.000000	0.000000	0.000000	0.000000	0.000000	0.000000
0.916118	-0.818348	-0.000000	0.820612	0.000000	0.000000	0.000000	0.000000	0.000000	0.000000
0.916118	-0.818348	0.000000	0.820614	0.000000	0.000000	0.000000	0.000000	0.000000	0.000000
0.916118	-0.818348	-0.000000	0.820614	0.000000	0.000000	0.000000	0.000000	0.000000	0.000000
0.916118	-0.818348	-0.000000	0.820614	0.000000	0.000000	0.000000	0.000000	0.000000	0.000000
0.916118	-0.818348	0.000000	0.820614	0.000000	0.000000	0.000000	0.000000	0.000000	0.000000
0.916118	-0.818348	0.000000	0.815736	0.000000	0.000000	0.000000	0.000000	0.000000	0.000000
0.916118	-0.818348	-0.000000	0.820613	0.000000	0.000000	0.000000	0.000000	0.000000	0.000000
0.916118	-0.818348	0.000000	0.820614	0.000000	0.000000	0.000000	0.000000	0.000000	0.000000
0.916118	-0.818348	-0.000000	0.820614	0.000000	0.000000	0.000000	0.000000	0.000000	0.000000
0.916118	-0.818348	0.000000	0.820605	0.000000	0.000000	0.000000	0.000000	0.000000	0.000000
0.916118	-0.818348	0.000000	0.820613	0.000000	0.000000	0.000000	0.000000	0.000000	0.000000
0.916118	-0.818348	-0.000000	0.820614	0.000000	0.000000	0.000000	0.000000	0.000000	0.000000
0.916118	-0.818348	0.000000	0.820614	0.000000	0.000000	0.000000	0.000000	0.000000	0.000000
0.916118	-0.818348	-0.000000	0.820614	0.000000	0.000000	0.000000	0.000000	0.000000	0.000000
0.916118	-0.818348	0.000000	0.820614	0.000000	0.000000	0.000000	0.000000	0.000000	0.000000
0.916118	-0.818348	-0.000000	0.820614	0.000000	0.000000	0.000000	0.000000	0.000000	0.000000
0.916118	-0.818348	-0.000000	0.819922	0.000000	0.000000	0.000000	0.000000	0.000000	0.000000
0.916118	-0.818348	-0.000000	0.820614	0.000000	0.000000	0.000000	0.000000	0.000000	0.000000
0.916118	-0.818348	-0.000000	0.820614	0.000000	0.000000	0.000000	0.000000	0.000000	0.000000
0.916118	-0.818348	-0.000000	0.820516	0.000000	0.000000	0.000000	0.000000	0.000000	0.000000
0.916118	-0.818348	-0.000000	0.820614	0.000000	0.000000	0.000000	0.000000	0.000000	0.000000
0.916118	-0.818348	-0.000000	0.820613	0.000000	0.000000	0.000000	0.000000	0.000000	0.000000
0.916118	-0.818348	0.000000	0.820614	0.000000	0.000000	0.000000	0.000000	0.000000	0.000000
0.916118	-0.818348	-0.000000	0.820614	0.000000	0.000000	0.000000	0.000000	0.000000	0.000000
0.916118	-0.818348	0.000000	0.820614	0.000000	0.000000	0.000000	0.000000	0.000000	0.000000
0.916118	-0.818348	0.000000	0.820540	0.000000	0.000000	0.000000	0.000000	0.000000	0.000000
0.916118	-0.818348	-0.000000	0.820613	0.000000	0.000000	0.000000	0.000000	0.000000	0.000000
0.916118	-0.818348	-0.000000	0.820613	0.000000	0.000000	0.000000	0.000000	0.000000	0.000000
0.916118	-0.818348	-0.000000	0.820614	0.000000	0.000000	0.000000	0.000000	0.000000	0.000000
0.916118	-0.818348	0.000000	0.820614	0.000000	0.000000	0.000000	0.000000	0.000000	0.000000
0.916118	-0.818348	0.000000	0.820614	0.000000	0.000000	0.000000	0.000000	0.000000	0.000000
0.916118	-0.818348	-0.000000	0.820588	0.000000	0.000000	0.000000	0.000000	0.000000	0.000000
0.916118	-0.818348	-0.000000	0.820612	0.000000	0.000000	0.000000	0.000000	0.000000	0.000000
0.916118	-0.818348	-0.000000	0.820614	0.000000	0.000000	0.000000	0.000000	0.000000	0.000000
0.916118	-0.818348	0.000000	0.820614	0.000000	0.000000	0.000000	0.000000	0.000000	0.000000
0.916118	-0.818348	0.000000	0.820614	0.000000	0.000000	0.000000	0.000000	0.000000	0.000000
0.916118	-0.818348	-0.000000	0.820614	0.000000	0.000000	0.000000	0.000000	0.000000	0.000000
0.916118	-0.818348	-0.000000	0.820614	0.000000	0.000000	0.000000	0.000000	0.000000	0.000000
0.916118	-0.818348	-0.000000	0.820612	0.000000	0.000000	0.000000	0.000000	0.000000	0.000000
0.916118	-0.818348	0.000000	0.820614	0.000000	0.000000	0.000000	0.000000	0.000000	0.000000
0.916118	-0.818329	0.000000	0.820614	0.000000	0.000000	0.000000	0.000000	0.000000	0.000000
0.916118	-0.818348	-0.000000	0.820614	0.000000	0.000000	0.000000	0.000000	0.000000	0.000000
0.916118	-0.818348	-0.000000	0.820614	0.000000	0.000000	0.000000	0.000000	0.000000	0.000000
0.916118	-0.818348	0.000000	0.820277	0.000000	0.000000	0.000000	0.000000	0.000000	0.000000
0.916118	-0.818348	-0.000000	0.820614	0.000000	0.000000	0.000000	0.000000	0.000000	0.000000
0.916118	-0.818348	-0.000000	0.820600	0.000000	0.000000	0.000000	0.000000	0.000000	0.000000
0.916118	-0.818348	-0.000000	0.820614	0.000000	0.000000	0.000000	0.000000	0.000000	0.000000
0.916118	-0.818348	-0.000000	0.820614	0.000000	0.000000	0.000000	0.000000	0.000000	0.000000
0.916118	-0.818348	-0.000000	0.820614	0.000000	0.000000	0.000000	0.000000	0.000000	0.000000
0.916118	-0.818348	0.000000	0.820614	0.000000	0.000000	0.000000	0.000000	0.000000	0.000000
0.916118	-0.818348	-0.000000	0.820613	0.000000	0.000000	0.000000	0.000000	0.000000	0.000000
0.916118	-0.818348	-0.000000	0.820613	0.000000	0.000000	0.000000	0.000000	0.000000	0.000000
0.916118	-0.818348	-0.000000	0.820557	0.000000	0.000000	0.000000	0.000000	0.000000	0.000000
0.916118	-0.818348	0.000000	0.820614	0.000000	0.000000	0.000000	0.000000	0.000000	0.000000
0.916118	-0.818348	0.000000	0.820609	0.000000	0.000000	0.000000	0.000000	0.000000	0.000000
0.916118	-0.818348	0.000000	0.820613	0.000000	0.000000	0.000000	0.000000	0.000000	0.000000
0.916118	-0.818348	-0.000000	0.820614	0.000000	0.000000	0.000000	0.000000	0.000000	0.000000
0.916118	-0.818348	-0.000000	0.820614	0.000000	0.000000	0.000000	0.000000	0.000000	0.000000
0.916118	-0.818348	-0.000000	0.820614	0.000000	0.000000	0.000000	0.000000	0.000000	0.000000
0.916118	-0.818347	-0.000000	0.820614	0.000000	0.000000	0.000000	0.000000	0.000000	0.000000
0.916118	-0.818348	-0.000000	0.820543	0.000000	0.000000	0.000000	0.000000	0.000000	0.000000
0.916118	-0.818348	-0.000000	0.820604	0.000000	0.000000	0.000000	0.000000	0.000000	0.000000
0.916118	-0.818348	0.000000	0.820614	0.000000	0.000000	0.000000	0.000000	0.000000	0.000000
0.916118	-0.818348	-0.000000	0.820443	0.000000	0.000000	0.000000	0.000000	0.000000	0.000000
0.916118	-0.818348	0.000000	0.819115	0.000000	0.000000	0.000000	0.000000	0.000000	0.000000
0.916118	-0.818348	-0.000000	0.819257	0.000000	0.000000	0.000000	0.000000	0.000000	0.000000
0.916118	-0.818348	0.000000	0.820614	0.000000	0.000000	0.000000	0.000000	0.000000	0.000000
0.916118	-0.818348	-0.000000	0.820614	0.000000	0.000000	0.000000	0.000000	0.000000	0.000000
0.916118	-0.818348	0.000000	0.820614	0.000000	0.000000	0.000000	0.000000	0.000000	0.000000
0.916118	-0.818348	-0.000000	0.820614	0.000000	0.000000	0.000000	0.000000	0.000000	0.000000
0.916118	-0.818348	0.000000	0.820614	0.000000	0.000000	0.000000	0.000000	0.000000	0.000000
0.916118	-0.818348	0.000000	0.820614	0.000000	0.000000	0.000000	0.000000	0.000000	0.000000
0.916118	-0.818348	0.000000	0.820612	0.000000	0.000000	0.000000	0.000000	0.000000	0.000000
0.916118	-0.818348	-0.000000	0.820610	0.000000	0.000000	0.000000	0.000000	0.000000	0.000000
0.916118	-0.818348	-0.000000	0.820614	0.000000	0.000000	0.000000	0.000000	0.000000	0.000000
0.916118	-0.818348	0.000000	0.820614	0.000000	0.000000	0.000000	0.000000	0.000000	0.000000
0.916118	-0.818348	0.000000	0.820614	0.000000	0.000000	0.000000	0.000000	0.000000	0.000000
0.916118	-0.818335	-0.000000	0.820614	0.000000	0.000000	0.000000	0.000000	0.000000	0.000000
0.916118	-0.818348	-0.000000	0.820603	0.000000	0.000000	0.000000	0.000000	0.000000	0.000000
0.916118	-0.818348	0.000000	0.820614	0.000000	0.000000	0.000000	0.000000	0.000000	0.000000
0.916118	-0.818348	0.000000	0.820613	0.000000	0.000000	0.000000	0.000000	0.000000	0.000000
0.916118	-0.818348	0.000000	0.820611	0.000000	0.000000	0.000000	0.000000	0.000000	0.000000
0.916118	-0.818348	0.000000	0.820614	0.000000	0.000000	0.000000	0.000000	0.000000	0.000000
0.916118	-0.818348	-0.000000	0.820614	0.000000	0.000000	0.000000	0.000000	0.000000	0.000000
0.916118	-0.818348	-0.000000	0.820614	0.000000	0.000000	0.000000	0.000000	0.000000	0.000000
0.916118	-0.818347	-0.000000	0.820614	0.000000	0.000000	0.000000	0.000000	0.000000	0.000000
0.916118	-0.818348	-0.000000	0.820614	0.000000	0.000000	0.000000	0.000000	0.000000	0.000000
0.916118	-0.818348	-0.000000	0.820614	0.000000	0.000000	0.000000	0.000000	0.000000	0.000000
0.916118	-0.818348	-0.000000	0.820613	0.000000	0.000000	0.000000	0.000000	0.000000	0.000000
0.916118	-0.818348	0.000000	0.820614	0.000000	0.000000	0.000000	0.000000	0.000000	0.000000
0.916118	-0.818348	0.000000	0.820614	0.000000	0.000000	0.000000	0.000000	0.000000	0.000000
0.916118	-0.818348	-0.000000	0.819927	0.000000	0.000000	0.000000	0.000000	0.000000	0.000000
0.916118	-0.818348	-0.000000	0.820607	0.000000	0.000000	0.000000	0.000000	0.000000	0.000000
0.916118	-0.818348	-0.000000	0.820614	0.000000	0.000000	0.000000	0.000000	0.000000	0.000000
0.916118	-0.818348	-0.000000	0.820614	0.000000	0.000000	0.000000	0.000000	0.000000	0.000000
0.916118	-0.818348	0.000000	0.820612	0.000000	0.000000	0.000000	0.000000	0.000000	0.000000
0.916118	-0.818348	0.000000	0.820614	0.000000	0.000000	0.000000	0.000000	0.000000	0.000000
0.916118	-0.818348	-0.000000	0.820614	0.000000	0.000000	0.000000	0.000000	0.000000	0.000000
0.916118	-0.818348	0.000000	0.820614	0.000000	0.000000	0.000000	0.000000	0.000000	0.000000
0.916118	-0.818348	-0.000000	0.820536	0.000000	0.000000	0.000000	0.000000	0.000000	0.000000
0.916118	-0.818342	0.000000	0.820614	0.000000	0.000000	0.000000	0.000000	0.000000	0.000000
0.916118	-0.818348	0.000000	0.820614	0.000000	0.000000	0.000000	0.000000	0.000000	0.000000
0.916118	-0.818348	0.000000	0.820578	0.000000	0.000000	0.000000	0.000000	0.000000	0.000000
0.916118	-0.817838	-0.000000	0.820614	0.000000	0.000000	0.000000	0.000000	0.000000	0.000000
0.916118	-0.818348	-0.000000	0.820602	0.000000	0.000000	0.000000	0.000000	0.000000	0.000000
0.916118	-0.818348	0.000000	0.820614	0.000000	0.000000	0.000000	0.000000	0.000000	0.000000
0.916118	-0.818348	0.000000	0.820614	0.000000	0.000000	0.000000	0.000000	0.000000	0.000000
0.916118	-0.818348	-0.000000	0.820614	0.000000	0.000000	0.000000	0.000000	0.000000	0.000000
0.916118	-0.818348	-0.000000	0.820614	0.000000	0.000000	0.000000	0.000000	0.000000	0.000000
0.916118	-0.818348	-0.000000	0.820614	0.000000	0.000000	0.000000	0.000000	0.000000	0.000000
0.916118	-0.818348	-0.000000	0.820614	0.000000	0.000000	0.000000	0.000000	0.000000	0.000000
0.916118	-0.818348	0.000000	0.820614	0.000000	0.000000	0.000000	0.000000	0.000000	0.000000
0.916118	-0.818348	-0.000000	0.820614	0.000000	0.000000	0.000000	0.000000	0.000000	0.000000
0.916118	-0.818348	0.000000	0.820614	0.000000	0.000000	0.000000	0.000000	0.000000	0.000000
0.916118	-0.818348	-0.000000	0.820614	0.000000	0.000000	0.000000	0.000000	0.000000	0.000000
0.916118	-0.818348	-0.000000	0.820614	0.000000	0.000000	0.000000	0.000000	0.000000	0.000000
0.916118	-0.818348	-0.000000	0.820614	0.000000	0.000000	0.000000	0.000000	0.000000	0.000000
0.916118	-0.818348	-0.000000	0.816155	0.000000	0.000000	0.000000	0.000000	0.000000	0.000000
0.916118	-0.818348	-0.000000	0.820614	0.000000	0.000000	0.000000	0.000000	0.000000	0.000000
0.916118	-0.818348	-0.000000	0.820614	0.000000	0.000000	0.000000	0.000000	0.000000	0.000000
0.916118	-0.818348	0.000000	0.820614	0.000000	0.000000	0.000000	0.000000	0.000000	0.000000
0.916118	-0.818348	0.000000	0.820614	0.000000	0.000000	0.000000	0.000000	0.000000	0.000000
0.916118	-0.818348	-0.000000	0.820614	0.000000	0.000000	0.000000	0.000000	0.000000	0.000000
0.916118	-0.818348	-0.000000	0.820614	0.000000	0.000000	0.000000	0.000000	0.000000	0.000000
0.916118	-0.818348	0.000000	0.820610	0.000000	0.000000	0.000000	0.000000	0.000000	0.000000
0.916118	-0.818348	0.000000	0.820475	0.000000	0.000000	0.000000	0.000000	0.000000	0.000000
0.916118	-0.818347	0.000000	0.820614	0.000000	0.000000	0.000000	0.000000	0.000000	0.000000
0.916118	-0.817664	-0.000000	0.820614	0.000000	0.000000	0.000000	0.000000	0.000000	0.000000
0.916118	-0.818348	0.000000	0.820613	0.000000	0.000000	0.000000	0.000000	0.000000	0.000000
0.916118	-0.818348	-0.000000	0.820614	0.000000	0.000000	0.000000	0.000000	0.000000	0.000000
0.916118	-0.818348	-0.000000	0.810921	0.000000	0.000000	0.000000	0.000000	0.000000	0.000000
0.916118	-0.818348	0.000000	0.820614	0.000000	0.000000	0.000000	0.000000	0.000000	0.000000
0.916118	-0.818348	-0.000000	0.820613	0.000000	0.000000	0.000000	0.000000	0.000000	0.000000
0.916118	-0.818348	0.000000	0.820294	0.000000	0.000000	0.000000	0.000000	0.000000	0.000000
0.916118	-0.818348	-0.000000	0.820614	0.000000	0.000000	0.000000	0.000000	0.000000	0.000000
0.916118	-0.818348	-0.000000	0.820614	0.000000	0.000000	0.000000	0.000000	0.000000	0.000000
0.916118	-0.818348	0.000000	0.820614	0.000000	0.000000	0.000000	0.000000	0.000000	0.000000
0.916118	-0.818348	0.000000	0.820492	0.000000	0.000000	0.000000	0.000000	0.000000	0.000000
0.916118	-0.818348	-0.000000	0.820614	0.000000	0.000000	0.000000	0.000000	0.000000	0.000000
0.916118	-0.818348	-0.000000	0.820614	0.000000	0.000000	0.000000	0.000000	0.000000	0.000000
0.916118	-0.818348	-0.000000	0.820614	0.000000	0.000000	0.000000	0.000000	0.000000	0.000000
0.916118	-0.818348	-0.000000	0.820614	0.000000	0.000000	0.000000	0.000000	0.000000	0.000000
0.916118	-0.818348	-0.000000	0.820614	0.000000	0.000000	0.000000	0.000000	0.000000	0.000000
0.916118	-0.818348	0.000000	0.820614	0.000000	0.000000	0.000000	0.000000	0.000000	0.000000
0.916118	-0.818348	-0.000000	0.820614	0.000000	0.000000	0.000000	0.000000	0.000000	0.000000
0.916118	-0.818348	-0.000000	0.820614	0.000000	0.000000	0.000000	0.000000	0.000000	0.000000
0.916118	-0.818348	-0.000000	0.820614	0.000000	0.000000	0.000000	0.000000	0.000000	0.000000
0.916118	-0.818348	-0.000000	0.820614	0.000000	0.000000	0.000000	0.000000	0.000000	0.000000
0.916118	-0.818348	-0.000000	0.820614	0.000000	0.000000	0.000000	0.000000	0.000000	0.000000
0.916118	-0.818348	-0.000000	0.820614	0.000000	0.000000	0.000000	0.000000	0.000000	0.000000
0.916118	-0.818348	0.000000	0.820614	0.000000	0.000000	0.000000	0.000000	0.000000	0.000000
0.916118	-0.818348	-0.000000	0.820562	0.000000	0.000000	0.000000	0.000000	0.000000	0.000000
0.916118	-0.818347	0.000000	0.820589	0.000000	0.000000	0.000000	0.000000	0.000000	0.000000
0.916118	-0.818348	0.000000	0.820614	0.000000	0.000000	0.000000	0.000000	0.000000	0.000000
0.916118	0.816976	-0.659860	-0.000000	0.000000	0.000000	0.000000	0.000000	0.000000	0.000000
0.916118	0.867814	-0.795387	-0.000000	0.000000	0.000000	0.000000	0.000000	0.000000	0.000000
0.916118	0.868009	-0.795386	-0.000000	0.000000	0.000000	0.000000	0.000000	0.000000	0.000000
0.916118	0.868195	-0.795387	-0.000000	0.000000	0.000000	0.000000	0.000000	0.000000	0.000000
0.916118	0.867982	-0.795387	-0.000000	0.000000	0.000000	0.000000	0.000000	0.000000	0.000000
0.916118	0.868182	-0.795387	0.000000	0.000000	0.000000	0.000000	0.000000	0.000000	0.000000
0.916118	0.867717	-0.795387	-0.000000	0.000000	0.000000	0.000000	0.000000	0.000000	0.000000
0.916118	0.867788	-0.795387	-0.000000	0.000000	0.000000	0.000000	0.000000	0.000000	0.000000
0.916118	0.867858	-0.795387	-0.000000	0.000000	0.000000	0.000000	0.000000	0.000000	0.000000
0.916118	0.867704	-0.795387	-0.000000	0.000000	0.000000	0.000000	0.000000	0.000000	0.000000
0.916118	0.867844	-0.795387	0.000000	0.000000	0.000000	0.000000	0.000000	0.000000	0.000000
0.916118	0.867821	-0.795387	0.000000	0.000000	0.000000	0.000000	0.000000	0.000000	0.000000
0.916118	0.867964	-0.795230	0.000000	0.000000	0.000000	0.000000	0.000000	0.000000	0.000000
0.916118	0.868028	-0.795387	-0.000000	0.000000	0.000000	0.000000	0.000000	0.000000	0.000000
0.916118	0.867849	-0.795387	-0.000000	0.000000	0.000000	0.000000	0.000000	0.000000	0.000000
0.916118	0.868133	-0.795387	0.000000	0.000000	0.000000	0.000000	0.000000	0.000000	0.000000
0.916118	0.867804	-0.795387	-0.000000	0.000000	0.000000	0.000000	0.000000	0.000000	0.000000
0.916118	0.868315	-0.795348	0.000000	0.000000	0.000000	0.000000	0.000000	0.000000	0.000000
0.916118	0.867283	-0.795387	-0.000000	0.000000	0.000000	0.000000	0.000000	0.000000	0.000000
0.916118	0.868409	-0.795387	-0.000000	0.000000	0.000000	0.000000	0.000000	0.000000	0.000000
0.916118	0.868076	-0.795387	0.000000	0.000000	0.000000	0.000000	0.000000	0.000000	0.000000
0.916118	0.867649	-0.795387	-0.000000	0.000000	0.000000	0.000000	0.000000	0.000000	0.000000
0.916118	0.867806	-0.795387	0.000000	0.000000	0.000000	0.000000	0.000000	0.000000	0.000000
0.916118	0.867968	-0.795387	-0.000000	0.000000	0.000000	0.000000	0.000000	0.000000	0.000000
0.916118	0.868069	-0.795387	-0.000000	0.000000	0.000000	0.000000	0.000000	0.000000	0.000000
0.916118	0.867815	-0.795387	-0.000000	0.000000	0.000000	0.000000	0.000000	0.000000	0.000000
0.916118	0.868171	-0.795387	0.000000	0.000000	0.000000	0.000000	0.000000	0.000000	0.000000
0.916118	0.867227	-0.795387	-0.000000	0.000000	0.000000	0.000000	0.000000	0.000000	0.000000
0.916118	0.868076	-0.795387	0.000000	0.000000	0.000000	0.000000	0.000000	0.000000	0.000000
0.916118	0.867593	-0.795387	0.000000	0.000000	0.000000	0.000000	0.000000	0.000000	0.000000
0.916118	0.868120	-0.795387	0.000000	0.000000	0.000000	0.000000	0.000000	0.000000	0.000000
0.916118	0.867125	-0.795387	-0.000000	0.000000	0.000000	0.000000	0.000000	0.000000	0.000000
0.916118	0.868219	-0.795387	-0.000000	0.000000	0.000000	0.000000	0.000000	0.000000	0.000000
0.916118	0.867664	-0.795387	-0.000000	0.000000	0.000000	0.000000	0.000000	0.000000	0.000000
0.916118	0.868046	-0.795387	-0.000000	0.000000	0.000000	0.000000	0.000000	0.000000	0.000000
0.916118	0.868138	-0.795387	-0.000000	0.000000	0.000000	0.000000	0.000000	0.000000	0.000000
0.916118	0.867363	-0.795387	0.000000	0.000000	0.000000	0.000000	0.000000	0.000000	0.000000
0.916118	0.867790	-0.795385	0.000000	0.000000	0.000000	0.000000	0.000000	0.000000	0.000000
0.916118	0.868399	-0.795387	-0.000000	0.000000	0.000000	0.000000	0.000000	0.000000	0.000000
0.916118	0.868464	-0.795371	0.000000	0.000000	0.000000	0.000000	0.000000	0.000000	0.000000
0.916118	0.868200	-0.795387	0.000000	0.000000	0.000000	0.000000	0.000000	0.000000	0.000000
0.916118	0.867744	-0.795387	-0.000000	0.000000	0.000000	0.000000	0.000000	0.000000	0.000000
0.916118	0.867575	-0.795387	-0.000000	0.000000	0.000000	0.000000	0.000000	0.000000	0.000000
0.916118	0.867506	-0.793064	-0.000000	0.000000	0.000000	0.000000	0.000000	0.000000	0.000000
0.916118	0.868037	-0.795387	-0.000000	0.000000	0.000000	0.000000	0.000000	0.000000	0.000000
0.916118	0.867943	-0.795387	0.000000	0.000000	0.000000	0.000000	0.000000	0.000000	0.000000
0.916118	0.867886	-0.795387	-0.000000	0.000000	0.000000	0.000000	0.000000	0.000000	0.000000
0.916118	0.867752	-0.795383	0.000000	0.000000	0.000000	0.000000	0.000000	0.000000	0.000000
0.916118	0.867956	-0.795387	-0.000000	0.000000	0.000000	0.000000	0.000000	0.000000	0.000000
0.916118	0.868090	-0.795387	-0.000000	0.000000	0.000000	0.000000	0.000000	0.000000	0.000000
0.916118	0.868106	-0.795387	0.000000	0.000000	0.000000	0.000000	0.000000	0.000000	0.000000
0.916118	0.867946	-0.795387	0.000000	0.000000	0.000000	0.000000	0.000000	0.000000	0.000000
0.916118	0.867904	-0.795387	0.000000	0.000000	0.000000	0.000000	0.000000	0.000000	0.000000
0.916118	0.868269	-0.795387	-0.000000	0.000000	0.000000	0.000000	0.000000	0.000000	0.000000
0.916118	0.867928	-0.795387	0.000000	0.000000	0.000000	0.000000	0.000000	0.000000	0.000000
0.916118	0.868262	-0.795387	-0.000000	0.000000	0.000000	0.000000	0.000000	0.000000	0.000000
0.916118	0.868264	-0.795387	-0.000000	0.000000	0.000000	0.000000	0.000000	0.000000	0.000000
0.916118	0.868055	-0.795387	-0.000000	0.000000	0.000000	0.000000	0.000000	0.000000	0.000000
0.916118	0.867490	-0.795386	0.000000	0.000000	0.000000	0.000000	0.000000	0.000000	0.000000
0.916118	0.867762	-0.795387	-0.000000	0.000000	0.000000	0.000000	0.000000	0.000000	0.000000
0.916118	0.867896	-0.795387	0.000000	0.000000	0.000000	0.000000	0.000000	0.000000	0.000000
0.916118	0.867482	-0.795387	-0.000000	0.000000	0.000000	0.000000	0.000000	0.000000	0.000000
0.916118	0.867478	-0.795387	0.000000	0.000000	0.000000	0.000000	0.000000	0.000000	0.000000
0.916118	0.867741	-0.795262	0.000000	0.000000	0.000000	0.000000	0.000000	0.000000	0.000000
0.916118	0.867942	-0.795387	-0.000000	0.000000	0.000000	0.000000	0.000000	0.000000	0.000000
0.916118	0.868186	-0.795387	-0.000000	0.000000	0.000000	0.000000	0.000000	0.000000	0.000000
0.916118	0.867507	-0.795387	-0.000000	0.000000	0.000000	0.000000	0.000000	0.000000	0.000000
0.916118	0.867956	-0.795387	-0.000000	0.000000	0.000000	0.000000	0.000000	0.000000	0.000000
0.916118	0.867720	-0.795387	0.000000	0.000000	0.000000	0.000000	0.000000	0.000000	0.000000
0.916118	0.867919	-0.795387	-0.000000	0.000000	0.000000	0.000000	0.000000	0.000000	0.000000
0.916118	0.867870	-0.795387	-0.000000	0.000000	0.000000	0.000000	0.000000	0.000000	0.000000
0.916118	0.868254	-0.795387	-0.000000	0.000000	0.000000	0.000000	0.000000	0.000000	0.000000
0.916118	0.867538	-0.795387	0.000000	0.000000	0.000000	0.000000	0.000000	0.000000	0.000000
0.916118	0.867904	-0.795387	-0.000000	0.000000	0.000000	0.000000	0.000000	0.000000	0.000000
0.916118	0.867648	-0.795387	0.000000	0.000000	0.000000	0.000000	0.000000	0.000000	0.000000
0.916118	0.868049	-0.795387	0.000000	0.000000	0.000000	0.000000	0.000000	0.000000	0.000000
0.916118	0.868280	-0.795387	0.000000	0.000000	0.000000	0.000000	0.000000	0.000000	0.000000
0.916118	0.867771	-0.795387	0.000000	0.000000	0.000000	0.000000	0.000000	0.000000	0.000000
0.916118	0.868090	-0.795387	-0.000000	0.000000	0.000000	0.000000	0.000000	0.000000	0.000000
0.916118	0.867872	-0.795387	0.000000	0.000000	0.000000	0.000000	0.000000	0.000000	0.000000
0.916118	0.868125	-0.795387	-0.000000	0.000000	0.000000	0.000000	0.000000	0.000000	0.000000
0.916118	0.867857	-0.795387	-0.000000	0.000000	0.000000	0.000000	0.000000	0.000000	0.000000
0.916118	0.867560	-0.795387	0.000000	0.000000	0.000000	0.000000	0.000000	0.000000	0.000000
0.916118	0.867814	-0.795387	0.000000	0.000000	0.000000	0.000000	0.000000	0.000000	0.000000
0.916118	0.868287	-0.795387	-0.000000	0.000000	0.000000	0.000000	0.000000	0.000000	0.000000
0.916118	0.867761	-0.795387	0.000000	0.000000	0.000000	0.000000	0.000000	0.000000	0.000000
0.916118	0.867715	-0.795387	0.000000	0.000000	0.000000	0.000000	0.000000	0.000000	0.000000
0.916118	0.868161	-0.795131	0.000000	0.000000	0.000000	0.000000	0.000000	0.000000	0.000000
0.916118	0.868498	-0.795386	-0.000000	0.000000	0.000000	0.000000	0.000000	0.000000	0.000000
0.916118	0.867867	-0.795387	-0.000000	0.000000	0.000000	0.000000	0.000000	0.000000	0.000000
0.916118	0.867382	-0.795387	-0.000000	0.000000	0.000000	0.000000	0.000000	0.000000	0.000000
0.916118	0.868045	-0.795387	0.000000	0.000000	0.000000	0.000000	0.000000	0.000000	0.000000
0.916118	0.867960	-0.795387	0.000000	0.000000	0.000000	0.000000	0.000000	0.000000	0.000000
0.916118	0.867914	-0.795387	0.000000	0.000000	0.000000	0.000000	0.000000	0.000000	0.000000
0.916118	0.867811	-0.795364	-0.000000	0.000000	0.000000	0.000000	0.000000	0.000000	0.000000
0.916118	0.868158	-0.795387	0.000000	0.000000	0.000000	0.000000	0.000000	0.000000	0.000000
0.916118	0.867763	-0.795387	-0.000000	0.000000	0.000000	0.000000	0.000000	0.000000	0.000000
0.916118	0.867795	-0.795387	-0.000000	0.000000	0.000000	0.000000	0.000000	0.000000	0.000000
0.916118	0.868270	-0.795387	-0.000000	0.000000	0.000000	0.000000	0.000000	0.000000	0.000000
0.916118	0.867531	-0.795387	-0.000000	0.000000	0.000000	0.000000	0.000000	0.000000	0.000000
0.916118	0.867931	-0.795387	-0.000000	0.000000	0.000000	0.000000	0.000000	0.000000	0.000000
0.916118	0.867966	-0.795364	0.000000	0.000000	0.000000	0.000000	0.000000	0.000000	0.000000
0.916118	0.867503	-0.795369	-0.000000	0.000000	0.000000	0.000000	0.000000	0.000000	0.000000
0.916118	0.867747	-0.795387	-0.000000	0.000000	0.000000	0.000000	0.000000	0.000000	0.000000
0.916118	0.867982	-0.795387	0.000000	0.000000	0.000000	0.000000	0.000000	0.000000	0.000000
0.916118	0.867834	-0.795387	0.000000	0.000000	0.000000	0.000000	0.000000	0.000000	0.000000
0.916118	0.867766	-0.795387	0.000000	0.000000	0.000000	0.000000	0.000000	0.000000	0.000000
0.916118	0.867440	-0.795387	0.000000	0.000000	0.000000	0.000000	0.000000	0.000000	0.000000
0.916118	0.867737	-0.795387	-0.000000	0.000000	0.000000	0.000000	0.000000	0.000000	0.000000
0.916118	0.868043	-0.795387	-0.000000	0.000000	0.000000	0.000000	0.000000	0.000000	0.000000
0.916118	0.867900	-0.795387	0.000000	0.000000	0.000000	0.000000	0.000000	0.000000	0.000000
0.916118	0.867808	-0.795349	-0.000000	0.000000	0.000000	0.000000	0.000000	0.000000	0.000000
0.916118	0.867940	-0.795387	-0.000000	0.000000	0.000000	0.000000	0.000000	0.000000	0.000000
0.916118	0.867536	-0.795387	0.000000	0.000000	0.000000	0.000000	0.000000	0.000000	0.000000
0.916118	0.867652	-0.795387	-0.000000	0.000000	0.000000	0.000000	0.000000	0.000000	0.000000
0.916118	0.867807	-0.795387	-0.000000	0.000000	0.000000	0.000000	0.000000	0.000000	0.000000
0.916118	0.868062	-0.795385	-0.000000	0.000000	0.000000	0.000000	0.000000	0.000000	0.000000
0.916118	0.868169	-0.795387	-0.000000	0.000000	0.000000	0.000000	0.000000	0.000000	0.000000
0.916118	0.868066	-0.795387	0.000000	0.000000	0.000000	0.000000	0.000000	0.000000	0.000000
0.916118	0.868138	-0.795387	-0.000000	0.000000	0.000000	0.000000	0.000000	0.000000	0.000000
0.916118	0.867607	-0.795387	-0.000000	0.000000	0.000000	0.000000	0.000000	0.000000	0.000000
0.916118	0.867377	-0.795387	0.000000	0.000000	0.000000	0.000000	0.000000	0.000000	0.000000
0.916118	0.867858	-0.795387	0.000000	0.000000	0.000000	0.000000	0.000000	0.000000	0.000000
0.916118	0.867959	-0.795387	0.000000	0.000000	0.000000	0.000000	0.000000	0.000000	0.000000
0.916118	0.867608	-0.795387	0.000000	0.000000	0.000000	0.000000	0.000000	0.000000	0.000000
0.916118	0.868112	-0.795383	-0.000000	0.000000	0.000000	0.000000	0.000000	0.000000	0.000000
0.916118	0.867333	-0.795387	-0.000000	0.000000	0.000000	0.000000	0.000000	0.000000	0.000000
0.916118	0.867710	-0.792801	-0.000000	0.000000	0.000000	0.000000	0.000000	0.000000	0.000000
0.916118	0.868234	-0.795387	-0.000000	0.000000	0.000000	0.000000	0.000000	0.000000	0.000000
0.916118	0.867833	-0.795387	0.000000	0.000000	0.000000	0.000000	0.000000	0.000000	0.000000
0.916118	0.867785	-0.795386	0.000000	0.000000	0.000000	0.000000	0.000000	0.000000	0.000000
0.916118	0.867962	-0.795387	-0.000000	0.000000	0.000000	0.000000	0.000000	0.000000	0.000000
0.916118	0.867727	-0.795387	-0.000000	0.000000	0.000000	0.000000	0.000000	0.000000	0.000000
0.916118	0.867593	-0.795387	0.000000	0.000000	0.000000	0.000000	0.000000	0.000000	0.000000
0.916118	0.867395	-0.795387	-0.000000	0.000000	0.000000	0.000000	0.000000	0.000000	0.000000
0.916118	0.867762	-0.795387	0.000000	0.000000	0.000000	0.000000	0.000000	0.000000	0.000000
0.916118	0.867525	-0.795387	-0.000000	0.000000	0.000000	0.000000	0.000000	0.000000	0.000000
0.916118	0.867552	-0.795387	0.000000	0.000000	0.000000	0.000000	0.000000	0.000000	0.000000
0.916118	0.867979	-0.795387	-0.000000	0.000000	0.000000	0.000000	0.000000	0.000000	0.000000
0.916118	0.867212	-0.795387	-0.000000	0.000000	0.000000	0.000000	0.000000	0.000000	0.000000
0.916118	0.868054	-0.795387	0.000000	0.000000	0.000000	0.000000	0.000000	0.000000	0.000000
0.916118	0.867919	-0.795387	-0.000000	0.000000	0.000000	0.000000	0.000000	0.000000	0.000000
0.916118	0.867934	-0.795387	0.000000	0.000000	0.000000	0.000000	0.000000	0.000000	0.000000
0.916118	0.868372	-0.795387	0.000000	0.000000	0.000000	0.000000	0.000000	0.000000	0.000000
0.916118	0.867826	-0.795381	0.000000	0.000000	0.000000	0.000000	0.000000	0.000000	0.000000
0.916118	0.868154	-0.795387	0.000000	0.000000	0.000000	0.000000	0.000000	0.000000	0.000000
0.916118	0.867790	-0.795387	-0.000000	0.000000	0.000000	0.000000	0.000000	0.000000	0.000000
0.916118	0.868061	-0.795369	-0.000000	0.000000	0.000000	0.000000	0.000000	0.000000	0.000000
0.916118	0.868177	-0.795387	-0.000000	0.000000	0.000000	0.000000	0.000000	0.000000	0.000000
0.916118	0.867256	-0.795386	0.000000	0.000000	0.000000	0.000000	0.000000	0.000000	0.000000
0.916118	0.867803	-0.795387	-0.000000	0.000000	0.000000	0.000000	0.000000	0.000000	0.000000
0.916118	0.867963	-0.795387	0.000000	0.000000	0.000000	0.000000	0.000000	0.000000	0.000000
0.916118	0.867735	-0.795387	0.000000	0.000000	0.000000	0.000000	0.000000	0.000000	0.000000
0.916118	0.867793	-0.795387	-0.000000	0.000000	0.000000	0.000000	0.000000	0.000000	0.000000
0.916118	0.868186	-0.795387	-0.000000	0.000000	0.000000	0.000000	0.000000	0.000000	0.000000
0.916118	0.867973	-0.795387	-0.000000	0.000000	0.000000	0.000000	0.000000	0.000000	0.000000
0.916118	0.867867	-0.795387	-0.000000	0.000000	0.000000	0.000000	0.000000	0.000000	0.000000
0.916118	0.868100	-0.795376	-0.000000	0.000000	0.000000	0.000000	0.000000	0.000000	0.000000
0.916118	0.868013	-0.795297	-0.000000	0.000000	0.000000	0.000000	0.000000	0.000000	0.000000
0.916118	0.867704	-0.795387	-0.000000	0.000000	0.000000	0.000000	0.000000	0.000000	0.000000
0.916118	0.867778	-0.795387	0.000000	0.000000	0.000000	0.000000	0.000000	0.000000	0.000000
0.916118	0.868327	-0.795387	0.000000	0.000000	0.000000	0.000000	0.000000	0.000000	0.000000
0.916118	0.868427	-0.795387	0.000000	0.000000	0.000000	0.000000	0.000000	0.000000	0.000000
0.916118	0.867678	-0.795387	-0.000000	0.000000	0.000000	0.000000	0.000000	0.000000	0.000000
0.916118	0.867390	-0.795387	-0.000000	0.000000	0.000000	0.000000	0.000000	0.000000	0.000000
0.916118	0.867703	-0.795387	0.000000	0.000000	0.000000	0.000000	0.000000	0.000000	0.000000
0.916118	0.868050	-0.795387	-0.000000	0.000000	0.000000	0.000000	0.000000	0.000000	0.000000
0.916118	0.867811	-0.795387	-0.000000	0.000000	0.000000	0.000000	0.000000	0.000000	0.000000
0.916118	0.868025	-0.795387	0.000000	0.000000	0.000000	0.000000	0.000000	0.000000	0.000000
0.916118	0.867391	-0.795386	0.000000	0.000000	0.000000	0.000000	0.000000	0.000000	0.000000
0.916118	0.867426	-0.795387	-0.000000	0.000000	0.000000	0.000000	0.000000	0.000000	0.000000
0.916118	0.867945	-0.795387	-0.000000	0.000000	0.000000	0.000000	0.000000	0.000000	0.000000
0.916118	0.868021	-0.795387	-0.000000	0.000000	0.000000	0.000000	0.000000	0.000000	0.000000
0.916118	0.867604	-0.795387	0.000000	0.000000	0.000000	0.000000	0.000000	0.000000	0.000000
0.916118	0.868192	-0.795387	-0.000000	0.000000	0.000000	0.000000	0.000000	0.000000	0.000000
0.916118	0.868224	-0.795387	-0.000000	0.000000	0.000000	0.000000	0.000000	0.000000	0.000000
0.916118	0.867594	-0.795387	-0.000000	0.000000	0.000000	0.000000	0.000000	0.000000	0.000000
0.916118	0.867575	-0.795387	-0.000000	0.000000	0.000000	0.000000	0.000000	0.000000	0.000000
0.916118	0.867923	-0.795387	0.000000	0.000000	0.000000	0.000000	0.000000	0.000000	0.000000
0.916118	0.868135	-0.795383	0.000000	0.000000	0.000000	0.000000	0.000000	0.000000	0.000000
0.916118	0.868223	-0.795346	-0.000000	0.000000	0.000000	0.000000	0.000000	0.000000	0.000000
0.916118	0.867666	-0.795386	0.000000	0.000000	0.000000	0.000000	0.000000	0.000000	0.000000
0.916118	0.867342	-0.795387	-0.000000	0.000000	0.000000	0.000000	0.000000	0.000000	0.000000
0.916118	0.867908	-0.795387	-0.000000	0.000000	0.000000	0.000000	0.000000	0.000000	0.000000
0.916118	0.867796	-0.795387	-0.000000	0.000000	0.000000	0.000000	0.000000	0.000000	0.000000
0.916118	0.867630	-0.795387	-0.000000	0.000000	0.000000	0.000000	0.000000	0.000000	0.000000
0.916118	0.867637	-0.795387	0.000000	0.000000	0.000000	0.000000	0.000000	0.000000	0.000000
0.916118	0.868133	-0.795387	0.000000	0.000000	0.000000	0.000000	0.000000	0.000000	0.000000
0.916118	0.868240	-0.795387	-0.000000	0.000000	0.000000	0.000000	0.000000	0.000000	0.000000
0.916118	0.867947	-0.795387	-0.000000	0.000000	0.000000	0.000000	0.000000	0.000000	0.000000
0.916118	0.867997	-0.795387	0.000000	0.000000	0.000000	0.000000	0.000000	0.000000	0.000000
0.916118	0.868056	-0.795387	0.000000	0.000000	0.000000	0.000000	0.000000	0.000000	0.000000
0.916118	0.867921	-0.795387	-0.000000	0.000000	0.000000	0.000000	0.000000	0.000000	0.000000
0.916118	0.867747	-0.795387	-0.000000	0.000000	0.000000	0.000000	0.000000	0.000000	0.000000
0.916118	0.868466	-0.795332	-0.000000	0.000000	0.000000	0.000000	0.000000	0.000000	0.000000
0.916118	0.868031	-0.795387	0.000000	0.000000	0.000000	0.000000	0.000000	0.000000	0.000000
0.916118	0.867594	-0.795385	0.000000	0.000000	0.000000	0.000000	0.000000	0.000000	0.000000
0.916118	0.868110	-0.795374	0.000000	0.000000	0.000000	0.000000	0.000000	0.000000	0.000000
0.916118	0.867743	-0.795387	0.000000	0.000000	0.000000	0.000000	0.000000	0.000000	0.000000
0.916118	0.867949	-0.795387	-0.000000	0.000000	0.000000	0.000000	0.000000	0.000000	0.000000
0.916118	0.868020	-0.795385	0.000000	0.000000	0.000000	0.000000	0.000000	0.000000	0.000000
0.916118	0.868093	-0.795387	0.000000	0.000000	0.000000	0.000000	0.000000	0.000000	0.000000
0.916118	0.867738	-0.795387	0.000000	0.000000	0.000000	0.000000	0.000000	0.000000	0.000000
0.916118	0.867417	-0.795387	-0.000000	0.000000	0.000000	0.000000	0.000000	0.000000	0.000000
0.916118	0.867763	-0.795387	0.000000	0.000000	0.000000	0.000000	0.000000	0.000000	0.000000
0.916118	0.868417	-0.795387	-0.000000	0.000000	0.000000	0.000000	0.000000	0.000000	0.000000
0.916118	0.867909	-0.795387	-0.000000	0.000000	0.000000	0.000000	0.000000	0.000000	0.000000
0.916118	0.867802	-0.795380	-0.000000	0.000000	0.000000	0.000000	0.000000	0.000000	0.000000
0.916118	0.868471	-0.795370	0.000000	0.000000	0.000000	0.000000	0.000000	0.000000	0.000000
0.916118	0.867609	-0.795387	0.000000	0.000000	0.000000	0.000000	0.000000	0.000000	0.000000
0.916118	0.867862	-0.795387	-0.000000	0.000000	0.000000	0.000000	0.000000	0.000000	0.000000
0.916118	0.867598	-0.795386	-0.000000	0.000000	0.000000	0.000000	0.000000	0.000000	0.000000
0.916118	0.868360	-0.795387	-0.000000	0.000000	0.000000	0.000000	0.000000	0.000000	0.000000
0.916118	0.867650	-0.795387	-0.000000	0.000000	0.000000	0.000000	0.000000	0.000000	0.000000
0.916118	0.868357	-0.795387	0.000000	0.000000	0.000000	0.000000	0.000000	0.000000	0.000000
0.916118	0.867485	-0.795387	0.000000	0.000000	0.000000	0.000000	0.000000	0.000000	0.000000
0.916118	0.867793	-0.795387	0.000000	0.000000	0.000000	0.000000	0.000000	0.000000	0.000000
0.916118	0.867783	-0.795387	0.000000	0.000000	0.000000	0.000000	0.000000	0.000000	0.000000
0.916118	0.867466	-0.795385	0.000000	0.000000	0.000000	0.000000	0.000000	0.000000	0.000000
0.916118	0.868042	-0.795387	0.000000	0.000000	0.000000	0.000000	0.000000	0.000000	0.000000
0.916118	0.867549	-0.795387	-0.000000	0.000000	0.000000	0.000000	0.000000	0.000000	0.000000
0.916118	0.867570	-0.795372	-0.000000	0.000000	0.000000	0.000000	0.000000	0.000000	0.000000
0.916118	0.868518	-0.794436	0.000000	0.000000	0.000000	0.000000	0.000000	0.000000	0.000000
0.916118	0.867656	-0.795387	-0.000000	0.000000	0.000000	0.000000	0.000000	0.000000	0.000000
0.916118	0.867932	-0.795387	0.000000	0.000000	0.000000	0.000000	0.000000	0.000000	0.000000
0.916118	0.868042	-0.795387	-0.000000	0.000000	0.000000	0.000000	0.000000	0.000000	0.000000
0.916118	0.867486	-0.795387	0.000000	0.000000	0.000000	0.000000	0.000000	0.000000	0.000000
0.916118	0.867383	-0.795387	-0.000000	0.000000	0.000000	0.000000	0.000000	0.000000	0.000000
0.916118	0.867849	-0.795387	0.000000	0.000000	0.000000	0.000000	0.000000	0.000000	0.000000
0.916118	0.868371	-0.795387	-0.000000	0.000000	0.000000	0.000000	0.000000	0.000000	0.000000
0.916118	0.868146	-0.795387	0.000000	0.000000	0.000000	0.000000	0.000000	0.000000	0.000000
0.916118	0.867933	-0.795387	-0.000000	0.000000	0.000000	0.000000	0.000000	0.000000	0.000000
0.916118	0.867660	-0.795281	-0.000000	0.000000	0.000000	0.000000	0.000000	0.000000	0.000000
0.916118	0.867808	-0.795387	0.000000	0.000000	0.000000	0.000000	0.000000	0.000000	0.000000
0.916118	0.867745	-0.795384	-0.000000	0.000000	0.000000	0.000000	0.000000	0.000000	0.000000
0.916118	0.867452	-0.795387	0.000000	0.000000	0.000000	0.000000	0.000000	0.000000	0.000000
0.916118	0.867879	-0.795387	0.000000	0.000000	0.000000	0.000000	0.000000	0.000000	0.000000
0.916118	0.867736	-0.795387	0.000000	0.000000	0.000000	0.000000	0.000000	0.000000	0.000000
0.916118	0.867795	-0.795387	0.000000	0.000000	0.000000	0.000000	0.000000	0.000000	0.000000
0.916118	0.867946	-0.795387	-0.000000	0.000000	0.000000	0.000000	0.000000	0.000000	0.000000
0.916118	0.867886	-0.795387	0.000000	0.000000	0.000000	0.000000	0.000000	0.000000	0.000000
0.916118	0.867295	-0.795384	0.000000	0.000000	0.000000	0.000000	0.000000	0.000000	0.000000
0.916118	0.867837	-0.795387	-0.000000	0.000000	0.000000	0.000000	0.000000	0.000000	0.000000
0.916118	0.868457	-0.795387	0.000000	0.000000	0.000000	0.000000	0.000000	0.000000	0.000000
0.916118	0.868502	-0.795386	0.000000	0.000000	0.000000	0.000000	0.000000	0.000000	0.000000
0.916118	0.867604	-0.795387	-0.000000	0.000000	0.000000	0.000000	0.000000	0.000000	0.000000
0.916118	0.867989	-0.795387	0.000000	0.000000	0.000000	0.000000	0.000000	0.000000	0.000000
0.916118	0.867554	-0.795387	-0.000000	0.000000	0.000000	0.000000	0.000000	0.000000	0.000000
0.916118	0.868145	-0.795219	-0.000000	0.000000	0.000000	0.000000	0.000000	0.000000	0.000000
0.916118	0.867605	-0.795387	0.000000	0.000000	0.000000	0.000000	0.000000	0.000000	0.000000
0.916118	0.867153	-0.018239	-0.000000	0.000000	0.000000	0.000000	0.000000	0.000000	0.000000
0.916118	0.867601	0.861282	-0.000000	0.000000	0.000000	0.000000	0.000000	0.000000	0.000000
0.916118	0.867934	0.861282	0.000000	0.000000	0.000000	0.000000	0.000000	0.000000	0.000000
0.916118	0.868074	0.861282	-0.000000	0.000000	0.000000	0.000000	0.000000	0.000000	0.000000
0.916118	0.868506	0.861282	-0.000000	0.000000	0.000000	0.000000	0.000000	0.000000	0.000000
0.916118	0.867362	0.859248	0.000000	0.000000	0.000000	0.000000	0.000000	0.000000	0.000000
0.916118	0.868279	0.861282	0.000000	0.000000	0.000000	0.000000	0.000000	0.000000	0.000000
0.916118	0.868265	0.861282	-0.000000	0.000000	0.000000	0.000000	0.000000	0.000000	0.000000
0.916118	0.867531	0.861282	-0.000000	0.000000	0.000000	0.000000	0.000000	0.000000	0.000000
0.916118	0.868076	0.861282	-0.000000	0.000000	0.000000	0.000000	0.000000	0.000000	0.000000
0.916118	0.867430	0.861282	0.000000	0.000000	0.000000	0.000000	0.000000	0.000000	0.000000
0.916118	0.867224	0.861282	-0.000000	0.000000	0.000000	0.000000	0.000000	0.000000	0.000000
0.916118	0.868224	0.861282	-0.000000	0.000000	0.000000	0.000000	0.000000	0.000000	0.000000
0.916118	0.867932	0.861282	-0.000000	0.000000	0.000000	0.000000	0.000000	0.000000	0.000000
0.916118	0.867151	0.861282	-0.000000	0.000000	0.000000	0.000000	0.000000	0.000000	0.000000
0.916118	0.868052	0.861282	0.000000	0.000000	0.000000	0.000000	0.000000	0.000000	0.000000
0.916118	0.867966	0.861282	0.000000	0.000000	0.000000	0.000000	0.000000	0.000000	0.000000
0.916118	0.867590	0.861282	-0.000000	0.000000	0.000000	0.000000	0.000000	0.000000	0.000000
0.916118	0.867670	0.861282	0.000000	0.000000	0.000000	0.000000	0.000000	0.000000	0.000000
0.916118	0.868035	0.861282	0.000000	0.000000	0.000000	0.000000	0.000000	0.000000	0.000000
0.916118	0.867805	0.861282	0.000000	0.000000	0.000000	0.000000	0.000000	0.000000	0.000000
0.916117	0.868325	0.861282	0.000000	0.000000	0.000000	0.000000	0.000000	0.000000	0.000000
0.916118	0.867609	0.861282	-0.000000	0.000000	0.000000	0.000000	0.000000	0.000000	0.000000
0.916118	0.868043	0.861282	-0.000000	0.000000	0.000000	0.000000	0.000000	0.000000	0.000000
0.916118	0.866718	0.861282	-0.000000	0.000000	0.000000	0.000000	0.000000	0.000000	0.000000
0.916118	0.867729	0.861270	-0.000000	0.000000	0.000000	0.000000	0.000000	0.000000	0.000000
0.916118	0.867751	0.861282	0.000000	0.000000	0.000000	0.000000	0.000000	0.000000	0.000000
0.916118	0.867887	0.861282	-0.000000	0.000000	0.000000	0.000000	0.000000	0.000000	0.000000
0.916118	0.867693	0.861282	-0.000000	0.000000	0.000000	0.000000	0.000000	0.000000	0.000000
0.916118	0.868163	0.861282	-0.000000	0.000000	0.000000	0.000000	0.000000	0.000000	0.000000
0.916118	0.867912	0.861282	0.000000	0.000000	0.000000	0.000000	0.000000	0.000000	0.000000
0.916118	0.867915	0.861282	-0.000000	0.000000	0.000000	0.000000	0.000000	0.000000	0.000000
0.916118	0.867603	0.861282	-0.000000	0.000000	0.000000	0.000000	0.000000	0.000000	0.000000
0.916118	0.867552	0.861282	0.000000	0.000000	0.000000	0.000000	0.000000	0.000000	0.000000
0.916118	0.867762	0.861282	-0.000000	0.000000	0.000000	0.000000	0.000000	0.000000	0.000000
0.916118	0.867989	0.855574	-0.000000	0.000000	0.000000	0.000000	0.000000	0.000000	0.000000
0.916118	0.867821	0.861282	0.000000	0.000000	0.000000	0.000000	0.000000	0.000000	0.000000
0.916118	0.867692	0.861282	-0.000000	0.000000	0.000000	0.000000	0.000000	0.000000	0.000000
0.916118	0.867004	0.861282	0.000000	0.000000	0.000000	0.000000	0.000000	0.000000	0.000000
0.916118	0.867488	0.861282	0.000000	0.000000	0.000000	0.000000	0.000000	0.000000	0.000000
0.916118	0.867929	0.861282	0.000000	0.000000	0.000000	0.000000	0.000000	0.000000	0.000000
0.916118	0.868259	0.861282	-0.000000	0.000000	0.000000	0.000000	0.000000	0.000000	0.000000
0.916118	0.868177	0.861282	0.000000	0.000000	0.000000	0.000000	0.000000	0.000000	0.000000
0.916118	0.867798	0.861282	-0.000000	0.000000	0.000000	0.000000	0.000000	0.000000	0.000000
0.916118	0.867521	0.861282	0.000000	0.000000	0.000000	0.000000	0.000000	0.000000	0.000000
0.916118	0.868350	0.861282	-0.000000	0.000000	0.000000	0.000000	0.000000	0.000000	0.000000
0.916118	0.867908	0.861282	0.000000	0.000000	0.000000	0.000000	0.000000	0.000000	0.000000
0.916118	0.867312	0.861282	-0.000000	0.000000	0.000000	0.000000	0.000000	0.000000	0.000000
0.916118	0.868650	0.861282	-0.000000	0.000000	0.000000	0.000000	0.000000	0.000000	0.000000
0.916118	0.868126	0.861282	0.000000	0.000000	0.000000	0.000000	0.000000	0.000000	0.000000
0.916118	0.867894	0.861282	0.000000	0.000000	0.000000	0.000000	0.000000	0.000000	0.000000
0.916118	0.868023	0.861282	-0.000000	0.000000	0.000000	0.000000	0.000000	0.000000	0.000000
0.916118	0.867455	0.861282	-0.000000	0.000000	0.000000	0.000000	0.000000	0.000000	0.000000
0.916118	0.867963	0.861281	-0.000000	0.000000	0.000000	0.000000	0.000000	0.000000	0.000000
0.916118	0.867900	0.861282	-0.000000	0.000000	0.000000	0.000000	0.000000	0.000000	0.000000
0.916118	0.867770	0.861282	-0.000000	0.000000	0.000000	0.000000	0.000000	0.000000	0.000000
0.916118	0.867829	0.861282	0.000000	0.000000	0.000000	0.000000	0.000000	0.000000	0.000000
0.916118	0.867874	0.861282	0.000000	0.000000	0.000000	0.000000	0.000000	0.000000	0.000000
0.916118	0.868049	0.861282	-0.000000	0.000000	0.000000	0.000000	0.000000	0.000000	0.000000
0.916118	0.867294	0.861282	0.000000	0.000000	0.000000	0.000000	0.000000	0.000000	0.000000
0.916118	0.867917	0.861282	-0.000000	0.000000	0.000000	0.000000	0.000000	0.000000	0.000000
0.916118	0.867906	0.861282	-0.000000	0.000000	0.000000	0.000000	0.000000	0.000000	0.000000
0.916118	0.868443	0.861282	0.000000	0.000000	0.000000	0.000000	0.000000	0.000000	0.000000
0.916118	0.867966	0.861279	0.000000	0.000000	0.000000	0.000000	0.000000	0.000000	0.000000
0.916118	0.867512	0.861282	-0.000000	0.000000	0.000000	0.000000	0.000000	0.000000	0.000000
0.916118	0.867190	0.861282	0.000000	0.000000	0.000000	0.000000	0.000000	0.000000	0.000000
0.916118	0.868117	0.861282	0.000000	0.000000	0.000000	0.000000	0.000000	0.000000	0.000000
0.916118	0.867537	0.861282	0.000000	0.000000	0.000000	0.000000	0.000000	0.000000	0.000000
0.916118	0.867073	0.861282	-0.000000	0.000000	0.000000	0.000000	0.000000	0.000000	0.000000
0.916118	0.868088	0.861282	-0.000000	0.000000	0.000000	0.000000	0.000000	0.000000	0.000000
0.916118	0.867967	0.861282	-0.000000	0.000000	0.000000	0.000000	0.000000	0.000000	0.000000
0.916118	0.867928	0.861282	0.000000	0.000000	0.000000	0.000000	0.000000	0.000000	0.000000
0.916118	0.867468	0.861282	0.000000	0.000000	0.000000	0.000000	0.000000	0.000000	0.000000
0.916118	0.867983	0.861282	-0.000000	0.000000	0.000000	0.000000	0.000000	0.000000	0.000000
0.916118	0.868234	0.861282	-0.000000	0.000000	0.000000	0.000000	0.000000	0.000000	0.000000
0.916118	0.867364	0.861282	-0.000000	0.000000	0.000000	0.000000	0.000000	0.000000	0.000000
0.916118	0.867857	0.861081	-0.000000	0.000000	0.000000	0.000000	0.000000	0.000000	0.000000
0.916118	0.868026	0.861282	-0.000000	0.000000	0.000000	0.000000	0.000000	0.000000	0.000000
0.916118	0.867826	0.861282	0.000000	0.000000	0.000000	0.000000	0.000000	0.000000	0.000000
0.916118	0.868210	0.861282	-0.000000	0.000000	0.000000	0.000000	0.000000	0.000000	0.000000
0.916118	0.867553	0.861282	0.000000	0.000000	0.000000	0.000000	0.000000	0.000000	0.000000
0.916118	0.867581	0.861282	-0.000000	0.000000	0.000000	0.000000	0.000000	0.000000	0.000000
0.916118	0.868142	0.861282	-0.000000	0.000000	0.000000	0.000000	0.000000	0.000000	0.000000
0.916118	0.867183	0.861282	-0.000000	0.000000	0.000000	0.000000	0.000000	0.000000	0.000000
0.916118	0.868155	0.861282	0.000000	0.000000	0.000000	0.000000	0.000000	0.000000	0.000000
0.916118	0.868321	0.861282	-0.000000	0.000000	0.000000	0.000000	0.000000	0.000000	0.000000
0.916118	0.868203	0.861282	-0.000000	0.000000	0.000000	0.000000	0.000000	0.000000	0.000000
0.916118	0.868301	0.861282	0.000000	0.000000	0.000000	0.000000	0.000000	0.000000	0.000000
0.916118	0.867977	0.861282	0.000000	0.000000	0.000000	0.000000	0.000000	0.000000	0.000000
0.916118	0.867704	0.852566	0.000000	0.000000	0.000000	0.000000	0.000000	0.000000	0.000000
0.916118	0.867527	0.861282	0.000000	0.000000	0.000000	0.000000	0.000000	0.000000	0.000000
0.916118	0.867947	0.861282	-0.000000	0.000000	0.000000	0.000000	0.000000	0.000000	0.000000
0.916118	0.868058	0.861282	0.000000	0.000000	0.000000	0.000000	0.000000	0.000000	0.000000
0.916118	0.867802	0.861282	-0.000000	0.000000	0.000000	0.000000	0.000000	0.000000	0.000000
0.916118	0.867658	0.861280	-0.000000	0.000000	0.000000	0.000000	0.000000	0.000000	0.000000
0.916118	0.867815	0.861282	0.000000	0.000000	0.000000	0.000000	0.000000	0.000000	0.000000
0.916118	0.867562	0.861282	0.000000	0.000000	0.000000	0.000000	0.000000	0.000000	0.000000
0.916118	0.867669	0.861282	0.000000	0.000000	0.000000	0.000000	0.000000	0.000000	0.000000
0.916118	0.867797	0.861282	-0.000000	0.000000	0.000000	0.000000	0.000000	0.000000	0.000000
0.916118	0.868172	0.861282	0.000000	0.000000	0.000000	0.000000	0.000000	0.000000	0.000000
0.916118	0.868253	0.861282	-0.000000	0.000000	0.000000	0.000000	0.000000	0.000000	0.000000
0.916118	0.867647	0.861282	0.000000	0.000000	0.000000	0.000000	0.000000	0.000000	0.000000
0.916118	0.867671	0.861282	0.000000	0.000000	0.000000	0.000000	0.000000	0.000000	0.000000
0.916118	0.867302	0.861282	0.000000	0.000000	0.000000	0.000000	0.000000	0.000000	0.000000
0.916118	0.867313	0.861282	0.000000	0.000000	0.000000	0.000000	0.000000	0.000000	0.000000
0.916118	0.868000	0.861282	-0.000000	0.000000	0.000000	0.000000	0.000000	0.000000	0.000000
0.916118	0.867700	0.861281	-0.000000	0.000000	0.000000	0.000000	0.000000	0.000000	0.000000
0.916118	0.867774	0.861282	-0.000000	0.000000	0.000000	0.000000	0.000000	0.000000	0.000000
0.916118	0.867792	0.861282	-0.000000	0.000000	0.000000	0.000000	0.000000	0.000000	0.000000
0.916118	0.868080	0.861282	0.000000	0.000000	0.000000	0.000000	0.000000	0.000000	0.000000
0.916118	0.868078	0.861282	-0.000000	0.000000	0.000000	0.000000	0.000000	0.000000	0.000000
0.916118	0.867787	0.861282	0.000000	0.000000	0.000000	0.000000	0.000000	0.000000	0.000000
0.916118	0.868160	0.861282	0.000000	0.000000	0.000000	0.000000	0.000000	0.000000	0.000000
0.916118	0.867561	0.861282	0.000000	0.000000	0.000000	0.000000	0.000000	0.000000	0.000000
0.916118	0.867891	0.861265	-0.000000	0.000000	0.000000	0.000000	0.000000	0.000000	0.000000
0.916118	0.868507	0.861282	0.000000	0.000000	0.000000	0.000000	0.000000	0.000000	0.000000
0.916118	0.868164	0.861282	-0.000000	0.000000	0.000000	0.000000	0.000000	0.000000	0.000000
0.916118	0.868024	0.861282	-0.000000	0.000000	0.000000	0.000000	0.000000	0.000000	0.000000
0.916118	0.868004	0.861282	-0.000000	0.000000	0.000000	0.000000	0.000000	0.000000	0.000000
0.916118	0.867870	0.861282	0.000000	0.000000	0.000000	0.000000	0.000000	0.000000	0.000000
0.916118	0.868159	0.861282	0.000000	0.000000	0.000000	0.000000	0.000000	0.000000	0.000000
0.916118	0.868023	0.861282	-0.000000	0.000000	0.000000	0.000000	0.000000	0.000000	0.000000
0.916118	0.867803	0.861282	0.000000	0.000000	0.000000	0.000000	0.000000	0.000000	0.000000
0.916118	0.867470	0.861271	0.000000	0.000000	0.000000	0.000000	0.000000	0.000000	0.000000
0.916118	0.867699	0.861282	-0.000000	0.000000	0.000000	0.000000	0.000000	0.000000	0.000000
0.916118	0.867459	0.861282	0.000000	0.000000	0.000000	0.000000	0.000000	0.000000	0.000000
0.916118	0.868319	0.861282	0.000000	0.000000	0.000000	0.000000	0.000000	0.000000	0.000000
0.916118	0.867992	0.861282	-0.000000	0.000000	0.000000	0.000000	0.000000	0.000000	0.000000
0.916118	0.867976	0.861282	-0.000000	0.000000	0.000000	0.000000	0.000000	0.000000	0.000000
0.916118	0.867974	0.861280	-0.000000	0.000000	0.000000	0.000000	0.000000	0.000000	0.000000
0.916118	0.868443	0.861282	-0.000000	0.000000	0.000000	0.000000	0.000000	0.000000	0.000000
0.916118	0.867845	0.861282	0.000000	0.000000	0.000000	0.000000	0.000000	0.000000	0.000000
0.916118	0.868071	0.861257	0.000000	0.000000	0.000000	0.000000	0.000000	0.000000	0.000000
0.916118	0.867680	0.861282	0.000000	0.000000	0.000000	0.000000	0.000000	0.000000	0.000000
0.916118	0.868030	0.861282	0.000000	0.000000	0.000000	0.000000	0.000000	0.000000	0.000000
0.916118	0.867722	0.861282	-0.000000	0.000000	0.000000	0.000000	0.000000	0.000000	0.000000
0.916118	0.867535	0.861282	-0.000000	0.000000	0.000000	0.000000	0.000000	0.000000	0.000000
0.916118	0.867910	0.861282	-0.000000	0.000000	0.000000	0.000000	0.000000	0.000000	0.000000
0.916118	0.867794	0.861282	0.000000	0.000000	0.000000	0.000000	0.000000	0.000000	0.000000
0.916118	0.867876	0.861282	0.000000	0.000000	0.000000	0.000000	0.000000	0.000000	0.000000
0.916118	0.868103	0.861282	-0.000000	0.000000	0.000000	0.000000	0.000000	0.000000	0.000000
0.916118	0.867961	0.861282	-0.000000	0.000000	0.000000	0.000000	0.000000	0.000000	0.000000
0.916118	0.867991	0.861282	0.000000	0.000000	0.000000	0.000000	0.000000	0.000000	0.000000
0.916118	0.867780	0.861282	-0.000000	0.000000	0.000000	0.000000	0.000000	0.000000	0.000000
0.916118	0.867766	0.861281	0.000000	0.000000	0.000000	0.000000	0.000000	0.000000	0.000000
0.916118	0.867957	0.861282	-0.000000	0.000000	0.000000	0.000000	0.000000	0.000000	0.000000
0.916118	0.868112	0.861275	-0.000000	0.000000	0.000000	0.000000	0.000000	0.000000	0.000000
0.916118	0.868182	0.861282	-0.000000	0.000000	0.000000	0.000000	0.000000	0.000000	0.000000
0.916118	0.867821	0.861282	-0.000000	0.000000	0.000000	0.000000	0.000000	0.000000	0.000000
0.916118	0.867683	0.861282	0.000000	0.000000	0.000000	0.000000	0.000000	0.000000	0.000000
0.916118	0.867713	0.861282	-0.000000	0.000000	0.000000	0.000000	0.000000	0.000000	0.000000
0.916118	0.867823	0.861282	0.000000	0.000000	0.000000	0.000000	0.000000	0.000000	0.000000
0.916118	0.867760	0.861282	-0.000000	0.000000	0.000000	0.000000	0.000000	0.000000	0.000000
0.916118	0.867566	0.861282	-0.000000	0.000000	0.000000	0.000000	0.000000	0.000000	0.000000
0.916118	0.868173	0.861282	-0.000000	0.000000	0.000000	0.000000	0.000000	0.000000	0.000000
0.916118	0.868244	0.861281	-0.000000	0.000000	0.000000	0.000000	0.000000	0.000000	0.000000
0.916118	0.867765	0.861282	-0.000000	0.000000	0.000000	0.000000	0.000000	0.000000	0.000000
0.916118	0.868066	0.861282	-0.000000	0.000000	0.000000	0.000000	0.000000	0.000000	0.000000
0.916118	0.868138	0.861282	-0.000000	0.000000	0.000000	0.000000	0.000000	0.000000	0.000000
0.916118	0.868076	0.861282	-0.000000	0.000000	0.000000	0.000000	0.000000	0.000000	0.000000
0.916118	0.867147	0.861282	-0.000000	0.000000	0.000000	0.000000	0.000000	0.000000	0.000000
0.916118	0.867635	0.861282	-0.000000	0.000000	0.000000	0.000000	0.000000	0.000000	0.000000
0.916118	0.867633	0.861282	0.000000	0.000000	0.000000	0.000000	0.000000	0.000000	0.000000
0.916118	0.867725	0.861282	0.000000	0.000000	0.000000	0.000000	0.000000	0.000000	0.000000
0.916118	0.868239	0.861282	-0.000000	0.000000	0.000000	0.000000	0.000000	0.000000	0.000000
0.916118	0.867693	0.861269	-0.000000	0.000000	0.000000	0.000000	0.000000	0.000000	0.000000
0.916118	0.868151	0.861282	-0.000000	0.000000	0.000000	0.000000	0.000000	0.000000	0.000000
0.916118	0.867797	0.861282	-0.000000	0.000000	0.000000	0.000000	0.000000	0.000000	0.000000
0.916118	0.868222	0.858775	-0.000000	0.000000	0.000000	0.000000	0.000000	0.000000	0.000000
0.916118	0.867866	0.861282	-0.000000	0.000000	0.000000	0.000000	0.000000	0.000000	0.000000
0.916118	0.868260	0.861282	0.000000	0.000000	0.000000	0.000000	0.000000	0.000000	0.000000
0.916118	0.867887	0.861282	-0.000000	0.000000	0.000000	0.000000	0.000000	0.000000	0.000000
0.916118	0.867208	0.861282	-0.000007	0.000000	0.000000	0.000000	0.000000	0.000000	0.000000
0.916118	0.867405	0.861282	-0.000000	0.000000	0.000000	0.000000	0.000000	0.000000	0.000000
0.916118	0.868387	0.861282	0.000000	0.000000	0.000000	0.000000	0.000000	0.000000	0.000000
0.916118	0.867875	0.861282	0.000000	0.000000	0.000000	0.000000	0.000000	0.000000	0.000000
0.916118	0.867781	0.861282	0.000000	0.000000	0.000000	0.000000	0.000000	0.000000	0.000000
0.916118	0.867707	0.861282	0.000000	0.000000	0.000000	0.000000	0.000000	0.000000	0.000000
0.916118	0.868014	0.861282	-0.000000	0.000000	0.000000	0.000000	0.000000	0.000000	0.000000
0.916118	0.868114	0.861282	-0.000000	0.000000	0.000000	0.000000	0.000000	0.000000	0.000000
0.916118	0.867929	0.861282	-0.000000	0.000000	0.000000	0.000000	0.000000	0.000000	0.000000
0.916118	0.867464	0.861282	-0.000000	0.000000	0.000000	0.000000	0.000000	0.000000	0.000000
0.916118	0.868029	0.861282	0.000000	0.000000	0.000000	0.000000	0.000000	0.000000	0.000000
0.916118	0.868080	0.861282	0.000000	0.000000	0.000000	0.000000	0.000000	0.000000	0.000000
0.916118	0.867766	0.861282	0.000000	0.000000	0.000000	0.000000	0.000000	0.000000	0.000000
0.916118	0.868214	0.861282	-0.000000	0.000000	0.000000	0.000000	0.000000	0.000000	0.000000
0.916118	0.868070	0.861282	-0.000000	0.000000	0.000000	0.000000	0.000000	0.000000	0.000000
0.916118	0.867797	0.861282	0.000000	0.000000	0.000000	0.000000	0.000000	0.000000	0.000000
0.916118	0.867821	0.861265	0.000000	0.000000	0.000000	0.000000	0.000000	0.000000	0.000000
0.916118	0.867549	0.861282	-0.000000	0.000000	0.000000	0.000000	0.000000	0.000000	0.000000
0.916118	0.867447	0.861282	0.000000	0.000000	0.000000	0.000000	0.000000	0.000000	0.000000
0.916118	0.868088	0.861282	0.000000	0.000000	0.000000	0.000000	0.000000	0.000000	0.000000
0.916118	0.867381	0.861282	-0.000000	0.000000	0.000000	0.000000	0.000000	0.000000	0.000000
0.916118	0.867466	0.861282	0.000000	0.000000	0.000000	0.000000	0.000000	0.000000	0.000000
0.916118	0.867479	0.861282	-0.000000	0.000000	0.000000	0.000000	0.000000	0.000000	0.000000
0.916118	0.867335	0.861282	0.000000	0.000000	0.000000	0.000000	0.000000	0.000000	0.000000
0.916118	0.868233	0.861282	-0.000000	0.000000	0.000000	0.000000	0.000000	0.000000	0.000000
0.916118	0.868283	0.861282	0.000000	0.000000	0.000000	0.000000	0.000000	0.000000	0.000000
0.916118	0.867416	0.861282	-0.000000	0.000000	0.000000	0.000000	0.000000	0.000000	0.000000
0.916118	0.867450	0.861282	-0.000000	0.000000	0.000000	0.000000	0.000000	0.000000	0.000000
0.916118	0.868100	0.861282	0.000000	0.000000	0.000000	0.000000	0.000000	0.000000	0.000000
0.916118	0.867860	0.861282	0.000000	0.000000	0.000000	0.000000	0.000000	0.000000	0.000000
0.916118	0.867957	0.861282	-0.000000	0.000000	0.000000	0.000000	0.000000	0.000000	0.000000
0.916118	0.867652	0.861282	-0.000000	0.000000	0.000000	0.000000	0.000000	0.000000	0.000000
0.916118	0.868016	0.861282	0.000000	0.000000	0.000000	0.000000	0.000000	0.000000	0.000000
0.916118	0.867866	0.861282	-0.000000	0.000000	0.000000	0.000000	0.000000	0.000000	0.000000
0.916118	0.868140	0.861282	-0.000000	0.000000	0.000000	0.000000	0.000000	0.000000	0.000000
0.916118	0.868356	0.861282	0.000000	0.000000	0.000000	0.000000	0.000000	0.000000	0.000000
0.916118	0.868043	0.861282	0.000000	0.000000	0.000000	0.000000	0.000000	0.000000	0.000000
0.916118	0.868046	0.861282	0.000000	0.000000	0.000000	0.000000	0.000000	0.000000	0.000000
0.916118	0.868041	0.861282	-0.000000	0.000000	0.000000	0.000000	0.000000	0.000000	0.000000
0.916118	0.867943	0.861282	-0.000000	0.000000	0.000000	0.000000	0.000000	0.000000	0.000000
0.916118	0.867992	0.861282	-0.000000	0.000000	0.000000	0.000000	0.000000	0.000000	0.000000
0.916118	0.867887	0.861282	-0.000000	0.000000	0.000000	0.000000	0.000000	0.000000	0.000000
0.916118	0.867508	0.861282	-0.000000	0.000000	0.000000	0.000000	0.000000	0.000000	0.000000
0.916118	0.867700	0.861282	-0.000000	0.000000	0.000000	0.000000	0.000000	0.000000	0.000000
0.916118	0.867437	0.861282	-0.000000	0.000000	0.000000	0.000000	0.000000	0.000000	0.000000
0.916118	0.868106	0.861282	0.000000	0.000000	0.000000	0.000000	0.000000	0.000000	0.000000
0.916118	0.868319	0.861282	-0.000000	0.000000	0.000000	0.000000	0.000000	0.000000	0.000000
0.916118	0.867652	0.861282	0.000000	0.000000	0.000000	0.000000	0.000000	0.000000	0.000000
0.916118	0.867439	0.861282	0.000000	0.000000	0.000000	0.000000	0.000000	0.000000	0.000000
0.916118	0.868088	0.861282	0.000000	0.000000	0.000000	0.000000	0.000000	0.000000	0.000000
0.916118	0.867991	0.861282	-0.000000	0.000000	0.000000	0.000000	0.000000	0.000000	0.000000
0.916118	0.868084	0.861282	-0.000000	0.000000	0.000000	0.000000	0.000000	0.000000	0.000000
0.916118	0.867877	0.861280	-0.000000	0.000000	0.000000	0.000000	0.000000	0.000000	0.000000
0.916118	0.868320	0.861282	0.000000	0.000000	0.000000	0.000000	0.000000	0.000000	0.000000
0.916118	0.867962	0.861282	0.000000	0.000000	0.000000	0.000000	0.000000	0.000000	0.000000
0.916118	0.867701	0.861282	0.000000	0.000000	0.000000	0.000000	0.000000	0.000000	0.000000
0.916118	0.867942	0.861282	0.000000	0.000000	0.000000	0.000000	0.000000	0.000000	0.000000
0.916118	0.867646	0.861282	-0.000000	0.000000	0.000000	0.000000	0.000000	0.000000	0.000000
0.916118	0.868074	0.861282	-0.000000	0.000000	0.000000	0.000000	0.000000	0.000000	0.000000
0.916118	0.867801	0.861282	0.000000	0.000000	0.000000	0.000000	0.000000	0.000000	0.000000
0.916118	0.867732	0.861282	-0.000000	0.000000	0.000000	0.000000	0.000000	0.000000	0.000000
0.916118	0.867953	0.861282	0.000000	0.000000	0.000000	0.000000	0.000000	0.000000	0.000000
0.916118	0.868028	0.861282	-0.000000	0.000000	0.000000	0.000000	0.000000	0.000000	0.000000
0.916118	0.867574	0.861282	-0.000000	0.000000	0.000000	0.000000	0.000000	0.000000	0.000000
0.916118	0.868201	0.861282	-0.000000	0.000000	0.000000	0.000000	0.000000	0.000000	0.000000
0.916118	0.867914	0.861282	0.000000	0.000000	0.000000	0.000000	0.000000	0.000000	0.000000
0.916118	0.867840	0.861282	0.000000	0.000000	0.000000	0.000000	0.000000	0.000000	0.000000
0.916118	0.867821	0.861282	-0.000000	0.000000	0.000000	0.000000	0.000000	0.000000	0.000000
0.916118	0.868284	0.861281	0.000000	0.000000	0.000000	0.000000	0.000000	0.000000	0.000000
0.916118	0.867977	0.861282	0.000000	0.000000	0.000000	0.000000	0.000000	0.000000	0.000000
0.916118	0.868089	0.861282	0.000000	0.000000	0.000000	0.000000	0.000000	0.000000	0.000000
0.916118	0.868298	0.861282	-0.000000	0.000000	0.000000	0.000000	0.000000	0.000000	0.000000
0.916118	0.867158	0.861282	-0.000000	0.000000	0.000000	0.000000	0.000000	0.000000	0.000000
0.916118	0.868423	0.861282	0.000000	0.000000	0.000000	0.000000	0.000000	0.000000	0.000000
0.916118	0.868083	0.861282	0.000000	0.000000	0.000000	0.000000	0.000000	0.000000	0.000000
0.916118	0.867424	0.861282	-0.000000	0.000000	0.000000	0.000000	0.000000	0.000000	0.000000
0.916118	0.867908	0.861282	-0.000000	0.000000	0.000000	0.000000	0.000000	0.000000	0.000000
0.916118	0.868270	0.861282	-0.000000	0.000000	0.000000	0.000000	0.000000	0.000000	0.000000
