-1.045342	-0.841524	-0.000000	-0.866527	0.000000	0.000000	0.000000	0.000000	0.000000	0.000000
-1.045463	-0.841524	-0.000000	-0.866521	0.000000	0.000000	0.000000	0.000000	0.000000	0.000000
-1.045651	-0.841524	0.000000	-0.866514	0.000000	0.000000	0.000000	0.000000	0.000000	0.000000
-1.045467	-0.841524	0.000000	-0.866527	0.000000	0.000000	0.000000	0.000000	0.000000	0.000000
-1.045451	-0.841524	0.000000	-0.866426	0.000000	0.000000	0.000000	0.000000	0.000000	0.000000
-1.045360	-0.841524	-0.000000	-0.866525	0.000000	0.000000	0.000000	0.000000	0.000000	0.000000
-1.045463	-0.841524	0.000000	-0.866524	0.000000	0.000000	0.000000	0.000000	0.000000	0.000000
-1.045554	-0.841524	0.000000	-0.866511	0.000000	0.000000	0.000000	0.000000	0.000000	0.000000
-1.045418	-0.841524	-0.000000	-0.866307	0.000000	0.000000	0.000000	0.000000	0.000000	0.000000
-1.045394	-0.841524	0.000000	-0.866360	0.000000	0.000000	0.000000	0.000000	0.000000	0.000000
-1.045462	-0.841524	-0.000000	-0.866519	0.000000	0.000000	0.000000	0.000000	0.000000	0.000000
-1.045524	-0.841524	-0.000000	-0.866513	0.000000	0.000000	0.000000	0.000000	0.000000	0.000000
-1.045595	-0.841524	0.000000	-0.866439	0.000000	0.000000	0.000000	0.000000	0.000000	0.000000
-1.045418	-0.841524	-0.000000	-0.866527	0.000000	0.000000	0.000000	0.000000	0.000000	0.000000
-1.045619	-0.841524	0.000000	-0.866319	0.000000	0.000000	0.000000	0.000000	0.000000	0.000000
-1.045557	-0.841524	-0.000000	-0.866524	0.000000	0.000000	0.000000	0.000000	0.000000	0.000000
-1.045452	-0.841524	0.000000	-0.866526	0.000000	0.000000	0.000000	0.000000	0.000000	0.000000
-1.045378	-0.841524	-0.000000	-0.866526	0.000000	0.000000	0.000000	0.000000	0.000000	0.000000
-1.045381	-0.841524	0.000000	-0.866514	0.000000	0.000000	0.000000	0.000000	0.000000	0.000000
-1.045437	-0.841524	-0.000000	-0.866526	0.000000	0.000000	0.000000	0.000000	0.000000	0.000000
-1.045508	-0.841524	-0.000000	-0.866527	0.000000	0.000000	0.000000	0.000000	0.000000	0.000000
-1.045467	-0.841524	0.000000	-0.866527	0.000000	0.000000	0.000000	0.000000	0.000000	0.000000
-1.045410	-0.841524	0.000000	-0.866526	0.000000	0.000000	0.000000	0.000000	0.000000	0.000000
-1.045439	-0.841524	-0.000000	-0.866527	0.000000	0.000000	0.000000	0.000000	0.000000	0.000000
-1.045449	-0.841524	-0.000000	-0.866526	0.000000	0.000000	0.000000	0.000000	0.000000	0.000000
-1.045536	-0.841524	-0.000000	-0.866526	0.000000	0.000000	0.000000	0.000000	0.000000	0.000000
-1.045339	-0.841524	-0.000000	-0.864818	0.000000	0.000000	0.000000	0.000000	0.000000	0.000000
-1.045514	-0.841524	0.000000	-0.866527	0.000000	0.000000	0.000000	0.000000	0.000000	0.000000
-1.045440	-0.841524	0.000000	-0.866527	0.000000	0.000000	0.000000	0.000000	0.000000	0.000000
-1.045458	-0.841524	-0.000000	-0.866519	0.000000	0.000000	0.000000	0.000000	0.000000	0.000000
-1.045507	-0.841524	-0.000000	-0.866527	0.000000	0.000000	0.000000	0.000000	0.000000	0.000000
-1.045480	-0.841524	0.000000	-0.866527	0.000000	0.000000	0.000000	0.000000	0.000000	0.000000
-1.045535	-0.841524	0.000000	-0.866232	0.000000	0.000000	0.000000	0.000000	0.000000	0.000000
-1.045450	-0.841524	-0.000000	-0.866527	0.000000	0.000000	0.000000	0.000000	0.000000	0.000000
-1.045645	-0.841524	0.000000	-0.866156	0.000000	0.000000	0.000000	0.000000	0.000000	0.000000
-1.045553	-0.841524	0.000000	-0.866527	0.000000	0.000000	0.000000	0.000000	0.000000	0.000000
-1.045444	-0.841524	0.000000	-0.866486	0.000000	0.000000	0.000000	0.000000	0.000000	0.000000
-1.045480	-0.841524	0.000000	-0.866474	0.000000	0.000000	0.000000	0.000000	0.000000	0.000000
-1.045443	-0.841524	-0.000000	-0.866527	0.000000	0.000000	0.000000	0.000000	0.000000	0.000000
-1.045547	-0.841524	0.000000	-0.865934	0.000000	0.000000	0.000000	0.000000	0.000000	0.000000
-1.045498	-0.841524	0.000000	-0.866526	0.000000	0.000000	0.000000	0.000000	0.000000	0.000000
-1.045442	-0.841524	0.000000	-0.866516	0.000000	0.000000	0.000000	0.000000	0.000000	0.000000
-1.045474	-0.841524	0.000000	-0.866527	0.000000	0.000000	0.000000	0.000000	0.000000	0.000000
-1.045447	-0.841524	0.000000	-0.866527	0.000000	0.000000	0.000000	0.000000	0.000000	0.000000
-1.045571	-0.841524	0.000000	-0.866525	0.000000	0.000000	0.000000	0.000000	0.000000	0.000000
-1.045361	-0.841524	-0.000000	-0.866526	0.000000	0.000000	0.000000	0.000000	0.000000	0.000000
-1.045422	-0.841524	-0.000000	-0.866525	0.000000	0.000000	0.000000	0.000000	0.000000	0.000000
-1.045426	-0.841524	0.000000	-0.866524	0.000000	0.000000	0.000000	0.000000	0.000000	0.000000
-1.045423	-0.841524	0.000000	-0.866355	0.000000	0.000000	0.000000	0.000000	0.000000	0.000000
-1.045455	-0.841524	0.000000	-0.866527	0.000000	0.000000	0.000000	0.000000	0.000000	0.000000
-1.045334	-0.841524	-0.000000	-0.866487	0.000000	0.000000	0.000000	0.000000	0.000000	0.000000
-1.045458	-0.841524	-0.000000	-0.866527	0.000000	0.000000	0.000000	0.000000	0.000000	0.000000
-1.045415	-0.841524	0.000000	-0.866527	0.000000	0.000000	0.000000	0.000000	0.000000	0.000000
-1.045483	-0.841524	0.000000	-0.866526	0.000000	0.000000	0.000000	0.000000	0.000000	0.000000
-1.045435	-0.841524	0.000000	-0.866291	0.000000	0.000000	0.000000	0.000000	0.000000	0.000000
-1.045387	-0.841524	0.000000	-0.866517	0.000000	0.000000	0.000000	0.000000	0.000000	0.000000
-1.045511	-0.841524	0.000000	-0.866462	0.000000	0.000000	0.000000	0.000000	0.000000	0.000000
-1.045314	-0.841524	0.000000	-0.866527	0.000000	0.000000	0.000000	0.000000	0.000000	0.000000
-1.045465	-0.841524	0.000000	-0.866525	0.000000	0.000000	0.000000	0.000000	0.000000	0.000000
-1.045533	-0.841524	0.000000	-0.866527	0.000000	0.000000	0.000000	0.000000	0.000000	0.000000
-1.045541	-0.841524	0.000000	-0.866522	0.000000	0.000000	0.000000	0.000000	0.000000	0.000000
-1.045466	-0.841524	0.000000	-0.866527	0.000000	0.000000	0.000000	0.000000	0.000000	0.000000
-1.045606	-0.841524	0.000000	-0.866527	0.000000	0.000000	0.000000	0.000000	0.000000	0.000000
-1.045565	-0.841524	0.000000	-0.866526	0.000000	0.000000	0.000000	0.000000	0.000000	0.000000
-1.045533	-0.841524	0.000000	-0.866526	0.000000	0.000000	0.000000	0.000000	0.000000	0.000000
-1.045519	-0.841524	0.000000	-0.865332	0.000000	0.000000	0.000000	0.000000	0.000000	0.000000
-1.045464	-0.841524	-0.000000	-0.857346	0.000000	0.000000	0.000000	0.000000	0.000000	0.000000
-1.045558	-0.841524	0.000000	-0.866455	0.000000	0.000000	0.000000	0.000000	0.000000	0.000000
-1.045289	-0.841524	0.000000	-0.866523	0.000000	0.000000	0.000000	0.000000	0.000000	0.000000
-1.045486	-0.841524	0.000000	-0.866516	0.000000	0.000000	0.000000	0.000000	0.000000	0.000000
-1.045445	-0.841524	0.000000	-0.866521	0.000000	0.000000	0.000000	0.000000	0.000000	0.000000
-1.045504	-0.841524	0.000000	-0.866421	0.000000	0.000000	0.000000	0.000000	0.000000	0.000000
-1.045447	-0.841524	0.000000	-0.866526	0.000000	0.000000	0.000000	0.000000	0.000000	0.000000
-1.045552	-0.841524	0.000000	-0.866525	0.000000	0.000000	0.000000	0.000000	0.000000	0.000000
-1.045535	-0.841524	0.000000	-0.865912	0.000000	0.000000	0.000000	0.000000	0.000000	0.000000
-1.045559	-0.841524	0.000000	-0.865842	0.000000	0.000000	0.000000	0.000000	0.000000	0.000000
-1.045451	-0.841524	0.000000	-0.866527	0.000000	0.000000	0.000000	0.000000	0.000000	0.000000
-1.045471	-0.841524	-0.000000	-0.866466	0.000000	0.000000	0.000000	0.000000	0.000000	0.000000
-1.045498	-0.841524	0.000000	-0.865677	0.000000	0.000000	0.000000	0.000000	0.000000	0.000000
-1.045548	-0.841524	0.000000	-0.866244	0.000000	0.000000	0.000000	0.000000	0.000000	0.000000
-1.045576	-0.841524	0.000000	-0.866526	0.000000	0.000000	0.000000	0.000000	0.000000	0.000000
-1.045499	-0.841524	0.000000	-0.866527	0.000000	0.000000	0.000000	0.000000	0.000000	0.000000
-1.045476	-0.841524	0.000000	-0.866267	0.000000	0.000000	0.000000	0.000000	0.000000	0.000000
-1.045427	-0.841524	0.000000	-0.866527	0.000000	0.000000	0.000000	0.000000	0.000000	0.000000
-1.045352	-0.841524	-0.000000	-0.866527	0.000000	0.000000	0.000000	0.000000	0.000000	0.000000
-1.045479	-0.841524	0.000000	-0.866526	0.000000	0.000000	0.000000	0.000000	0.000000	0.000000
-1.045462	-0.841524	-0.000000	-0.866527	0.000000	0.000000	0.000000	0.000000	0.000000	0.000000
-1.045469	-0.841524	-0.000000	-0.866527	0.000000	0.000000	0.000000	0.000000	0.000000	0.000000
-1.045563	-0.841524	0.000000	-0.866527	0.000000	0.000000	0.000000	0.000000	0.000000	0.000000
-1.045442	-0.841524	0.000000	-0.865682	0.000000	0.000000	0.000000	0.000000	0.000000	0.000000
-1.045561	-0.841524	-0.000000	-0.866480	0.000000	0.000000	0.000000	0.000000	0.000000	0.000000
-1.045386	-0.841524	-0.000000	-0.866526	0.000000	0.000000	0.000000	0.000000	0.000000	0.000000
-1.045481	-0.841524	0.000000	-0.866527	0.000000	0.000000	0.000000	0.000000	0.000000	0.000000
-1.045493	-0.841524	-0.000000	-0.866515	0.000000	0.000000	0.000000	0.000000	0.000000	0.000000
-1.045445	-0.841524	-0.000000	-0.851420	0.000000	0.000000	0.000000	0.000000	0.000000	0.000000
-1.045511	-0.841524	0.000000	-0.866421	0.000000	0.000000	0.000000	0.000000	0.000000	0.000000
-1.045490	-0.841524	0.000000	-0.866527	0.000000	0.000000	0.000000	0.000000	0.000000	0.000000
-1.045445	-0.841524	-0.000000	-0.866521	0.000000	0.000000	0.000000	0.000000	0.000000	0.000000
-1.045583	-0.841524	0.000000	-0.866527	0.000000	0.000000	0.000000	0.000000	0.000000	0.000000
-1.045417	-0.841524	0.000000	-0.866527	0.000000	0.000000	0.000000	0.000000	0.000000	0.000000
-1.045388	-0.841524	0.000000	-0.866519	0.000000	0.000000	0.000000	0.000000	0.000000	0.000000
-1.045504	-0.841525	0.000000	-0.866527	0.000000	0.000000	0.000000	0.000000	0.000000	0.000000
-1.045482	-0.841524	-0.000000	-0.866413	0.000000	0.000000	0.000000	0.000000	0.000000	0.000000
-1.045467	-0.841524	0.000000	-0.866499	0.000000	0.000000	0.000000	0.000000	0.000000	0.000000
-1.045301	-0.841524	-0.000000	-0.866520	0.000000	0.000000	0.000000	0.000000	0.000000	0.000000
-1.045345	-0.841524	-0.000000	-0.866518	0.000000	0.000000	0.000000	0.000000	0.000000	0.000000
-1.045453	-0.841524	0.000000	-0.866527	0.000000	0.000000	0.000000	0.000000	0.000000	0.000000
-1.045459	-0.841524	0.000000	-0.866507	0.000000	0.000000	0.000000	0.000000	0.000000	0.000000
-1.045489	-0.841524	0.000000	-0.866527	0.000000	0.000000	0.000000	0.000000	0.000000	0.000000
-1.045463	-0.841524	-0.000000	-0.866520	0.000000	0.000000	0.000000	0.000000	0.000000	0.000000
-1.045483	-0.841524	-0.000000	-0.866507	0.000000	0.000000	0.000000	0.000000	0.000000	0.000000
-1.045406	-0.841524	-0.000000	-0.848227	0.000000	0.000000	0.000000	0.000000	0.000000	0.000000
-1.045426	-0.841524	-0.000000	-0.866522	0.000000	0.000000	0.000000	0.000000	0.000000	0.000000
-1.045441	-0.841524	0.000000	-0.865308	0.000000	0.000000	0.000000	0.000000	0.000000	0.000000
-1.045483	-0.841524	-0.000000	-0.866516	0.000000	0.000000	0.000000	0.000000	0.000000	0.000000
-1.045574	-0.841524	-0.000000	-0.866524	0.000000	0.000000	0.000000	0.000000	0.000000	0.000000
-1.045523	-0.841524	0.000000	-0.866527	0.000000	0.000000	0.000000	0.000000	0.000000	0.000000
-1.045311	-0.841524	0.000000	-0.866527	0.000000	0.000000	0.000000	0.000000	0.000000	0.000000
-1.045393	-0.841524	-0.000000	-0.866525	0.000000	0.000000	0.000000	0.000000	0.000000	0.000000
-1.045670	-0.841524	0.000000	-0.866527	0.000000	0.000000	0.000000	0.000000	0.000000	0.000000
-1.045636	-0.841524	0.000000	-0.866122	0.000000	0.000000	0.000000	0.000000	0.000000	0.000000
-1.045407	-0.841524	-0.000000	-0.866518	0.000000	0.000000	0.000000	0.000000	0.000000	0.000000
-1.045483	-0.841524	0.000000	-0.866515	0.000000	0.000000	0.000000	0.000000	0.000000	0.000000
-1.045408	-0.841524	0.000000	-0.866520	0.000000	0.000000	0.000000	0.000000	0.000000	0.000000
-1.045521	-0.841524	0.000000	-0.866527	0.000000	0.000000	0.000000	0.000000	0.000000	0.000000
-1.045363	-0.841524	0.000000	-0.866424	0.000000	0.000000	0.000000	0.000000	0.000000	0.000000
-1.045445	-0.841524	0.000000	-0.866527	0.000000	0.000000	0.000000	0.000000	0.000000	0.000000
-1.045488	-0.841524	-0.000000	-0.866526	0.000000	0.000000	0.000000	0.000000	0.000000	0.000000
-1.045558	-0.841524	0.000000	-0.866036	0.000000	0.000000	0.000000	0.000000	0.000000	0.000000
-1.045342	-0.841524	-0.000000	-0.866527	0.000000	0.000000	0.000000	0.000000	0.000000	0.000000
-1.045413	-0.841524	-0.000000	-0.866521	0.000000	0.000000	0.000000	0.000000	0.000000	0.000000
-1.045314	-0.841524	0.000000	-0.866527	0.000000	0.000000	0.000000	0.000000	0.000000	0.000000
-1.045438	-0.841524	-0.000000	-0.866327	0.000000	0.000000	0.000000	0.000000	0.000000	0.000000
-1.045574	-0.841524	0.000000	-0.866505	0.000000	0.000000	0.000000	0.000000	0.000000	0.000000
-1.045491	-0.841524	-0.000000	-0.866518	0.000000	0.000000	0.000000	0.000000	0.000000	0.000000
-1.045415	-0.841524	-0.000000	-0.866527	0.000000	0.000000	0.000000	0.000000	0.000000	0.000000
-1.045511	-0.841524	0.000000	-0.866498	0.000000	0.000000	0.000000	0.000000	0.000000	0.000000
-1.045727	-0.841524	0.000000	-0.866527	0.000000	0.000000	0.000000	0.000000	0.000000	0.000000
-1.045420	-0.841524	0.000000	-0.866526	0.000000	0.000000	0.000000	0.000000	0.000000	0.000000
-1.045359	-0.841525	0.000000	-0.866526	0.000000	0.000000	0.000000	0.000000	0.000000	0.000000
-1.045531	-0.841524	0.000000	-0.866527	0.000000	0.000000	0.000000	0.000000	0.000000	0.000000
-1.045591	-0.841524	-0.000000	-0.866525	0.000000	0.000000	0.000000	0.000000	0.000000	0.000000
-1.045542	-0.841524	0.000000	-0.866514	0.000000	0.000000	0.000000	0.000000	0.000000	0.000000
-1.045531	-0.841524	0.000000	-0.866526	0.000000	0.000000	0.000000	0.000000	0.000000	0.000000
-1.045427	-0.841524	0.000000	-0.866527	0.000000	0.000000	0.000000	0.000000	0.000000	0.000000
-1.045445	-0.841524	0.000000	-0.866524	0.000000	0.000000	0.000000	0.000000	0.000000	0.000000
-1.045555	-0.841524	0.000000	-0.863346	0.000000	0.000000	0.000000	0.000000	0.000000	0.000000
-1.045514	-0.841517	-0.000000	-0.866527	0.000000	0.000000	0.000000	0.000000	0.000000	0.000000
-1.045509	-0.841524	0.000000	-0.866288	0.000000	0.000000	0.000000	0.000000	0.000000	0.000000
-1.045496	-0.841524	0.000000	-0.866468	0.000000	0.000000	0.000000	0.000000	0.000000	0.000000
-1.045547	-0.841524	-0.000000	-0.866017	0.000000	0.000000	0.000000	0.000000	0.000000	0.000000
-1.045416	-0.841524	0.000000	-0.866520	0.000000	0.000000	0.000000	0.000000	0.000000	0.000000
-1.045486	-0.841524	-0.000000	-0.866527	0.000000	0.000000	0.000000	0.000000	0.000000	0.000000
-1.045594	-0.841524	0.000000	-0.866097	0.000000	0.000000	0.000000	0.000000	0.000000	0.000000
-1.045557	-0.841524	-0.000000	-0.803453	0.000000	0.000000	0.000000	0.000000	0.000000	0.000000
-1.045507	-0.841524	-0.000000	-0.866527	0.000000	0.000000	0.000000	0.000000	0.000000	0.000000
-1.045514	-0.841524	-0.000000	-0.866527	0.000000	0.000000	0.000000	0.000000	0.000000	0.000000
-1.045433	-0.841525	0.000000	-0.866508	0.000000	0.000000	0.000000	0.000000	0.000000	0.000000
-1.045494	-0.841524	-0.000000	-0.866522	0.000000	0.000000	0.000000	0.000000	0.000000	0.000000
-1.045391	-0.841524	-0.000000	-0.866526	0.000000	0.000000	0.000000	0.000000	0.000000	0.000000
-1.045535	-0.841524	-0.000000	-0.866484	0.000000	0.000000	0.000000	0.000000	0.000000	0.000000
-1.045536	-0.841524	0.000000	-0.866524	0.000000	0.000000	0.000000	0.000000	0.000000	0.000000
-1.045552	-0.841524	0.000000	-0.866527	0.000000	0.000000	0.000000	0.000000	0.000000	0.000000
-1.045468	-0.841524	0.000000	-0.866500	0.000000	0.000000	0.000000	0.000000	0.000000	0.000000
-1.045344	-0.841524	0.000000	-0.866526	0.000000	0.000000	0.000000	0.000000	0.000000	0.000000
-1.045432	-0.841524	-0.000000	-0.866356	0.000000	0.000000	0.000000	0.000000	0.000000	0.000000
-1.045585	-0.841524	-0.000000	-0.866478	0.000000	0.000000	0.000000	0.000000	0.000000	0.000000
-1.045492	-0.841524	-0.000000	-0.866518	0.000000	0.000000	0.000000	0.000000	0.000000	0.000000
-1.045365	-0.841524	-0.000000	-0.866523	0.000000	0.000000	0.000000	0.000000	0.000000	0.000000
-1.045475	-0.841524	0.000000	-0.866527	0.000000	0.000000	0.000000	0.000000	0.000000	0.000000
-1.045521	-0.841524	0.000000	-0.866527	0.000000	0.000000	0.000000	0.000000	0.000000	0.000000
-1.045461	-0.841524	-0.000000	-0.866527	0.000000	0.000000	0.000000	0.000000	0.000000	0.000000
-1.045446	-0.841524	0.000000	-0.866376	0.000000	0.000000	0.000000	0.000000	0.000000	0.000000
-1.045558	-0.841524	0.000000	-0.866527	0.000000	0.000000	0.000000	0.000000	0.000000	0.000000
-1.045381	-0.841524	0.000000	-0.866527	0.000000	0.000000	0.000000	0.000000	0.000000	0.000000
-1.045488	-0.841524	0.000000	-0.866514	0.000000	0.000000	0.000000	0.000000	0.000000	0.000000
-1.045522	-0.841524	0.000000	-0.866527	0.000000	0.000000	0.000000	0.000000	0.000000	0.000000
-1.045423	-0.841524	0.000000	-0.866527	0.000000	0.000000	0.000000	0.000000	0.000000	0.000000
-1.045596	-0.841524	-0.000000	-0.863465	0.000000	0.000000	0.000000	0.000000	0.000000	0.000000
-1.045363	-0.841524	-0.000000	-0.866527	0.000000	0.000000	0.000000	0.000000	0.000000	0.000000
-1.045464	-0.841524	0.000000	-0.866527	0.000000	0.000000	0.000000	0.000000	0.000000	0.000000
-1.045464	-0.841524	0.000000	-0.866527	0.000000	0.000000	0.000000	0.000000	0.000000	0.000000
-1.045437	-0.841524	0.000000	-0.866513	0.000000	0.000000	0.000000	0.000000	0.000000	0.000000
-1.045276	-0.841524	-0.000000	-0.866490	0.000000	0.000000	0.000000	0.000000	0.000000	0.000000
-1.045485	-0.841524	0.000000	-0.866527	0.000000	0.000000	0.000000	0.000000	0.000000	0.000000
-1.045388	-0.841524	-0.000000	-0.861709	0.000000	0.000000	0.000000	0.000000	0.000000	0.000000
-1.045403	-0.841524	-0.000000	-0.866521	0.000000	0.000000	0.000000	0.000000	0.000000	0.000000
-1.045334	-0.841524	-0.000000	-0.866527	0.000000	0.000000	0.000000	0.000000	0.000000	0.000000
-1.045477	-0.841524	0.000000	-0.866524	0.000000	0.000000	0.000000	0.000000	0.000000	0.000000
-1.045604	-0.841524	0.000000	-0.866527	0.000000	0.000000	0.000000	0.000000	0.000000	0.000000
-1.045362	-0.841524	0.000000	-0.866527	0.000000	0.000000	0.000000	0.000000	0.000000	0.000000
-1.045524	-0.841524	-0.000000	-0.866527	0.000000	0.000000	0.000000	0.000000	0.000000	0.000000
-1.045508	-0.841524	0.000000	-0.866526	0.000000	0.000000	0.000000	0.000000	0.000000	0.000000
-1.045435	-0.841524	0.000000	-0.866458	0.000000	0.000000	0.000000	0.000000	0.000000	0.000000
-1.045484	-0.841524	-0.000000	-0.866515	0.000000	0.000000	0.000000	0.000000	0.000000	0.000000
-1.045447	-0.841524	-0.000000	-0.866524	0.000000	0.000000	0.000000	0.000000	0.000000	0.000000
-1.045446	-0.841524	0.000000	-0.866526	0.000000	0.000000	0.000000	0.000000	0.000000	0.000000
-1.045321	-0.841524	-0.000000	-0.866527	0.000000	0.000000	0.000000	0.000000	0.000000	0.000000
-1.045493	-0.841524	-0.000000	-0.864330	0.000000	0.000000	0.000000	0.000000	0.000000	0.000000
-1.045329	-0.841524	0.000000	-0.866527	0.000000	0.000000	0.000000	0.000000	0.000000	0.000000
-1.045500	-0.841524	-0.000000	-0.866527	0.000000	0.000000	0.000000	0.000000	0.000000	0.000000
-1.045469	-0.841524	-0.000000	-0.683936	0.000000	0.000000	0.000000	0.000000	0.000000	0.000000
-1.045541	-0.841524	0.000000	-0.866526	0.000000	0.000000	0.000000	0.000000	0.000000	0.000000
-1.045592	-0.841524	0.000000	-0.866527	0.000000	0.000000	0.000000	0.000000	0.000000	0.000000
-1.045610	-0.841524	0.000000	-0.866291	0.000000	0.000000	0.000000	0.000000	0.000000	0.000000
-1.045396	-0.841524	0.000000	-0.866527	0.000000	0.000000	0.000000	0.000000	0.000000	0.000000
-1.045490	-0.841524	-0.000000	-0.777344	0.000000	0.000000	0.000000	0.000000	0.000000	0.000000
-1.045600	-0.841524	0.000000	-0.866511	0.000000	0.000000	0.000000	0.000000	0.000000	0.000000
-1.045389	-0.841524	0.000000	-0.866522	0.000000	0.000000	0.000000	0.000000	0.000000	0.000000
-1.045382	-0.841524	0.000000	-0.866527	0.000000	0.000000	0.000000	0.000000	0.000000	0.000000
-1.045565	-0.841524	0.000000	-0.866496	0.000000	0.000000	0.000000	0.000000	0.000000	0.000000
-1.045446	-0.841524	0.000000	-0.866527	0.000000	0.000000	0.000000	0.000000	0.000000	0.000000
-1.045430	-0.841524	0.000000	-0.866514	0.000000	0.000000	0.000000	0.000000	0.000000	0.000000
-1.045563	-0.841524	0.000000	-0.866523	0.000000	0.000000	0.000000	0.000000	0.000000	0.000000
-1.045443	-0.841524	0.000000	-0.866527	0.000000	0.000000	0.000000	0.000000	0.000000	0.000000
-1.045566	-0.841524	-0.000000	-0.866266	0.000000	0.000000	0.000000	0.000000	0.000000	0.000000
-1.045546	-0.841524	-0.000000	-0.856783	0.000000	0.000000	0.000000	0.000000	0.000000	0.000000
-1.045498	-0.841524	0.000000	-0.866524	0.000000	0.000000	0.000000	0.000000	0.000000	0.000000
-1.045509	-0.841524	0.000000	-0.866527	0.000000	0.000000	0.000000	0.000000	0.000000	0.000000
-1.045462	-0.841524	-0.000000	-0.866517	0.000000	0.000000	0.000000	0.000000	0.000000	0.000000
-1.045547	-0.841524	0.000000	-0.866469	0.000000	0.000000	0.000000	0.000000	0.000000	0.000000
-1.045548	-0.841524	-0.000000	-0.866467	0.000000	0.000000	0.000000	0.000000	0.000000	0.000000
-1.045514	-0.841524	-0.000000	-0.866132	0.000000	0.000000	0.000000	0.000000	0.000000	0.000000
-1.045425	-0.841525	0.000000	-0.864920	0.000000	0.000000	0.000000	0.000000	0.000000	0.000000
-1.045486	-0.841524	0.000000	-0.866527	0.000000	0.000000	0.000000	0.000000	0.000000	0.000000
-1.045503	-0.841524	-0.000000	-0.856135	0.000000	0.000000	0.000000	0.000000	0.000000	0.000000
-1.045586	-0.841524	-0.000000	-0.866180	0.000000	0.000000	0.000000	0.000000	0.000000	0.000000
-1.045471	-0.841524	-0.000000	-0.866097	0.000000	0.000000	0.000000	0.000000	0.000000	0.000000
-1.045495	-0.841524	-0.000000	-0.866256	0.000000	0.000000	0.000000	0.000000	0.000000	0.000000
-1.045496	-0.841524	0.000000	-0.866482	0.000000	0.000000	0.000000	0.000000	0.000000	0.000000
-1.045592	-0.841524	0.000000	-0.864877	0.000000	0.000000	0.000000	0.000000	0.000000	0.000000
-1.045516	-0.841524	-0.000000	-0.866390	0.000000	0.000000	0.000000	0.000000	0.000000	0.000000
-1.045437	-0.841524	-0.000000	-0.866526	0.000000	0.000000	0.000000	0.000000	0.000000	0.000000
-1.045416	-0.841524	0.000000	-0.866496	0.000000	0.000000	0.000000	0.000000	0.000000	0.000000
-1.045511	-0.841524	0.000000	-0.866527	0.000000	0.000000	0.000000	0.000000	0.000000	0.000000
-1.045514	-0.841524	0.000000	-0.866527	0.000000	0.000000	0.000000	0.000000	0.000000	0.000000
-1.045506	-0.841524	0.000000	-0.866526	0.000000	0.000000	0.000000	0.000000	0.000000	0.000000
-1.045477	-0.841524	-0.000000	-0.866517	0.000000	0.000000	0.000000	0.000000	0.000000	0.000000
-1.045606	-0.841524	-0.000000	-0.866515	0.000000	0.000000	0.000000	0.000000	0.000000	0.000000
-1.045349	-0.841524	-0.000000	-0.866509	0.000000	0.000000	0.000000	0.000000	0.000000	0.000000
-1.045460	-0.841524	0.000000	-0.866518	0.000000	0.000000	0.000000	0.000000	0.000000	0.000000
-1.045546	-0.841524	0.000000	-0.866526	0.000000	0.000000	0.000000	0.000000	0.000000	0.000000
-1.045448	-0.841524	0.000000	-0.866527	0.000000	0.000000	0.000000	0.000000	0.000000	0.000000
-1.045416	-0.841524	0.000000	-0.866509	0.000000	0.000000	0.000000	0.000000	0.000000	0.000000
-1.045470	-0.841524	0.000000	-0.866527	0.000000	0.000000	0.000000	0.000000	0.000000	0.000000
-1.045438	-0.841524	-0.000000	-0.866524	0.000000	0.000000	0.000000	0.000000	0.000000	0.000000
-1.045527	-0.841524	-0.000000	-0.862008	0.000000	0.000000	0.000000	0.000000	0.000000	0.000000
-1.045503	-0.841524	-0.000000	-0.866489	0.000000	0.000000	0.000000	0.000000	0.000000	0.000000
-1.045419	-0.841524	-0.000000	-0.864111	0.000000	0.000000	0.000000	0.000000	0.000000	0.000000
-1.045567	-0.841524	0.000000	-0.865420	0.000000	0.000000	0.000000	0.000000	0.000000	0.000000
-1.045323	-0.000793	-0.000000	0.003318	0.000000	0.000000	0.000000	0.000000	0.000000	0.000000
-1.045387	-0.841524	-0.845900	0.733043	0.000000	0.000000	0.000000	0.000000	0.000000	0.000000
-1.045538	-0.841524	-0.845782	0.712647	0.000000	0.000000	0.000000	0.000000	0.000000	0.000000
-1.045576	-0.841524	-0.845870	0.733056	0.000000	0.000000	0.000000	0.000000	0.000000	0.000000
-1.045457	-0.841524	-0.844335	0.733041	0.000000	0.000000	0.000000	0.000000	0.000000	0.000000
-1.045412	-0.841524	-0.845826	0.733056	0.000000	0.000000	0.000000	0.000000	0.000000	0.000000
-1.045434	-0.841524	-0.845812	0.733055	0.000000	0.000000	0.000000	0.000000	0.000000	0.000000
-1.045538	-0.841524	-0.845796	0.732524	0.000000	0.000000	0.000000	0.000000	0.000000	0.000000
-1.045423	-0.841520	-0.846074	0.733032	0.000000	0.000000	0.000000	0.000000	0.000000	0.000000
-1.045596	-0.841524	-0.845520	0.732879	0.000000	0.000000	0.000000	0.000000	0.000000	0.000000
-1.045424	-0.841524	-0.845605	0.732956	0.000000	0.000000	0.000000	0.000000	0.000000	0.000000
-1.045401	-0.841524	-0.845832	0.733056	0.000000	0.000000	0.000000	0.000000	0.000000	0.000000
-1.045371	-0.841524	-0.845980	0.732490	0.000000	0.000000	0.000000	0.000000	0.000000	0.000000
-1.045486	-0.841524	-0.845547	0.719296	0.000000	0.000000	0.000000	0.000000	0.000000	0.000000
-1.045394	-0.841524	-0.845791	0.733055	0.000000	0.000000	0.000000	0.000000	0.000000	0.000000
-1.045392	-0.841524	-0.845656	0.732465	0.000000	0.000000	0.000000	0.000000	0.000000	0.000000
-1.045608	-0.841524	-0.845646	0.732926	0.000000	0.000000	0.000000	0.000000	0.000000	0.000000
-1.045256	-0.841524	-0.845779	0.733034	0.000000	0.000000	0.000000	0.000000	0.000000	0.000000
-1.045427	-0.841524	-0.845979	0.733056	0.000000	0.000000	0.000000	0.000000	0.000000	0.000000
-1.045420	-0.841524	-0.845600	0.435160	0.000000	0.000000	0.000000	0.000000	0.000000	0.000000
-1.045443	-0.841524	-0.845400	0.626535	0.000000	0.000000	0.000000	0.000000	0.000000	0.000000
-1.045425	-0.841524	-0.845641	0.733042	0.000000	0.000000	0.000000	0.000000	0.000000	0.000000
-1.045565	-0.841524	-0.845834	0.733049	0.000000	0.000000	0.000000	0.000000	0.000000	0.000000
-1.045444	-0.841524	-0.845790	0.733046	0.000000	0.000000	0.000000	0.000000	0.000000	0.000000
-1.045413	-0.841524	-0.845811	0.732870	0.000000	0.000000	0.000000	0.000000	0.000000	0.000000
-1.045499	-0.841524	-0.845626	0.722395	0.000000	0.000000	0.000000	0.000000	0.000000	0.000000
-1.045355	-0.841524	-0.845759	0.732899	0.000000	0.000000	0.000000	0.000000	0.000000	0.000000
-1.045409	-0.841524	-0.845911	0.733055	0.000000	0.000000	0.000000	0.000000	0.000000	0.000000
-1.045424	-0.841524	-0.845705	0.731396	0.000000	0.000000	0.000000	0.000000	0.000000	0.000000
-1.045383	-0.841524	-0.845564	0.732732	0.000000	0.000000	0.000000	0.000000	0.000000	0.000000
-1.045333	-0.841524	-0.846042	0.733054	0.000000	0.000000	0.000000	0.000000	0.000000	0.000000
-1.045494	-0.841524	-0.845735	0.732889	0.000000	0.000000	0.000000	0.000000	0.000000	0.000000
-1.045469	-0.841524	-0.845560	0.733037	0.000000	0.000000	0.000000	0.000000	0.000000	0.000000
-1.045507	-0.841524	-0.845889	0.732926	0.000000	0.000000	0.000000	0.000000	0.000000	0.000000
-1.045318	-0.841524	-0.845878	0.733044	0.000000	0.000000	0.000000	0.000000	0.000000	0.000000
-1.045489	-0.841524	-0.845960	0.725203	0.000000	0.000000	0.000000	0.000000	0.000000	0.000000
-1.045461	-0.841524	-0.845874	0.733055	0.000000	0.000000	0.000000	0.000000	0.000000	0.000000
-1.045527	-0.841524	-0.846091	0.733056	0.000000	0.000000	0.000000	0.000000	0.000000	0.000000
-1.045610	-0.841524	-0.845596	0.733041	0.000000	0.000000	0.000000	0.000000	0.000000	0.000000
-1.045536	-0.841524	-0.845704	0.731728	0.000000	0.000000	0.000000	0.000000	0.000000	0.000000
-1.045553	-0.841524	-0.845496	0.730714	0.000000	0.000000	0.000000	0.000000	0.000000	0.000000
-1.045415	-0.841524	-0.845895	0.733056	0.000000	0.000000	0.000000	0.000000	0.000000	0.000000
-1.045509	-0.841524	-0.845890	0.732939	0.000000	0.000000	0.000000	0.000000	0.000000	0.000000
-1.045396	-0.841524	-0.845746	0.733055	0.000000	0.000000	0.000000	0.000000	0.000000	0.000000
-1.045525	-0.841524	-0.845807	0.733054	0.000000	0.000000	0.000000	0.000000	0.000000	0.000000
-1.045519	-0.841524	-0.845824	0.733046	0.000000	0.000000	0.000000	0.000000	0.000000	0.000000
-1.045416	-0.841524	-0.846006	0.733026	0.000000	0.000000	0.000000	0.000000	0.000000	0.000000
-1.045457	-0.841524	-0.845665	0.733055	0.000000	0.000000	0.000000	0.000000	0.000000	0.000000
-1.045521	-0.841524	-0.845790	0.732956	0.000000	0.000000	0.000000	0.000000	0.000000	0.000000
-1.045395	-0.841524	-0.845665	0.725065	0.000000	0.000000	0.000000	0.000000	0.000000	0.000000
-1.045530	-0.841524	-0.845908	0.733039	0.000000	0.000000	0.000000	0.000000	0.000000	0.000000
-1.045507	-0.841524	-0.845804	0.731130	0.000000	0.000000	0.000000	0.000000	0.000000	0.000000
-1.045547	-0.841524	-0.845355	0.733043	0.000000	0.000000	0.000000	0.000000	0.000000	0.000000
-1.045461	-0.841524	-0.845981	0.732550	0.000000	0.000000	0.000000	0.000000	0.000000	0.000000
-1.045535	-0.841524	-0.845926	0.732405	0.000000	0.000000	0.000000	0.000000	0.000000	0.000000
-1.045457	-0.841524	-0.845731	0.733052	0.000000	0.000000	0.000000	0.000000	0.000000	0.000000
-1.045394	-0.841524	-0.845769	0.733054	0.000000	0.000000	0.000000	0.000000	0.000000	0.000000
-1.045524	-0.841524	-0.845686	0.732156	0.000000	0.000000	0.000000	0.000000	0.000000	0.000000
-1.045586	-0.841524	-0.845594	0.732719	0.000000	0.000000	0.000000	0.000000	0.000000	0.000000
-1.045523	-0.841524	-0.845429	0.733050	0.000000	0.000000	0.000000	0.000000	0.000000	0.000000
-1.045588	-0.841524	-0.845779	0.733008	0.000000	0.000000	0.000000	0.000000	0.000000	0.000000
-1.045648	-0.841524	-0.845465	0.720454	0.000000	0.000000	0.000000	0.000000	0.000000	0.000000
-1.045449	-0.841524	-0.845623	0.733038	0.000000	0.000000	0.000000	0.000000	0.000000	0.000000
-1.045516	-0.841524	-0.845913	0.733052	0.000000	0.000000	0.000000	0.000000	0.000000	0.000000
-1.045560	-0.841524	-0.845587	0.733056	0.000000	0.000000	0.000000	0.000000	0.000000	0.000000
-1.045410	-0.841524	-0.845680	0.732881	0.000000	0.000000	0.000000	0.000000	0.000000	0.000000
-1.045432	-0.841524	-0.845634	0.633129	0.000000	0.000000	0.000000	0.000000	0.000000	0.000000
-1.045494	-0.841524	-0.845837	0.733057	0.000000	0.000000	0.000000	0.000000	0.000000	0.000000
-1.045391	-0.841524	-0.845598	0.733050	0.000000	0.000000	0.000000	0.000000	0.000000	0.000000
-1.045448	-0.841524	-0.846016	0.732952	0.000000	0.000000	0.000000	0.000000	0.000000	0.000000
-1.045557	-0.841524	-0.845599	0.732445	0.000000	0.000000	0.000000	0.000000	0.000000	0.000000
-1.045675	-0.841524	-0.845561	0.733053	0.000000	0.000000	0.000000	0.000000	0.000000	0.000000
-1.045513	-0.841524	-0.845626	0.723446	0.000000	0.000000	0.000000	0.000000	0.000000	0.000000
-1.045490	-0.841524	-0.845692	0.733017	0.000000	0.000000	0.000000	0.000000	0.000000	0.000000
-1.045479	-0.841524	-0.845700	0.733056	0.000000	0.000000	0.000000	0.000000	0.000000	0.000000
-1.045533	-0.841524	-0.845916	0.733049	0.000000	0.000000	0.000000	0.000000	0.000000	0.000000
-1.045524	-0.841524	-0.845599	0.716642	0.000000	0.000000	0.000000	0.000000	0.000000	0.000000
-1.045438	-0.841524	-0.845704	0.733056	0.000000	0.000000	0.000000	0.000000	0.000000	0.000000
-1.045472	-0.841524	-0.845893	0.733056	0.000000	0.000000	0.000000	0.000000	0.000000	0.000000
-1.045470	-0.841524	-0.845689	0.733021	0.000000	0.000000	0.000000	0.000000	0.000000	0.000000
-1.045454	-0.841524	-0.845853	0.549990	0.000000	0.000000	0.000000	0.000000	0.000000	0.000000
-1.045477	-0.841524	-0.845488	0.733027	0.000000	0.000000	0.000000	0.000000	0.000000	0.000000
-1.045440	-0.841524	-0.845603	0.733056	0.000000	0.000000	0.000000	0.000000	0.000000	0.000000
-1.045346	-0.841524	-0.845960	0.733056	0.000000	0.000000	0.000000	0.000000	0.000000	0.000000
-1.045548	-0.841524	-0.843661	0.733006	0.000000	0.000000	0.000000	0.000000	0.000000	0.000000
-1.045309	-0.841524	-0.845670	0.731643	0.000000	0.000000	0.000000	0.000000	0.000000	0.000000
-1.045528	-0.841524	-0.846074	0.733055	0.000000	0.000000	0.000000	0.000000	0.000000	0.000000
-1.045477	-0.841524	-0.845631	0.733024	0.000000	0.000000	0.000000	0.000000	0.000000	0.000000
-1.045436	-0.841524	-0.845723	0.695395	0.000000	0.000000	0.000000	0.000000	0.000000	0.000000
-1.045398	-0.841524	-0.845778	0.732958	0.000000	0.000000	0.000000	0.000000	0.000000	0.000000
-1.045552	-0.841524	-0.845934	0.732827	0.000000	0.000000	0.000000	0.000000	0.000000	0.000000
-1.045588	-0.841524	-0.845886	0.732901	0.000000	0.000000	0.000000	0.000000	0.000000	0.000000
-1.045535	-0.841524	-0.845911	0.733057	0.000000	0.000000	0.000000	0.000000	0.000000	0.000000
-1.045417	-0.841523	-0.845801	0.733036	0.000000	0.000000	0.000000	0.000000	0.000000	0.000000
-1.045442	-0.841524	-0.845699	0.733016	0.000000	0.000000	0.000000	0.000000	0.000000	0.000000
-1.045534	-0.841524	-0.845377	0.731872	0.000000	0.000000	0.000000	0.000000	0.000000	0.000000
-1.045538	-0.841524	-0.845651	0.733056	0.000000	0.000000	0.000000	0.000000	0.000000	0.000000
-1.045434	-0.841524	-0.845648	0.733056	0.000000	0.000000	0.000000	0.000000	0.000000	0.000000
-1.045521	-0.841524	-0.845640	0.732957	0.000000	0.000000	0.000000	0.000000	0.000000	0.000000
-1.045548	-0.841524	-0.845587	0.733030	0.000000	0.000000	0.000000	0.000000	0.000000	0.000000
-1.045501	-0.841524	-0.845963	0.733043	0.000000	0.000000	0.000000	0.000000	0.000000	0.000000
-1.045492	-0.841524	-0.845552	0.732666	0.000000	0.000000	0.000000	0.000000	0.000000	0.000000
-1.045438	-0.841524	-0.845613	0.727002	0.000000	0.000000	0.000000	0.000000	0.000000	0.000000
-1.045439	-0.841524	-0.845592	0.732958	0.000000	0.000000	0.000000	0.000000	0.000000	0.000000
-1.045432	-0.841524	-0.845697	0.701238	0.000000	0.000000	0.000000	0.000000	0.000000	0.000000
-1.045413	-0.841524	-0.846020	0.729595	0.000000	0.000000	0.000000	0.000000	0.000000	0.000000
-1.045382	-0.841524	-0.845765	0.732232	0.000000	0.000000	0.000000	0.000000	0.000000	0.000000
-1.045478	-0.841524	-0.845624	0.733010	0.000000	0.000000	0.000000	0.000000	0.000000	0.000000
-1.045390	-0.841524	-0.845652	0.733055	0.000000	0.000000	0.000000	0.000000	0.000000	0.000000
-1.045552	-0.841524	-0.844068	0.732944	0.000000	0.000000	0.000000	0.000000	0.000000	0.000000
-1.045660	-0.841524	-0.845617	0.733056	0.000000	0.000000	0.000000	0.000000	0.000000	0.000000
-1.045417	-0.841524	-0.845751	0.717374	0.000000	0.000000	0.000000	0.000000	0.000000	0.000000
-1.045390	-0.841524	-0.846081	0.733054	0.000000	0.000000	0.000000	0.000000	0.000000	0.000000
-1.045403	-0.841524	-0.845832	0.733055	0.000000	0.000000	0.000000	0.000000	0.000000	0.000000
-1.045513	-0.841524	-0.845705	0.732298	0.000000	0.000000	0.000000	0.000000	0.000000	0.000000
-1.045383	-0.841524	-0.845919	0.733043	0.000000	0.000000	0.000000	0.000000	0.000000	0.000000
-1.045495	-0.841524	-0.845554	0.733016	0.000000	0.000000	0.000000	0.000000	0.000000	0.000000
-1.045391	-0.841524	-0.845739	0.733054	0.000000	0.000000	0.000000	0.000000	0.000000	0.000000
-1.045550	-0.841524	-0.845689	0.733038	0.000000	0.000000	0.000000	0.000000	0.000000	0.000000
-1.045433	-0.841524	-0.845783	0.732558	0.000000	0.000000	0.000000	0.000000	0.000000	0.000000
-1.045539	-0.841524	-0.845719	0.724577	0.000000	0.000000	0.000000	0.000000	0.000000	0.000000
-1.045401	-0.841524	-0.845632	0.732401	0.000000	0.000000	0.000000	0.000000	0.000000	0.000000
-1.045455	-0.841524	-0.845714	0.733039	0.000000	0.000000	0.000000	0.000000	0.000000	0.000000
-1.045421	-0.841524	-0.845863	0.732038	0.000000	0.000000	0.000000	0.000000	0.000000	0.000000
-1.045358	-0.841524	-0.845984	0.733057	0.000000	0.000000	0.000000	0.000000	0.000000	0.000000
-1.045354	-0.841524	-0.845710	0.733048	0.000000	0.000000	0.000000	0.000000	0.000000	0.000000
-1.045632	-0.841524	-0.845778	0.343952	0.000000	0.000000	0.000000	0.000000	0.000000	0.000000
-1.045572	-0.841524	-0.845731	0.733040	0.000000	0.000000	0.000000	0.000000	0.000000	0.000000
-1.045368	-0.841524	-0.845997	0.732882	0.000000	0.000000	0.000000	0.000000	0.000000	0.000000
-1.045502	-0.841523	-0.845900	0.731676	0.000000	0.000000	0.000000	0.000000	0.000000	0.000000
-1.045534	-0.841524	-0.845631	0.732541	0.000000	0.000000	0.000000	0.000000	0.000000	0.000000
-1.045500	-0.841524	-0.845912	0.733056	0.000000	0.000000	0.000000	0.000000	0.000000	0.000000
-1.045407	-0.841524	-0.845791	0.733010	0.000000	0.000000	0.000000	0.000000	0.000000	0.000000
-1.045543	-0.841524	-0.845631	0.733050	0.000000	0.000000	0.000000	0.000000	0.000000	0.000000
-1.045496	-0.841524	-0.845850	0.733038	0.000000	0.000000	0.000000	0.000000	0.000000	0.000000
-1.045405	-0.841524	-0.846001	0.733056	0.000000	0.000000	0.000000	0.000000	0.000000	0.000000
-1.045466	-0.841524	-0.845710	0.733016	0.000000	0.000000	0.000000	0.000000	0.000000	0.000000
-1.045594	-0.841524	-0.845607	0.733028	0.000000	0.000000	0.000000	0.000000	0.000000	0.000000
-1.045357	-0.841524	-0.845739	0.733056	0.000000	0.000000	0.000000	0.000000	0.000000	0.000000
-1.045523	-0.841524	-0.845821	0.725103	0.000000	0.000000	0.000000	0.000000	0.000000	0.000000
-1.045633	-0.841524	-0.845433	0.672107	0.000000	0.000000	0.000000	0.000000	0.000000	0.000000
-1.045444	-0.841524	-0.845658	0.733057	0.000000	0.000000	0.000000	0.000000	0.000000	0.000000
-1.045340	-0.841524	-0.846100	0.733049	0.000000	0.000000	0.000000	0.000000	0.000000	0.000000
-1.045473	-0.841524	-0.846048	0.733056	0.000000	0.000000	0.000000	0.000000	0.000000	0.000000
-1.045403	-0.841524	-0.845573	0.732780	0.000000	0.000000	0.000000	0.000000	0.000000	0.000000
-1.045405	-0.841524	-0.845708	0.732753	0.000000	0.000000	0.000000	0.000000	0.000000	0.000000
-1.045417	-0.841524	-0.845640	0.733043	0.000000	0.000000	0.000000	0.000000	0.000000	0.000000
-1.045375	-0.841524	-0.845877	0.733014	0.000000	0.000000	0.000000	0.000000	0.000000	0.000000
-1.045369	-0.841524	-0.845704	0.733056	0.000000	0.000000	0.000000	0.000000	0.000000	0.000000
-1.045554	-0.841524	-0.845619	0.733035	0.000000	0.000000	0.000000	0.000000	0.000000	0.000000
-1.045591	-0.841524	-0.845384	0.731677	0.000000	0.000000	0.000000	0.000000	0.000000	0.000000
-1.045370	-0.841524	-0.845854	0.732997	0.000000	0.000000	0.000000	0.000000	0.000000	0.000000
-1.045432	-0.841524	-0.845684	0.715443	0.000000	0.000000	0.000000	0.000000	0.000000	0.000000
-1.045486	-0.841524	-0.845546	0.732976	0.000000	0.000000	0.000000	0.000000	0.000000	0.000000
-1.045530	-0.841524	-0.845872	0.731402	0.000000	0.000000	0.000000	0.000000	0.000000	0.000000
-1.045505	-0.841524	-0.845652	0.733055	0.000000	0.000000	0.000000	0.000000	0.000000	0.000000
-1.045358	-0.841524	-0.845800	0.733057	0.000000	0.000000	0.000000	0.000000	0.000000	0.000000
-1.045419	-0.841524	-0.845876	0.733057	0.000000	0.000000	0.000000	0.000000	0.000000	0.000000
-1.045491	-0.841524	-0.845516	0.733037	0.000000	0.000000	0.000000	0.000000	0.000000	0.000000
-1.045287	-0.841524	-0.845897	0.731804	0.000000	0.000000	0.000000	0.000000	0.000000	0.000000
-1.045452	-0.841524	-0.845738	0.724161	0.000000	0.000000	0.000000	0.000000	0.000000	0.000000
-1.045390	-0.841524	-0.845627	0.732698	0.000000	0.000000	0.000000	0.000000	0.000000	0.000000
-1.045448	-0.841524	-0.840745	0.731833	0.000000	0.000000	0.000000	0.000000	0.000000	0.000000
-1.045513	-0.841524	-0.845564	0.732191	0.000000	0.000000	0.000000	0.000000	0.000000	0.000000
-1.045460	-0.841524	-0.845977	0.733021	0.000000	0.000000	0.000000	0.000000	0.000000	0.000000
-1.045517	-0.841524	-0.845726	0.733054	0.000000	0.000000	0.000000	0.000000	0.000000	0.000000
-1.045454	-0.841524	-0.845612	0.733048	0.000000	0.000000	0.000000	0.000000	0.000000	0.000000
-1.045464	-0.841524	-0.845661	0.733031	0.000000	0.000000	0.000000	0.000000	0.000000	0.000000
-1.045497	-0.841524	-0.845369	0.733019	0.000000	0.000000	0.000000	0.000000	0.000000	0.000000
-1.045566	-0.841524	-0.844759	0.711395	0.000000	0.000000	0.000000	0.000000	0.000000	0.000000
-1.045485	-0.841524	-0.845760	0.720068	0.000000	0.000000	0.000000	0.000000	0.000000	0.000000
-1.045336	-0.841524	-0.845840	0.733056	0.000000	0.000000	0.000000	0.000000	0.000000	0.000000
-1.045567	-0.841524	-0.845807	0.733025	0.000000	0.000000	0.000000	0.000000	0.000000	0.000000
-1.045375	-0.841524	-0.846112	0.733014	0.000000	0.000000	0.000000	0.000000	0.000000	0.000000
-1.045480	-0.841524	-0.845658	0.733056	0.000000	0.000000	0.000000	0.000000	0.000000	0.000000
-1.045384	-0.841524	-0.845956	0.732640	0.000000	0.000000	0.000000	0.000000	0.000000	0.000000
-1.045559	-0.841524	-0.845551	0.732372	0.000000	0.000000	0.000000	0.000000	0.000000	0.000000
-1.045401	-0.841524	-0.845693	0.732860	0.000000	0.000000	0.000000	0.000000	0.000000	0.000000
-1.045505	-0.841524	-0.838265	0.729480	0.000000	0.000000	0.000000	0.000000	0.000000	0.000000
-1.045460	-0.841524	-0.846170	0.733055	0.000000	0.000000	0.000000	0.000000	0.000000	0.000000
-1.045449	-0.841524	-0.845564	0.719629	0.000000	0.000000	0.000000	0.000000	0.000000	0.000000
-1.045381	-0.841524	-0.845437	0.733026	0.000000	0.000000	0.000000	0.000000	0.000000	0.000000
-1.045518	-0.841524	-0.845926	0.722278	0.000000	0.000000	0.000000	0.000000	0.000000	0.000000
-1.045527	-0.841524	-0.845765	0.732942	0.000000	0.000000	0.000000	0.000000	0.000000	0.000000
-1.045482	-0.841524	-0.845783	0.651030	0.000000	0.000000	0.000000	0.000000	0.000000	0.000000
-1.045563	-0.841524	-0.845744	0.732892	0.000000	0.000000	0.000000	0.000000	0.000000	0.000000
-1.045563	-0.841524	-0.845366	0.733054	0.000000	0.000000	0.000000	0.000000	0.000000	0.000000
-1.045404	-0.841524	-0.845829	0.733056	0.000000	0.000000	0.000000	0.000000	0.000000	0.000000
-1.045374	-0.841524	-0.845834	0.733053	0.000000	0.000000	0.000000	0.000000	0.000000	0.000000
-1.045442	-0.841524	-0.845707	0.732733	0.000000	0.000000	0.000000	0.000000	0.000000	0.000000
-1.045432	-0.841524	-0.845642	0.732662	0.000000	0.000000	0.000000	0.000000	0.000000	0.000000
-1.045470	-0.841524	-0.845822	0.732911	0.000000	0.000000	0.000000	0.000000	0.000000	0.000000
-1.045492	-0.841524	-0.846184	0.733026	0.000000	0.000000	0.000000	0.000000	0.000000	0.000000
-1.045373	-0.841524	-0.845760	0.733031	0.000000	0.000000	0.000000	0.000000	0.000000	0.000000
-1.045301	-0.841524	-0.845792	0.733045	0.000000	0.000000	0.000000	0.000000	0.000000	0.000000
-1.045595	-0.841524	-0.845761	0.722291	0.000000	0.000000	0.000000	0.000000	0.000000	0.000000
-1.045555	-0.841524	-0.845662	0.716138	0.000000	0.000000	0.000000	0.000000	0.000000	0.000000
-1.045515	-0.841524	-0.845733	0.733056	0.000000	0.000000	0.000000	0.000000	0.000000	0.000000
-1.045391	-0.841524	-0.845931	0.731210	0.000000	0.000000	0.000000	0.000000	0.000000	0.000000
-1.045420	-0.841524	-0.845857	0.731487	0.000000	0.000000	0.000000	0.000000	0.000000	0.000000
-1.045558	-0.841524	-0.845723	0.732939	0.000000	0.000000	0.000000	0.000000	0.000000	0.000000
-1.045332	-0.841524	-0.845928	0.732993	0.000000	0.000000	0.000000	0.000000	0.000000	0.000000
-1.045613	-0.841524	-0.845953	0.732999	0.000000	0.000000	0.000000	0.000000	0.000000	0.000000
-1.045537	-0.841524	-0.845558	0.733048	0.000000	0.000000	0.000000	0.000000	0.000000	0.000000
-1.045408	-0.841524	-0.845828	0.733026	0.000000	0.000000	0.000000	0.000000	0.000000	0.000000
-1.045530	-0.841524	-0.845780	0.733035	0.000000	0.000000	0.000000	0.000000	0.000000	0.000000
-1.045416	-0.841524	-0.845818	0.733054	0.000000	0.000000	0.000000	0.000000	0.000000	0.000000
-1.045508	-0.841524	-0.845590	0.584081	0.000000	0.000000	0.000000	0.000000	0.000000	0.000000
-1.045473	-0.841524	-0.845809	0.733056	0.000000	0.000000	0.000000	0.000000	0.000000	0.000000
-1.045432	-0.841524	-0.845557	0.732070	0.000000	0.000000	0.000000	0.000000	0.000000	0.000000
-1.045398	-0.841524	-0.845773	0.733056	0.000000	0.000000	0.000000	0.000000	0.000000	0.000000
-1.045485	-0.841524	-0.845726	0.733056	0.000000	0.000000	0.000000	0.000000	0.000000	0.000000
-1.045499	-0.841524	-0.845530	0.727858	0.000000	0.000000	0.000000	0.000000	0.000000	0.000000
-1.045434	-0.841524	-0.846267	0.733055	0.000000	0.000000	0.000000	0.000000	0.000000	0.000000
-1.045535	-0.841524	-0.845531	0.733046	0.000000	0.000000	0.000000	0.000000	0.000000	0.000000
-1.045485	-0.841524	-0.845577	0.727278	0.000000	0.000000	0.000000	0.000000	0.000000	0.000000
-1.045332	-0.841524	-0.845724	0.729584	0.000000	0.000000	0.000000	0.000000	0.000000	0.000000
-1.045539	-0.841524	-0.845846	0.732862	0.000000	0.000000	0.000000	0.000000	0.000000	0.000000
-1.045432	-0.841524	-0.845416	0.731807	0.000000	0.000000	0.000000	0.000000	0.000000	0.000000
-1.045321	-0.841524	-0.845885	0.732435	0.000000	0.000000	0.000000	0.000000	0.000000	0.000000
-1.045456	-0.841524	-0.845774	0.307013	0.000000	0.000000	0.000000	0.000000	0.000000	0.000000
-1.045690	-0.841524	-0.845455	0.719844	0.000000	0.000000	0.000000	0.000000	0.000000	0.000000
-1.045437	-0.841524	-0.845695	0.733045	0.000000	0.000000	0.000000	0.000000	0.000000	0.000000
-1.045477	-0.841525	-0.845487	0.730315	0.000000	0.000000	0.000000	0.000000	0.000000	0.000000
-1.045456	-0.841524	-0.845654	0.733038	0.000000	0.000000	0.000000	0.000000	0.000000	0.000000
-1.045493	-0.841524	-0.845712	0.733056	0.000000	0.000000	0.000000	0.000000	0.000000	0.000000
-1.045467	-0.841524	-0.845716	0.733057	0.000000	0.000000	0.000000	0.000000	0.000000	0.000000
-1.045379	-0.841524	-0.845949	0.733056	0.000000	0.000000	0.000000	0.000000	0.000000	0.000000
-1.045525	-0.841524	-0.845759	0.733056	0.000000	0.000000	0.000000	0.000000	0.000000	0.000000
-1.045540	-0.841524	-0.845783	0.733019	0.000000	0.000000	0.000000	0.000000	0.000000	0.000000
-1.045570	-0.841524	-0.845976	0.733049	0.000000	0.000000	0.000000	0.000000	0.000000	0.000000
-1.045478	-0.841524	-0.845931	0.733044	0.000000	0.000000	0.000000	0.000000	0.000000	0.000000
-1.045498	-0.841524	-0.845215	0.733027	0.000000	0.000000	0.000000	0.000000	0.000000	0.000000
-1.045549	-0.841524	-0.845419	0.733035	0.000000	0.000000	0.000000	0.000000	0.000000	0.000000
-1.045411	-0.841524	-0.845849	0.733056	0.000000	0.000000	0.000000	0.000000	0.000000	0.000000
-1.045603	-0.841524	-0.845810	0.731534	0.000000	0.000000	0.000000	0.000000	0.000000	0.000000
-1.045393	-0.841524	-0.845876	0.733057	0.000000	0.000000	0.000000	0.000000	0.000000	0.000000
-1.045513	-0.841524	-0.845545	0.733048	0.000000	0.000000	0.000000	0.000000	0.000000	0.000000
-1.045548	-0.831804	-0.845842	0.732755	0.000000	0.000000	0.000000	0.000000	0.000000	0.000000
-1.045390	-0.841524	-0.845684	0.729881	0.000000	0.000000	0.000000	0.000000	0.000000	0.000000
-1.045555	-0.841524	-0.845754	0.733021	0.000000	0.000000	0.000000	0.000000	0.000000	0.000000
-1.045552	-0.841524	-0.845636	0.731469	0.000000	0.000000	0.000000	0.000000	0.000000	0.000000
-1.045456	-0.841524	-0.845781	0.732912	0.000000	0.000000	0.000000	0.000000	0.000000	0.000000
-1.045564	-0.841524	-0.845440	0.731605	0.000000	0.000000	0.000000	0.000000	0.000000	0.000000
-1.045502	-0.841524	-0.845661	0.733048	0.000000	0.000000	0.000000	0.000000	0.000000	0.000000
-1.045453	-0.841524	-0.846008	0.733056	0.000000	0.000000	0.000000	0.000000	0.000000	0.000000
-1.045468	-0.841524	-0.845878	0.733055	0.000000	0.000000	0.000000	0.000000	0.000000	0.000000
-1.045653	-0.841524	-0.845776	0.731824	0.000000	0.000000	0.000000	0.000000	0.000000	0.000000
-1.045511	-0.841524	-0.845453	0.733001	0.000000	0.000000	0.000000	0.000000	0.000000	0.000000
-1.045386	-0.841524	-0.845994	0.733057	0.000000	0.000000	0.000000	0.000000	0.000000	0.000000
-1.045370	0.825184	-0.000000	0.000002	0.000000	0.000000	0.000000	0.000000	0.000000	0.000000
-1.045485	0.826060	0.769134	0.732941	0.000000	0.000000	0.000000	0.000000	0.000000	0.000000
-1.045436	0.826060	0.769016	0.733056	0.000000	0.000000	0.000000	0.000000	0.000000	0.000000
-1.045491	0.826059	0.768984	0.627742	0.000000	0.000000	0.000000	0.000000	0.000000	0.000000
-1.045414	0.826060	0.769010	0.732406	0.000000	0.000000	0.000000	0.000000	0.000000	0.000000
-1.045564	0.826059	0.769154	0.732987	0.000000	0.000000	0.000000	0.000000	0.000000	0.000000
-1.045682	0.826059	0.769363	0.696252	0.000000	0.000000	0.000000	0.000000	0.000000	0.000000
-1.045425	0.826060	0.768938	0.733027	0.000000	0.000000	0.000000	0.000000	0.000000	0.000000
-1.045522	0.826060	0.769055	0.733034	0.000000	0.000000	0.000000	0.000000	0.000000	0.000000
-1.045463	0.826060	0.769255	0.732721	0.000000	0.000000	0.000000	0.000000	0.000000	0.000000
-1.045455	0.826059	0.769230	0.682972	0.000000	0.000000	0.000000	0.000000	0.000000	0.000000
-1.045514	0.826059	0.769138	0.733055	0.000000	0.000000	0.000000	0.000000	0.000000	0.000000
-1.045543	0.826060	0.768997	0.733045	0.000000	0.000000	0.000000	0.000000	0.000000	0.000000
-1.045530	0.826060	0.769166	0.733054	0.000000	0.000000	0.000000	0.000000	0.000000	0.000000
-1.045281	0.826059	0.769210	0.711461	0.000000	0.000000	0.000000	0.000000	0.000000	0.000000
-1.045496	0.826060	0.768909	0.733055	0.000000	0.000000	0.000000	0.000000	0.000000	0.000000
-1.045462	0.826060	0.769064	0.732996	0.000000	0.000000	0.000000	0.000000	0.000000	0.000000
-1.045435	0.826059	0.768894	0.733033	0.000000	0.000000	0.000000	0.000000	0.000000	0.000000
-1.045452	0.826060	0.768878	0.733056	0.000000	0.000000	0.000000	0.000000	0.000000	0.000000
-1.045497	0.826060	0.768877	0.732888	0.000000	0.000000	0.000000	0.000000	0.000000	0.000000
-1.045287	0.826059	0.769415	0.730408	0.000000	0.000000	0.000000	0.000000	0.000000	0.000000
-1.045554	0.826059	0.769178	0.733006	0.000000	0.000000	0.000000	0.000000	0.000000	0.000000
-1.045458	0.826059	0.769248	0.533282	0.000000	0.000000	0.000000	0.000000	0.000000	0.000000
-1.045560	0.826060	0.769090	0.732727	0.000000	0.000000	0.000000	0.000000	0.000000	0.000000
-1.045346	0.826059	0.769256	0.731956	0.000000	0.000000	0.000000	0.000000	0.000000	0.000000
-1.045434	0.826060	0.767719	0.733056	0.000000	0.000000	0.000000	0.000000	0.000000	0.000000
-1.045536	0.826060	0.769129	0.733028	0.000000	0.000000	0.000000	0.000000	0.000000	0.000000
-1.045489	0.826060	0.769075	0.733056	0.000000	0.000000	0.000000	0.000000	0.000000	0.000000
-1.045440	0.826059	0.768934	0.732920	0.000000	0.000000	0.000000	0.000000	0.000000	0.000000
-1.045463	0.826060	0.769176	0.719742	0.000000	0.000000	0.000000	0.000000	0.000000	0.000000
-1.045391	0.826059	0.768961	0.733047	0.000000	0.000000	0.000000	0.000000	0.000000	0.000000
-1.045493	0.826060	0.768998	0.731433	0.000000	0.000000	0.000000	0.000000	0.000000	0.000000
-1.045574	0.826060	0.769376	0.732551	0.000000	0.000000	0.000000	0.000000	0.000000	0.000000
-1.045382	0.826059	0.769360	0.732800	0.000000	0.000000	0.000000	0.000000	0.000000	0.000000
-1.045472	0.826059	0.769020	0.732910	0.000000	0.000000	0.000000	0.000000	0.000000	0.000000
-1.045421	0.826060	0.768843	0.733050	0.000000	0.000000	0.000000	0.000000	0.000000	0.000000
-1.045533	0.826059	0.769167	0.733056	0.000000	0.000000	0.000000	0.000000	0.000000	0.000000
-1.045430	0.826060	0.769005	0.728340	0.000000	0.000000	0.000000	0.000000	0.000000	0.000000
-1.045576	0.826060	0.769426	0.733045	0.000000	0.000000	0.000000	0.000000	0.000000	0.000000
-1.045404	0.826060	0.769007	0.733041	0.000000	0.000000	0.000000	0.000000	0.000000	0.000000
-1.045407	0.826059	0.768910	0.733018	0.000000	0.000000	0.000000	0.000000	0.000000	0.000000
-1.045343	0.826060	0.769003	0.732985	0.000000	0.000000	0.000000	0.000000	0.000000	0.000000
-1.045367	0.826060	0.769133	0.726401	0.000000	0.000000	0.000000	0.000000	0.000000	0.000000
-1.045663	0.826059	0.769448	0.732670	0.000000	0.000000	0.000000	0.000000	0.000000	0.000000
-1.045556	0.826059	0.769161	0.728029	0.000000	0.000000	0.000000	0.000000	0.000000	0.000000
-1.045589	0.826059	0.769487	0.732957	0.000000	0.000000	0.000000	0.000000	0.000000	0.000000
-1.045576	0.826060	0.769359	0.733023	0.000000	0.000000	0.000000	0.000000	0.000000	0.000000
-1.045395	0.826060	0.769190	0.733050	0.000000	0.000000	0.000000	0.000000	0.000000	0.000000
-1.045543	0.826059	0.769292	0.733050	0.000000	0.000000	0.000000	0.000000	0.000000	0.000000
-1.045434	0.826060	0.769135	0.732937	0.000000	0.000000	0.000000	0.000000	0.000000	0.000000
-1.045535	0.826060	0.768979	0.733055	0.000000	0.000000	0.000000	0.000000	0.000000	0.000000
-1.045350	0.826059	0.769249	0.602984	0.000000	0.000000	0.000000	0.000000	0.000000	0.000000
-1.045509	0.826059	0.769304	0.733010	0.000000	0.000000	0.000000	0.000000	0.000000	0.000000
-1.045402	0.826060	0.769245	0.733056	0.000000	0.000000	0.000000	0.000000	0.000000	0.000000
-1.045588	0.826059	0.769252	0.733014	0.000000	0.000000	0.000000	0.000000	0.000000	0.000000
-1.045470	0.826060	0.769117	0.733054	0.000000	0.000000	0.000000	0.000000	0.000000	0.000000
-1.045343	0.826060	0.769127	0.521785	0.000000	0.000000	0.000000	0.000000	0.000000	0.000000
-1.045563	0.826059	0.769295	0.732866	0.000000	0.000000	0.000000	0.000000	0.000000	0.000000
-1.045411	0.826059	0.598533	0.733030	0.000000	0.000000	0.000000	0.000000	0.000000	0.000000
-1.045407	0.826059	0.769003	0.733056	0.000000	0.000000	0.000000	0.000000	0.000000	0.000000
-1.045317	0.826060	0.768988	0.733055	0.000000	0.000000	0.000000	0.000000	0.000000	0.000000
-1.045532	0.826060	0.769000	0.733023	0.000000	0.000000	0.000000	0.000000	0.000000	0.000000
-1.045418	0.826060	0.769202	0.733055	0.000000	0.000000	0.000000	0.000000	0.000000	0.000000
-1.045273	0.826060	0.768339	0.732990	0.000000	0.000000	0.000000	0.000000	0.000000	0.000000
-1.045511	0.826060	0.768987	0.733049	0.000000	0.000000	0.000000	0.000000	0.000000	0.000000
-1.045594	0.826060	0.769162	0.733056	0.000000	0.000000	0.000000	0.000000	0.000000	0.000000
-1.045477	0.826059	0.769298	0.732959	0.000000	0.000000	0.000000	0.000000	0.000000	0.000000
-1.045567	0.826060	0.769104	0.733055	0.000000	0.000000	0.000000	0.000000	0.000000	0.000000
-1.045579	0.826060	0.769091	0.732865	0.000000	0.000000	0.000000	0.000000	0.000000	0.000000
-1.045393	0.826059	0.769096	0.722340	0.000000	0.000000	0.000000	0.000000	0.000000	0.000000
-1.045502	0.826060	0.768833	0.733054	0.000000	0.000000	0.000000	0.000000	0.000000	0.000000
-1.045360	0.826059	0.769155	0.733034	0.000000	0.000000	0.000000	0.000000	0.000000	0.000000
-1.045388	0.826056	0.769040	0.662683	0.000000	0.000000	0.000000	0.000000	0.000000	0.000000
-1.045452	0.826060	0.769137	0.732809	0.000000	0.000000	0.000000	0.000000	0.000000	0.000000
-1.045410	0.826059	0.769116	0.731803	0.000000	0.000000	0.000000	0.000000	0.000000	0.000000
-1.045523	0.826060	0.769006	0.733007	0.000000	0.000000	0.000000	0.000000	0.000000	0.000000
-1.045531	0.826060	0.769147	0.732127	0.000000	0.000000	0.000000	0.000000	0.000000	0.000000
-1.045533	0.826059	0.769111	0.733038	0.000000	0.000000	0.000000	0.000000	0.000000	0.000000
-1.045420	0.826060	0.769059	0.732743	0.000000	0.000000	0.000000	0.000000	0.000000	0.000000
-1.045520	0.826060	0.768867	0.731093	0.000000	0.000000	0.000000	0.000000	0.000000	0.000000
-1.045301	0.826059	0.769072	0.733056	0.000000	0.000000	0.000000	0.000000	0.000000	0.000000
-1.045537	0.826060	0.769373	0.732901	0.000000	0.000000	0.000000	0.000000	0.000000	0.000000
-1.045650	0.826060	0.769232	0.711848	0.000000	0.000000	0.000000	0.000000	0.000000	0.000000
-1.045427	0.826059	0.768918	0.733054	0.000000	0.000000	0.000000	0.000000	0.000000	0.000000
-1.045508	0.826060	0.769135	0.732887	0.000000	0.000000	0.000000	0.000000	0.000000	0.000000
-1.045373	0.826060	0.769056	0.727038	0.000000	0.000000	0.000000	0.000000	0.000000	0.000000
-1.045573	0.826059	0.769109	0.732986	0.000000	0.000000	0.000000	0.000000	0.000000	0.000000
-1.045593	0.826060	0.769226	0.726442	0.000000	0.000000	0.000000	0.000000	0.000000	0.000000
-1.045550	0.826060	0.769145	0.733012	0.000000	0.000000	0.000000	0.000000	0.000000	0.000000
-1.045396	0.826054	0.769142	0.732612	0.000000	0.000000	0.000000	0.000000	0.000000	0.000000
-1.045443	0.826059	0.768983	0.733050	0.000000	0.000000	0.000000	0.000000	0.000000	0.000000
-1.045388	0.826060	0.768942	0.733001	0.000000	0.000000	0.000000	0.000000	0.000000	0.000000
-1.045420	0.826060	0.769135	0.733050	0.000000	0.000000	0.000000	0.000000	0.000000	0.000000
-1.045660	0.826059	0.769373	0.729817	0.000000	0.000000	0.000000	0.000000	0.000000	0.000000
-1.045443	0.826060	0.769133	0.731055	0.000000	0.000000	0.000000	0.000000	0.000000	0.000000
-1.045472	0.826060	0.768958	0.733054	0.000000	0.000000	0.000000	0.000000	0.000000	0.000000
-1.045379	0.826059	0.769026	0.733026	0.000000	0.000000	0.000000	0.000000	0.000000	0.000000
-1.045609	0.826060	0.769257	0.731906	0.000000	0.000000	0.000000	0.000000	0.000000	0.000000
-1.045527	0.826060	0.739938	0.732943	0.000000	0.000000	0.000000	0.000000	0.000000	0.000000
-1.045510	0.826060	0.769194	0.732950	0.000000	0.000000	0.000000	0.000000	0.000000	0.000000
-1.045502	0.826060	0.769121	0.732969	0.000000	0.000000	0.000000	0.000000	0.000000	0.000000
-1.045538	0.826060	0.769232	0.728049	0.000000	0.000000	0.000000	0.000000	0.000000	0.000000
-1.045491	0.826059	0.769292	0.673259	0.000000	0.000000	0.000000	0.000000	0.000000	0.000000
-1.045532	0.826060	0.769296	0.732518	0.000000	0.000000	0.000000	0.000000	0.000000	0.000000
-1.045605	0.826059	0.769344	0.732814	0.000000	0.000000	0.000000	0.000000	0.000000	0.000000
-1.045431	0.826059	0.769168	0.733055	0.000000	0.000000	0.000000	0.000000	0.000000	0.000000
-1.045495	0.826060	0.768997	0.733053	0.000000	0.000000	0.000000	0.000000	0.000000	0.000000
-1.045555	0.826059	0.769178	0.733048	0.000000	0.000000	0.000000	0.000000	0.000000	0.000000
-1.045367	0.826060	0.767908	0.733027	0.000000	0.000000	0.000000	0.000000	0.000000	0.000000
-1.045327	0.826060	0.769009	0.732820	0.000000	0.000000	0.000000	0.000000	0.000000	0.000000
-1.045478	0.826060	0.769201	0.733005	0.000000	0.000000	0.000000	0.000000	0.000000	0.000000
-1.045336	0.826060	0.769012	0.733041	0.000000	0.000000	0.000000	0.000000	0.000000	0.000000
-1.045427	0.826060	0.769179	0.733051	0.000000	0.000000	0.000000	0.000000	0.000000	0.000000
-1.045424	0.826060	0.769087	0.698619	0.000000	0.000000	0.000000	0.000000	0.000000	0.000000
-1.045413	0.826060	0.769129	0.732508	0.000000	0.000000	0.000000	0.000000	0.000000	0.000000
-1.045433	0.826060	0.768910	0.733002	0.000000	0.000000	0.000000	0.000000	0.000000	0.000000
-1.045555	0.826059	0.769258	0.732663	0.000000	0.000000	0.000000	0.000000	0.000000	0.000000
-1.045608	0.826059	0.769015	0.733056	0.000000	0.000000	0.000000	0.000000	0.000000	0.000000
-1.045476	0.826060	0.769145	0.732988	0.000000	0.000000	0.000000	0.000000	0.000000	0.000000
-1.045556	0.826060	0.769116	0.733057	0.000000	0.000000	0.000000	0.000000	0.000000	0.000000
-1.045449	0.826060	0.768779	0.733053	0.000000	0.000000	0.000000	0.000000	0.000000	0.000000
-1.045596	0.826058	0.769285	0.675980	0.000000	0.000000	0.000000	0.000000	0.000000	0.000000
-1.045386	0.826060	0.769016	0.733005	0.000000	0.000000	0.000000	0.000000	0.000000	0.000000
-1.045471	0.826060	0.769288	0.729995	0.000000	0.000000	0.000000	0.000000	0.000000	0.000000
-1.045543	0.826060	0.769140	0.714684	0.000000	0.000000	0.000000	0.000000	0.000000	0.000000
-1.045577	0.826060	0.769107	0.733052	0.000000	0.000000	0.000000	0.000000	0.000000	0.000000
-1.045491	0.826060	0.769200	0.733056	0.000000	0.000000	0.000000	0.000000	0.000000	0.000000
-1.045293	0.826060	0.768965	0.733056	0.000000	0.000000	0.000000	0.000000	0.000000	0.000000
-1.045520	0.826060	0.769055	0.733055	0.000000	0.000000	0.000000	0.000000	0.000000	0.000000
-1.045430	0.826060	0.769202	0.733036	0.000000	0.000000	0.000000	0.000000	0.000000	0.000000
-1.045323	0.826059	0.768987	0.733057	0.000000	0.000000	0.000000	0.000000	0.000000	0.000000
-1.045428	0.826060	0.769002	0.732859	0.000000	0.000000	0.000000	0.000000	0.000000	0.000000
-1.045463	0.826059	0.769297	0.732730	0.000000	0.000000	0.000000	0.000000	0.000000	0.000000
-1.045540	0.826059	0.769177	0.731817	0.000000	0.000000	0.000000	0.000000	0.000000	0.000000
-1.045185	0.826060	0.769133	0.733043	0.000000	0.000000	0.000000	0.000000	0.000000	0.000000
-1.045410	0.826059	0.769142	0.733039	0.000000	0.000000	0.000000	0.000000	0.000000	0.000000
-1.045493	0.826059	0.768935	0.733048	0.000000	0.000000	0.000000	0.000000	0.000000	0.000000
-1.045513	0.826060	0.769334	0.731678	0.000000	0.000000	0.000000	0.000000	0.000000	0.000000
-1.045527	0.826059	0.769075	0.730686	0.000000	0.000000	0.000000	0.000000	0.000000	0.000000
-1.045597	0.826060	0.768947	0.733054	0.000000	0.000000	0.000000	0.000000	0.000000	0.000000
-1.045479	0.826060	0.769005	0.732959	0.000000	0.000000	0.000000	0.000000	0.000000	0.000000
-1.045531	0.826060	0.769212	0.733056	0.000000	0.000000	0.000000	0.000000	0.000000	0.000000
-1.045306	0.826059	0.768984	0.733045	0.000000	0.000000	0.000000	0.000000	0.000000	0.000000
-1.045457	0.826059	0.769189	0.732786	0.000000	0.000000	0.000000	0.000000	0.000000	0.000000
-1.045556	0.826060	0.768942	0.733054	0.000000	0.000000	0.000000	0.000000	0.000000	0.000000
-1.045564	0.826060	0.769224	0.733026	0.000000	0.000000	0.000000	0.000000	0.000000	0.000000
-1.045411	0.826060	0.769077	0.245570	0.000000	0.000000	0.000000	0.000000	0.000000	0.000000
-1.045633	0.826060	0.769001	0.733025	0.000000	0.000000	0.000000	0.000000	0.000000	0.000000
-1.045392	0.826059	0.769045	0.732916	0.000000	0.000000	0.000000	0.000000	0.000000	0.000000
-1.045520	0.826060	0.769199	0.733056	0.000000	0.000000	0.000000	0.000000	0.000000	0.000000
-1.045404	0.826059	0.769251	0.733053	0.000000	0.000000	0.000000	0.000000	0.000000	0.000000
-1.045496	0.826060	0.764273	0.733056	0.000000	0.000000	0.000000	0.000000	0.000000	0.000000
-1.045487	0.826059	0.769279	0.724911	0.000000	0.000000	0.000000	0.000000	0.000000	0.000000
-1.045422	0.826060	0.768425	0.732716	0.000000	0.000000	0.000000	0.000000	0.000000	0.000000
-1.045510	0.826059	0.769210	0.728699	0.000000	0.000000	0.000000	0.000000	0.000000	0.000000
-1.045461	0.826060	0.769251	0.732749	0.000000	0.000000	0.000000	0.000000	0.000000	0.000000
-1.045524	0.826060	0.769308	0.713612	0.000000	0.000000	0.000000	0.000000	0.000000	0.000000
-1.045554	0.826060	0.769119	0.730616	0.000000	0.000000	0.000000	0.000000	0.000000	0.000000
-1.045400	0.826059	0.769138	0.728177	0.000000	0.000000	0.000000	0.000000	0.000000	0.000000
-1.045401	0.826060	0.769039	0.732858	0.000000	0.000000	0.000000	0.000000	0.000000	0.000000
-1.045437	0.826059	0.769228	0.733025	0.000000	0.000000	0.000000	0.000000	0.000000	0.000000
-1.045420	0.826059	0.768926	0.732488	0.000000	0.000000	0.000000	0.000000	0.000000	0.000000
-1.045423	0.826060	0.769062	0.733054	0.000000	0.000000	0.000000	0.000000	0.000000	0.000000
-1.045451	0.826060	0.769110	0.673370	0.000000	0.000000	0.000000	0.000000	0.000000	0.000000
-1.045449	0.826060	0.769009	0.733045	0.000000	0.000000	0.000000	0.000000	0.000000	0.000000
-1.045500	0.826059	0.769009	0.732954	0.000000	0.000000	0.000000	0.000000	0.000000	0.000000
-1.045385	0.826059	0.768974	0.733057	0.000000	0.000000	0.000000	0.000000	0.000000	0.000000
-1.045506	0.826059	0.769209	0.733056	0.000000	0.000000	0.000000	0.000000	0.000000	0.000000
-1.045465	0.826060	0.768993	0.732963	0.000000	0.000000	0.000000	0.000000	0.000000	0.000000
-1.045476	0.826060	0.769139	0.733054	0.000000	0.000000	0.000000	0.000000	0.000000	0.000000
-1.045521	0.826059	0.769062	0.733056	0.000000	0.000000	0.000000	0.000000	0.000000	0.000000
-1.045537	0.826059	0.769156	0.703608	0.000000	0.000000	0.000000	0.000000	0.000000	0.000000
-1.045486	0.826060	0.769031	0.733056	0.000000	0.000000	0.000000	0.000000	0.000000	0.000000
-1.045400	0.826060	0.769069	0.732993	0.000000	0.000000	0.000000	0.000000	0.000000	0.000000
-1.045478	0.826059	0.769071	0.733055	0.000000	0.000000	0.000000	0.000000	0.000000	0.000000
-1.045309	0.826060	0.768914	0.336198	0.000000	0.000000	0.000000	0.000000	0.000000	0.000000
-1.045583	0.826060	0.769228	0.720383	0.000000	0.000000	0.000000	0.000000	0.000000	0.000000
-1.045421	0.826059	0.769200	0.732250	0.000000	0.000000	0.000000	0.000000	0.000000	0.000000
-1.045552	0.826060	0.768960	0.733001	0.000000	0.000000	0.000000	0.000000	0.000000	0.000000
-1.045432	0.826060	0.768949	0.733027	0.000000	0.000000	0.000000	0.000000	0.000000	0.000000
-1.045397	0.826059	0.768687	0.733054	0.000000	0.000000	0.000000	0.000000	0.000000	0.000000
-1.045489	0.826060	0.768998	0.732798	0.000000	0.000000	0.000000	0.000000	0.000000	0.000000
-1.045418	0.826059	0.768920	0.733046	0.000000	0.000000	0.000000	0.000000	0.000000	0.000000
-1.045533	0.826059	0.769343	0.671884	0.000000	0.000000	0.000000	0.000000	0.000000	0.000000
-1.045521	0.826059	0.769189	0.733050	0.000000	0.000000	0.000000	0.000000	0.000000	0.000000
-1.045576	0.826060	0.769133	0.733019	0.000000	0.000000	0.000000	0.000000	0.000000	0.000000
-1.045473	0.826060	0.769070	0.733012	0.000000	0.000000	0.000000	0.000000	0.000000	0.000000
-1.045461	0.826059	0.769038	0.733053	0.000000	0.000000	0.000000	0.000000	0.000000	0.000000
-1.045486	0.826059	0.769006	0.732811	0.000000	0.000000	0.000000	0.000000	0.000000	0.000000
-1.045558	0.826060	0.769077	0.732684	0.000000	0.000000	0.000000	0.000000	0.000000	0.000000
-1.045612	0.826051	0.769311	0.733005	0.000000	0.000000	0.000000	0.000000	0.000000	0.000000
-1.045629	0.826060	0.769298	0.732951	0.000000	0.000000	0.000000	0.000000	0.000000	0.000000
-1.045549	0.826060	0.769016	0.733015	0.000000	0.000000	0.000000	0.000000	0.000000	0.000000
-1.045515	0.826060	0.769013	0.732962	0.000000	0.000000	0.000000	0.000000	0.000000	0.000000
-1.045416	0.826060	0.769061	0.733057	0.000000	0.000000	0.000000	0.000000	0.000000	0.000000
-1.045422	0.826060	0.769061	0.733057	0.000000	0.000000	0.000000	0.000000	0.000000	0.000000
-1.045629	0.826060	0.769266	0.732825	0.000000	0.000000	0.000000	0.000000	0.000000	0.000000
-1.045370	0.826060	0.768910	0.733048	0.000000	0.000000	0.000000	0.000000	0.000000	0.000000
-1.045471	0.826060	0.768999	0.691320	0.000000	0.000000	0.000000	0.000000	0.000000	0.000000
-1.045456	0.826060	0.769101	0.733056	0.000000	0.000000	0.000000	0.000000	0.000000	0.000000
-1.045470	0.826060	0.768982	0.732058	0.000000	0.000000	0.000000	0.000000	0.000000	0.000000
-1.045437	0.826060	0.769258	0.731782	0.000000	0.000000	0.000000	0.000000	0.000000	0.000000
-1.045416	0.826059	0.769204	0.729420	0.000000	0.000000	0.000000	0.000000	0.000000	0.000000
-1.045508	0.826059	0.769125	0.730813	0.000000	0.000000	0.000000	0.000000	0.000000	0.000000
-1.045553	0.826060	0.769088	0.733033	0.000000	0.000000	0.000000	0.000000	0.000000	0.000000
-1.045587	0.826060	0.769236	0.733032	0.000000	0.000000	0.000000	0.000000	0.000000	0.000000
-1.045397	0.826059	0.769011	0.651711	0.000000	0.000000	0.000000	0.000000	0.000000	0.000000
-1.045377	0.826060	0.769129	0.733037	0.000000	0.000000	0.000000	0.000000	0.000000	0.000000
-1.045295	0.826060	0.769197	0.733055	0.000000	0.000000	0.000000	0.000000	0.000000	0.000000
-1.045439	0.826059	0.768684	0.611390	0.000000	0.000000	0.000000	0.000000	0.000000	0.000000
-1.045415	0.826059	0.769392	0.727410	0.000000	0.000000	0.000000	0.000000	0.000000	0.000000
-1.045397	0.826059	0.769158	0.733003	0.000000	0.000000	0.000000	0.000000	0.000000	0.000000
-1.045539	0.826059	0.769373	0.733047	0.000000	0.000000	0.000000	0.000000	0.000000	0.000000
-1.045484	0.826060	0.769163	0.732626	0.000000	0.000000	0.000000	0.000000	0.000000	0.000000
-1.045483	0.826060	0.768963	0.732936	0.000000	0.000000	0.000000	0.000000	0.000000	0.000000
-1.045408	0.826060	0.768945	0.733056	0.000000	0.000000	0.000000	0.000000	0.000000	0.000000
-1.045533	0.826059	0.769313	0.732166	0.000000	0.000000	0.000000	0.000000	0.000000	0.000000
-1.045448	0.826060	0.768813	0.729211	0.000000	0.000000	0.000000	0.000000	0.000000	0.000000
-1.045357	0.826059	0.769008	0.733056	0.000000	0.000000	0.000000	0.000000	0.000000	0.000000
-1.045469	0.826060	0.768898	0.732938	0.000000	0.000000	0.000000	0.000000	0.000000	0.000000
-1.045335	0.826059	0.769281	0.733055	0.000000	0.000000	0.000000	0.000000	0.000000	0.000000
-1.045432	0.826060	0.769141	0.731386	0.000000	0.000000	0.000000	0.000000	0.000000	0.000000
-1.045567	0.826060	0.769162	0.732917	0.000000	0.000000	0.000000	0.000000	0.000000	0.000000
-1.045511	0.826059	0.769298	0.733031	0.000000	0.000000	0.000000	0.000000	0.000000	0.000000
-1.045552	0.826059	0.769198	0.728002	0.000000	0.000000	0.000000	0.000000	0.000000	0.000000
-1.045438	0.826060	0.769090	0.725314	0.000000	0.000000	0.000000	0.000000	0.000000	0.000000
-1.045417	0.826060	0.769030	0.733056	0.000000	0.000000	0.000000	0.000000	0.000000	0.000000
-1.045520	0.826060	0.769019	0.733057	0.000000	0.000000	0.000000	0.000000	0.000000	0.000000
-1.045563	0.826060	0.769110	0.733056	0.000000	0.000000	0.000000	0.000000	0.000000	0.000000
-1.045548	0.826060	0.768736	0.733051	0.000000	0.000000	0.000000	0.000000	0.000000	0.000000
-1.045591	0.826059	0.769182	0.733042	0.000000	0.000000	0.000000	0.000000	0.000000	0.000000
-1.045430	0.826060	0.769318	0.732779	0.000000	0.000000	0.000000	0.000000	0.000000	0.000000
-1.045342	0.826059	0.769106	0.732894	0.000000	0.000000	0.000000	0.000000	0.000000	0.000000
-1.045478	0.826060	0.769079	0.724398	0.000000	0.000000	0.000000	0.000000	0.000000	0.000000
-1.045554	0.826060	0.769270	0.691648	0.000000	0.000000	0.000000	0.000000	0.000000	0.000000
-1.045440	0.826060	0.769033	0.732876	0.000000	0.000000	0.000000	0.000000	0.000000	0.000000
-1.045556	0.826060	0.769130	0.733056	0.000000	0.000000	0.000000	0.000000	0.000000	0.000000
-1.045359	0.826060	0.769095	0.733028	0.000000	0.000000	0.000000	0.000000	0.000000	0.000000
-1.045577	0.826059	0.769297	0.717926	0.000000	0.000000	0.000000	0.000000	0.000000	0.000000
-1.045456	0.826059	0.769050	0.733057	0.000000	0.000000	0.000000	0.000000	0.000000	0.000000
-1.045412	0.826059	0.769115	0.703607	0.000000	0.000000	0.000000	0.000000	0.000000	0.000000
-1.045693	0.826059	0.769413	0.733049	0.000000	0.000000	0.000000	0.000000	0.000000	0.000000
-1.045405	0.826060	0.769224	0.733055	0.000000	0.000000	0.000000	0.000000	0.000000	0.000000
-1.045593	0.826060	0.769181	0.726510	0.000000	0.000000	0.000000	0.000000	0.000000	0.000000
-1.045478	0.826059	0.769051	0.733056	0.000000	0.000000	0.000000	0.000000	0.000000	0.000000
-1.045319	0.826059	0.767874	0.733047	0.000000	0.000000	0.000000	0.000000	0.000000	0.000000
-1.045727	0.826059	0.769433	0.733053	0.000000	0.000000	0.000000	0.000000	0.000000	0.000000
-1.045474	0.826059	0.769170	0.732635	0.000000	0.000000	0.000000	0.000000	0.000000	0.000000
-1.045542	0.826059	0.769286	0.733036	0.000000	0.000000	0.000000	0.000000	0.000000	0.000000
-1.045473	0.826060	0.769214	0.732503	0.000000	0.000000	0.000000	0.000000	0.000000	0.000000
-1.045305	0.826059	-0.000000	0.000000	0.000000	0.000000	0.000000	0.000000	0.000000	0.000000
-1.045568	0.826060	-0.845652	-0.866503	0.000000	0.000000	0.000000	0.000000	0.000000	0.000000
-1.045404	0.826059	-0.845533	-0.866527	0.000000	0.000000	0.000000	0.000000	0.000000	0.000000
-1.045641	0.826059	-0.845486	-0.866527	0.000000	0.000000	0.000000	0.000000	0.000000	0.000000
-1.045478	0.826059	-0.846095	-0.866307	0.000000	0.000000	0.000000	0.000000	0.000000	0.000000
-1.045467	0.826059	-0.845704	-0.866527	0.000000	0.000000	0.000000	0.000000	0.000000	0.000000
-1.045439	0.826060	-0.845997	-0.866526	0.000000	0.000000	0.000000	0.000000	0.000000	0.000000
-1.045571	0.826059	-0.845524	-0.866276	0.000000	0.000000	0.000000	0.000000	0.000000	0.000000
-1.045401	0.826060	-0.845727	-0.866527	0.000000	0.000000	0.000000	0.000000	0.000000	0.000000
-1.045420	0.826059	-0.845645	-0.866527	0.000000	0.000000	0.000000	0.000000	0.000000	0.000000
-1.045475	0.826059	-0.845582	-0.866521	0.000000	0.000000	0.000000	0.000000	0.000000	0.000000
-1.045448	0.826060	-0.845827	-0.866527	0.000000	0.000000	0.000000	0.000000	0.000000	0.000000
-1.045512	0.826060	-0.845688	-0.866527	0.000000	0.000000	0.000000	0.000000	0.000000	0.000000
-1.045543	0.826059	-0.845962	-0.866458	0.000000	0.000000	0.000000	0.000000	0.000000	0.000000
-1.045565	0.826060	-0.845812	-0.866427	0.000000	0.000000	0.000000	0.000000	0.000000	0.000000
-1.045422	0.826059	-0.845458	-0.866518	0.000000	0.000000	0.000000	0.000000	0.000000	0.000000
-1.045434	0.826060	-0.845798	-0.866452	0.000000	0.000000	0.000000	0.000000	0.000000	0.000000
-1.045590	0.826059	-0.845677	-0.866524	0.000000	0.000000	0.000000	0.000000	0.000000	0.000000
-1.045346	0.826060	-0.845752	-0.866527	0.000000	0.000000	0.000000	0.000000	0.000000	0.000000
-1.045335	0.826060	-0.845962	-0.866481	0.000000	0.000000	0.000000	0.000000	0.000000	0.000000
-1.045530	0.826060	-0.845665	-0.866524	0.000000	0.000000	0.000000	0.000000	0.000000	0.000000
-1.045509	0.826060	-0.845599	-0.866523	0.000000	0.000000	0.000000	0.000000	0.000000	0.000000
-1.045475	0.826060	-0.845456	-0.866527	0.000000	0.000000	0.000000	0.000000	0.000000	0.000000
-1.045378	0.826060	-0.845908	-0.866527	0.000000	0.000000	0.000000	0.000000	0.000000	0.000000
-1.045573	0.826060	-0.845744	-0.866527	0.000000	0.000000	0.000000	0.000000	0.000000	0.000000
-1.045480	0.826059	-0.845712	-0.866457	0.000000	0.000000	0.000000	0.000000	0.000000	0.000000
-1.045593	0.826059	-0.845704	-0.866518	0.000000	0.000000	0.000000	0.000000	0.000000	0.000000
-1.045413	0.826060	-0.845809	-0.864787	0.000000	0.000000	0.000000	0.000000	0.000000	0.000000
-1.045599	0.826059	-0.845614	-0.864127	0.000000	0.000000	0.000000	0.000000	0.000000	0.000000
-1.045412	0.826059	-0.845661	-0.866527	0.000000	0.000000	0.000000	0.000000	0.000000	0.000000
-1.045448	0.826059	-0.845786	-0.866524	0.000000	0.000000	0.000000	0.000000	0.000000	0.000000
-1.045485	0.826059	-0.845814	-0.866527	0.000000	0.000000	0.000000	0.000000	0.000000	0.000000
-1.045320	0.826060	-0.846124	-0.866525	0.000000	0.000000	0.000000	0.000000	0.000000	0.000000
-1.045296	0.826060	-0.845770	-0.866526	0.000000	0.000000	0.000000	0.000000	0.000000	0.000000
-1.045388	0.826060	-0.845801	-0.866523	0.000000	0.000000	0.000000	0.000000	0.000000	0.000000
-1.045457	0.826060	-0.845760	-0.866522	0.000000	0.000000	0.000000	0.000000	0.000000	0.000000
-1.045461	0.826059	-0.845891	-0.866527	0.000000	0.000000	0.000000	0.000000	0.000000	0.000000
-1.045361	0.826060	-0.845833	-0.866527	0.000000	0.000000	0.000000	0.000000	0.000000	0.000000
-1.045421	0.826060	-0.845909	-0.866339	0.000000	0.000000	0.000000	0.000000	0.000000	0.000000
-1.045440	0.826060	-0.845788	-0.866509	0.000000	0.000000	0.000000	0.000000	0.000000	0.000000
-1.045538	0.826060	-0.845741	-0.865321	0.000000	0.000000	0.000000	0.000000	0.000000	0.000000
-1.045436	0.826060	-0.845826	-0.866486	0.000000	0.000000	0.000000	0.000000	0.000000	0.000000
-1.045526	0.826059	-0.845824	-0.866306	0.000000	0.000000	0.000000	0.000000	0.000000	0.000000
-1.045486	0.826060	-0.845445	-0.866519	0.000000	0.000000	0.000000	0.000000	0.000000	0.000000
-1.045553	0.826060	-0.845710	-0.866524	0.000000	0.000000	0.000000	0.000000	0.000000	0.000000
-1.045394	0.826060	-0.845759	-0.866187	0.000000	0.000000	0.000000	0.000000	0.000000	0.000000
-1.045482	0.826059	-0.845746	-0.866516	0.000000	0.000000	0.000000	0.000000	0.000000	0.000000
-1.045515	0.826059	-0.845963	-0.865833	0.000000	0.000000	0.000000	0.000000	0.000000	0.000000
-1.045396	0.826060	-0.845734	-0.866527	0.000000	0.000000	0.000000	0.000000	0.000000	0.000000
-1.045522	0.826059	-0.845861	-0.866527	0.000000	0.000000	0.000000	0.000000	0.000000	0.000000
-1.045534	0.826060	-0.845499	-0.866527	0.000000	0.000000	0.000000	0.000000	0.000000	0.000000
-1.045454	0.826060	-0.845697	-0.865777	0.000000	0.000000	0.000000	0.000000	0.000000	0.000000
-1.045368	0.826059	-0.845806	-0.866527	0.000000	0.000000	0.000000	0.000000	0.000000	0.000000
-1.045631	0.826060	-0.845537	-0.866247	0.000000	0.000000	0.000000	0.000000	0.000000	0.000000
-1.045462	0.826060	-0.845694	-0.866525	0.000000	0.000000	0.000000	0.000000	0.000000	0.000000
-1.045519	0.826060	-0.845803	-0.866526	0.000000	0.000000	0.000000	0.000000	0.000000	0.000000
-1.045435	0.826060	-0.845988	-0.866519	0.000000	0.000000	0.000000	0.000000	0.000000	0.000000
-1.045446	0.826060	-0.845739	-0.865986	0.000000	0.000000	0.000000	0.000000	0.000000	0.000000
-1.045471	0.826059	-0.845649	-0.866526	0.000000	0.000000	0.000000	0.000000	0.000000	0.000000
-1.045462	0.826060	-0.845933	-0.866511	0.000000	0.000000	0.000000	0.000000	0.000000	0.000000
-1.045425	0.826060	-0.845756	-0.866477	0.000000	0.000000	0.000000	0.000000	0.000000	0.000000
-1.045428	0.826060	-0.845775	-0.866526	0.000000	0.000000	0.000000	0.000000	0.000000	0.000000
-1.045392	0.826060	-0.845863	-0.866509	0.000000	0.000000	0.000000	0.000000	0.000000	0.000000
-1.045450	0.826060	-0.845860	-0.850780	0.000000	0.000000	0.000000	0.000000	0.000000	0.000000
-1.045494	0.826060	-0.845741	-0.866517	0.000000	0.000000	0.000000	0.000000	0.000000	0.000000
-1.045507	0.826059	-0.843167	-0.866527	0.000000	0.000000	0.000000	0.000000	0.000000	0.000000
-1.045503	0.826060	-0.845843	-0.866524	0.000000	0.000000	0.000000	0.000000	0.000000	0.000000
-1.045694	0.826060	-0.845458	-0.866512	0.000000	0.000000	0.000000	0.000000	0.000000	0.000000
-1.045412	0.826059	-0.845645	-0.866428	0.000000	0.000000	0.000000	0.000000	0.000000	0.000000
-1.045490	0.826059	-0.845259	-0.866519	0.000000	0.000000	0.000000	0.000000	0.000000	0.000000
-1.045532	0.826060	-0.845634	-0.866527	0.000000	0.000000	0.000000	0.000000	0.000000	0.000000
-1.045465	0.826060	-0.845599	-0.866527	0.000000	0.000000	0.000000	0.000000	0.000000	0.000000
-1.045639	0.826059	-0.845538	-0.866515	0.000000	0.000000	0.000000	0.000000	0.000000	0.000000
-1.045586	0.826059	-0.845729	-0.864896	0.000000	0.000000	0.000000	0.000000	0.000000	0.000000
-1.045518	0.826059	-0.845630	-0.866225	0.000000	0.000000	0.000000	0.000000	0.000000	0.000000
-1.045382	0.826060	-0.845851	-0.866527	0.000000	0.000000	0.000000	0.000000	0.000000	0.000000
-1.045473	0.826060	-0.845379	-0.866525	0.000000	0.000000	0.000000	0.000000	0.000000	0.000000
-1.045372	0.826059	-0.845668	-0.866527	0.000000	0.000000	0.000000	0.000000	0.000000	0.000000
-1.045410	0.826059	-0.845634	-0.866527	0.000000	0.000000	0.000000	0.000000	0.000000	0.000000
-1.045491	0.826060	-0.845656	-0.866523	0.000000	0.000000	0.000000	0.000000	0.000000	0.000000
-1.045418	0.826060	-0.845892	-0.865712	0.000000	0.000000	0.000000	0.000000	0.000000	0.000000
-1.045478	0.826060	-0.845733	-0.866526	0.000000	0.000000	0.000000	0.000000	0.000000	0.000000
-1.045495	0.826060	-0.845785	-0.866504	0.000000	0.000000	0.000000	0.000000	0.000000	0.000000
-1.045374	0.826060	-0.845825	-0.866526	0.000000	0.000000	0.000000	0.000000	0.000000	0.000000
-1.045495	0.826060	-0.845793	-0.804993	0.000000	0.000000	0.000000	0.000000	0.000000	0.000000
-1.045552	0.826060	-0.845807	-0.866527	0.000000	0.000000	0.000000	0.000000	0.000000	0.000000
-1.045381	0.826059	-0.845560	-0.866441	0.000000	0.000000	0.000000	0.000000	0.000000	0.000000
-1.045414	0.826060	-0.845990	-0.860869	0.000000	0.000000	0.000000	0.000000	0.000000	0.000000
-1.045328	0.826060	-0.845988	-0.866520	0.000000	0.000000	0.000000	0.000000	0.000000	0.000000
-1.045516	0.826060	-0.845908	-0.866164	0.000000	0.000000	0.000000	0.000000	0.000000	0.000000
-1.045431	0.826060	-0.845577	-0.866527	0.000000	0.000000	0.000000	0.000000	0.000000	0.000000
-1.045417	0.826060	-0.845644	-0.866527	0.000000	0.000000	0.000000	0.000000	0.000000	0.000000
-1.045491	0.826060	-0.845818	-0.866525	0.000000	0.000000	0.000000	0.000000	0.000000	0.000000
-1.045459	0.826060	-0.845719	-0.866501	0.000000	0.000000	0.000000	0.000000	0.000000	0.000000
-1.045456	0.826060	-0.846034	-0.863286	0.000000	0.000000	0.000000	0.000000	0.000000	0.000000
-1.045517	0.826059	-0.845693	-0.866525	0.000000	0.000000	0.000000	0.000000	0.000000	0.000000
-1.045466	0.826059	-0.845465	-0.866527	0.000000	0.000000	0.000000	0.000000	0.000000	0.000000
-1.045452	0.826059	-0.845619	-0.866518	0.000000	0.000000	0.000000	0.000000	0.000000	0.000000
-1.045478	0.826060	-0.845803	-0.866516	0.000000	0.000000	0.000000	0.000000	0.000000	0.000000
-1.045538	0.826060	-0.845878	-0.866515	0.000000	0.000000	0.000000	0.000000	0.000000	0.000000
-1.045412	0.826060	-0.846005	-0.865987	0.000000	0.000000	0.000000	0.000000	0.000000	0.000000
-1.045507	0.826059	-0.845625	-0.866521	0.000000	0.000000	0.000000	0.000000	0.000000	0.000000
-1.045458	0.826060	-0.845686	-0.866524	0.000000	0.000000	0.000000	0.000000	0.000000	0.000000
-1.045541	0.826059	-0.845466	-0.866525	0.000000	0.000000	0.000000	0.000000	0.000000	0.000000
-1.045421	0.826060	-0.845574	-0.866509	0.000000	0.000000	0.000000	0.000000	0.000000	0.000000
-1.045342	0.826059	-0.845728	-0.836958	0.000000	0.000000	0.000000	0.000000	0.000000	0.000000
-1.045394	0.826060	-0.845502	-0.866510	0.000000	0.000000	0.000000	0.000000	0.000000	0.000000
-1.045540	0.826059	-0.845611	-0.866527	0.000000	0.000000	0.000000	0.000000	0.000000	0.000000
-1.045511	0.826060	-0.845715	-0.866527	0.000000	0.000000	0.000000	0.000000	0.000000	0.000000
-1.045422	0.825989	-0.845666	-0.866526	0.000000	0.000000	0.000000	0.000000	0.000000	0.000000
-1.045431	0.826060	-0.845577	-0.866527	0.000000	0.000000	0.000000	0.000000	0.000000	0.000000
-1.045332	0.826060	-0.845868	-0.866524	0.000000	0.000000	0.000000	0.000000	0.000000	0.000000
-1.045405	0.826060	-0.845786	-0.866515	0.000000	0.000000	0.000000	0.000000	0.000000	0.000000
-1.045415	0.826060	-0.846078	-0.865572	0.000000	0.000000	0.000000	0.000000	0.000000	0.000000
-1.045378	0.826059	-0.845805	-0.866527	0.000000	0.000000	0.000000	0.000000	0.000000	0.000000
-1.045435	0.826060	-0.845857	-0.866527	0.000000	0.000000	0.000000	0.000000	0.000000	0.000000
-1.045416	0.826059	-0.845851	-0.866449	0.000000	0.000000	0.000000	0.000000	0.000000	0.000000
-1.045409	0.826060	-0.845849	-0.866501	0.000000	0.000000	0.000000	0.000000	0.000000	0.000000
-1.045371	0.826060	-0.845670	-0.866121	0.000000	0.000000	0.000000	0.000000	0.000000	0.000000
-1.045477	0.826060	-0.845637	-0.866527	0.000000	0.000000	0.000000	0.000000	0.000000	0.000000
-1.045443	0.826060	-0.845880	-0.866191	0.000000	0.000000	0.000000	0.000000	0.000000	0.000000
-1.045431	0.826060	-0.845607	-0.866525	0.000000	0.000000	0.000000	0.000000	0.000000	0.000000
-1.045504	0.826059	-0.845730	-0.866485	0.000000	0.000000	0.000000	0.000000	0.000000	0.000000
-1.045538	0.826059	-0.845541	-0.866525	0.000000	0.000000	0.000000	0.000000	0.000000	0.000000
-1.045452	0.826060	-0.845918	-0.866527	0.000000	0.000000	0.000000	0.000000	0.000000	0.000000
-1.045493	0.826060	-0.845574	-0.866527	0.000000	0.000000	0.000000	0.000000	0.000000	0.000000
-1.045486	0.826059	-0.845760	-0.833692	0.000000	0.000000	0.000000	0.000000	0.000000	0.000000
-1.045573	0.826060	-0.845679	-0.865770	0.000000	0.000000	0.000000	0.000000	0.000000	0.000000
-1.045403	0.826060	-0.846025	-0.866329	0.000000	0.000000	0.000000	0.000000	0.000000	0.000000
-1.045488	0.826059	-0.845864	-0.862095	0.000000	0.000000	0.000000	0.000000	0.000000	0.000000
-1.045434	0.826060	-0.845771	-0.866527	0.000000	0.000000	0.000000	0.000000	0.000000	0.000000
-1.045459	0.826059	-0.845530	-0.866527	0.000000	0.000000	0.000000	0.000000	0.000000	0.000000
-1.045454	0.826059	-0.846017	-0.866526	0.000000	0.000000	0.000000	0.000000	0.000000	0.000000
-1.045313	0.826059	-0.845762	-0.844758	0.000000	0.000000	0.000000	0.000000	0.000000	0.000000
-1.045520	0.826060	-0.845479	-0.866527	0.000000	0.000000	0.000000	0.000000	0.000000	0.000000
-1.045512	0.826060	-0.845713	-0.866514	0.000000	0.000000	0.000000	0.000000	0.000000	0.000000
-1.045458	0.826060	-0.845528	-0.866527	0.000000	0.000000	0.000000	0.000000	0.000000	0.000000
-1.045533	0.826059	-0.845896	-0.866526	0.000000	0.000000	0.000000	0.000000	0.000000	0.000000
-1.045445	0.826059	-0.845398	-0.866527	0.000000	0.000000	0.000000	0.000000	0.000000	0.000000
-1.045559	0.826060	-0.845514	-0.866525	0.000000	0.000000	0.000000	0.000000	0.000000	0.000000
-1.045481	0.826060	-0.845989	-0.866373	0.000000	0.000000	0.000000	0.000000	0.000000	0.000000
-1.045358	0.826060	-0.846022	-0.866436	0.000000	0.000000	0.000000	0.000000	0.000000	0.000000
-1.045517	0.826060	-0.845698	-0.866527	0.000000	0.000000	0.000000	0.000000	0.000000	0.000000
-1.045266	0.826059	-0.845869	-0.866526	0.000000	0.000000	0.000000	0.000000	0.000000	0.000000
-1.045426	0.826060	-0.845753	-0.866198	0.000000	0.000000	0.000000	0.000000	0.000000	0.000000
-1.045680	0.826060	-0.845678	-0.866477	0.000000	0.000000	0.000000	0.000000	0.000000	0.000000
-1.045534	0.826060	-0.845495	-0.866527	0.000000	0.000000	0.000000	0.000000	0.000000	0.000000
-1.045575	0.826060	-0.845612	-0.866527	0.000000	0.000000	0.000000	0.000000	0.000000	0.000000
-1.045397	0.826060	-0.845805	-0.866525	0.000000	0.000000	0.000000	0.000000	0.000000	0.000000
-1.045324	0.826059	-0.845775	-0.866429	0.000000	0.000000	0.000000	0.000000	0.000000	0.000000
-1.045541	0.826059	-0.845671	-0.866526	0.000000	0.000000	0.000000	0.000000	0.000000	0.000000
-1.045543	0.826059	-0.845764	-0.866526	0.000000	0.000000	0.000000	0.000000	0.000000	0.000000
-1.045490	0.826059	-0.845952	-0.866527	0.000000	0.000000	0.000000	0.000000	0.000000	0.000000
-1.045471	0.826059	-0.845801	-0.859163	0.000000	0.000000	0.000000	0.000000	0.000000	0.000000
-1.045540	0.826060	-0.845470	-0.866514	0.000000	0.000000	0.000000	0.000000	0.000000	0.000000
-1.045502	0.826060	-0.845431	-0.866525	0.000000	0.000000	0.000000	0.000000	0.000000	0.000000
-1.045437	0.826059	-0.845562	-0.866527	0.000000	0.000000	0.000000	0.000000	0.000000	0.000000
-1.045551	0.826060	-0.845742	-0.866516	0.000000	0.000000	0.000000	0.000000	0.000000	0.000000
-1.045573	0.826060	-0.845646	-0.866527	0.000000	0.000000	0.000000	0.000000	0.000000	0.000000
-1.045486	0.826059	-0.845647	-0.866525	0.000000	0.000000	0.000000	0.000000	0.000000	0.000000
-1.045459	0.826060	-0.845833	-0.866525	0.000000	0.000000	0.000000	0.000000	0.000000	0.000000
-1.045451	0.826060	-0.845584	-0.866527	0.000000	0.000000	0.000000	0.000000	0.000000	0.000000
-1.045440	0.826059	-0.845652	-0.866526	0.000000	0.000000	0.000000	0.000000	0.000000	0.000000
-1.045338	0.826060	-0.846042	-0.866527	0.000000	0.000000	0.000000	0.000000	0.000000	0.000000
-1.045505	0.826060	-0.845683	-0.866521	0.000000	0.000000	0.000000	0.000000	0.000000	0.000000
-1.045351	0.826059	-0.845663	-0.866433	0.000000	0.000000	0.000000	0.000000	0.000000	0.000000
-1.045444	0.826060	-0.845644	-0.866527	0.000000	0.000000	0.000000	0.000000	0.000000	0.000000
-1.045568	0.826059	-0.844840	-0.866527	0.000000	0.000000	0.000000	0.000000	0.000000	0.000000
-1.045567	0.826060	-0.845895	-0.866527	0.000000	0.000000	0.000000	0.000000	0.000000	0.000000
-1.045535	0.826060	-0.845746	-0.866527	0.000000	0.000000	0.000000	0.000000	0.000000	0.000000
-1.045511	0.826060	-0.845554	-0.866527	0.000000	0.000000	0.000000	0.000000	0.000000	0.000000
-1.045486	0.826060	-0.845917	-0.860775	0.000000	0.000000	0.000000	0.000000	0.000000	0.000000
-1.045419	0.826045	-0.845602	-0.866523	0.000000	0.000000	0.000000	0.000000	0.000000	0.000000
-1.045456	0.826060	-0.845508	-0.866527	0.000000	0.000000	0.000000	0.000000	0.000000	0.000000
-1.045439	0.826060	-0.845715	-0.866526	0.000000	0.000000	0.000000	0.000000	0.000000	0.000000
-1.045435	0.826059	-0.845657	-0.866505	0.000000	0.000000	0.000000	0.000000	0.000000	0.000000
-1.045423	0.826060	-0.845571	-0.866382	0.000000	0.000000	0.000000	0.000000	0.000000	0.000000
-1.045416	0.826060	-0.845874	-0.866515	0.000000	0.000000	0.000000	0.000000	0.000000	0.000000
-1.045541	0.826060	-0.845847	-0.866519	0.000000	0.000000	0.000000	0.000000	0.000000	0.000000
-1.045435	0.826060	-0.846195	-0.865793	0.000000	0.000000	0.000000	0.000000	0.000000	0.000000
-1.045502	0.826060	-0.845666	-0.866527	0.000000	0.000000	0.000000	0.000000	0.000000	0.000000
-1.045519	0.826059	-0.845829	-0.866527	0.000000	0.000000	0.000000	0.000000	0.000000	0.000000
-1.045505	0.826059	-0.845389	-0.866525	0.000000	0.000000	0.000000	0.000000	0.000000	0.000000
-1.045504	0.826060	-0.845595	-0.866518	0.000000	0.000000	0.000000	0.000000	0.000000	0.000000
-1.045482	0.826060	-0.845826	-0.866378	0.000000	0.000000	0.000000	0.000000	0.000000	0.000000
-1.045474	0.826059	-0.845655	-0.866181	0.000000	0.000000	0.000000	0.000000	0.000000	0.000000
-1.045451	0.826059	-0.845895	-0.866175	0.000000	0.000000	0.000000	0.000000	0.000000	0.000000
-1.045591	0.826059	-0.845680	-0.865334	0.000000	0.000000	0.000000	0.000000	0.000000	0.000000
-1.045518	0.826060	-0.845674	-0.866463	0.000000	0.000000	0.000000	0.000000	0.000000	0.000000
-1.045468	0.826059	-0.845916	-0.866527	0.000000	0.000000	0.000000	0.000000	0.000000	0.000000
-1.045542	0.826059	-0.845577	-0.866499	0.000000	0.000000	0.000000	0.000000	0.000000	0.000000
-1.045488	0.826060	-0.845988	-0.857135	0.000000	0.000000	0.000000	0.000000	0.000000	0.000000
-1.045403	0.826059	-0.846046	-0.866525	0.000000	0.000000	0.000000	0.000000	0.000000	0.000000
-1.045515	0.826060	-0.845771	-0.866526	0.000000	0.000000	0.000000	0.000000	0.000000	0.000000
-1.045404	0.826059	-0.845966	-0.866459	0.000000	0.000000	0.000000	0.000000	0.000000	0.000000
-1.045498	0.826060	-0.845747	-0.866291	0.000000	0.000000	0.000000	0.000000	0.000000	0.000000
-1.045394	0.826060	-0.845925	-0.866526	0.000000	0.000000	0.000000	0.000000	0.000000	0.000000
-1.045406	0.826059	-0.845679	-0.866502	0.000000	0.000000	0.000000	0.000000	0.000000	0.000000
-1.045618	0.826060	-0.845768	-0.866527	0.000000	0.000000	0.000000	0.000000	0.000000	0.000000
-1.045510	0.826060	-0.846092	-0.866525	0.000000	0.000000	0.000000	0.000000	0.000000	0.000000
-1.045429	0.826060	-0.845555	-0.866527	0.000000	0.000000	0.000000	0.000000	0.000000	0.000000
-1.045496	0.826059	-0.845739	-0.865478	0.000000	0.000000	0.000000	0.000000	0.000000	0.000000
-1.045441	0.826060	-0.845740	-0.866527	0.000000	0.000000	0.000000	0.000000	0.000000	0.000000
-1.045537	0.826060	-0.845772	-0.866525	0.000000	0.000000	0.000000	0.000000	0.000000	0.000000
-1.045444	0.826060	-0.845939	-0.860507	0.000000	0.000000	0.000000	0.000000	0.000000	0.000000
-1.045440	0.826059	-0.845777	-0.864378	0.000000	0.000000	0.000000	0.000000	0.000000	0.000000
-1.045569	0.826059	-0.845315	-0.866527	0.000000	0.000000	0.000000	0.000000	0.000000	0.000000
-1.045462	0.826060	-0.845935	-0.866527	0.000000	0.000000	0.000000	0.000000	0.000000	0.000000
-1.045532	0.826059	-0.845389	-0.865177	0.000000	0.000000	0.000000	0.000000	0.000000	0.000000
-1.045355	0.826059	-0.845905	-0.866494	0.000000	0.000000	0.000000	0.000000	0.000000	0.000000
-1.045465	0.826059	-0.845554	-0.866527	0.000000	0.000000	0.000000	0.000000	0.000000	0.000000
-1.045561	0.826060	-0.845703	-0.866527	0.000000	0.000000	0.000000	0.000000	0.000000	0.000000
-1.045582	0.826059	-0.845631	-0.866522	0.000000	0.000000	0.000000	0.000000	0.000000	0.000000
-1.045447	0.826060	-0.845683	-0.866526	0.000000	0.000000	0.000000	0.000000	0.000000	0.000000
-1.045423	0.826059	-0.845583	-0.866527	0.000000	0.000000	0.000000	0.000000	0.000000	0.000000
-1.045515	0.826060	-0.845646	-0.866215	0.000000	0.000000	0.000000	0.000000	0.000000	0.000000
-1.045570	0.826059	-0.845614	-0.866527	0.000000	0.000000	0.000000	0.000000	0.000000	0.000000
-1.045442	0.826060	-0.845913	-0.866527	0.000000	0.000000	0.000000	0.000000	0.000000	0.000000
-1.045586	0.826060	-0.845756	-0.866520	0.000000	0.000000	0.000000	0.000000	0.000000	0.000000
-1.045427	0.826059	-0.845717	-0.866527	0.000000	0.000000	0.000000	0.000000	0.000000	0.000000
-1.045501	0.826059	-0.845613	-0.866499	0.000000	0.000000	0.000000	0.000000	0.000000	0.000000
-1.045504	0.826059	-0.845909	-0.866526	0.000000	0.000000	0.000000	0.000000	0.000000	0.000000
-1.045462	0.826059	-0.845768	-0.866520	0.000000	0.000000	0.000000	0.000000	0.000000	0.000000
-1.045378	0.826060	-0.845536	-0.866527	0.000000	0.000000	0.000000	0.000000	0.000000	0.000000
-1.045467	0.826060	-0.845702	-0.865272	0.000000	0.000000	0.000000	0.000000	0.000000	0.000000
-1.045492	0.826060	-0.845776	-0.866527	0.000000	0.000000	0.000000	0.000000	0.000000	0.000000
-1.045405	0.826059	-0.845551	-0.865424	0.000000	0.000000	0.000000	0.000000	0.000000	0.000000
-1.045595	0.826060	-0.845655	-0.866502	0.000000	0.000000	0.000000	0.000000	0.000000	0.000000
-1.045370	0.826060	-0.845779	-0.839327	0.000000	0.000000	0.000000	0.000000	0.000000	0.000000
-1.045592	0.826060	-0.845663	-0.866527	0.000000	0.000000	0.000000	0.000000	0.000000	0.000000
-1.045528	0.826060	-0.845730	-0.866527	0.000000	0.000000	0.000000	0.000000	0.000000	0.000000
-1.045436	0.826060	-0.845710	-0.866526	0.000000	0.000000	0.000000	0.000000	0.000000	0.000000
-1.045471	0.826060	-0.845679	-0.866527	0.000000	0.000000	0.000000	0.000000	0.000000	0.000000
-1.045602	0.826060	-0.845691	-0.866443	0.000000	0.000000	0.000000	0.000000	0.000000	0.000000
-1.045534	0.826059	-0.846016	-0.866430	0.000000	0.000000	0.000000	0.000000	0.000000	0.000000
-1.045515	0.826060	-0.845773	-0.865262	0.000000	0.000000	0.000000	0.000000	0.000000	0.000000
-1.045568	0.826060	-0.845571	-0.866488	0.000000	0.000000	0.000000	0.000000	0.000000	0.000000
-1.045463	0.826060	-0.846027	-0.866521	0.000000	0.000000	0.000000	0.000000	0.000000	0.000000
-1.045498	0.826059	-0.843154	-0.866524	0.000000	0.000000	0.000000	0.000000	0.000000	0.000000
-1.045431	0.826059	-0.845757	-0.866527	0.000000	0.000000	0.000000	0.000000	0.000000	0.000000
-1.045438	0.826060	-0.846078	-0.866402	0.000000	0.000000	0.000000	0.000000	0.000000	0.000000
-1.045566	0.826060	-0.845582	-0.866527	0.000000	0.000000	0.000000	0.000000	0.000000	0.000000
-1.045353	0.826059	-0.845611	-0.866527	0.000000	0.000000	0.000000	0.000000	0.000000	0.000000
-1.045467	0.826060	-0.845840	-0.865465	0.000000	0.000000	0.000000	0.000000	0.000000	0.000000
-1.045381	0.826059	-0.845841	-0.866518	0.000000	0.000000	0.000000	0.000000	0.000000	0.000000
-1.045414	0.826059	-0.845765	-0.866524	0.000000	0.000000	0.000000	0.000000	0.000000	0.000000
-1.045553	0.826060	-0.845803	-0.858829	0.000000	0.000000	0.000000	0.000000	0.000000	0.000000
-1.045444	0.826060	-0.845729	-0.866527	0.000000	0.000000	0.000000	0.000000	0.000000	0.000000
-1.045580	0.826059	-0.845583	-0.866526	0.000000	0.000000	0.000000	0.000000	0.000000	0.000000
-1.045438	0.826060	-0.845673	-0.866527	0.000000	0.000000	0.000000	0.000000	0.000000	0.000000
