-0.961929	-0.870939	0.865367	-0.858327	0.000000	0.000000	0.000000	0.000000	0.000000	0.000000
-0.962240	-0.870844	0.865356	-0.858327	0.000000	0.000000	0.000000	0.000000	0.000000	0.000000
-0.962084	-0.870974	0.865367	-0.858327	0.000000	0.000000	0.000000	0.000000	0.000000	0.000000
-0.962120	-0.870966	0.865367	-0.858327	0.000000	0.000000	0.000000	0.000000	0.000000	0.000000
-0.962139	-0.870938	0.865274	-0.858327	0.000000	0.000000	0.000000	0.000000	0.000000	0.000000
-0.962116	-0.870748	0.864943	-0.858327	0.000000	0.000000	0.000000	0.000000	0.000000	0.000000
-0.962226	-0.870926	0.865367	-0.858327	0.000000	0.000000	0.000000	0.000000	0.000000	0.000000
-0.962090	-0.870937	0.865367	-0.858307	0.000000	0.000000	0.000000	0.000000	0.000000	0.000000
-0.962269	-0.870700	0.865367	-0.858322	0.000000	0.000000	0.000000	0.000000	0.000000	0.000000
-0.962169	-0.870799	0.865348	-0.858326	0.000000	0.000000	0.000000	0.000000	0.000000	0.000000
-0.962133	-0.870666	0.865263	-0.858327	0.000000	0.000000	0.000000	0.000000	0.000000	0.000000
-0.962062	-0.870857	0.865367	-0.858326	0.000000	0.000000	0.000000	0.000000	0.000000	0.000000
-0.962128	-0.870905	0.862545	-0.858327	0.000000	0.000000	0.000000	0.000000	0.000000	0.000000
-0.962062	-0.870845	0.865364	-0.858327	0.000000	0.000000	0.000000	0.000000	0.000000	0.000000
-0.962260	-0.870620	0.865367	-0.858327	0.000000	0.000000	0.000000	0.000000	0.000000	0.000000
-0.962108	-0.870842	0.865367	-0.858327	0.000000	0.000000	0.000000	0.000000	0.000000	0.000000
-0.962159	-0.871132	0.865367	-0.858326	0.000000	0.000000	0.000000	0.000000	0.000000	0.000000
-0.962077	-0.870797	0.865367	-0.858327	0.000000	0.000000	0.000000	0.000000	0.000000	0.000000
-0.962159	-0.871082	0.865257	-0.858327	0.000000	0.000000	0.000000	0.000000	0.000000	0.000000
-0.962114	-0.870867	0.865357	-0.858327	0.000000	0.000000	0.000000	0.000000	0.000000	0.000000
-0.962129	-0.871048	0.865027	-0.858327	0.000000	0.000000	0.000000	0.000000	0.000000	0.000000
-0.962219	-0.871106	0.865367	-0.858327	0.000000	0.000000	0.000000	0.000000	0.000000	0.000000
-0.962078	-0.871052	0.865367	-0.858325	0.000000	0.000000	0.000000	0.000000	0.000000	0.000000
-0.962106	-0.870888	0.865343	-0.858184	0.000000	0.000000	0.000000	0.000000	0.000000	0.000000
-0.962103	-0.870944	0.865361	-0.858327	0.000000	0.000000	0.000000	0.000000	0.000000	0.000000
-0.962087	-0.870605	0.865367	-0.858324	0.000000	0.000000	0.000000	0.000000	0.000000	0.000000
-0.962000	-0.870598	0.865367	-0.858326	0.000000	0.000000	0.000000	0.000000	0.000000	0.000000
-0.961963	-0.871218	0.865367	-0.858327	0.000000	0.000000	0.000000	0.000000	0.000000	0.000000
-0.962126	-0.870785	0.865364	-0.858327	0.000000	0.000000	0.000000	0.000000	0.000000	0.000000
-0.962161	-0.870748	0.865366	-0.858327	0.000000	0.000000	0.000000	0.000000	0.000000	0.000000
-0.962032	-0.871050	0.104930	-0.858327	0.000000	0.000000	0.000000	0.000000	0.000000	0.000000
-0.962084	-0.870878	0.865367	-0.858313	0.000000	0.000000	0.000000	0.000000	0.000000	0.000000
-0.962192	-0.870830	0.865367	-0.858327	0.000000	0.000000	0.000000	0.000000	0.000000	0.000000
-0.962095	-0.870938	0.865361	-0.858325	0.000000	0.000000	0.000000	0.000000	0.000000	0.000000
-0.962088	-0.871098	0.865366	-0.858327	0.000000	0.000000	0.000000	0.000000	0.000000	0.000000
-0.962181	-0.870758	0.865367	-0.858327	0.000000	0.000000	0.000000	0.000000	0.000000	0.000000
-0.962014	-0.870889	0.865367	-0.858327	0.000000	0.000000	0.000000	0.000000	0.000000	0.000000
-0.962105	-0.870801	0.865367	-0.858327	0.000000	0.000000	0.000000	0.000000	0.000000	0.000000
-0.962293	-0.870936	0.865366	-0.858285	0.000000	0.000000	0.000000	0.000000	0.000000	0.000000
-0.962096	-0.870917	0.865344	-0.858278	0.000000	0.000000	0.000000	0.000000	0.000000	0.000000
-0.962163	-0.870838	0.865328	-0.858327	0.000000	0.000000	0.000000	0.000000	0.000000	0.000000
-0.962074	-0.870798	0.865367	-0.858327	0.000000	0.000000	0.000000	0.000000	0.000000	0.000000
-0.962278	-0.870668	0.865360	-0.858326	0.000000	0.000000	0.000000	0.000000	0.000000	0.000000
-0.962176	-0.870905	0.865367	-0.858204	0.000000	0.000000	0.000000	0.000000	0.000000	0.000000
-0.962036	-0.870951	0.865367	-0.858326	0.000000	0.000000	0.000000	0.000000	0.000000	0.000000
-0.962108	-0.870961	0.865363	-0.858327	0.000000	0.000000	0.000000	0.000000	0.000000	0.000000
-0.962070	-0.871063	0.865360	-0.858222	0.000000	0.000000	0.000000	0.000000	0.000000	0.000000
-0.962172	-0.870970	0.865367	-0.858327	0.000000	0.000000	0.000000	0.000000	0.000000	0.000000
-0.962106	-0.870974	0.865365	-0.858325	0.000000	0.000000	0.000000	0.000000	0.000000	0.000000
-0.962042	-0.870683	0.865367	-0.858323	0.000000	0.000000	0.000000	0.000000	0.000000	0.000000
-0.962148	-0.870707	0.865366	-0.858327	0.000000	0.000000	0.000000	0.000000	0.000000	0.000000
-0.962203	-0.870940	0.865367	-0.858322	0.000000	0.000000	0.000000	0.000000	0.000000	0.000000
-0.961924	-0.871015	0.863624	-0.858327	0.000000	0.000000	0.000000	0.000000	0.000000	0.000000
-0.962049	-0.871024	0.865367	-0.858327	0.000000	0.000000	0.000000	0.000000	0.000000	0.000000
-0.962262	-0.870762	0.865305	-0.858327	0.000000	0.000000	0.000000	0.000000	0.000000	0.000000
-0.962108	-0.870679	0.865362	-0.857579	0.000000	0.000000	0.000000	0.000000	0.000000	0.000000
-0.962200	-0.870688	0.865367	-0.858326	0.000000	0.000000	0.000000	0.000000	0.000000	0.000000
-0.962081	-0.871088	0.865367	-0.858327	0.000000	0.000000	0.000000	0.000000	0.000000	0.000000
-0.962242	-0.870872	0.865367	-0.858326	0.000000	0.000000	0.000000	0.000000	0.000000	0.000000
-0.961967	-0.870955	0.865367	-0.858326	0.000000	0.000000	0.000000	0.000000	0.000000	0.000000
-0.962180	-0.870665	0.865367	-0.858327	0.000000	0.000000	0.000000	0.000000	0.000000	0.000000
-0.962187	-0.870673	0.865367	-0.858327	0.000000	0.000000	0.000000	0.000000	0.000000	0.000000
-0.962185	-0.870846	0.865365	-0.858325	0.000000	0.000000	0.000000	0.000000	0.000000	0.000000
-0.962026	-0.870621	0.865340	-0.858327	0.000000	0.000000	0.000000	0.000000	0.000000	0.000000
-0.962216	-0.870916	0.865367	-0.858324	0.000000	0.000000	0.000000	0.000000	0.000000	0.000000
-0.962048	-0.870996	0.865337	-0.858327	0.000000	0.000000	0.000000	0.000000	0.000000	0.000000
-0.961959	-0.870830	0.865084	-0.858327	0.000000	0.000000	0.000000	0.000000	0.000000	0.000000
-0.962249	-0.870890	0.865367	-0.858327	0.000000	0.000000	0.000000	0.000000	0.000000	0.000000
-0.962026	-0.871002	0.865327	-0.858327	0.000000	0.000000	0.000000	0.000000	0.000000	0.000000
-0.962057	-0.871040	0.865120	-0.858327	0.000000	0.000000	0.000000	0.000000	0.000000	0.000000
-0.962006	-0.870819	0.865308	-0.858327	0.000000	0.000000	0.000000	0.000000	0.000000	0.000000
-0.962112	-0.870763	0.865366	-0.858327	0.000000	0.000000	0.000000	0.000000	0.000000	0.000000
-0.962071	-0.871048	0.865365	-0.858327	0.000000	0.000000	0.000000	0.000000	0.000000	0.000000
-0.962109	-0.870985	0.865349	-0.858327	0.000000	0.000000	0.000000	0.000000	0.000000	0.000000
-0.962109	-0.870770	0.864942	-0.858327	0.000000	0.000000	0.000000	0.000000	0.000000	0.000000
-0.962227	-0.870695	0.865367	-0.857252	0.000000	0.000000	0.000000	0.000000	0.000000	0.000000
-0.962105	-0.871188	0.865365	-0.858327	0.000000	0.000000	0.000000	0.000000	0.000000	0.000000
-0.962210	-0.870743	0.865367	-0.858327	0.000000	0.000000	0.000000	0.000000	0.000000	0.000000
-0.962120	-0.871375	0.865365	-0.858327	0.000000	0.000000	0.000000	0.000000	0.000000	0.000000
-0.962195	-0.871169	0.865350	-0.858327	0.000000	0.000000	0.000000	0.000000	0.000000	0.000000
-0.962058	-0.871168	0.865339	-0.858327	0.000000	0.000000	0.000000	0.000000	0.000000	0.000000
-0.962084	-0.871116	0.865365	-0.858327	0.000000	0.000000	0.000000	0.000000	0.000000	0.000000
-0.962178	-0.871156	0.863094	-0.858327	0.000000	0.000000	0.000000	0.000000	0.000000	0.000000
-0.962219	-0.871019	0.865366	-0.858327	0.000000	0.000000	0.000000	0.000000	0.000000	0.000000
-0.962009	-0.870803	0.865367	-0.858327	0.000000	0.000000	0.000000	0.000000	0.000000	0.000000
-0.962129	-0.870875	0.865337	-0.858327	0.000000	0.000000	0.000000	0.000000	0.000000	0.000000
-0.962077	-0.870947	0.865367	-0.858327	0.000000	0.000000	0.000000	0.000000	0.000000	0.000000
-0.962042	-0.870870	0.865365	-0.858327	0.000000	0.000000	0.000000	0.000000	0.000000	0.000000
-0.962157	-0.870871	0.834370	-0.858327	0.000000	0.000000	0.000000	0.000000	0.000000	0.000000
-0.962166	-0.871016	0.865362	-0.858276	0.000000	0.000000	0.000000	0.000000	0.000000	0.000000
-0.962216	-0.871123	0.865365	-0.858327	0.000000	0.000000	0.000000	0.000000	0.000000	0.000000
-0.962073	-0.870765	0.865367	-0.858327	0.000000	0.000000	0.000000	0.000000	0.000000	0.000000
-0.962190	-0.870506	0.865366	-0.825821	0.000000	0.000000	0.000000	0.000000	0.000000	0.000000
-0.962143	-0.870732	0.865263	-0.858327	0.000000	0.000000	0.000000	0.000000	0.000000	0.000000
-0.962086	-0.870731	0.865360	-0.858327	0.000000	0.000000	0.000000	0.000000	0.000000	0.000000
-0.962110	-0.870901	0.865366	-0.858327	0.000000	0.000000	0.000000	0.000000	0.000000	0.000000
-0.962175	-0.870958	0.865362	-0.858327	0.000000	0.000000	0.000000	0.000000	0.000000	0.000000
-0.962148	-0.870818	0.865367	-0.858327	0.000000	0.000000	0.000000	0.000000	0.000000	0.000000
-0.962117	-0.870949	0.865366	-0.858327	0.000000	0.000000	0.000000	0.000000	0.000000	0.000000
-0.962137	-0.871146	0.865366	-0.858327	0.000000	0.000000	0.000000	0.000000	0.000000	0.000000
-0.961997	-0.871126	0.865346	-0.858327	0.000000	0.000000	0.000000	0.000000	0.000000	0.000000
-0.962134	-0.870882	0.864717	-0.858327	0.000000	0.000000	0.000000	0.000000	0.000000	0.000000
-0.962124	-0.870847	0.865008	-0.858327	0.000000	0.000000	0.000000	0.000000	0.000000	0.000000
-0.962175	-0.870747	0.865367	-0.858327	0.000000	0.000000	0.000000	0.000000	0.000000	0.000000
-0.962204	-0.870677	0.865367	-0.858327	0.000000	0.000000	0.000000	0.000000	0.000000	0.000000
-0.962119	-0.870866	0.865367	-0.857639	0.000000	0.000000	0.000000	0.000000	0.000000	0.000000
-0.962081	-0.870988	0.865306	-0.858327	0.000000	0.000000	0.000000	0.000000	0.000000	0.000000
-0.962154	-0.871123	0.865366	-0.858325	0.000000	0.000000	0.000000	0.000000	0.000000	0.000000
-0.962291	-0.870757	0.865367	-0.858327	0.000000	0.000000	0.000000	0.000000	0.000000	0.000000
-0.962059	-0.870885	0.865367	-0.858323	0.000000	0.000000	0.000000	0.000000	0.000000	0.000000
-0.962077	-0.870995	0.865366	-0.858327	0.000000	0.000000	0.000000	0.000000	0.000000	0.000000
-0.962134	-0.870833	0.860855	-0.858327	0.000000	0.000000	0.000000	0.000000	0.000000	0.000000
-0.962102	-0.871131	0.865365	-0.858327	0.000000	0.000000	0.000000	0.000000	0.000000	0.000000
-0.962089	-0.870364	0.865366	-0.857785	0.000000	0.000000	0.000000	0.000000	0.000000	0.000000
-0.962068	-0.870865	0.865367	-0.858327	0.000000	0.000000	0.000000	0.000000	0.000000	0.000000
-0.962098	-0.870592	0.865367	-0.858327	0.000000	0.000000	0.000000	0.000000	0.000000	0.000000
-0.962071	-0.870833	0.865367	-0.858327	0.000000	0.000000	0.000000	0.000000	0.000000	0.000000
-0.962199	-0.870803	0.865366	-0.858327	0.000000	0.000000	0.000000	0.000000	0.000000	0.000000
-0.962155	-0.870961	0.865367	-0.858320	0.000000	0.000000	0.000000	0.000000	0.000000	0.000000
-0.962140	-0.871005	0.865364	-0.858327	0.000000	0.000000	0.000000	0.000000	0.000000	0.000000
-0.962078	-0.870794	0.865367	-0.858327	0.000000	0.000000	0.000000	0.000000	0.000000	0.000000
-0.962148	-0.870824	0.865348	-0.858327	0.000000	0.000000	0.000000	0.000000	0.000000	0.000000
-0.962116	-0.870688	0.865366	-0.858301	0.000000	0.000000	0.000000	0.000000	0.000000	0.000000
-0.962171	-0.870874	0.865316	-0.858327	0.000000	0.000000	0.000000	0.000000	0.000000	0.000000
-0.962072	-0.870861	0.865367	-0.858326	0.000000	0.000000	0.000000	0.000000	0.000000	0.000000
-0.962005	-0.870883	0.865367	-0.858326	0.000000	0.000000	0.000000	0.000000	0.000000	0.000000
-0.962194	-0.870842	0.865367	-0.858327	0.000000	0.000000	0.000000	0.000000	0.000000	0.000000
-0.962110	-0.870687	0.865367	-0.858327	0.000000	0.000000	0.000000	0.000000	0.000000	0.000000
-0.962096	-0.870957	0.865366	-0.858327	0.000000	0.000000	0.000000	0.000000	0.000000	0.000000
-0.962123	-0.871019	0.863008	-0.858327	0.000000	0.000000	0.000000	0.000000	0.000000	0.000000
-0.962181	-0.870762	0.865367	-0.858327	0.000000	0.000000	0.000000	0.000000	0.000000	0.000000
-0.962077	-0.870911	0.858142	-0.858327	0.000000	0.000000	0.000000	0.000000	0.000000	0.000000
-0.962220	-0.871118	0.865365	-0.858327	0.000000	0.000000	0.000000	0.000000	0.000000	0.000000
-0.962094	-0.870761	0.865212	-0.858327	0.000000	0.000000	0.000000	0.000000	0.000000	0.000000
-0.962160	-0.871283	0.864233	-0.858327	0.000000	0.000000	0.000000	0.000000	0.000000	0.000000
-0.962186	-0.870871	0.865367	-0.858327	0.000000	0.000000	0.000000	0.000000	0.000000	0.000000
-0.962023	-0.870844	0.865367	-0.858327	0.000000	0.000000	0.000000	0.000000	0.000000	0.000000
-0.962208	-0.870448	0.865367	-0.858326	0.000000	0.000000	0.000000	0.000000	0.000000	0.000000
-0.962159	-0.870817	0.865340	-0.858327	0.000000	0.000000	0.000000	0.000000	0.000000	0.000000
-0.962093	-0.870914	0.865367	-0.858327	0.000000	0.000000	0.000000	0.000000	0.000000	0.000000
-0.962067	-0.870680	0.865367	-0.858320	0.000000	0.000000	0.000000	0.000000	0.000000	0.000000
-0.962203	-0.870909	0.865367	-0.858327	0.000000	0.000000	0.000000	0.000000	0.000000	0.000000
-0.962147	-0.871114	0.865367	-0.858327	0.000000	0.000000	0.000000	0.000000	0.000000	0.000000
-0.962144	-0.870986	0.865367	-0.858327	0.000000	0.000000	0.000000	0.000000	0.000000	0.000000
-0.962231	-0.870923	0.865366	-0.858327	0.000000	0.000000	0.000000	0.000000	0.000000	0.000000
-0.962167	-0.870937	0.865367	-0.858327	0.000000	0.000000	0.000000	0.000000	0.000000	0.000000
-0.962177	-0.871193	0.865317	-0.858327	0.000000	0.000000	0.000000	0.000000	0.000000	0.000000
-0.962195	-0.870964	0.865367	-0.858326	0.000000	0.000000	0.000000	0.000000	0.000000	0.000000
-0.962171	-0.870710	0.865367	-0.858327	0.000000	0.000000	0.000000	0.000000	0.000000	0.000000
-0.962108	-0.871113	0.865367	-0.858327	0.000000	0.000000	0.000000	0.000000	0.000000	0.000000
-0.962128	-0.870855	0.865367	-0.858327	0.000000	0.000000	0.000000	0.000000	0.000000	0.000000
-0.962288	-0.870978	0.865271	-0.858327	0.000000	0.000000	0.000000	0.000000	0.000000	0.000000
-0.962055	-0.871147	0.865364	-0.858327	0.000000	0.000000	0.000000	0.000000	0.000000	0.000000
-0.962102	-0.870873	0.865344	-0.858144	0.000000	0.000000	0.000000	0.000000	0.000000	0.000000
-0.962125	-0.870933	0.865366	-0.858327	0.000000	0.000000	0.000000	0.000000	0.000000	0.000000
-0.962178	-0.870783	0.865367	-0.858313	0.000000	0.000000	0.000000	0.000000	0.000000	0.000000
-0.962055	-0.870809	0.865367	-0.858320	0.000000	0.000000	0.000000	0.000000	0.000000	0.000000
-0.962105	-0.870667	0.865367	-0.858327	0.000000	0.000000	0.000000	0.000000	0.000000	0.000000
-0.961925	-0.870743	0.865364	-0.858326	0.000000	0.000000	0.000000	0.000000	0.000000	0.000000
-0.962108	-0.871138	0.865367	-0.858327	0.000000	0.000000	0.000000	0.000000	0.000000	0.000000
-0.962251	-0.870835	0.865367	-0.858326	0.000000	0.000000	0.000000	0.000000	0.000000	0.000000
-0.962165	-0.870833	0.865367	-0.858321	0.000000	0.000000	0.000000	0.000000	0.000000	0.000000
-0.962095	-0.870587	0.865360	-0.858327	0.000000	0.000000	0.000000	0.000000	0.000000	0.000000
-0.962136	-0.870877	0.865362	-0.858327	0.000000	0.000000	0.000000	0.000000	0.000000	0.000000
-0.962098	-0.870931	0.865367	-0.858325	0.000000	0.000000	0.000000	0.000000	0.000000	0.000000
-0.962070	-0.870544	0.865361	-0.858327	0.000000	0.000000	0.000000	0.000000	0.000000	0.000000
-0.962161	-0.870604	0.865355	-0.858327	0.000000	0.000000	0.000000	0.000000	0.000000	0.000000
-0.962147	-0.871088	0.865367	-0.858326	0.000000	0.000000	0.000000	0.000000	0.000000	0.000000
-0.962133	-0.870752	0.865367	-0.858327	0.000000	0.000000	0.000000	0.000000	0.000000	0.000000
-0.962113	-0.870840	0.865360	-0.858327	0.000000	0.000000	0.000000	0.000000	0.000000	0.000000
-0.962076	-0.870852	0.865367	-0.858327	0.000000	0.000000	0.000000	0.000000	0.000000	0.000000
-0.962136	-0.870810	0.865367	-0.858327	0.000000	0.000000	0.000000	0.000000	0.000000	0.000000
-0.962287	-0.870771	0.847043	-0.858327	0.000000	0.000000	0.000000	0.000000	0.000000	0.000000
-0.962194	-0.871086	0.865367	-0.858327	0.000000	0.000000	0.000000	0.000000	0.000000	0.000000
-0.961903	-0.870934	0.865358	-0.858327	0.000000	0.000000	0.000000	0.000000	0.000000	0.000000
-0.962324	-0.870869	0.862414	-0.858327	0.000000	0.000000	0.000000	0.000000	0.000000	0.000000
-0.962135	-0.871019	0.865350	-0.858326	0.000000	0.000000	0.000000	0.000000	0.000000	0.000000
-0.962125	-0.870820	0.861536	-0.858327	0.000000	0.000000	0.000000	0.000000	0.000000	0.000000
-0.962128	-0.870769	0.864207	-0.858327	0.000000	0.000000	0.000000	0.000000	0.000000	0.000000
-0.962043	-0.871077	0.865366	-0.858327	0.000000	0.000000	0.000000	0.000000	0.000000	0.000000
-0.962050	-0.870927	0.865356	-0.858327	0.000000	0.000000	0.000000	0.000000	0.000000	0.000000
-0.962139	-0.871068	0.865358	-0.858327	0.000000	0.000000	0.000000	0.000000	0.000000	0.000000
-0.962069	-0.870777	0.865346	-0.858327	0.000000	0.000000	0.000000	0.000000	0.000000	0.000000
-0.962042	-0.870931	0.846037	-0.858327	0.000000	0.000000	0.000000	0.000000	0.000000	0.000000
-0.962123	-0.870683	0.865367	-0.858323	0.000000	0.000000	0.000000	0.000000	0.000000	0.000000
-0.962133	-0.870689	0.865367	-0.858327	0.000000	0.000000	0.000000	0.000000	0.000000	0.000000
-0.962051	-0.871088	0.865366	-0.858327	0.000000	0.000000	0.000000	0.000000	0.000000	0.000000
-0.962171	-0.870785	0.865349	-0.858327	0.000000	0.000000	0.000000	0.000000	0.000000	0.000000
-0.962003	-0.870978	0.865362	-0.858327	0.000000	0.000000	0.000000	0.000000	0.000000	0.000000
-0.962204	-0.870646	0.865367	-0.858327	0.000000	0.000000	0.000000	0.000000	0.000000	0.000000
-0.962125	-0.870727	0.865367	-0.858326	0.000000	0.000000	0.000000	0.000000	0.000000	0.000000
-0.962175	-0.870805	0.865367	-0.858326	0.000000	0.000000	0.000000	0.000000	0.000000	0.000000
-0.962233	-0.871067	0.822124	-0.858327	0.000000	0.000000	0.000000	0.000000	0.000000	0.000000
-0.962237	-0.870840	0.865364	-0.858315	0.000000	0.000000	0.000000	0.000000	0.000000	0.000000
-0.962125	-0.870934	0.865365	-0.858327	0.000000	0.000000	0.000000	0.000000	0.000000	0.000000
-0.962061	-0.870707	0.865367	-0.857958	0.000000	0.000000	0.000000	0.000000	0.000000	0.000000
-0.962236	-0.871083	0.865237	-0.858327	0.000000	0.000000	0.000000	0.000000	0.000000	0.000000
-0.962076	-0.870678	0.865367	-0.857571	0.000000	0.000000	0.000000	0.000000	0.000000	0.000000
-0.962190	-0.870824	0.865348	-0.858322	0.000000	0.000000	0.000000	0.000000	0.000000	0.000000
-0.962061	-0.870795	0.864926	-0.858327	0.000000	0.000000	0.000000	0.000000	0.000000	0.000000
-0.962083	-0.870686	0.865367	-0.858327	0.000000	0.000000	0.000000	0.000000	0.000000	0.000000
-0.962116	-0.870865	0.865367	-0.823921	0.000000	0.000000	0.000000	0.000000	0.000000	0.000000
-0.962022	-0.870938	0.865342	-0.858327	0.000000	0.000000	0.000000	0.000000	0.000000	0.000000
-0.962170	-0.871058	0.865349	-0.858327	0.000000	0.000000	0.000000	0.000000	0.000000	0.000000
-0.962046	-0.870772	0.861682	-0.858327	0.000000	0.000000	0.000000	0.000000	0.000000	0.000000
-0.962165	-0.871190	0.865336	-0.858327	0.000000	0.000000	0.000000	0.000000	0.000000	0.000000
-0.962164	-0.870991	0.865349	-0.858327	0.000000	0.000000	0.000000	0.000000	0.000000	0.000000
-0.962057	-0.871099	0.865360	-0.858327	0.000000	0.000000	0.000000	0.000000	0.000000	0.000000
-0.962250	-0.870851	0.865367	-0.858324	0.000000	0.000000	0.000000	0.000000	0.000000	0.000000
-0.962066	-0.871268	0.865343	-0.858327	0.000000	0.000000	0.000000	0.000000	0.000000	0.000000
-0.962212	-0.870800	0.865362	-0.858327	0.000000	0.000000	0.000000	0.000000	0.000000	0.000000
-0.961953	-0.870977	0.865367	-0.858327	0.000000	0.000000	0.000000	0.000000	0.000000	0.000000
-0.962086	-0.870891	0.865367	-0.858327	0.000000	0.000000	0.000000	0.000000	0.000000	0.000000
-0.962038	-0.870977	0.823431	-0.858327	0.000000	0.000000	0.000000	0.000000	0.000000	0.000000
-0.962141	-0.871389	0.865367	-0.858327	0.000000	0.000000	0.000000	0.000000	0.000000	0.000000
-0.962167	-0.870504	0.865367	-0.858325	0.000000	0.000000	0.000000	0.000000	0.000000	0.000000
-0.962192	-0.870843	0.864481	-0.858327	0.000000	0.000000	0.000000	0.000000	0.000000	0.000000
-0.962132	-0.871134	0.850981	-0.858327	0.000000	0.000000	0.000000	0.000000	0.000000	0.000000
-0.962122	-0.870966	0.865348	-0.858327	0.000000	0.000000	0.000000	0.000000	0.000000	0.000000
-0.962260	-0.870638	0.865367	-0.858167	0.000000	0.000000	0.000000	0.000000	0.000000	0.000000
-0.962178	-0.870865	0.865367	-0.858327	0.000000	0.000000	0.000000	0.000000	0.000000	0.000000
-0.962123	-0.870798	0.865367	-0.858326	0.000000	0.000000	0.000000	0.000000	0.000000	0.000000
-0.962120	-0.870885	0.865160	-0.858302	0.000000	0.000000	0.000000	0.000000	0.000000	0.000000
-0.962063	-0.870882	0.865354	-0.858326	0.000000	0.000000	0.000000	0.000000	0.000000	0.000000
-0.962093	-0.870742	0.865367	-0.858325	0.000000	0.000000	0.000000	0.000000	0.000000	0.000000
-0.962048	-0.870776	0.865359	-0.858326	0.000000	0.000000	0.000000	0.000000	0.000000	0.000000
-0.962072	-0.870880	0.865367	-0.858327	0.000000	0.000000	0.000000	0.000000	0.000000	0.000000
-0.962044	-0.870729	0.865367	-0.858327	0.000000	0.000000	0.000000	0.000000	0.000000	0.000000
-0.962080	-0.870836	0.865367	-0.858224	0.000000	0.000000	0.000000	0.000000	0.000000	0.000000
-0.962180	-0.870811	0.865367	-0.855330	0.000000	0.000000	0.000000	0.000000	0.000000	0.000000
-0.962213	-0.870919	0.865367	-0.858078	0.000000	0.000000	0.000000	0.000000	0.000000	0.000000
-0.961958	-0.870592	0.865361	-0.858322	0.000000	0.000000	0.000000	0.000000	0.000000	0.000000
-0.962079	-0.871024	0.865352	-0.858327	0.000000	0.000000	0.000000	0.000000	0.000000	0.000000
-0.962183	-0.870696	0.865366	-0.858326	0.000000	0.000000	0.000000	0.000000	0.000000	0.000000
-0.962085	-0.871004	0.865246	-0.858327	0.000000	0.000000	0.000000	0.000000	0.000000	0.000000
-0.962108	-0.870990	0.865367	-0.858257	0.000000	0.000000	0.000000	0.000000	0.000000	0.000000
-0.962121	-0.871067	0.865367	-0.858327	0.000000	0.000000	0.000000	0.000000	0.000000	0.000000
-0.962087	-0.870627	0.865367	-0.858326	0.000000	0.000000	0.000000	0.000000	0.000000	0.000000
-0.962203	-0.870949	0.862914	-0.858327	0.000000	0.000000	0.000000	0.000000	0.000000	0.000000
-0.962151	-0.870994	0.865300	-0.858325	0.000000	0.000000	0.000000	0.000000	0.000000	0.000000
-0.962017	-0.870872	0.865367	-0.858327	0.000000	0.000000	0.000000	0.000000	0.000000	0.000000
-0.962122	-0.870860	0.865367	-0.858327	0.000000	0.000000	0.000000	0.000000	0.000000	0.000000
-0.962061	-0.870860	0.865367	-0.858327	0.000000	0.000000	0.000000	0.000000	0.000000	0.000000
-0.962148	-0.870756	0.865367	-0.847451	0.000000	0.000000	0.000000	0.000000	0.000000	0.000000
-0.962054	-0.871121	0.865367	-0.858327	0.000000	0.000000	0.000000	0.000000	0.000000	0.000000
-0.962060	-0.870840	0.865367	-0.858327	0.000000	0.000000	0.000000	0.000000	0.000000	0.000000
-0.962039	-0.871001	0.865193	-0.858327	0.000000	0.000000	0.000000	0.000000	0.000000	0.000000
-0.962197	-0.871135	0.862780	-0.858327	0.000000	0.000000	0.000000	0.000000	0.000000	0.000000
-0.962174	-0.871060	0.865367	-0.858327	0.000000	0.000000	0.000000	0.000000	0.000000	0.000000
-0.962185	-0.870728	0.865367	-0.858327	0.000000	0.000000	0.000000	0.000000	0.000000	0.000000
-0.961935	-0.870342	0.000012	0.000000	0.000000	0.000000	0.000000	0.000000	0.000000	0.000000
-0.962117	-0.871246	-0.769336	0.801343	0.000000	0.000000	0.000000	0.000000	0.000000	0.000000
-0.962142	-0.870712	-0.769334	0.801436	0.000000	0.000000	0.000000	0.000000	0.000000	0.000000
-0.962167	-0.870680	-0.769089	0.801437	0.000000	0.000000	0.000000	0.000000	0.000000	0.000000
-0.962097	-0.870654	-0.768114	0.801436	0.000000	0.000000	0.000000	0.000000	0.000000	0.000000
-0.962097	-0.871036	-0.769327	0.801437	0.000000	0.000000	0.000000	0.000000	0.000000	0.000000
-0.962318	-0.870867	-0.769336	0.801436	0.000000	0.000000	0.000000	0.000000	0.000000	0.000000
-0.962189	-0.871119	-0.769335	0.801436	0.000000	0.000000	0.000000	0.000000	0.000000	0.000000
-0.961998	-0.870889	-0.769329	0.801436	0.000000	0.000000	0.000000	0.000000	0.000000	0.000000
-0.962143	-0.870792	-0.769336	0.801436	0.000000	0.000000	0.000000	0.000000	0.000000	0.000000
-0.962063	-0.870906	-0.769336	0.801182	0.000000	0.000000	0.000000	0.000000	0.000000	0.000000
-0.962025	-0.870605	-0.769291	0.801436	0.000000	0.000000	0.000000	0.000000	0.000000	0.000000
-0.962095	-0.870980	-0.769336	0.801434	0.000000	0.000000	0.000000	0.000000	0.000000	0.000000
-0.962125	-0.870514	-0.769130	0.801437	0.000000	0.000000	0.000000	0.000000	0.000000	0.000000
-0.962082	-0.870506	-0.768897	0.801436	0.000000	0.000000	0.000000	0.000000	0.000000	0.000000
-0.962077	-0.871039	-0.769324	0.801436	0.000000	0.000000	0.000000	0.000000	0.000000	0.000000
-0.962067	-0.870808	-0.759336	0.801437	0.000000	0.000000	0.000000	0.000000	0.000000	0.000000
-0.962122	-0.870966	-0.769245	0.801436	0.000000	0.000000	0.000000	0.000000	0.000000	0.000000
-0.962293	-0.870778	-0.760403	0.801437	0.000000	0.000000	0.000000	0.000000	0.000000	0.000000
-0.962238	-0.870819	-0.769334	0.801437	0.000000	0.000000	0.000000	0.000000	0.000000	0.000000
-0.961897	-0.870616	-0.769335	0.801432	0.000000	0.000000	0.000000	0.000000	0.000000	0.000000
-0.962205	-0.870941	-0.769286	0.801433	0.000000	0.000000	0.000000	0.000000	0.000000	0.000000
-0.962089	-0.870652	-0.764864	0.801436	0.000000	0.000000	0.000000	0.000000	0.000000	0.000000
-0.962082	-0.870731	-0.768692	0.801436	0.000000	0.000000	0.000000	0.000000	0.000000	0.000000
-0.962037	-0.870824	-0.769336	0.801436	0.000000	0.000000	0.000000	0.000000	0.000000	0.000000
-0.962102	-0.871028	-0.769329	0.801410	0.000000	0.000000	0.000000	0.000000	0.000000	0.000000
-0.962226	-0.870717	-0.769335	0.801428	0.000000	0.000000	0.000000	0.000000	0.000000	0.000000
-0.962049	-0.870937	-0.769313	0.801436	0.000000	0.000000	0.000000	0.000000	0.000000	0.000000
-0.961939	-0.870918	-0.768696	0.801437	0.000000	0.000000	0.000000	0.000000	0.000000	0.000000
-0.962205	-0.870685	-0.769191	0.801437	0.000000	0.000000	0.000000	0.000000	0.000000	0.000000
-0.962210	-0.870853	-0.769336	0.801435	0.000000	0.000000	0.000000	0.000000	0.000000	0.000000
-0.962189	-0.870942	-0.769330	0.801436	0.000000	0.000000	0.000000	0.000000	0.000000	0.000000
-0.962060	-0.870828	-0.769336	0.801397	0.000000	0.000000	0.000000	0.000000	0.000000	0.000000
-0.962242	-0.871286	-0.769336	0.801437	0.000000	0.000000	0.000000	0.000000	0.000000	0.000000
-0.961992	-0.871035	-0.768592	0.801436	0.000000	0.000000	0.000000	0.000000	0.000000	0.000000
-0.962121	-0.871053	-0.768760	0.801436	0.000000	0.000000	0.000000	0.000000	0.000000	0.000000
-0.962052	-0.870769	-0.769273	0.801437	0.000000	0.000000	0.000000	0.000000	0.000000	0.000000
-0.961954	-0.871051	-0.769336	0.785659	0.000000	0.000000	0.000000	0.000000	0.000000	0.000000
-0.962144	-0.870878	-0.769336	0.801426	0.000000	0.000000	0.000000	0.000000	0.000000	0.000000
-0.962170	-0.871009	-0.597543	0.801436	0.000000	0.000000	0.000000	0.000000	0.000000	0.000000
-0.962193	-0.870751	-0.769282	0.801436	0.000000	0.000000	0.000000	0.000000	0.000000	0.000000
-0.962177	-0.870867	-0.769336	0.801436	0.000000	0.000000	0.000000	0.000000	0.000000	0.000000
-0.962141	-0.870837	-0.769336	0.801436	0.000000	0.000000	0.000000	0.000000	0.000000	0.000000
-0.962038	-0.871209	-0.769335	0.801436	0.000000	0.000000	0.000000	0.000000	0.000000	0.000000
-0.962129	-0.870682	-0.769322	0.801437	0.000000	0.000000	0.000000	0.000000	0.000000	0.000000
-0.962088	-0.871247	-0.769336	0.801435	0.000000	0.000000	0.000000	0.000000	0.000000	0.000000
-0.962054	-0.870822	-0.768975	0.801432	0.000000	0.000000	0.000000	0.000000	0.000000	0.000000
-0.962150	-0.871005	-0.769333	0.801436	0.000000	0.000000	0.000000	0.000000	0.000000	0.000000
-0.962086	-0.871005	-0.768469	0.801356	0.000000	0.000000	0.000000	0.000000	0.000000	0.000000
-0.962115	-0.870840	-0.766307	0.801428	0.000000	0.000000	0.000000	0.000000	0.000000	0.000000
-0.962050	-0.870956	-0.769336	0.801436	0.000000	0.000000	0.000000	0.000000	0.000000	0.000000
-0.962090	-0.870782	-0.769274	0.801437	0.000000	0.000000	0.000000	0.000000	0.000000	0.000000
-0.962156	-0.870610	-0.769336	0.801436	0.000000	0.000000	0.000000	0.000000	0.000000	0.000000
-0.962092	-0.870795	-0.767438	0.801407	0.000000	0.000000	0.000000	0.000000	0.000000	0.000000
-0.962220	-0.870704	-0.769335	0.801435	0.000000	0.000000	0.000000	0.000000	0.000000	0.000000
-0.962091	-0.871191	-0.769336	0.801436	0.000000	0.000000	0.000000	0.000000	0.000000	0.000000
-0.962202	-0.870678	-0.768767	0.801436	0.000000	0.000000	0.000000	0.000000	0.000000	0.000000
-0.962189	-0.871043	-0.769336	0.798025	0.000000	0.000000	0.000000	0.000000	0.000000	0.000000
-0.962166	-0.870959	-0.769320	0.801423	0.000000	0.000000	0.000000	0.000000	0.000000	0.000000
-0.962141	-0.871017	-0.769309	0.801436	0.000000	0.000000	0.000000	0.000000	0.000000	0.000000
-0.962214	-0.870738	-0.769336	0.800734	0.000000	0.000000	0.000000	0.000000	0.000000	0.000000
-0.962044	-0.870803	-0.769178	0.801437	0.000000	0.000000	0.000000	0.000000	0.000000	0.000000
-0.962168	-0.871126	-0.769334	0.801436	0.000000	0.000000	0.000000	0.000000	0.000000	0.000000
-0.962257	-0.870688	-0.769001	0.801437	0.000000	0.000000	0.000000	0.000000	0.000000	0.000000
-0.962184	-0.870659	-0.769325	0.801437	0.000000	0.000000	0.000000	0.000000	0.000000	0.000000
-0.962228	-0.870985	-0.769329	0.801436	0.000000	0.000000	0.000000	0.000000	0.000000	0.000000
-0.962193	-0.870935	-0.769162	0.801437	0.000000	0.000000	0.000000	0.000000	0.000000	0.000000
-0.962072	-0.870841	-0.768796	0.801436	0.000000	0.000000	0.000000	0.000000	0.000000	0.000000
-0.962291	-0.870949	-0.769336	0.801436	0.000000	0.000000	0.000000	0.000000	0.000000	0.000000
-0.962249	-0.870705	-0.768495	0.801437	0.000000	0.000000	0.000000	0.000000	0.000000	0.000000
-0.962228	-0.870648	-0.767798	0.801436	0.000000	0.000000	0.000000	0.000000	0.000000	0.000000
-0.962136	-0.870914	-0.769317	0.801436	0.000000	0.000000	0.000000	0.000000	0.000000	0.000000
-0.962269	-0.870740	-0.768374	0.801437	0.000000	0.000000	0.000000	0.000000	0.000000	0.000000
-0.962139	-0.870972	-0.769336	0.801435	0.000000	0.000000	0.000000	0.000000	0.000000	0.000000
-0.962056	-0.871142	-0.769335	0.801436	0.000000	0.000000	0.000000	0.000000	0.000000	0.000000
-0.962078	-0.870912	-0.768247	0.801437	0.000000	0.000000	0.000000	0.000000	0.000000	0.000000
-0.962083	-0.870474	-0.769019	0.801437	0.000000	0.000000	0.000000	0.000000	0.000000	0.000000
-0.962078	-0.871144	-0.769072	0.801436	0.000000	0.000000	0.000000	0.000000	0.000000	0.000000
-0.962171	-0.870997	-0.769290	0.801436	0.000000	0.000000	0.000000	0.000000	0.000000	0.000000
-0.962071	-0.871360	-0.769312	0.799386	0.000000	0.000000	0.000000	0.000000	0.000000	0.000000
-0.962175	-0.870638	-0.769331	0.801436	0.000000	0.000000	0.000000	0.000000	0.000000	0.000000
-0.962125	-0.870732	-0.769335	0.801436	0.000000	0.000000	0.000000	0.000000	0.000000	0.000000
-0.962104	-0.871069	-0.769292	0.801436	0.000000	0.000000	0.000000	0.000000	0.000000	0.000000
-0.962075	-0.870937	-0.769335	0.801432	0.000000	0.000000	0.000000	0.000000	0.000000	0.000000
-0.962155	-0.870726	-0.769335	0.801437	0.000000	0.000000	0.000000	0.000000	0.000000	0.000000
-0.962040	-0.870874	-0.769335	0.801436	0.000000	0.000000	0.000000	0.000000	0.000000	0.000000
-0.961978	-0.870881	-0.769186	0.801333	0.000000	0.000000	0.000000	0.000000	0.000000	0.000000
-0.962124	-0.870938	-0.769243	0.801436	0.000000	0.000000	0.000000	0.000000	0.000000	0.000000
-0.962142	-0.870783	-0.769334	0.801435	0.000000	0.000000	0.000000	0.000000	0.000000	0.000000
-0.962353	-0.871037	-0.756116	0.801432	0.000000	0.000000	0.000000	0.000000	0.000000	0.000000
-0.962139	-0.870846	-0.711440	0.801436	0.000000	0.000000	0.000000	0.000000	0.000000	0.000000
-0.962138	-0.871099	-0.769336	0.801416	0.000000	0.000000	0.000000	0.000000	0.000000	0.000000
-0.962127	-0.870651	-0.768671	0.801437	0.000000	0.000000	0.000000	0.000000	0.000000	0.000000
-0.962112	-0.871064	-0.769334	0.801293	0.000000	0.000000	0.000000	0.000000	0.000000	0.000000
-0.962107	-0.870895	-0.769266	0.801436	0.000000	0.000000	0.000000	0.000000	0.000000	0.000000
-0.961890	-0.870870	-0.766333	0.801436	0.000000	0.000000	0.000000	0.000000	0.000000	0.000000
-0.962182	-0.870833	-0.767085	0.801436	0.000000	0.000000	0.000000	0.000000	0.000000	0.000000
-0.962182	-0.870796	-0.769335	0.801431	0.000000	0.000000	0.000000	0.000000	0.000000	0.000000
-0.962264	-0.870580	-0.769332	0.801436	0.000000	0.000000	0.000000	0.000000	0.000000	0.000000
-0.962142	-0.871025	-0.769217	0.799687	0.000000	0.000000	0.000000	0.000000	0.000000	0.000000
-0.962158	-0.870770	-0.769008	0.801435	0.000000	0.000000	0.000000	0.000000	0.000000	0.000000
-0.962089	-0.870713	-0.769267	0.801434	0.000000	0.000000	0.000000	0.000000	0.000000	0.000000
-0.962228	-0.870784	-0.769334	0.801436	0.000000	0.000000	0.000000	0.000000	0.000000	0.000000
-0.962126	-0.871188	-0.769335	0.801432	0.000000	0.000000	0.000000	0.000000	0.000000	0.000000
-0.961986	-0.870982	-0.769336	0.801373	0.000000	0.000000	0.000000	0.000000	0.000000	0.000000
-0.962174	-0.871029	-0.769336	0.801436	0.000000	0.000000	0.000000	0.000000	0.000000	0.000000
-0.962042	-0.871034	-0.769335	0.799770	0.000000	0.000000	0.000000	0.000000	0.000000	0.000000
-0.962199	-0.870700	-0.769336	0.801436	0.000000	0.000000	0.000000	0.000000	0.000000	0.000000
-0.962052	-0.871028	-0.767973	0.801437	0.000000	0.000000	0.000000	0.000000	0.000000	0.000000
-0.962179	-0.870887	-0.769331	0.800907	0.000000	0.000000	0.000000	0.000000	0.000000	0.000000
-0.962105	-0.870875	-0.769332	0.801436	0.000000	0.000000	0.000000	0.000000	0.000000	0.000000
-0.962247	-0.870901	-0.769336	0.801433	0.000000	0.000000	0.000000	0.000000	0.000000	0.000000
-0.962196	-0.870657	-0.769292	0.801436	0.000000	0.000000	0.000000	0.000000	0.000000	0.000000
-0.962136	-0.871041	-0.763666	0.801436	0.000000	0.000000	0.000000	0.000000	0.000000	0.000000
-0.962178	-0.870631	-0.769333	0.801436	0.000000	0.000000	0.000000	0.000000	0.000000	0.000000
-0.962213	-0.870874	-0.769334	0.800220	0.000000	0.000000	0.000000	0.000000	0.000000	0.000000
-0.961998	-0.870864	-0.769336	0.801436	0.000000	0.000000	0.000000	0.000000	0.000000	0.000000
-0.962224	-0.870923	-0.769336	0.801437	0.000000	0.000000	0.000000	0.000000	0.000000	0.000000
-0.962208	-0.870784	-0.769336	0.801436	0.000000	0.000000	0.000000	0.000000	0.000000	0.000000
-0.962167	-0.870917	-0.769335	0.801436	0.000000	0.000000	0.000000	0.000000	0.000000	0.000000
-0.962150	-0.870678	-0.722555	0.801436	0.000000	0.000000	0.000000	0.000000	0.000000	0.000000
-0.962242	-0.871035	-0.769322	0.801434	0.000000	0.000000	0.000000	0.000000	0.000000	0.000000
-0.962142	-0.870866	-0.769336	0.801400	0.000000	0.000000	0.000000	0.000000	0.000000	0.000000
-0.962301	-0.870934	-0.769336	0.801425	0.000000	0.000000	0.000000	0.000000	0.000000	0.000000
-0.962298	-0.870692	-0.769335	0.801436	0.000000	0.000000	0.000000	0.000000	0.000000	0.000000
-0.962048	-0.871108	-0.769327	0.801218	0.000000	0.000000	0.000000	0.000000	0.000000	0.000000
-0.962313	-0.871056	-0.769336	0.801436	0.000000	0.000000	0.000000	0.000000	0.000000	0.000000
-0.962138	-0.870780	-0.769333	0.801436	0.000000	0.000000	0.000000	0.000000	0.000000	0.000000
-0.962106	-0.870885	-0.769035	0.801437	0.000000	0.000000	0.000000	0.000000	0.000000	0.000000
-0.962146	-0.871043	-0.769336	0.801436	0.000000	0.000000	0.000000	0.000000	0.000000	0.000000
-0.961977	-0.870792	-0.763186	0.801426	0.000000	0.000000	0.000000	0.000000	0.000000	0.000000
-0.962095	-0.871000	-0.769336	0.800918	0.000000	0.000000	0.000000	0.000000	0.000000	0.000000
-0.962233	-0.871150	-0.769336	0.801436	0.000000	0.000000	0.000000	0.000000	0.000000	0.000000
-0.962110	-0.870953	-0.769336	0.801415	0.000000	0.000000	0.000000	0.000000	0.000000	0.000000
-0.962092	-0.870889	-0.769336	0.801437	0.000000	0.000000	0.000000	0.000000	0.000000	0.000000
-0.962260	-0.870866	-0.769083	0.801432	0.000000	0.000000	0.000000	0.000000	0.000000	0.000000
-0.961969	-0.870919	-0.769288	0.801429	0.000000	0.000000	0.000000	0.000000	0.000000	0.000000
-0.962153	-0.870969	-0.769335	0.801436	0.000000	0.000000	0.000000	0.000000	0.000000	0.000000
-0.962167	-0.870922	-0.769323	0.801435	0.000000	0.000000	0.000000	0.000000	0.000000	0.000000
-0.962042	-0.870836	-0.769335	0.801436	0.000000	0.000000	0.000000	0.000000	0.000000	0.000000
-0.962128	-0.870980	-0.769336	0.801424	0.000000	0.000000	0.000000	0.000000	0.000000	0.000000
-0.962114	-0.870796	-0.769303	0.801436	0.000000	0.000000	0.000000	0.000000	0.000000	0.000000
-0.962079	-0.870768	-0.769319	0.801436	0.000000	0.000000	0.000000	0.000000	0.000000	0.000000
-0.962116	-0.870888	-0.769336	0.801436	0.000000	0.000000	0.000000	0.000000	0.000000	0.000000
-0.962005	-0.870845	-0.769314	0.801422	0.000000	0.000000	0.000000	0.000000	0.000000	0.000000
-0.962183	-0.870683	-0.765018	0.801436	0.000000	0.000000	0.000000	0.000000	0.000000	0.000000
-0.962184	-0.871125	-0.769319	0.801436	0.000000	0.000000	0.000000	0.000000	0.000000	0.000000
-0.961850	-0.870710	-0.769335	0.800359	0.000000	0.000000	0.000000	0.000000	0.000000	0.000000
-0.961947	-0.870623	-0.769319	0.801436	0.000000	0.000000	0.000000	0.000000	0.000000	0.000000
-0.962044	-0.871055	-0.769335	0.801437	0.000000	0.000000	0.000000	0.000000	0.000000	0.000000
-0.962112	-0.870956	-0.769334	0.801435	0.000000	0.000000	0.000000	0.000000	0.000000	0.000000
-0.962137	-0.870776	-0.768764	0.801436	0.000000	0.000000	0.000000	0.000000	0.000000	0.000000
-0.962200	-0.870671	-0.769334	0.801437	0.000000	0.000000	0.000000	0.000000	0.000000	0.000000
-0.961960	-0.870833	-0.769304	0.801437	0.000000	0.000000	0.000000	0.000000	0.000000	0.000000
-0.962124	-0.870998	-0.768911	0.801434	0.000000	0.000000	0.000000	0.000000	0.000000	0.000000
-0.962161	-0.870826	-0.769173	0.801437	0.000000	0.000000	0.000000	0.000000	0.000000	0.000000
-0.962142	-0.870945	-0.769284	0.801436	0.000000	0.000000	0.000000	0.000000	0.000000	0.000000
-0.962009	-0.870749	-0.769324	0.801436	0.000000	0.000000	0.000000	0.000000	0.000000	0.000000
-0.962197	-0.870705	-0.769279	0.801436	0.000000	0.000000	0.000000	0.000000	0.000000	0.000000
-0.961972	-0.870966	-0.769334	0.801436	0.000000	0.000000	0.000000	0.000000	0.000000	0.000000
-0.962023	-0.871056	-0.769336	0.798829	0.000000	0.000000	0.000000	0.000000	0.000000	0.000000
-0.962192	-0.870471	-0.769336	0.801437	0.000000	0.000000	0.000000	0.000000	0.000000	0.000000
-0.961988	-0.870883	-0.769336	0.801204	0.000000	0.000000	0.000000	0.000000	0.000000	0.000000
-0.962248	-0.870789	-0.769332	0.801437	0.000000	0.000000	0.000000	0.000000	0.000000	0.000000
-0.962184	-0.870847	-0.769336	0.799886	0.000000	0.000000	0.000000	0.000000	0.000000	0.000000
-0.962183	-0.870864	-0.769274	0.801436	0.000000	0.000000	0.000000	0.000000	0.000000	0.000000
-0.962069	-0.871055	-0.768905	0.801436	0.000000	0.000000	0.000000	0.000000	0.000000	0.000000
-0.962147	-0.870848	-0.769336	0.801436	0.000000	0.000000	0.000000	0.000000	0.000000	0.000000
-0.962136	-0.871294	-0.769306	0.801436	0.000000	0.000000	0.000000	0.000000	0.000000	0.000000
-0.962147	-0.870867	-0.766232	0.801436	0.000000	0.000000	0.000000	0.000000	0.000000	0.000000
-0.962122	-0.871060	-0.769327	0.801437	0.000000	0.000000	0.000000	0.000000	0.000000	0.000000
-0.962012	-0.871340	-0.769335	0.801436	0.000000	0.000000	0.000000	0.000000	0.000000	0.000000
-0.962166	-0.870923	-0.769334	0.801421	0.000000	0.000000	0.000000	0.000000	0.000000	0.000000
-0.962082	-0.870837	-0.769312	0.801354	0.000000	0.000000	0.000000	0.000000	0.000000	0.000000
-0.962138	-0.870983	-0.769311	0.801137	0.000000	0.000000	0.000000	0.000000	0.000000	0.000000
-0.962096	-0.870840	-0.769107	0.801435	0.000000	0.000000	0.000000	0.000000	0.000000	0.000000
-0.962140	-0.870764	-0.769336	0.801437	0.000000	0.000000	0.000000	0.000000	0.000000	0.000000
-0.962124	-0.870650	-0.769143	0.801436	0.000000	0.000000	0.000000	0.000000	0.000000	0.000000
-0.962286	-0.870741	-0.769336	0.801437	0.000000	0.000000	0.000000	0.000000	0.000000	0.000000
-0.962318	-0.870719	-0.769276	0.801437	0.000000	0.000000	0.000000	0.000000	0.000000	0.000000
-0.962242	-0.871175	-0.769335	0.801436	0.000000	0.000000	0.000000	0.000000	0.000000	0.000000
-0.962067	-0.871091	-0.769107	0.801436	0.000000	0.000000	0.000000	0.000000	0.000000	0.000000
-0.962173	-0.870761	-0.769290	0.800661	0.000000	0.000000	0.000000	0.000000	0.000000	0.000000
-0.962230	-0.870892	-0.769262	0.801436	0.000000	0.000000	0.000000	0.000000	0.000000	0.000000
-0.962021	-0.871266	-0.769336	0.801253	0.000000	0.000000	0.000000	0.000000	0.000000	0.000000
-0.962257	-0.870589	-0.769328	0.801437	0.000000	0.000000	0.000000	0.000000	0.000000	0.000000
-0.962106	-0.870961	-0.769335	0.801436	0.000000	0.000000	0.000000	0.000000	0.000000	0.000000
-0.962068	-0.870796	-0.769336	0.801434	0.000000	0.000000	0.000000	0.000000	0.000000	0.000000
-0.962017	-0.870747	-0.767238	0.801436	0.000000	0.000000	0.000000	0.000000	0.000000	0.000000
-0.962238	-0.870760	-0.767645	0.801436	0.000000	0.000000	0.000000	0.000000	0.000000	0.000000
-0.962100	-0.871047	-0.769282	0.801418	0.000000	0.000000	0.000000	0.000000	0.000000	0.000000
-0.962065	-0.871114	-0.769333	0.801434	0.000000	0.000000	0.000000	0.000000	0.000000	0.000000
-0.962257	-0.870727	-0.769335	0.801436	0.000000	0.000000	0.000000	0.000000	0.000000	0.000000
-0.962150	-0.871057	-0.769073	0.801412	0.000000	0.000000	0.000000	0.000000	0.000000	0.000000
-0.962200	-0.870837	-0.769334	0.801437	0.000000	0.000000	0.000000	0.000000	0.000000	0.000000
-0.962036	-0.870865	-0.769333	0.801436	0.000000	0.000000	0.000000	0.000000	0.000000	0.000000
-0.962222	-0.870852	-0.769335	0.801269	0.000000	0.000000	0.000000	0.000000	0.000000	0.000000
-0.962128	-0.870954	-0.769336	0.801434	0.000000	0.000000	0.000000	0.000000	0.000000	0.000000
-0.961954	-0.870985	-0.769335	0.801108	0.000000	0.000000	0.000000	0.000000	0.000000	0.000000
-0.962164	-0.870923	-0.768915	0.801436	0.000000	0.000000	0.000000	0.000000	0.000000	0.000000
-0.962188	-0.870831	-0.769301	0.801436	0.000000	0.000000	0.000000	0.000000	0.000000	0.000000
-0.962144	-0.870909	-0.769336	0.801306	0.000000	0.000000	0.000000	0.000000	0.000000	0.000000
-0.962156	-0.871056	-0.769332	0.801437	0.000000	0.000000	0.000000	0.000000	0.000000	0.000000
-0.962173	-0.870993	-0.769319	0.801435	0.000000	0.000000	0.000000	0.000000	0.000000	0.000000
-0.962176	-0.870540	-0.768228	0.801437	0.000000	0.000000	0.000000	0.000000	0.000000	0.000000
-0.962179	-0.870664	-0.769077	0.801437	0.000000	0.000000	0.000000	0.000000	0.000000	0.000000
-0.962124	-0.870918	-0.769319	0.801436	0.000000	0.000000	0.000000	0.000000	0.000000	0.000000
-0.962167	-0.870984	-0.769321	0.799777	0.000000	0.000000	0.000000	0.000000	0.000000	0.000000
-0.962141	-0.871035	-0.747078	0.801437	0.000000	0.000000	0.000000	0.000000	0.000000	0.000000
-0.962133	-0.871015	-0.768904	0.801437	0.000000	0.000000	0.000000	0.000000	0.000000	0.000000
-0.962196	-0.871012	-0.769335	0.801436	0.000000	0.000000	0.000000	0.000000	0.000000	0.000000
-0.962207	-0.870973	-0.768977	0.801437	0.000000	0.000000	0.000000	0.000000	0.000000	0.000000
-0.962035	-0.870966	-0.765441	0.801436	0.000000	0.000000	0.000000	0.000000	0.000000	0.000000
-0.962047	-0.870812	-0.769334	0.801436	0.000000	0.000000	0.000000	0.000000	0.000000	0.000000
-0.962174	-0.870684	-0.769320	0.801436	0.000000	0.000000	0.000000	0.000000	0.000000	0.000000
-0.962170	-0.870983	-0.769332	0.801437	0.000000	0.000000	0.000000	0.000000	0.000000	0.000000
-0.962136	-0.870742	-0.759918	0.801437	0.000000	0.000000	0.000000	0.000000	0.000000	0.000000
-0.961984	-0.870814	-0.769324	0.801352	0.000000	0.000000	0.000000	0.000000	0.000000	0.000000
-0.962155	-0.871004	-0.769307	0.801434	0.000000	0.000000	0.000000	0.000000	0.000000	0.000000
-0.962167	-0.871097	-0.762178	0.801436	0.000000	0.000000	0.000000	0.000000	0.000000	0.000000
-0.962075	-0.870776	-0.769333	0.801436	0.000000	0.000000	0.000000	0.000000	0.000000	0.000000
-0.962072	-0.870780	-0.769266	0.801436	0.000000	0.000000	0.000000	0.000000	0.000000	0.000000
-0.962213	-0.870707	-0.769030	0.801437	0.000000	0.000000	0.000000	0.000000	0.000000	0.000000
-0.962205	-0.870863	-0.769335	0.801436	0.000000	0.000000	0.000000	0.000000	0.000000	0.000000
-0.962171	-0.870848	-0.769336	0.789621	0.000000	0.000000	0.000000	0.000000	0.000000	0.000000
-0.962063	-0.870784	-0.769336	0.801437	0.000000	0.000000	0.000000	0.000000	0.000000	0.000000
-0.962080	-0.870693	-0.769282	0.801436	0.000000	0.000000	0.000000	0.000000	0.000000	0.000000
-0.962149	-0.870768	-0.769322	0.801436	0.000000	0.000000	0.000000	0.000000	0.000000	0.000000
-0.962106	-0.870841	-0.769335	0.801339	0.000000	0.000000	0.000000	0.000000	0.000000	0.000000
-0.962080	-0.870908	-0.769182	0.801065	0.000000	0.000000	0.000000	0.000000	0.000000	0.000000
-0.962060	-0.870908	-0.769333	0.801436	0.000000	0.000000	0.000000	0.000000	0.000000	0.000000
-0.962206	-0.870560	-0.769328	0.801436	0.000000	0.000000	0.000000	0.000000	0.000000	0.000000
-0.962166	-0.870692	-0.769321	0.801436	0.000000	0.000000	0.000000	0.000000	0.000000	0.000000
-0.962203	-0.871078	-0.769258	0.801437	0.000000	0.000000	0.000000	0.000000	0.000000	0.000000
-0.962289	-0.870931	-0.769336	0.800864	0.000000	0.000000	0.000000	0.000000	0.000000	0.000000
-0.962230	-0.870766	-0.765892	0.801436	0.000000	0.000000	0.000000	0.000000	0.000000	0.000000
-0.962019	-0.870662	-0.769183	0.801436	0.000000	0.000000	0.000000	0.000000	0.000000	0.000000
-0.962127	-0.871204	-0.769336	0.801433	0.000000	0.000000	0.000000	0.000000	0.000000	0.000000
-0.962150	-0.870788	-0.749577	0.801436	0.000000	0.000000	0.000000	0.000000	0.000000	0.000000
-0.962167	-0.870668	-0.766006	0.801437	0.000000	0.000000	0.000000	0.000000	0.000000	0.000000
-0.962051	-0.871134	-0.769323	0.801435	0.000000	0.000000	0.000000	0.000000	0.000000	0.000000
-0.962130	-0.870768	-0.769326	0.801436	0.000000	0.000000	0.000000	0.000000	0.000000	0.000000
-0.961979	-0.871108	-0.769313	0.801431	0.000000	0.000000	0.000000	0.000000	0.000000	0.000000
-0.962325	-0.870637	-0.769322	0.801436	0.000000	0.000000	0.000000	0.000000	0.000000	0.000000
-0.962173	-0.870727	-0.767334	0.801437	0.000000	0.000000	0.000000	0.000000	0.000000	0.000000
-0.962086	-0.870524	-0.769335	0.801437	0.000000	0.000000	0.000000	0.000000	0.000000	0.000000
-0.962048	-0.870850	-0.769312	0.801437	0.000000	0.000000	0.000000	0.000000	0.000000	0.000000
-0.962075	-0.870865	-0.769334	0.801437	0.000000	0.000000	0.000000	0.000000	0.000000	0.000000
-0.962137	-0.871160	-0.769335	0.801436	0.000000	0.000000	0.000000	0.000000	0.000000	0.000000
-0.962015	-0.870889	-0.769333	0.801436	0.000000	0.000000	0.000000	0.000000	0.000000	0.000000
-0.961914	0.822676	0.000003	-0.000000	0.000000	0.000000	0.000000	0.000000	0.000000	0.000000
-0.962079	0.833128	0.865099	-0.000022	0.000000	0.000000	0.000000	0.000000	0.000000	0.000000
-0.962232	0.833128	0.865367	0.000000	0.000000	0.000000	0.000000	0.000000	0.000000	0.000000
-0.962156	0.833128	0.865365	-0.000000	0.000000	0.000000	0.000000	0.000000	0.000000	0.000000
-0.962227	0.833128	0.865218	-0.000000	0.000000	0.000000	0.000000	0.000000	0.000000	0.000000
-0.962183	0.833128	0.865340	-0.000000	0.000000	0.000000	0.000000	0.000000	0.000000	0.000000
-0.962264	0.833128	0.865367	-0.000000	0.000000	0.000000	0.000000	0.000000	0.000000	0.000000
-0.962142	0.833128	0.865295	-0.000000	0.000000	0.000000	0.000000	0.000000	0.000000	0.000000
-0.962008	0.833128	0.865338	-0.000000	0.000000	0.000000	0.000000	0.000000	0.000000	0.000000
-0.961979	0.833128	0.865367	-0.000000	0.000000	0.000000	0.000000	0.000000	0.000000	0.000000
-0.962161	0.833128	0.865347	-0.000000	0.000000	0.000000	0.000000	0.000000	0.000000	0.000000
-0.962157	0.833128	0.865367	0.000000	0.000000	0.000000	0.000000	0.000000	0.000000	0.000000
-0.962146	0.833128	0.865296	-0.000000	0.000000	0.000000	0.000000	0.000000	0.000000	0.000000
-0.962163	0.833128	0.865367	0.000000	0.000000	0.000000	0.000000	0.000000	0.000000	0.000000
-0.962092	0.833128	0.865367	0.000000	0.000000	0.000000	0.000000	0.000000	0.000000	0.000000
-0.962269	0.833127	0.865367	-0.000000	0.000000	0.000000	0.000000	0.000000	0.000000	0.000000
-0.962085	0.833128	0.865270	-0.000000	0.000000	0.000000	0.000000	0.000000	0.000000	0.000000
-0.962011	0.833128	0.865367	-0.000000	0.000000	0.000000	0.000000	0.000000	0.000000	0.000000
-0.962263	0.833128	0.865362	-0.000000	0.000000	0.000000	0.000000	0.000000	0.000000	0.000000
-0.962251	0.833128	0.865367	0.000000	0.000000	0.000000	0.000000	0.000000	0.000000	0.000000
-0.962134	0.833128	0.865367	-0.000000	0.000000	0.000000	0.000000	0.000000	0.000000	0.000000
-0.962281	0.833128	0.865367	0.000000	0.000000	0.000000	0.000000	0.000000	0.000000	0.000000
-0.962033	0.833128	0.865367	0.000000	0.000000	0.000000	0.000000	0.000000	0.000000	0.000000
-0.962302	0.833128	0.862446	-0.000000	0.000000	0.000000	0.000000	0.000000	0.000000	0.000000
-0.962065	0.833128	0.865367	-0.000000	0.000000	0.000000	0.000000	0.000000	0.000000	0.000000
-0.962151	0.833128	0.865367	-0.000000	0.000000	0.000000	0.000000	0.000000	0.000000	0.000000
-0.962198	0.833128	0.865367	0.000000	0.000000	0.000000	0.000000	0.000000	0.000000	0.000000
-0.962063	0.833128	0.865367	-0.000000	0.000000	0.000000	0.000000	0.000000	0.000000	0.000000
-0.962078	0.833128	0.865367	-0.000000	0.000000	0.000000	0.000000	0.000000	0.000000	0.000000
-0.962087	0.833128	0.865367	-0.000000	0.000000	0.000000	0.000000	0.000000	0.000000	0.000000
-0.962246	0.833128	0.865366	-0.000000	0.000000	0.000000	0.000000	0.000000	0.000000	0.000000
-0.962048	0.833128	0.865366	-0.000000	0.000000	0.000000	0.000000	0.000000	0.000000	0.000000
-0.962202	0.833128	0.865365	-0.000000	0.000000	0.000000	0.000000	0.000000	0.000000	0.000000
-0.962168	0.833121	0.865290	-0.000000	0.000000	0.000000	0.000000	0.000000	0.000000	0.000000
-0.962260	0.833128	0.865366	0.000000	0.000000	0.000000	0.000000	0.000000	0.000000	0.000000
-0.962031	0.833128	0.865286	-0.000000	0.000000	0.000000	0.000000	0.000000	0.000000	0.000000
-0.962000	0.833128	0.865367	-0.000000	0.000000	0.000000	0.000000	0.000000	0.000000	0.000000
-0.962197	0.833128	0.861392	0.000000	0.000000	0.000000	0.000000	0.000000	0.000000	0.000000
-0.962156	0.833128	0.865367	-0.000000	0.000000	0.000000	0.000000	0.000000	0.000000	0.000000
-0.962290	0.833128	0.865367	-0.000000	0.000000	0.000000	0.000000	0.000000	0.000000	0.000000
-0.962242	0.833128	0.865316	0.000000	0.000000	0.000000	0.000000	0.000000	0.000000	0.000000
-0.962081	0.833128	0.865363	0.000000	0.000000	0.000000	0.000000	0.000000	0.000000	0.000000
-0.962177	0.833128	0.865367	0.000000	0.000000	0.000000	0.000000	0.000000	0.000000	0.000000
-0.962073	0.833128	0.865367	0.000000	0.000000	0.000000	0.000000	0.000000	0.000000	0.000000
-0.962158	0.833128	0.865367	-0.000000	0.000000	0.000000	0.000000	0.000000	0.000000	0.000000
-0.962236	0.833128	0.865285	-0.000000	0.000000	0.000000	0.000000	0.000000	0.000000	0.000000
-0.962124	0.833128	0.865351	0.000000	0.000000	0.000000	0.000000	0.000000	0.000000	0.000000
-0.962186	0.833128	0.865367	-0.000000	0.000000	0.000000	0.000000	0.000000	0.000000	0.000000
-0.962056	0.833128	0.864165	-0.000000	0.000000	0.000000	0.000000	0.000000	0.000000	0.000000
-0.962156	0.833128	0.865367	-0.000000	0.000000	0.000000	0.000000	0.000000	0.000000	0.000000
-0.962005	0.833128	0.865362	-0.000000	0.000000	0.000000	0.000000	0.000000	0.000000	0.000000
-0.962046	0.833128	0.865350	-0.000000	0.000000	0.000000	0.000000	0.000000	0.000000	0.000000
-0.962184	0.833128	0.865257	-0.000000	0.000000	0.000000	0.000000	0.000000	0.000000	0.000000
-0.962086	0.833128	0.865366	-0.000000	0.000000	0.000000	0.000000	0.000000	0.000000	0.000000
-0.962220	0.833128	0.865367	0.000000	0.000000	0.000000	0.000000	0.000000	0.000000	0.000000
-0.962037	0.833128	0.865367	-0.000000	0.000000	0.000000	0.000000	0.000000	0.000000	0.000000
-0.962090	0.833128	0.865367	-0.000000	0.000000	0.000000	0.000000	0.000000	0.000000	0.000000
-0.962067	0.833128	0.865367	-0.000000	0.000000	0.000000	0.000000	0.000000	0.000000	0.000000
-0.962001	0.833128	0.864940	-0.000000	0.000000	0.000000	0.000000	0.000000	0.000000	0.000000
-0.962055	0.833128	0.863324	-0.000000	0.000000	0.000000	0.000000	0.000000	0.000000	0.000000
-0.962225	0.833128	0.865367	-0.000000	0.000000	0.000000	0.000000	0.000000	0.000000	0.000000
-0.962291	0.833128	0.865367	0.000000	0.000000	0.000000	0.000000	0.000000	0.000000	0.000000
-0.962204	0.833128	0.865363	0.000000	0.000000	0.000000	0.000000	0.000000	0.000000	0.000000
-0.962045	0.833128	0.865367	-0.000000	0.000000	0.000000	0.000000	0.000000	0.000000	0.000000
-0.962108	0.833128	0.865367	0.000000	0.000000	0.000000	0.000000	0.000000	0.000000	0.000000
-0.962294	0.833128	0.865365	0.000000	0.000000	0.000000	0.000000	0.000000	0.000000	0.000000
-0.962023	0.833128	0.865367	-0.000000	0.000000	0.000000	0.000000	0.000000	0.000000	0.000000
-0.962164	0.833128	0.865367	-0.000000	0.000000	0.000000	0.000000	0.000000	0.000000	0.000000
-0.962022	0.833128	0.865367	0.000000	0.000000	0.000000	0.000000	0.000000	0.000000	0.000000
-0.962255	0.833128	0.865367	-0.000000	0.000000	0.000000	0.000000	0.000000	0.000000	0.000000
-0.962199	0.833128	0.865366	-0.000000	0.000000	0.000000	0.000000	0.000000	0.000000	0.000000
-0.961998	0.833128	0.865360	-0.000000	0.000000	0.000000	0.000000	0.000000	0.000000	0.000000
-0.962142	0.833128	0.865367	-0.000000	0.000000	0.000000	0.000000	0.000000	0.000000	0.000000
-0.962110	0.833128	0.865367	0.000000	0.000000	0.000000	0.000000	0.000000	0.000000	0.000000
-0.962186	0.833128	0.865226	0.000000	0.000000	0.000000	0.000000	0.000000	0.000000	0.000000
-0.962122	0.833128	0.857238	-0.000000	0.000000	0.000000	0.000000	0.000000	0.000000	0.000000
-0.962181	0.833128	0.865366	-0.000000	0.000000	0.000000	0.000000	0.000000	0.000000	0.000000
-0.962210	0.833128	0.865367	-0.000000	0.000000	0.000000	0.000000	0.000000	0.000000	0.000000
-0.962169	0.833128	0.865286	-0.000000	0.000000	0.000000	0.000000	0.000000	0.000000	0.000000
-0.962055	0.833128	0.864276	-0.000000	0.000000	0.000000	0.000000	0.000000	0.000000	0.000000
-0.962149	0.833128	0.865367	-0.000000	0.000000	0.000000	0.000000	0.000000	0.000000	0.000000
-0.962077	0.833128	0.865367	0.000000	0.000000	0.000000	0.000000	0.000000	0.000000	0.000000
-0.962041	0.829762	0.865367	-0.000000	0.000000	0.000000	0.000000	0.000000	0.000000	0.000000
-0.962001	0.833128	0.865367	0.000000	0.000000	0.000000	0.000000	0.000000	0.000000	0.000000
-0.962143	0.833128	0.865367	-0.000000	0.000000	0.000000	0.000000	0.000000	0.000000	0.000000
-0.962054	0.833128	0.865359	-0.000000	0.000000	0.000000	0.000000	0.000000	0.000000	0.000000
-0.962202	0.833128	0.865367	0.000000	0.000000	0.000000	0.000000	0.000000	0.000000	0.000000
-0.962214	0.833128	0.865365	0.000000	0.000000	0.000000	0.000000	0.000000	0.000000	0.000000
-0.962056	0.833128	0.865367	-0.000000	0.000000	0.000000	0.000000	0.000000	0.000000	0.000000
-0.962162	0.833128	0.865367	0.000000	0.000000	0.000000	0.000000	0.000000	0.000000	0.000000
-0.962204	0.833128	0.865364	0.000000	0.000000	0.000000	0.000000	0.000000	0.000000	0.000000
-0.962097	0.833128	0.865367	0.000000	0.000000	0.000000	0.000000	0.000000	0.000000	0.000000
-0.962210	0.833128	0.865367	-0.000000	0.000000	0.000000	0.000000	0.000000	0.000000	0.000000
-0.962050	0.833128	0.865367	0.000000	0.000000	0.000000	0.000000	0.000000	0.000000	0.000000
-0.962164	0.833128	0.865367	-0.000000	0.000000	0.000000	0.000000	0.000000	0.000000	0.000000
-0.962070	0.833128	0.865367	0.000000	0.000000	0.000000	0.000000	0.000000	0.000000	0.000000
-0.962133	0.833128	0.865367	0.000000	0.000000	0.000000	0.000000	0.000000	0.000000	0.000000
-0.962255	0.833128	0.865365	-0.000000	0.000000	0.000000	0.000000	0.000000	0.000000	0.000000
-0.962313	0.833128	0.865367	0.000000	0.000000	0.000000	0.000000	0.000000	0.000000	0.000000
-0.962247	0.833128	0.865367	0.000000	0.000000	0.000000	0.000000	0.000000	0.000000	0.000000
-0.962150	0.833128	0.865311	-0.000000	0.000000	0.000000	0.000000	0.000000	0.000000	0.000000
-0.961992	0.833128	0.865367	-0.000000	0.000000	0.000000	0.000000	0.000000	0.000000	0.000000
-0.962014	0.833128	0.865367	-0.000000	0.000000	0.000000	0.000000	0.000000	0.000000	0.000000
-0.962219	0.833128	0.865366	0.000000	0.000000	0.000000	0.000000	0.000000	0.000000	0.000000
-0.962105	0.833128	0.865367	0.000000	0.000000	0.000000	0.000000	0.000000	0.000000	0.000000
-0.962062	0.833128	0.865367	0.000000	0.000000	0.000000	0.000000	0.000000	0.000000	0.000000
-0.962035	0.833128	0.865366	-0.000000	0.000000	0.000000	0.000000	0.000000	0.000000	0.000000
-0.962157	0.833128	0.865352	0.000000	0.000000	0.000000	0.000000	0.000000	0.000000	0.000000
-0.962100	0.833128	0.864978	-0.000000	0.000000	0.000000	0.000000	0.000000	0.000000	0.000000
-0.962175	0.833128	0.865367	0.000000	0.000000	0.000000	0.000000	0.000000	0.000000	0.000000
-0.962064	0.833128	0.865366	-0.000000	0.000000	0.000000	0.000000	0.000000	0.000000	0.000000
-0.961975	0.833128	0.865367	0.000000	0.000000	0.000000	0.000000	0.000000	0.000000	0.000000
-0.962092	0.833128	0.865349	-0.000000	0.000000	0.000000	0.000000	0.000000	0.000000	0.000000
-0.962059	0.833128	0.865365	0.000000	0.000000	0.000000	0.000000	0.000000	0.000000	0.000000
-0.961899	0.833128	0.864731	-0.000000	0.000000	0.000000	0.000000	0.000000	0.000000	0.000000
-0.962121	0.833128	0.865367	0.000000	0.000000	0.000000	0.000000	0.000000	0.000000	0.000000
-0.962291	0.833128	0.865312	-0.000000	0.000000	0.000000	0.000000	0.000000	0.000000	0.000000
-0.962194	0.833128	0.865367	-0.000000	0.000000	0.000000	0.000000	0.000000	0.000000	0.000000
-0.961993	0.833128	0.865367	-0.000000	0.000000	0.000000	0.000000	0.000000	0.000000	0.000000
-0.962222	0.833128	0.865367	0.000000	0.000000	0.000000	0.000000	0.000000	0.000000	0.000000
-0.962035	0.833128	0.865367	0.000000	0.000000	0.000000	0.000000	0.000000	0.000000	0.000000
-0.962090	0.833128	0.865340	-0.000000	0.000000	0.000000	0.000000	0.000000	0.000000	0.000000
-0.962242	0.833128	0.865367	-0.000000	0.000000	0.000000	0.000000	0.000000	0.000000	0.000000
-0.962181	0.833128	0.865367	-0.000000	0.000000	0.000000	0.000000	0.000000	0.000000	0.000000
-0.962197	0.833128	0.865367	-0.000000	0.000000	0.000000	0.000000	0.000000	0.000000	0.000000
-0.962160	0.833128	0.865367	0.000000	0.000000	0.000000	0.000000	0.000000	0.000000	0.000000
-0.962233	0.833128	0.865361	-0.000001	0.000000	0.000000	0.000000	0.000000	0.000000	0.000000
-0.962166	0.833128	0.865366	-0.000000	0.000000	0.000000	0.000000	0.000000	0.000000	0.000000
-0.962176	0.833128	0.865367	0.000000	0.000000	0.000000	0.000000	0.000000	0.000000	0.000000
-0.962210	0.833128	0.865367	-0.000000	0.000000	0.000000	0.000000	0.000000	0.000000	0.000000
-0.962300	0.833128	0.865367	-0.000000	0.000000	0.000000	0.000000	0.000000	0.000000	0.000000
-0.962133	0.833128	0.865367	-0.000000	0.000000	0.000000	0.000000	0.000000	0.000000	0.000000
-0.962259	0.833128	0.865367	-0.000000	0.000000	0.000000	0.000000	0.000000	0.000000	0.000000
-0.962090	0.833128	0.865367	0.000000	0.000000	0.000000	0.000000	0.000000	0.000000	0.000000
-0.962093	0.833128	0.865189	-0.000000	0.000000	0.000000	0.000000	0.000000	0.000000	0.000000
-0.962264	0.833128	0.865365	0.000000	0.000000	0.000000	0.000000	0.000000	0.000000	0.000000
-0.962203	0.833128	0.865362	-0.000000	0.000000	0.000000	0.000000	0.000000	0.000000	0.000000
-0.962135	0.833128	0.863670	-0.000000	0.000000	0.000000	0.000000	0.000000	0.000000	0.000000
-0.962138	0.833128	0.865027	-0.000000	0.000000	0.000000	0.000000	0.000000	0.000000	0.000000
-0.962189	0.833128	0.865366	-0.000000	0.000000	0.000000	0.000000	0.000000	0.000000	0.000000
-0.962254	0.833128	0.865367	0.000000	0.000000	0.000000	0.000000	0.000000	0.000000	0.000000
-0.962082	0.833128	0.865367	0.000000	0.000000	0.000000	0.000000	0.000000	0.000000	0.000000
-0.962061	0.833128	0.865357	-0.000000	0.000000	0.000000	0.000000	0.000000	0.000000	0.000000
-0.962186	0.833128	0.865271	-0.000000	0.000000	0.000000	0.000000	0.000000	0.000000	0.000000
-0.962112	0.833128	0.865063	0.000000	0.000000	0.000000	0.000000	0.000000	0.000000	0.000000
-0.961999	0.833128	0.864969	-0.000000	0.000000	0.000000	0.000000	0.000000	0.000000	0.000000
-0.962244	0.833128	0.865367	0.000000	0.000000	0.000000	0.000000	0.000000	0.000000	0.000000
-0.962204	0.833128	0.865367	-0.000000	0.000000	0.000000	0.000000	0.000000	0.000000	0.000000
-0.962168	0.833128	0.865314	-0.000000	0.000000	0.000000	0.000000	0.000000	0.000000	0.000000
-0.962167	0.833128	0.865367	-0.000000	0.000000	0.000000	0.000000	0.000000	0.000000	0.000000
-0.962162	0.833128	0.865315	-0.000000	0.000000	0.000000	0.000000	0.000000	0.000000	0.000000
-0.962303	0.833128	0.865367	-0.000000	0.000000	0.000000	0.000000	0.000000	0.000000	0.000000
-0.962058	0.833128	0.865275	-0.000000	0.000000	0.000000	0.000000	0.000000	0.000000	0.000000
-0.962094	0.833128	0.865367	0.000000	0.000000	0.000000	0.000000	0.000000	0.000000	0.000000
-0.962106	0.833128	0.865367	0.000000	0.000000	0.000000	0.000000	0.000000	0.000000	0.000000
-0.962086	0.833124	0.858453	-0.000000	0.000000	0.000000	0.000000	0.000000	0.000000	0.000000
-0.962313	0.833128	0.865361	-0.000000	0.000000	0.000000	0.000000	0.000000	0.000000	0.000000
-0.962012	0.833128	0.865365	-0.000000	0.000000	0.000000	0.000000	0.000000	0.000000	0.000000
-0.962130	0.833128	0.865367	-0.000000	0.000000	0.000000	0.000000	0.000000	0.000000	0.000000
-0.962090	0.833128	0.865367	0.000000	0.000000	0.000000	0.000000	0.000000	0.000000	0.000000
-0.962076	0.833128	0.865367	-0.000000	0.000000	0.000000	0.000000	0.000000	0.000000	0.000000
-0.962278	0.833128	0.865366	0.000000	0.000000	0.000000	0.000000	0.000000	0.000000	0.000000
-0.961926	0.833128	0.865367	-0.000000	0.000000	0.000000	0.000000	0.000000	0.000000	0.000000
-0.962074	0.833128	0.865367	-0.000000	0.000000	0.000000	0.000000	0.000000	0.000000	0.000000
-0.962258	0.833126	0.865367	-0.000000	0.000000	0.000000	0.000000	0.000000	0.000000	0.000000
-0.961995	0.833128	0.865347	-0.000000	0.000000	0.000000	0.000000	0.000000	0.000000	0.000000
-0.962018	0.833128	0.865367	-0.000000	0.000000	0.000000	0.000000	0.000000	0.000000	0.000000
-0.962179	0.833128	0.865367	-0.000000	0.000000	0.000000	0.000000	0.000000	0.000000	0.000000
-0.962210	0.833128	0.865364	0.000000	0.000000	0.000000	0.000000	0.000000	0.000000	0.000000
-0.962156	0.833128	0.865367	-0.000000	0.000000	0.000000	0.000000	0.000000	0.000000	0.000000
-0.962224	0.833128	0.865367	0.000000	0.000000	0.000000	0.000000	0.000000	0.000000	0.000000
-0.962065	0.833128	0.865367	0.000000	0.000000	0.000000	0.000000	0.000000	0.000000	0.000000
-0.962261	0.833128	0.865357	-0.000000	0.000000	0.000000	0.000000	0.000000	0.000000	0.000000
-0.962086	0.833128	0.865366	-0.000000	0.000000	0.000000	0.000000	0.000000	0.000000	0.000000
-0.962139	0.833128	0.865281	-0.000000	0.000000	0.000000	0.000000	0.000000	0.000000	0.000000
-0.962155	0.833128	0.865367	0.000000	0.000000	0.000000	0.000000	0.000000	0.000000	0.000000
-0.962236	0.833128	0.865367	-0.000000	0.000000	0.000000	0.000000	0.000000	0.000000	0.000000
-0.962173	0.833128	0.865302	-0.000000	0.000000	0.000000	0.000000	0.000000	0.000000	0.000000
-0.962146	0.833128	0.865324	-0.000000	0.000000	0.000000	0.000000	0.000000	0.000000	0.000000
-0.962146	0.833128	0.865367	-0.000000	0.000000	0.000000	0.000000	0.000000	0.000000	0.000000
-0.962025	0.833128	0.865367	0.000000	0.000000	0.000000	0.000000	0.000000	0.000000	0.000000
-0.962225	0.833128	0.865367	-0.000000	0.000000	0.000000	0.000000	0.000000	0.000000	0.000000
-0.962012	0.833128	0.865365	0.000000	0.000000	0.000000	0.000000	0.000000	0.000000	0.000000
-0.962257	0.833128	0.864623	-0.000000	0.000000	0.000000	0.000000	0.000000	0.000000	0.000000
-0.962107	0.833128	0.865367	-0.000000	0.000000	0.000000	0.000000	0.000000	0.000000	0.000000
-0.962010	0.833128	0.865367	-0.000000	0.000000	0.000000	0.000000	0.000000	0.000000	0.000000
-0.962036	0.833128	0.865366	0.000000	0.000000	0.000000	0.000000	0.000000	0.000000	0.000000
-0.962117	0.833128	0.865322	-0.000000	0.000000	0.000000	0.000000	0.000000	0.000000	0.000000
-0.962258	0.833128	0.865271	-0.000000	0.000000	0.000000	0.000000	0.000000	0.000000	0.000000
-0.961977	0.833128	0.864188	-0.000000	0.000000	0.000000	0.000000	0.000000	0.000000	0.000000
-0.962292	0.833128	0.865367	0.000000	0.000000	0.000000	0.000000	0.000000	0.000000	0.000000
-0.962165	0.833128	0.865367	-0.000000	0.000000	0.000000	0.000000	0.000000	0.000000	0.000000
-0.962119	0.833128	0.865357	-0.000000	0.000000	0.000000	0.000000	0.000000	0.000000	0.000000
-0.962168	0.833128	0.865367	-0.000000	0.000000	0.000000	0.000000	0.000000	0.000000	0.000000
-0.961977	0.833128	0.865366	0.000000	0.000000	0.000000	0.000000	0.000000	0.000000	0.000000
-0.962026	0.833128	0.865304	-0.000000	0.000000	0.000000	0.000000	0.000000	0.000000	0.000000
-0.962233	0.833128	0.865366	0.000000	0.000000	0.000000	0.000000	0.000000	0.000000	0.000000
-0.962094	0.833128	0.865365	-0.000000	0.000000	0.000000	0.000000	0.000000	0.000000	0.000000
-0.962058	0.833128	0.865362	-0.000000	0.000000	0.000000	0.000000	0.000000	0.000000	0.000000
-0.962095	0.833128	0.865367	-0.000000	0.000000	0.000000	0.000000	0.000000	0.000000	0.000000
-0.962032	0.833128	0.865322	-0.000000	0.000000	0.000000	0.000000	0.000000	0.000000	0.000000
-0.962308	0.833128	0.865359	-0.000000	0.000000	0.000000	0.000000	0.000000	0.000000	0.000000
-0.962123	0.833128	0.865281	-0.000000	0.000000	0.000000	0.000000	0.000000	0.000000	0.000000
-0.962086	0.833128	0.865367	0.000000	0.000000	0.000000	0.000000	0.000000	0.000000	0.000000
-0.962158	0.833128	0.865367	-0.000000	0.000000	0.000000	0.000000	0.000000	0.000000	0.000000
-0.962087	0.833128	0.865366	0.000000	0.000000	0.000000	0.000000	0.000000	0.000000	0.000000
-0.962075	0.833128	0.865364	-0.000000	0.000000	0.000000	0.000000	0.000000	0.000000	0.000000
-0.962110	0.833128	0.865367	-0.000000	0.000000	0.000000	0.000000	0.000000	0.000000	0.000000
-0.962126	0.833128	0.864890	-0.000000	0.000000	0.000000	0.000000	0.000000	0.000000	0.000000
-0.962129	0.833128	0.865367	0.000000	0.000000	0.000000	0.000000	0.000000	0.000000	0.000000
-0.962125	0.833128	0.865367	-0.000000	0.000000	0.000000	0.000000	0.000000	0.000000	0.000000
-0.962055	0.833128	0.865367	-0.000000	0.000000	0.000000	0.000000	0.000000	0.000000	0.000000
-0.962211	0.833128	0.865367	0.000000	0.000000	0.000000	0.000000	0.000000	0.000000	0.000000
-0.962224	0.833128	0.865367	0.000000	0.000000	0.000000	0.000000	0.000000	0.000000	0.000000
-0.962175	0.833128	0.865365	0.000000	0.000000	0.000000	0.000000	0.000000	0.000000	0.000000
-0.962104	0.833128	0.852955	-0.000000	0.000000	0.000000	0.000000	0.000000	0.000000	0.000000
-0.962229	0.833128	0.865367	0.000000	0.000000	0.000000	0.000000	0.000000	0.000000	0.000000
-0.962165	0.833128	0.865367	-0.000000	0.000000	0.000000	0.000000	0.000000	0.000000	0.000000
-0.962058	0.833127	0.865358	0.000000	0.000000	0.000000	0.000000	0.000000	0.000000	0.000000
-0.962149	0.833128	0.864723	0.000000	0.000000	0.000000	0.000000	0.000000	0.000000	0.000000
-0.962328	0.833128	0.865367	0.000000	0.000000	0.000000	0.000000	0.000000	0.000000	0.000000
-0.962105	0.833128	0.865367	0.000000	0.000000	0.000000	0.000000	0.000000	0.000000	0.000000
-0.962080	0.833128	0.865367	-0.000000	0.000000	0.000000	0.000000	0.000000	0.000000	0.000000
-0.962184	0.833119	0.865367	-0.000000	0.000000	0.000000	0.000000	0.000000	0.000000	0.000000
-0.962220	0.833128	0.865367	-0.000000	0.000000	0.000000	0.000000	0.000000	0.000000	0.000000
-0.962106	0.833128	0.865366	0.000000	0.000000	0.000000	0.000000	0.000000	0.000000	0.000000
-0.962038	0.833128	0.865356	-0.000000	0.000000	0.000000	0.000000	0.000000	0.000000	0.000000
-0.962006	0.833128	0.865367	0.000000	0.000000	0.000000	0.000000	0.000000	0.000000	0.000000
-0.962072	0.833128	0.865160	-0.000000	0.000000	0.000000	0.000000	0.000000	0.000000	0.000000
-0.962180	0.833128	0.865366	-0.000000	0.000000	0.000000	0.000000	0.000000	0.000000	0.000000
-0.962125	0.833128	0.865361	-0.000000	0.000000	0.000000	0.000000	0.000000	0.000000	0.000000
-0.962141	0.833128	0.865363	0.000000	0.000000	0.000000	0.000000	0.000000	0.000000	0.000000
-0.962219	0.833128	0.865367	0.000000	0.000000	0.000000	0.000000	0.000000	0.000000	0.000000
-0.962080	0.833128	0.865344	-0.000000	0.000000	0.000000	0.000000	0.000000	0.000000	0.000000
-0.962068	0.833128	0.865367	0.000000	0.000000	0.000000	0.000000	0.000000	0.000000	0.000000
-0.962238	0.833128	0.865336	-0.000000	0.000000	0.000000	0.000000	0.000000	0.000000	0.000000
-0.962124	0.833128	0.865365	-0.000000	0.000000	0.000000	0.000000	0.000000	0.000000	0.000000
-0.962072	0.833128	0.865363	-0.000000	0.000000	0.000000	0.000000	0.000000	0.000000	0.000000
-0.962176	0.833128	0.865366	-0.000000	0.000000	0.000000	0.000000	0.000000	0.000000	0.000000
-0.962065	0.833128	0.865367	0.000000	0.000000	0.000000	0.000000	0.000000	0.000000	0.000000
-0.962071	0.833128	0.865362	-0.000000	0.000000	0.000000	0.000000	0.000000	0.000000	0.000000
-0.962004	0.833128	0.865332	-0.000000	0.000000	0.000000	0.000000	0.000000	0.000000	0.000000
-0.962101	0.833128	0.865367	-0.000000	0.000000	0.000000	0.000000	0.000000	0.000000	0.000000
-0.962099	0.832910	0.864651	-0.000000	0.000000	0.000000	0.000000	0.000000	0.000000	0.000000
-0.962067	0.833128	0.865364	-0.000000	0.000000	0.000000	0.000000	0.000000	0.000000	0.000000
-0.962104	0.833128	0.865367	-0.000000	0.000000	0.000000	0.000000	0.000000	0.000000	0.000000
-0.962173	0.833128	0.865367	-0.000000	0.000000	0.000000	0.000000	0.000000	0.000000	0.000000
-0.962219	0.833128	0.865365	0.000000	0.000000	0.000000	0.000000	0.000000	0.000000	0.000000
-0.962145	0.833128	0.865366	0.000000	0.000000	0.000000	0.000000	0.000000	0.000000	0.000000
-0.962049	0.833128	0.862117	-0.000000	0.000000	0.000000	0.000000	0.000000	0.000000	0.000000
-0.961971	0.428135	-0.000241	-0.000000	0.000000	0.000000	0.000000	0.000000	0.000000	0.000000
-0.962040	0.832907	-0.769227	-0.858327	0.000000	0.000000	0.000000	0.000000	0.000000	0.000000
-0.962210	0.833128	-0.769160	-0.858326	0.000000	0.000000	0.000000	0.000000	0.000000	0.000000
-0.962111	0.833126	-0.769336	-0.858327	0.000000	0.000000	0.000000	0.000000	0.000000	0.000000
-0.962143	0.833128	-0.769307	-0.858314	0.000000	0.000000	0.000000	0.000000	0.000000	0.000000
-0.962091	0.833128	-0.769336	-0.858327	0.000000	0.000000	0.000000	0.000000	0.000000	0.000000
-0.962094	0.833128	-0.769336	-0.858327	0.000000	0.000000	0.000000	0.000000	0.000000	0.000000
-0.962035	0.833128	-0.769336	-0.858327	0.000000	0.000000	0.000000	0.000000	0.000000	0.000000
-0.962092	0.833128	-0.748918	-0.858327	0.000000	0.000000	0.000000	0.000000	0.000000	0.000000
-0.962085	0.833126	-0.769333	-0.858323	0.000000	0.000000	0.000000	0.000000	0.000000	0.000000
-0.962188	0.833128	-0.769007	-0.858326	0.000000	0.000000	0.000000	0.000000	0.000000	0.000000
-0.962156	0.833128	-0.769334	-0.858327	0.000000	0.000000	0.000000	0.000000	0.000000	0.000000
-0.962200	0.833128	-0.769322	-0.858327	0.000000	0.000000	0.000000	0.000000	0.000000	0.000000
-0.962239	0.833127	-0.769336	-0.858327	0.000000	0.000000	0.000000	0.000000	0.000000	0.000000
-0.962046	0.833128	-0.769334	-0.858327	0.000000	0.000000	0.000000	0.000000	0.000000	0.000000
-0.962022	0.833128	-0.769336	-0.858327	0.000000	0.000000	0.000000	0.000000	0.000000	0.000000
-0.962136	0.833128	-0.769325	-0.858327	0.000000	0.000000	0.000000	0.000000	0.000000	0.000000
-0.961979	0.833128	-0.769335	-0.858327	0.000000	0.000000	0.000000	0.000000	0.000000	0.000000
-0.962259	0.833128	-0.769336	-0.858327	0.000000	0.000000	0.000000	0.000000	0.000000	0.000000
-0.961987	0.802362	-0.769329	-0.858327	0.000000	0.000000	0.000000	0.000000	0.000000	0.000000
-0.962260	0.833126	-0.768636	-0.858327	0.000000	0.000000	0.000000	0.000000	0.000000	0.000000
-0.962165	0.833128	-0.769336	-0.858327	0.000000	0.000000	0.000000	0.000000	0.000000	0.000000
-0.962115	0.833128	-0.769336	-0.858327	0.000000	0.000000	0.000000	0.000000	0.000000	0.000000
-0.962115	0.833128	-0.769315	-0.858228	0.000000	0.000000	0.000000	0.000000	0.000000	0.000000
-0.962184	0.833128	-0.769336	-0.858327	0.000000	0.000000	0.000000	0.000000	0.000000	0.000000
-0.962027	0.833128	-0.769332	-0.858327	0.000000	0.000000	0.000000	0.000000	0.000000	0.000000
-0.962088	0.833128	-0.769305	-0.858327	0.000000	0.000000	0.000000	0.000000	0.000000	0.000000
-0.962095	0.833128	-0.769336	-0.858325	0.000000	0.000000	0.000000	0.000000	0.000000	0.000000
-0.962225	0.833128	-0.769335	-0.858323	0.000000	0.000000	0.000000	0.000000	0.000000	0.000000
-0.962191	0.833128	-0.769278	-0.858325	0.000000	0.000000	0.000000	0.000000	0.000000	0.000000
-0.962147	0.833038	-0.769327	-0.858327	0.000000	0.000000	0.000000	0.000000	0.000000	0.000000
-0.961942	0.833128	-0.769267	-0.858327	0.000000	0.000000	0.000000	0.000000	0.000000	0.000000
-0.961976	0.833128	-0.769330	-0.858324	0.000000	0.000000	0.000000	0.000000	0.000000	0.000000
-0.962134	0.833128	-0.769202	-0.858327	0.000000	0.000000	0.000000	0.000000	0.000000	0.000000
-0.962063	0.833127	-0.768199	-0.858327	0.000000	0.000000	0.000000	0.000000	0.000000	0.000000
-0.962141	0.833128	-0.769332	-0.858327	0.000000	0.000000	0.000000	0.000000	0.000000	0.000000
-0.962062	0.833128	-0.769334	-0.858327	0.000000	0.000000	0.000000	0.000000	0.000000	0.000000
-0.962038	0.833128	-0.768967	-0.858327	0.000000	0.000000	0.000000	0.000000	0.000000	0.000000
-0.962169	0.833127	-0.769336	-0.858327	0.000000	0.000000	0.000000	0.000000	0.000000	0.000000
-0.962127	0.833128	-0.748608	-0.858327	0.000000	0.000000	0.000000	0.000000	0.000000	0.000000
-0.962007	0.833128	-0.769333	-0.858326	0.000000	0.000000	0.000000	0.000000	0.000000	0.000000
-0.962267	0.833128	-0.763730	-0.858327	0.000000	0.000000	0.000000	0.000000	0.000000	0.000000
-0.962110	0.833128	-0.769122	-0.858327	0.000000	0.000000	0.000000	0.000000	0.000000	0.000000
-0.962108	0.833128	-0.769334	-0.858327	0.000000	0.000000	0.000000	0.000000	0.000000	0.000000
-0.962087	0.833127	-0.769334	-0.858327	0.000000	0.000000	0.000000	0.000000	0.000000	0.000000
-0.962025	0.833128	-0.769160	-0.858327	0.000000	0.000000	0.000000	0.000000	0.000000	0.000000
-0.962072	0.833128	-0.769336	-0.858327	0.000000	0.000000	0.000000	0.000000	0.000000	0.000000
-0.962063	0.833128	-0.769333	-0.858327	0.000000	0.000000	0.000000	0.000000	0.000000	0.000000
-0.962173	0.833128	-0.768975	-0.857471	0.000000	0.000000	0.000000	0.000000	0.000000	0.000000
-0.962068	0.833128	-0.769293	-0.856988	0.000000	0.000000	0.000000	0.000000	0.000000	0.000000
-0.962136	0.833128	-0.769285	-0.858327	0.000000	0.000000	0.000000	0.000000	0.000000	0.000000
-0.962268	0.833128	-0.769243	-0.858326	0.000000	0.000000	0.000000	0.000000	0.000000	0.000000
-0.962099	0.833128	-0.769335	-0.858327	0.000000	0.000000	0.000000	0.000000	0.000000	0.000000
-0.962088	0.833128	-0.768167	-0.858327	0.000000	0.000000	0.000000	0.000000	0.000000	0.000000
-0.962175	0.833128	-0.769302	-0.857878	0.000000	0.000000	0.000000	0.000000	0.000000	0.000000
-0.962034	0.833124	-0.769336	-0.858327	0.000000	0.000000	0.000000	0.000000	0.000000	0.000000
-0.961994	0.833128	-0.769336	-0.858324	0.000000	0.000000	0.000000	0.000000	0.000000	0.000000
-0.962116	0.833121	-0.769336	-0.858327	0.000000	0.000000	0.000000	0.000000	0.000000	0.000000
-0.962131	0.833128	-0.761267	-0.858327	0.000000	0.000000	0.000000	0.000000	0.000000	0.000000
-0.962199	0.833128	-0.769318	-0.858327	0.000000	0.000000	0.000000	0.000000	0.000000	0.000000
-0.962174	0.833128	-0.769074	-0.858327	0.000000	0.000000	0.000000	0.000000	0.000000	0.000000
-0.962009	0.833128	-0.735342	-0.858327	0.000000	0.000000	0.000000	0.000000	0.000000	0.000000
-0.962276	0.833128	-0.769335	-0.858303	0.000000	0.000000	0.000000	0.000000	0.000000	0.000000
-0.962068	0.833128	-0.769336	-0.858327	0.000000	0.000000	0.000000	0.000000	0.000000	0.000000
-0.962172	0.833128	-0.223930	-0.858327	0.000000	0.000000	0.000000	0.000000	0.000000	0.000000
-0.962031	0.833089	-0.769324	-0.858327	0.000000	0.000000	0.000000	0.000000	0.000000	0.000000
-0.962178	0.833128	-0.769333	-0.858317	0.000000	0.000000	0.000000	0.000000	0.000000	0.000000
-0.962109	0.833127	-0.769336	-0.858327	0.000000	0.000000	0.000000	0.000000	0.000000	0.000000
-0.962226	0.833128	-0.769336	-0.858327	0.000000	0.000000	0.000000	0.000000	0.000000	0.000000
-0.962145	0.833128	-0.769335	-0.858327	0.000000	0.000000	0.000000	0.000000	0.000000	0.000000
-0.962244	0.833128	-0.769330	-0.858327	0.000000	0.000000	0.000000	0.000000	0.000000	0.000000
-0.962230	0.833128	-0.766028	-0.858327	0.000000	0.000000	0.000000	0.000000	0.000000	0.000000
-0.962178	0.833128	-0.767333	-0.858327	0.000000	0.000000	0.000000	0.000000	0.000000	0.000000
-0.961901	0.833128	-0.768757	-0.858319	0.000000	0.000000	0.000000	0.000000	0.000000	0.000000
-0.962256	0.833128	-0.762389	-0.858261	0.000000	0.000000	0.000000	0.000000	0.000000	0.000000
-0.962142	0.833128	-0.769335	-0.858327	0.000000	0.000000	0.000000	0.000000	0.000000	0.000000
-0.962254	0.833128	-0.769284	-0.858327	0.000000	0.000000	0.000000	0.000000	0.000000	0.000000
-0.962094	0.833128	-0.769334	-0.858322	0.000000	0.000000	0.000000	0.000000	0.000000	0.000000
-0.962204	0.833128	-0.769063	-0.858321	0.000000	0.000000	0.000000	0.000000	0.000000	0.000000
-0.962164	0.833128	-0.769336	-0.858327	0.000000	0.000000	0.000000	0.000000	0.000000	0.000000
-0.962199	0.833128	-0.769336	-0.858321	0.000000	0.000000	0.000000	0.000000	0.000000	0.000000
-0.962198	0.833128	-0.769335	-0.858327	0.000000	0.000000	0.000000	0.000000	0.000000	0.000000
-0.962012	0.833128	-0.759226	-0.858327	0.000000	0.000000	0.000000	0.000000	0.000000	0.000000
-0.962155	0.833128	-0.769330	-0.858312	0.000000	0.000000	0.000000	0.000000	0.000000	0.000000
-0.961897	0.833128	-0.769336	-0.858327	0.000000	0.000000	0.000000	0.000000	0.000000	0.000000
-0.962254	0.833128	-0.746835	-0.858266	0.000000	0.000000	0.000000	0.000000	0.000000	0.000000
-0.962153	0.833128	-0.769257	-0.858310	0.000000	0.000000	0.000000	0.000000	0.000000	0.000000
-0.962047	0.833128	-0.769335	-0.858326	0.000000	0.000000	0.000000	0.000000	0.000000	0.000000
-0.962228	0.833128	-0.769335	-0.858327	0.000000	0.000000	0.000000	0.000000	0.000000	0.000000
-0.962248	0.833128	-0.768023	-0.858327	0.000000	0.000000	0.000000	0.000000	0.000000	0.000000
-0.962111	0.833128	-0.769336	-0.858327	0.000000	0.000000	0.000000	0.000000	0.000000	0.000000
-0.962068	0.833128	-0.769135	-0.858327	0.000000	0.000000	0.000000	0.000000	0.000000	0.000000
-0.962104	0.833128	-0.769332	-0.858327	0.000000	0.000000	0.000000	0.000000	0.000000	0.000000
-0.962142	0.833128	-0.769334	-0.858327	0.000000	0.000000	0.000000	0.000000	0.000000	0.000000
-0.962101	0.833128	-0.769334	-0.858327	0.000000	0.000000	0.000000	0.000000	0.000000	0.000000
-0.962032	0.833128	-0.769336	-0.858322	0.000000	0.000000	0.000000	0.000000	0.000000	0.000000
-0.962016	0.833128	-0.769336	-0.858327	0.000000	0.000000	0.000000	0.000000	0.000000	0.000000
-0.962083	0.833122	-0.769334	-0.858327	0.000000	0.000000	0.000000	0.000000	0.000000	0.000000
-0.962123	0.833128	-0.768814	-0.857475	0.000000	0.000000	0.000000	0.000000	0.000000	0.000000
-0.962118	0.833128	-0.768912	-0.858327	0.000000	0.000000	0.000000	0.000000	0.000000	0.000000
-0.962147	0.833128	-0.755927	-0.858327	0.000000	0.000000	0.000000	0.000000	0.000000	0.000000
-0.961960	0.833128	-0.769271	-0.858312	0.000000	0.000000	0.000000	0.000000	0.000000	0.000000
-0.962078	0.833128	-0.769332	-0.858327	0.000000	0.000000	0.000000	0.000000	0.000000	0.000000
-0.962059	0.833128	-0.768725	-0.858327	0.000000	0.000000	0.000000	0.000000	0.000000	0.000000
-0.962046	0.833128	-0.769203	-0.858327	0.000000	0.000000	0.000000	0.000000	0.000000	0.000000
-0.962098	0.833128	-0.769336	-0.858327	0.000000	0.000000	0.000000	0.000000	0.000000	0.000000
-0.962260	0.833128	-0.769331	-0.858326	0.000000	0.000000	0.000000	0.000000	0.000000	0.000000
-0.962204	0.833128	-0.769334	-0.858322	0.000000	0.000000	0.000000	0.000000	0.000000	0.000000
-0.962215	0.833128	-0.769330	-0.858327	0.000000	0.000000	0.000000	0.000000	0.000000	0.000000
-0.962049	0.833128	-0.769334	-0.858327	0.000000	0.000000	0.000000	0.000000	0.000000	0.000000
-0.962254	0.833128	-0.769072	-0.858325	0.000000	0.000000	0.000000	0.000000	0.000000	0.000000
-0.962175	0.833128	-0.769209	-0.844063	0.000000	0.000000	0.000000	0.000000	0.000000	0.000000
-0.962251	0.833128	-0.769334	-0.858327	0.000000	0.000000	0.000000	0.000000	0.000000	0.000000
-0.962004	0.833128	-0.769334	-0.858326	0.000000	0.000000	0.000000	0.000000	0.000000	0.000000
-0.962184	0.833128	-0.769336	-0.858327	0.000000	0.000000	0.000000	0.000000	0.000000	0.000000
-0.962056	0.833128	-0.769335	-0.858302	0.000000	0.000000	0.000000	0.000000	0.000000	0.000000
-0.962122	0.833128	-0.769297	-0.858327	0.000000	0.000000	0.000000	0.000000	0.000000	0.000000
-0.962183	0.833128	-0.760761	-0.858327	0.000000	0.000000	0.000000	0.000000	0.000000	0.000000
-0.962172	0.833122	-0.769284	-0.858327	0.000000	0.000000	0.000000	0.000000	0.000000	0.000000
-0.962201	0.833128	-0.769336	-0.858326	0.000000	0.000000	0.000000	0.000000	0.000000	0.000000
-0.962063	0.833128	-0.769115	-0.858326	0.000000	0.000000	0.000000	0.000000	0.000000	0.000000
-0.962046	0.833128	-0.769293	-0.858327	0.000000	0.000000	0.000000	0.000000	0.000000	0.000000
-0.962145	0.833128	-0.769336	-0.858304	0.000000	0.000000	0.000000	0.000000	0.000000	0.000000
-0.962137	0.833128	-0.769335	-0.858327	0.000000	0.000000	0.000000	0.000000	0.000000	0.000000
-0.962121	0.833128	-0.768163	-0.858327	0.000000	0.000000	0.000000	0.000000	0.000000	0.000000
-0.962157	0.833128	-0.767322	-0.858327	0.000000	0.000000	0.000000	0.000000	0.000000	0.000000
-0.962085	0.833128	-0.769335	-0.858327	0.000000	0.000000	0.000000	0.000000	0.000000	0.000000
-0.962051	0.833128	-0.769333	-0.858316	0.000000	0.000000	0.000000	0.000000	0.000000	0.000000
-0.962261	0.833128	-0.769301	-0.857989	0.000000	0.000000	0.000000	0.000000	0.000000	0.000000
-0.962053	0.833128	-0.769334	-0.858291	0.000000	0.000000	0.000000	0.000000	0.000000	0.000000
-0.962145	0.833128	-0.769336	-0.858327	0.000000	0.000000	0.000000	0.000000	0.000000	0.000000
-0.962135	0.833128	-0.769019	-0.858327	0.000000	0.000000	0.000000	0.000000	0.000000	0.000000
-0.962162	0.833128	-0.769261	-0.858327	0.000000	0.000000	0.000000	0.000000	0.000000	0.000000
-0.962179	0.833128	-0.769336	-0.858327	0.000000	0.000000	0.000000	0.000000	0.000000	0.000000
-0.962125	0.833128	-0.769336	-0.858327	0.000000	0.000000	0.000000	0.000000	0.000000	0.000000
-0.961968	0.833128	-0.767262	-0.855095	0.000000	0.000000	0.000000	0.000000	0.000000	0.000000
-0.962127	0.833128	-0.769204	-0.858327	0.000000	0.000000	0.000000	0.000000	0.000000	0.000000
-0.962241	0.833128	-0.769336	-0.858327	0.000000	0.000000	0.000000	0.000000	0.000000	0.000000
-0.962171	0.833128	-0.769336	-0.858327	0.000000	0.000000	0.000000	0.000000	0.000000	0.000000
-0.962181	0.833128	-0.764793	-0.854757	0.000000	0.000000	0.000000	0.000000	0.000000	0.000000
-0.961976	0.833128	-0.769072	-0.858327	0.000000	0.000000	0.000000	0.000000	0.000000	0.000000
-0.962126	0.833128	-0.769313	-0.858327	0.000000	0.000000	0.000000	0.000000	0.000000	0.000000
-0.962195	0.833128	-0.769157	-0.858327	0.000000	0.000000	0.000000	0.000000	0.000000	0.000000
-0.962048	0.833128	-0.769335	-0.858327	0.000000	0.000000	0.000000	0.000000	0.000000	0.000000
-0.961993	0.833128	-0.769309	-0.858327	0.000000	0.000000	0.000000	0.000000	0.000000	0.000000
-0.962147	0.833128	-0.769024	-0.858326	0.000000	0.000000	0.000000	0.000000	0.000000	0.000000
-0.962019	0.833128	-0.769332	-0.858327	0.000000	0.000000	0.000000	0.000000	0.000000	0.000000
-0.961890	0.833126	-0.769285	-0.858327	0.000000	0.000000	0.000000	0.000000	0.000000	0.000000
-0.962011	0.833128	-0.757682	-0.858327	0.000000	0.000000	0.000000	0.000000	0.000000	0.000000
-0.962171	0.833128	-0.769333	-0.858327	0.000000	0.000000	0.000000	0.000000	0.000000	0.000000
-0.962137	0.833128	-0.769336	-0.858327	0.000000	0.000000	0.000000	0.000000	0.000000	0.000000
-0.962214	0.833128	-0.769332	-0.858327	0.000000	0.000000	0.000000	0.000000	0.000000	0.000000
-0.962070	0.833128	-0.768918	-0.858327	0.000000	0.000000	0.000000	0.000000	0.000000	0.000000
-0.961962	0.833128	-0.769336	-0.858327	0.000000	0.000000	0.000000	0.000000	0.000000	0.000000
-0.962122	0.833128	-0.769332	-0.858327	0.000000	0.000000	0.000000	0.000000	0.000000	0.000000
-0.962045	0.833128	-0.769336	-0.858326	0.000000	0.000000	0.000000	0.000000	0.000000	0.000000
-0.962070	0.833128	-0.769336	-0.858327	0.000000	0.000000	0.000000	0.000000	0.000000	0.000000
-0.962185	0.833128	-0.769333	-0.858326	0.000000	0.000000	0.000000	0.000000	0.000000	0.000000
-0.962083	0.833128	-0.768217	-0.858326	0.000000	0.000000	0.000000	0.000000	0.000000	0.000000
-0.962275	0.833128	-0.769328	-0.858326	0.000000	0.000000	0.000000	0.000000	0.000000	0.000000
-0.962182	0.833128	-0.769335	-0.858321	0.000000	0.000000	0.000000	0.000000	0.000000	0.000000
-0.962014	0.833128	-0.769216	-0.858327	0.000000	0.000000	0.000000	0.000000	0.000000	0.000000
-0.962035	0.833128	-0.769275	-0.858327	0.000000	0.000000	0.000000	0.000000	0.000000	0.000000
-0.962059	0.833128	-0.769235	-0.858327	0.000000	0.000000	0.000000	0.000000	0.000000	0.000000
-0.962160	0.833128	-0.769300	-0.858327	0.000000	0.000000	0.000000	0.000000	0.000000	0.000000
-0.962145	0.833128	-0.769147	-0.858326	0.000000	0.000000	0.000000	0.000000	0.000000	0.000000
-0.962065	0.833128	-0.769301	-0.858327	0.000000	0.000000	0.000000	0.000000	0.000000	0.000000
-0.962189	0.833128	-0.769334	-0.858327	0.000000	0.000000	0.000000	0.000000	0.000000	0.000000
-0.962353	0.833128	-0.769336	-0.858327	0.000000	0.000000	0.000000	0.000000	0.000000	0.000000
-0.962209	0.833128	-0.553789	-0.850427	0.000000	0.000000	0.000000	0.000000	0.000000	0.000000
-0.962082	0.833128	-0.769336	-0.858327	0.000000	0.000000	0.000000	0.000000	0.000000	0.000000
-0.962224	0.833128	-0.769336	-0.858327	0.000000	0.000000	0.000000	0.000000	0.000000	0.000000
-0.962056	0.833128	-0.769336	-0.858327	0.000000	0.000000	0.000000	0.000000	0.000000	0.000000
-0.962159	0.833128	-0.769244	-0.858327	0.000000	0.000000	0.000000	0.000000	0.000000	0.000000
-0.962060	0.833128	-0.769336	-0.858327	0.000000	0.000000	0.000000	0.000000	0.000000	0.000000
-0.962130	0.833128	-0.769329	-0.858327	0.000000	0.000000	0.000000	0.000000	0.000000	0.000000
-0.962219	0.833128	-0.769092	-0.858325	0.000000	0.000000	0.000000	0.000000	0.000000	0.000000
-0.962089	0.833128	-0.769335	-0.858327	0.000000	0.000000	0.000000	0.000000	0.000000	0.000000
-0.962095	0.833128	-0.769327	-0.858327	0.000000	0.000000	0.000000	0.000000	0.000000	0.000000
-0.962068	0.833128	-0.769257	-0.858326	0.000000	0.000000	0.000000	0.000000	0.000000	0.000000
-0.962135	0.833128	-0.769110	-0.858327	0.000000	0.000000	0.000000	0.000000	0.000000	0.000000
-0.962085	0.833128	-0.769198	-0.858327	0.000000	0.000000	0.000000	0.000000	0.000000	0.000000
-0.962026	0.833128	-0.768975	-0.858327	0.000000	0.000000	0.000000	0.000000	0.000000	0.000000
-0.962012	0.833128	-0.768598	-0.858327	0.000000	0.000000	0.000000	0.000000	0.000000	0.000000
-0.962115	0.833128	-0.769041	-0.858327	0.000000	0.000000	0.000000	0.000000	0.000000	0.000000
-0.962262	0.833128	-0.769328	-0.858200	0.000000	0.000000	0.000000	0.000000	0.000000	0.000000
-0.962258	0.833128	-0.769329	-0.858327	0.000000	0.000000	0.000000	0.000000	0.000000	0.000000
-0.962160	0.833128	-0.769336	-0.858314	0.000000	0.000000	0.000000	0.000000	0.000000	0.000000
-0.962135	0.833128	-0.769336	-0.858327	0.000000	0.000000	0.000000	0.000000	0.000000	0.000000
-0.962216	0.833128	-0.769318	-0.858326	0.000000	0.000000	0.000000	0.000000	0.000000	0.000000
-0.962075	0.833128	-0.769326	-0.858327	0.000000	0.000000	0.000000	0.000000	0.000000	0.000000
-0.962247	0.833128	-0.769282	-0.858327	0.000000	0.000000	0.000000	0.000000	0.000000	0.000000
-0.962174	0.833128	-0.769300	-0.858327	0.000000	0.000000	0.000000	0.000000	0.000000	0.000000
-0.962108	0.833128	-0.769336	-0.858327	0.000000	0.000000	0.000000	0.000000	0.000000	0.000000
-0.962179	0.833128	-0.769203	-0.858327	0.000000	0.000000	0.000000	0.000000	0.000000	0.000000
-0.962103	0.833128	-0.769336	-0.858327	0.000000	0.000000	0.000000	0.000000	0.000000	0.000000
-0.962056	0.833128	-0.768124	-0.858327	0.000000	0.000000	0.000000	0.000000	0.000000	0.000000
-0.962064	0.833128	-0.769292	-0.858327	0.000000	0.000000	0.000000	0.000000	0.000000	0.000000
-0.962093	0.833128	-0.769189	-0.858320	0.000000	0.000000	0.000000	0.000000	0.000000	0.000000
-0.962033	0.833128	-0.769235	-0.858326	0.000000	0.000000	0.000000	0.000000	0.000000	0.000000
-0.961999	0.833128	-0.769326	-0.858327	0.000000	0.000000	0.000000	0.000000	0.000000	0.000000
-0.962306	0.833128	-0.769333	-0.858326	0.000000	0.000000	0.000000	0.000000	0.000000	0.000000
-0.962108	0.833128	-0.769336	-0.858327	0.000000	0.000000	0.000000	0.000000	0.000000	0.000000
-0.962098	0.833128	-0.769336	-0.858327	0.000000	0.000000	0.000000	0.000000	0.000000	0.000000
-0.962255	0.833128	-0.769335	-0.858327	0.000000	0.000000	0.000000	0.000000	0.000000	0.000000
-0.962150	0.833128	-0.769335	-0.858325	0.000000	0.000000	0.000000	0.000000	0.000000	0.000000
-0.962191	0.833128	-0.768955	-0.858327	0.000000	0.000000	0.000000	0.000000	0.000000	0.000000
-0.962182	0.833128	-0.769334	-0.858212	0.000000	0.000000	0.000000	0.000000	0.000000	0.000000
-0.962077	0.833128	-0.768103	-0.858326	0.000000	0.000000	0.000000	0.000000	0.000000	0.000000
-0.962094	0.833128	-0.769317	-0.858326	0.000000	0.000000	0.000000	0.000000	0.000000	0.000000
-0.962341	0.833128	-0.769318	-0.858283	0.000000	0.000000	0.000000	0.000000	0.000000	0.000000
-0.962074	0.833128	-0.769334	-0.858327	0.000000	0.000000	0.000000	0.000000	0.000000	0.000000
-0.962108	0.833128	-0.769187	-0.858327	0.000000	0.000000	0.000000	0.000000	0.000000	0.000000
-0.962070	0.833128	-0.769335	-0.858325	0.000000	0.000000	0.000000	0.000000	0.000000	0.000000
-0.962053	0.833128	-0.769335	-0.858327	0.000000	0.000000	0.000000	0.000000	0.000000	0.000000
-0.962317	0.833128	-0.769336	-0.858327	0.000000	0.000000	0.000000	0.000000	0.000000	0.000000
-0.962047	0.833128	-0.769082	-0.858322	0.000000	0.000000	0.000000	0.000000	0.000000	0.000000
-0.962137	0.833128	-0.769333	-0.857867	0.000000	0.000000	0.000000	0.000000	0.000000	0.000000
-0.962112	0.833128	-0.769330	-0.858327	0.000000	0.000000	0.000000	0.000000	0.000000	0.000000
-0.962033	0.833128	-0.769314	-0.858327	0.000000	0.000000	0.000000	0.000000	0.000000	0.000000
-0.962051	0.833128	-0.765988	-0.858327	0.000000	0.000000	0.000000	0.000000	0.000000	0.000000
-0.962034	0.833128	-0.769336	-0.858326	0.000000	0.000000	0.000000	0.000000	0.000000	0.000000
-0.962048	0.833128	-0.769314	-0.858309	0.000000	0.000000	0.000000	0.000000	0.000000	0.000000
-0.962244	0.833128	-0.769195	-0.858327	0.000000	0.000000	0.000000	0.000000	0.000000	0.000000
-0.962155	0.833128	-0.754309	-0.858102	0.000000	0.000000	0.000000	0.000000	0.000000	0.000000
-0.962126	0.833128	-0.769335	-0.858327	0.000000	0.000000	0.000000	0.000000	0.000000	0.000000
-0.962208	0.833128	-0.769336	-0.858327	0.000000	0.000000	0.000000	0.000000	0.000000	0.000000
-0.962136	0.833128	-0.769304	-0.858327	0.000000	0.000000	0.000000	0.000000	0.000000	0.000000
-0.962003	0.833128	-0.768188	-0.858327	0.000000	0.000000	0.000000	0.000000	0.000000	0.000000
-0.962108	0.833128	-0.769332	-0.858326	0.000000	0.000000	0.000000	0.000000	0.000000	0.000000
-0.962292	0.833128	-0.769278	-0.858257	0.000000	0.000000	0.000000	0.000000	0.000000	0.000000
-0.962020	0.833128	-0.769315	-0.858327	0.000000	0.000000	0.000000	0.000000	0.000000	0.000000
-0.962201	0.833128	-0.769303	-0.858327	0.000000	0.000000	0.000000	0.000000	0.000000	0.000000
-0.962165	0.833128	-0.769335	-0.858327	0.000000	0.000000	0.000000	0.000000	0.000000	0.000000
-0.962131	0.833128	-0.769336	-0.858327	0.000000	0.000000	0.000000	0.000000	0.000000	0.000000
-0.962043	0.833128	-0.769333	-0.858327	0.000000	0.000000	0.000000	0.000000	0.000000	0.000000
-0.962096	0.833128	-0.769336	-0.858327	0.000000	0.000000	0.000000	0.000000	0.000000	0.000000
-0.962058	0.833128	-0.749099	-0.858327	0.000000	0.000000	0.000000	0.000000	0.000000	0.000000
-0.962179	0.833128	-0.769305	-0.858325	0.000000	0.000000	0.000000	0.000000	0.000000	0.000000
-0.962068	0.833128	-0.761120	-0.722062	0.000000	0.000000	0.000000	0.000000	0.000000	0.000000
-0.961992	0.833128	-0.769335	-0.858327	0.000000	0.000000	0.000000	0.000000	0.000000	0.000000
-0.962110	0.833128	-0.769336	-0.858327	0.000000	0.000000	0.000000	0.000000	0.000000	0.000000
-0.962193	0.833128	-0.768731	-0.858322	0.000000	0.000000	0.000000	0.000000	0.000000	0.000000
-0.962234	0.833128	-0.769336	-0.858327	0.000000	0.000000	0.000000	0.000000	0.000000	0.000000
-0.962189	0.833128	-0.769336	-0.858327	0.000000	0.000000	0.000000	0.000000	0.000000	0.000000
-0.962075	0.833128	-0.769328	-0.858326	0.000000	0.000000	0.000000	0.000000	0.000000	0.000000
-0.962072	0.833128	-0.766740	-0.858327	0.000000	0.000000	0.000000	0.000000	0.000000	0.000000
-0.962033	0.833127	-0.769334	-0.858327	0.000000	0.000000	0.000000	0.000000	0.000000	0.000000
-0.962172	0.833128	-0.769330	-0.858327	0.000000	0.000000	0.000000	0.000000	0.000000	0.000000
-0.962159	0.833128	-0.769336	-0.858327	0.000000	0.000000	0.000000	0.000000	0.000000	0.000000
