-0.913430	0.845004	-0.844598	-0.000000	0.000000	0.000000	0.000000	0.000000	0.000000	0.000000
-0.913430	0.844898	-0.845013	0.000000	0.000000	0.000000	0.000000	0.000000	0.000000	0.000000
-0.913430	0.844870	-0.844783	-0.000000	0.000000	0.000000	0.000000	0.000000	0.000000	0.000000
-0.913430	0.844555	-0.843870	-0.000000	0.000000	0.000000	0.000000	0.000000	0.000000	0.000000
-0.913430	0.845014	-0.843358	0.000000	0.000000	0.000000	0.000000	0.000000	0.000000	0.000000
-0.913430	0.844979	-0.844095	0.000000	0.000000	0.000000	0.000000	0.000000	0.000000	0.000000
-0.913430	0.844873	-0.843750	0.000000	0.000000	0.000000	0.000000	0.000000	0.000000	0.000000
-0.913430	0.845050	-0.844214	0.000000	0.000000	0.000000	0.000000	0.000000	0.000000	0.000000
-0.913430	0.845010	-0.844255	0.000000	0.000000	0.000000	0.000000	0.000000	0.000000	0.000000
-0.913430	0.845236	-0.844899	-0.000000	0.000000	0.000000	0.000000	0.000000	0.000000	0.000000
-0.913430	0.844944	-0.844070	-0.000000	0.000000	0.000000	0.000000	0.000000	0.000000	0.000000
-0.913430	0.845106	-0.843933	0.000000	0.000000	0.000000	0.000000	0.000000	0.000000	0.000000
-0.913430	0.845365	-0.843937	-0.000000	0.000000	0.000000	0.000000	0.000000	0.000000	0.000000
-0.913430	0.845084	-0.844324	0.000000	0.000000	0.000000	0.000000	0.000000	0.000000	0.000000
-0.913430	0.845197	-0.843256	-0.000000	0.000000	0.000000	0.000000	0.000000	0.000000	0.000000
-0.913430	0.844853	-0.843233	0.000000	0.000000	0.000000	0.000000	0.000000	0.000000	0.000000
-0.913430	0.845460	-0.843840	0.000000	0.000000	0.000000	0.000000	0.000000	0.000000	0.000000
-0.913430	0.845313	-0.843872	0.000000	0.000000	0.000000	0.000000	0.000000	0.000000	0.000000
-0.913430	0.844735	-0.843797	0.000000	0.000000	0.000000	0.000000	0.000000	0.000000	0.000000
-0.913430	0.845151	-0.844070	0.000000	0.000000	0.000000	0.000000	0.000000	0.000000	0.000000
-0.913430	0.845195	-0.844326	0.000000	0.000000	0.000000	0.000000	0.000000	0.000000	0.000000
-0.913430	0.845237	-0.844525	-0.000000	0.000000	0.000000	0.000000	0.000000	0.000000	0.000000
-0.913430	0.844915	-0.843400	0.000000	0.000000	0.000000	0.000000	0.000000	0.000000	0.000000
-0.913430	0.845086	-0.843729	0.000000	0.000000	0.000000	0.000000	0.000000	0.000000	0.000000
-0.913430	0.845018	-0.843664	0.000000	0.000000	0.000000	0.000000	0.000000	0.000000	0.000000
-0.913430	0.844828	-0.844166	0.000000	0.000000	0.000000	0.000000	0.000000	0.000000	0.000000
-0.913430	0.844729	-0.843746	-0.000000	0.000000	0.000000	0.000000	0.000000	0.000000	0.000000
-0.913430	0.845298	-0.843166	-0.000000	0.000000	0.000000	0.000000	0.000000	0.000000	0.000000
-0.913430	0.845051	-0.843869	-0.000000	0.000000	0.000000	0.000000	0.000000	0.000000	0.000000
-0.913430	0.845061	-0.836007	-0.000000	0.000000	0.000000	0.000000	0.000000	0.000000	0.000000
-0.913430	0.844862	-0.843474	-0.000000	0.000000	0.000000	0.000000	0.000000	0.000000	0.000000
-0.913430	0.845163	-0.844397	-0.000000	0.000000	0.000000	0.000000	0.000000	0.000000	0.000000
-0.913430	0.845225	-0.844456	0.000000	0.000000	0.000000	0.000000	0.000000	0.000000	0.000000
-0.913430	0.845182	-0.844180	-0.000000	0.000000	0.000000	0.000000	0.000000	0.000000	0.000000
-0.913430	0.845280	-0.845383	-0.000000	0.000000	0.000000	0.000000	0.000000	0.000000	0.000000
-0.913430	0.844694	-0.843886	0.000000	0.000000	0.000000	0.000000	0.000000	0.000000	0.000000
-0.913430	0.844825	-0.843599	-0.000000	0.000000	0.000000	0.000000	0.000000	0.000000	0.000000
-0.913430	0.845194	-0.844246	-0.000000	0.000000	0.000000	0.000000	0.000000	0.000000	0.000000
-0.913430	0.845327	-0.844231	0.000000	0.000000	0.000000	0.000000	0.000000	0.000000	0.000000
-0.913430	0.845185	-0.843817	0.000000	0.000000	0.000000	0.000000	0.000000	0.000000	0.000000
-0.913430	0.845107	-0.844246	-0.000000	0.000000	0.000000	0.000000	0.000000	0.000000	0.000000
-0.913430	0.845237	-0.844531	-0.000000	0.000000	0.000000	0.000000	0.000000	0.000000	0.000000
-0.913430	0.844741	-0.843998	0.000000	0.000000	0.000000	0.000000	0.000000	0.000000	0.000000
-0.913430	0.844935	-0.843641	-0.000000	0.000000	0.000000	0.000000	0.000000	0.000000	0.000000
-0.913430	0.845257	-0.844257	0.000000	0.000000	0.000000	0.000000	0.000000	0.000000	0.000000
-0.913430	0.845256	-0.844646	-0.000000	0.000000	0.000000	0.000000	0.000000	0.000000	0.000000
-0.913430	0.845144	-0.843720	0.000000	0.000000	0.000000	0.000000	0.000000	0.000000	0.000000
-0.913430	0.844848	-0.843905	0.000000	0.000000	0.000000	0.000000	0.000000	0.000000	0.000000
-0.913430	0.845314	-0.843845	-0.000000	0.000000	0.000000	0.000000	0.000000	0.000000	0.000000
-0.913430	0.845249	-0.843933	0.000000	0.000000	0.000000	0.000000	0.000000	0.000000	0.000000
-0.913430	0.844640	-0.844816	0.000000	0.000000	0.000000	0.000000	0.000000	0.000000	0.000000
-0.913430	0.845019	-0.842947	0.000000	0.000000	0.000000	0.000000	0.000000	0.000000	0.000000
-0.913430	0.845000	-0.844042	-0.000000	0.000000	0.000000	0.000000	0.000000	0.000000	0.000000
-0.913430	0.844787	-0.844691	0.000000	0.000000	0.000000	0.000000	0.000000	0.000000	0.000000
-0.913430	0.844988	-0.844459	0.000000	0.000000	0.000000	0.000000	0.000000	0.000000	0.000000
-0.913430	0.845008	-0.843359	-0.000000	0.000000	0.000000	0.000000	0.000000	0.000000	0.000000
-0.913430	0.844967	-0.844327	-0.000000	0.000000	0.000000	0.000000	0.000000	0.000000	0.000000
-0.913430	0.845063	-0.843281	-0.000000	0.000000	0.000000	0.000000	0.000000	0.000000	0.000000
-0.913430	0.844883	-0.843443	0.000000	0.000000	0.000000	0.000000	0.000000	0.000000	0.000000
-0.913430	0.844926	-0.845234	-0.000000	0.000000	0.000000	0.000000	0.000000	0.000000	0.000000
-0.913430	0.844910	-0.843373	-0.000000	0.000000	0.000000	0.000000	0.000000	0.000000	0.000000
-0.913430	0.845192	-0.842934	0.000000	0.000000	0.000000	0.000000	0.000000	0.000000	0.000000
-0.913430	0.844669	-0.844222	0.000000	0.000000	0.000000	0.000000	0.000000	0.000000	0.000000
-0.913430	0.844948	-0.843882	-0.000000	0.000000	0.000000	0.000000	0.000000	0.000000	0.000000
-0.913430	0.845399	-0.844371	0.000000	0.000000	0.000000	0.000000	0.000000	0.000000	0.000000
-0.913430	0.845151	-0.844636	-0.000000	0.000000	0.000000	0.000000	0.000000	0.000000	0.000000
-0.913430	0.845244	-0.843844	0.000000	0.000000	0.000000	0.000000	0.000000	0.000000	0.000000
-0.913430	0.844739	-0.843336	-0.000000	0.000000	0.000000	0.000000	0.000000	0.000000	0.000000
-0.913430	0.845255	-0.844741	0.000000	0.000000	0.000000	0.000000	0.000000	0.000000	0.000000
-0.913430	0.844678	-0.844693	-0.000000	0.000000	0.000000	0.000000	0.000000	0.000000	0.000000
-0.913430	0.845044	-0.844651	-0.000000	0.000000	0.000000	0.000000	0.000000	0.000000	0.000000
-0.913430	0.845012	-0.843568	-0.000000	0.000000	0.000000	0.000000	0.000000	0.000000	0.000000
-0.913430	0.845086	-0.844568	0.000000	0.000000	0.000000	0.000000	0.000000	0.000000	0.000000
-0.913430	0.845101	-0.843201	0.000000	0.000000	0.000000	0.000000	0.000000	0.000000	0.000000
-0.913430	0.844922	-0.844857	0.000000	0.000000	0.000000	0.000000	0.000000	0.000000	0.000000
-0.913430	0.845297	-0.844718	0.000000	0.000000	0.000000	0.000000	0.000000	0.000000	0.000000
-0.913430	0.844642	-0.844475	-0.000000	0.000000	0.000000	0.000000	0.000000	0.000000	0.000000
-0.913430	0.844918	-0.843860	-0.000000	0.000000	0.000000	0.000000	0.000000	0.000000	0.000000
-0.913430	0.845050	-0.844254	-0.000000	0.000000	0.000000	0.000000	0.000000	0.000000	0.000000
-0.913430	0.845022	-0.842788	0.000000	0.000000	0.000000	0.000000	0.000000	0.000000	0.000000
-0.913430	0.845068	-0.843991	-0.000000	0.000000	0.000000	0.000000	0.000000	0.000000	0.000000
-0.913430	0.844992	-0.843924	-0.000000	0.000000	0.000000	0.000000	0.000000	0.000000	0.000000
-0.913430	0.845089	-0.844108	0.000000	0.000000	0.000000	0.000000	0.000000	0.000000	0.000000
-0.913430	0.845229	-0.843679	-0.000000	0.000000	0.000000	0.000000	0.000000	0.000000	0.000000
-0.913430	0.845105	-0.843657	-0.000000	0.000000	0.000000	0.000000	0.000000	0.000000	0.000000
-0.913430	0.844804	-0.844516	-0.000000	0.000000	0.000000	0.000000	0.000000	0.000000	0.000000
-0.913430	0.845395	-0.843995	0.000000	0.000000	0.000000	0.000000	0.000000	0.000000	0.000000
-0.913430	0.845522	-0.844595	0.000000	0.000000	0.000000	0.000000	0.000000	0.000000	0.000000
-0.913430	0.844994	-0.843694	0.000000	0.000000	0.000000	0.000000	0.000000	0.000000	0.000000
-0.913430	0.844876	-0.843337	-0.000000	0.000000	0.000000	0.000000	0.000000	0.000000	0.000000
-0.913430	0.845120	-0.843784	0.000000	0.000000	0.000000	0.000000	0.000000	0.000000	0.000000
-0.913430	0.844976	-0.843322	-0.000000	0.000000	0.000000	0.000000	0.000000	0.000000	0.000000
-0.913430	0.845173	-0.844618	-0.000000	0.000000	0.000000	0.000000	0.000000	0.000000	0.000000
-0.913430	0.845222	-0.843642	0.000000	0.000000	0.000000	0.000000	0.000000	0.000000	0.000000
-0.913430	0.845227	-0.844565	0.000000	0.000000	0.000000	0.000000	0.000000	0.000000	0.000000
-0.913430	0.845329	-0.844387	-0.000000	0.000000	0.000000	0.000000	0.000000	0.000000	0.000000
-0.913430	0.844525	-0.843085	0.000000	0.000000	0.000000	0.000000	0.000000	0.000000	0.000000
-0.913430	0.845650	-0.843384	0.000000	0.000000	0.000000	0.000000	0.000000	0.000000	0.000000
-0.913430	0.845204	-0.843595	0.000000	0.000000	0.000000	0.000000	0.000000	0.000000	0.000000
-0.913430	0.845410	-0.843524	-0.000000	0.000000	0.000000	0.000000	0.000000	0.000000	0.000000
-0.913430	0.845341	-0.843584	0.000000	0.000000	0.000000	0.000000	0.000000	0.000000	0.000000
-0.913430	0.845118	-0.845019	-0.000000	0.000000	0.000000	0.000000	0.000000	0.000000	0.000000
-0.913430	0.845156	-0.843885	0.000000	0.000000	0.000000	0.000000	0.000000	0.000000	0.000000
-0.913430	0.845225	-0.843327	0.000000	0.000000	0.000000	0.000000	0.000000	0.000000	0.000000
-0.913430	0.845164	-0.844397	-0.000000	0.000000	0.000000	0.000000	0.000000	0.000000	0.000000
-0.913430	0.845244	-0.843915	0.000000	0.000000	0.000000	0.000000	0.000000	0.000000	0.000000
-0.913430	0.845019	-0.843232	0.000000	0.000000	0.000000	0.000000	0.000000	0.000000	0.000000
-0.913430	0.845182	-0.844028	0.000000	0.000000	0.000000	0.000000	0.000000	0.000000	0.000000
-0.913430	0.845147	-0.843943	0.000000	0.000000	0.000000	0.000000	0.000000	0.000000	0.000000
-0.913430	0.845111	-0.844292	-0.000000	0.000000	0.000000	0.000000	0.000000	0.000000	0.000000
-0.913430	0.844837	-0.844313	-0.000000	0.000000	0.000000	0.000000	0.000000	0.000000	0.000000
-0.913430	0.844725	-0.843510	-0.000000	0.000000	0.000000	0.000000	0.000000	0.000000	0.000000
-0.913430	0.845389	-0.844208	0.000000	0.000000	0.000000	0.000000	0.000000	0.000000	0.000000
-0.913430	0.844731	-0.844199	-0.000000	0.000000	0.000000	0.000000	0.000000	0.000000	0.000000
-0.913430	0.844967	-0.843860	-0.000000	0.000000	0.000000	0.000000	0.000000	0.000000	0.000000
-0.913430	0.845242	-0.843869	0.000000	0.000000	0.000000	0.000000	0.000000	0.000000	0.000000
-0.913430	0.844674	-0.844672	0.000000	0.000000	0.000000	0.000000	0.000000	0.000000	0.000000
-0.913430	0.845284	-0.843672	-0.000000	0.000000	0.000000	0.000000	0.000000	0.000000	0.000000
-0.913430	0.845060	-0.844153	0.000000	0.000000	0.000000	0.000000	0.000000	0.000000	0.000000
-0.913430	0.844961	-0.843970	0.000000	0.000000	0.000000	0.000000	0.000000	0.000000	0.000000
-0.913430	0.844921	-0.845076	-0.000000	0.000000	0.000000	0.000000	0.000000	0.000000	0.000000
-0.913430	0.844934	-0.844455	0.000000	0.000000	0.000000	0.000000	0.000000	0.000000	0.000000
-0.913430	0.844757	-0.844377	-0.000000	0.000000	0.000000	0.000000	0.000000	0.000000	0.000000
-0.913430	0.844759	-0.843733	-0.000000	0.000000	0.000000	0.000000	0.000000	0.000000	0.000000
-0.913430	0.845181	-0.843539	0.000000	0.000000	0.000000	0.000000	0.000000	0.000000	0.000000
-0.913430	0.845211	-0.843629	0.000000	0.000000	0.000000	0.000000	0.000000	0.000000	0.000000
-0.913430	0.845185	-0.844071	0.000000	0.000000	0.000000	0.000000	0.000000	0.000000	0.000000
-0.913430	0.845041	-0.843205	0.000000	0.000000	0.000000	0.000000	0.000000	0.000000	0.000000
-0.913430	0.845490	-0.844084	-0.000000	0.000000	0.000000	0.000000	0.000000	0.000000	0.000000
-0.913430	0.844650	-0.844103	-0.000000	0.000000	0.000000	0.000000	0.000000	0.000000	0.000000
-0.913430	0.845062	-0.843425	-0.000000	0.000000	0.000000	0.000000	0.000000	0.000000	0.000000
-0.913430	0.845336	-0.843981	-0.000000	0.000000	0.000000	0.000000	0.000000	0.000000	0.000000
-0.913430	0.845368	-0.843273	0.000000	0.000000	0.000000	0.000000	0.000000	0.000000	0.000000
-0.913430	0.844893	-0.844682	0.000000	0.000000	0.000000	0.000000	0.000000	0.000000	0.000000
-0.913430	0.845134	-0.843177	0.000000	0.000000	0.000000	0.000000	0.000000	0.000000	0.000000
-0.913430	0.845267	-0.842978	0.000000	0.000000	0.000000	0.000000	0.000000	0.000000	0.000000
-0.913430	0.845273	-0.843829	0.000000	0.000000	0.000000	0.000000	0.000000	0.000000	0.000000
-0.913430	0.845080	-0.844606	0.000000	0.000000	0.000000	0.000000	0.000000	0.000000	0.000000
-0.913430	0.844687	-0.842584	-0.000000	0.000000	0.000000	0.000000	0.000000	0.000000	0.000000
-0.913430	0.845403	-0.843348	-0.000000	0.000000	0.000000	0.000000	0.000000	0.000000	0.000000
-0.913430	0.844629	-0.843994	-0.000000	0.000000	0.000000	0.000000	0.000000	0.000000	0.000000
-0.913430	0.844942	-0.844137	-0.000000	0.000000	0.000000	0.000000	0.000000	0.000000	0.000000
-0.913430	0.844861	-0.843800	-0.000000	0.000000	0.000000	0.000000	0.000000	0.000000	0.000000
-0.913430	0.845062	-0.844942	0.000000	0.000000	0.000000	0.000000	0.000000	0.000000	0.000000
-0.913430	0.844852	-0.843384	-0.000000	0.000000	0.000000	0.000000	0.000000	0.000000	0.000000
-0.913430	0.845174	-0.844679	0.000000	0.000000	0.000000	0.000000	0.000000	0.000000	0.000000
-0.913430	0.845171	-0.844969	-0.000000	0.000000	0.000000	0.000000	0.000000	0.000000	0.000000
-0.913430	0.845118	-0.844500	0.000000	0.000000	0.000000	0.000000	0.000000	0.000000	0.000000
-0.913430	0.845236	-0.844334	0.000000	0.000000	0.000000	0.000000	0.000000	0.000000	0.000000
-0.913430	0.844912	-0.843892	0.000000	0.000000	0.000000	0.000000	0.000000	0.000000	0.000000
-0.913430	0.844954	-0.843386	0.000000	0.000000	0.000000	0.000000	0.000000	0.000000	0.000000
-0.913430	0.845174	-0.843481	0.000000	0.000000	0.000000	0.000000	0.000000	0.000000	0.000000
-0.913430	0.844853	-0.843748	0.000000	0.000000	0.000000	0.000000	0.000000	0.000000	0.000000
-0.913430	0.845273	-0.843992	0.000000	0.000000	0.000000	0.000000	0.000000	0.000000	0.000000
-0.913430	0.844996	-0.369351	-0.000000	0.000000	0.000000	0.000000	0.000000	0.000000	0.000000
-0.913430	0.845031	-0.843857	0.000000	0.000000	0.000000	0.000000	0.000000	0.000000	0.000000
-0.913430	0.845011	-0.843954	-0.000000	0.000000	0.000000	0.000000	0.000000	0.000000	0.000000
-0.913430	0.845133	-0.844508	0.000000	0.000000	0.000000	0.000000	0.000000	0.000000	0.000000
-0.913430	0.845273	-0.844393	-0.000000	0.000000	0.000000	0.000000	0.000000	0.000000	0.000000
-0.913430	0.845309	-0.843527	-0.000000	0.000000	0.000000	0.000000	0.000000	0.000000	0.000000
-0.913430	0.845297	-0.843338	0.000000	0.000000	0.000000	0.000000	0.000000	0.000000	0.000000
-0.913430	0.844863	-0.844142	0.000000	0.000000	0.000000	0.000000	0.000000	0.000000	0.000000
-0.913430	0.845181	-0.843633	-0.000000	0.000000	0.000000	0.000000	0.000000	0.000000	0.000000
-0.913430	0.845026	-0.843807	0.000000	0.000000	0.000000	0.000000	0.000000	0.000000	0.000000
-0.913430	0.844761	-0.843769	-0.000000	0.000000	0.000000	0.000000	0.000000	0.000000	0.000000
-0.913430	0.845421	-0.843689	-0.000000	0.000000	0.000000	0.000000	0.000000	0.000000	0.000000
-0.913430	0.845031	-0.844009	0.000000	0.000000	0.000000	0.000000	0.000000	0.000000	0.000000
-0.913430	0.844931	-0.843491	-0.000000	0.000000	0.000000	0.000000	0.000000	0.000000	0.000000
-0.913430	0.845344	-0.844796	-0.000000	0.000000	0.000000	0.000000	0.000000	0.000000	0.000000
-0.913430	0.844805	-0.844610	-0.000000	0.000000	0.000000	0.000000	0.000000	0.000000	0.000000
-0.913430	0.845379	-0.844284	-0.000000	0.000000	0.000000	0.000000	0.000000	0.000000	0.000000
-0.913430	0.845240	-0.844031	0.000000	0.000000	0.000000	0.000000	0.000000	0.000000	0.000000
-0.913430	0.844882	-0.843717	-0.000000	0.000000	0.000000	0.000000	0.000000	0.000000	0.000000
-0.913430	0.844608	-0.845133	0.000000	0.000000	0.000000	0.000000	0.000000	0.000000	0.000000
-0.913430	0.844855	-0.843000	-0.000000	0.000000	0.000000	0.000000	0.000000	0.000000	0.000000
-0.913430	0.845009	-0.843872	-0.000000	0.000000	0.000000	0.000000	0.000000	0.000000	0.000000
-0.913430	0.845269	-0.844386	0.000000	0.000000	0.000000	0.000000	0.000000	0.000000	0.000000
-0.913430	0.844645	-0.845617	-0.000000	0.000000	0.000000	0.000000	0.000000	0.000000	0.000000
-0.913430	0.844863	-0.843911	-0.000000	0.000000	0.000000	0.000000	0.000000	0.000000	0.000000
-0.913430	0.844786	-0.843674	-0.000000	0.000000	0.000000	0.000000	0.000000	0.000000	0.000000
-0.913430	0.845174	-0.845523	0.000000	0.000000	0.000000	0.000000	0.000000	0.000000	0.000000
-0.913430	0.845269	-0.844294	-0.000000	0.000000	0.000000	0.000000	0.000000	0.000000	0.000000
-0.913430	0.845242	-0.844305	-0.000000	0.000000	0.000000	0.000000	0.000000	0.000000	0.000000
-0.913430	0.844739	-0.843890	-0.000000	0.000000	0.000000	0.000000	0.000000	0.000000	0.000000
-0.913430	0.845044	-0.843263	0.000000	0.000000	0.000000	0.000000	0.000000	0.000000	0.000000
-0.913430	0.844924	-0.844916	0.000000	0.000000	0.000000	0.000000	0.000000	0.000000	0.000000
-0.913430	0.845084	-0.844368	0.000000	0.000000	0.000000	0.000000	0.000000	0.000000	0.000000
-0.913430	0.844911	-0.843393	-0.000000	0.000000	0.000000	0.000000	0.000000	0.000000	0.000000
-0.913430	0.845424	-0.845215	0.000000	0.000000	0.000000	0.000000	0.000000	0.000000	0.000000
-0.913430	0.844788	-0.843755	0.000000	0.000000	0.000000	0.000000	0.000000	0.000000	0.000000
-0.913430	0.844726	-0.844655	0.000000	0.000000	0.000000	0.000000	0.000000	0.000000	0.000000
-0.913430	0.844938	-0.843920	-0.000000	0.000000	0.000000	0.000000	0.000000	0.000000	0.000000
-0.913430	0.844964	-0.843044	0.000000	0.000000	0.000000	0.000000	0.000000	0.000000	0.000000
-0.913430	0.844773	-0.843736	0.000000	0.000000	0.000000	0.000000	0.000000	0.000000	0.000000
-0.913430	0.844887	-0.843132	0.000000	0.000000	0.000000	0.000000	0.000000	0.000000	0.000000
-0.913430	0.845617	-0.844409	-0.000000	0.000000	0.000000	0.000000	0.000000	0.000000	0.000000
-0.913430	0.845063	-0.844496	0.000000	0.000000	0.000000	0.000000	0.000000	0.000000	0.000000
-0.913430	0.844942	-0.843608	0.000000	0.000000	0.000000	0.000000	0.000000	0.000000	0.000000
-0.913430	0.845022	-0.842604	-0.000000	0.000000	0.000000	0.000000	0.000000	0.000000	0.000000
-0.913430	0.845282	-0.843590	0.000000	0.000000	0.000000	0.000000	0.000000	0.000000	0.000000
-0.913430	0.844599	-0.843659	0.000000	0.000000	0.000000	0.000000	0.000000	0.000000	0.000000
-0.913430	0.844906	-0.844494	0.000000	0.000000	0.000000	0.000000	0.000000	0.000000	0.000000
-0.913430	0.845016	-0.843970	-0.000000	0.000000	0.000000	0.000000	0.000000	0.000000	0.000000
-0.913430	0.845243	-0.843550	-0.000000	0.000000	0.000000	0.000000	0.000000	0.000000	0.000000
-0.913430	0.844919	-0.844166	0.000000	0.000000	0.000000	0.000000	0.000000	0.000000	0.000000
-0.913430	0.845048	-0.844299	-0.000000	0.000000	0.000000	0.000000	0.000000	0.000000	0.000000
-0.913430	0.844987	-0.842772	-0.000000	0.000000	0.000000	0.000000	0.000000	0.000000	0.000000
-0.913430	0.845013	-0.844267	0.000000	0.000000	0.000000	0.000000	0.000000	0.000000	0.000000
-0.913430	0.845217	-0.843477	-0.000000	0.000000	0.000000	0.000000	0.000000	0.000000	0.000000
-0.913430	0.844948	-0.844359	-0.000000	0.000000	0.000000	0.000000	0.000000	0.000000	0.000000
-0.913430	0.845130	-0.843497	-0.000000	0.000000	0.000000	0.000000	0.000000	0.000000	0.000000
-0.913430	0.845136	-0.843749	0.000000	0.000000	0.000000	0.000000	0.000000	0.000000	0.000000
-0.913430	0.844872	-0.844214	-0.000000	0.000000	0.000000	0.000000	0.000000	0.000000	0.000000
-0.913430	0.845181	-0.844380	-0.000000	0.000000	0.000000	0.000000	0.000000	0.000000	0.000000
-0.913430	0.845556	-0.843073	-0.000000	0.000000	0.000000	0.000000	0.000000	0.000000	0.000000
-0.913430	0.845028	-0.843079	0.000000	0.000000	0.000000	0.000000	0.000000	0.000000	0.000000
-0.913430	0.844908	-0.843340	-0.000000	0.000000	0.000000	0.000000	0.000000	0.000000	0.000000
-0.913430	0.845295	-0.844457	-0.000000	0.000000	0.000000	0.000000	0.000000	0.000000	0.000000
-0.913430	0.844708	-0.843266	0.000000	0.000000	0.000000	0.000000	0.000000	0.000000	0.000000
-0.913430	0.845297	-0.843005	-0.000000	0.000000	0.000000	0.000000	0.000000	0.000000	0.000000
-0.913430	0.845183	-0.843564	-0.000000	0.000000	0.000000	0.000000	0.000000	0.000000	0.000000
-0.913430	0.844915	-0.843497	0.000000	0.000000	0.000000	0.000000	0.000000	0.000000	0.000000
-0.913430	0.844935	-0.844994	-0.000000	0.000000	0.000000	0.000000	0.000000	0.000000	0.000000
-0.913430	0.845044	-0.845000	-0.000000	0.000000	0.000000	0.000000	0.000000	0.000000	0.000000
-0.913430	0.845202	-0.844268	0.000000	0.000000	0.000000	0.000000	0.000000	0.000000	0.000000
-0.913430	0.845263	-0.844479	-0.000000	0.000000	0.000000	0.000000	0.000000	0.000000	0.000000
-0.913430	0.845164	-0.843866	0.000000	0.000000	0.000000	0.000000	0.000000	0.000000	0.000000
-0.913430	0.844987	-0.844154	-0.000000	0.000000	0.000000	0.000000	0.000000	0.000000	0.000000
-0.913430	0.845389	-0.842894	0.000000	0.000000	0.000000	0.000000	0.000000	0.000000	0.000000
-0.913430	0.844867	-0.843917	-0.000000	0.000000	0.000000	0.000000	0.000000	0.000000	0.000000
-0.913430	0.844676	-0.844538	-0.000000	0.000000	0.000000	0.000000	0.000000	0.000000	0.000000
-0.913430	0.845165	-0.843699	0.000000	0.000000	0.000000	0.000000	0.000000	0.000000	0.000000
-0.913430	0.845030	-0.843926	-0.000000	0.000000	0.000000	0.000000	0.000000	0.000000	0.000000
-0.913430	0.845211	-0.843833	0.000000	0.000000	0.000000	0.000000	0.000000	0.000000	0.000000
-0.913430	0.844863	-0.844276	-0.000000	0.000000	0.000000	0.000000	0.000000	0.000000	0.000000
-0.913430	0.844970	-0.843588	-0.000000	0.000000	0.000000	0.000000	0.000000	0.000000	0.000000
-0.913430	0.845063	-0.845452	0.000000	0.000000	0.000000	0.000000	0.000000	0.000000	0.000000
-0.913430	0.845157	-0.844902	0.000000	0.000000	0.000000	0.000000	0.000000	0.000000	0.000000
-0.913430	0.844775	-0.843962	0.000000	0.000000	0.000000	0.000000	0.000000	0.000000	0.000000
-0.913430	0.845318	-0.844385	-0.000000	0.000000	0.000000	0.000000	0.000000	0.000000	0.000000
-0.913430	0.845013	-0.842928	0.000000	0.000000	0.000000	0.000000	0.000000	0.000000	0.000000
-0.913430	0.845119	-0.843451	-0.000000	0.000000	0.000000	0.000000	0.000000	0.000000	0.000000
-0.913430	0.845135	-0.840636	0.000000	0.000000	0.000000	0.000000	0.000000	0.000000	0.000000
-0.913430	0.845001	-0.844437	0.000000	0.000000	0.000000	0.000000	0.000000	0.000000	0.000000
-0.913430	0.845141	-0.843685	0.000000	0.000000	0.000000	0.000000	0.000000	0.000000	0.000000
-0.913430	0.845143	-0.841310	0.000000	0.000000	0.000000	0.000000	0.000000	0.000000	0.000000
-0.913430	0.845131	-0.844166	-0.000000	0.000000	0.000000	0.000000	0.000000	0.000000	0.000000
-0.913430	0.845362	-0.843448	0.000000	0.000000	0.000000	0.000000	0.000000	0.000000	0.000000
-0.913430	0.844857	-0.844257	-0.000000	0.000000	0.000000	0.000000	0.000000	0.000000	0.000000
-0.913430	0.844932	-0.843234	-0.000000	0.000000	0.000000	0.000000	0.000000	0.000000	0.000000
-0.913430	0.134036	0.000006	0.000000	0.000000	0.000000	0.000000	0.000000	0.000000	0.000000
-0.913430	0.845069	0.798184	-0.000000	0.000000	0.000000	0.000000	0.000000	0.000000	0.000000
-0.913430	0.844889	0.798364	-0.000000	0.000000	0.000000	0.000000	0.000000	0.000000	0.000000
-0.913430	0.844881	0.799033	0.000000	0.000000	0.000000	0.000000	0.000000	0.000000	0.000000
-0.913430	0.845100	0.797679	0.000000	0.000000	0.000000	0.000000	0.000000	0.000000	0.000000
-0.913430	0.845139	0.797444	-0.000000	0.000000	0.000000	0.000000	0.000000	0.000000	0.000000
-0.913430	0.845248	0.798311	-0.000000	0.000000	0.000000	0.000000	0.000000	0.000000	0.000000
-0.913430	0.845203	0.797470	0.000000	0.000000	0.000000	0.000000	0.000000	0.000000	0.000000
-0.913430	0.845087	0.797962	0.000000	0.000000	0.000000	0.000000	0.000000	0.000000	0.000000
-0.913430	0.844901	0.797998	0.000000	0.000000	0.000000	0.000000	0.000000	0.000000	0.000000
-0.913430	0.845142	0.798645	-0.000000	0.000000	0.000000	0.000000	0.000000	0.000000	0.000000
-0.913430	0.844859	0.797351	-0.000000	0.000000	0.000000	0.000000	0.000000	0.000000	0.000000
-0.913430	0.845218	0.798056	-0.000000	0.000000	0.000000	0.000000	0.000000	0.000000	0.000000
-0.913430	0.845070	0.798750	-0.000000	0.000000	0.000000	0.000000	0.000000	0.000000	0.000000
-0.913430	0.845181	0.798126	-0.000000	0.000000	0.000000	0.000000	0.000000	0.000000	0.000000
-0.913430	0.845249	0.798493	-0.000000	0.000000	0.000000	0.000000	0.000000	0.000000	0.000000
-0.913430	0.845116	0.798543	0.000000	0.000000	0.000000	0.000000	0.000000	0.000000	0.000000
-0.913430	0.845122	0.798844	-0.000000	0.000000	0.000000	0.000000	0.000000	0.000000	0.000000
-0.913430	0.845058	0.798713	0.000000	0.000000	0.000000	0.000000	0.000000	0.000000	0.000000
-0.913430	0.845159	0.798358	0.000000	0.000000	0.000000	0.000000	0.000000	0.000000	0.000000
-0.913430	0.845026	0.797899	-0.000000	0.000000	0.000000	0.000000	0.000000	0.000000	0.000000
-0.913430	0.844990	0.798772	-0.000000	0.000000	0.000000	0.000000	0.000000	0.000000	0.000000
-0.913430	0.845030	0.798412	-0.000000	0.000000	0.000000	0.000000	0.000000	0.000000	0.000000
-0.913430	0.845316	0.797725	-0.000000	0.000000	0.000000	0.000000	0.000000	0.000000	0.000000
-0.913430	0.844903	0.798365	0.000000	0.000000	0.000000	0.000000	0.000000	0.000000	0.000000
-0.913430	0.844628	0.798406	0.000000	0.000000	0.000000	0.000000	0.000000	0.000000	0.000000
-0.913430	0.845477	0.797801	-0.000000	0.000000	0.000000	0.000000	0.000000	0.000000	0.000000
-0.913430	0.845079	0.798755	-0.000000	0.000000	0.000000	0.000000	0.000000	0.000000	0.000000
-0.913430	0.845082	0.798257	0.000000	0.000000	0.000000	0.000000	0.000000	0.000000	0.000000
-0.913430	0.845058	0.797653	-0.000000	0.000000	0.000000	0.000000	0.000000	0.000000	0.000000
-0.913430	0.845075	0.797087	-0.000000	0.000000	0.000000	0.000000	0.000000	0.000000	0.000000
-0.913430	0.845266	0.798219	0.000000	0.000000	0.000000	0.000000	0.000000	0.000000	0.000000
-0.913430	0.845290	0.798484	-0.000000	0.000000	0.000000	0.000000	0.000000	0.000000	0.000000
-0.913430	0.845161	0.798099	0.000000	0.000000	0.000000	0.000000	0.000000	0.000000	0.000000
-0.913430	0.845143	0.798569	0.000000	0.000000	0.000000	0.000000	0.000000	0.000000	0.000000
-0.913430	0.845077	0.792290	-0.000000	0.000000	0.000000	0.000000	0.000000	0.000000	0.000000
-0.913430	0.845255	0.798738	0.000000	0.000000	0.000000	0.000000	0.000000	0.000000	0.000000
-0.913430	0.845446	0.798718	0.000000	0.000000	0.000000	0.000000	0.000000	0.000000	0.000000
-0.913430	0.845201	0.798221	0.000000	0.000000	0.000000	0.000000	0.000000	0.000000	0.000000
-0.913430	0.844872	0.798244	0.000000	0.000000	0.000000	0.000000	0.000000	0.000000	0.000000
-0.913430	0.845229	0.798859	0.000000	0.000000	0.000000	0.000000	0.000000	0.000000	0.000000
-0.913430	0.845151	0.798849	-0.000000	0.000000	0.000000	0.000000	0.000000	0.000000	0.000000
-0.913430	0.845177	0.798395	-0.000000	0.000000	0.000000	0.000000	0.000000	0.000000	0.000000
-0.913430	0.845197	0.798588	0.000000	0.000000	0.000000	0.000000	0.000000	0.000000	0.000000
-0.913430	0.845092	0.797747	-0.000000	0.000000	0.000000	0.000000	0.000000	0.000000	0.000000
-0.913430	0.845117	0.798105	0.000000	0.000000	0.000000	0.000000	0.000000	0.000000	0.000000
-0.913430	0.845171	0.798512	0.000000	0.000000	0.000000	0.000000	0.000000	0.000000	0.000000
-0.913430	0.844917	0.798387	-0.000000	0.000000	0.000000	0.000000	0.000000	0.000000	0.000000
-0.913430	0.845069	0.798326	-0.000000	0.000000	0.000000	0.000000	0.000000	0.000000	0.000000
-0.913430	0.845521	0.799196	-0.000000	0.000000	0.000000	0.000000	0.000000	0.000000	0.000000
-0.913430	0.844804	0.798454	-0.000000	0.000000	0.000000	0.000000	0.000000	0.000000	0.000000
-0.913430	0.844687	0.797940	0.000000	0.000000	0.000000	0.000000	0.000000	0.000000	0.000000
-0.913430	0.844813	0.799121	0.000000	0.000000	0.000000	0.000000	0.000000	0.000000	0.000000
-0.913430	0.845136	0.797941	-0.000000	0.000000	0.000000	0.000000	0.000000	0.000000	0.000000
-0.913430	0.845112	0.798523	0.000000	0.000000	0.000000	0.000000	0.000000	0.000000	0.000000
-0.913430	0.845210	0.798606	-0.000000	0.000000	0.000000	0.000000	0.000000	0.000000	0.000000
-0.913430	0.844829	0.795151	-0.000000	0.000000	0.000000	0.000000	0.000000	0.000000	0.000000
-0.913430	0.845054	0.798430	-0.000000	0.000000	0.000000	0.000000	0.000000	0.000000	0.000000
-0.913430	0.845045	0.797417	0.000000	0.000000	0.000000	0.000000	0.000000	0.000000	0.000000
-0.913430	0.845474	0.798371	0.000000	0.000000	0.000000	0.000000	0.000000	0.000000	0.000000
-0.913430	0.845243	0.799584	-0.000000	0.000000	0.000000	0.000000	0.000000	0.000000	0.000000
-0.913430	0.845371	0.798201	0.000000	0.000000	0.000000	0.000000	0.000000	0.000000	0.000000
-0.913430	0.844699	0.798069	0.000000	0.000000	0.000000	0.000000	0.000000	0.000000	0.000000
-0.913430	0.845291	0.798851	-0.000000	0.000000	0.000000	0.000000	0.000000	0.000000	0.000000
-0.913430	0.844931	0.798254	0.000000	0.000000	0.000000	0.000000	0.000000	0.000000	0.000000
-0.913430	0.844871	0.797993	-0.000000	0.000000	0.000000	0.000000	0.000000	0.000000	0.000000
-0.913430	0.845051	0.798224	0.000000	0.000000	0.000000	0.000000	0.000000	0.000000	0.000000
-0.913430	0.845024	0.797803	-0.000000	0.000000	0.000000	0.000000	0.000000	0.000000	0.000000
-0.913430	0.845102	0.797756	0.000000	0.000000	0.000000	0.000000	0.000000	0.000000	0.000000
-0.913430	0.844993	0.798472	-0.000000	0.000000	0.000000	0.000000	0.000000	0.000000	0.000000
-0.913430	0.845195	0.798329	-0.000000	0.000000	0.000000	0.000000	0.000000	0.000000	0.000000
-0.913430	0.845281	0.701797	-0.000000	0.000000	0.000000	0.000000	0.000000	0.000000	0.000000
-0.913430	0.844937	0.798183	0.000000	0.000000	0.000000	0.000000	0.000000	0.000000	0.000000
-0.913430	0.845284	0.797271	0.000000	0.000000	0.000000	0.000000	0.000000	0.000000	0.000000
-0.913430	0.845394	0.798456	-0.000000	0.000000	0.000000	0.000000	0.000000	0.000000	0.000000
-0.913430	0.844775	0.797599	0.000000	0.000000	0.000000	0.000000	0.000000	0.000000	0.000000
-0.913430	0.845182	0.797880	0.000000	0.000000	0.000000	0.000000	0.000000	0.000000	0.000000
-0.913430	0.845087	0.798541	-0.000000	0.000000	0.000000	0.000000	0.000000	0.000000	0.000000
-0.913430	0.844765	0.798881	0.000000	0.000000	0.000000	0.000000	0.000000	0.000000	0.000000
-0.913430	0.845053	0.798276	0.000000	0.000000	0.000000	0.000000	0.000000	0.000000	0.000000
-0.913430	0.845211	0.797539	0.000000	0.000000	0.000000	0.000000	0.000000	0.000000	0.000000
-0.913430	0.845172	0.799146	0.000000	0.000000	0.000000	0.000000	0.000000	0.000000	0.000000
-0.913430	0.845033	0.798047	0.000000	0.000000	0.000000	0.000000	0.000000	0.000000	0.000000
-0.913430	0.845296	0.785980	-0.000000	0.000000	0.000000	0.000000	0.000000	0.000000	0.000000
-0.913430	0.845075	0.798486	-0.000000	0.000000	0.000000	0.000000	0.000000	0.000000	0.000000
-0.913430	0.845243	0.797619	0.000000	0.000000	0.000000	0.000000	0.000000	0.000000	0.000000
-0.913430	0.844973	0.798257	-0.000000	0.000000	0.000000	0.000000	0.000000	0.000000	0.000000
-0.913430	0.844719	0.798055	-0.000000	0.000000	0.000000	0.000000	0.000000	0.000000	0.000000
-0.913430	0.844976	0.799025	0.000000	0.000000	0.000000	0.000000	0.000000	0.000000	0.000000
-0.913430	0.845206	0.798901	-0.000000	0.000000	0.000000	0.000000	0.000000	0.000000	0.000000
-0.913430	0.844900	0.798553	-0.000000	0.000000	0.000000	0.000000	0.000000	0.000000	0.000000
-0.913430	0.845087	0.798250	0.000000	0.000000	0.000000	0.000000	0.000000	0.000000	0.000000
-0.913430	0.844880	0.797972	0.000000	0.000000	0.000000	0.000000	0.000000	0.000000	0.000000
-0.913430	0.844829	0.798106	0.000000	0.000000	0.000000	0.000000	0.000000	0.000000	0.000000
-0.913430	0.844853	0.799020	0.000000	0.000000	0.000000	0.000000	0.000000	0.000000	0.000000
-0.913430	0.844908	0.797674	0.000000	0.000000	0.000000	0.000000	0.000000	0.000000	0.000000
-0.913430	0.844520	0.798438	-0.000000	0.000000	0.000000	0.000000	0.000000	0.000000	0.000000
-0.913430	0.844766	0.798215	-0.000000	0.000000	0.000000	0.000000	0.000000	0.000000	0.000000
-0.913430	0.845094	0.798300	0.000000	0.000000	0.000000	0.000000	0.000000	0.000000	0.000000
-0.913430	0.845031	0.797563	0.000000	0.000000	0.000000	0.000000	0.000000	0.000000	0.000000
-0.913430	0.844987	0.796554	0.000000	0.000000	0.000000	0.000000	0.000000	0.000000	0.000000
-0.913430	0.844895	0.798640	0.000000	0.000000	0.000000	0.000000	0.000000	0.000000	0.000000
-0.913430	0.845145	0.798030	-0.000000	0.000000	0.000000	0.000000	0.000000	0.000000	0.000000
-0.913430	0.844781	0.799111	-0.000000	0.000000	0.000000	0.000000	0.000000	0.000000	0.000000
-0.913430	0.845303	0.798351	0.000000	0.000000	0.000000	0.000000	0.000000	0.000000	0.000000
-0.913430	0.845147	0.798377	0.000000	0.000000	0.000000	0.000000	0.000000	0.000000	0.000000
-0.913430	0.844883	0.799010	-0.000000	0.000000	0.000000	0.000000	0.000000	0.000000	0.000000
-0.913430	0.844704	0.798659	-0.000000	0.000000	0.000000	0.000000	0.000000	0.000000	0.000000
-0.913430	0.845296	0.798075	0.000000	0.000000	0.000000	0.000000	0.000000	0.000000	0.000000
-0.913430	0.845163	0.798145	0.000000	0.000000	0.000000	0.000000	0.000000	0.000000	0.000000
-0.913430	0.845489	0.798354	0.000000	0.000000	0.000000	0.000000	0.000000	0.000000	0.000000
-0.913430	0.845455	0.798955	0.000000	0.000000	0.000000	0.000000	0.000000	0.000000	0.000000
-0.913430	0.845056	0.798781	0.000000	0.000000	0.000000	0.000000	0.000000	0.000000	0.000000
-0.913430	0.844832	0.797856	-0.000000	0.000000	0.000000	0.000000	0.000000	0.000000	0.000000
-0.913430	0.844952	0.798251	-0.000000	0.000000	0.000000	0.000000	0.000000	0.000000	0.000000
-0.913430	0.845076	0.797552	-0.000000	0.000000	0.000000	0.000000	0.000000	0.000000	0.000000
-0.913430	0.844567	0.798633	-0.000000	0.000000	0.000000	0.000000	0.000000	0.000000	0.000000
-0.913430	0.844705	0.797789	0.000000	0.000000	0.000000	0.000000	0.000000	0.000000	0.000000
-0.913430	0.845423	0.799165	-0.000000	0.000000	0.000000	0.000000	0.000000	0.000000	0.000000
-0.913430	0.845351	0.798056	-0.000000	0.000000	0.000000	0.000000	0.000000	0.000000	0.000000
-0.913430	0.844937	0.798169	-0.000000	0.000000	0.000000	0.000000	0.000000	0.000000	0.000000
-0.913430	0.845041	0.798746	-0.000000	0.000000	0.000000	0.000000	0.000000	0.000000	0.000000
-0.913430	0.845096	0.797520	-0.000000	0.000000	0.000000	0.000000	0.000000	0.000000	0.000000
-0.913430	0.845235	0.798727	-0.000000	0.000000	0.000000	0.000000	0.000000	0.000000	0.000000
-0.913430	0.844836	0.798176	-0.000000	0.000000	0.000000	0.000000	0.000000	0.000000	0.000000
-0.913430	0.845051	0.798210	-0.000000	0.000000	0.000000	0.000000	0.000000	0.000000	0.000000
-0.913430	0.845032	0.798307	-0.000000	0.000000	0.000000	0.000000	0.000000	0.000000	0.000000
-0.913430	0.845070	0.798338	0.000000	0.000000	0.000000	0.000000	0.000000	0.000000	0.000000
-0.913430	0.845296	0.566937	0.000000	0.000000	0.000000	0.000000	0.000000	0.000000	0.000000
-0.913430	0.844841	0.798904	0.000000	0.000000	0.000000	0.000000	0.000000	0.000000	0.000000
-0.913430	0.845034	0.798179	0.000000	0.000000	0.000000	0.000000	0.000000	0.000000	0.000000
-0.913430	0.845031	0.797799	0.000000	0.000000	0.000000	0.000000	0.000000	0.000000	0.000000
-0.913430	0.844919	0.798884	0.000000	0.000000	0.000000	0.000000	0.000000	0.000000	0.000000
-0.913430	0.845367	0.799217	0.000000	0.000000	0.000000	0.000000	0.000000	0.000000	0.000000
-0.913430	0.845147	0.798616	0.000000	0.000000	0.000000	0.000000	0.000000	0.000000	0.000000
-0.913430	0.845219	0.798258	-0.000000	0.000000	0.000000	0.000000	0.000000	0.000000	0.000000
-0.913430	0.844935	0.798693	-0.000000	0.000000	0.000000	0.000000	0.000000	0.000000	0.000000
-0.913430	0.845136	0.798470	0.000000	0.000000	0.000000	0.000000	0.000000	0.000000	0.000000
-0.913430	0.845058	0.797910	0.000000	0.000000	0.000000	0.000000	0.000000	0.000000	0.000000
-0.913430	0.844887	0.797773	0.000000	0.000000	0.000000	0.000000	0.000000	0.000000	0.000000
-0.913430	0.844621	0.798086	-0.000000	0.000000	0.000000	0.000000	0.000000	0.000000	0.000000
-0.913430	0.845160	0.797775	-0.000000	0.000000	0.000000	0.000000	0.000000	0.000000	0.000000
-0.913430	0.845162	0.797593	0.000000	0.000000	0.000000	0.000000	0.000000	0.000000	0.000000
-0.913430	0.844657	0.798434	-0.000000	0.000000	0.000000	0.000000	0.000000	0.000000	0.000000
-0.913430	0.844967	0.797934	0.000000	0.000000	0.000000	0.000000	0.000000	0.000000	0.000000
-0.913430	0.845220	0.798136	-0.000000	0.000000	0.000000	0.000000	0.000000	0.000000	0.000000
-0.913430	0.845214	0.798470	0.000000	0.000000	0.000000	0.000000	0.000000	0.000000	0.000000
-0.913430	0.845311	0.798769	0.000000	0.000000	0.000000	0.000000	0.000000	0.000000	0.000000
-0.913430	0.844883	0.798567	-0.000000	0.000000	0.000000	0.000000	0.000000	0.000000	0.000000
-0.913430	0.844950	0.798654	-0.000000	0.000000	0.000000	0.000000	0.000000	0.000000	0.000000
-0.913430	0.844670	0.798600	0.000000	0.000000	0.000000	0.000000	0.000000	0.000000	0.000000
-0.913430	0.845720	0.797173	0.000000	0.000000	0.000000	0.000000	0.000000	0.000000	0.000000
-0.913430	0.844760	0.797847	0.000000	0.000000	0.000000	0.000000	0.000000	0.000000	0.000000
-0.913430	0.845214	0.798613	-0.000000	0.000000	0.000000	0.000000	0.000000	0.000000	0.000000
-0.913430	0.844754	0.798653	0.000000	0.000000	0.000000	0.000000	0.000000	0.000000	0.000000
-0.913430	0.844813	0.799040	-0.000000	0.000000	0.000000	0.000000	0.000000	0.000000	0.000000
-0.913430	0.844761	0.798480	0.000000	0.000000	0.000000	0.000000	0.000000	0.000000	0.000000
-0.913430	0.845124	0.797989	0.000000	0.000000	0.000000	0.000000	0.000000	0.000000	0.000000
-0.913430	0.845073	0.798900	-0.000000	0.000000	0.000000	0.000000	0.000000	0.000000	0.000000
-0.913430	0.845333	0.799069	0.000000	0.000000	0.000000	0.000000	0.000000	0.000000	0.000000
-0.913430	0.845252	0.799251	0.000000	0.000000	0.000000	0.000000	0.000000	0.000000	0.000000
-0.913430	0.845460	0.797867	0.000000	0.000000	0.000000	0.000000	0.000000	0.000000	0.000000
-0.913430	0.845091	0.798913	-0.000000	0.000000	0.000000	0.000000	0.000000	0.000000	0.000000
-0.913430	0.845101	0.798320	-0.000000	0.000000	0.000000	0.000000	0.000000	0.000000	0.000000
-0.913430	0.845219	0.798050	0.000000	0.000000	0.000000	0.000000	0.000000	0.000000	0.000000
-0.913430	0.844803	0.798489	0.000000	0.000000	0.000000	0.000000	0.000000	0.000000	0.000000
-0.913392	0.845213	0.799247	-0.000000	0.000000	0.000000	0.000000	0.000000	0.000000	0.000000
-0.913430	0.844659	0.798451	0.000000	0.000000	0.000000	0.000000	0.000000	0.000000	0.000000
-0.913430	0.845206	0.798518	0.000000	0.000000	0.000000	0.000000	0.000000	0.000000	0.000000
-0.913430	0.845153	0.798316	-0.000000	0.000000	0.000000	0.000000	0.000000	0.000000	0.000000
-0.913430	0.844790	0.798800	-0.000000	0.000000	0.000000	0.000000	0.000000	0.000000	0.000000
-0.913430	0.844839	0.798561	-0.000000	0.000000	0.000000	0.000000	0.000000	0.000000	0.000000
-0.913430	0.845052	0.798964	-0.000000	0.000000	0.000000	0.000000	0.000000	0.000000	0.000000
-0.913430	0.845158	0.798808	0.000000	0.000000	0.000000	0.000000	0.000000	0.000000	0.000000
-0.913430	0.844909	0.797589	-0.000000	0.000000	0.000000	0.000000	0.000000	0.000000	0.000000
-0.913430	0.845024	0.798299	0.000000	0.000000	0.000000	0.000000	0.000000	0.000000	0.000000
-0.913430	0.844716	0.798283	-0.000000	0.000000	0.000000	0.000000	0.000000	0.000000	0.000000
-0.913430	0.845235	0.798250	-0.000000	0.000000	0.000000	0.000000	0.000000	0.000000	0.000000
-0.913430	0.844845	0.798415	0.000000	0.000000	0.000000	0.000000	0.000000	0.000000	0.000000
-0.913430	0.844807	0.799089	0.000000	0.000000	0.000000	0.000000	0.000000	0.000000	0.000000
-0.913430	0.844940	0.798568	-0.000000	0.000000	0.000000	0.000000	0.000000	0.000000	0.000000
-0.913430	0.844938	0.797854	-0.000000	0.000000	0.000000	0.000000	0.000000	0.000000	0.000000
-0.913430	0.844985	0.798258	0.000000	0.000000	0.000000	0.000000	0.000000	0.000000	0.000000
-0.913430	0.845390	0.797772	0.000000	0.000000	0.000000	0.000000	0.000000	0.000000	0.000000
-0.913430	0.845065	0.798325	-0.000000	0.000000	0.000000	0.000000	0.000000	0.000000	0.000000
-0.913430	0.845499	0.799426	0.000000	0.000000	0.000000	0.000000	0.000000	0.000000	0.000000
-0.913430	0.845105	0.796870	0.000000	0.000000	0.000000	0.000000	0.000000	0.000000	0.000000
-0.913430	0.845001	0.799319	-0.000000	0.000000	0.000000	0.000000	0.000000	0.000000	0.000000
-0.913430	0.845199	0.798949	-0.000000	0.000000	0.000000	0.000000	0.000000	0.000000	0.000000
-0.913430	0.844976	0.797656	-0.000000	0.000000	0.000000	0.000000	0.000000	0.000000	0.000000
-0.913430	0.845063	0.797961	0.000000	0.000000	0.000000	0.000000	0.000000	0.000000	0.000000
-0.913430	0.845477	0.798105	0.000000	0.000000	0.000000	0.000000	0.000000	0.000000	0.000000
-0.913430	0.845041	0.798967	0.000000	0.000000	0.000000	0.000000	0.000000	0.000000	0.000000
-0.913430	0.844873	0.797838	-0.000000	0.000000	0.000000	0.000000	0.000000	0.000000	0.000000
-0.913430	0.844989	0.798713	0.000000	0.000000	0.000000	0.000000	0.000000	0.000000	0.000000
-0.913430	0.845048	0.799114	0.000000	0.000000	0.000000	0.000000	0.000000	0.000000	0.000000
-0.913430	0.844702	0.798112	0.000000	0.000000	0.000000	0.000000	0.000000	0.000000	0.000000
-0.913430	0.844709	0.797598	0.000000	0.000000	0.000000	0.000000	0.000000	0.000000	0.000000
-0.913430	0.845415	0.797136	0.000000	0.000000	0.000000	0.000000	0.000000	0.000000	0.000000
-0.913430	0.845125	0.798399	-0.000000	0.000000	0.000000	0.000000	0.000000	0.000000	0.000000
-0.913430	0.844341	0.798797	0.000000	0.000000	0.000000	0.000000	0.000000	0.000000	0.000000
-0.913430	0.844935	0.798775	-0.000000	0.000000	0.000000	0.000000	0.000000	0.000000	0.000000
-0.913430	0.844608	0.798792	-0.000000	0.000000	0.000000	0.000000	0.000000	0.000000	0.000000
-0.913430	0.845096	0.798277	0.000000	0.000000	0.000000	0.000000	0.000000	0.000000	0.000000
-0.913430	0.844781	0.798738	-0.000000	0.000000	0.000000	0.000000	0.000000	0.000000	0.000000
-0.913430	0.845075	0.798207	-0.000000	0.000000	0.000000	0.000000	0.000000	0.000000	0.000000
-0.913430	0.844921	0.798128	-0.000000	0.000000	0.000000	0.000000	0.000000	0.000000	0.000000
-0.913430	0.845313	0.798154	-0.000000	0.000000	0.000000	0.000000	0.000000	0.000000	0.000000
-0.913430	0.845186	0.797764	-0.000000	0.000000	0.000000	0.000000	0.000000	0.000000	0.000000
-0.913430	0.844832	0.798221	-0.000000	0.000000	0.000000	0.000000	0.000000	0.000000	0.000000
-0.913430	0.845035	0.799140	-0.000000	0.000000	0.000000	0.000000	0.000000	0.000000	0.000000
-0.913430	0.845175	0.798869	-0.000000	0.000000	0.000000	0.000000	0.000000	0.000000	0.000000
-0.913430	0.845096	0.798327	0.000000	0.000000	0.000000	0.000000	0.000000	0.000000	0.000000
-0.913430	0.845161	0.798306	-0.000000	0.000000	0.000000	0.000000	0.000000	0.000000	0.000000
-0.913430	0.844947	0.798727	0.000000	0.000000	0.000000	0.000000	0.000000	0.000000	0.000000
-0.913430	0.845218	0.798188	-0.000000	0.000000	0.000000	0.000000	0.000000	0.000000	0.000000
-0.913430	0.845123	0.797960	0.000000	0.000000	0.000000	0.000000	0.000000	0.000000	0.000000
-0.913430	0.844992	0.798209	0.000000	0.000000	0.000000	0.000000	0.000000	0.000000	0.000000
-0.913430	0.845295	0.798621	-0.000000	0.000000	0.000000	0.000000	0.000000	0.000000	0.000000
-0.913430	0.844856	0.798280	-0.000000	0.000000	0.000000	0.000000	0.000000	0.000000	0.000000
-0.913430	0.844687	0.797872	-0.000000	0.000000	0.000000	0.000000	0.000000	0.000000	0.000000
-0.913430	0.844550	0.798127	0.000000	0.000000	0.000000	0.000000	0.000000	0.000000	0.000000
-0.913430	0.844761	0.798194	-0.000000	0.000000	0.000000	0.000000	0.000000	0.000000	0.000000
-0.913430	0.844915	0.796909	0.000000	0.000000	0.000000	0.000000	0.000000	0.000000	0.000000
-0.913430	0.845464	0.797645	0.000000	0.000000	0.000000	0.000000	0.000000	0.000000	0.000000
-0.913430	0.845127	0.797465	-0.000000	0.000000	0.000000	0.000000	0.000000	0.000000	0.000000
-0.913430	0.844889	0.797580	0.000000	0.000000	0.000000	0.000000	0.000000	0.000000	0.000000
-0.913430	0.844959	0.798312	0.000000	0.000000	0.000000	0.000000	0.000000	0.000000	0.000000
-0.913430	0.845190	0.798164	-0.000000	0.000000	0.000000	0.000000	0.000000	0.000000	0.000000
-0.913430	0.845135	0.798550	-0.000000	0.000000	0.000000	0.000000	0.000000	0.000000	0.000000
-0.913430	0.845197	0.797954	-0.000000	0.000000	0.000000	0.000000	0.000000	0.000000	0.000000
-0.913430	0.844872	0.797749	0.000000	0.000000	0.000000	0.000000	0.000000	0.000000	0.000000
-0.913430	0.845186	0.799028	-0.000000	0.000000	0.000000	0.000000	0.000000	0.000000	0.000000
-0.913430	0.844864	0.798777	-0.000000	0.000000	0.000000	0.000000	0.000000	0.000000	0.000000
-0.913430	0.845246	0.766440	0.000000	0.000000	0.000000	0.000000	0.000000	0.000000	0.000000
-0.913430	0.845188	0.798516	0.000000	0.000000	0.000000	0.000000	0.000000	0.000000	0.000000
-0.913430	0.845119	0.798230	0.000000	0.000000	0.000000	0.000000	0.000000	0.000000	0.000000
-0.913430	0.844492	0.798574	-0.000000	0.000000	0.000000	0.000000	0.000000	0.000000	0.000000
-0.913430	0.845206	0.798163	0.000000	0.000000	0.000000	0.000000	0.000000	0.000000	0.000000
-0.913430	0.845065	0.798700	0.000000	0.000000	0.000000	0.000000	0.000000	0.000000	0.000000
-0.913430	0.845965	0.797576	0.000000	0.000000	0.000000	0.000000	0.000000	0.000000	0.000000
-0.913430	0.844917	0.798952	0.000000	0.000000	0.000000	0.000000	0.000000	0.000000	0.000000
-0.913430	0.844948	0.798025	0.000000	0.000000	0.000000	0.000000	0.000000	0.000000	0.000000
-0.913430	0.844713	0.796854	-0.000000	0.000000	0.000000	0.000000	0.000000	0.000000	0.000000
-0.913430	0.845274	0.799637	-0.000000	0.000000	0.000000	0.000000	0.000000	0.000000	0.000000
-0.913430	0.845358	0.797997	-0.000000	0.000000	0.000000	0.000000	0.000000	0.000000	0.000000
-0.913430	0.844866	0.798165	-0.000000	0.000000	0.000000	0.000000	0.000000	0.000000	0.000000
-0.913430	0.845175	0.798334	-0.000000	0.000000	0.000000	0.000000	0.000000	0.000000	0.000000
-0.913430	0.845493	0.798139	0.000000	0.000000	0.000000	0.000000	0.000000	0.000000	0.000000
-0.913430	0.844868	0.798263	-0.000000	0.000000	0.000000	0.000000	0.000000	0.000000	0.000000
-0.913430	-0.861545	0.000000	-0.000013	0.000000	0.000000	0.000000	0.000000	0.000000	0.000000
-0.913430	-0.861548	-0.000000	0.816994	0.000000	0.000000	0.000000	0.000000	0.000000	0.000000
-0.913430	-0.862299	-0.000000	0.817123	0.000000	0.000000	0.000000	0.000000	0.000000	0.000000
-0.913430	-0.861750	-0.000000	0.817021	0.000000	0.000000	0.000000	0.000000	0.000000	0.000000
-0.913430	-0.861312	0.000000	0.817124	0.000000	0.000000	0.000000	0.000000	0.000000	0.000000
-0.913430	-0.862488	-0.000000	0.817124	0.000000	0.000000	0.000000	0.000000	0.000000	0.000000
-0.913430	-0.862408	-0.000000	0.817124	0.000000	0.000000	0.000000	0.000000	0.000000	0.000000
-0.913430	-0.862604	0.000000	0.817124	0.000000	0.000000	0.000000	0.000000	0.000000	0.000000
-0.913430	-0.862272	0.000000	0.817079	0.000000	0.000000	0.000000	0.000000	0.000000	0.000000
-0.913430	-0.861731	0.000000	0.814650	0.000000	0.000000	0.000000	0.000000	0.000000	0.000000
-0.913430	-0.861765	-0.000000	0.817124	0.000000	0.000000	0.000000	0.000000	0.000000	0.000000
-0.913430	-0.861782	0.000000	0.817124	0.000000	0.000000	0.000000	0.000000	0.000000	0.000000
-0.913430	-0.861802	-0.000000	0.817124	0.000000	0.000000	0.000000	0.000000	0.000000	0.000000
-0.913430	-0.861980	-0.000000	0.817124	0.000000	0.000000	0.000000	0.000000	0.000000	0.000000
-0.913430	-0.862283	-0.000000	0.817124	0.000000	0.000000	0.000000	0.000000	0.000000	0.000000
-0.913430	-0.862518	0.000000	0.817124	0.000000	0.000000	0.000000	0.000000	0.000000	0.000000
-0.913430	-0.862293	0.000000	0.817124	0.000000	0.000000	0.000000	0.000000	0.000000	0.000000
-0.913430	-0.862837	0.000000	0.817124	0.000000	0.000000	0.000000	0.000000	0.000000	0.000000
-0.913430	-0.863248	0.000000	0.817124	0.000000	0.000000	0.000000	0.000000	0.000000	0.000000
-0.913430	-0.862008	-0.000000	0.817124	0.000000	0.000000	0.000000	0.000000	0.000000	0.000000
-0.913430	-0.861864	-0.000000	0.817105	0.000000	0.000000	0.000000	0.000000	0.000000	0.000000
-0.913430	-0.861835	0.000000	0.817124	0.000000	0.000000	0.000000	0.000000	0.000000	0.000000
-0.913430	-0.862185	0.000000	0.817124	0.000000	0.000000	0.000000	0.000000	0.000000	0.000000
-0.913430	-0.863034	0.000000	0.817120	0.000000	0.000000	0.000000	0.000000	0.000000	0.000000
-0.913430	-0.862552	-0.000000	0.817124	0.000000	0.000000	0.000000	0.000000	0.000000	0.000000
-0.913430	-0.862811	-0.000000	0.817124	0.000000	0.000000	0.000000	0.000000	0.000000	0.000000
-0.913430	-0.861783	0.000000	0.817124	0.000000	0.000000	0.000000	0.000000	0.000000	0.000000
-0.913430	-0.862690	0.000000	0.817120	0.000000	0.000000	0.000000	0.000000	0.000000	0.000000
-0.913430	-0.862380	-0.000000	0.817124	0.000000	0.000000	0.000000	0.000000	0.000000	0.000000
-0.913430	-0.862362	0.000000	0.817124	0.000000	0.000000	0.000000	0.000000	0.000000	0.000000
-0.913430	-0.862530	0.000000	0.817123	0.000000	0.000000	0.000000	0.000000	0.000000	0.000000
-0.913430	-0.861552	0.000000	0.817115	0.000000	0.000000	0.000000	0.000000	0.000000	0.000000
-0.913430	-0.862358	0.000000	0.817124	0.000000	0.000000	0.000000	0.000000	0.000000	0.000000
-0.913430	-0.863424	-0.000000	0.817124	0.000000	0.000000	0.000000	0.000000	0.000000	0.000000
-0.913430	-0.863020	0.000000	0.817123	0.000000	0.000000	0.000000	0.000000	0.000000	0.000000
-0.913430	-0.862718	0.000000	0.816696	0.000000	0.000000	0.000000	0.000000	0.000000	0.000000
-0.913430	-0.861567	0.000000	0.817118	0.000000	0.000000	0.000000	0.000000	0.000000	0.000000
-0.913430	-0.862866	0.000000	0.817123	0.000000	0.000000	0.000000	0.000000	0.000000	0.000000
-0.913430	-0.862251	-0.000000	0.817102	0.000000	0.000000	0.000000	0.000000	0.000000	0.000000
-0.913430	-0.862255	0.000000	0.817124	0.000000	0.000000	0.000000	0.000000	0.000000	0.000000
-0.913430	-0.862879	0.000000	0.817101	0.000000	0.000000	0.000000	0.000000	0.000000	0.000000
-0.913430	-0.861530	0.000000	0.817115	0.000000	0.000000	0.000000	0.000000	0.000000	0.000000
-0.913430	-0.861862	-0.000000	0.817124	0.000000	0.000000	0.000000	0.000000	0.000000	0.000000
-0.913430	-0.862227	0.000000	0.816698	0.000000	0.000000	0.000000	0.000000	0.000000	0.000000
-0.913430	-0.862156	0.000000	0.817124	0.000000	0.000000	0.000000	0.000000	0.000000	0.000000
-0.913430	-0.862669	0.000000	0.817122	0.000000	0.000000	0.000000	0.000000	0.000000	0.000000
-0.913430	-0.862716	0.000000	0.817124	0.000000	0.000000	0.000000	0.000000	0.000000	0.000000
-0.913430	-0.863056	0.000000	0.817124	0.000000	0.000000	0.000000	0.000000	0.000000	0.000000
-0.913430	-0.861616	-0.000000	0.817124	0.000000	0.000000	0.000000	0.000000	0.000000	0.000000
-0.913430	-0.862054	0.000000	0.817124	0.000000	0.000000	0.000000	0.000000	0.000000	0.000000
-0.913430	-0.861711	0.000000	0.817123	0.000000	0.000000	0.000000	0.000000	0.000000	0.000000
-0.913430	-0.862449	0.000000	0.817119	0.000000	0.000000	0.000000	0.000000	0.000000	0.000000
-0.913430	-0.862205	-0.000000	0.817124	0.000000	0.000000	0.000000	0.000000	0.000000	0.000000
-0.913430	-0.861978	0.000000	0.817124	0.000000	0.000000	0.000000	0.000000	0.000000	0.000000
-0.913430	-0.860864	0.000000	0.817124	0.000000	0.000000	0.000000	0.000000	0.000000	0.000000
-0.913430	-0.862745	0.000000	0.817124	0.000000	0.000000	0.000000	0.000000	0.000000	0.000000
-0.913430	-0.862512	-0.000000	0.817124	0.000000	0.000000	0.000000	0.000000	0.000000	0.000000
-0.913430	-0.863178	-0.000000	0.817123	0.000000	0.000000	0.000000	0.000000	0.000000	0.000000
-0.913430	-0.862931	0.000000	0.815506	0.000000	0.000000	0.000000	0.000000	0.000000	0.000000
-0.913430	-0.862288	-0.000000	0.817124	0.000000	0.000000	0.000000	0.000000	0.000000	0.000000
-0.913430	-0.861905	0.000000	0.817124	0.000000	0.000000	0.000000	0.000000	0.000000	0.000000
-0.913430	-0.862131	-0.000000	0.817110	0.000000	0.000000	0.000000	0.000000	0.000000	0.000000
-0.913430	-0.862576	-0.000000	0.817053	0.000000	0.000000	0.000000	0.000000	0.000000	0.000000
-0.913430	-0.862960	0.000000	0.817082	0.000000	0.000000	0.000000	0.000000	0.000000	0.000000
-0.913430	-0.861921	-0.000000	0.817121	0.000000	0.000000	0.000000	0.000000	0.000000	0.000000
-0.913430	-0.862180	0.000000	0.817124	0.000000	0.000000	0.000000	0.000000	0.000000	0.000000
-0.913430	-0.861885	-0.000000	0.813665	0.000000	0.000000	0.000000	0.000000	0.000000	0.000000
-0.913430	-0.861977	0.000000	0.817124	0.000000	0.000000	0.000000	0.000000	0.000000	0.000000
-0.913430	-0.862058	-0.000000	0.817124	0.000000	0.000000	0.000000	0.000000	0.000000	0.000000
-0.913430	-0.861657	0.000000	0.817124	0.000000	0.000000	0.000000	0.000000	0.000000	0.000000
-0.913430	-0.862292	-0.000000	0.817124	0.000000	0.000000	0.000000	0.000000	0.000000	0.000000
-0.913430	-0.862822	0.000000	0.817124	0.000000	0.000000	0.000000	0.000000	0.000000	0.000000
-0.913430	-0.860950	-0.000000	0.817124	0.000000	0.000000	0.000000	0.000000	0.000000	0.000000
-0.913430	-0.863068	0.000000	0.817123	0.000000	0.000000	0.000000	0.000000	0.000000	0.000000
-0.913430	-0.862873	0.000000	0.817040	0.000000	0.000000	0.000000	0.000000	0.000000	0.000000
-0.913430	-0.862564	0.000000	0.817123	0.000000	0.000000	0.000000	0.000000	0.000000	0.000000
-0.913430	-0.862679	-0.000000	0.817123	0.000000	0.000000	0.000000	0.000000	0.000000	0.000000
-0.913430	-0.862767	0.000000	0.817116	0.000000	0.000000	0.000000	0.000000	0.000000	0.000000
-0.913430	-0.862621	-0.000000	0.817124	0.000000	0.000000	0.000000	0.000000	0.000000	0.000000
-0.913430	-0.862673	0.000000	0.817123	0.000000	0.000000	0.000000	0.000000	0.000000	0.000000
-0.913430	-0.862579	-0.000000	0.817124	0.000000	0.000000	0.000000	0.000000	0.000000	0.000000
-0.913430	-0.861937	0.000000	0.817124	0.000000	0.000000	0.000000	0.000000	0.000000	0.000000
-0.913430	-0.862332	0.000000	0.817122	0.000000	0.000000	0.000000	0.000000	0.000000	0.000000
-0.913430	-0.862008	0.000000	0.816985	0.000000	0.000000	0.000000	0.000000	0.000000	0.000000
-0.913430	-0.862942	-0.000000	0.817124	0.000000	0.000000	0.000000	0.000000	0.000000	0.000000
-0.913430	-0.862822	-0.000000	0.817124	0.000000	0.000000	0.000000	0.000000	0.000000	0.000000
-0.913430	-0.862180	-0.000000	0.817024	0.000000	0.000000	0.000000	0.000000	0.000000	0.000000
-0.913430	-0.863396	0.000000	0.817124	0.000000	0.000000	0.000000	0.000000	0.000000	0.000000
-0.913430	-0.861739	-0.000000	0.817124	0.000000	0.000000	0.000000	0.000000	0.000000	0.000000
-0.913430	-0.861592	0.000000	0.817124	0.000000	0.000000	0.000000	0.000000	0.000000	0.000000
-0.913430	-0.862272	0.000000	0.816968	0.000000	0.000000	0.000000	0.000000	0.000000	0.000000
-0.913430	-0.862618	0.000000	0.817124	0.000000	0.000000	0.000000	0.000000	0.000000	0.000000
-0.913430	-0.863089	-0.000000	0.817124	0.000000	0.000000	0.000000	0.000000	0.000000	0.000000
-0.913430	-0.863128	0.000000	0.817110	0.000000	0.000000	0.000000	0.000000	0.000000	0.000000
-0.913430	-0.862561	0.000000	0.817124	0.000000	0.000000	0.000000	0.000000	0.000000	0.000000
-0.913430	-0.862193	-0.000000	0.816781	0.000000	0.000000	0.000000	0.000000	0.000000	0.000000
-0.913430	-0.862573	-0.000000	0.817124	0.000000	0.000000	0.000000	0.000000	0.000000	0.000000
-0.913430	-0.861066	-0.000000	0.817124	0.000000	0.000000	0.000000	0.000000	0.000000	0.000000
-0.913430	-0.862207	0.000000	0.817030	0.000000	0.000000	0.000000	0.000000	0.000000	0.000000
-0.913430	-0.862163	0.000000	0.817124	0.000000	0.000000	0.000000	0.000000	0.000000	0.000000
-0.913430	-0.861340	-0.000000	0.817124	0.000000	0.000000	0.000000	0.000000	0.000000	0.000000
-0.913430	-0.862346	0.000000	0.817119	0.000000	0.000000	0.000000	0.000000	0.000000	0.000000
-0.913430	-0.863004	-0.000000	0.817124	0.000000	0.000000	0.000000	0.000000	0.000000	0.000000
-0.913430	-0.862328	0.000000	0.817124	0.000000	0.000000	0.000000	0.000000	0.000000	0.000000
-0.913430	-0.862539	0.000000	0.817087	0.000000	0.000000	0.000000	0.000000	0.000000	0.000000
-0.913430	-0.862214	0.000000	0.817124	0.000000	0.000000	0.000000	0.000000	0.000000	0.000000
-0.913430	-0.861956	0.000000	0.817110	0.000000	0.000000	0.000000	0.000000	0.000000	0.000000
-0.913430	-0.862414	-0.000000	0.799428	0.000000	0.000000	0.000000	0.000000	0.000000	0.000000
-0.913430	-0.861925	0.000000	0.817124	0.000000	0.000000	0.000000	0.000000	0.000000	0.000000
-0.913430	-0.862127	0.000000	0.815332	0.000000	0.000000	0.000000	0.000000	0.000000	0.000000
-0.913430	-0.862191	-0.000000	0.817124	0.000000	0.000000	0.000000	0.000000	0.000000	0.000000
-0.913430	-0.862295	-0.000000	0.817118	0.000000	0.000000	0.000000	0.000000	0.000000	0.000000
-0.913430	-0.861724	0.000000	0.817124	0.000000	0.000000	0.000000	0.000000	0.000000	0.000000
-0.913430	-0.861966	0.000000	0.817124	0.000000	0.000000	0.000000	0.000000	0.000000	0.000000
-0.913430	-0.862325	0.000000	0.817124	0.000000	0.000000	0.000000	0.000000	0.000000	0.000000
-0.913430	-0.862079	0.000000	0.817124	0.000000	0.000000	0.000000	0.000000	0.000000	0.000000
-0.913430	-0.862197	0.000000	0.817123	0.000000	0.000000	0.000000	0.000000	0.000000	0.000000
-0.913430	-0.861998	-0.000000	0.817124	0.000000	0.000000	0.000000	0.000000	0.000000	0.000000
-0.913430	-0.862259	-0.000000	0.817124	0.000000	0.000000	0.000000	0.000000	0.000000	0.000000
-0.913430	-0.862575	-0.000000	0.817124	0.000000	0.000000	0.000000	0.000000	0.000000	0.000000
-0.913430	-0.862566	0.000000	0.817115	0.000000	0.000000	0.000000	0.000000	0.000000	0.000000
-0.913430	-0.861928	-0.000000	0.817124	0.000000	0.000000	0.000000	0.000000	0.000000	0.000000
-0.913430	-0.862425	0.000000	0.817122	0.000000	0.000000	0.000000	0.000000	0.000000	0.000000
-0.913430	-0.862748	0.000000	0.817124	0.000000	0.000000	0.000000	0.000000	0.000000	0.000000
-0.913430	-0.862700	-0.000000	0.817109	0.000000	0.000000	0.000000	0.000000	0.000000	0.000000
-0.913430	-0.862273	0.000000	0.817079	0.000000	0.000000	0.000000	0.000000	0.000000	0.000000
-0.913430	-0.861431	-0.000000	0.817119	0.000000	0.000000	0.000000	0.000000	0.000000	0.000000
-0.913430	-0.861956	-0.000000	0.817124	0.000000	0.000000	0.000000	0.000000	0.000000	0.000000
-0.913430	-0.862264	0.000000	0.817119	0.000000	0.000000	0.000000	0.000000	0.000000	0.000000
-0.913430	-0.861908	-0.000000	0.817124	0.000000	0.000000	0.000000	0.000000	0.000000	0.000000
-0.913430	-0.862799	0.000000	0.817036	0.000000	0.000000	0.000000	0.000000	0.000000	0.000000
-0.913430	-0.862686	0.000000	0.817124	0.000000	0.000000	0.000000	0.000000	0.000000	0.000000
-0.913430	-0.862626	-0.000000	0.817124	0.000000	0.000000	0.000000	0.000000	0.000000	0.000000
-0.913430	-0.862130	0.000000	0.817123	0.000000	0.000000	0.000000	0.000000	0.000000	0.000000
-0.913430	-0.863032	0.000000	0.817124	0.000000	0.000000	0.000000	0.000000	0.000000	0.000000
-0.913430	-0.862075	-0.000000	0.817124	0.000000	0.000000	0.000000	0.000000	0.000000	0.000000
-0.913430	-0.861527	-0.000000	0.817124	0.000000	0.000000	0.000000	0.000000	0.000000	0.000000
-0.913430	-0.862738	-0.000000	0.817123	0.000000	0.000000	0.000000	0.000000	0.000000	0.000000
-0.913430	-0.861585	0.000000	0.817124	0.000000	0.000000	0.000000	0.000000	0.000000	0.000000
-0.913430	-0.862674	0.000000	0.817099	0.000000	0.000000	0.000000	0.000000	0.000000	0.000000
-0.913430	-0.862298	0.000000	0.817121	0.000000	0.000000	0.000000	0.000000	0.000000	0.000000
-0.913430	-0.862525	0.000000	0.817124	0.000000	0.000000	0.000000	0.000000	0.000000	0.000000
-0.913430	-0.862044	-0.000000	0.817072	0.000000	0.000000	0.000000	0.000000	0.000000	0.000000
-0.913430	-0.862235	-0.000000	0.817124	0.000000	0.000000	0.000000	0.000000	0.000000	0.000000
-0.913430	-0.862065	0.000000	0.817121	0.000000	0.000000	0.000000	0.000000	0.000000	0.000000
-0.913430	-0.863098	0.000000	0.817123	0.000000	0.000000	0.000000	0.000000	0.000000	0.000000
-0.913430	-0.862798	0.000000	0.817123	0.000000	0.000000	0.000000	0.000000	0.000000	0.000000
-0.913430	-0.862922	0.000000	0.817048	0.000000	0.000000	0.000000	0.000000	0.000000	0.000000
-0.913430	-0.862329	-0.000000	0.817124	0.000000	0.000000	0.000000	0.000000	0.000000	0.000000
-0.913430	-0.862320	0.000000	0.817124	0.000000	0.000000	0.000000	0.000000	0.000000	0.000000
-0.913430	-0.861739	-0.000000	0.817124	0.000000	0.000000	0.000000	0.000000	0.000000	0.000000
-0.913430	-0.861781	0.000000	0.817124	0.000000	0.000000	0.000000	0.000000	0.000000	0.000000
-0.913430	-0.863231	-0.000000	0.817116	0.000000	0.000000	0.000000	0.000000	0.000000	0.000000
-0.913430	-0.863033	0.000000	0.817120	0.000000	0.000000	0.000000	0.000000	0.000000	0.000000
-0.913430	-0.862551	-0.000000	0.817106	0.000000	0.000000	0.000000	0.000000	0.000000	0.000000
-0.913430	-0.862093	-0.000000	0.817122	0.000000	0.000000	0.000000	0.000000	0.000000	0.000000
-0.913430	-0.862600	-0.000000	0.815175	0.000000	0.000000	0.000000	0.000000	0.000000	0.000000
-0.913430	-0.861592	0.000000	0.816604	0.000000	0.000000	0.000000	0.000000	0.000000	0.000000
-0.913430	-0.861846	-0.000000	0.817124	0.000000	0.000000	0.000000	0.000000	0.000000	0.000000
-0.913430	-0.862766	0.000000	0.817124	0.000000	0.000000	0.000000	0.000000	0.000000	0.000000
-0.913430	-0.861677	-0.000000	0.816641	0.000000	0.000000	0.000000	0.000000	0.000000	0.000000
-0.913430	-0.862962	0.000000	0.817118	0.000000	0.000000	0.000000	0.000000	0.000000	0.000000
-0.913430	-0.862668	-0.000000	0.817121	0.000000	0.000000	0.000000	0.000000	0.000000	0.000000
-0.913430	-0.862329	0.000000	0.817124	0.000000	0.000000	0.000000	0.000000	0.000000	0.000000
-0.913430	-0.862844	0.000000	0.817123	0.000000	0.000000	0.000000	0.000000	0.000000	0.000000
-0.913430	-0.861672	-0.000000	0.817124	0.000000	0.000000	0.000000	0.000000	0.000000	0.000000
-0.913430	-0.862320	-0.000000	0.817122	0.000000	0.000000	0.000000	0.000000	0.000000	0.000000
-0.913430	-0.861501	0.000000	0.817089	0.000000	0.000000	0.000000	0.000000	0.000000	0.000000
-0.913430	-0.862074	0.000000	0.817122	0.000000	0.000000	0.000000	0.000000	0.000000	0.000000
-0.913430	-0.862370	-0.000000	0.817124	0.000000	0.000000	0.000000	0.000000	0.000000	0.000000
-0.913430	-0.861571	0.000000	0.817123	0.000000	0.000000	0.000000	0.000000	0.000000	0.000000
-0.913430	-0.861549	0.000000	0.817124	0.000000	0.000000	0.000000	0.000000	0.000000	0.000000
-0.913430	-0.863156	0.000000	0.816411	0.000000	0.000000	0.000000	0.000000	0.000000	0.000000
-0.913430	-0.862114	0.000000	0.817124	0.000000	0.000000	0.000000	0.000000	0.000000	0.000000
-0.913430	-0.862638	-0.000000	0.817124	0.000000	0.000000	0.000000	0.000000	0.000000	0.000000
-0.913430	-0.861567	0.000000	0.817124	0.000000	0.000000	0.000000	0.000000	0.000000	0.000000
-0.913430	-0.861954	-0.000000	0.817124	0.000000	0.000000	0.000000	0.000000	0.000000	0.000000
-0.913430	-0.862422	0.000000	0.817092	0.000000	0.000000	0.000000	0.000000	0.000000	0.000000
-0.913430	-0.861610	-0.000000	0.817124	0.000000	0.000000	0.000000	0.000000	0.000000	0.000000
-0.913430	-0.862057	-0.000000	0.817124	0.000000	0.000000	0.000000	0.000000	0.000000	0.000000
-0.913430	-0.861795	-0.000000	0.817124	0.000000	0.000000	0.000000	0.000000	0.000000	0.000000
-0.913430	-0.862687	0.000000	0.817124	0.000000	0.000000	0.000000	0.000000	0.000000	0.000000
-0.913430	-0.863013	0.000000	0.817124	0.000000	0.000000	0.000000	0.000000	0.000000	0.000000
-0.913430	-0.861149	-0.000000	0.817124	0.000000	0.000000	0.000000	0.000000	0.000000	0.000000
-0.913430	-0.862828	0.000000	0.817123	0.000000	0.000000	0.000000	0.000000	0.000000	0.000000
-0.913430	-0.861748	0.000000	0.816728	0.000000	0.000000	0.000000	0.000000	0.000000	0.000000
-0.913430	-0.862365	0.000000	0.816902	0.000000	0.000000	0.000000	0.000000	0.000000	0.000000
-0.913430	-0.862041	0.000000	0.817080	0.000000	0.000000	0.000000	0.000000	0.000000	0.000000
-0.913430	-0.862548	0.000000	0.817124	0.000000	0.000000	0.000000	0.000000	0.000000	0.000000
-0.913430	-0.862281	0.000000	0.662216	0.000000	0.000000	0.000000	0.000000	0.000000	0.000000
-0.913430	-0.862250	0.000000	0.817123	0.000000	0.000000	0.000000	0.000000	0.000000	0.000000
-0.913430	-0.862364	0.000000	0.817107	0.000000	0.000000	0.000000	0.000000	0.000000	0.000000
-0.913430	-0.862673	0.000000	0.817119	0.000000	0.000000	0.000000	0.000000	0.000000	0.000000
-0.913430	-0.862305	0.000000	0.817120	0.000000	0.000000	0.000000	0.000000	0.000000	0.000000
-0.913430	-0.862022	0.000000	0.817124	0.000000	0.000000	0.000000	0.000000	0.000000	0.000000
-0.913430	-0.862306	-0.000000	0.817124	0.000000	0.000000	0.000000	0.000000	0.000000	0.000000
-0.913430	-0.862668	0.000000	0.816056	0.000000	0.000000	0.000000	0.000000	0.000000	0.000000
-0.913430	-0.862190	0.000000	0.817124	0.000000	0.000000	0.000000	0.000000	0.000000	0.000000
-0.913430	-0.862171	-0.000000	0.817124	0.000000	0.000000	0.000000	0.000000	0.000000	0.000000
-0.913430	-0.863133	-0.000000	0.813902	0.000000	0.000000	0.000000	0.000000	0.000000	0.000000
-0.913430	-0.861359	0.000000	0.817124	0.000000	0.000000	0.000000	0.000000	0.000000	0.000000
-0.913430	-0.862671	-0.000000	0.817124	0.000000	0.000000	0.000000	0.000000	0.000000	0.000000
-0.913430	-0.862481	0.000000	0.817124	0.000000	0.000000	0.000000	0.000000	0.000000	0.000000
-0.913430	-0.862017	-0.000000	0.817120	0.000000	0.000000	0.000000	0.000000	0.000000	0.000000
-0.913430	-0.862543	0.000000	0.817122	0.000000	0.000000	0.000000	0.000000	0.000000	0.000000
-0.913430	-0.862511	0.000000	0.817004	0.000000	0.000000	0.000000	0.000000	0.000000	0.000000
-0.913430	-0.861481	0.000000	0.817124	0.000000	0.000000	0.000000	0.000000	0.000000	0.000000
-0.913430	-0.862630	0.000000	0.817124	0.000000	0.000000	0.000000	0.000000	0.000000	0.000000
-0.913430	-0.862887	-0.000000	0.817124	0.000000	0.000000	0.000000	0.000000	0.000000	0.000000
-0.913430	-0.862585	0.000000	0.817124	0.000000	0.000000	0.000000	0.000000	0.000000	0.000000
-0.913430	-0.861818	0.000000	0.817110	0.000000	0.000000	0.000000	0.000000	0.000000	0.000000
-0.913430	-0.862457	0.000000	0.817124	0.000000	0.000000	0.000000	0.000000	0.000000	0.000000
-0.913430	-0.861805	-0.000000	0.817124	0.000000	0.000000	0.000000	0.000000	0.000000	0.000000
-0.913430	-0.863034	-0.000000	0.817116	0.000000	0.000000	0.000000	0.000000	0.000000	0.000000
-0.913430	-0.861483	-0.000000	0.817033	0.000000	0.000000	0.000000	0.000000	0.000000	0.000000
-0.913430	-0.862500	0.000000	0.817124	0.000000	0.000000	0.000000	0.000000	0.000000	0.000000
-0.913430	-0.861862	-0.000000	0.817124	0.000000	0.000000	0.000000	0.000000	0.000000	0.000000
-0.913430	-0.862596	0.000000	0.817117	0.000000	0.000000	0.000000	0.000000	0.000000	0.000000
-0.913430	-0.862215	-0.000000	0.817124	0.000000	0.000000	0.000000	0.000000	0.000000	0.000000
-0.913430	-0.862279	0.000000	0.817124	0.000000	0.000000	0.000000	0.000000	0.000000	0.000000
-0.913430	-0.862158	0.000000	0.817123	0.000000	0.000000	0.000000	0.000000	0.000000	0.000000
-0.913430	-0.863478	-0.000000	0.816771	0.000000	0.000000	0.000000	0.000000	0.000000	0.000000
-0.913430	-0.862541	-0.000000	0.817091	0.000000	0.000000	0.000000	0.000000	0.000000	0.000000
-0.913430	-0.863193	0.000000	0.817094	0.000000	0.000000	0.000000	0.000000	0.000000	0.000000
-0.913430	-0.861643	-0.000000	0.817124	0.000000	0.000000	0.000000	0.000000	0.000000	0.000000
-0.913430	-0.862309	0.000000	0.817124	0.000000	0.000000	0.000000	0.000000	0.000000	0.000000
-0.913430	-0.861937	-0.000000	0.817123	0.000000	0.000000	0.000000	0.000000	0.000000	0.000000
-0.913430	-0.862830	0.000000	0.817123	0.000000	0.000000	0.000000	0.000000	0.000000	0.000000
-0.913430	-0.862420	0.000000	0.817124	0.000000	0.000000	0.000000	0.000000	0.000000	0.000000
-0.913430	-0.863076	-0.000000	0.817124	0.000000	0.000000	0.000000	0.000000	0.000000	0.000000
-0.913430	-0.862161	0.000000	0.817123	0.000000	0.000000	0.000000	0.000000	0.000000	0.000000
-0.913430	-0.862544	0.000000	0.817124	0.000000	0.000000	0.000000	0.000000	0.000000	0.000000
-0.913430	-0.861725	-0.000000	0.817112	0.000000	0.000000	0.000000	0.000000	0.000000	0.000000
-0.913430	-0.861690	-0.000000	0.817124	0.000000	0.000000	0.000000	0.000000	0.000000	0.000000
-0.913430	-0.861411	-0.000000	0.817072	0.000000	0.000000	0.000000	0.000000	0.000000	0.000000
-0.913430	-0.862406	-0.000000	0.817124	0.000000	0.000000	0.000000	0.000000	0.000000	0.000000
-0.913430	-0.862251	0.000000	0.817124	0.000000	0.000000	0.000000	0.000000	0.000000	0.000000
-0.913430	-0.861624	0.000000	0.817124	0.000000	0.000000	0.000000	0.000000	0.000000	0.000000
-0.913430	-0.861488	0.000000	0.817124	0.000000	0.000000	0.000000	0.000000	0.000000	0.000000
-0.913430	-0.862415	0.000000	0.816949	0.000000	0.000000	0.000000	0.000000	0.000000	0.000000
-0.913430	-0.862863	0.000000	0.817118	0.000000	0.000000	0.000000	0.000000	0.000000	0.000000
-0.913430	-0.862588	0.000000	0.817123	0.000000	0.000000	0.000000	0.000000	0.000000	0.000000
-0.913430	-0.862371	0.000000	0.817124	0.000000	0.000000	0.000000	0.000000	0.000000	0.000000
-0.913430	-0.861626	0.000000	0.817124	0.000000	0.000000	0.000000	0.000000	0.000000	0.000000
-0.913430	-0.863377	0.000000	0.817124	0.000000	0.000000	0.000000	0.000000	0.000000	0.000000
-0.913430	-0.862795	-0.000000	0.817124	0.000000	0.000000	0.000000	0.000000	0.000000	0.000000
-0.913430	-0.863031	0.000000	0.817119	0.000000	0.000000	0.000000	0.000000	0.000000	0.000000
-0.913430	-0.861648	-0.000000	0.817124	0.000000	0.000000	0.000000	0.000000	0.000000	0.000000
-0.913430	-0.861952	0.000000	0.817067	0.000000	0.000000	0.000000	0.000000	0.000000	0.000000
-0.913430	-0.862393	0.000000	0.817124	0.000000	0.000000	0.000000	0.000000	0.000000	0.000000
-0.913430	-0.005894	0.000000	-0.674082	0.000000	0.000000	0.000000	0.000000	0.000000	0.000000
-0.913430	-0.860779	-0.000000	-0.820343	0.000000	0.000000	0.000000	0.000000	0.000000	0.000000
-0.913430	-0.862226	0.000000	-0.820325	0.000000	0.000000	0.000000	0.000000	0.000000	0.000000
-0.913430	-0.861420	-0.000000	-0.820349	0.000000	0.000000	0.000000	0.000000	0.000000	0.000000
-0.913430	-0.862115	0.000000	-0.820344	0.000000	0.000000	0.000000	0.000000	0.000000	0.000000
-0.913430	-0.862186	0.000000	-0.820345	0.000000	0.000000	0.000000	0.000000	0.000000	0.000000
-0.913430	-0.862009	0.000000	-0.820349	0.000000	0.000000	0.000000	0.000000	0.000000	0.000000
-0.913430	-0.862487	-0.000000	-0.820349	0.000000	0.000000	0.000000	0.000000	0.000000	0.000000
-0.913430	-0.862727	0.000000	-0.820349	0.000000	0.000000	0.000000	0.000000	0.000000	0.000000
-0.913430	-0.861997	0.000000	-0.820349	0.000000	0.000000	0.000000	0.000000	0.000000	0.000000
-0.913430	-0.862173	0.000000	-0.820349	0.000000	0.000000	0.000000	0.000000	0.000000	0.000000
-0.913430	-0.862284	0.000000	-0.810433	0.000000	0.000000	0.000000	0.000000	0.000000	0.000000
-0.913430	-0.861419	0.000000	-0.820349	0.000000	0.000000	0.000000	0.000000	0.000000	0.000000
-0.913430	-0.861865	0.000000	-0.820349	0.000000	0.000000	0.000000	0.000000	0.000000	0.000000
-0.913430	-0.862616	-0.000000	-0.820349	0.000000	0.000000	0.000000	0.000000	0.000000	0.000000
-0.913430	-0.862358	0.000000	-0.820349	0.000000	0.000000	0.000000	0.000000	0.000000	0.000000
-0.913430	-0.861299	-0.000000	-0.820349	0.000000	0.000000	0.000000	0.000000	0.000000	0.000000
-0.913430	-0.861846	0.000000	-0.820349	0.000000	0.000000	0.000000	0.000000	0.000000	0.000000
-0.913430	-0.861962	0.000000	-0.820349	0.000000	0.000000	0.000000	0.000000	0.000000	0.000000
-0.913430	-0.861886	-0.000000	-0.820349	0.000000	0.000000	0.000000	0.000000	0.000000	0.000000
-0.913430	-0.862385	0.000000	-0.820349	0.000000	0.000000	0.000000	0.000000	0.000000	0.000000
-0.913430	-0.860862	-0.000000	-0.820252	0.000000	0.000000	0.000000	0.000000	0.000000	0.000000
-0.913430	-0.863662	-0.000000	-0.820349	0.000000	0.000000	0.000000	0.000000	0.000000	0.000000
-0.913430	-0.861717	0.000000	-0.694086	0.000000	0.000000	0.000000	0.000000	0.000000	0.000000
-0.913430	-0.862419	-0.000000	-0.820349	0.000000	0.000000	0.000000	0.000000	0.000000	0.000000
-0.913430	-0.862042	0.000000	-0.820292	0.000000	0.000000	0.000000	0.000000	0.000000	0.000000
-0.913430	-0.862620	-0.000000	-0.820349	0.000000	0.000000	0.000000	0.000000	0.000000	0.000000
-0.913430	-0.861284	-0.000000	-0.779901	0.000000	0.000000	0.000000	0.000000	0.000000	0.000000
-0.913430	-0.862225	-0.000000	-0.820349	0.000000	0.000000	0.000000	0.000000	0.000000	0.000000
-0.913430	-0.861434	-0.000000	-0.820321	0.000000	0.000000	0.000000	0.000000	0.000000	0.000000
-0.913430	-0.862558	0.000000	-0.820332	0.000000	0.000000	0.000000	0.000000	0.000000	0.000000
-0.913430	-0.862567	-0.000000	-0.820349	0.000000	0.000000	0.000000	0.000000	0.000000	0.000000
-0.913430	-0.862679	-0.000000	-0.820346	0.000000	0.000000	0.000000	0.000000	0.000000	0.000000
-0.913430	-0.862011	0.000000	-0.820214	0.000000	0.000000	0.000000	0.000000	0.000000	0.000000
-0.913430	-0.862566	-0.000000	-0.820349	0.000000	0.000000	0.000000	0.000000	0.000000	0.000000
-0.913430	-0.862391	0.000000	-0.820349	0.000000	0.000000	0.000000	0.000000	0.000000	0.000000
-0.913430	-0.861828	-0.000000	-0.820342	0.000000	0.000000	0.000000	0.000000	0.000000	0.000000
-0.913430	-0.862271	-0.000000	-0.820349	0.000000	0.000000	0.000000	0.000000	0.000000	0.000000
-0.913430	-0.862803	-0.000000	-0.820343	0.000000	0.000000	0.000000	0.000000	0.000000	0.000000
-0.913430	-0.863034	0.000000	-0.820349	0.000000	0.000000	0.000000	0.000000	0.000000	0.000000
-0.913430	-0.862767	0.000000	-0.820349	0.000000	0.000000	0.000000	0.000000	0.000000	0.000000
-0.913430	-0.861978	-0.000000	-0.820349	0.000000	0.000000	0.000000	0.000000	0.000000	0.000000
-0.913430	-0.862040	-0.000000	-0.820349	0.000000	0.000000	0.000000	0.000000	0.000000	0.000000
-0.913430	-0.862774	0.000000	-0.820349	0.000000	0.000000	0.000000	0.000000	0.000000	0.000000
-0.913430	-0.862894	0.000000	-0.820349	0.000000	0.000000	0.000000	0.000000	0.000000	0.000000
-0.913430	-0.862221	-0.000000	-0.820338	0.000000	0.000000	0.000000	0.000000	0.000000	0.000000
-0.913430	-0.862364	0.000000	-0.820349	0.000000	0.000000	0.000000	0.000000	0.000000	0.000000
-0.913430	-0.861921	-0.000000	-0.820337	0.000000	0.000000	0.000000	0.000000	0.000000	0.000000
-0.913430	-0.862437	0.000000	-0.820349	0.000000	0.000000	0.000000	0.000000	0.000000	0.000000
-0.913430	-0.863210	-0.000000	-0.820349	0.000000	0.000000	0.000000	0.000000	0.000000	0.000000
-0.913430	-0.861808	-0.000000	-0.820349	0.000000	0.000000	0.000000	0.000000	0.000000	0.000000
-0.913430	-0.862447	-0.000000	-0.820349	0.000000	0.000000	0.000000	0.000000	0.000000	0.000000
-0.913430	-0.862145	0.000000	-0.820349	0.000000	0.000000	0.000000	0.000000	0.000000	0.000000
-0.913430	-0.861906	0.000000	-0.820349	0.000000	0.000000	0.000000	0.000000	0.000000	0.000000
-0.913430	-0.863191	0.000000	-0.820349	0.000000	0.000000	0.000000	0.000000	0.000000	0.000000
-0.913430	-0.862207	-0.000000	-0.820336	0.000000	0.000000	0.000000	0.000000	0.000000	0.000000
-0.913430	-0.861354	0.000000	-0.820349	0.000000	0.000000	0.000000	0.000000	0.000000	0.000000
-0.913430	-0.862684	0.000000	-0.820349	0.000000	0.000000	0.000000	0.000000	0.000000	0.000000
-0.913430	-0.863011	0.000000	-0.819576	0.000000	0.000000	0.000000	0.000000	0.000000	0.000000
-0.913430	-0.861932	0.000000	-0.811052	0.000000	0.000000	0.000000	0.000000	0.000000	0.000000
-0.913430	-0.862277	0.000000	-0.820344	0.000000	0.000000	0.000000	0.000000	0.000000	0.000000
-0.913430	-0.862453	0.000000	-0.820349	0.000000	0.000000	0.000000	0.000000	0.000000	0.000000
-0.913430	-0.862048	-0.000000	-0.820328	0.000000	0.000000	0.000000	0.000000	0.000000	0.000000
-0.913430	-0.861772	-0.000000	-0.820349	0.000000	0.000000	0.000000	0.000000	0.000000	0.000000
-0.913430	-0.862037	0.000000	-0.820349	0.000000	0.000000	0.000000	0.000000	0.000000	0.000000
-0.913430	-0.861586	-0.000000	-0.820328	0.000000	0.000000	0.000000	0.000000	0.000000	0.000000
-0.913430	-0.862931	-0.000000	-0.820349	0.000000	0.000000	0.000000	0.000000	0.000000	0.000000
-0.913430	-0.862333	0.000000	-0.820349	0.000000	0.000000	0.000000	0.000000	0.000000	0.000000
-0.913430	-0.862590	-0.000000	-0.820052	0.000000	0.000000	0.000000	0.000000	0.000000	0.000000
-0.913430	-0.862464	-0.000000	-0.820349	0.000000	0.000000	0.000000	0.000000	0.000000	0.000000
-0.913430	-0.862001	-0.000000	-0.820349	0.000000	0.000000	0.000000	0.000000	0.000000	0.000000
-0.913430	-0.862312	-0.000000	-0.820349	0.000000	0.000000	0.000000	0.000000	0.000000	0.000000
-0.913430	-0.862312	-0.000000	-0.820349	0.000000	0.000000	0.000000	0.000000	0.000000	0.000000
-0.913430	-0.861292	0.000000	-0.820349	0.000000	0.000000	0.000000	0.000000	0.000000	0.000000
-0.913430	-0.861759	0.000000	-0.820348	0.000000	0.000000	0.000000	0.000000	0.000000	0.000000
-0.913430	-0.862600	-0.000000	-0.818902	0.000000	0.000000	0.000000	0.000000	0.000000	0.000000
-0.913430	-0.862535	0.000000	-0.820336	0.000000	0.000000	0.000000	0.000000	0.000000	0.000000
-0.913430	-0.863203	0.000000	-0.820349	0.000000	0.000000	0.000000	0.000000	0.000000	0.000000
-0.913430	-0.862440	0.000000	-0.820349	0.000000	0.000000	0.000000	0.000000	0.000000	0.000000
-0.913430	-0.862017	0.000000	-0.820333	0.000000	0.000000	0.000000	0.000000	0.000000	0.000000
-0.913430	-0.862693	0.000000	-0.820349	0.000000	0.000000	0.000000	0.000000	0.000000	0.000000
-0.913430	-0.863002	-0.000000	-0.820349	0.000000	0.000000	0.000000	0.000000	0.000000	0.000000
-0.913430	-0.862356	-0.000000	-0.820347	0.000000	0.000000	0.000000	0.000000	0.000000	0.000000
-0.913430	-0.861648	0.000000	-0.820276	0.000000	0.000000	0.000000	0.000000	0.000000	0.000000
-0.913430	-0.861906	0.000000	-0.820349	0.000000	0.000000	0.000000	0.000000	0.000000	0.000000
-0.913430	-0.862738	-0.000000	-0.820349	0.000000	0.000000	0.000000	0.000000	0.000000	0.000000
-0.913430	-0.862092	0.000000	-0.820349	0.000000	0.000000	0.000000	0.000000	0.000000	0.000000
-0.913430	-0.861928	-0.000000	-0.820348	0.000000	0.000000	0.000000	0.000000	0.000000	0.000000
-0.913430	-0.862611	0.000000	-0.820349	0.000000	0.000000	0.000000	0.000000	0.000000	0.000000
-0.913430	-0.862848	0.000000	-0.820349	0.000000	0.000000	0.000000	0.000000	0.000000	0.000000
-0.913430	-0.862274	0.000000	-0.762717	0.000000	0.000000	0.000000	0.000000	0.000000	0.000000
-0.913430	-0.862928	0.000000	-0.820206	0.000000	0.000000	0.000000	0.000000	0.000000	0.000000
-0.913430	-0.862249	0.000000	-0.820349	0.000000	0.000000	0.000000	0.000000	0.000000	0.000000
-0.913430	-0.862553	0.000000	-0.818633	0.000000	0.000000	0.000000	0.000000	0.000000	0.000000
-0.913430	-0.862657	-0.000000	-0.820349	0.000000	0.000000	0.000000	0.000000	0.000000	0.000000
-0.913430	-0.861605	-0.000000	-0.820349	0.000000	0.000000	0.000000	0.000000	0.000000	0.000000
-0.913430	-0.862445	0.000000	-0.819009	0.000000	0.000000	0.000000	0.000000	0.000000	0.000000
-0.913430	-0.861968	0.000000	-0.819088	0.000000	0.000000	0.000000	0.000000	0.000000	0.000000
-0.913430	-0.863129	0.000000	-0.820330	0.000000	0.000000	0.000000	0.000000	0.000000	0.000000
-0.913430	-0.861450	0.000000	-0.820333	0.000000	0.000000	0.000000	0.000000	0.000000	0.000000
-0.913430	-0.861201	-0.000000	-0.818391	0.000000	0.000000	0.000000	0.000000	0.000000	0.000000
-0.913430	-0.862220	-0.000000	-0.820149	0.000000	0.000000	0.000000	0.000000	0.000000	0.000000
-0.913430	-0.862323	0.000000	-0.820349	0.000000	0.000000	0.000000	0.000000	0.000000	0.000000
-0.913430	-0.861909	-0.000000	-0.820349	0.000000	0.000000	0.000000	0.000000	0.000000	0.000000
-0.913430	-0.862482	-0.000000	-0.820349	0.000000	0.000000	0.000000	0.000000	0.000000	0.000000
-0.913430	-0.862567	-0.000000	-0.820347	0.000000	0.000000	0.000000	0.000000	0.000000	0.000000
-0.913430	-0.862683	0.000000	-0.820349	0.000000	0.000000	0.000000	0.000000	0.000000	0.000000
-0.913430	-0.862172	0.000000	-0.820346	0.000000	0.000000	0.000000	0.000000	0.000000	0.000000
-0.913430	-0.862714	0.000000	-0.820349	0.000000	0.000000	0.000000	0.000000	0.000000	0.000000
-0.913430	-0.862494	0.000000	-0.820333	0.000000	0.000000	0.000000	0.000000	0.000000	0.000000
-0.913430	-0.862607	0.000000	-0.820349	0.000000	0.000000	0.000000	0.000000	0.000000	0.000000
-0.913430	-0.861199	0.000000	-0.820037	0.000000	0.000000	0.000000	0.000000	0.000000	0.000000
-0.913430	-0.862182	0.000000	-0.819911	0.000000	0.000000	0.000000	0.000000	0.000000	0.000000
-0.913430	-0.863138	0.000000	-0.820323	0.000000	0.000000	0.000000	0.000000	0.000000	0.000000
-0.913430	-0.862939	-0.000000	-0.820349	0.000000	0.000000	0.000000	0.000000	0.000000	0.000000
-0.913430	-0.863109	0.000000	-0.820348	0.000000	0.000000	0.000000	0.000000	0.000000	0.000000
-0.913430	-0.860319	-0.000000	-0.820332	0.000000	0.000000	0.000000	0.000000	0.000000	0.000000
-0.913430	-0.862583	-0.000000	-0.820181	0.000000	0.000000	0.000000	0.000000	0.000000	0.000000
-0.913430	-0.861989	-0.000000	-0.820265	0.000000	0.000000	0.000000	0.000000	0.000000	0.000000
-0.913430	-0.862377	0.000000	-0.820349	0.000000	0.000000	0.000000	0.000000	0.000000	0.000000
-0.913430	-0.861764	-0.000000	-0.820348	0.000000	0.000000	0.000000	0.000000	0.000000	0.000000
-0.913430	-0.861973	0.000000	-0.820349	0.000000	0.000000	0.000000	0.000000	0.000000	0.000000
-0.913430	-0.862084	-0.000000	-0.820349	0.000000	0.000000	0.000000	0.000000	0.000000	0.000000
-0.913430	-0.862628	0.000000	-0.820349	0.000000	0.000000	0.000000	0.000000	0.000000	0.000000
-0.913430	-0.862039	-0.000000	-0.820349	0.000000	0.000000	0.000000	0.000000	0.000000	0.000000
-0.913430	-0.862592	0.000000	-0.820349	0.000000	0.000000	0.000000	0.000000	0.000000	0.000000
-0.913430	-0.863764	0.000000	-0.820349	0.000000	0.000000	0.000000	0.000000	0.000000	0.000000
-0.913430	-0.862479	0.000000	-0.820257	0.000000	0.000000	0.000000	0.000000	0.000000	0.000000
-0.913430	-0.862718	0.000000	-0.820349	0.000000	0.000000	0.000000	0.000000	0.000000	0.000000
-0.913430	-0.862786	0.000000	-0.820349	0.000000	0.000000	0.000000	0.000000	0.000000	0.000000
-0.913430	-0.862375	-0.000000	-0.817805	0.000000	0.000000	0.000000	0.000000	0.000000	0.000000
-0.913430	-0.862340	0.000000	-0.820349	0.000000	0.000000	0.000000	0.000000	0.000000	0.000000
-0.913430	-0.862510	0.000000	-0.820346	0.000000	0.000000	0.000000	0.000000	0.000000	0.000000
-0.913430	-0.862700	0.000000	-0.820349	0.000000	0.000000	0.000000	0.000000	0.000000	0.000000
-0.913430	-0.861774	0.000000	-0.820349	0.000000	0.000000	0.000000	0.000000	0.000000	0.000000
-0.913430	-0.862290	-0.000000	-0.820349	0.000000	0.000000	0.000000	0.000000	0.000000	0.000000
-0.913430	-0.862900	-0.000000	-0.820349	0.000000	0.000000	0.000000	0.000000	0.000000	0.000000
-0.913430	-0.862428	0.000000	-0.820068	0.000000	0.000000	0.000000	0.000000	0.000000	0.000000
-0.913430	-0.862858	-0.000000	-0.820315	0.000000	0.000000	0.000000	0.000000	0.000000	0.000000
-0.913430	-0.862883	-0.000000	-0.820349	0.000000	0.000000	0.000000	0.000000	0.000000	0.000000
-0.913430	-0.862535	0.000000	-0.820299	0.000000	0.000000	0.000000	0.000000	0.000000	0.000000
-0.913430	-0.861754	0.000000	-0.820348	0.000000	0.000000	0.000000	0.000000	0.000000	0.000000
-0.913430	-0.861471	-0.000000	-0.820349	0.000000	0.000000	0.000000	0.000000	0.000000	0.000000
-0.913430	-0.863067	-0.000000	-0.820349	0.000000	0.000000	0.000000	0.000000	0.000000	0.000000
-0.913430	-0.861846	0.000000	-0.820349	0.000000	0.000000	0.000000	0.000000	0.000000	0.000000
-0.913430	-0.862619	0.000000	-0.820349	0.000000	0.000000	0.000000	0.000000	0.000000	0.000000
-0.913430	-0.861603	0.000000	-0.820347	0.000000	0.000000	0.000000	0.000000	0.000000	0.000000
-0.913430	-0.862507	0.000000	-0.820338	0.000000	0.000000	0.000000	0.000000	0.000000	0.000000
-0.913430	-0.862336	0.000000	-0.820349	0.000000	0.000000	0.000000	0.000000	0.000000	0.000000
-0.913430	-0.862210	-0.000000	-0.820106	0.000000	0.000000	0.000000	0.000000	0.000000	0.000000
-0.913430	-0.862835	-0.000000	-0.820302	0.000000	0.000000	0.000000	0.000000	0.000000	0.000000
-0.913430	-0.862423	-0.000000	-0.816254	0.000000	0.000000	0.000000	0.000000	0.000000	0.000000
-0.913430	-0.861809	0.000000	-0.820349	0.000000	0.000000	0.000000	0.000000	0.000000	0.000000
-0.913430	-0.862347	-0.000000	-0.820349	0.000000	0.000000	0.000000	0.000000	0.000000	0.000000
-0.913430	-0.861275	-0.000000	-0.820348	0.000000	0.000000	0.000000	0.000000	0.000000	0.000000
-0.913430	-0.861979	0.000000	-0.820346	0.000000	0.000000	0.000000	0.000000	0.000000	0.000000
-0.913430	-0.863005	0.000000	-0.820346	0.000000	0.000000	0.000000	0.000000	0.000000	0.000000
-0.913430	-0.862255	0.000000	-0.820349	0.000000	0.000000	0.000000	0.000000	0.000000	0.000000
-0.913430	-0.862422	0.000000	-0.820343	0.000000	0.000000	0.000000	0.000000	0.000000	0.000000
-0.913430	-0.861803	0.000000	-0.820348	0.000000	0.000000	0.000000	0.000000	0.000000	0.000000
-0.913430	-0.861936	-0.000000	-0.820159	0.000000	0.000000	0.000000	0.000000	0.000000	0.000000
-0.913430	-0.861134	-0.000000	-0.820346	0.000000	0.000000	0.000000	0.000000	0.000000	0.000000
-0.913430	-0.861952	-0.000000	-0.820348	0.000000	0.000000	0.000000	0.000000	0.000000	0.000000
-0.913430	-0.862565	0.000000	-0.820349	0.000000	0.000000	0.000000	0.000000	0.000000	0.000000
-0.913430	-0.861953	0.000000	-0.820322	0.000000	0.000000	0.000000	0.000000	0.000000	0.000000
-0.913430	-0.862360	-0.000000	-0.820349	0.000000	0.000000	0.000000	0.000000	0.000000	0.000000
-0.913430	-0.862491	0.000000	-0.820349	0.000000	0.000000	0.000000	0.000000	0.000000	0.000000
-0.913430	-0.862369	-0.000000	-0.820349	0.000000	0.000000	0.000000	0.000000	0.000000	0.000000
-0.913430	-0.861689	0.000000	-0.820349	0.000000	0.000000	0.000000	0.000000	0.000000	0.000000
-0.913430	-0.862477	0.000000	-0.820349	0.000000	0.000000	0.000000	0.000000	0.000000	0.000000
-0.913430	-0.862200	0.000000	-0.820312	0.000000	0.000000	0.000000	0.000000	0.000000	0.000000
-0.913430	-0.862828	-0.000000	-0.820348	0.000000	0.000000	0.000000	0.000000	0.000000	0.000000
-0.913430	-0.863420	-0.000000	-0.820349	0.000000	0.000000	0.000000	0.000000	0.000000	0.000000
-0.913430	-0.862398	0.000000	-0.820258	0.000000	0.000000	0.000000	0.000000	0.000000	0.000000
-0.913430	-0.862633	-0.000000	-0.820349	0.000000	0.000000	0.000000	0.000000	0.000000	0.000000
-0.913430	-0.862064	-0.000000	-0.820338	0.000000	0.000000	0.000000	0.000000	0.000000	0.000000
-0.913430	-0.862162	-0.000000	-0.820347	0.000000	0.000000	0.000000	0.000000	0.000000	0.000000
-0.913430	-0.862320	0.000000	-0.820349	0.000000	0.000000	0.000000	0.000000	0.000000	0.000000
-0.913430	-0.861892	-0.000000	-0.820113	0.000000	0.000000	0.000000	0.000000	0.000000	0.000000
-0.913430	-0.862891	0.000000	-0.820349	0.000000	0.000000	0.000000	0.000000	0.000000	0.000000
-0.913430	-0.862492	-0.000000	-0.820349	0.000000	0.000000	0.000000	0.000000	0.000000	0.000000
-0.913430	-0.862561	0.000000	-0.798150	0.000000	0.000000	0.000000	0.000000	0.000000	0.000000
-0.913430	-0.863004	0.000000	-0.820349	0.000000	0.000000	0.000000	0.000000	0.000000	0.000000
-0.913430	-0.861658	-0.000000	-0.820349	0.000000	0.000000	0.000000	0.000000	0.000000	0.000000
-0.913430	-0.862798	-0.000000	-0.820349	0.000000	0.000000	0.000000	0.000000	0.000000	0.000000
-0.913430	-0.861693	-0.000000	-0.820349	0.000000	0.000000	0.000000	0.000000	0.000000	0.000000
-0.913430	-0.862197	0.000000	-0.820349	0.000000	0.000000	0.000000	0.000000	0.000000	0.000000
-0.913430	-0.862598	-0.000000	-0.816218	0.000000	0.000000	0.000000	0.000000	0.000000	0.000000
-0.913430	-0.861536	-0.000000	-0.820326	0.000000	0.000000	0.000000	0.000000	0.000000	0.000000
-0.913430	-0.862408	-0.000000	-0.820332	0.000000	0.000000	0.000000	0.000000	0.000000	0.000000
-0.913430	-0.861892	0.000000	-0.820349	0.000000	0.000000	0.000000	0.000000	0.000000	0.000000
-0.913430	-0.862476	-0.000000	-0.820348	0.000000	0.000000	0.000000	0.000000	0.000000	0.000000
-0.913430	-0.862294	0.000000	-0.820349	0.000000	0.000000	0.000000	0.000000	0.000000	0.000000
-0.913430	-0.862342	-0.000000	-0.820349	0.000000	0.000000	0.000000	0.000000	0.000000	0.000000
-0.913430	-0.861402	-0.000000	-0.820348	0.000000	0.000000	0.000000	0.000000	0.000000	0.000000
-0.913430	-0.862177	-0.000000	-0.820299	0.000000	0.000000	0.000000	0.000000	0.000000	0.000000
-0.913430	-0.862708	0.000000	-0.820349	0.000000	0.000000	0.000000	0.000000	0.000000	0.000000
-0.913430	-0.862089	-0.000000	-0.820346	0.000000	0.000000	0.000000	0.000000	0.000000	0.000000
-0.913430	-0.862322	0.000000	-0.820347	0.000000	0.000000	0.000000	0.000000	0.000000	0.000000
-0.913430	-0.862166	-0.000000	-0.820349	0.000000	0.000000	0.000000	0.000000	0.000000	0.000000
-0.913430	-0.861931	-0.000000	-0.820349	0.000000	0.000000	0.000000	0.000000	0.000000	0.000000
-0.913430	-0.861120	0.000000	-0.820347	0.000000	0.000000	0.000000	0.000000	0.000000	0.000000
-0.913430	-0.863120	0.000000	-0.820349	0.000000	0.000000	0.000000	0.000000	0.000000	0.000000
-0.913430	-0.862111	-0.000000	-0.820349	0.000000	0.000000	0.000000	0.000000	0.000000	0.000000
-0.913430	-0.862078	-0.000000	-0.820349	0.000000	0.000000	0.000000	0.000000	0.000000	0.000000
-0.913430	-0.862774	0.000000	-0.820349	0.000000	0.000000	0.000000	0.000000	0.000000	0.000000
-0.913430	-0.862334	-0.000000	-0.820349	0.000000	0.000000	0.000000	0.000000	0.000000	0.000000
-0.913430	-0.861625	-0.000000	-0.820349	0.000000	0.000000	0.000000	0.000000	0.000000	0.000000
-0.913430	-0.861040	0.000000	-0.817932	0.000000	0.000000	0.000000	0.000000	0.000000	0.000000
-0.913430	-0.861517	-0.000000	-0.820346	0.000000	0.000000	0.000000	0.000000	0.000000	0.000000
-0.913430	-0.861902	-0.000000	-0.820349	0.000000	0.000000	0.000000	0.000000	0.000000	0.000000
-0.913430	-0.862624	0.000000	-0.820349	0.000000	0.000000	0.000000	0.000000	0.000000	0.000000
-0.913430	-0.861947	-0.000000	-0.820349	0.000000	0.000000	0.000000	0.000000	0.000000	0.000000
-0.913430	-0.861783	-0.000000	-0.820349	0.000000	0.000000	0.000000	0.000000	0.000000	0.000000
-0.913430	-0.862806	-0.000000	-0.820349	0.000000	0.000000	0.000000	0.000000	0.000000	0.000000
-0.913430	-0.862965	-0.000000	-0.820346	0.000000	0.000000	0.000000	0.000000	0.000000	0.000000
-0.913430	-0.861772	-0.000000	-0.820349	0.000000	0.000000	0.000000	0.000000	0.000000	0.000000
-0.913430	-0.863687	-0.000000	-0.820321	0.000000	0.000000	0.000000	0.000000	0.000000	0.000000
-0.913430	-0.863809	0.000000	-0.820349	0.000000	0.000000	0.000000	0.000000	0.000000	0.000000
-0.913430	-0.862041	-0.000000	-0.820349	0.000000	0.000000	0.000000	0.000000	0.000000	0.000000
-0.913430	-0.862106	-0.000000	-0.820349	0.000000	0.000000	0.000000	0.000000	0.000000	0.000000
-0.913430	-0.862480	0.000000	-0.820330	0.000000	0.000000	0.000000	0.000000	0.000000	0.000000
-0.913430	-0.863011	0.000000	-0.820292	0.000000	0.000000	0.000000	0.000000	0.000000	0.000000
-0.913430	-0.861936	0.000000	-0.820335	0.000000	0.000000	0.000000	0.000000	0.000000	0.000000
-0.913430	-0.862328	-0.000000	-0.820349	0.000000	0.000000	0.000000	0.000000	0.000000	0.000000
-0.913430	-0.862786	0.000000	-0.820349	0.000000	0.000000	0.000000	0.000000	0.000000	0.000000
-0.913430	-0.862327	-0.000000	-0.820349	0.000000	0.000000	0.000000	0.000000	0.000000	0.000000
-0.913430	-0.862731	0.000000	-0.820349	0.000000	0.000000	0.000000	0.000000	0.000000	0.000000
-0.913430	-0.861943	0.000000	-0.820349	0.000000	0.000000	0.000000	0.000000	0.000000	0.000000
-0.913430	-0.862425	0.000000	-0.820349	0.000000	0.000000	0.000000	0.000000	0.000000	0.000000
-0.913430	-0.862709	0.000000	-0.820349	0.000000	0.000000	0.000000	0.000000	0.000000	0.000000
-0.913430	-0.862171	-0.000000	-0.820348	0.000000	0.000000	0.000000	0.000000	0.000000	0.000000
-0.913430	-0.861991	-0.000000	-0.820344	0.000000	0.000000	0.000000	0.000000	0.000000	0.000000
-0.913430	-0.862819	-0.000000	-0.820349	0.000000	0.000000	0.000000	0.000000	0.000000	0.000000
-0.913430	-0.862016	0.000000	-0.820349	0.000000	0.000000	0.000000	0.000000	0.000000	0.000000
-0.913430	-0.862535	0.000000	-0.820349	0.000000	0.000000	0.000000	0.000000	0.000000	0.000000
-0.913430	-0.861854	0.000000	-0.820349	0.000000	0.000000	0.000000	0.000000	0.000000	0.000000
-0.913430	-0.862348	0.000000	-0.820349	0.000000	0.000000	0.000000	0.000000	0.000000	0.000000
-0.913430	-0.861920	-0.000000	-0.820224	0.000000	0.000000	0.000000	0.000000	0.000000	0.000000
-0.913430	-0.863350	-0.000000	-0.820349	0.000000	0.000000	0.000000	0.000000	0.000000	0.000000
-0.913430	-0.864081	-0.000000	-0.820349	0.000000	0.000000	0.000000	0.000000	0.000000	0.000000
-0.913430	-0.861897	0.000000	-0.820333	0.000000	0.000000	0.000000	0.000000	0.000000	0.000000
-0.913430	-0.861943	-0.000000	-0.820347	0.000000	0.000000	0.000000	0.000000	0.000000	0.000000
-0.913430	-0.862006	0.000000	-0.820342	0.000000	0.000000	0.000000	0.000000	0.000000	0.000000
-0.913430	-0.862247	0.000000	-0.820147	0.000000	0.000000	0.000000	0.000000	0.000000	0.000000
-0.913430	-0.860832	0.000000	-0.820301	0.000000	0.000000	0.000000	0.000000	0.000000	0.000000
-0.913430	-0.861230	0.000000	-0.820349	0.000000	0.000000	0.000000	0.000000	0.000000	0.000000
-0.913430	-0.861529	-0.000000	-0.820349	0.000000	0.000000	0.000000	0.000000	0.000000	0.000000
-0.913430	-0.863573	-0.000000	-0.820347	0.000000	0.000000	0.000000	0.000000	0.000000	0.000000
-0.913430	-0.861883	0.000000	-0.820349	0.000000	0.000000	0.000000	0.000000	0.000000	0.000000
