-0.913228	0.861489	-0.790314	0.000000	0.000000	0.000000	0.000000	0.000000	0.000000	0.000000
-0.913228	0.861013	-0.790597	-0.000000	0.000000	0.000000	0.000000	0.000000	0.000000	0.000000
-0.913228	0.861767	-0.790515	0.000000	0.000000	0.000000	0.000000	0.000000	0.000000	0.000000
-0.913228	0.861662	-0.790597	0.000000	0.000000	0.000000	0.000000	0.000000	0.000000	0.000000
-0.913228	0.862236	-0.790597	0.000000	0.000000	0.000000	0.000000	0.000000	0.000000	0.000000
-0.913228	0.861630	-0.790467	0.000000	0.000000	0.000000	0.000000	0.000000	0.000000	0.000000
-0.913228	0.861499	-0.790597	0.000000	0.000000	0.000000	0.000000	0.000000	0.000000	0.000000
-0.913228	0.861257	-0.790590	-0.000000	0.000000	0.000000	0.000000	0.000000	0.000000	0.000000
-0.913228	0.861525	-0.790597	0.000000	0.000000	0.000000	0.000000	0.000000	0.000000	0.000000
-0.913228	0.861410	-0.790597	-0.000000	0.000000	0.000000	0.000000	0.000000	0.000000	0.000000
-0.913228	0.861645	-0.790589	-0.000000	0.000000	0.000000	0.000000	0.000000	0.000000	0.000000
-0.913228	0.861745	-0.790592	0.000000	0.000000	0.000000	0.000000	0.000000	0.000000	0.000000
-0.913228	0.860987	-0.790568	0.000000	0.000000	0.000000	0.000000	0.000000	0.000000	0.000000
-0.913228	0.861110	-0.790597	-0.000000	0.000000	0.000000	0.000000	0.000000	0.000000	0.000000
-0.913228	0.861903	-0.790597	-0.000000	0.000000	0.000000	0.000000	0.000000	0.000000	0.000000
-0.913228	0.860450	-0.790597	-0.000000	0.000000	0.000000	0.000000	0.000000	0.000000	0.000000
-0.913228	0.861028	-0.790597	-0.000000	0.000000	0.000000	0.000000	0.000000	0.000000	0.000000
-0.913228	0.862023	-0.790556	0.000000	0.000000	0.000000	0.000000	0.000000	0.000000	0.000000
-0.913228	0.861431	-0.790430	0.000000	0.000000	0.000000	0.000000	0.000000	0.000000	0.000000
-0.913228	0.861239	-0.790597	0.000000	0.000000	0.000000	0.000000	0.000000	0.000000	0.000000
-0.913228	0.862214	-0.790595	-0.000000	0.000000	0.000000	0.000000	0.000000	0.000000	0.000000
-0.913228	0.861152	-0.790597	0.000000	0.000000	0.000000	0.000000	0.000000	0.000000	0.000000
-0.913228	0.861651	-0.790560	-0.000000	0.000000	0.000000	0.000000	0.000000	0.000000	0.000000
-0.913228	0.861422	-0.790597	0.000000	0.000000	0.000000	0.000000	0.000000	0.000000	0.000000
-0.913228	0.861191	-0.790596	0.000000	0.000000	0.000000	0.000000	0.000000	0.000000	0.000000
-0.913228	0.861870	-0.790597	0.000000	0.000000	0.000000	0.000000	0.000000	0.000000	0.000000
-0.913228	0.861444	-0.790596	-0.000000	0.000000	0.000000	0.000000	0.000000	0.000000	0.000000
-0.913228	0.860940	-0.790597	0.000000	0.000000	0.000000	0.000000	0.000000	0.000000	0.000000
-0.913228	0.861347	-0.790597	-0.000000	0.000000	0.000000	0.000000	0.000000	0.000000	0.000000
-0.913228	0.861674	-0.790578	0.000000	0.000000	0.000000	0.000000	0.000000	0.000000	0.000000
-0.913228	0.861771	-0.790596	0.000000	0.000000	0.000000	0.000000	0.000000	0.000000	0.000000
-0.913228	0.861912	-0.790591	0.000000	0.000000	0.000000	0.000000	0.000000	0.000000	0.000000
-0.913228	0.860956	-0.790596	-0.000000	0.000000	0.000000	0.000000	0.000000	0.000000	0.000000
-0.913228	0.861555	-0.790595	-0.000000	0.000000	0.000000	0.000000	0.000000	0.000000	0.000000
-0.913228	0.861636	-0.790596	-0.000000	0.000000	0.000000	0.000000	0.000000	0.000000	0.000000
-0.913228	0.860884	-0.790597	0.000000	0.000000	0.000000	0.000000	0.000000	0.000000	0.000000
-0.913228	0.861363	-0.790597	-0.000000	0.000000	0.000000	0.000000	0.000000	0.000000	0.000000
-0.913228	0.861314	-0.790597	-0.000000	0.000000	0.000000	0.000000	0.000000	0.000000	0.000000
-0.913228	0.861004	-0.790597	0.000000	0.000000	0.000000	0.000000	0.000000	0.000000	0.000000
-0.913228	0.861062	-0.790489	0.000000	0.000000	0.000000	0.000000	0.000000	0.000000	0.000000
-0.913228	0.861003	-0.790597	-0.000000	0.000000	0.000000	0.000000	0.000000	0.000000	0.000000
-0.913228	0.861454	-0.790597	0.000000	0.000000	0.000000	0.000000	0.000000	0.000000	0.000000
-0.913228	0.861225	-0.790526	-0.000000	0.000000	0.000000	0.000000	0.000000	0.000000	0.000000
-0.913228	0.861963	-0.790597	0.000000	0.000000	0.000000	0.000000	0.000000	0.000000	0.000000
-0.913228	0.861392	-0.790597	-0.000000	0.000000	0.000000	0.000000	0.000000	0.000000	0.000000
-0.913228	0.861712	-0.790596	0.000000	0.000000	0.000000	0.000000	0.000000	0.000000	0.000000
-0.913228	0.860989	-0.790597	0.000000	0.000000	0.000000	0.000000	0.000000	0.000000	0.000000
-0.913228	0.862105	-0.790594	0.000000	0.000000	0.000000	0.000000	0.000000	0.000000	0.000000
-0.913228	0.861128	-0.785268	-0.000000	0.000000	0.000000	0.000000	0.000000	0.000000	0.000000
-0.913228	0.861282	-0.790597	-0.000000	0.000000	0.000000	0.000000	0.000000	0.000000	0.000000
-0.913228	0.861474	-0.790597	0.000000	0.000000	0.000000	0.000000	0.000000	0.000000	0.000000
-0.913228	0.861042	-0.790558	0.000000	0.000000	0.000000	0.000000	0.000000	0.000000	0.000000
-0.913228	0.861265	-0.790595	-0.000000	0.000000	0.000000	0.000000	0.000000	0.000000	0.000000
-0.913228	0.860755	-0.790597	-0.000000	0.000000	0.000000	0.000000	0.000000	0.000000	0.000000
-0.913228	0.861164	-0.790573	-0.000000	0.000000	0.000000	0.000000	0.000000	0.000000	0.000000
-0.913228	0.861249	-0.790597	0.000000	0.000000	0.000000	0.000000	0.000000	0.000000	0.000000
-0.913228	0.861315	-0.790596	0.000000	0.000000	0.000000	0.000000	0.000000	0.000000	0.000000
-0.913228	0.860907	-0.790595	-0.000000	0.000000	0.000000	0.000000	0.000000	0.000000	0.000000
-0.913228	0.861741	-0.790597	-0.000000	0.000000	0.000000	0.000000	0.000000	0.000000	0.000000
-0.913228	0.861350	-0.790597	0.000000	0.000000	0.000000	0.000000	0.000000	0.000000	0.000000
-0.913228	0.861305	-0.789684	-0.000000	0.000000	0.000000	0.000000	0.000000	0.000000	0.000000
-0.913228	0.861930	-0.790597	0.000000	0.000000	0.000000	0.000000	0.000000	0.000000	0.000000
-0.913228	0.860730	-0.790597	-0.000000	0.000000	0.000000	0.000000	0.000000	0.000000	0.000000
-0.913228	0.860695	-0.790597	0.000000	0.000000	0.000000	0.000000	0.000000	0.000000	0.000000
-0.913228	0.861497	-0.790597	0.000000	0.000000	0.000000	0.000000	0.000000	0.000000	0.000000
-0.913228	0.861770	-0.784218	-0.000000	0.000000	0.000000	0.000000	0.000000	0.000000	0.000000
-0.913228	0.860852	-0.790591	-0.000000	0.000000	0.000000	0.000000	0.000000	0.000000	0.000000
-0.913228	0.861558	-0.790595	-0.000000	0.000000	0.000000	0.000000	0.000000	0.000000	0.000000
-0.913228	0.861443	-0.790597	-0.000000	0.000000	0.000000	0.000000	0.000000	0.000000	0.000000
-0.913228	0.861961	-0.790597	-0.000000	0.000000	0.000000	0.000000	0.000000	0.000000	0.000000
-0.913228	0.862283	-0.778493	-0.000000	0.000000	0.000000	0.000000	0.000000	0.000000	0.000000
-0.913228	0.861386	-0.790594	-0.000000	0.000000	0.000000	0.000000	0.000000	0.000000	0.000000
-0.913228	0.860804	-0.790597	0.000000	0.000000	0.000000	0.000000	0.000000	0.000000	0.000000
-0.913228	0.862109	-0.790597	-0.000000	0.000000	0.000000	0.000000	0.000000	0.000000	0.000000
-0.913228	0.860966	-0.790596	0.000000	0.000000	0.000000	0.000000	0.000000	0.000000	0.000000
-0.913228	0.860995	-0.790597	0.000000	0.000000	0.000000	0.000000	0.000000	0.000000	0.000000
-0.913228	0.861575	-0.790597	-0.000000	0.000000	0.000000	0.000000	0.000000	0.000000	0.000000
-0.913228	0.861757	-0.790593	0.000000	0.000000	0.000000	0.000000	0.000000	0.000000	0.000000
-0.913228	0.861949	-0.790588	-0.000000	0.000000	0.000000	0.000000	0.000000	0.000000	0.000000
-0.913228	0.861183	-0.790597	-0.000000	0.000000	0.000000	0.000000	0.000000	0.000000	0.000000
-0.913228	0.861136	-0.790597	-0.000000	0.000000	0.000000	0.000000	0.000000	0.000000	0.000000
-0.913228	0.861885	-0.790597	0.000000	0.000000	0.000000	0.000000	0.000000	0.000000	0.000000
-0.913228	0.860531	-0.790597	0.000000	0.000000	0.000000	0.000000	0.000000	0.000000	0.000000
-0.913228	0.860816	-0.790597	-0.000000	0.000000	0.000000	0.000000	0.000000	0.000000	0.000000
-0.913228	0.860767	-0.790596	-0.000000	0.000000	0.000000	0.000000	0.000000	0.000000	0.000000
-0.913228	0.861845	-0.790597	-0.000000	0.000000	0.000000	0.000000	0.000000	0.000000	0.000000
-0.913228	0.861136	-0.790597	-0.000000	0.000000	0.000000	0.000000	0.000000	0.000000	0.000000
-0.913228	0.861677	-0.790597	0.000000	0.000000	0.000000	0.000000	0.000000	0.000000	0.000000
-0.913228	0.861596	-0.790597	0.000000	0.000000	0.000000	0.000000	0.000000	0.000000	0.000000
-0.913228	0.861135	-0.790597	0.000000	0.000000	0.000000	0.000000	0.000000	0.000000	0.000000
-0.913228	0.862095	-0.790597	-0.000000	0.000000	0.000000	0.000000	0.000000	0.000000	0.000000
-0.913228	0.861741	-0.790597	0.000000	0.000000	0.000000	0.000000	0.000000	0.000000	0.000000
-0.913228	0.862025	-0.790597	0.000000	0.000000	0.000000	0.000000	0.000000	0.000000	0.000000
-0.913228	0.861061	-0.790597	-0.000000	0.000000	0.000000	0.000000	0.000000	0.000000	0.000000
-0.913228	0.861657	-0.731312	-0.000000	0.000000	0.000000	0.000000	0.000000	0.000000	0.000000
-0.913228	0.860938	-0.790597	-0.000000	0.000000	0.000000	0.000000	0.000000	0.000000	0.000000
-0.913228	0.861267	-0.790597	-0.000000	0.000000	0.000000	0.000000	0.000000	0.000000	0.000000
-0.913228	0.860912	-0.788366	-0.000000	0.000000	0.000000	0.000000	0.000000	0.000000	0.000000
-0.913228	0.861266	-0.790597	-0.000000	0.000000	0.000000	0.000000	0.000000	0.000000	0.000000
-0.913228	0.862064	-0.790112	0.000000	0.000000	0.000000	0.000000	0.000000	0.000000	0.000000
-0.913228	0.860960	-0.790597	-0.000000	0.000000	0.000000	0.000000	0.000000	0.000000	0.000000
-0.913228	0.861407	-0.790597	0.000000	0.000000	0.000000	0.000000	0.000000	0.000000	0.000000
-0.913228	0.861039	-0.790597	0.000000	0.000000	0.000000	0.000000	0.000000	0.000000	0.000000
-0.913228	0.861576	-0.789488	0.000000	0.000000	0.000000	0.000000	0.000000	0.000000	0.000000
-0.913228	0.861682	-0.790597	-0.000000	0.000000	0.000000	0.000000	0.000000	0.000000	0.000000
-0.913228	0.862017	-0.790596	0.000000	0.000000	0.000000	0.000000	0.000000	0.000000	0.000000
-0.913228	0.861320	-0.790596	-0.000000	0.000000	0.000000	0.000000	0.000000	0.000000	0.000000
-0.913228	0.861526	-0.790597	0.000000	0.000000	0.000000	0.000000	0.000000	0.000000	0.000000
-0.913228	0.861875	-0.790342	0.000000	0.000000	0.000000	0.000000	0.000000	0.000000	0.000000
-0.913228	0.861374	-0.790585	-0.000000	0.000000	0.000000	0.000000	0.000000	0.000000	0.000000
-0.913228	0.861059	-0.790597	-0.000000	0.000000	0.000000	0.000000	0.000000	0.000000	0.000000
-0.913228	0.861154	-0.790597	-0.000000	0.000000	0.000000	0.000000	0.000000	0.000000	0.000000
-0.913228	0.861077	-0.790528	0.000000	0.000000	0.000000	0.000000	0.000000	0.000000	0.000000
-0.913228	0.861163	-0.790597	0.000000	0.000000	0.000000	0.000000	0.000000	0.000000	0.000000
-0.913228	0.861340	-0.790597	-0.000000	0.000000	0.000000	0.000000	0.000000	0.000000	0.000000
-0.913228	0.860960	-0.790597	0.000000	0.000000	0.000000	0.000000	0.000000	0.000000	0.000000
-0.913228	0.861794	-0.790441	0.000000	0.000000	0.000000	0.000000	0.000000	0.000000	0.000000
-0.913228	0.860832	-0.790597	-0.000000	0.000000	0.000000	0.000000	0.000000	0.000000	0.000000
-0.913228	0.861113	-0.790543	0.000000	0.000000	0.000000	0.000000	0.000000	0.000000	0.000000
-0.913228	0.860736	-0.790597	0.000000	0.000000	0.000000	0.000000	0.000000	0.000000	0.000000
-0.913228	0.861718	-0.790597	-0.000000	0.000000	0.000000	0.000000	0.000000	0.000000	0.000000
-0.913228	0.860460	-0.790597	0.000000	0.000000	0.000000	0.000000	0.000000	0.000000	0.000000
-0.913228	0.862171	-0.790597	-0.000000	0.000000	0.000000	0.000000	0.000000	0.000000	0.000000
-0.913228	0.861576	-0.790597	0.000000	0.000000	0.000000	0.000000	0.000000	0.000000	0.000000
-0.913228	0.861406	-0.790596	-0.000000	0.000000	0.000000	0.000000	0.000000	0.000000	0.000000
-0.913228	0.861451	-0.790597	-0.000000	0.000000	0.000000	0.000000	0.000000	0.000000	0.000000
-0.913228	0.861372	-0.790596	-0.000000	0.000000	0.000000	0.000000	0.000000	0.000000	0.000000
-0.913228	0.862241	-0.790597	-0.000000	0.000000	0.000000	0.000000	0.000000	0.000000	0.000000
-0.913228	0.861074	-0.790597	0.000000	0.000000	0.000000	0.000000	0.000000	0.000000	0.000000
-0.913228	0.861533	-0.790597	0.000000	0.000000	0.000000	0.000000	0.000000	0.000000	0.000000
-0.913228	0.861454	-0.790597	0.000000	0.000000	0.000000	0.000000	0.000000	0.000000	0.000000
-0.913228	0.861585	-0.790597	0.000000	0.000000	0.000000	0.000000	0.000000	0.000000	0.000000
-0.913228	0.861206	-0.790597	-0.000000	0.000000	0.000000	0.000000	0.000000	0.000000	0.000000
-0.913228	0.861034	-0.790597	-0.000000	0.000000	0.000000	0.000000	0.000000	0.000000	0.000000
-0.913228	0.861680	-0.790475	-0.000000	0.000000	0.000000	0.000000	0.000000	0.000000	0.000000
-0.913228	0.860869	-0.790596	-0.000000	0.000000	0.000000	0.000000	0.000000	0.000000	0.000000
-0.913228	0.860888	-0.790597	-0.000000	0.000000	0.000000	0.000000	0.000000	0.000000	0.000000
-0.913228	0.859515	-0.790597	-0.000000	0.000000	0.000000	0.000000	0.000000	0.000000	0.000000
-0.913228	0.861318	-0.790597	0.000000	0.000000	0.000000	0.000000	0.000000	0.000000	0.000000
-0.913228	0.861022	-0.790582	-0.000000	0.000000	0.000000	0.000000	0.000000	0.000000	0.000000
-0.913228	0.861501	-0.790597	-0.000000	0.000000	0.000000	0.000000	0.000000	0.000000	0.000000
-0.913228	0.861318	-0.790597	0.000000	0.000000	0.000000	0.000000	0.000000	0.000000	0.000000
-0.913228	0.861594	-0.790597	0.000000	0.000000	0.000000	0.000000	0.000000	0.000000	0.000000
-0.913228	0.860684	-0.790595	-0.000000	0.000000	0.000000	0.000000	0.000000	0.000000	0.000000
-0.913228	0.861332	-0.789102	-0.000000	0.000000	0.000000	0.000000	0.000000	0.000000	0.000000
-0.913228	0.861042	-0.790596	0.000000	0.000000	0.000000	0.000000	0.000000	0.000000	0.000000
-0.913228	0.861821	-0.790580	-0.000000	0.000000	0.000000	0.000000	0.000000	0.000000	0.000000
-0.913228	0.862847	-0.576869	0.000000	0.000000	0.000000	0.000000	0.000000	0.000000	0.000000
-0.913228	0.860966	-0.790597	-0.000000	0.000000	0.000000	0.000000	0.000000	0.000000	0.000000
-0.913228	0.861406	-0.790597	0.000000	0.000000	0.000000	0.000000	0.000000	0.000000	0.000000
-0.913228	0.860724	-0.790597	-0.000000	0.000000	0.000000	0.000000	0.000000	0.000000	0.000000
-0.913228	0.861637	-0.790597	0.000000	0.000000	0.000000	0.000000	0.000000	0.000000	0.000000
-0.913228	0.861601	-0.790597	0.000000	0.000000	0.000000	0.000000	0.000000	0.000000	0.000000
-0.913228	0.861754	-0.790597	-0.000000	0.000000	0.000000	0.000000	0.000000	0.000000	0.000000
-0.913228	0.861092	-0.790597	0.000000	0.000000	0.000000	0.000000	0.000000	0.000000	0.000000
-0.913228	0.861879	-0.790597	0.000000	0.000000	0.000000	0.000000	0.000000	0.000000	0.000000
-0.913228	0.861328	-0.790597	-0.000000	0.000000	0.000000	0.000000	0.000000	0.000000	0.000000
-0.913228	0.861167	-0.790597	-0.000000	0.000000	0.000000	0.000000	0.000000	0.000000	0.000000
-0.913228	0.860675	-0.790597	-0.000000	0.000000	0.000000	0.000000	0.000000	0.000000	0.000000
-0.913228	0.861810	-0.790594	-0.000000	0.000000	0.000000	0.000000	0.000000	0.000000	0.000000
-0.913228	0.860972	-0.790597	-0.000000	0.000000	0.000000	0.000000	0.000000	0.000000	0.000000
-0.913228	0.861470	-0.790597	-0.000000	0.000000	0.000000	0.000000	0.000000	0.000000	0.000000
-0.913228	0.861591	-0.790597	-0.000000	0.000000	0.000000	0.000000	0.000000	0.000000	0.000000
-0.913228	0.862010	-0.790597	0.000000	0.000000	0.000000	0.000000	0.000000	0.000000	0.000000
-0.913228	0.862089	-0.790597	-0.000000	0.000000	0.000000	0.000000	0.000000	0.000000	0.000000
-0.913228	0.860485	-0.790597	-0.000000	0.000000	0.000000	0.000000	0.000000	0.000000	0.000000
-0.913228	0.860976	-0.774231	0.000000	0.000000	0.000000	0.000000	0.000000	0.000000	0.000000
-0.913228	0.861437	-0.790597	0.000000	0.000000	0.000000	0.000000	0.000000	0.000000	0.000000
-0.913228	0.861072	-0.790597	-0.000000	0.000000	0.000000	0.000000	0.000000	0.000000	0.000000
-0.913228	0.861004	-0.790597	-0.000000	0.000000	0.000000	0.000000	0.000000	0.000000	0.000000
-0.913228	0.861302	-0.790597	-0.000000	0.000000	0.000000	0.000000	0.000000	0.000000	0.000000
-0.913228	0.861181	-0.790597	-0.000000	0.000000	0.000000	0.000000	0.000000	0.000000	0.000000
-0.913228	0.861537	-0.790575	-0.000000	0.000000	0.000000	0.000000	0.000000	0.000000	0.000000
-0.913228	0.861483	-0.790597	0.000000	0.000000	0.000000	0.000000	0.000000	0.000000	0.000000
-0.913228	0.860396	-0.790597	0.000000	0.000000	0.000000	0.000000	0.000000	0.000000	0.000000
-0.913228	0.862010	-0.790597	0.000000	0.000000	0.000000	0.000000	0.000000	0.000000	0.000000
-0.913228	0.861551	-0.790595	-0.000000	0.000000	0.000000	0.000000	0.000000	0.000000	0.000000
-0.913228	0.861436	-0.790595	0.000000	0.000000	0.000000	0.000000	0.000000	0.000000	0.000000
-0.913228	0.861812	-0.790597	0.000000	0.000000	0.000000	0.000000	0.000000	0.000000	0.000000
-0.913228	0.861212	-0.790520	0.000000	0.000000	0.000000	0.000000	0.000000	0.000000	0.000000
-0.913228	0.860799	-0.790597	0.000000	0.000000	0.000000	0.000000	0.000000	0.000000	0.000000
-0.913228	0.861636	-0.790597	-0.000000	0.000000	0.000000	0.000000	0.000000	0.000000	0.000000
-0.913228	0.861304	-0.790597	-0.000000	0.000000	0.000000	0.000000	0.000000	0.000000	0.000000
-0.913228	0.861082	-0.790597	-0.000000	0.000000	0.000000	0.000000	0.000000	0.000000	0.000000
-0.913228	0.861575	-0.790597	0.000000	0.000000	0.000000	0.000000	0.000000	0.000000	0.000000
-0.913228	0.861197	-0.790592	-0.000000	0.000000	0.000000	0.000000	0.000000	0.000000	0.000000
-0.913228	0.862345	-0.790580	-0.000000	0.000000	0.000000	0.000000	0.000000	0.000000	0.000000
-0.913228	0.860788	-0.790597	0.000000	0.000000	0.000000	0.000000	0.000000	0.000000	0.000000
-0.913228	0.861287	-0.790594	-0.000000	0.000000	0.000000	0.000000	0.000000	0.000000	0.000000
-0.913228	0.861562	-0.790597	-0.000000	0.000000	0.000000	0.000000	0.000000	0.000000	0.000000
-0.913228	0.861220	-0.790597	-0.000000	0.000000	0.000000	0.000000	0.000000	0.000000	0.000000
-0.913228	0.861010	-0.790597	-0.000000	0.000000	0.000000	0.000000	0.000000	0.000000	0.000000
-0.913228	0.861509	-0.790597	0.000000	0.000000	0.000000	0.000000	0.000000	0.000000	0.000000
-0.913228	0.861145	-0.790467	-0.000000	0.000000	0.000000	0.000000	0.000000	0.000000	0.000000
-0.913228	0.861714	-0.790597	0.000000	0.000000	0.000000	0.000000	0.000000	0.000000	0.000000
-0.913228	0.861690	-0.790597	-0.000000	0.000000	0.000000	0.000000	0.000000	0.000000	0.000000
-0.913228	0.861111	-0.790597	0.000000	0.000000	0.000000	0.000000	0.000000	0.000000	0.000000
-0.913228	0.861690	-0.790596	0.000000	0.000000	0.000000	0.000000	0.000000	0.000000	0.000000
-0.913228	0.861687	-0.790542	-0.000000	0.000000	0.000000	0.000000	0.000000	0.000000	0.000000
-0.913228	0.862094	-0.790597	0.000000	0.000000	0.000000	0.000000	0.000000	0.000000	0.000000
-0.913228	0.861224	-0.790597	0.000000	0.000000	0.000000	0.000000	0.000000	0.000000	0.000000
-0.913228	0.861450	-0.790597	-0.000000	0.000000	0.000000	0.000000	0.000000	0.000000	0.000000
-0.913228	0.861657	-0.790597	-0.000000	0.000000	0.000000	0.000000	0.000000	0.000000	0.000000
-0.913228	0.861677	-0.790597	-0.000000	0.000000	0.000000	0.000000	0.000000	0.000000	0.000000
-0.913228	0.861294	-0.790597	-0.000000	0.000000	0.000000	0.000000	0.000000	0.000000	0.000000
-0.913228	0.862051	-0.790549	-0.000000	0.000000	0.000000	0.000000	0.000000	0.000000	0.000000
-0.913228	0.861347	-0.790588	0.000000	0.000000	0.000000	0.000000	0.000000	0.000000	0.000000
-0.913228	0.861882	-0.790358	-0.000000	0.000000	0.000000	0.000000	0.000000	0.000000	0.000000
-0.913228	0.861857	-0.790534	-0.000000	0.000000	0.000000	0.000000	0.000000	0.000000	0.000000
-0.913228	0.861443	-0.790597	-0.000000	0.000000	0.000000	0.000000	0.000000	0.000000	0.000000
-0.913228	0.860836	-0.790597	0.000000	0.000000	0.000000	0.000000	0.000000	0.000000	0.000000
-0.913228	0.861699	-0.790597	-0.000000	0.000000	0.000000	0.000000	0.000000	0.000000	0.000000
-0.913228	0.861153	-0.790594	-0.000000	0.000000	0.000000	0.000000	0.000000	0.000000	0.000000
-0.913228	0.860988	-0.790597	-0.000000	0.000000	0.000000	0.000000	0.000000	0.000000	0.000000
-0.913228	0.861193	-0.790597	-0.000000	0.000000	0.000000	0.000000	0.000000	0.000000	0.000000
-0.913228	0.861586	-0.790589	-0.000000	0.000000	0.000000	0.000000	0.000000	0.000000	0.000000
-0.913228	0.861799	-0.790597	0.000000	0.000000	0.000000	0.000000	0.000000	0.000000	0.000000
-0.913228	0.861354	-0.790562	-0.000000	0.000000	0.000000	0.000000	0.000000	0.000000	0.000000
-0.913228	0.861404	-0.790597	-0.000000	0.000000	0.000000	0.000000	0.000000	0.000000	0.000000
-0.913228	0.860709	-0.790597	-0.000000	0.000000	0.000000	0.000000	0.000000	0.000000	0.000000
-0.913228	0.862078	-0.790597	0.000000	0.000000	0.000000	0.000000	0.000000	0.000000	0.000000
-0.913228	0.861629	-0.790597	0.000000	0.000000	0.000000	0.000000	0.000000	0.000000	0.000000
-0.913228	0.861147	-0.790595	-0.000000	0.000000	0.000000	0.000000	0.000000	0.000000	0.000000
-0.913228	0.861018	-0.789678	0.000000	0.000000	0.000000	0.000000	0.000000	0.000000	0.000000
-0.913228	0.861085	-0.790595	0.000000	0.000000	0.000000	0.000000	0.000000	0.000000	0.000000
-0.913228	0.860918	-0.790586	-0.000000	0.000000	0.000000	0.000000	0.000000	0.000000	0.000000
-0.913228	0.861097	-0.790596	0.000000	0.000000	0.000000	0.000000	0.000000	0.000000	0.000000
-0.913228	0.861770	-0.790597	-0.000000	0.000000	0.000000	0.000000	0.000000	0.000000	0.000000
-0.913228	0.861753	-0.790597	0.000000	0.000000	0.000000	0.000000	0.000000	0.000000	0.000000
-0.913228	0.861216	-0.790597	-0.000000	0.000000	0.000000	0.000000	0.000000	0.000000	0.000000
-0.913228	0.860546	-0.790595	-0.000000	0.000000	0.000000	0.000000	0.000000	0.000000	0.000000
-0.913228	0.861622	-0.790597	0.000000	0.000000	0.000000	0.000000	0.000000	0.000000	0.000000
-0.913228	0.861585	-0.790593	0.000000	0.000000	0.000000	0.000000	0.000000	0.000000	0.000000
-0.913228	0.860995	-0.790597	-0.000000	0.000000	0.000000	0.000000	0.000000	0.000000	0.000000
-0.913228	0.861012	-0.790546	-0.000000	0.000000	0.000000	0.000000	0.000000	0.000000	0.000000
-0.913228	0.861300	-0.790587	-0.000000	0.000000	0.000000	0.000000	0.000000	0.000000	0.000000
-0.913228	0.862005	-0.790595	-0.000000	0.000000	0.000000	0.000000	0.000000	0.000000	0.000000
-0.913228	0.861273	-0.790597	0.000000	0.000000	0.000000	0.000000	0.000000	0.000000	0.000000
-0.913228	0.860908	-0.790596	0.000000	0.000000	0.000000	0.000000	0.000000	0.000000	0.000000
-0.913228	0.860223	-0.790597	0.000000	0.000000	0.000000	0.000000	0.000000	0.000000	0.000000
-0.913228	0.861747	-0.790597	0.000000	0.000000	0.000000	0.000000	0.000000	0.000000	0.000000
-0.913228	0.861048	-0.790597	0.000000	0.000000	0.000000	0.000000	0.000000	0.000000	0.000000
-0.913228	0.861735	-0.790597	-0.000000	0.000000	0.000000	0.000000	0.000000	0.000000	0.000000
-0.913228	0.861135	-0.790596	-0.000000	0.000000	0.000000	0.000000	0.000000	0.000000	0.000000
-0.913228	0.860997	-0.790597	0.000000	0.000000	0.000000	0.000000	0.000000	0.000000	0.000000
-0.913228	0.861299	-0.790597	0.000000	0.000000	0.000000	0.000000	0.000000	0.000000	0.000000
-0.913228	0.861271	-0.790597	0.000000	0.000000	0.000000	0.000000	0.000000	0.000000	0.000000
-0.913228	0.861351	-0.790597	0.000000	0.000000	0.000000	0.000000	0.000000	0.000000	0.000000
-0.913228	0.861385	-0.790597	-0.000000	0.000000	0.000000	0.000000	0.000000	0.000000	0.000000
-0.913228	0.860975	-0.790597	0.000000	0.000000	0.000000	0.000000	0.000000	0.000000	0.000000
-0.913228	0.860882	0.000002	0.000000	0.000000	0.000000	0.000000	0.000000	0.000000	0.000000
-0.913228	0.861448	0.842960	-0.000000	0.000000	0.000000	0.000000	0.000000	0.000000	0.000000
-0.913228	0.861253	0.842960	0.000000	0.000000	0.000000	0.000000	0.000000	0.000000	0.000000
-0.913228	0.861010	0.842960	0.000000	0.000000	0.000000	0.000000	0.000000	0.000000	0.000000
-0.913228	0.861137	0.842960	0.000000	0.000000	0.000000	0.000000	0.000000	0.000000	0.000000
-0.913228	0.860649	0.842960	-0.000000	0.000000	0.000000	0.000000	0.000000	0.000000	0.000000
-0.913228	0.861118	0.842960	0.000000	0.000000	0.000000	0.000000	0.000000	0.000000	0.000000
-0.913228	0.862063	0.842960	-0.000000	0.000000	0.000000	0.000000	0.000000	0.000000	0.000000
-0.913228	0.861288	0.842960	0.000000	0.000000	0.000000	0.000000	0.000000	0.000000	0.000000
-0.913228	0.860847	0.842959	-0.000000	0.000000	0.000000	0.000000	0.000000	0.000000	0.000000
-0.913228	0.861611	0.842960	-0.000000	0.000000	0.000000	0.000000	0.000000	0.000000	0.000000
-0.913228	0.861374	0.842960	0.000000	0.000000	0.000000	0.000000	0.000000	0.000000	0.000000
-0.913228	0.860472	0.842960	-0.000000	0.000000	0.000000	0.000000	0.000000	0.000000	0.000000
-0.913228	0.861694	0.842960	-0.000000	0.000000	0.000000	0.000000	0.000000	0.000000	0.000000
-0.913228	0.861391	0.842502	-0.000000	0.000000	0.000000	0.000000	0.000000	0.000000	0.000000
-0.913228	0.861488	0.842959	0.000000	0.000000	0.000000	0.000000	0.000000	0.000000	0.000000
-0.913228	0.861607	0.842960	0.000000	0.000000	0.000000	0.000000	0.000000	0.000000	0.000000
-0.913228	0.861298	0.842943	0.000000	0.000000	0.000000	0.000000	0.000000	0.000000	0.000000
-0.913228	0.861074	0.842729	0.000000	0.000000	0.000000	0.000000	0.000000	0.000000	0.000000
-0.913228	0.860764	0.842960	0.000000	0.000000	0.000000	0.000000	0.000000	0.000000	0.000000
-0.913228	0.861022	0.842960	-0.000000	0.000000	0.000000	0.000000	0.000000	0.000000	0.000000
-0.913228	0.861977	0.842960	-0.000000	0.000000	0.000000	0.000000	0.000000	0.000000	0.000000
-0.913228	0.861845	0.842960	-0.000000	0.000000	0.000000	0.000000	0.000000	0.000000	0.000000
-0.913228	0.861572	0.842960	-0.000000	0.000000	0.000000	0.000000	0.000000	0.000000	0.000000
-0.913228	0.861429	0.842960	0.000000	0.000000	0.000000	0.000000	0.000000	0.000000	0.000000
-0.913228	0.861272	0.842960	-0.000000	0.000000	0.000000	0.000000	0.000000	0.000000	0.000000
-0.913228	0.861352	0.842960	0.000000	0.000000	0.000000	0.000000	0.000000	0.000000	0.000000
-0.913228	0.860596	0.842960	-0.000000	0.000000	0.000000	0.000000	0.000000	0.000000	0.000000
-0.913228	0.860764	0.842907	0.000000	0.000000	0.000000	0.000000	0.000000	0.000000	0.000000
-0.913228	0.861012	0.842954	0.000000	0.000000	0.000000	0.000000	0.000000	0.000000	0.000000
-0.913228	0.860939	0.842960	-0.000000	0.000000	0.000000	0.000000	0.000000	0.000000	0.000000
-0.913228	0.861634	0.842960	0.000000	0.000000	0.000000	0.000000	0.000000	0.000000	0.000000
-0.913228	0.862242	0.842960	-0.000000	0.000000	0.000000	0.000000	0.000000	0.000000	0.000000
-0.913228	0.861304	0.842960	0.000000	0.000000	0.000000	0.000000	0.000000	0.000000	0.000000
-0.913228	0.861085	0.842960	-0.000000	0.000000	0.000000	0.000000	0.000000	0.000000	0.000000
-0.913228	0.861647	0.842960	-0.000000	0.000000	0.000000	0.000000	0.000000	0.000000	0.000000
-0.913228	0.861429	0.842960	-0.000000	0.000000	0.000000	0.000000	0.000000	0.000000	0.000000
-0.913228	0.861364	0.842960	0.000000	0.000000	0.000000	0.000000	0.000000	0.000000	0.000000
-0.913228	0.861890	0.842960	-0.000000	0.000000	0.000000	0.000000	0.000000	0.000000	0.000000
-0.913228	0.861300	0.842960	0.000000	0.000000	0.000000	0.000000	0.000000	0.000000	0.000000
-0.913228	0.861512	0.842960	-0.000000	0.000000	0.000000	0.000000	0.000000	0.000000	0.000000
-0.913228	0.861042	0.842960	-0.000000	0.000000	0.000000	0.000000	0.000000	0.000000	0.000000
-0.913228	0.861630	0.842960	-0.000000	0.000000	0.000000	0.000000	0.000000	0.000000	0.000000
-0.913228	0.860533	0.842960	-0.000000	0.000000	0.000000	0.000000	0.000000	0.000000	0.000000
-0.913228	0.862011	0.842960	-0.000000	0.000000	0.000000	0.000000	0.000000	0.000000	0.000000
-0.913228	0.860976	0.842960	-0.000000	0.000000	0.000000	0.000000	0.000000	0.000000	0.000000
-0.913228	0.861668	0.842960	-0.000000	0.000000	0.000000	0.000000	0.000000	0.000000	0.000000
-0.913228	0.861919	0.842934	-0.000000	0.000000	0.000000	0.000000	0.000000	0.000000	0.000000
-0.913228	0.861135	0.842960	0.000000	0.000000	0.000000	0.000000	0.000000	0.000000	0.000000
-0.913228	0.861209	0.842958	-0.000000	0.000000	0.000000	0.000000	0.000000	0.000000	0.000000
-0.913228	0.862089	0.842960	0.000000	0.000000	0.000000	0.000000	0.000000	0.000000	0.000000
-0.913228	0.861560	0.842958	-0.000000	0.000000	0.000000	0.000000	0.000000	0.000000	0.000000
-0.913228	0.861500	0.842956	0.000000	0.000000	0.000000	0.000000	0.000000	0.000000	0.000000
-0.913228	0.862273	0.842960	-0.000000	0.000000	0.000000	0.000000	0.000000	0.000000	0.000000
-0.913228	0.861798	0.842960	0.000000	0.000000	0.000000	0.000000	0.000000	0.000000	0.000000
-0.913228	0.861829	0.842960	0.000000	0.000000	0.000000	0.000000	0.000000	0.000000	0.000000
-0.913228	0.861000	0.842960	-0.000000	0.000000	0.000000	0.000000	0.000000	0.000000	0.000000
-0.913228	0.861529	0.842960	-0.000000	0.000000	0.000000	0.000000	0.000000	0.000000	0.000000
-0.913228	0.861126	0.842959	0.000000	0.000000	0.000000	0.000000	0.000000	0.000000	0.000000
-0.913228	0.861245	0.842960	0.000000	0.000000	0.000000	0.000000	0.000000	0.000000	0.000000
-0.913228	0.860060	0.842960	-0.000000	0.000000	0.000000	0.000000	0.000000	0.000000	0.000000
-0.913228	0.861457	0.842951	-0.000000	0.000000	0.000000	0.000000	0.000000	0.000000	0.000000
-0.913228	0.861159	0.842960	-0.000000	0.000000	0.000000	0.000000	0.000000	0.000000	0.000000
-0.913228	0.861030	0.842958	-0.000000	0.000000	0.000000	0.000000	0.000000	0.000000	0.000000
-0.913228	0.860990	0.841957	0.000000	0.000000	0.000000	0.000000	0.000000	0.000000	0.000000
-0.913228	0.861583	0.840826	0.000000	0.000000	0.000000	0.000000	0.000000	0.000000	0.000000
-0.913228	0.860908	0.842960	-0.000000	0.000000	0.000000	0.000000	0.000000	0.000000	0.000000
-0.913228	0.861746	0.842960	-0.000000	0.000000	0.000000	0.000000	0.000000	0.000000	0.000000
-0.913228	0.861418	0.842960	0.000000	0.000000	0.000000	0.000000	0.000000	0.000000	0.000000
-0.913228	0.861778	0.842960	-0.000000	0.000000	0.000000	0.000000	0.000000	0.000000	0.000000
-0.913228	0.861151	0.842960	0.000000	0.000000	0.000000	0.000000	0.000000	0.000000	0.000000
-0.913228	0.862116	0.842956	0.000000	0.000000	0.000000	0.000000	0.000000	0.000000	0.000000
-0.913228	0.861702	0.842960	0.000000	0.000000	0.000000	0.000000	0.000000	0.000000	0.000000
-0.913228	0.861100	0.842960	0.000000	0.000000	0.000000	0.000000	0.000000	0.000000	0.000000
-0.913228	0.861968	0.842960	-0.000000	0.000000	0.000000	0.000000	0.000000	0.000000	0.000000
-0.913228	0.861921	0.842960	0.000000	0.000000	0.000000	0.000000	0.000000	0.000000	0.000000
-0.913228	0.861211	0.842941	0.000000	0.000000	0.000000	0.000000	0.000000	0.000000	0.000000
-0.913228	0.861070	0.842959	0.000000	0.000000	0.000000	0.000000	0.000000	0.000000	0.000000
-0.913228	0.860348	0.842958	-0.000000	0.000000	0.000000	0.000000	0.000000	0.000000	0.000000
-0.913228	0.861066	0.842960	-0.000000	0.000000	0.000000	0.000000	0.000000	0.000000	0.000000
-0.913228	0.861427	0.842960	-0.000000	0.000000	0.000000	0.000000	0.000000	0.000000	0.000000
-0.913228	0.861184	0.842960	-0.000000	0.000000	0.000000	0.000000	0.000000	0.000000	0.000000
-0.913228	0.861104	0.842960	-0.000000	0.000000	0.000000	0.000000	0.000000	0.000000	0.000000
-0.913228	0.861683	0.842960	0.000000	0.000000	0.000000	0.000000	0.000000	0.000000	0.000000
-0.913228	0.862260	0.842292	-0.000000	0.000000	0.000000	0.000000	0.000000	0.000000	0.000000
-0.913228	0.861279	0.842958	-0.000000	0.000000	0.000000	0.000000	0.000000	0.000000	0.000000
-0.913228	0.861118	0.842960	-0.000000	0.000000	0.000000	0.000000	0.000000	0.000000	0.000000
-0.913228	0.860855	0.842960	-0.000000	0.000000	0.000000	0.000000	0.000000	0.000000	0.000000
-0.913228	0.862899	0.842960	0.000000	0.000000	0.000000	0.000000	0.000000	0.000000	0.000000
-0.913228	0.861401	0.842960	-0.000000	0.000000	0.000000	0.000000	0.000000	0.000000	0.000000
-0.913228	0.860890	0.842960	-0.000000	0.000000	0.000000	0.000000	0.000000	0.000000	0.000000
-0.913228	0.861153	0.842031	0.000000	0.000000	0.000000	0.000000	0.000000	0.000000	0.000000
-0.913228	0.860914	0.842959	0.000000	0.000000	0.000000	0.000000	0.000000	0.000000	0.000000
-0.913228	0.861807	0.842960	0.000000	0.000000	0.000000	0.000000	0.000000	0.000000	0.000000
-0.913228	0.860561	0.842959	0.000000	0.000000	0.000000	0.000000	0.000000	0.000000	0.000000
-0.913228	0.861010	0.842960	0.000000	0.000000	0.000000	0.000000	0.000000	0.000000	0.000000
-0.913228	0.861416	0.842959	-0.000000	0.000000	0.000000	0.000000	0.000000	0.000000	0.000000
-0.913228	0.860934	0.842960	-0.000000	0.000000	0.000000	0.000000	0.000000	0.000000	0.000000
-0.913228	0.860664	0.842960	0.000000	0.000000	0.000000	0.000000	0.000000	0.000000	0.000000
-0.913228	0.861267	0.842938	-0.000000	0.000000	0.000000	0.000000	0.000000	0.000000	0.000000
-0.913228	0.861937	0.842960	0.000000	0.000000	0.000000	0.000000	0.000000	0.000000	0.000000
-0.913228	0.861026	0.842960	-0.000000	0.000000	0.000000	0.000000	0.000000	0.000000	0.000000
-0.913228	0.861289	0.842959	0.000000	0.000000	0.000000	0.000000	0.000000	0.000000	0.000000
-0.913228	0.860857	0.842960	0.000000	0.000000	0.000000	0.000000	0.000000	0.000000	0.000000
-0.913228	0.861443	0.842960	-0.000000	0.000000	0.000000	0.000000	0.000000	0.000000	0.000000
-0.913228	0.861582	0.842881	0.000000	0.000000	0.000000	0.000000	0.000000	0.000000	0.000000
-0.913228	0.861952	0.842959	-0.000000	0.000000	0.000000	0.000000	0.000000	0.000000	0.000000
-0.913228	0.861626	0.842951	-0.000000	0.000000	0.000000	0.000000	0.000000	0.000000	0.000000
-0.913228	0.861456	0.842960	0.000000	0.000000	0.000000	0.000000	0.000000	0.000000	0.000000
-0.913228	0.861778	0.842960	0.000000	0.000000	0.000000	0.000000	0.000000	0.000000	0.000000
-0.913228	0.861915	0.842960	-0.000000	0.000000	0.000000	0.000000	0.000000	0.000000	0.000000
-0.913228	0.861104	0.842960	0.000000	0.000000	0.000000	0.000000	0.000000	0.000000	0.000000
-0.913228	0.862083	0.842960	0.000000	0.000000	0.000000	0.000000	0.000000	0.000000	0.000000
-0.913228	0.860851	0.842958	-0.000000	0.000000	0.000000	0.000000	0.000000	0.000000	0.000000
-0.913228	0.861436	0.842960	-0.000000	0.000000	0.000000	0.000000	0.000000	0.000000	0.000000
-0.913228	0.860940	0.842960	0.000000	0.000000	0.000000	0.000000	0.000000	0.000000	0.000000
-0.913228	0.861086	0.842948	-0.000000	0.000000	0.000000	0.000000	0.000000	0.000000	0.000000
-0.913228	0.861648	0.842960	-0.000000	0.000000	0.000000	0.000000	0.000000	0.000000	0.000000
-0.913228	0.861458	0.842960	0.000000	0.000000	0.000000	0.000000	0.000000	0.000000	0.000000
-0.913228	0.861513	0.842960	-0.000000	0.000000	0.000000	0.000000	0.000000	0.000000	0.000000
-0.913228	0.860783	0.842960	0.000000	0.000000	0.000000	0.000000	0.000000	0.000000	0.000000
-0.913228	0.861497	0.842960	-0.000000	0.000000	0.000000	0.000000	0.000000	0.000000	0.000000
-0.913228	0.860827	0.842960	0.000000	0.000000	0.000000	0.000000	0.000000	0.000000	0.000000
-0.913228	0.861261	0.842914	-0.000000	0.000000	0.000000	0.000000	0.000000	0.000000	0.000000
-0.913228	0.862001	0.842960	0.000000	0.000000	0.000000	0.000000	0.000000	0.000000	0.000000
-0.913228	0.861070	0.842959	-0.000000	0.000000	0.000000	0.000000	0.000000	0.000000	0.000000
-0.913228	0.860954	0.842960	0.000000	0.000000	0.000000	0.000000	0.000000	0.000000	0.000000
-0.913228	0.862263	0.842960	-0.000000	0.000000	0.000000	0.000000	0.000000	0.000000	0.000000
-0.913228	0.861448	0.842960	0.000000	0.000000	0.000000	0.000000	0.000000	0.000000	0.000000
-0.913228	0.861198	0.842955	0.000000	0.000000	0.000000	0.000000	0.000000	0.000000	0.000000
-0.913228	0.861230	0.842960	0.000000	0.000000	0.000000	0.000000	0.000000	0.000000	0.000000
-0.913228	0.861898	0.842955	0.000000	0.000000	0.000000	0.000000	0.000000	0.000000	0.000000
-0.913228	0.861110	0.842960	-0.000000	0.000000	0.000000	0.000000	0.000000	0.000000	0.000000
-0.913228	0.860940	0.842952	-0.000000	0.000000	0.000000	0.000000	0.000000	0.000000	0.000000
-0.913228	0.861840	0.842960	-0.000000	0.000000	0.000000	0.000000	0.000000	0.000000	0.000000
-0.913228	0.861378	0.809960	-0.000000	0.000000	0.000000	0.000000	0.000000	0.000000	0.000000
-0.913228	0.861029	0.842960	0.000000	0.000000	0.000000	0.000000	0.000000	0.000000	0.000000
-0.913228	0.861453	0.842960	-0.000000	0.000000	0.000000	0.000000	0.000000	0.000000	0.000000
-0.913228	0.860666	0.842960	-0.000000	0.000000	0.000000	0.000000	0.000000	0.000000	0.000000
-0.913228	0.861560	0.842960	0.000000	0.000000	0.000000	0.000000	0.000000	0.000000	0.000000
-0.913228	0.861643	0.842959	0.000000	0.000000	0.000000	0.000000	0.000000	0.000000	0.000000
-0.913228	0.861253	0.842331	-0.000000	0.000000	0.000000	0.000000	0.000000	0.000000	0.000000
-0.913228	0.861357	0.842960	0.000000	0.000000	0.000000	0.000000	0.000000	0.000000	0.000000
-0.913228	0.860898	0.842959	0.000000	0.000000	0.000000	0.000000	0.000000	0.000000	0.000000
-0.913228	0.861161	0.842960	0.000000	0.000000	0.000000	0.000000	0.000000	0.000000	0.000000
-0.913228	0.861734	0.842959	0.000000	0.000000	0.000000	0.000000	0.000000	0.000000	0.000000
-0.913228	0.861474	0.842960	0.000000	0.000000	0.000000	0.000000	0.000000	0.000000	0.000000
-0.913228	0.860719	0.842960	-0.000000	0.000000	0.000000	0.000000	0.000000	0.000000	0.000000
-0.913228	0.861138	0.842960	0.000000	0.000000	0.000000	0.000000	0.000000	0.000000	0.000000
-0.913228	0.861542	0.842960	0.000000	0.000000	0.000000	0.000000	0.000000	0.000000	0.000000
-0.913228	0.861250	0.842959	0.000000	0.000000	0.000000	0.000000	0.000000	0.000000	0.000000
-0.913228	0.861842	0.842960	0.000000	0.000000	0.000000	0.000000	0.000000	0.000000	0.000000
-0.913228	0.862092	0.842957	0.000000	0.000000	0.000000	0.000000	0.000000	0.000000	0.000000
-0.913228	0.861460	0.842960	-0.000000	0.000000	0.000000	0.000000	0.000000	0.000000	0.000000
-0.913228	0.862151	0.842960	-0.000000	0.000000	0.000000	0.000000	0.000000	0.000000	0.000000
-0.913228	0.860552	0.842960	-0.000000	0.000000	0.000000	0.000000	0.000000	0.000000	0.000000
-0.913228	0.861351	0.842960	0.000000	0.000000	0.000000	0.000000	0.000000	0.000000	0.000000
-0.913228	0.861776	0.842960	0.000000	0.000000	0.000000	0.000000	0.000000	0.000000	0.000000
-0.913228	0.860735	0.842955	0.000000	0.000000	0.000000	0.000000	0.000000	0.000000	0.000000
-0.913228	0.861699	0.842960	-0.000000	0.000000	0.000000	0.000000	0.000000	0.000000	0.000000
-0.913228	0.861411	0.842960	-0.000000	0.000000	0.000000	0.000000	0.000000	0.000000	0.000000
-0.913228	0.860951	0.842960	0.000000	0.000000	0.000000	0.000000	0.000000	0.000000	0.000000
-0.913228	0.861659	0.842960	0.000000	0.000000	0.000000	0.000000	0.000000	0.000000	0.000000
-0.913228	0.861133	0.842960	-0.000000	0.000000	0.000000	0.000000	0.000000	0.000000	0.000000
-0.913228	0.861318	0.842960	-0.000000	0.000000	0.000000	0.000000	0.000000	0.000000	0.000000
-0.913228	0.861304	0.842960	-0.000000	0.000000	0.000000	0.000000	0.000000	0.000000	0.000000
-0.913228	0.861734	0.842960	0.000000	0.000000	0.000000	0.000000	0.000000	0.000000	0.000000
-0.913228	0.861127	0.842959	0.000000	0.000000	0.000000	0.000000	0.000000	0.000000	0.000000
-0.913228	0.861175	0.842960	-0.000000	0.000000	0.000000	0.000000	0.000000	0.000000	0.000000
-0.913228	0.861783	0.842960	-0.000000	0.000000	0.000000	0.000000	0.000000	0.000000	0.000000
-0.913228	0.861562	0.842960	0.000000	0.000000	0.000000	0.000000	0.000000	0.000000	0.000000
-0.913228	0.862230	0.842960	-0.000000	0.000000	0.000000	0.000000	0.000000	0.000000	0.000000
-0.913228	0.860525	0.842933	-0.000000	0.000000	0.000000	0.000000	0.000000	0.000000	0.000000
-0.913228	0.861699	0.842960	-0.000000	0.000000	0.000000	0.000000	0.000000	0.000000	0.000000
-0.913228	0.861378	0.842960	0.000000	0.000000	0.000000	0.000000	0.000000	0.000000	0.000000
-0.913228	0.861025	0.842566	-0.000000	0.000000	0.000000	0.000000	0.000000	0.000000	0.000000
-0.913228	0.862026	0.842960	0.000000	0.000000	0.000000	0.000000	0.000000	0.000000	0.000000
-0.913228	0.861450	0.842960	0.000000	0.000000	0.000000	0.000000	0.000000	0.000000	0.000000
-0.913228	0.860671	0.842958	-0.000000	0.000000	0.000000	0.000000	0.000000	0.000000	0.000000
-0.913228	0.861495	0.842960	0.000000	0.000000	0.000000	0.000000	0.000000	0.000000	0.000000
-0.913228	0.861619	0.842954	0.000000	0.000000	0.000000	0.000000	0.000000	0.000000	0.000000
-0.913228	0.861601	0.842960	0.000000	0.000000	0.000000	0.000000	0.000000	0.000000	0.000000
-0.913228	0.860379	0.842960	0.000000	0.000000	0.000000	0.000000	0.000000	0.000000	0.000000
-0.913228	0.861602	0.842959	-0.000000	0.000000	0.000000	0.000000	0.000000	0.000000	0.000000
-0.913228	0.860797	0.842960	-0.000000	0.000000	0.000000	0.000000	0.000000	0.000000	0.000000
-0.913228	0.861358	0.842960	0.000000	0.000000	0.000000	0.000000	0.000000	0.000000	0.000000
-0.913228	0.861185	0.842960	-0.000000	0.000000	0.000000	0.000000	0.000000	0.000000	0.000000
-0.913228	0.861179	0.842960	-0.000000	0.000000	0.000000	0.000000	0.000000	0.000000	0.000000
-0.913228	0.861162	0.842884	-0.000000	0.000000	0.000000	0.000000	0.000000	0.000000	0.000000
-0.913228	0.861998	0.842960	-0.000000	0.000000	0.000000	0.000000	0.000000	0.000000	0.000000
-0.913228	0.861840	0.842960	0.000000	0.000000	0.000000	0.000000	0.000000	0.000000	0.000000
-0.913228	0.861585	0.842960	-0.000000	0.000000	0.000000	0.000000	0.000000	0.000000	0.000000
-0.913228	0.861195	0.842960	-0.000000	0.000000	0.000000	0.000000	0.000000	0.000000	0.000000
-0.913228	0.861257	0.842959	-0.000000	0.000000	0.000000	0.000000	0.000000	0.000000	0.000000
-0.913228	0.860551	0.842960	0.000000	0.000000	0.000000	0.000000	0.000000	0.000000	0.000000
-0.913228	0.862099	0.842917	0.000000	0.000000	0.000000	0.000000	0.000000	0.000000	0.000000
-0.913228	0.861539	0.842960	0.000000	0.000000	0.000000	0.000000	0.000000	0.000000	0.000000
-0.913228	0.861660	0.842960	0.000000	0.000000	0.000000	0.000000	0.000000	0.000000	0.000000
-0.913228	0.861821	0.842960	0.000000	0.000000	0.000000	0.000000	0.000000	0.000000	0.000000
-0.913228	0.862419	0.842960	0.000000	0.000000	0.000000	0.000000	0.000000	0.000000	0.000000
-0.913228	0.861571	0.842960	0.000000	0.000000	0.000000	0.000000	0.000000	0.000000	0.000000
-0.913228	0.861093	0.842942	-0.000000	0.000000	0.000000	0.000000	0.000000	0.000000	0.000000
-0.913228	0.861441	0.842960	-0.000000	0.000000	0.000000	0.000000	0.000000	0.000000	0.000000
-0.913228	0.861656	0.842960	0.000000	0.000000	0.000000	0.000000	0.000000	0.000000	0.000000
-0.913228	0.861103	0.842959	-0.000000	0.000000	0.000000	0.000000	0.000000	0.000000	0.000000
-0.913228	0.861566	0.842960	-0.000000	0.000000	0.000000	0.000000	0.000000	0.000000	0.000000
-0.913228	0.861061	0.842841	-0.000000	0.000000	0.000000	0.000000	0.000000	0.000000	0.000000
-0.913228	0.861288	0.842960	-0.000000	0.000000	0.000000	0.000000	0.000000	0.000000	0.000000
-0.913228	0.861655	0.842960	-0.000000	0.000000	0.000000	0.000000	0.000000	0.000000	0.000000
-0.913228	0.862219	0.842960	0.000000	0.000000	0.000000	0.000000	0.000000	0.000000	0.000000
-0.913228	0.861135	0.842960	-0.000000	0.000000	0.000000	0.000000	0.000000	0.000000	0.000000
-0.913228	0.862028	0.842960	0.000000	0.000000	0.000000	0.000000	0.000000	0.000000	0.000000
-0.913228	0.861109	0.842960	-0.000000	0.000000	0.000000	0.000000	0.000000	0.000000	0.000000
-0.913228	0.861232	0.842960	-0.000000	0.000000	0.000000	0.000000	0.000000	0.000000	0.000000
-0.913228	0.861574	0.842960	-0.000004	0.000000	0.000000	0.000000	0.000000	0.000000	0.000000
-0.913228	0.860501	0.842960	0.000000	0.000000	0.000000	0.000000	0.000000	0.000000	0.000000
-0.913228	0.861537	0.842957	-0.000000	0.000000	0.000000	0.000000	0.000000	0.000000	0.000000
-0.913228	0.861610	0.842943	-0.000000	0.000000	0.000000	0.000000	0.000000	0.000000	0.000000
-0.913228	0.861493	0.842960	0.000000	0.000000	0.000000	0.000000	0.000000	0.000000	0.000000
-0.913228	0.861310	0.842960	-0.000000	0.000000	0.000000	0.000000	0.000000	0.000000	0.000000
-0.913228	0.860649	0.842960	0.000000	0.000000	0.000000	0.000000	0.000000	0.000000	0.000000
-0.913228	0.861849	0.842958	0.000000	0.000000	0.000000	0.000000	0.000000	0.000000	0.000000
-0.913228	0.860781	0.842960	0.000000	0.000000	0.000000	0.000000	0.000000	0.000000	0.000000
-0.913228	0.860878	0.842960	0.000000	0.000000	0.000000	0.000000	0.000000	0.000000	0.000000
-0.913228	0.861367	0.842959	-0.000000	0.000000	0.000000	0.000000	0.000000	0.000000	0.000000
-0.913228	0.861533	0.842959	-0.000000	0.000000	0.000000	0.000000	0.000000	0.000000	0.000000
-0.913228	0.861478	0.842959	-0.000000	0.000000	0.000000	0.000000	0.000000	0.000000	0.000000
-0.913228	0.861290	0.842960	-0.000000	0.000000	0.000000	0.000000	0.000000	0.000000	0.000000
-0.913228	0.861411	0.842960	-0.000000	0.000000	0.000000	0.000000	0.000000	0.000000	0.000000
-0.913228	0.861858	0.842960	-0.000000	0.000000	0.000000	0.000000	0.000000	0.000000	0.000000
-0.913228	0.861332	0.842960	0.000000	0.000000	0.000000	0.000000	0.000000	0.000000	0.000000
-0.913228	0.861638	0.842960	-0.000000	0.000000	0.000000	0.000000	0.000000	0.000000	0.000000
-0.913228	0.860938	0.842960	-0.000000	0.000000	0.000000	0.000000	0.000000	0.000000	0.000000
-0.913228	0.862479	0.842960	0.000000	0.000000	0.000000	0.000000	0.000000	0.000000	0.000000
-0.913228	0.860620	0.842950	-0.000000	0.000000	0.000000	0.000000	0.000000	0.000000	0.000000
-0.913228	0.862042	0.842960	0.000000	0.000000	0.000000	0.000000	0.000000	0.000000	0.000000
-0.913228	0.861202	0.842958	0.000000	0.000000	0.000000	0.000000	0.000000	0.000000	0.000000
-0.913228	0.861246	0.838908	-0.000000	0.000000	0.000000	0.000000	0.000000	0.000000	0.000000
-0.913228	0.860806	0.842960	0.000000	0.000000	0.000000	0.000000	0.000000	0.000000	0.000000
-0.913228	0.861395	0.712870	0.000000	0.000000	0.000000	0.000000	0.000000	0.000000	0.000000
-0.913228	0.861758	0.842960	-0.000000	0.000000	0.000000	0.000000	0.000000	0.000000	0.000000
-0.913228	0.861842	0.842960	0.000000	0.000000	0.000000	0.000000	0.000000	0.000000	0.000000
-0.913228	0.861046	0.842959	-0.000000	0.000000	0.000000	0.000000	0.000000	0.000000	0.000000
-0.913228	0.860649	0.842960	-0.000000	0.000000	0.000000	0.000000	0.000000	0.000000	0.000000
-0.913228	0.861194	0.842825	0.000000	0.000000	0.000000	0.000000	0.000000	0.000000	0.000000
-0.913228	0.861496	0.842960	0.000000	0.000000	0.000000	0.000000	0.000000	0.000000	0.000000
-0.913228	0.862111	0.842960	-0.000000	0.000000	0.000000	0.000000	0.000000	0.000000	0.000000
-0.913228	0.861411	0.842960	0.000000	0.000000	0.000000	0.000000	0.000000	0.000000	0.000000
-0.913228	0.861021	0.842960	0.000000	0.000000	0.000000	0.000000	0.000000	0.000000	0.000000
-0.913228	0.861543	0.842957	-0.000000	0.000000	0.000000	0.000000	0.000000	0.000000	0.000000
-0.913228	-0.812546	0.000000	-0.047817	0.000000	0.000000	0.000000	0.000000	0.000000	0.000000
-0.913228	-0.826220	0.000000	0.797141	0.000000	0.000000	0.000000	0.000000	0.000000	0.000000
-0.913228	-0.826297	-0.000000	0.797141	0.000000	0.000000	0.000000	0.000000	0.000000	0.000000
-0.913228	-0.826331	-0.000000	0.797141	0.000000	0.000000	0.000000	0.000000	0.000000	0.000000
-0.913228	-0.826443	-0.000000	0.797138	0.000000	0.000000	0.000000	0.000000	0.000000	0.000000
-0.913228	-0.826232	-0.000000	0.797141	0.000000	0.000000	0.000000	0.000000	0.000000	0.000000
-0.913228	-0.826231	-0.000000	0.797141	0.000000	0.000000	0.000000	0.000000	0.000000	0.000000
-0.913228	-0.826291	0.000000	0.797141	0.000000	0.000000	0.000000	0.000000	0.000000	0.000000
-0.913228	-0.826210	-0.000000	0.797139	0.000000	0.000000	0.000000	0.000000	0.000000	0.000000
-0.913228	-0.826308	-0.000000	0.797141	0.000000	0.000000	0.000000	0.000000	0.000000	0.000000
-0.913228	-0.826269	-0.000000	0.797141	0.000000	0.000000	0.000000	0.000000	0.000000	0.000000
-0.913228	-0.826254	-0.000000	0.797141	0.000000	0.000000	0.000000	0.000000	0.000000	0.000000
-0.913228	-0.826265	-0.000000	0.797072	0.000000	0.000000	0.000000	0.000000	0.000000	0.000000
-0.913228	-0.826232	-0.000000	0.797131	0.000000	0.000000	0.000000	0.000000	0.000000	0.000000
-0.913228	-0.826319	0.000000	0.797141	0.000000	0.000000	0.000000	0.000000	0.000000	0.000000
-0.913228	-0.826302	-0.000000	0.797140	0.000000	0.000000	0.000000	0.000000	0.000000	0.000000
-0.913228	-0.826160	-0.000000	0.797136	0.000000	0.000000	0.000000	0.000000	0.000000	0.000000
-0.913228	-0.826286	-0.000000	0.797141	0.000000	0.000000	0.000000	0.000000	0.000000	0.000000
-0.913228	-0.826244	-0.000000	0.797141	0.000000	0.000000	0.000000	0.000000	0.000000	0.000000
-0.913228	-0.826308	-0.000000	0.796876	0.000000	0.000000	0.000000	0.000000	0.000000	0.000000
-0.913228	-0.826233	-0.000000	0.797141	0.000000	0.000000	0.000000	0.000000	0.000000	0.000000
-0.913228	-0.826223	-0.000000	0.797141	0.000000	0.000000	0.000000	0.000000	0.000000	0.000000
-0.913228	-0.826270	0.000000	0.797141	0.000000	0.000000	0.000000	0.000000	0.000000	0.000000
-0.913228	-0.826276	-0.000000	0.797141	0.000000	0.000000	0.000000	0.000000	0.000000	0.000000
-0.913228	-0.826213	-0.000000	0.797141	0.000000	0.000000	0.000000	0.000000	0.000000	0.000000
-0.913228	-0.826317	-0.000000	0.797141	0.000000	0.000000	0.000000	0.000000	0.000000	0.000000
-0.913228	-0.826193	-0.000000	0.797137	0.000000	0.000000	0.000000	0.000000	0.000000	0.000000
-0.913228	-0.826302	-0.000000	0.797141	0.000000	0.000000	0.000000	0.000000	0.000000	0.000000
-0.913228	-0.826193	0.000000	0.797141	0.000000	0.000000	0.000000	0.000000	0.000000	0.000000
-0.913228	-0.826295	0.000000	0.797141	0.000000	0.000000	0.000000	0.000000	0.000000	0.000000
-0.913228	-0.826238	0.000000	0.797141	0.000000	0.000000	0.000000	0.000000	0.000000	0.000000
-0.913228	-0.826308	-0.000000	0.797141	0.000000	0.000000	0.000000	0.000000	0.000000	0.000000
-0.913228	-0.826336	0.000000	0.797134	0.000000	0.000000	0.000000	0.000000	0.000000	0.000000
-0.913228	-0.826219	-0.000000	0.797135	0.000000	0.000000	0.000000	0.000000	0.000000	0.000000
-0.913228	-0.826244	-0.000000	0.797141	0.000000	0.000000	0.000000	0.000000	0.000000	0.000000
-0.913228	-0.826240	-0.000000	0.796521	0.000000	0.000000	0.000000	0.000000	0.000000	0.000000
-0.913228	-0.826280	0.000000	0.796034	0.000000	0.000000	0.000000	0.000000	0.000000	0.000000
-0.913228	-0.826255	0.000000	0.797140	0.000000	0.000000	0.000000	0.000000	0.000000	0.000000
-0.913228	-0.826293	-0.000000	0.797139	0.000000	0.000000	0.000000	0.000000	0.000000	0.000000
-0.913228	-0.826227	-0.000000	0.797141	0.000000	0.000000	0.000000	0.000000	0.000000	0.000000
-0.913228	-0.826216	-0.000000	0.797068	0.000000	0.000000	0.000000	0.000000	0.000000	0.000000
-0.913228	-0.826250	0.000000	0.797141	0.000000	0.000000	0.000000	0.000000	0.000000	0.000000
-0.913228	-0.826233	0.000000	0.797141	0.000000	0.000000	0.000000	0.000000	0.000000	0.000000
-0.913228	-0.826124	-0.000000	0.797105	0.000000	0.000000	0.000000	0.000000	0.000000	0.000000
-0.913228	-0.826370	0.000000	0.797098	0.000000	0.000000	0.000000	0.000000	0.000000	0.000000
-0.913228	-0.826320	-0.000000	0.797140	0.000000	0.000000	0.000000	0.000000	0.000000	0.000000
-0.913228	-0.826346	0.000000	0.797141	0.000000	0.000000	0.000000	0.000000	0.000000	0.000000
-0.913228	-0.826172	-0.000000	0.797141	0.000000	0.000000	0.000000	0.000000	0.000000	0.000000
-0.913228	-0.826302	-0.000000	0.797141	0.000000	0.000000	0.000000	0.000000	0.000000	0.000000
-0.913228	-0.826248	-0.000000	0.797141	0.000000	0.000000	0.000000	0.000000	0.000000	0.000000
-0.913228	-0.826306	0.000000	0.797131	0.000000	0.000000	0.000000	0.000000	0.000000	0.000000
-0.913228	-0.826245	-0.000000	0.797107	0.000000	0.000000	0.000000	0.000000	0.000000	0.000000
-0.913228	-0.826288	0.000000	0.797141	0.000000	0.000000	0.000000	0.000000	0.000000	0.000000
-0.913228	-0.826211	0.000000	0.797141	0.000000	0.000000	0.000000	0.000000	0.000000	0.000000
-0.913228	-0.826245	0.000000	0.797141	0.000000	0.000000	0.000000	0.000000	0.000000	0.000000
-0.913228	-0.826337	-0.000000	0.797141	0.000000	0.000000	0.000000	0.000000	0.000000	0.000000
-0.913228	-0.826295	0.000000	0.797140	0.000000	0.000000	0.000000	0.000000	0.000000	0.000000
-0.913228	-0.826323	-0.000000	0.797140	0.000000	0.000000	0.000000	0.000000	0.000000	0.000000
-0.913228	-0.826181	-0.000000	0.797055	0.000000	0.000000	0.000000	0.000000	0.000000	0.000000
-0.913228	-0.826368	0.000000	0.797138	0.000000	0.000000	0.000000	0.000000	0.000000	0.000000
-0.913228	-0.826293	0.000000	0.797140	0.000000	0.000000	0.000000	0.000000	0.000000	0.000000
-0.913228	-0.825992	-0.000000	0.797141	0.000000	0.000000	0.000000	0.000000	0.000000	0.000000
-0.913228	-0.826291	-0.000000	0.797082	0.000000	0.000000	0.000000	0.000000	0.000000	0.000000
-0.913228	-0.826194	0.000000	0.796900	0.000000	0.000000	0.000000	0.000000	0.000000	0.000000
-0.913228	-0.826252	-0.000000	0.797141	0.000000	0.000000	0.000000	0.000000	0.000000	0.000000
-0.913228	-0.826375	-0.000000	0.797027	0.000000	0.000000	0.000000	0.000000	0.000000	0.000000
-0.913228	-0.826336	0.000000	0.797134	0.000000	0.000000	0.000000	0.000000	0.000000	0.000000
-0.913228	-0.826252	-0.000000	0.797141	0.000000	0.000000	0.000000	0.000000	0.000000	0.000000
-0.913228	-0.826260	0.000000	0.797141	0.000000	0.000000	0.000000	0.000000	0.000000	0.000000
-0.913228	-0.826343	0.000000	0.797135	0.000000	0.000000	0.000000	0.000000	0.000000	0.000000
-0.913228	-0.826237	-0.000000	0.797141	0.000000	0.000000	0.000000	0.000000	0.000000	0.000000
-0.913228	-0.826189	-0.000000	0.797141	0.000000	0.000000	0.000000	0.000000	0.000000	0.000000
-0.913228	-0.826271	0.000000	0.797141	0.000000	0.000000	0.000000	0.000000	0.000000	0.000000
-0.913228	-0.826325	-0.000000	0.797141	0.000000	0.000000	0.000000	0.000000	0.000000	0.000000
-0.913228	-0.826210	-0.000000	0.797118	0.000000	0.000000	0.000000	0.000000	0.000000	0.000000
-0.913228	-0.826223	0.000000	0.797140	0.000000	0.000000	0.000000	0.000000	0.000000	0.000000
-0.913228	-0.826165	-0.000000	0.797141	0.000000	0.000000	0.000000	0.000000	0.000000	0.000000
-0.913228	-0.826275	0.000000	0.797053	0.000000	0.000000	0.000000	0.000000	0.000000	0.000000
-0.913228	-0.826207	-0.000000	0.797141	0.000000	0.000000	0.000000	0.000000	0.000000	0.000000
-0.913228	-0.826290	-0.000000	0.797141	0.000000	0.000000	0.000000	0.000000	0.000000	0.000000
-0.913228	-0.826270	-0.000000	0.797141	0.000000	0.000000	0.000000	0.000000	0.000000	0.000000
-0.913228	-0.826222	-0.000000	0.797127	0.000000	0.000000	0.000000	0.000000	0.000000	0.000000
-0.913228	-0.826269	0.000000	0.797141	0.000000	0.000000	0.000000	0.000000	0.000000	0.000000
-0.913228	-0.826148	-0.000000	0.797141	0.000000	0.000000	0.000000	0.000000	0.000000	0.000000
-0.913228	-0.826218	-0.000000	0.797141	0.000000	0.000000	0.000000	0.000000	0.000000	0.000000
-0.913228	-0.826247	0.000000	0.797141	0.000000	0.000000	0.000000	0.000000	0.000000	0.000000
-0.913228	-0.826224	-0.000000	0.797141	0.000000	0.000000	0.000000	0.000000	0.000000	0.000000
-0.913228	-0.826246	-0.000000	0.797141	0.000000	0.000000	0.000000	0.000000	0.000000	0.000000
-0.913228	-0.826332	0.000000	0.797141	0.000000	0.000000	0.000000	0.000000	0.000000	0.000000
-0.913228	-0.826188	0.000000	0.797141	0.000000	0.000000	0.000000	0.000000	0.000000	0.000000
-0.913228	-0.826255	-0.000000	0.797084	0.000000	0.000000	0.000000	0.000000	0.000000	0.000000
-0.913228	-0.826279	0.000000	0.797141	0.000000	0.000000	0.000000	0.000000	0.000000	0.000000
-0.913228	-0.826211	-0.000000	0.797141	0.000000	0.000000	0.000000	0.000000	0.000000	0.000000
-0.913228	-0.826289	-0.000000	0.797141	0.000000	0.000000	0.000000	0.000000	0.000000	0.000000
-0.913228	-0.826252	0.000000	0.797141	0.000000	0.000000	0.000000	0.000000	0.000000	0.000000
-0.913228	-0.826217	-0.000000	0.797140	0.000000	0.000000	0.000000	0.000000	0.000000	0.000000
-0.913228	-0.826162	-0.000000	0.797140	0.000000	0.000000	0.000000	0.000000	0.000000	0.000000
-0.913228	-0.826309	0.000000	0.797141	0.000000	0.000000	0.000000	0.000000	0.000000	0.000000
-0.913228	-0.826244	-0.000000	0.797141	0.000000	0.000000	0.000000	0.000000	0.000000	0.000000
-0.913228	-0.826227	-0.000000	0.797141	0.000000	0.000000	0.000000	0.000000	0.000000	0.000000
-0.913228	-0.826326	-0.000000	0.797138	0.000000	0.000000	0.000000	0.000000	0.000000	0.000000
-0.913228	-0.826320	-0.000000	0.797138	0.000000	0.000000	0.000000	0.000000	0.000000	0.000000
-0.913228	-0.826393	-0.000000	0.797141	0.000000	0.000000	0.000000	0.000000	0.000000	0.000000
-0.913228	-0.826245	-0.000000	0.797141	0.000000	0.000000	0.000000	0.000000	0.000000	0.000000
-0.913228	-0.826327	-0.000000	0.797141	0.000000	0.000000	0.000000	0.000000	0.000000	0.000000
-0.913228	-0.826289	-0.000000	0.797141	0.000000	0.000000	0.000000	0.000000	0.000000	0.000000
-0.913228	-0.826075	0.000000	0.797141	0.000000	0.000000	0.000000	0.000000	0.000000	0.000000
-0.913228	-0.826167	-0.000000	0.797141	0.000000	0.000000	0.000000	0.000000	0.000000	0.000000
-0.913228	-0.826269	-0.000000	0.797141	0.000000	0.000000	0.000000	0.000000	0.000000	0.000000
-0.913228	-0.826326	-0.000000	0.797141	0.000000	0.000000	0.000000	0.000000	0.000000	0.000000
-0.913228	-0.826302	0.000000	0.797141	0.000000	0.000000	0.000000	0.000000	0.000000	0.000000
-0.913228	-0.826296	-0.000000	0.797141	0.000000	0.000000	0.000000	0.000000	0.000000	0.000000
-0.913228	-0.826191	0.000000	0.797141	0.000000	0.000000	0.000000	0.000000	0.000000	0.000000
-0.913228	-0.826276	0.000000	0.797141	0.000000	0.000000	0.000000	0.000000	0.000000	0.000000
-0.913228	-0.826178	-0.000000	0.797141	0.000000	0.000000	0.000000	0.000000	0.000000	0.000000
-0.913228	-0.826309	-0.000000	0.797141	0.000000	0.000000	0.000000	0.000000	0.000000	0.000000
-0.913228	-0.826350	-0.000000	0.797137	0.000000	0.000000	0.000000	0.000000	0.000000	0.000000
-0.913228	-0.826344	0.000000	0.797141	0.000000	0.000000	0.000000	0.000000	0.000000	0.000000
-0.913228	-0.826235	-0.000000	0.797141	0.000000	0.000000	0.000000	0.000000	0.000000	0.000000
-0.913228	-0.826237	0.000000	0.797140	0.000000	0.000000	0.000000	0.000000	0.000000	0.000000
-0.913228	-0.826187	-0.000000	0.797141	0.000000	0.000000	0.000000	0.000000	0.000000	0.000000
-0.913228	-0.826267	0.000000	0.795786	0.000000	0.000000	0.000000	0.000000	0.000000	0.000000
-0.913228	-0.826271	-0.000000	0.797141	0.000000	0.000000	0.000000	0.000000	0.000000	0.000000
-0.913228	-0.826230	0.000000	0.797141	0.000000	0.000000	0.000000	0.000000	0.000000	0.000000
-0.913228	-0.826324	0.000000	0.797074	0.000000	0.000000	0.000000	0.000000	0.000000	0.000000
-0.913228	-0.826291	0.000000	0.797141	0.000000	0.000000	0.000000	0.000000	0.000000	0.000000
-0.913228	-0.826182	0.000000	0.797141	0.000000	0.000000	0.000000	0.000000	0.000000	0.000000
-0.913228	-0.826219	0.000000	0.797121	0.000000	0.000000	0.000000	0.000000	0.000000	0.000000
-0.913228	-0.826224	-0.000000	0.796417	0.000000	0.000000	0.000000	0.000000	0.000000	0.000000
-0.913228	-0.826182	0.000000	0.796781	0.000000	0.000000	0.000000	0.000000	0.000000	0.000000
-0.913228	-0.826157	0.000000	0.797141	0.000000	0.000000	0.000000	0.000000	0.000000	0.000000
-0.913228	-0.826256	-0.000000	0.797140	0.000000	0.000000	0.000000	0.000000	0.000000	0.000000
-0.913228	-0.826310	0.000000	0.796994	0.000000	0.000000	0.000000	0.000000	0.000000	0.000000
-0.913228	-0.826255	0.000000	0.797064	0.000000	0.000000	0.000000	0.000000	0.000000	0.000000
-0.913228	-0.826206	0.000000	0.796779	0.000000	0.000000	0.000000	0.000000	0.000000	0.000000
-0.913228	-0.826282	0.000000	0.797140	0.000000	0.000000	0.000000	0.000000	0.000000	0.000000
-0.913228	-0.826144	-0.000000	0.797140	0.000000	0.000000	0.000000	0.000000	0.000000	0.000000
-0.913228	-0.826222	0.000000	0.797141	0.000000	0.000000	0.000000	0.000000	0.000000	0.000000
-0.913228	-0.826226	-0.000000	0.796862	0.000000	0.000000	0.000000	0.000000	0.000000	0.000000
-0.913228	-0.826195	-0.000000	0.797091	0.000000	0.000000	0.000000	0.000000	0.000000	0.000000
-0.913228	-0.826306	-0.000000	0.797141	0.000000	0.000000	0.000000	0.000000	0.000000	0.000000
-0.913228	-0.826254	0.000000	0.797141	0.000000	0.000000	0.000000	0.000000	0.000000	0.000000
-0.913228	-0.826210	0.000000	0.797141	0.000000	0.000000	0.000000	0.000000	0.000000	0.000000
-0.913228	-0.826190	-0.000000	0.797117	0.000000	0.000000	0.000000	0.000000	0.000000	0.000000
-0.913228	-0.826254	-0.000000	0.797141	0.000000	0.000000	0.000000	0.000000	0.000000	0.000000
-0.913228	-0.826320	0.000000	0.797009	0.000000	0.000000	0.000000	0.000000	0.000000	0.000000
-0.913228	-0.826222	0.000000	0.795103	0.000000	0.000000	0.000000	0.000000	0.000000	0.000000
-0.913228	-0.826174	-0.000000	0.797141	0.000000	0.000000	0.000000	0.000000	0.000000	0.000000
-0.913228	-0.826216	0.000000	0.797141	0.000000	0.000000	0.000000	0.000000	0.000000	0.000000
-0.913228	-0.826290	-0.000000	0.797141	0.000000	0.000000	0.000000	0.000000	0.000000	0.000000
-0.913228	-0.826259	0.000000	0.797141	0.000000	0.000000	0.000000	0.000000	0.000000	0.000000
-0.913228	-0.826165	-0.000000	0.797087	0.000000	0.000000	0.000000	0.000000	0.000000	0.000000
-0.913228	-0.826186	-0.000000	0.797141	0.000000	0.000000	0.000000	0.000000	0.000000	0.000000
-0.913228	-0.826233	-0.000000	0.796842	0.000000	0.000000	0.000000	0.000000	0.000000	0.000000
-0.913228	-0.826310	-0.000000	0.796778	0.000000	0.000000	0.000000	0.000000	0.000000	0.000000
-0.913228	-0.826179	-0.000000	0.797141	0.000000	0.000000	0.000000	0.000000	0.000000	0.000000
-0.913228	-0.826232	-0.000000	0.797096	0.000000	0.000000	0.000000	0.000000	0.000000	0.000000
-0.913228	-0.826304	0.000000	0.797141	0.000000	0.000000	0.000000	0.000000	0.000000	0.000000
-0.913228	-0.826291	-0.000000	0.797141	0.000000	0.000000	0.000000	0.000000	0.000000	0.000000
-0.913228	-0.826182	0.000000	0.797141	0.000000	0.000000	0.000000	0.000000	0.000000	0.000000
-0.913228	-0.826343	-0.000000	0.797141	0.000000	0.000000	0.000000	0.000000	0.000000	0.000000
-0.913228	-0.826277	0.000000	0.797094	0.000000	0.000000	0.000000	0.000000	0.000000	0.000000
-0.913228	-0.826193	-0.000000	0.797140	0.000000	0.000000	0.000000	0.000000	0.000000	0.000000
-0.913228	-0.826266	-0.000000	0.797141	0.000000	0.000000	0.000000	0.000000	0.000000	0.000000
-0.913228	-0.826256	0.000000	0.791038	0.000000	0.000000	0.000000	0.000000	0.000000	0.000000
-0.913228	-0.826130	-0.000000	0.797140	0.000000	0.000000	0.000000	0.000000	0.000000	0.000000
-0.913228	-0.826311	-0.000000	0.797141	0.000000	0.000000	0.000000	0.000000	0.000000	0.000000
-0.913228	-0.826249	-0.000000	0.797049	0.000000	0.000000	0.000000	0.000000	0.000000	0.000000
-0.913228	-0.826317	0.000000	0.797141	0.000000	0.000000	0.000000	0.000000	0.000000	0.000000
-0.913228	-0.826213	0.000000	0.797141	0.000000	0.000000	0.000000	0.000000	0.000000	0.000000
-0.913228	-0.826221	0.000000	0.797141	0.000000	0.000000	0.000000	0.000000	0.000000	0.000000
-0.913228	-0.826231	0.000000	0.797141	0.000000	0.000000	0.000000	0.000000	0.000000	0.000000
-0.913228	-0.826173	0.000000	0.797140	0.000000	0.000000	0.000000	0.000000	0.000000	0.000000
-0.913228	-0.826323	0.000000	0.797140	0.000000	0.000000	0.000000	0.000000	0.000000	0.000000
-0.913228	-0.826333	-0.000000	0.797141	0.000000	0.000000	0.000000	0.000000	0.000000	0.000000
-0.913228	-0.826260	-0.000000	0.797135	0.000000	0.000000	0.000000	0.000000	0.000000	0.000000
-0.913228	-0.826311	-0.000000	0.797141	0.000000	0.000000	0.000000	0.000000	0.000000	0.000000
-0.913228	-0.826412	0.000000	0.797141	0.000000	0.000000	0.000000	0.000000	0.000000	0.000000
-0.913228	-0.826293	-0.000000	0.797141	0.000000	0.000000	0.000000	0.000000	0.000000	0.000000
-0.913228	-0.826264	0.000000	0.797141	0.000000	0.000000	0.000000	0.000000	0.000000	0.000000
-0.913228	-0.826400	0.000000	0.797141	0.000000	0.000000	0.000000	0.000000	0.000000	0.000000
-0.913228	-0.826370	-0.000000	0.797141	0.000000	0.000000	0.000000	0.000000	0.000000	0.000000
-0.913228	-0.826183	0.000000	0.797141	0.000000	0.000000	0.000000	0.000000	0.000000	0.000000
-0.913228	-0.826303	-0.000000	0.797141	0.000000	0.000000	0.000000	0.000000	0.000000	0.000000
-0.913228	-0.826187	-0.000000	0.797141	0.000000	0.000000	0.000000	0.000000	0.000000	0.000000
-0.913228	-0.826267	-0.000000	0.797141	0.000000	0.000000	0.000000	0.000000	0.000000	0.000000
-0.913228	-0.826249	0.000000	0.797141	0.000000	0.000000	0.000000	0.000000	0.000000	0.000000
-0.913228	-0.826292	-0.000000	0.797141	0.000000	0.000000	0.000000	0.000000	0.000000	0.000000
-0.913228	-0.826233	0.000000	0.797140	0.000000	0.000000	0.000000	0.000000	0.000000	0.000000
-0.913228	-0.826169	-0.000000	0.797141	0.000000	0.000000	0.000000	0.000000	0.000000	0.000000
-0.913228	-0.826216	-0.000000	0.797141	0.000000	0.000000	0.000000	0.000000	0.000000	0.000000
-0.913228	-0.826311	-0.000000	0.797046	0.000000	0.000000	0.000000	0.000000	0.000000	0.000000
-0.913228	-0.826359	0.000000	0.797138	0.000000	0.000000	0.000000	0.000000	0.000000	0.000000
-0.913228	-0.826166	-0.000000	0.797141	0.000000	0.000000	0.000000	0.000000	0.000000	0.000000
-0.913228	-0.826154	-0.000000	0.797141	0.000000	0.000000	0.000000	0.000000	0.000000	0.000000
-0.913228	-0.826269	-0.000000	0.797141	0.000000	0.000000	0.000000	0.000000	0.000000	0.000000
-0.913228	-0.826241	-0.000000	0.797141	0.000000	0.000000	0.000000	0.000000	0.000000	0.000000
-0.913228	-0.826172	0.000000	0.797141	0.000000	0.000000	0.000000	0.000000	0.000000	0.000000
-0.913228	-0.826263	-0.000000	0.796982	0.000000	0.000000	0.000000	0.000000	0.000000	0.000000
-0.913228	-0.826314	-0.000000	0.797135	0.000000	0.000000	0.000000	0.000000	0.000000	0.000000
-0.913228	-0.826177	-0.000000	0.797033	0.000000	0.000000	0.000000	0.000000	0.000000	0.000000
-0.913228	-0.826265	-0.000000	0.797141	0.000000	0.000000	0.000000	0.000000	0.000000	0.000000
-0.913228	-0.826206	-0.000000	0.797118	0.000000	0.000000	0.000000	0.000000	0.000000	0.000000
-0.913228	-0.826295	0.000000	0.796116	0.000000	0.000000	0.000000	0.000000	0.000000	0.000000
-0.913228	-0.826306	-0.000000	0.797141	0.000000	0.000000	0.000000	0.000000	0.000000	0.000000
-0.913228	-0.826258	0.000000	0.797141	0.000000	0.000000	0.000000	0.000000	0.000000	0.000000
-0.913228	-0.826261	0.000000	0.797141	0.000000	0.000000	0.000000	0.000000	0.000000	0.000000
-0.913228	-0.826302	0.000000	0.796392	0.000000	0.000000	0.000000	0.000000	0.000000	0.000000
-0.913228	-0.826224	0.000000	0.796283	0.000000	0.000000	0.000000	0.000000	0.000000	0.000000
-0.913228	-0.826247	-0.000000	0.797141	0.000000	0.000000	0.000000	0.000000	0.000000	0.000000
-0.913228	-0.826151	0.000000	0.797141	0.000000	0.000000	0.000000	0.000000	0.000000	0.000000
-0.913228	-0.826291	0.000000	0.797107	0.000000	0.000000	0.000000	0.000000	0.000000	0.000000
-0.913228	-0.826200	0.000000	0.797141	0.000000	0.000000	0.000000	0.000000	0.000000	0.000000
-0.913228	-0.826295	0.000000	0.797141	0.000000	0.000000	0.000000	0.000000	0.000000	0.000000
-0.913228	-0.826291	0.000000	0.797140	0.000000	0.000000	0.000000	0.000000	0.000000	0.000000
-0.913228	-0.826242	-0.000000	0.797132	0.000000	0.000000	0.000000	0.000000	0.000000	0.000000
-0.913228	-0.826276	0.000000	0.797141	0.000000	0.000000	0.000000	0.000000	0.000000	0.000000
-0.913228	-0.826226	0.000000	0.797141	0.000000	0.000000	0.000000	0.000000	0.000000	0.000000
-0.913228	-0.826224	0.000000	0.797052	0.000000	0.000000	0.000000	0.000000	0.000000	0.000000
-0.913228	-0.826292	-0.000000	0.797141	0.000000	0.000000	0.000000	0.000000	0.000000	0.000000
-0.913228	-0.826204	-0.000000	0.797141	0.000000	0.000000	0.000000	0.000000	0.000000	0.000000
-0.913228	-0.826248	-0.000000	0.797140	0.000000	0.000000	0.000000	0.000000	0.000000	0.000000
-0.913228	-0.826203	0.000000	0.797109	0.000000	0.000000	0.000000	0.000000	0.000000	0.000000
-0.913228	-0.826236	0.000000	0.795645	0.000000	0.000000	0.000000	0.000000	0.000000	0.000000
-0.913228	-0.826396	0.000000	0.797141	0.000000	0.000000	0.000000	0.000000	0.000000	0.000000
-0.913228	-0.826431	0.000000	0.794848	0.000000	0.000000	0.000000	0.000000	0.000000	0.000000
-0.913228	-0.826334	0.000000	0.797141	0.000000	0.000000	0.000000	0.000000	0.000000	0.000000
-0.913228	-0.826205	-0.000000	0.797139	0.000000	0.000000	0.000000	0.000000	0.000000	0.000000
-0.913228	-0.826329	0.000000	0.797139	0.000000	0.000000	0.000000	0.000000	0.000000	0.000000
-0.913228	-0.826194	-0.000000	0.797141	0.000000	0.000000	0.000000	0.000000	0.000000	0.000000
-0.913228	-0.826139	0.000000	0.797141	0.000000	0.000000	0.000000	0.000000	0.000000	0.000000
-0.913228	-0.826241	-0.000000	0.797140	0.000000	0.000000	0.000000	0.000000	0.000000	0.000000
-0.913228	-0.826273	-0.000000	0.797140	0.000000	0.000000	0.000000	0.000000	0.000000	0.000000
-0.913228	-0.826306	-0.000000	0.797141	0.000000	0.000000	0.000000	0.000000	0.000000	0.000000
-0.913228	-0.826275	-0.000000	0.797141	0.000000	0.000000	0.000000	0.000000	0.000000	0.000000
-0.913228	-0.826284	-0.000000	0.797141	0.000000	0.000000	0.000000	0.000000	0.000000	0.000000
-0.913228	-0.826332	0.000000	0.797141	0.000000	0.000000	0.000000	0.000000	0.000000	0.000000
-0.913228	-0.826358	-0.000000	0.797141	0.000000	0.000000	0.000000	0.000000	0.000000	0.000000
-0.913228	-0.826283	-0.000000	0.797141	0.000000	0.000000	0.000000	0.000000	0.000000	0.000000
-0.913228	-0.826209	-0.000000	0.796755	0.000000	0.000000	0.000000	0.000000	0.000000	0.000000
-0.913228	-0.826229	-0.000000	0.797141	0.000000	0.000000	0.000000	0.000000	0.000000	0.000000
-0.913228	-0.826255	0.000000	0.797141	0.000000	0.000000	0.000000	0.000000	0.000000	0.000000
-0.913228	-0.826399	-0.000000	0.796832	0.000000	0.000000	0.000000	0.000000	0.000000	0.000000
-0.913228	-0.826236	0.000000	0.797141	0.000000	0.000000	0.000000	0.000000	0.000000	0.000000
-0.913228	-0.826209	-0.000000	0.797139	0.000000	0.000000	0.000000	0.000000	0.000000	0.000000
-0.913228	-0.826236	-0.000000	0.797139	0.000000	0.000000	0.000000	0.000000	0.000000	0.000000
-0.913228	-0.826348	-0.000000	0.797140	0.000000	0.000000	0.000000	0.000000	0.000000	0.000000
-0.913228	-0.826249	0.000000	0.797125	0.000000	0.000000	0.000000	0.000000	0.000000	0.000000
-0.913228	-0.826229	0.000000	0.797139	0.000000	0.000000	0.000000	0.000000	0.000000	0.000000
-0.913228	-0.826323	-0.000000	0.797141	0.000000	0.000000	0.000000	0.000000	0.000000	0.000000
-0.913228	-0.164891	0.000000	-0.000000	0.000000	0.000000	0.000000	0.000000	0.000000	0.000000
-0.913228	-0.826155	-0.000000	-0.831734	0.000000	0.000000	0.000000	0.000000	0.000000	0.000000
-0.913228	-0.826329	-0.000000	-0.831742	0.000000	0.000000	0.000000	0.000000	0.000000	0.000000
-0.913228	-0.826245	-0.000000	-0.831742	0.000000	0.000000	0.000000	0.000000	0.000000	0.000000
-0.913228	-0.826285	-0.000000	-0.831742	0.000000	0.000000	0.000000	0.000000	0.000000	0.000000
-0.913228	-0.826192	-0.000000	-0.831742	0.000000	0.000000	0.000000	0.000000	0.000000	0.000000
-0.913228	-0.826237	-0.000000	-0.831742	0.000000	0.000000	0.000000	0.000000	0.000000	0.000000
-0.913228	-0.826184	-0.000000	-0.831742	0.000000	0.000000	0.000000	0.000000	0.000000	0.000000
-0.913228	-0.826225	-0.000000	-0.831741	0.000000	0.000000	0.000000	0.000000	0.000000	0.000000
-0.913228	-0.826186	0.000000	-0.831736	0.000000	0.000000	0.000000	0.000000	0.000000	0.000000
-0.913228	-0.826295	0.000000	-0.831719	0.000000	0.000000	0.000000	0.000000	0.000000	0.000000
-0.913228	-0.826157	0.000000	-0.831737	0.000000	0.000000	0.000000	0.000000	0.000000	0.000000
-0.913228	-0.826284	0.000000	-0.831742	0.000000	0.000000	0.000000	0.000000	0.000000	0.000000
-0.913228	-0.826228	-0.000000	-0.831742	0.000000	0.000000	0.000000	0.000000	0.000000	0.000000
-0.913228	-0.826206	0.000000	-0.817780	0.000000	0.000000	0.000000	0.000000	0.000000	0.000000
-0.913228	-0.826193	-0.000000	-0.831742	0.000000	0.000000	0.000000	0.000000	0.000000	0.000000
-0.913228	-0.826395	0.000000	-0.831741	0.000000	0.000000	0.000000	0.000000	0.000000	0.000000
-0.913228	-0.826275	0.000000	-0.831742	0.000000	0.000000	0.000000	0.000000	0.000000	0.000000
-0.913228	-0.826264	0.000000	-0.831742	0.000000	0.000000	0.000000	0.000000	0.000000	0.000000
-0.913228	-0.826137	0.000000	-0.831742	0.000000	0.000000	0.000000	0.000000	0.000000	0.000000
-0.913228	-0.826297	-0.000000	-0.831742	0.000000	0.000000	0.000000	0.000000	0.000000	0.000000
-0.913228	-0.826318	-0.000000	-0.831742	0.000000	0.000000	0.000000	0.000000	0.000000	0.000000
-0.913228	-0.826188	0.000000	-0.831742	0.000000	0.000000	0.000000	0.000000	0.000000	0.000000
-0.913228	-0.826311	0.000000	-0.831742	0.000000	0.000000	0.000000	0.000000	0.000000	0.000000
-0.913228	-0.826338	-0.000000	-0.831741	0.000000	0.000000	0.000000	0.000000	0.000000	0.000000
-0.913228	-0.826329	-0.000000	-0.831742	0.000000	0.000000	0.000000	0.000000	0.000000	0.000000
-0.913228	-0.826209	0.000000	-0.831740	0.000000	0.000000	0.000000	0.000000	0.000000	0.000000
-0.913228	-0.826324	0.000000	-0.831742	0.000000	0.000000	0.000000	0.000000	0.000000	0.000000
-0.913228	-0.826276	-0.000000	-0.831742	0.000000	0.000000	0.000000	0.000000	0.000000	0.000000
-0.913228	-0.826185	0.000000	-0.828684	0.000000	0.000000	0.000000	0.000000	0.000000	0.000000
-0.913228	-0.826360	-0.000000	-0.831741	0.000000	0.000000	0.000000	0.000000	0.000000	0.000000
-0.913228	-0.826299	-0.000000	-0.831742	0.000000	0.000000	0.000000	0.000000	0.000000	0.000000
-0.913228	-0.826259	-0.000000	-0.831742	0.000000	0.000000	0.000000	0.000000	0.000000	0.000000
-0.913228	-0.826261	-0.000000	-0.831742	0.000000	0.000000	0.000000	0.000000	0.000000	0.000000
-0.913228	-0.826291	0.000000	-0.831742	0.000000	0.000000	0.000000	0.000000	0.000000	0.000000
-0.913228	-0.826285	0.000000	-0.831693	0.000000	0.000000	0.000000	0.000000	0.000000	0.000000
-0.913228	-0.826262	-0.000000	-0.829134	0.000000	0.000000	0.000000	0.000000	0.000000	0.000000
-0.913228	-0.826054	-0.000000	-0.831592	0.000000	0.000000	0.000000	0.000000	0.000000	0.000000
-0.913228	-0.826301	0.000000	-0.831742	0.000000	0.000000	0.000000	0.000000	0.000000	0.000000
-0.913228	-0.826292	-0.000000	-0.831561	0.000000	0.000000	0.000000	0.000000	0.000000	0.000000
-0.913228	-0.826310	-0.000000	-0.831742	0.000000	0.000000	0.000000	0.000000	0.000000	0.000000
-0.913228	-0.826399	0.000000	-0.831742	0.000000	0.000000	0.000000	0.000000	0.000000	0.000000
-0.913228	-0.826143	-0.000000	-0.831742	0.000000	0.000000	0.000000	0.000000	0.000000	0.000000
-0.913228	-0.826350	-0.000000	-0.831742	0.000000	0.000000	0.000000	0.000000	0.000000	0.000000
-0.913228	-0.826269	0.000000	-0.831739	0.000000	0.000000	0.000000	0.000000	0.000000	0.000000
-0.913228	-0.826169	-0.000000	-0.831670	0.000000	0.000000	0.000000	0.000000	0.000000	0.000000
-0.913228	-0.826396	0.000000	-0.831742	0.000000	0.000000	0.000000	0.000000	0.000000	0.000000
-0.913228	-0.826302	0.000000	-0.831742	0.000000	0.000000	0.000000	0.000000	0.000000	0.000000
-0.913228	-0.826235	0.000000	-0.831736	0.000000	0.000000	0.000000	0.000000	0.000000	0.000000
-0.913228	-0.826240	0.000000	-0.831742	0.000000	0.000000	0.000000	0.000000	0.000000	0.000000
-0.913228	-0.826247	-0.000000	-0.831741	0.000000	0.000000	0.000000	0.000000	0.000000	0.000000
-0.913228	-0.826247	0.000000	-0.831739	0.000000	0.000000	0.000000	0.000000	0.000000	0.000000
-0.913228	-0.826319	0.000000	-0.831742	0.000000	0.000000	0.000000	0.000000	0.000000	0.000000
-0.913228	-0.826296	0.000000	-0.831742	0.000000	0.000000	0.000000	0.000000	0.000000	0.000000
-0.913228	-0.826244	-0.000000	-0.831742	0.000000	0.000000	0.000000	0.000000	0.000000	0.000000
-0.913228	-0.826314	-0.000000	-0.831742	0.000000	0.000000	0.000000	0.000000	0.000000	0.000000
-0.913228	-0.826177	0.000000	-0.831463	0.000000	0.000000	0.000000	0.000000	0.000000	0.000000
-0.913228	-0.826268	0.000000	-0.831742	0.000000	0.000000	0.000000	0.000000	0.000000	0.000000
-0.913228	-0.826191	-0.000000	-0.831024	0.000000	0.000000	0.000000	0.000000	0.000000	0.000000
-0.913228	-0.826145	-0.000000	-0.831742	0.000000	0.000000	0.000000	0.000000	0.000000	0.000000
-0.913228	-0.826206	-0.000000	-0.831625	0.000000	0.000000	0.000000	0.000000	0.000000	0.000000
-0.913228	-0.826216	-0.000000	-0.831741	0.000000	0.000000	0.000000	0.000000	0.000000	0.000000
-0.913228	-0.826339	-0.000000	-0.831664	0.000000	0.000000	0.000000	0.000000	0.000000	0.000000
-0.913228	-0.826275	0.000000	-0.831742	0.000000	0.000000	0.000000	0.000000	0.000000	0.000000
-0.913228	-0.826311	-0.000000	-0.831742	0.000000	0.000000	0.000000	0.000000	0.000000	0.000000
-0.913228	-0.826307	0.000000	-0.831742	0.000000	0.000000	0.000000	0.000000	0.000000	0.000000
-0.913228	-0.826225	-0.000000	-0.831002	0.000000	0.000000	0.000000	0.000000	0.000000	0.000000
-0.913228	-0.826235	-0.000000	-0.831742	0.000000	0.000000	0.000000	0.000000	0.000000	0.000000
-0.913228	-0.826270	-0.000000	-0.831742	0.000000	0.000000	0.000000	0.000000	0.000000	0.000000
-0.913228	-0.826227	-0.000000	-0.831740	0.000000	0.000000	0.000000	0.000000	0.000000	0.000000
-0.913228	-0.826231	-0.000000	-0.831742	0.000000	0.000000	0.000000	0.000000	0.000000	0.000000
-0.913228	-0.826220	-0.000000	-0.831742	0.000000	0.000000	0.000000	0.000000	0.000000	0.000000
-0.913228	-0.826256	-0.000000	-0.831742	0.000000	0.000000	0.000000	0.000000	0.000000	0.000000
-0.913228	-0.826249	-0.000000	-0.831739	0.000000	0.000000	0.000000	0.000000	0.000000	0.000000
-0.913228	-0.826230	0.000000	-0.831742	0.000000	0.000000	0.000000	0.000000	0.000000	0.000000
-0.913228	-0.826273	-0.000000	-0.831726	0.000000	0.000000	0.000000	0.000000	0.000000	0.000000
-0.913228	-0.826331	0.000000	-0.831742	0.000000	0.000000	0.000000	0.000000	0.000000	0.000000
-0.913228	-0.826310	0.000000	-0.831742	0.000000	0.000000	0.000000	0.000000	0.000000	0.000000
-0.913228	-0.826290	-0.000000	-0.831742	0.000000	0.000000	0.000000	0.000000	0.000000	0.000000
-0.913228	-0.826325	0.000000	-0.831742	0.000000	0.000000	0.000000	0.000000	0.000000	0.000000
-0.913228	-0.826223	-0.000000	-0.831742	0.000000	0.000000	0.000000	0.000000	0.000000	0.000000
-0.913228	-0.826205	0.000000	-0.831742	0.000000	0.000000	0.000000	0.000000	0.000000	0.000000
-0.913228	-0.826298	0.000000	-0.831742	0.000000	0.000000	0.000000	0.000000	0.000000	0.000000
-0.913228	-0.826285	-0.000000	-0.831742	0.000000	0.000000	0.000000	0.000000	0.000000	0.000000
-0.913228	-0.826192	-0.000000	-0.831742	0.000000	0.000000	0.000000	0.000000	0.000000	0.000000
-0.913228	-0.826343	0.000000	-0.831742	0.000000	0.000000	0.000000	0.000000	0.000000	0.000000
-0.913228	-0.826360	0.000000	-0.831699	0.000000	0.000000	0.000000	0.000000	0.000000	0.000000
-0.913228	-0.826241	-0.000000	-0.831742	0.000000	0.000000	0.000000	0.000000	0.000000	0.000000
-0.913228	-0.826321	0.000000	-0.831742	0.000000	0.000000	0.000000	0.000000	0.000000	0.000000
-0.913228	-0.826252	0.000000	-0.831742	0.000000	0.000000	0.000000	0.000000	0.000000	0.000000
-0.913228	-0.826210	0.000000	-0.831742	0.000000	0.000000	0.000000	0.000000	0.000000	0.000000
-0.913228	-0.826334	-0.000000	-0.831741	0.000000	0.000000	0.000000	0.000000	0.000000	0.000000
-0.913228	-0.826302	-0.000000	-0.732004	0.000000	0.000000	0.000000	0.000000	0.000000	0.000000
-0.913228	-0.826273	-0.000000	-0.831742	0.000000	0.000000	0.000000	0.000000	0.000000	0.000000
-0.913228	-0.826270	-0.000000	-0.831044	0.000000	0.000000	0.000000	0.000000	0.000000	0.000000
-0.913228	-0.826312	-0.000000	-0.831742	0.000000	0.000000	0.000000	0.000000	0.000000	0.000000
-0.913228	-0.826303	-0.000000	-0.829588	0.000000	0.000000	0.000000	0.000000	0.000000	0.000000
-0.913228	-0.826163	-0.000000	-0.831742	0.000000	0.000000	0.000000	0.000000	0.000000	0.000000
-0.913228	-0.826233	-0.000000	-0.831738	0.000000	0.000000	0.000000	0.000000	0.000000	0.000000
-0.913228	-0.826289	-0.000000	-0.831742	0.000000	0.000000	0.000000	0.000000	0.000000	0.000000
-0.913228	-0.826258	-0.000000	-0.831742	0.000000	0.000000	0.000000	0.000000	0.000000	0.000000
-0.913228	-0.826225	0.000000	-0.831742	0.000000	0.000000	0.000000	0.000000	0.000000	0.000000
-0.913229	-0.826303	-0.000000	-0.831742	0.000000	0.000000	0.000000	0.000000	0.000000	0.000000
-0.913228	-0.826312	0.000000	-0.831742	0.000000	0.000000	0.000000	0.000000	0.000000	0.000000
-0.913228	-0.826339	-0.000000	-0.831742	0.000000	0.000000	0.000000	0.000000	0.000000	0.000000
-0.913228	-0.826317	-0.000000	-0.831742	0.000000	0.000000	0.000000	0.000000	0.000000	0.000000
-0.913228	-0.826168	0.000000	-0.831742	0.000000	0.000000	0.000000	0.000000	0.000000	0.000000
-0.913228	-0.826322	0.000000	-0.826595	0.000000	0.000000	0.000000	0.000000	0.000000	0.000000
-0.913228	-0.826261	-0.000000	-0.831513	0.000000	0.000000	0.000000	0.000000	0.000000	0.000000
-0.913228	-0.826243	0.000000	-0.831740	0.000000	0.000000	0.000000	0.000000	0.000000	0.000000
-0.913228	-0.826261	-0.000000	-0.831742	0.000000	0.000000	0.000000	0.000000	0.000000	0.000000
-0.913228	-0.826201	0.000000	-0.831741	0.000000	0.000000	0.000000	0.000000	0.000000	0.000000
-0.913228	-0.826389	0.000000	-0.831739	0.000000	0.000000	0.000000	0.000000	0.000000	0.000000
-0.913228	-0.826225	-0.000000	-0.831742	0.000000	0.000000	0.000000	0.000000	0.000000	0.000000
-0.913228	-0.826268	0.000000	-0.831739	0.000000	0.000000	0.000000	0.000000	0.000000	0.000000
-0.913228	-0.826215	-0.000000	-0.831722	0.000000	0.000000	0.000000	0.000000	0.000000	0.000000
-0.913228	-0.826310	0.000000	-0.831742	0.000000	0.000000	0.000000	0.000000	0.000000	0.000000
-0.913228	-0.826328	-0.000000	-0.831740	0.000000	0.000000	0.000000	0.000000	0.000000	0.000000
-0.913228	-0.826241	-0.000000	-0.831742	0.000000	0.000000	0.000000	0.000000	0.000000	0.000000
-0.913228	-0.826319	-0.000000	-0.830507	0.000000	0.000000	0.000000	0.000000	0.000000	0.000000
-0.913228	-0.826158	0.000000	-0.831742	0.000000	0.000000	0.000000	0.000000	0.000000	0.000000
-0.913228	-0.826330	-0.000000	-0.831741	0.000000	0.000000	0.000000	0.000000	0.000000	0.000000
-0.913228	-0.826279	-0.000000	-0.831742	0.000000	0.000000	0.000000	0.000000	0.000000	0.000000
-0.913228	-0.826309	0.000000	-0.831742	0.000000	0.000000	0.000000	0.000000	0.000000	0.000000
-0.913228	-0.826272	0.000000	-0.831742	0.000000	0.000000	0.000000	0.000000	0.000000	0.000000
-0.913228	-0.826372	0.000000	-0.831742	0.000000	0.000000	0.000000	0.000000	0.000000	0.000000
-0.913228	-0.826380	-0.000000	-0.831742	0.000000	0.000000	0.000000	0.000000	0.000000	0.000000
-0.913228	-0.826226	0.000000	-0.831716	0.000000	0.000000	0.000000	0.000000	0.000000	0.000000
-0.913228	-0.826299	-0.000000	-0.831742	0.000000	0.000000	0.000000	0.000000	0.000000	0.000000
-0.913228	-0.826301	0.000000	-0.831712	0.000000	0.000000	0.000000	0.000000	0.000000	0.000000
-0.913228	-0.826261	-0.000000	-0.831652	0.000000	0.000000	0.000000	0.000000	0.000000	0.000000
-0.913228	-0.826296	-0.000000	-0.831742	0.000000	0.000000	0.000000	0.000000	0.000000	0.000000
-0.913228	-0.826188	0.000000	-0.831740	0.000000	0.000000	0.000000	0.000000	0.000000	0.000000
-0.913228	-0.826162	0.000000	-0.831742	0.000000	0.000000	0.000000	0.000000	0.000000	0.000000
-0.913228	-0.826156	0.000000	-0.831714	0.000000	0.000000	0.000000	0.000000	0.000000	0.000000
-0.913228	-0.826337	0.000000	-0.831742	0.000000	0.000000	0.000000	0.000000	0.000000	0.000000
-0.913228	-0.826320	0.000000	-0.831742	0.000000	0.000000	0.000000	0.000000	0.000000	0.000000
-0.913228	-0.826294	0.000000	-0.831742	0.000000	0.000000	0.000000	0.000000	0.000000	0.000000
-0.913228	-0.826170	0.000000	-0.831742	0.000000	0.000000	0.000000	0.000000	0.000000	0.000000
-0.913228	-0.826109	0.000000	-0.831742	0.000000	0.000000	0.000000	0.000000	0.000000	0.000000
-0.913228	-0.826247	-0.000000	-0.831742	0.000000	0.000000	0.000000	0.000000	0.000000	0.000000
-0.913228	-0.826208	-0.000000	-0.831742	0.000000	0.000000	0.000000	0.000000	0.000000	0.000000
-0.913228	-0.826203	-0.000000	-0.831742	0.000000	0.000000	0.000000	0.000000	0.000000	0.000000
-0.913228	-0.826148	0.000000	-0.831742	0.000000	0.000000	0.000000	0.000000	0.000000	0.000000
-0.913228	-0.826226	-0.000000	-0.815189	0.000000	0.000000	0.000000	0.000000	0.000000	0.000000
-0.913228	-0.826310	0.000000	-0.831742	0.000000	0.000000	0.000000	0.000000	0.000000	0.000000
-0.913228	-0.826223	0.000000	-0.831742	0.000000	0.000000	0.000000	0.000000	0.000000	0.000000
-0.913228	-0.826239	-0.000000	-0.831742	0.000000	0.000000	0.000000	0.000000	0.000000	0.000000
-0.913228	-0.826233	-0.000000	-0.831742	0.000000	0.000000	0.000000	0.000000	0.000000	0.000000
-0.913228	-0.826233	0.000000	-0.831741	0.000000	0.000000	0.000000	0.000000	0.000000	0.000000
-0.913228	-0.826338	0.000000	-0.831742	0.000000	0.000000	0.000000	0.000000	0.000000	0.000000
-0.913228	-0.826281	-0.000000	-0.831742	0.000000	0.000000	0.000000	0.000000	0.000000	0.000000
-0.913228	-0.826157	0.000000	-0.831741	0.000000	0.000000	0.000000	0.000000	0.000000	0.000000
-0.913228	-0.826173	-0.000000	-0.831742	0.000000	0.000000	0.000000	0.000000	0.000000	0.000000
-0.913228	-0.826177	0.000000	-0.831491	0.000000	0.000000	0.000000	0.000000	0.000000	0.000000
-0.913228	-0.826213	0.000000	-0.831694	0.000000	0.000000	0.000000	0.000000	0.000000	0.000000
-0.913228	-0.826284	0.000000	-0.831742	0.000000	0.000000	0.000000	0.000000	0.000000	0.000000
-0.913228	-0.826299	-0.000000	-0.831732	0.000000	0.000000	0.000000	0.000000	0.000000	0.000000
-0.913228	-0.826243	-0.000000	-0.831740	0.000000	0.000000	0.000000	0.000000	0.000000	0.000000
-0.913228	-0.826262	0.000000	-0.831742	0.000000	0.000000	0.000000	0.000000	0.000000	0.000000
-0.913228	-0.826362	-0.000000	-0.831742	0.000000	0.000000	0.000000	0.000000	0.000000	0.000000
-0.913228	-0.826198	-0.000000	-0.782858	0.000000	0.000000	0.000000	0.000000	0.000000	0.000000
-0.913228	-0.826349	0.000000	-0.831742	0.000000	0.000000	0.000000	0.000000	0.000000	0.000000
-0.913228	-0.826355	-0.000000	-0.831742	0.000000	0.000000	0.000000	0.000000	0.000000	0.000000
-0.913228	-0.826143	0.000000	-0.831742	0.000000	0.000000	0.000000	0.000000	0.000000	0.000000
-0.913228	-0.826181	-0.000000	-0.831490	0.000000	0.000000	0.000000	0.000000	0.000000	0.000000
-0.913228	-0.826172	-0.000000	-0.728858	0.000000	0.000000	0.000000	0.000000	0.000000	0.000000
-0.913228	-0.826346	-0.000000	-0.831742	0.000000	0.000000	0.000000	0.000000	0.000000	0.000000
-0.913228	-0.826363	-0.000000	-0.831737	0.000000	0.000000	0.000000	0.000000	0.000000	0.000000
-0.913228	-0.826248	-0.000000	-0.831742	0.000000	0.000000	0.000000	0.000000	0.000000	0.000000
-0.913228	-0.826324	0.000000	-0.831742	0.000000	0.000000	0.000000	0.000000	0.000000	0.000000
-0.913228	-0.826100	-0.000000	-0.831742	0.000000	0.000000	0.000000	0.000000	0.000000	0.000000
-0.913228	-0.826236	0.000000	-0.796596	0.000000	0.000000	0.000000	0.000000	0.000000	0.000000
-0.913228	-0.826230	0.000000	-0.831742	0.000000	0.000000	0.000000	0.000000	0.000000	0.000000
-0.913228	-0.826353	-0.000000	-0.831734	0.000000	0.000000	0.000000	0.000000	0.000000	0.000000
-0.913228	-0.826251	0.000000	-0.831742	0.000000	0.000000	0.000000	0.000000	0.000000	0.000000
-0.913228	-0.826187	0.000000	-0.831739	0.000000	0.000000	0.000000	0.000000	0.000000	0.000000
-0.913228	-0.826210	0.000000	-0.831742	0.000000	0.000000	0.000000	0.000000	0.000000	0.000000
-0.913228	-0.826163	-0.000000	-0.831742	0.000000	0.000000	0.000000	0.000000	0.000000	0.000000
-0.913228	-0.826186	-0.000000	-0.831742	0.000000	0.000000	0.000000	0.000000	0.000000	0.000000
-0.913228	-0.826311	-0.000000	-0.831742	0.000000	0.000000	0.000000	0.000000	0.000000	0.000000
-0.913228	-0.826163	-0.000000	-0.831740	0.000000	0.000000	0.000000	0.000000	0.000000	0.000000
-0.913228	-0.826349	-0.000000	-0.831517	0.000000	0.000000	0.000000	0.000000	0.000000	0.000000
-0.913228	-0.826322	0.000000	-0.831741	0.000000	0.000000	0.000000	0.000000	0.000000	0.000000
-0.913228	-0.826312	0.000000	-0.831741	0.000000	0.000000	0.000000	0.000000	0.000000	0.000000
-0.913228	-0.826150	0.000000	-0.831689	0.000000	0.000000	0.000000	0.000000	0.000000	0.000000
-0.913228	-0.826247	0.000000	-0.831742	0.000000	0.000000	0.000000	0.000000	0.000000	0.000000
-0.913228	-0.826227	0.000000	-0.830901	0.000000	0.000000	0.000000	0.000000	0.000000	0.000000
-0.913228	-0.826208	0.000000	-0.831742	0.000000	0.000000	0.000000	0.000000	0.000000	0.000000
-0.913228	-0.826254	0.000000	-0.831742	0.000000	0.000000	0.000000	0.000000	0.000000	0.000000
-0.913228	-0.826305	0.000000	-0.831742	0.000000	0.000000	0.000000	0.000000	0.000000	0.000000
-0.913228	-0.826316	-0.000000	-0.831742	0.000000	0.000000	0.000000	0.000000	0.000000	0.000000
-0.913228	-0.826292	0.000000	-0.831742	0.000000	0.000000	0.000000	0.000000	0.000000	0.000000
-0.913228	-0.825834	0.000000	-0.831623	0.000000	0.000000	0.000000	0.000000	0.000000	0.000000
-0.913228	-0.826291	-0.000000	-0.831742	0.000000	0.000000	0.000000	0.000000	0.000000	0.000000
-0.913228	-0.826237	-0.000000	-0.831725	0.000000	0.000000	0.000000	0.000000	0.000000	0.000000
-0.913228	-0.826238	0.000000	-0.831742	0.000000	0.000000	0.000000	0.000000	0.000000	0.000000
-0.913228	-0.826221	-0.000000	-0.831742	0.000000	0.000000	0.000000	0.000000	0.000000	0.000000
-0.913228	-0.826323	0.000000	-0.831742	0.000000	0.000000	0.000000	0.000000	0.000000	0.000000
-0.913228	-0.826319	-0.000000	-0.831741	0.000000	0.000000	0.000000	0.000000	0.000000	0.000000
-0.913228	-0.826261	-0.000000	-0.831742	0.000000	0.000000	0.000000	0.000000	0.000000	0.000000
-0.913228	-0.826186	-0.000000	-0.831742	0.000000	0.000000	0.000000	0.000000	0.000000	0.000000
-0.913228	-0.826193	-0.000000	-0.831640	0.000000	0.000000	0.000000	0.000000	0.000000	0.000000
-0.913228	-0.826277	-0.000000	-0.831742	0.000000	0.000000	0.000000	0.000000	0.000000	0.000000
-0.913228	-0.826297	0.000000	-0.831742	0.000000	0.000000	0.000000	0.000000	0.000000	0.000000
-0.913228	-0.826279	0.000000	-0.831419	0.000000	0.000000	0.000000	0.000000	0.000000	0.000000
-0.913228	-0.826241	-0.000000	-0.831738	0.000000	0.000000	0.000000	0.000000	0.000000	0.000000
-0.913228	-0.826210	-0.000000	-0.831740	0.000000	0.000000	0.000000	0.000000	0.000000	0.000000
-0.913228	-0.826218	-0.000000	-0.831742	0.000000	0.000000	0.000000	0.000000	0.000000	0.000000
-0.913228	-0.826294	-0.000000	-0.831742	0.000000	0.000000	0.000000	0.000000	0.000000	0.000000
-0.913228	-0.826199	-0.000000	-0.831742	0.000000	0.000000	0.000000	0.000000	0.000000	0.000000
-0.913228	-0.826227	-0.000000	-0.831742	0.000000	0.000000	0.000000	0.000000	0.000000	0.000000
-0.913228	-0.826298	0.000000	-0.831742	0.000000	0.000000	0.000000	0.000000	0.000000	0.000000
-0.913228	-0.826304	-0.000000	-0.831741	0.000000	0.000000	0.000000	0.000000	0.000000	0.000000
-0.913228	-0.826166	0.000000	-0.831742	0.000000	0.000000	0.000000	0.000000	0.000000	0.000000
-0.913228	-0.826248	-0.000000	-0.825382	0.000000	0.000000	0.000000	0.000000	0.000000	0.000000
-0.913228	-0.826228	-0.000000	-0.831742	0.000000	0.000000	0.000000	0.000000	0.000000	0.000000
-0.913228	-0.826294	-0.000000	-0.831742	0.000000	0.000000	0.000000	0.000000	0.000000	0.000000
-0.913228	-0.826289	0.000000	-0.831742	0.000000	0.000000	0.000000	0.000000	0.000000	0.000000
-0.913228	-0.826197	-0.000000	-0.831742	0.000000	0.000000	0.000000	0.000000	0.000000	0.000000
-0.913228	-0.826247	0.000000	-0.831741	0.000000	0.000000	0.000000	0.000000	0.000000	0.000000
-0.913228	-0.826286	0.000000	-0.831742	0.000000	0.000000	0.000000	0.000000	0.000000	0.000000
-0.913228	-0.826143	-0.000000	-0.831741	0.000000	0.000000	0.000000	0.000000	0.000000	0.000000
-0.913228	-0.826220	-0.000000	-0.831601	0.000000	0.000000	0.000000	0.000000	0.000000	0.000000
-0.913228	-0.826313	-0.000000	-0.831742	0.000000	0.000000	0.000000	0.000000	0.000000	0.000000
-0.913228	-0.826298	0.000000	-0.831742	0.000000	0.000000	0.000000	0.000000	0.000000	0.000000
-0.913228	-0.826254	0.000000	-0.831742	0.000000	0.000000	0.000000	0.000000	0.000000	0.000000
-0.913228	-0.826244	-0.000000	-0.831742	0.000000	0.000000	0.000000	0.000000	0.000000	0.000000
-0.913228	-0.826274	0.000000	-0.831740	0.000000	0.000000	0.000000	0.000000	0.000000	0.000000
-0.913228	-0.826209	-0.000000	-0.831742	0.000000	0.000000	0.000000	0.000000	0.000000	0.000000
-0.913228	-0.826265	-0.000000	-0.831740	0.000000	0.000000	0.000000	0.000000	0.000000	0.000000
-0.913228	-0.826228	0.000000	-0.831742	0.000000	0.000000	0.000000	0.000000	0.000000	0.000000
-0.913228	-0.826280	-0.000000	-0.831742	0.000000	0.000000	0.000000	0.000000	0.000000	0.000000
-0.913228	-0.826273	-0.000000	-0.831742	0.000000	0.000000	0.000000	0.000000	0.000000	0.000000
-0.913228	-0.826332	0.000000	-0.831742	0.000000	0.000000	0.000000	0.000000	0.000000	0.000000
-0.913228	-0.826298	0.000000	-0.831742	0.000000	0.000000	0.000000	0.000000	0.000000	0.000000
-0.913228	-0.826351	0.000000	-0.831738	0.000000	0.000000	0.000000	0.000000	0.000000	0.000000
-0.913228	-0.826202	-0.000000	-0.831742	0.000000	0.000000	0.000000	0.000000	0.000000	0.000000
-0.913228	-0.826264	-0.000000	-0.831742	0.000000	0.000000	0.000000	0.000000	0.000000	0.000000
-0.913228	-0.826202	-0.000000	-0.831742	0.000000	0.000000	0.000000	0.000000	0.000000	0.000000
-0.913228	-0.826234	0.000000	-0.831742	0.000000	0.000000	0.000000	0.000000	0.000000	0.000000
-0.913228	-0.826322	0.000000	-0.831742	0.000000	0.000000	0.000000	0.000000	0.000000	0.000000
-0.913228	-0.826253	0.000000	-0.831742	0.000000	0.000000	0.000000	0.000000	0.000000	0.000000
-0.913228	-0.826239	0.000000	-0.831742	0.000000	0.000000	0.000000	0.000000	0.000000	0.000000
-0.913228	-0.826302	-0.000000	-0.831742	0.000000	0.000000	0.000000	0.000000	0.000000	0.000000
-0.913228	-0.826277	-0.000000	-0.831742	0.000000	0.000000	0.000000	0.000000	0.000000	0.000000
-0.913228	-0.826280	0.000000	-0.831741	0.000000	0.000000	0.000000	0.000000	0.000000	0.000000
-0.913228	-0.826254	0.000000	-0.831742	0.000000	0.000000	0.000000	0.000000	0.000000	0.000000
-0.913228	-0.826229	-0.000000	-0.831742	0.000000	0.000000	0.000000	0.000000	0.000000	0.000000
-0.913228	-0.826210	-0.000000	-0.831742	0.000000	0.000000	0.000000	0.000000	0.000000	0.000000
