-0.958105	-0.824452	-0.802035	0.760598	0.000000	0.000000	0.000000	0.000000	0.000000	0.000000
-0.958105	-0.824452	-0.802034	0.759460	0.000000	0.000000	0.000000	0.000000	0.000000	0.000000
-0.958105	-0.824452	-0.802034	0.758626	0.000000	0.000000	0.000000	0.000000	0.000000	0.000000
-0.958105	-0.824452	-0.763263	0.746127	0.000000	0.000000	0.000000	0.000000	0.000000	0.000000
-0.958105	-0.824452	-0.802005	0.760390	0.000000	0.000000	0.000000	0.000000	0.000000	0.000000
-0.958105	-0.824452	-0.802026	0.760211	0.000000	0.000000	0.000000	0.000000	0.000000	0.000000
-0.958105	-0.824452	-0.802028	0.760728	0.000000	0.000000	0.000000	0.000000	0.000000	0.000000
-0.958105	-0.824452	-0.801234	0.759549	0.000000	0.000000	0.000000	0.000000	0.000000	0.000000
-0.958105	-0.824452	-0.802037	0.760206	0.000000	0.000000	0.000000	0.000000	0.000000	0.000000
-0.958105	-0.824452	-0.802035	0.759659	0.000000	0.000000	0.000000	0.000000	0.000000	0.000000
-0.958105	-0.824452	-0.802037	0.760071	0.000000	0.000000	0.000000	0.000000	0.000000	0.000000
-0.958105	-0.824452	-0.802030	0.760159	0.000000	0.000000	0.000000	0.000000	0.000000	0.000000
-0.958105	-0.824452	-0.802037	0.759357	0.000000	0.000000	0.000000	0.000000	0.000000	0.000000
-0.958105	-0.824452	-0.802035	0.760130	0.000000	0.000000	0.000000	0.000000	0.000000	0.000000
-0.958105	-0.824452	-0.802037	0.757386	0.000000	0.000000	0.000000	0.000000	0.000000	0.000000
-0.958105	-0.824452	-0.802035	0.760828	0.000000	0.000000	0.000000	0.000000	0.000000	0.000000
-0.958105	-0.824452	-0.802034	0.755469	0.000000	0.000000	0.000000	0.000000	0.000000	0.000000
-0.958105	-0.824452	-0.802037	0.760420	0.000000	0.000000	0.000000	0.000000	0.000000	0.000000
-0.958105	-0.824452	-0.802036	0.753495	0.000000	0.000000	0.000000	0.000000	0.000000	0.000000
-0.958105	-0.824452	-0.802037	0.760536	0.000000	0.000000	0.000000	0.000000	0.000000	0.000000
-0.958105	-0.824452	-0.752928	0.760040	0.000000	0.000000	0.000000	0.000000	0.000000	0.000000
-0.958105	-0.824452	-0.802036	0.761126	0.000000	0.000000	0.000000	0.000000	0.000000	0.000000
-0.958105	-0.824452	-0.802029	0.759461	0.000000	0.000000	0.000000	0.000000	0.000000	0.000000
-0.958105	-0.824452	-0.802015	0.735710	0.000000	0.000000	0.000000	0.000000	0.000000	0.000000
-0.958105	-0.824452	-0.801860	0.760607	0.000000	0.000000	0.000000	0.000000	0.000000	0.000000
-0.958105	-0.824452	-0.799670	0.760667	0.000000	0.000000	0.000000	0.000000	0.000000	0.000000
-0.958105	-0.824452	-0.802034	0.760021	0.000000	0.000000	0.000000	0.000000	0.000000	0.000000
-0.958105	-0.824452	-0.802037	0.759368	0.000000	0.000000	0.000000	0.000000	0.000000	0.000000
-0.958105	-0.824452	-0.801878	0.760202	0.000000	0.000000	0.000000	0.000000	0.000000	0.000000
-0.958105	-0.824442	-0.802035	0.760325	0.000000	0.000000	0.000000	0.000000	0.000000	0.000000
-0.958105	-0.824452	-0.802037	0.759876	0.000000	0.000000	0.000000	0.000000	0.000000	0.000000
-0.958105	-0.824446	-0.798585	0.705626	0.000000	0.000000	0.000000	0.000000	0.000000	0.000000
-0.958105	-0.824453	-0.802036	0.760528	0.000000	0.000000	0.000000	0.000000	0.000000	0.000000
-0.958105	-0.824452	-0.802033	0.760150	0.000000	0.000000	0.000000	0.000000	0.000000	0.000000
-0.958105	-0.824452	-0.802037	0.761313	0.000000	0.000000	0.000000	0.000000	0.000000	0.000000
-0.958105	-0.824453	-0.802034	0.760166	0.000000	0.000000	0.000000	0.000000	0.000000	0.000000
-0.958105	-0.824400	-0.802037	0.758569	0.000000	0.000000	0.000000	0.000000	0.000000	0.000000
-0.958105	-0.817479	-0.801383	0.686735	0.000000	0.000000	0.000000	0.000000	0.000000	0.000000
-0.958105	-0.824449	-0.802037	0.760096	0.000000	0.000000	0.000000	0.000000	0.000000	0.000000
-0.958105	-0.824452	-0.798053	0.753511	0.000000	0.000000	0.000000	0.000000	0.000000	0.000000
-0.958105	-0.824453	-0.801903	0.759833	0.000000	0.000000	0.000000	0.000000	0.000000	0.000000
-0.958105	-0.824452	-0.802037	0.759574	0.000000	0.000000	0.000000	0.000000	0.000000	0.000000
-0.958105	-0.824452	-0.802037	0.760141	0.000000	0.000000	0.000000	0.000000	0.000000	0.000000
-0.958105	-0.824448	-0.801493	0.760039	0.000000	0.000000	0.000000	0.000000	0.000000	0.000000
-0.958105	-0.824452	-0.798888	0.746166	0.000000	0.000000	0.000000	0.000000	0.000000	0.000000
-0.958105	-0.824452	-0.802021	0.759497	0.000000	0.000000	0.000000	0.000000	0.000000	0.000000
-0.958105	-0.824452	-0.802037	0.760223	0.000000	0.000000	0.000000	0.000000	0.000000	0.000000
-0.958105	-0.824452	-0.802037	0.759471	0.000000	0.000000	0.000000	0.000000	0.000000	0.000000
-0.958105	-0.824452	-0.802037	0.760248	0.000000	0.000000	0.000000	0.000000	0.000000	0.000000
-0.958105	-0.824452	-0.802036	0.760415	0.000000	0.000000	0.000000	0.000000	0.000000	0.000000
-0.958105	-0.824452	-0.801989	0.671924	0.000000	0.000000	0.000000	0.000000	0.000000	0.000000
-0.958105	-0.824452	-0.802022	0.750476	0.000000	0.000000	0.000000	0.000000	0.000000	0.000000
-0.958105	-0.824452	-0.793645	0.759838	0.000000	0.000000	0.000000	0.000000	0.000000	0.000000
-0.958105	-0.824449	-0.802037	0.760377	0.000000	0.000000	0.000000	0.000000	0.000000	0.000000
-0.958105	-0.824452	-0.802003	0.760357	0.000000	0.000000	0.000000	0.000000	0.000000	0.000000
-0.958105	-0.824452	-0.802036	0.756969	0.000000	0.000000	0.000000	0.000000	0.000000	0.000000
-0.958105	-0.824452	-0.801991	0.757232	0.000000	0.000000	0.000000	0.000000	0.000000	0.000000
-0.958105	-0.824452	-0.801981	0.747271	0.000000	0.000000	0.000000	0.000000	0.000000	0.000000
-0.958105	-0.824452	-0.802037	0.759142	0.000000	0.000000	0.000000	0.000000	0.000000	0.000000
-0.958105	-0.824452	-0.802037	0.759090	0.000000	0.000000	0.000000	0.000000	0.000000	0.000000
-0.958105	-0.824452	-0.802021	0.759465	0.000000	0.000000	0.000000	0.000000	0.000000	0.000000
-0.958105	-0.824452	-0.773964	0.759260	0.000000	0.000000	0.000000	0.000000	0.000000	0.000000
-0.958105	-0.824452	-0.801318	0.760926	0.000000	0.000000	0.000000	0.000000	0.000000	0.000000
-0.958105	-0.824452	-0.802037	0.760144	0.000000	0.000000	0.000000	0.000000	0.000000	0.000000
-0.958105	-0.824452	-0.801851	0.760484	0.000000	0.000000	0.000000	0.000000	0.000000	0.000000
-0.958105	-0.824452	-0.802037	0.758814	0.000000	0.000000	0.000000	0.000000	0.000000	0.000000
-0.958105	-0.824452	-0.802036	0.755259	0.000000	0.000000	0.000000	0.000000	0.000000	0.000000
-0.958105	-0.824397	-0.802037	0.760537	0.000000	0.000000	0.000000	0.000000	0.000000	0.000000
-0.958105	-0.824452	-0.802026	0.757247	0.000000	0.000000	0.000000	0.000000	0.000000	0.000000
-0.958105	-0.824452	-0.691916	0.756609	0.000000	0.000000	0.000000	0.000000	0.000000	0.000000
-0.958105	-0.824452	-0.801519	0.759982	0.000000	0.000000	0.000000	0.000000	0.000000	0.000000
-0.958105	-0.824452	-0.801800	0.760087	0.000000	0.000000	0.000000	0.000000	0.000000	0.000000
-0.958105	-0.824452	-0.802037	0.760743	0.000000	0.000000	0.000000	0.000000	0.000000	0.000000
-0.958105	-0.824453	-0.789004	0.760768	0.000000	0.000000	0.000000	0.000000	0.000000	0.000000
-0.958105	-0.824450	-0.801942	0.759366	0.000000	0.000000	0.000000	0.000000	0.000000	0.000000
-0.958105	-0.824452	-0.802027	0.759430	0.000000	0.000000	0.000000	0.000000	0.000000	0.000000
-0.958105	-0.824452	-0.802027	0.759526	0.000000	0.000000	0.000000	0.000000	0.000000	0.000000
-0.958105	-0.824452	-0.586797	0.760369	0.000000	0.000000	0.000000	0.000000	0.000000	0.000000
-0.958105	-0.824452	-0.801990	0.759553	0.000000	0.000000	0.000000	0.000000	0.000000	0.000000
-0.958105	-0.824452	-0.802036	0.760166	0.000000	0.000000	0.000000	0.000000	0.000000	0.000000
-0.958105	-0.824452	-0.802037	0.761234	0.000000	0.000000	0.000000	0.000000	0.000000	0.000000
-0.958105	-0.824452	-0.802037	0.757237	0.000000	0.000000	0.000000	0.000000	0.000000	0.000000
-0.958105	-0.824453	-0.802036	0.759199	0.000000	0.000000	0.000000	0.000000	0.000000	0.000000
-0.958105	-0.824452	-0.802037	0.759816	0.000000	0.000000	0.000000	0.000000	0.000000	0.000000
-0.958105	-0.824452	-0.801614	0.052575	0.000000	0.000000	0.000000	0.000000	0.000000	0.000000
-0.958105	-0.824452	-0.801996	0.757838	0.000000	0.000000	0.000000	0.000000	0.000000	0.000000
-0.958105	-0.824448	-0.802037	0.759257	0.000000	0.000000	0.000000	0.000000	0.000000	0.000000
-0.958105	-0.824452	-0.802002	0.739490	0.000000	0.000000	0.000000	0.000000	0.000000	0.000000
-0.958105	-0.824452	-0.802037	0.759188	0.000000	0.000000	0.000000	0.000000	0.000000	0.000000
-0.958105	-0.824452	-0.802032	0.755168	0.000000	0.000000	0.000000	0.000000	0.000000	0.000000
-0.958105	-0.824453	-0.802006	0.757812	0.000000	0.000000	0.000000	0.000000	0.000000	0.000000
-0.958105	-0.824452	-0.801937	0.760684	0.000000	0.000000	0.000000	0.000000	0.000000	0.000000
-0.958105	-0.824453	-0.802014	0.753918	0.000000	0.000000	0.000000	0.000000	0.000000	0.000000
-0.958105	-0.824452	-0.801660	0.760933	0.000000	0.000000	0.000000	0.000000	0.000000	0.000000
-0.958105	-0.824452	-0.802037	0.759429	0.000000	0.000000	0.000000	0.000000	0.000000	0.000000
-0.958105	-0.824412	-0.799417	0.760460	0.000000	0.000000	0.000000	0.000000	0.000000	0.000000
-0.958105	-0.824452	-0.802036	0.760229	0.000000	0.000000	0.000000	0.000000	0.000000	0.000000
-0.958105	-0.824452	-0.802037	0.758766	0.000000	0.000000	0.000000	0.000000	0.000000	0.000000
-0.958105	-0.824452	-0.800478	0.759616	0.000000	0.000000	0.000000	0.000000	0.000000	0.000000
-0.958105	-0.824452	-0.802037	0.758059	0.000000	0.000000	0.000000	0.000000	0.000000	0.000000
-0.958105	-0.824452	-0.802035	0.759330	0.000000	0.000000	0.000000	0.000000	0.000000	0.000000
-0.958105	-0.824452	-0.802037	0.758400	0.000000	0.000000	0.000000	0.000000	0.000000	0.000000
-0.958105	-0.824452	-0.802025	0.759543	0.000000	0.000000	0.000000	0.000000	0.000000	0.000000
-0.958105	-0.824452	-0.797291	0.760525	0.000000	0.000000	0.000000	0.000000	0.000000	0.000000
-0.958105	-0.824452	-0.802037	0.581213	0.000000	0.000000	0.000000	0.000000	0.000000	0.000000
-0.958105	-0.824452	-0.802036	0.759822	0.000000	0.000000	0.000000	0.000000	0.000000	0.000000
-0.958105	-0.824452	-0.802034	0.760127	0.000000	0.000000	0.000000	0.000000	0.000000	0.000000
-0.958105	-0.824452	-0.802034	0.759634	0.000000	0.000000	0.000000	0.000000	0.000000	0.000000
-0.958105	-0.824452	-0.801684	0.760009	0.000000	0.000000	0.000000	0.000000	0.000000	0.000000
-0.958105	-0.824452	-0.801226	0.748454	0.000000	0.000000	0.000000	0.000000	0.000000	0.000000
-0.958105	-0.824451	-0.801938	0.760694	0.000000	0.000000	0.000000	0.000000	0.000000	0.000000
-0.958105	-0.824452	-0.802025	0.760561	0.000000	0.000000	0.000000	0.000000	0.000000	0.000000
-0.958105	-0.824452	-0.801975	0.760660	0.000000	0.000000	0.000000	0.000000	0.000000	0.000000
-0.958105	-0.824452	-0.802037	0.759916	0.000000	0.000000	0.000000	0.000000	0.000000	0.000000
-0.958105	-0.824452	-0.801673	0.760100	0.000000	0.000000	0.000000	0.000000	0.000000	0.000000
-0.958105	-0.824452	-0.801795	0.749893	0.000000	0.000000	0.000000	0.000000	0.000000	0.000000
-0.958105	-0.824452	-0.801838	0.759710	0.000000	0.000000	0.000000	0.000000	0.000000	0.000000
-0.958105	-0.824452	-0.802036	0.759895	0.000000	0.000000	0.000000	0.000000	0.000000	0.000000
-0.958105	-0.824452	-0.801991	0.760039	0.000000	0.000000	0.000000	0.000000	0.000000	0.000000
-0.958105	-0.824452	-0.802011	0.761015	0.000000	0.000000	0.000000	0.000000	0.000000	0.000000
-0.958105	-0.824452	-0.802036	0.759879	0.000000	0.000000	0.000000	0.000000	0.000000	0.000000
-0.958105	-0.824452	-0.802037	0.759231	0.000000	0.000000	0.000000	0.000000	0.000000	0.000000
-0.958105	-0.824452	-0.802001	0.744487	0.000000	0.000000	0.000000	0.000000	0.000000	0.000000
-0.958105	-0.824453	-0.802037	0.761040	0.000000	0.000000	0.000000	0.000000	0.000000	0.000000
-0.958105	-0.824452	-0.802034	0.759849	0.000000	0.000000	0.000000	0.000000	0.000000	0.000000
-0.958105	-0.824452	-0.802037	0.760078	0.000000	0.000000	0.000000	0.000000	0.000000	0.000000
-0.958105	-0.824452	-0.802037	0.749022	0.000000	0.000000	0.000000	0.000000	0.000000	0.000000
-0.958105	-0.824452	-0.802035	0.759213	0.000000	0.000000	0.000000	0.000000	0.000000	0.000000
-0.958105	-0.824452	-0.801833	0.760839	0.000000	0.000000	0.000000	0.000000	0.000000	0.000000
-0.958105	-0.824452	-0.802037	0.754929	0.000000	0.000000	0.000000	0.000000	0.000000	0.000000
-0.958105	-0.824452	-0.802037	0.759430	0.000000	0.000000	0.000000	0.000000	0.000000	0.000000
-0.958105	-0.824452	-0.801953	0.760983	0.000000	0.000000	0.000000	0.000000	0.000000	0.000000
-0.958105	-0.824452	-0.801491	0.595300	0.000000	0.000000	0.000000	0.000000	0.000000	0.000000
-0.958105	-0.824452	-0.802036	0.760438	0.000000	0.000000	0.000000	0.000000	0.000000	0.000000
-0.958105	-0.824452	-0.801997	0.760433	0.000000	0.000000	0.000000	0.000000	0.000000	0.000000
-0.958105	-0.824452	-0.802036	0.759871	0.000000	0.000000	0.000000	0.000000	0.000000	0.000000
-0.958105	-0.824452	-0.800687	0.717389	0.000000	0.000000	0.000000	0.000000	0.000000	0.000000
-0.958105	-0.824452	-0.801466	0.745009	0.000000	0.000000	0.000000	0.000000	0.000000	0.000000
-0.958105	-0.824452	-0.802037	0.760071	0.000000	0.000000	0.000000	0.000000	0.000000	0.000000
-0.958105	-0.824452	-0.802037	0.760987	0.000000	0.000000	0.000000	0.000000	0.000000	0.000000
-0.958105	-0.824452	-0.802037	0.675633	0.000000	0.000000	0.000000	0.000000	0.000000	0.000000
-0.958105	-0.824452	-0.802034	0.749456	0.000000	0.000000	0.000000	0.000000	0.000000	0.000000
-0.958105	-0.824452	-0.802037	0.757508	0.000000	0.000000	0.000000	0.000000	0.000000	0.000000
-0.958105	-0.824452	-0.798760	0.758478	0.000000	0.000000	0.000000	0.000000	0.000000	0.000000
-0.958105	-0.824451	-0.802036	0.637470	0.000000	0.000000	0.000000	0.000000	0.000000	0.000000
-0.958105	-0.824452	-0.801970	0.760497	0.000000	0.000000	0.000000	0.000000	0.000000	0.000000
-0.958105	-0.824452	-0.802032	0.760787	0.000000	0.000000	0.000000	0.000000	0.000000	0.000000
-0.958105	-0.824452	-0.802037	0.760397	0.000000	0.000000	0.000000	0.000000	0.000000	0.000000
-0.958105	-0.824452	-0.801927	0.700555	0.000000	0.000000	0.000000	0.000000	0.000000	0.000000
-0.958105	-0.824452	-0.802036	0.759773	0.000000	0.000000	0.000000	0.000000	0.000000	0.000000
-0.958105	-0.824452	-0.802026	0.756951	0.000000	0.000000	0.000000	0.000000	0.000000	0.000000
-0.958105	-0.824452	-0.802037	0.760497	0.000000	0.000000	0.000000	0.000000	0.000000	0.000000
-0.958105	-0.824452	-0.802008	0.760357	0.000000	0.000000	0.000000	0.000000	0.000000	0.000000
-0.958105	-0.824452	-0.802037	0.760015	0.000000	0.000000	0.000000	0.000000	0.000000	0.000000
-0.958105	-0.824451	-0.802004	0.760553	0.000000	0.000000	0.000000	0.000000	0.000000	0.000000
-0.958105	-0.824452	-0.801953	0.761855	0.000000	0.000000	0.000000	0.000000	0.000000	0.000000
-0.958105	-0.824452	-0.802037	0.629240	0.000000	0.000000	0.000000	0.000000	0.000000	0.000000
-0.958105	-0.824452	-0.802037	0.751984	0.000000	0.000000	0.000000	0.000000	0.000000	0.000000
-0.958105	-0.824452	-0.802037	0.760747	0.000000	0.000000	0.000000	0.000000	0.000000	0.000000
-0.958105	-0.824452	-0.802036	0.758794	0.000000	0.000000	0.000000	0.000000	0.000000	0.000000
-0.958105	-0.824452	-0.802037	0.760150	0.000000	0.000000	0.000000	0.000000	0.000000	0.000000
-0.958105	-0.824452	-0.802037	0.760943	0.000000	0.000000	0.000000	0.000000	0.000000	0.000000
-0.958105	-0.824452	-0.802022	0.760635	0.000000	0.000000	0.000000	0.000000	0.000000	0.000000
-0.958105	-0.824452	-0.801700	0.594464	0.000000	0.000000	0.000000	0.000000	0.000000	0.000000
-0.958105	-0.824452	-0.802037	0.758633	0.000000	0.000000	0.000000	0.000000	0.000000	0.000000
-0.958105	-0.824452	-0.802037	0.760499	0.000000	0.000000	0.000000	0.000000	0.000000	0.000000
-0.958105	-0.824452	-0.802037	0.759202	0.000000	0.000000	0.000000	0.000000	0.000000	0.000000
-0.958105	-0.824452	-0.802016	0.760723	0.000000	0.000000	0.000000	0.000000	0.000000	0.000000
-0.958105	-0.824452	-0.802001	0.754944	0.000000	0.000000	0.000000	0.000000	0.000000	0.000000
-0.958105	-0.824452	-0.802037	0.760230	0.000000	0.000000	0.000000	0.000000	0.000000	0.000000
-0.958105	-0.824452	-0.801408	0.760067	0.000000	0.000000	0.000000	0.000000	0.000000	0.000000
-0.958105	-0.824452	-0.802037	0.756287	0.000000	0.000000	0.000000	0.000000	0.000000	0.000000
-0.958105	-0.824452	-0.802037	0.759751	0.000000	0.000000	0.000000	0.000000	0.000000	0.000000
-0.958105	-0.824452	-0.802037	0.746775	0.000000	0.000000	0.000000	0.000000	0.000000	0.000000
-0.958105	-0.824452	-0.801927	0.683455	0.000000	0.000000	0.000000	0.000000	0.000000	0.000000
-0.958105	-0.824452	-0.802037	0.750957	0.000000	0.000000	0.000000	0.000000	0.000000	0.000000
-0.958105	-0.824452	-0.802036	0.752827	0.000000	0.000000	0.000000	0.000000	0.000000	0.000000
-0.958105	-0.824451	-0.802037	0.760629	0.000000	0.000000	0.000000	0.000000	0.000000	0.000000
-0.958105	-0.824452	-0.802034	0.755359	0.000000	0.000000	0.000000	0.000000	0.000000	0.000000
-0.958105	-0.824452	-0.802037	0.759217	0.000000	0.000000	0.000000	0.000000	0.000000	0.000000
-0.958105	-0.824452	-0.802036	0.758674	0.000000	0.000000	0.000000	0.000000	0.000000	0.000000
-0.958105	-0.824453	-0.802037	0.754224	0.000000	0.000000	0.000000	0.000000	0.000000	0.000000
-0.958105	-0.824452	-0.802036	0.760687	0.000000	0.000000	0.000000	0.000000	0.000000	0.000000
-0.958105	-0.824452	-0.802023	0.760882	0.000000	0.000000	0.000000	0.000000	0.000000	0.000000
-0.958105	-0.824452	-0.802027	0.760613	0.000000	0.000000	0.000000	0.000000	0.000000	0.000000
-0.958105	-0.824453	-0.792078	0.746951	0.000000	0.000000	0.000000	0.000000	0.000000	0.000000
-0.958105	-0.824452	-0.802037	0.760967	0.000000	0.000000	0.000000	0.000000	0.000000	0.000000
-0.958105	-0.824452	-0.802031	0.756820	0.000000	0.000000	0.000000	0.000000	0.000000	0.000000
-0.958105	-0.824452	-0.802032	0.760531	0.000000	0.000000	0.000000	0.000000	0.000000	0.000000
-0.958105	-0.824452	-0.802034	0.741477	0.000000	0.000000	0.000000	0.000000	0.000000	0.000000
-0.958105	-0.824452	-0.800125	0.760195	0.000000	0.000000	0.000000	0.000000	0.000000	0.000000
-0.958105	-0.824452	-0.802022	0.760465	0.000000	0.000000	0.000000	0.000000	0.000000	0.000000
-0.958105	-0.824452	-0.802008	0.694540	0.000000	0.000000	0.000000	0.000000	0.000000	0.000000
-0.958105	-0.824452	-0.796554	0.758759	0.000000	0.000000	0.000000	0.000000	0.000000	0.000000
-0.958105	-0.824452	-0.802001	0.759960	0.000000	0.000000	0.000000	0.000000	0.000000	0.000000
-0.958105	-0.824452	-0.802029	0.760755	0.000000	0.000000	0.000000	0.000000	0.000000	0.000000
-0.958105	-0.824452	-0.801801	0.755183	0.000000	0.000000	0.000000	0.000000	0.000000	0.000000
-0.958105	-0.824452	-0.802032	0.118089	0.000000	0.000000	0.000000	0.000000	0.000000	0.000000
-0.958105	-0.824452	-0.802037	0.761280	0.000000	0.000000	0.000000	0.000000	0.000000	0.000000
-0.958105	-0.824452	-0.802033	0.758025	0.000000	0.000000	0.000000	0.000000	0.000000	0.000000
-0.958105	-0.824452	-0.802037	0.760432	0.000000	0.000000	0.000000	0.000000	0.000000	0.000000
-0.958105	-0.824412	-0.624161	0.089964	0.000000	0.000000	0.000000	0.000000	0.000000	0.000000
-0.958105	-0.824452	-0.802030	0.760272	0.000000	0.000000	0.000000	0.000000	0.000000	0.000000
-0.958105	-0.824452	-0.802037	0.748496	0.000000	0.000000	0.000000	0.000000	0.000000	0.000000
-0.958105	-0.824452	-0.802037	0.731368	0.000000	0.000000	0.000000	0.000000	0.000000	0.000000
-0.958105	-0.824452	-0.802037	0.759533	0.000000	0.000000	0.000000	0.000000	0.000000	0.000000
-0.958105	-0.824452	-0.801955	0.759626	0.000000	0.000000	0.000000	0.000000	0.000000	0.000000
-0.958105	-0.824452	-0.799428	0.759581	0.000000	0.000000	0.000000	0.000000	0.000000	0.000000
-0.958105	-0.824452	-0.802037	0.757749	0.000000	0.000000	0.000000	0.000000	0.000000	0.000000
-0.958105	-0.824452	-0.802037	0.760290	0.000000	0.000000	0.000000	0.000000	0.000000	0.000000
-0.958105	-0.823992	-0.800856	0.759851	0.000000	0.000000	0.000000	0.000000	0.000000	0.000000
-0.958105	-0.824452	-0.802032	0.758451	0.000000	0.000000	0.000000	0.000000	0.000000	0.000000
-0.958105	-0.016722	-0.802034	0.761007	0.000000	0.000000	0.000000	0.000000	0.000000	0.000000
-0.958105	-0.824452	-0.801069	0.760524	0.000000	0.000000	0.000000	0.000000	0.000000	0.000000
-0.958105	-0.824452	-0.801997	0.759910	0.000000	0.000000	0.000000	0.000000	0.000000	0.000000
-0.958105	-0.824452	-0.802036	0.760842	0.000000	0.000000	0.000000	0.000000	0.000000	0.000000
-0.958105	-0.824452	-0.802026	0.760017	0.000000	0.000000	0.000000	0.000000	0.000000	0.000000
-0.958105	-0.824453	-0.802037	0.760783	0.000000	0.000000	0.000000	0.000000	0.000000	0.000000
-0.958105	-0.824452	-0.802037	0.758571	0.000000	0.000000	0.000000	0.000000	0.000000	0.000000
-0.958105	-0.824452	-0.802032	0.705095	0.000000	0.000000	0.000000	0.000000	0.000000	0.000000
-0.958105	-0.824452	-0.793024	0.760681	0.000000	0.000000	0.000000	0.000000	0.000000	0.000000
-0.958105	-0.824452	-0.801245	0.759906	0.000000	0.000000	0.000000	0.000000	0.000000	0.000000
-0.958105	-0.824452	-0.801919	0.759788	0.000000	0.000000	0.000000	0.000000	0.000000	0.000000
-0.958105	-0.824452	-0.802036	0.759661	0.000000	0.000000	0.000000	0.000000	0.000000	0.000000
-0.958105	-0.824452	-0.802015	0.761189	0.000000	0.000000	0.000000	0.000000	0.000000	0.000000
-0.958105	-0.824452	-0.802036	0.759763	0.000000	0.000000	0.000000	0.000000	0.000000	0.000000
-0.958105	-0.824452	-0.801643	0.759016	0.000000	0.000000	0.000000	0.000000	0.000000	0.000000
-0.958105	-0.824452	-0.802037	0.759958	0.000000	0.000000	0.000000	0.000000	0.000000	0.000000
-0.958105	-0.824452	-0.802031	0.282317	0.000000	0.000000	0.000000	0.000000	0.000000	0.000000
-0.958105	-0.824451	-0.802027	0.683503	0.000000	0.000000	0.000000	0.000000	0.000000	0.000000
-0.958105	-0.824452	-0.801542	0.759872	0.000000	0.000000	0.000000	0.000000	0.000000	0.000000
-0.958105	-0.824452	-0.795667	0.758163	0.000000	0.000000	0.000000	0.000000	0.000000	0.000000
-0.958105	-0.823417	-0.802034	0.759498	0.000000	0.000000	0.000000	0.000000	0.000000	0.000000
-0.958105	-0.824452	-0.801901	0.758659	0.000000	0.000000	0.000000	0.000000	0.000000	0.000000
-0.958105	-0.824452	-0.801972	0.761034	0.000000	0.000000	0.000000	0.000000	0.000000	0.000000
-0.958105	-0.824451	-0.802037	0.758878	0.000000	0.000000	0.000000	0.000000	0.000000	0.000000
-0.958105	-0.824452	-0.802036	0.758710	0.000000	0.000000	0.000000	0.000000	0.000000	0.000000
-0.958105	-0.824452	-0.802036	0.760687	0.000000	0.000000	0.000000	0.000000	0.000000	0.000000
-0.958105	-0.824452	-0.802037	0.759938	0.000000	0.000000	0.000000	0.000000	0.000000	0.000000
-0.958105	-0.824452	-0.801900	0.756165	0.000000	0.000000	0.000000	0.000000	0.000000	0.000000
-0.958105	-0.824452	-0.802037	0.745209	0.000000	0.000000	0.000000	0.000000	0.000000	0.000000
-0.958105	-0.824452	-0.802022	0.759822	0.000000	0.000000	0.000000	0.000000	0.000000	0.000000
-0.958105	-0.824452	-0.802037	0.759305	0.000000	0.000000	0.000000	0.000000	0.000000	0.000000
-0.958105	-0.824452	-0.802032	0.755861	0.000000	0.000000	0.000000	0.000000	0.000000	0.000000
-0.958105	-0.824452	-0.802028	0.759618	0.000000	0.000000	0.000000	0.000000	0.000000	0.000000
-0.958105	-0.824452	-0.802037	0.759861	0.000000	0.000000	0.000000	0.000000	0.000000	0.000000
-0.958105	-0.824452	-0.801994	0.760504	0.000000	0.000000	0.000000	0.000000	0.000000	0.000000
-0.958105	-0.824452	-0.802014	0.753706	0.000000	0.000000	0.000000	0.000000	0.000000	0.000000
-0.958105	-0.824452	-0.802036	0.760085	0.000000	0.000000	0.000000	0.000000	0.000000	0.000000
-0.958105	-0.824452	-0.802037	0.760184	0.000000	0.000000	0.000000	0.000000	0.000000	0.000000
-0.958105	-0.824446	-0.000004	-0.000031	0.000000	0.000000	0.000000	0.000000	0.000000	0.000000
-0.958105	-0.824438	0.797992	-0.793797	0.000000	0.000000	0.000000	0.000000	0.000000	0.000000
-0.958105	-0.824452	0.802090	-0.794138	0.000000	0.000000	0.000000	0.000000	0.000000	0.000000
-0.958105	-0.824452	0.801897	-0.794119	0.000000	0.000000	0.000000	0.000000	0.000000	0.000000
-0.958105	-0.824452	0.802244	-0.753308	0.000000	0.000000	0.000000	0.000000	0.000000	0.000000
-0.958105	-0.824452	0.801817	-0.794128	0.000000	0.000000	0.000000	0.000000	0.000000	0.000000
-0.958105	-0.824452	0.801633	-0.794164	0.000000	0.000000	0.000000	0.000000	0.000000	0.000000
-0.958105	-0.824452	0.802043	-0.794174	0.000000	0.000000	0.000000	0.000000	0.000000	0.000000
-0.958105	-0.824452	0.795536	-0.793760	0.000000	0.000000	0.000000	0.000000	0.000000	0.000000
-0.958105	-0.824452	0.801837	-0.793956	0.000000	0.000000	0.000000	0.000000	0.000000	0.000000
-0.958105	-0.824452	0.801916	-0.794154	0.000000	0.000000	0.000000	0.000000	0.000000	0.000000
-0.958105	-0.824452	0.801750	-0.794172	0.000000	0.000000	0.000000	0.000000	0.000000	0.000000
-0.958105	-0.824452	0.782989	-0.794135	0.000000	0.000000	0.000000	0.000000	0.000000	0.000000
-0.958105	-0.824452	0.801760	-0.794008	0.000000	0.000000	0.000000	0.000000	0.000000	0.000000
-0.958105	-0.824452	0.801897	-0.793757	0.000000	0.000000	0.000000	0.000000	0.000000	0.000000
-0.958105	-0.824452	0.802025	-0.783623	0.000000	0.000000	0.000000	0.000000	0.000000	0.000000
-0.958105	-0.824453	0.801869	-0.793630	0.000000	0.000000	0.000000	0.000000	0.000000	0.000000
-0.958105	-0.824452	0.801608	-0.794139	0.000000	0.000000	0.000000	0.000000	0.000000	0.000000
-0.958105	-0.824452	0.801812	-0.794074	0.000000	0.000000	0.000000	0.000000	0.000000	0.000000
-0.958105	-0.824452	0.801789	-0.605829	0.000000	0.000000	0.000000	0.000000	0.000000	0.000000
-0.958105	-0.824452	0.801970	-0.794146	0.000000	0.000000	0.000000	0.000000	0.000000	0.000000
-0.958105	-0.824452	0.802067	-0.794118	0.000000	0.000000	0.000000	0.000000	0.000000	0.000000
-0.958105	-0.824452	0.801938	-0.794079	0.000000	0.000000	0.000000	0.000000	0.000000	0.000000
-0.958105	-0.824452	0.801907	-0.776134	0.000000	0.000000	0.000000	0.000000	0.000000	0.000000
-0.958105	-0.824452	0.802088	-0.793792	0.000000	0.000000	0.000000	0.000000	0.000000	0.000000
-0.958105	-0.824452	0.799127	-0.794156	0.000000	0.000000	0.000000	0.000000	0.000000	0.000000
-0.958105	-0.824453	0.802007	-0.794159	0.000000	0.000000	0.000000	0.000000	0.000000	0.000000
-0.958105	-0.824452	0.801936	-0.794159	0.000000	0.000000	0.000000	0.000000	0.000000	0.000000
-0.958105	-0.824452	0.801809	-0.794161	0.000000	0.000000	0.000000	0.000000	0.000000	0.000000
-0.958105	-0.824452	0.801678	-0.794168	0.000000	0.000000	0.000000	0.000000	0.000000	0.000000
-0.958105	-0.824452	0.801847	-0.793699	0.000000	0.000000	0.000000	0.000000	0.000000	0.000000
-0.958105	-0.824452	0.797660	-0.794173	0.000000	0.000000	0.000000	0.000000	0.000000	0.000000
-0.958105	-0.824452	0.801984	-0.794158	0.000000	0.000000	0.000000	0.000000	0.000000	0.000000
-0.958105	-0.824452	0.802234	-0.794016	0.000000	0.000000	0.000000	0.000000	0.000000	0.000000
-0.958105	-0.824452	0.776945	-0.793872	0.000000	0.000000	0.000000	0.000000	0.000000	0.000000
-0.958105	-0.824452	0.801936	-0.794056	0.000000	0.000000	0.000000	0.000000	0.000000	0.000000
-0.958105	-0.824452	0.800990	-0.793764	0.000000	0.000000	0.000000	0.000000	0.000000	0.000000
-0.958105	-0.824452	0.787008	-0.786439	0.000000	0.000000	0.000000	0.000000	0.000000	0.000000
-0.958105	-0.824452	0.801857	-0.776552	0.000000	0.000000	0.000000	0.000000	0.000000	0.000000
-0.958105	-0.824452	0.777271	-0.777742	0.000000	0.000000	0.000000	0.000000	0.000000	0.000000
-0.958105	-0.824452	0.801870	-0.793969	0.000000	0.000000	0.000000	0.000000	0.000000	0.000000
-0.958105	-0.824452	0.801925	-0.793430	0.000000	0.000000	0.000000	0.000000	0.000000	0.000000
-0.958105	-0.824452	0.801710	-0.794174	0.000000	0.000000	0.000000	0.000000	0.000000	0.000000
-0.958105	-0.824452	0.801828	-0.794169	0.000000	0.000000	0.000000	0.000000	0.000000	0.000000
-0.958105	-0.824452	0.801857	-0.794126	0.000000	0.000000	0.000000	0.000000	0.000000	0.000000
-0.958105	-0.824444	0.801977	-0.794151	0.000000	0.000000	0.000000	0.000000	0.000000	0.000000
-0.958105	-0.824452	0.801714	-0.794174	0.000000	0.000000	0.000000	0.000000	0.000000	0.000000
-0.958105	-0.824452	0.801905	-0.792966	0.000000	0.000000	0.000000	0.000000	0.000000	0.000000
-0.958105	-0.824437	0.801918	-0.794169	0.000000	0.000000	0.000000	0.000000	0.000000	0.000000
-0.958105	-0.824452	0.802101	-0.792126	0.000000	0.000000	0.000000	0.000000	0.000000	0.000000
-0.958105	-0.824452	0.801883	-0.791595	0.000000	0.000000	0.000000	0.000000	0.000000	0.000000
-0.958105	-0.824452	0.801983	-0.794168	0.000000	0.000000	0.000000	0.000000	0.000000	0.000000
-0.958105	-0.824452	0.801835	-0.794145	0.000000	0.000000	0.000000	0.000000	0.000000	0.000000
-0.958105	-0.824452	0.799742	-0.794169	0.000000	0.000000	0.000000	0.000000	0.000000	0.000000
-0.958105	-0.824452	0.801976	-0.793982	0.000000	0.000000	0.000000	0.000000	0.000000	0.000000
-0.958105	-0.824452	0.801724	-0.794174	0.000000	0.000000	0.000000	0.000000	0.000000	0.000000
-0.958105	-0.824443	0.798638	-0.794130	0.000000	0.000000	0.000000	0.000000	0.000000	0.000000
-0.958105	-0.824452	0.802092	-0.794148	0.000000	0.000000	0.000000	0.000000	0.000000	0.000000
-0.958105	-0.824452	0.801877	-0.794171	0.000000	0.000000	0.000000	0.000000	0.000000	0.000000
-0.958105	-0.824444	0.801698	-0.794051	0.000000	0.000000	0.000000	0.000000	0.000000	0.000000
-0.958105	-0.824452	0.801960	-0.792883	0.000000	0.000000	0.000000	0.000000	0.000000	0.000000
-0.958105	-0.824452	0.801590	-0.793330	0.000000	0.000000	0.000000	0.000000	0.000000	0.000000
-0.958105	-0.824452	0.801971	-0.794131	0.000000	0.000000	0.000000	0.000000	0.000000	0.000000
-0.958105	-0.824452	0.801940	-0.794171	0.000000	0.000000	0.000000	0.000000	0.000000	0.000000
-0.958105	-0.824452	0.801907	-0.794174	0.000000	0.000000	0.000000	0.000000	0.000000	0.000000
-0.958105	-0.824452	0.801717	-0.794162	0.000000	0.000000	0.000000	0.000000	0.000000	0.000000
-0.958105	-0.824452	0.801779	-0.793984	0.000000	0.000000	0.000000	0.000000	0.000000	0.000000
-0.958105	-0.824452	0.802019	-0.794163	0.000000	0.000000	0.000000	0.000000	0.000000	0.000000
-0.958105	-0.823787	0.802141	-0.794140	0.000000	0.000000	0.000000	0.000000	0.000000	0.000000
-0.958105	-0.824453	0.801674	-0.794171	0.000000	0.000000	0.000000	0.000000	0.000000	0.000000
-0.958105	-0.824452	0.801779	-0.767313	0.000000	0.000000	0.000000	0.000000	0.000000	0.000000
-0.958105	-0.824452	0.802003	-0.643914	0.000000	0.000000	0.000000	0.000000	0.000000	0.000000
-0.958105	-0.824434	0.796497	-0.793656	0.000000	0.000000	0.000000	0.000000	0.000000	0.000000
-0.958105	-0.824452	0.764740	-0.794169	0.000000	0.000000	0.000000	0.000000	0.000000	0.000000
-0.958105	-0.824452	0.799775	-0.794134	0.000000	0.000000	0.000000	0.000000	0.000000	0.000000
-0.958105	-0.824452	0.802028	-0.793877	0.000000	0.000000	0.000000	0.000000	0.000000	0.000000
-0.958105	-0.824452	0.800801	-0.794173	0.000000	0.000000	0.000000	0.000000	0.000000	0.000000
-0.958105	-0.824452	0.801841	-0.793765	0.000000	0.000000	0.000000	0.000000	0.000000	0.000000
-0.958105	-0.824452	0.801849	-0.794109	0.000000	0.000000	0.000000	0.000000	0.000000	0.000000
-0.958105	-0.824452	0.793802	-0.794173	0.000000	0.000000	0.000000	0.000000	0.000000	0.000000
-0.958105	-0.824449	0.802007	-0.793375	0.000000	0.000000	0.000000	0.000000	0.000000	0.000000
-0.958105	-0.824452	0.801985	-0.770144	0.000000	0.000000	0.000000	0.000000	0.000000	0.000000
-0.958105	-0.638948	0.800379	-0.787008	0.000000	0.000000	0.000000	0.000000	0.000000	0.000000
-0.958105	-0.824400	0.801897	-0.787529	0.000000	0.000000	0.000000	0.000000	0.000000	0.000000
-0.958105	-0.824452	0.801919	-0.791784	0.000000	0.000000	0.000000	0.000000	0.000000	0.000000
-0.958105	-0.824452	0.802127	-0.794172	0.000000	0.000000	0.000000	0.000000	0.000000	0.000000
-0.958105	-0.824452	0.801975	-0.794174	0.000000	0.000000	0.000000	0.000000	0.000000	0.000000
-0.958105	-0.824452	0.801989	-0.781594	0.000000	0.000000	0.000000	0.000000	0.000000	0.000000
-0.958105	-0.824452	0.801902	-0.666217	0.000000	0.000000	0.000000	0.000000	0.000000	0.000000
-0.958105	-0.824452	0.801981	-0.791418	0.000000	0.000000	0.000000	0.000000	0.000000	0.000000
-0.958105	-0.824452	0.801501	-0.794125	0.000000	0.000000	0.000000	0.000000	0.000000	0.000000
-0.958105	-0.824452	0.801861	-0.794161	0.000000	0.000000	0.000000	0.000000	0.000000	0.000000
-0.958105	-0.824452	0.801833	-0.794165	0.000000	0.000000	0.000000	0.000000	0.000000	0.000000
-0.958105	-0.824452	0.801551	-0.794174	0.000000	0.000000	0.000000	0.000000	0.000000	0.000000
-0.958105	-0.824452	0.801695	-0.794099	0.000000	0.000000	0.000000	0.000000	0.000000	0.000000
-0.958105	-0.824452	0.801930	-0.794171	0.000000	0.000000	0.000000	0.000000	0.000000	0.000000
-0.958105	-0.824452	0.801954	-0.792472	0.000000	0.000000	0.000000	0.000000	0.000000	0.000000
-0.958105	-0.824452	0.801534	-0.791761	0.000000	0.000000	0.000000	0.000000	0.000000	0.000000
-0.958105	-0.824452	0.801936	-0.771287	0.000000	0.000000	0.000000	0.000000	0.000000	0.000000
-0.958105	-0.824452	0.801904	-0.794169	0.000000	0.000000	0.000000	0.000000	0.000000	0.000000
-0.958105	-0.824452	0.801910	-0.791253	0.000000	0.000000	0.000000	0.000000	0.000000	0.000000
-0.958105	-0.824453	0.801912	-0.794088	0.000000	0.000000	0.000000	0.000000	0.000000	0.000000
-0.958105	-0.824452	0.800893	-0.794174	0.000000	0.000000	0.000000	0.000000	0.000000	0.000000
-0.958105	-0.824452	0.801810	-0.794172	0.000000	0.000000	0.000000	0.000000	0.000000	0.000000
-0.958105	-0.824452	0.801742	-0.794173	0.000000	0.000000	0.000000	0.000000	0.000000	0.000000
-0.958105	-0.824452	0.801723	-0.794157	0.000000	0.000000	0.000000	0.000000	0.000000	0.000000
-0.958105	-0.824452	0.801547	-0.793847	0.000000	0.000000	0.000000	0.000000	0.000000	0.000000
-0.958105	-0.824437	0.801911	-0.794167	0.000000	0.000000	0.000000	0.000000	0.000000	0.000000
-0.958105	-0.824452	0.801509	-0.794092	0.000000	0.000000	0.000000	0.000000	0.000000	0.000000
-0.958105	-0.824453	0.801861	-0.794121	0.000000	0.000000	0.000000	0.000000	0.000000	0.000000
-0.958105	-0.824452	0.801759	-0.793254	0.000000	0.000000	0.000000	0.000000	0.000000	0.000000
-0.958105	-0.824452	0.800526	-0.794077	0.000000	0.000000	0.000000	0.000000	0.000000	0.000000
-0.958105	-0.824453	0.801951	-0.793938	0.000000	0.000000	0.000000	0.000000	0.000000	0.000000
-0.958105	-0.824452	0.801961	-0.794174	0.000000	0.000000	0.000000	0.000000	0.000000	0.000000
-0.958105	-0.824452	0.801914	-0.793535	0.000000	0.000000	0.000000	0.000000	0.000000	0.000000
-0.958105	-0.824412	0.802019	-0.793841	0.000000	0.000000	0.000000	0.000000	0.000000	0.000000
-0.958105	-0.824452	0.802001	-0.792920	0.000000	0.000000	0.000000	0.000000	0.000000	0.000000
-0.958105	-0.824452	0.801414	-0.794173	0.000000	0.000000	0.000000	0.000000	0.000000	0.000000
-0.958105	-0.824452	0.801934	-0.794169	0.000000	0.000000	0.000000	0.000000	0.000000	0.000000
-0.958105	-0.824452	0.802068	-0.766714	0.000000	0.000000	0.000000	0.000000	0.000000	0.000000
-0.958105	-0.824453	0.801869	-0.794137	0.000000	0.000000	0.000000	0.000000	0.000000	0.000000
-0.958105	-0.824452	0.796341	-0.794172	0.000000	0.000000	0.000000	0.000000	0.000000	0.000000
-0.958105	-0.824452	0.801777	-0.794169	0.000000	0.000000	0.000000	0.000000	0.000000	0.000000
-0.958105	-0.824452	0.801910	-0.794173	0.000000	0.000000	0.000000	0.000000	0.000000	0.000000
-0.958105	-0.824452	0.802144	-0.794165	0.000000	0.000000	0.000000	0.000000	0.000000	0.000000
-0.958105	-0.824452	0.801844	-0.794165	0.000000	0.000000	0.000000	0.000000	0.000000	0.000000
-0.958105	-0.824452	0.801793	-0.794172	0.000000	0.000000	0.000000	0.000000	0.000000	0.000000
-0.958105	-0.824452	0.801816	-0.793925	0.000000	0.000000	0.000000	0.000000	0.000000	0.000000
-0.958105	-0.824452	0.801907	-0.794172	0.000000	0.000000	0.000000	0.000000	0.000000	0.000000
-0.958105	-0.824452	0.802041	-0.794167	0.000000	0.000000	0.000000	0.000000	0.000000	0.000000
-0.958105	-0.824452	0.791428	-0.790468	0.000000	0.000000	0.000000	0.000000	0.000000	0.000000
-0.958105	-0.824452	0.801971	-0.792728	0.000000	0.000000	0.000000	0.000000	0.000000	0.000000
-0.958105	-0.824452	0.802063	-0.794174	0.000000	0.000000	0.000000	0.000000	0.000000	0.000000
-0.958105	-0.824452	0.801792	-0.789473	0.000000	0.000000	0.000000	0.000000	0.000000	0.000000
-0.958105	-0.824452	0.802123	-0.794063	0.000000	0.000000	0.000000	0.000000	0.000000	0.000000
-0.958105	-0.824452	0.802072	-0.794171	0.000000	0.000000	0.000000	0.000000	0.000000	0.000000
-0.958105	-0.824447	0.802005	-0.794173	0.000000	0.000000	0.000000	0.000000	0.000000	0.000000
-0.958105	-0.824452	0.438147	-0.794115	0.000000	0.000000	0.000000	0.000000	0.000000	0.000000
-0.958105	-0.824452	0.787095	-0.792489	0.000000	0.000000	0.000000	0.000000	0.000000	0.000000
-0.958105	-0.824452	0.802069	-0.794124	0.000000	0.000000	0.000000	0.000000	0.000000	0.000000
-0.958105	-0.824452	0.801722	-0.793881	0.000000	0.000000	0.000000	0.000000	0.000000	0.000000
-0.958105	-0.824452	0.797881	-0.794115	0.000000	0.000000	0.000000	0.000000	0.000000	0.000000
-0.958105	-0.824452	0.801824	-0.794016	0.000000	0.000000	0.000000	0.000000	0.000000	0.000000
-0.958105	-0.824435	0.801982	-0.793996	0.000000	0.000000	0.000000	0.000000	0.000000	0.000000
-0.958105	-0.824452	0.801924	-0.794174	0.000000	0.000000	0.000000	0.000000	0.000000	0.000000
-0.958105	-0.824452	0.802031	-0.790681	0.000000	0.000000	0.000000	0.000000	0.000000	0.000000
-0.958105	-0.824452	0.802088	-0.793361	0.000000	0.000000	0.000000	0.000000	0.000000	0.000000
-0.958105	-0.824452	0.800773	-0.794010	0.000000	0.000000	0.000000	0.000000	0.000000	0.000000
-0.958105	-0.824452	0.801428	-0.781253	0.000000	0.000000	0.000000	0.000000	0.000000	0.000000
-0.958105	-0.824452	0.801961	-0.794040	0.000000	0.000000	0.000000	0.000000	0.000000	0.000000
-0.958105	-0.824452	0.802056	-0.794173	0.000000	0.000000	0.000000	0.000000	0.000000	0.000000
-0.958105	-0.824452	0.801923	-0.794165	0.000000	0.000000	0.000000	0.000000	0.000000	0.000000
-0.958105	-0.824452	0.801870	-0.792622	0.000000	0.000000	0.000000	0.000000	0.000000	0.000000
-0.958105	-0.824448	0.796686	-0.730281	0.000000	0.000000	0.000000	0.000000	0.000000	0.000000
-0.958105	-0.824443	0.801710	-0.794163	0.000000	0.000000	0.000000	0.000000	0.000000	0.000000
-0.958105	-0.824451	0.801853	-0.793722	0.000000	0.000000	0.000000	0.000000	0.000000	0.000000
-0.958105	-0.824452	0.631674	-0.792056	0.000000	0.000000	0.000000	0.000000	0.000000	0.000000
-0.958105	-0.824422	0.802022	-0.793494	0.000000	0.000000	0.000000	0.000000	0.000000	0.000000
-0.958105	-0.824424	0.802108	-0.789499	0.000000	0.000000	0.000000	0.000000	0.000000	0.000000
-0.958105	-0.824452	0.801972	-0.793632	0.000000	0.000000	0.000000	0.000000	0.000000	0.000000
-0.958105	-0.824452	0.801956	-0.794031	0.000000	0.000000	0.000000	0.000000	0.000000	0.000000
-0.958105	-0.824452	0.802017	-0.794142	0.000000	0.000000	0.000000	0.000000	0.000000	0.000000
-0.958105	-0.824452	0.726919	-0.794121	0.000000	0.000000	0.000000	0.000000	0.000000	0.000000
-0.958105	-0.824452	0.801852	-0.794173	0.000000	0.000000	0.000000	0.000000	0.000000	0.000000
-0.958105	-0.824452	0.801958	-0.794164	0.000000	0.000000	0.000000	0.000000	0.000000	0.000000
-0.958105	-0.824452	0.801861	-0.794146	0.000000	0.000000	0.000000	0.000000	0.000000	0.000000
-0.958105	-0.824452	0.801747	-0.794063	0.000000	0.000000	0.000000	0.000000	0.000000	0.000000
-0.958105	-0.824452	0.801961	-0.794173	0.000000	0.000000	0.000000	0.000000	0.000000	0.000000
-0.958105	-0.824452	0.535268	-0.794152	0.000000	0.000000	0.000000	0.000000	0.000000	0.000000
-0.958105	-0.824452	0.802013	-0.794169	0.000000	0.000000	0.000000	0.000000	0.000000	0.000000
-0.958105	-0.824452	0.801970	-0.793849	0.000000	0.000000	0.000000	0.000000	0.000000	0.000000
-0.958105	-0.824452	0.801929	-0.794148	0.000000	0.000000	0.000000	0.000000	0.000000	0.000000
-0.958105	-0.824452	0.801989	-0.783033	0.000000	0.000000	0.000000	0.000000	0.000000	0.000000
-0.958105	-0.824452	0.802018	-0.794170	0.000000	0.000000	0.000000	0.000000	0.000000	0.000000
-0.958105	-0.824452	0.801956	-0.743584	0.000000	0.000000	0.000000	0.000000	0.000000	0.000000
-0.958105	-0.824452	0.802131	-0.794169	0.000000	0.000000	0.000000	0.000000	0.000000	0.000000
-0.958105	-0.824452	0.801212	-0.732979	0.000000	0.000000	0.000000	0.000000	0.000000	0.000000
-0.958105	-0.824452	0.802113	-0.794054	0.000000	0.000000	0.000000	0.000000	0.000000	0.000000
-0.958105	-0.824452	0.801830	-0.794174	0.000000	0.000000	0.000000	0.000000	0.000000	0.000000
-0.958105	-0.824452	0.801798	-0.794174	0.000000	0.000000	0.000000	0.000000	0.000000	0.000000
-0.958105	-0.824453	0.801928	-0.794172	0.000000	0.000000	0.000000	0.000000	0.000000	0.000000
-0.958105	-0.824452	0.798971	-0.793840	0.000000	0.000000	0.000000	0.000000	0.000000	0.000000
-0.958105	-0.824438	0.802064	-0.794166	0.000000	0.000000	0.000000	0.000000	0.000000	0.000000
-0.958105	-0.824452	0.801883	-0.782574	0.000000	0.000000	0.000000	0.000000	0.000000	0.000000
-0.958105	-0.824452	0.802087	-0.792048	0.000000	0.000000	0.000000	0.000000	0.000000	0.000000
-0.958105	-0.824452	0.801985	-0.794172	0.000000	0.000000	0.000000	0.000000	0.000000	0.000000
-0.958105	-0.824452	0.801823	-0.794157	0.000000	0.000000	0.000000	0.000000	0.000000	0.000000
-0.958105	-0.824452	0.802088	-0.793278	0.000000	0.000000	0.000000	0.000000	0.000000	0.000000
-0.958105	-0.824452	0.802043	-0.794135	0.000000	0.000000	0.000000	0.000000	0.000000	0.000000
-0.958105	-0.824452	0.801884	-0.775146	0.000000	0.000000	0.000000	0.000000	0.000000	0.000000
-0.958105	-0.824452	0.799606	-0.793952	0.000000	0.000000	0.000000	0.000000	0.000000	0.000000
-0.958105	-0.824451	0.801298	-0.794170	0.000000	0.000000	0.000000	0.000000	0.000000	0.000000
-0.958105	-0.824452	0.780693	-0.794081	0.000000	0.000000	0.000000	0.000000	0.000000	0.000000
-0.958105	-0.824452	0.800775	-0.794172	0.000000	0.000000	0.000000	0.000000	0.000000	0.000000
-0.958105	-0.824452	0.802100	-0.794139	0.000000	0.000000	0.000000	0.000000	0.000000	0.000000
-0.958105	-0.824452	0.785756	-0.794158	0.000000	0.000000	0.000000	0.000000	0.000000	0.000000
-0.958105	-0.824452	0.802041	-0.793644	0.000000	0.000000	0.000000	0.000000	0.000000	0.000000
-0.958105	-0.824452	0.801964	-0.794174	0.000000	0.000000	0.000000	0.000000	0.000000	0.000000
-0.958105	-0.824452	0.801313	-0.793876	0.000000	0.000000	0.000000	0.000000	0.000000	0.000000
-0.958105	-0.824452	0.801869	-0.793836	0.000000	0.000000	0.000000	0.000000	0.000000	0.000000
-0.958105	-0.824452	0.801856	-0.793884	0.000000	0.000000	0.000000	0.000000	0.000000	0.000000
-0.958105	-0.824452	0.802019	-0.794174	0.000000	0.000000	0.000000	0.000000	0.000000	0.000000
-0.958105	-0.824452	0.802062	-0.794165	0.000000	0.000000	0.000000	0.000000	0.000000	0.000000
-0.958105	-0.824452	0.801850	-0.792124	0.000000	0.000000	0.000000	0.000000	0.000000	0.000000
-0.958105	-0.824452	0.802284	-0.794147	0.000000	0.000000	0.000000	0.000000	0.000000	0.000000
-0.958105	-0.824451	0.801992	-0.794174	0.000000	0.000000	0.000000	0.000000	0.000000	0.000000
-0.958105	-0.824452	0.802022	-0.794115	0.000000	0.000000	0.000000	0.000000	0.000000	0.000000
-0.958105	-0.824453	0.802101	-0.718212	0.000000	0.000000	0.000000	0.000000	0.000000	0.000000
-0.958105	-0.824452	0.801924	-0.793682	0.000000	0.000000	0.000000	0.000000	0.000000	0.000000
-0.958105	-0.824452	0.801907	-0.794173	0.000000	0.000000	0.000000	0.000000	0.000000	0.000000
-0.958105	-0.824452	0.801855	-0.794124	0.000000	0.000000	0.000000	0.000000	0.000000	0.000000
-0.958105	-0.824452	0.801923	-0.794068	0.000000	0.000000	0.000000	0.000000	0.000000	0.000000
-0.958105	-0.824452	0.801983	-0.793027	0.000000	0.000000	0.000000	0.000000	0.000000	0.000000
-0.958105	-0.824452	0.800480	-0.776927	0.000000	0.000000	0.000000	0.000000	0.000000	0.000000
-0.958105	-0.824452	0.801710	-0.793750	0.000000	0.000000	0.000000	0.000000	0.000000	0.000000
-0.958105	-0.824452	0.801881	-0.749281	0.000000	0.000000	0.000000	0.000000	0.000000	0.000000
-0.958105	-0.824452	0.801910	-0.794086	0.000000	0.000000	0.000000	0.000000	0.000000	0.000000
-0.958105	-0.824452	0.801267	-0.794174	0.000000	0.000000	0.000000	0.000000	0.000000	0.000000
-0.958105	-0.824444	0.801830	-0.794046	0.000000	0.000000	0.000000	0.000000	0.000000	0.000000
-0.958105	-0.824452	0.801627	-0.794111	0.000000	0.000000	0.000000	0.000000	0.000000	0.000000
-0.958105	-0.824452	0.802076	-0.794174	0.000000	0.000000	0.000000	0.000000	0.000000	0.000000
-0.958105	-0.824452	0.801723	-0.794082	0.000000	0.000000	0.000000	0.000000	0.000000	0.000000
-0.958105	-0.824452	0.801861	-0.793999	0.000000	0.000000	0.000000	0.000000	0.000000	0.000000
-0.958105	-0.824452	0.797949	-0.784747	0.000000	0.000000	0.000000	0.000000	0.000000	0.000000
-0.958105	-0.824452	0.801466	-0.793956	0.000000	0.000000	0.000000	0.000000	0.000000	0.000000
-0.958105	-0.824452	0.802105	-0.794172	0.000000	0.000000	0.000000	0.000000	0.000000	0.000000
-0.958105	-0.824452	0.802000	-0.789469	0.000000	0.000000	0.000000	0.000000	0.000000	0.000000
-0.958105	-0.824453	0.802083	-0.793726	0.000000	0.000000	0.000000	0.000000	0.000000	0.000000
-0.958105	-0.824452	0.801768	-0.793288	0.000000	0.000000	0.000000	0.000000	0.000000	0.000000
-0.958105	-0.824452	0.801911	-0.793959	0.000000	0.000000	0.000000	0.000000	0.000000	0.000000
-0.958105	-0.824452	0.801865	-0.794171	0.000000	0.000000	0.000000	0.000000	0.000000	0.000000
-0.958105	-0.824452	0.675529	-0.794068	0.000000	0.000000	0.000000	0.000000	0.000000	0.000000
-0.958105	-0.824452	0.801857	-0.794154	0.000000	0.000000	0.000000	0.000000	0.000000	0.000000
-0.958105	-0.824452	0.802015	-0.793414	0.000000	0.000000	0.000000	0.000000	0.000000	0.000000
-0.958105	-0.824452	0.801781	-0.790545	0.000000	0.000000	0.000000	0.000000	0.000000	0.000000
-0.958105	-0.824442	0.801915	-0.794132	0.000000	0.000000	0.000000	0.000000	0.000000	0.000000
-0.958105	-0.824451	0.801962	-0.794089	0.000000	0.000000	0.000000	0.000000	0.000000	0.000000
-0.958105	-0.824450	0.801917	-0.793530	0.000000	0.000000	0.000000	0.000000	0.000000	0.000000
-0.958105	-0.824452	0.801849	-0.789774	0.000000	0.000000	0.000000	0.000000	0.000000	0.000000
-0.958105	-0.824452	0.802076	-0.772742	0.000000	0.000000	0.000000	0.000000	0.000000	0.000000
-0.958105	-0.824452	0.801973	-0.794012	0.000000	0.000000	0.000000	0.000000	0.000000	0.000000
-0.958105	-0.824452	0.800772	-0.793726	0.000000	0.000000	0.000000	0.000000	0.000000	0.000000
-0.958105	-0.824452	0.801681	-0.793912	0.000000	0.000000	0.000000	0.000000	0.000000	0.000000
-0.958105	-0.824452	0.801863	-0.792551	0.000000	0.000000	0.000000	0.000000	0.000000	0.000000
-0.958105	-0.824452	0.801933	-0.740713	0.000000	0.000000	0.000000	0.000000	0.000000	0.000000
-0.958105	-0.823974	0.801516	-0.794154	0.000000	0.000000	0.000000	0.000000	0.000000	0.000000
-0.958105	-0.824452	0.797531	-0.794105	0.000000	0.000000	0.000000	0.000000	0.000000	0.000000
-0.958105	-0.824452	0.801820	-0.794172	0.000000	0.000000	0.000000	0.000000	0.000000	0.000000
-0.958105	-0.824452	0.801991	-0.762410	0.000000	0.000000	0.000000	0.000000	0.000000	0.000000
-0.958105	-0.824452	0.801896	-0.794008	0.000000	0.000000	0.000000	0.000000	0.000000	0.000000
-0.958105	0.842227	0.000600	0.000149	0.000000	0.000000	0.000000	0.000000	0.000000	0.000000
-0.958105	0.842227	0.776421	0.760469	0.000000	0.000000	0.000000	0.000000	0.000000	0.000000
-0.958105	0.842227	0.801612	0.758710	0.000000	0.000000	0.000000	0.000000	0.000000	0.000000
-0.958105	0.842227	0.801591	0.760190	0.000000	0.000000	0.000000	0.000000	0.000000	0.000000
-0.958105	0.842227	0.801911	0.760023	0.000000	0.000000	0.000000	0.000000	0.000000	0.000000
-0.958105	0.842227	0.801669	0.392449	0.000000	0.000000	0.000000	0.000000	0.000000	0.000000
-0.958105	0.842227	0.802075	0.759437	0.000000	0.000000	0.000000	0.000000	0.000000	0.000000
-0.958105	0.842227	0.801697	0.753521	0.000000	0.000000	0.000000	0.000000	0.000000	0.000000
-0.958105	0.842227	0.802034	0.760702	0.000000	0.000000	0.000000	0.000000	0.000000	0.000000
-0.958105	0.842227	0.801919	0.754493	0.000000	0.000000	0.000000	0.000000	0.000000	0.000000
-0.958105	0.842227	0.801929	0.714960	0.000000	0.000000	0.000000	0.000000	0.000000	0.000000
-0.958105	0.842227	0.801910	0.756091	0.000000	0.000000	0.000000	0.000000	0.000000	0.000000
-0.958105	0.842222	0.801901	0.759999	0.000000	0.000000	0.000000	0.000000	0.000000	0.000000
-0.958105	0.842227	0.801746	0.757962	0.000000	0.000000	0.000000	0.000000	0.000000	0.000000
-0.958105	0.842217	0.802052	0.759880	0.000000	0.000000	0.000000	0.000000	0.000000	0.000000
-0.958105	0.842227	0.801638	0.759657	0.000000	0.000000	0.000000	0.000000	0.000000	0.000000
-0.958105	0.842227	0.801606	0.760168	0.000000	0.000000	0.000000	0.000000	0.000000	0.000000
-0.958105	0.842017	0.801460	0.760385	0.000000	0.000000	0.000000	0.000000	0.000000	0.000000
-0.958105	0.842227	0.801743	0.737527	0.000000	0.000000	0.000000	0.000000	0.000000	0.000000
-0.958105	0.842227	0.801645	0.760572	0.000000	0.000000	0.000000	0.000000	0.000000	0.000000
-0.958105	0.842227	0.801677	0.761138	0.000000	0.000000	0.000000	0.000000	0.000000	0.000000
-0.958105	0.842227	0.801954	0.760171	0.000000	0.000000	0.000000	0.000000	0.000000	0.000000
-0.958105	0.842227	0.801905	0.756425	0.000000	0.000000	0.000000	0.000000	0.000000	0.000000
-0.958105	0.842227	0.801590	0.759678	0.000000	0.000000	0.000000	0.000000	0.000000	0.000000
-0.958105	0.842223	0.800286	0.760634	0.000000	0.000000	0.000000	0.000000	0.000000	0.000000
-0.958105	0.842227	0.801402	0.760624	0.000000	0.000000	0.000000	0.000000	0.000000	0.000000
-0.958105	0.842227	0.801839	0.759962	0.000000	0.000000	0.000000	0.000000	0.000000	0.000000
-0.958105	0.842227	0.802060	0.759724	0.000000	0.000000	0.000000	0.000000	0.000000	0.000000
-0.958105	0.842227	0.800716	0.760689	0.000000	0.000000	0.000000	0.000000	0.000000	0.000000
-0.958105	0.842227	0.801950	0.759931	0.000000	0.000000	0.000000	0.000000	0.000000	0.000000
-0.958105	0.842227	0.801847	0.760038	0.000000	0.000000	0.000000	0.000000	0.000000	0.000000
-0.958105	0.842227	0.801224	0.723096	0.000000	0.000000	0.000000	0.000000	0.000000	0.000000
-0.958105	0.842226	0.801664	0.750838	0.000000	0.000000	0.000000	0.000000	0.000000	0.000000
-0.958105	0.842227	0.801911	0.759417	0.000000	0.000000	0.000000	0.000000	0.000000	0.000000
-0.958105	0.842227	0.801814	0.760842	0.000000	0.000000	0.000000	0.000000	0.000000	0.000000
-0.958105	0.842227	0.801956	0.658979	0.000000	0.000000	0.000000	0.000000	0.000000	0.000000
-0.958105	0.842227	0.802070	0.760310	0.000000	0.000000	0.000000	0.000000	0.000000	0.000000
-0.958105	0.842227	0.801588	0.759345	0.000000	0.000000	0.000000	0.000000	0.000000	0.000000
-0.958105	0.842227	0.798462	0.748605	0.000000	0.000000	0.000000	0.000000	0.000000	0.000000
-0.958105	0.842227	0.801727	0.759457	0.000000	0.000000	0.000000	0.000000	0.000000	0.000000
-0.958105	0.842227	0.802064	0.760304	0.000000	0.000000	0.000000	0.000000	0.000000	0.000000
-0.958105	0.842227	0.801839	0.760400	0.000000	0.000000	0.000000	0.000000	0.000000	0.000000
-0.958105	0.842227	0.801727	0.759133	0.000000	0.000000	0.000000	0.000000	0.000000	0.000000
-0.958105	0.842227	0.801637	0.756699	0.000000	0.000000	0.000000	0.000000	0.000000	0.000000
-0.958105	0.842227	0.801898	0.760698	0.000000	0.000000	0.000000	0.000000	0.000000	0.000000
-0.958105	0.842227	0.802107	0.703818	0.000000	0.000000	0.000000	0.000000	0.000000	0.000000
-0.958105	0.842227	0.801520	0.744164	0.000000	0.000000	0.000000	0.000000	0.000000	0.000000
-0.958105	0.842227	0.801816	0.760423	0.000000	0.000000	0.000000	0.000000	0.000000	0.000000
-0.958105	0.842227	0.802085	0.761187	0.000000	0.000000	0.000000	0.000000	0.000000	0.000000
-0.958105	0.842227	0.801971	0.756619	0.000000	0.000000	0.000000	0.000000	0.000000	0.000000
-0.958105	0.842227	0.801679	0.760626	0.000000	0.000000	0.000000	0.000000	0.000000	0.000000
-0.958105	0.842227	0.801836	0.735158	0.000000	0.000000	0.000000	0.000000	0.000000	0.000000
-0.958105	0.842227	0.802411	0.752704	0.000000	0.000000	0.000000	0.000000	0.000000	0.000000
-0.958105	0.842227	0.801563	0.760175	0.000000	0.000000	0.000000	0.000000	0.000000	0.000000
-0.958105	0.842227	0.802107	0.761188	0.000000	0.000000	0.000000	0.000000	0.000000	0.000000
-0.958105	0.842227	0.800532	0.760292	0.000000	0.000000	0.000000	0.000000	0.000000	0.000000
-0.958105	0.842227	0.801681	0.758612	0.000000	0.000000	0.000000	0.000000	0.000000	0.000000
-0.958105	0.842227	0.800820	0.758898	0.000000	0.000000	0.000000	0.000000	0.000000	0.000000
-0.958105	0.842227	0.801885	0.760825	0.000000	0.000000	0.000000	0.000000	0.000000	0.000000
-0.958105	0.842226	0.801926	0.760872	0.000000	0.000000	0.000000	0.000000	0.000000	0.000000
-0.958105	0.842227	0.801809	0.760800	0.000000	0.000000	0.000000	0.000000	0.000000	0.000000
-0.958105	0.842227	0.801493	0.758676	0.000000	0.000000	0.000000	0.000000	0.000000	0.000000
-0.958105	0.842169	0.801890	0.760498	0.000000	0.000000	0.000000	0.000000	0.000000	0.000000
-0.958105	0.842227	0.801980	0.760096	0.000000	0.000000	0.000000	0.000000	0.000000	0.000000
-0.958105	0.842227	0.802107	0.760561	0.000000	0.000000	0.000000	0.000000	0.000000	0.000000
-0.958105	0.842227	0.801902	0.758784	0.000000	0.000000	0.000000	0.000000	0.000000	0.000000
-0.958105	0.842227	0.802127	0.756217	0.000000	0.000000	0.000000	0.000000	0.000000	0.000000
-0.958105	0.842227	0.802023	0.760493	0.000000	0.000000	0.000000	0.000000	0.000000	0.000000
-0.958105	0.842227	0.801937	0.758950	0.000000	0.000000	0.000000	0.000000	0.000000	0.000000
-0.958105	0.842227	0.801798	0.760122	0.000000	0.000000	0.000000	0.000000	0.000000	0.000000
-0.958105	0.842227	0.802082	0.757149	0.000000	0.000000	0.000000	0.000000	0.000000	0.000000
-0.958105	0.842227	0.801850	0.760919	0.000000	0.000000	0.000000	0.000000	0.000000	0.000000
-0.958105	0.842227	0.802064	0.758818	0.000000	0.000000	0.000000	0.000000	0.000000	0.000000
-0.958105	0.842227	0.801546	0.760393	0.000000	0.000000	0.000000	0.000000	0.000000	0.000000
-0.958105	0.842227	0.801864	0.760251	0.000000	0.000000	0.000000	0.000000	0.000000	0.000000
-0.958105	0.842227	0.801952	0.760320	0.000000	0.000000	0.000000	0.000000	0.000000	0.000000
-0.958105	0.842227	0.799583	0.759728	0.000000	0.000000	0.000000	0.000000	0.000000	0.000000
-0.958105	0.842227	0.797017	0.752182	0.000000	0.000000	0.000000	0.000000	0.000000	0.000000
-0.958105	0.842227	0.801392	0.756814	0.000000	0.000000	0.000000	0.000000	0.000000	0.000000
-0.958105	0.842227	0.801963	0.761293	0.000000	0.000000	0.000000	0.000000	0.000000	0.000000
-0.958105	0.842227	0.301454	0.759296	0.000000	0.000000	0.000000	0.000000	0.000000	0.000000
-0.958105	0.842227	0.801668	0.759667	0.000000	0.000000	0.000000	0.000000	0.000000	0.000000
-0.958105	0.842227	0.802027	0.759619	0.000000	0.000000	0.000000	0.000000	0.000000	0.000000
-0.958105	0.842227	0.801892	0.760046	0.000000	0.000000	0.000000	0.000000	0.000000	0.000000
-0.958105	0.842227	0.801769	0.760146	0.000000	0.000000	0.000000	0.000000	0.000000	0.000000
-0.958105	0.842227	0.801839	0.760252	0.000000	0.000000	0.000000	0.000000	0.000000	0.000000
-0.958105	0.842227	0.801668	0.760189	0.000000	0.000000	0.000000	0.000000	0.000000	0.000000
-0.958105	0.842227	0.801226	0.760757	0.000000	0.000000	0.000000	0.000000	0.000000	0.000000
-0.958105	0.842227	0.801866	0.757808	0.000000	0.000000	0.000000	0.000000	0.000000	0.000000
-0.958105	0.842227	0.801396	0.754130	0.000000	0.000000	0.000000	0.000000	0.000000	0.000000
-0.958105	0.842227	0.801844	0.760706	0.000000	0.000000	0.000000	0.000000	0.000000	0.000000
-0.958105	0.842227	0.801090	0.752748	0.000000	0.000000	0.000000	0.000000	0.000000	0.000000
-0.958105	0.842227	0.799850	0.746498	0.000000	0.000000	0.000000	0.000000	0.000000	0.000000
-0.958105	0.842227	0.105847	0.760227	0.000000	0.000000	0.000000	0.000000	0.000000	0.000000
-0.958105	0.842224	0.801998	0.751997	0.000000	0.000000	0.000000	0.000000	0.000000	0.000000
-0.958105	0.842227	0.801814	0.753939	0.000000	0.000000	0.000000	0.000000	0.000000	0.000000
-0.958105	0.842227	0.801567	0.758066	0.000000	0.000000	0.000000	0.000000	0.000000	0.000000
-0.958105	0.842227	0.801792	0.759941	0.000000	0.000000	0.000000	0.000000	0.000000	0.000000
-0.958105	0.842227	0.801988	0.759290	0.000000	0.000000	0.000000	0.000000	0.000000	0.000000
-0.958105	0.842227	0.801936	0.759969	0.000000	0.000000	0.000000	0.000000	0.000000	0.000000
-0.958105	0.842227	0.760072	0.756260	0.000000	0.000000	0.000000	0.000000	0.000000	0.000000
-0.958105	0.842227	0.802107	0.760064	0.000000	0.000000	0.000000	0.000000	0.000000	0.000000
-0.958105	0.842227	0.801898	0.760092	0.000000	0.000000	0.000000	0.000000	0.000000	0.000000
-0.958105	0.842227	0.801893	0.744002	0.000000	0.000000	0.000000	0.000000	0.000000	0.000000
-0.958105	0.842227	0.801267	0.760482	0.000000	0.000000	0.000000	0.000000	0.000000	0.000000
-0.958105	0.842227	0.801812	0.756191	0.000000	0.000000	0.000000	0.000000	0.000000	0.000000
-0.958105	0.842227	0.801970	0.753844	0.000000	0.000000	0.000000	0.000000	0.000000	0.000000
-0.958105	0.842227	0.801867	0.760423	0.000000	0.000000	0.000000	0.000000	0.000000	0.000000
-0.958105	0.842227	0.801884	0.760536	0.000000	0.000000	0.000000	0.000000	0.000000	0.000000
-0.958105	0.842227	0.802059	0.759789	0.000000	0.000000	0.000000	0.000000	0.000000	0.000000
-0.958105	0.842227	0.801848	0.760775	0.000000	0.000000	0.000000	0.000000	0.000000	0.000000
-0.958105	0.842227	0.801982	0.759927	0.000000	0.000000	0.000000	0.000000	0.000000	0.000000
-0.958105	0.842227	0.801913	0.760520	0.000000	0.000000	0.000000	0.000000	0.000000	0.000000
-0.958105	0.842227	0.801980	0.759845	0.000000	0.000000	0.000000	0.000000	0.000000	0.000000
-0.958105	0.842227	0.667446	0.760416	0.000000	0.000000	0.000000	0.000000	0.000000	0.000000
-0.958105	0.842227	0.801831	0.760986	0.000000	0.000000	0.000000	0.000000	0.000000	0.000000
-0.958105	0.842227	0.796300	0.760283	0.000000	0.000000	0.000000	0.000000	0.000000	0.000000
-0.958105	0.842227	0.800735	0.755366	0.000000	0.000000	0.000000	0.000000	0.000000	0.000000
-0.958105	0.842227	0.801732	0.759660	0.000000	0.000000	0.000000	0.000000	0.000000	0.000000
-0.958105	0.842227	0.800634	0.759692	0.000000	0.000000	0.000000	0.000000	0.000000	0.000000
-0.958105	0.842227	0.801841	0.755312	0.000000	0.000000	0.000000	0.000000	0.000000	0.000000
-0.958105	0.842227	0.802006	0.750965	0.000000	0.000000	0.000000	0.000000	0.000000	0.000000
-0.958105	0.842226	0.788162	0.732259	0.000000	0.000000	0.000000	0.000000	0.000000	0.000000
-0.958105	0.842227	0.800639	0.750865	0.000000	0.000000	0.000000	0.000000	0.000000	0.000000
-0.958105	0.842227	0.775885	0.758074	0.000000	0.000000	0.000000	0.000000	0.000000	0.000000
-0.958105	0.842227	0.801250	0.759967	0.000000	0.000000	0.000000	0.000000	0.000000	0.000000
-0.958105	0.842138	0.801518	0.741899	0.000000	0.000000	0.000000	0.000000	0.000000	0.000000
-0.958105	0.842227	0.801079	0.700226	0.000000	0.000000	0.000000	0.000000	0.000000	0.000000
-0.958105	0.842227	0.802071	0.760394	0.000000	0.000000	0.000000	0.000000	0.000000	0.000000
-0.958105	0.842226	0.801882	0.757638	0.000000	0.000000	0.000000	0.000000	0.000000	0.000000
-0.958105	0.842227	0.801874	0.737337	0.000000	0.000000	0.000000	0.000000	0.000000	0.000000
-0.958105	0.842227	0.800975	0.740120	0.000000	0.000000	0.000000	0.000000	0.000000	0.000000
-0.958105	0.842227	0.801747	0.759769	0.000000	0.000000	0.000000	0.000000	0.000000	0.000000
-0.958105	0.842227	0.802032	0.754369	0.000000	0.000000	0.000000	0.000000	0.000000	0.000000
-0.958105	0.842227	0.801797	0.759800	0.000000	0.000000	0.000000	0.000000	0.000000	0.000000
-0.958105	0.842227	0.802104	0.759357	0.000000	0.000000	0.000000	0.000000	0.000000	0.000000
-0.958105	0.842227	0.801842	0.760479	0.000000	0.000000	0.000000	0.000000	0.000000	0.000000
-0.958105	0.842227	0.801836	0.759293	0.000000	0.000000	0.000000	0.000000	0.000000	0.000000
-0.958105	0.842227	0.801953	0.759601	0.000000	0.000000	0.000000	0.000000	0.000000	0.000000
-0.958105	0.842227	0.801892	0.760319	0.000000	0.000000	0.000000	0.000000	0.000000	0.000000
-0.958105	0.842227	0.801762	0.740363	0.000000	0.000000	0.000000	0.000000	0.000000	0.000000
-0.958105	0.842227	0.801864	0.760198	0.000000	0.000000	0.000000	0.000000	0.000000	0.000000
-0.958105	0.842227	0.801943	0.760298	0.000000	0.000000	0.000000	0.000000	0.000000	0.000000
-0.958105	0.842227	0.801770	0.760165	0.000000	0.000000	0.000000	0.000000	0.000000	0.000000
-0.958105	0.842227	0.802059	0.760653	0.000000	0.000000	0.000000	0.000000	0.000000	0.000000
-0.958105	0.842227	0.801998	0.695949	0.000000	0.000000	0.000000	0.000000	0.000000	0.000000
-0.958105	0.842227	0.801766	0.759257	0.000000	0.000000	0.000000	0.000000	0.000000	0.000000
-0.958105	0.842227	0.801961	0.760805	0.000000	0.000000	0.000000	0.000000	0.000000	0.000000
-0.958105	0.842227	0.801802	0.760405	0.000000	0.000000	0.000000	0.000000	0.000000	0.000000
-0.958105	0.842115	0.801903	0.759179	0.000000	0.000000	0.000000	0.000000	0.000000	0.000000
-0.958105	0.842227	0.802159	0.759123	0.000000	0.000000	0.000000	0.000000	0.000000	0.000000
-0.958105	0.842227	0.801886	0.760194	0.000000	0.000000	0.000000	0.000000	0.000000	0.000000
-0.958105	0.842227	0.801878	0.759285	0.000000	0.000000	0.000000	0.000000	0.000000	0.000000
-0.958105	0.842227	0.802011	0.746332	0.000000	0.000000	0.000000	0.000000	0.000000	0.000000
-0.958105	0.842227	0.801859	0.759677	0.000000	0.000000	0.000000	0.000000	0.000000	0.000000
-0.958105	0.842227	0.801834	0.759957	0.000000	0.000000	0.000000	0.000000	0.000000	0.000000
-0.958105	0.842227	0.797234	0.760924	0.000000	0.000000	0.000000	0.000000	0.000000	0.000000
-0.958105	0.842227	0.737187	0.759935	0.000000	0.000000	0.000000	0.000000	0.000000	0.000000
-0.958105	0.842227	0.802090	0.756705	0.000000	0.000000	0.000000	0.000000	0.000000	0.000000
-0.958105	0.842227	0.802064	0.758499	0.000000	0.000000	0.000000	0.000000	0.000000	0.000000
-0.958105	0.842227	0.802109	0.758135	0.000000	0.000000	0.000000	0.000000	0.000000	0.000000
-0.958105	0.842227	0.801901	0.760945	0.000000	0.000000	0.000000	0.000000	0.000000	0.000000
-0.958105	0.842227	0.801966	0.760652	0.000000	0.000000	0.000000	0.000000	0.000000	0.000000
-0.958105	0.842213	0.802084	0.758539	0.000000	0.000000	0.000000	0.000000	0.000000	0.000000
-0.958105	0.842226	0.801962	0.760493	0.000000	0.000000	0.000000	0.000000	0.000000	0.000000
-0.958105	0.842227	0.796392	0.760150	0.000000	0.000000	0.000000	0.000000	0.000000	0.000000
-0.958105	0.842227	0.798830	0.759395	0.000000	0.000000	0.000000	0.000000	0.000000	0.000000
-0.958105	0.842227	0.802034	0.755937	0.000000	0.000000	0.000000	0.000000	0.000000	0.000000
-0.958105	0.842227	0.802138	0.514862	0.000000	0.000000	0.000000	0.000000	0.000000	0.000000
-0.958105	0.842227	0.801936	0.760241	0.000000	0.000000	0.000000	0.000000	0.000000	0.000000
-0.958105	0.842227	0.802094	0.758244	0.000000	0.000000	0.000000	0.000000	0.000000	0.000000
-0.958105	0.842227	0.801953	0.760600	0.000000	0.000000	0.000000	0.000000	0.000000	0.000000
-0.958105	0.842227	0.801896	0.722493	0.000000	0.000000	0.000000	0.000000	0.000000	0.000000
-0.958105	0.842227	0.801741	0.760585	0.000000	0.000000	0.000000	0.000000	0.000000	0.000000
-0.958105	0.842227	0.802031	0.750364	0.000000	0.000000	0.000000	0.000000	0.000000	0.000000
-0.958105	0.842227	0.802127	0.752900	0.000000	0.000000	0.000000	0.000000	0.000000	0.000000
-0.958105	0.842209	0.802016	0.760034	0.000000	0.000000	0.000000	0.000000	0.000000	0.000000
-0.958105	0.842227	0.801910	0.759562	0.000000	0.000000	0.000000	0.000000	0.000000	0.000000
-0.958105	0.842227	0.801822	0.755399	0.000000	0.000000	0.000000	0.000000	0.000000	0.000000
-0.958105	0.842227	0.801800	0.760221	0.000000	0.000000	0.000000	0.000000	0.000000	0.000000
-0.958105	0.842226	0.801838	0.760626	0.000000	0.000000	0.000000	0.000000	0.000000	0.000000
-0.958105	0.842227	0.802073	0.758386	0.000000	0.000000	0.000000	0.000000	0.000000	0.000000
-0.958105	0.842227	0.801911	0.757100	0.000000	0.000000	0.000000	0.000000	0.000000	0.000000
-0.958105	0.842227	0.801657	0.760136	0.000000	0.000000	0.000000	0.000000	0.000000	0.000000
-0.958105	0.842227	0.779864	0.738396	0.000000	0.000000	0.000000	0.000000	0.000000	0.000000
-0.958105	0.842227	0.800642	0.757900	0.000000	0.000000	0.000000	0.000000	0.000000	0.000000
-0.958105	0.842227	0.801332	0.760799	0.000000	0.000000	0.000000	0.000000	0.000000	0.000000
-0.958105	0.842227	0.801703	0.737431	0.000000	0.000000	0.000000	0.000000	0.000000	0.000000
-0.958105	0.842227	0.801951	0.760651	0.000000	0.000000	0.000000	0.000000	0.000000	0.000000
-0.958105	0.842227	0.801810	0.757033	0.000000	0.000000	0.000000	0.000000	0.000000	0.000000
-0.958105	0.842227	0.801976	0.753572	0.000000	0.000000	0.000000	0.000000	0.000000	0.000000
-0.958105	0.842227	0.802128	0.760477	0.000000	0.000000	0.000000	0.000000	0.000000	0.000000
-0.958105	0.842227	0.801807	0.760422	0.000000	0.000000	0.000000	0.000000	0.000000	0.000000
-0.958105	0.842227	0.801886	0.760668	0.000000	0.000000	0.000000	0.000000	0.000000	0.000000
-0.958105	0.842227	0.799996	0.759520	0.000000	0.000000	0.000000	0.000000	0.000000	0.000000
-0.958105	0.842227	0.801601	0.760128	0.000000	0.000000	0.000000	0.000000	0.000000	0.000000
-0.958105	0.842227	0.801780	0.759893	0.000000	0.000000	0.000000	0.000000	0.000000	0.000000
-0.958105	0.842227	0.801743	0.760168	0.000000	0.000000	0.000000	0.000000	0.000000	0.000000
-0.958105	0.842227	0.802188	0.742384	0.000000	0.000000	0.000000	0.000000	0.000000	0.000000
-0.958105	0.842227	0.801852	0.760207	0.000000	0.000000	0.000000	0.000000	0.000000	0.000000
-0.958105	0.842227	0.801938	0.696734	0.000000	0.000000	0.000000	0.000000	0.000000	0.000000
-0.958105	0.842227	0.801832	0.760781	0.000000	0.000000	0.000000	0.000000	0.000000	0.000000
-0.958105	0.842227	0.800150	0.758776	0.000000	0.000000	0.000000	0.000000	0.000000	0.000000
-0.958105	0.842227	0.802113	0.760164	0.000000	0.000000	0.000000	0.000000	0.000000	0.000000
-0.958105	0.842227	0.801944	0.761047	0.000000	0.000000	0.000000	0.000000	0.000000	0.000000
-0.958105	0.842227	0.800922	0.760498	0.000000	0.000000	0.000000	0.000000	0.000000	0.000000
-0.958105	0.842227	0.801948	0.761271	0.000000	0.000000	0.000000	0.000000	0.000000	0.000000
-0.958105	0.842227	0.801698	0.759280	0.000000	0.000000	0.000000	0.000000	0.000000	0.000000
-0.958105	0.842227	0.801983	0.760109	0.000000	0.000000	0.000000	0.000000	0.000000	0.000000
-0.958105	0.842227	0.801799	0.760096	0.000000	0.000000	0.000000	0.000000	0.000000	0.000000
-0.958105	0.842227	0.801848	0.752507	0.000000	0.000000	0.000000	0.000000	0.000000	0.000000
-0.958105	0.842227	0.801976	0.761032	0.000000	0.000000	0.000000	0.000000	0.000000	0.000000
-0.958105	0.842227	0.799651	0.760427	0.000000	0.000000	0.000000	0.000000	0.000000	0.000000
-0.958105	0.842227	0.801919	0.759877	0.000000	0.000000	0.000000	0.000000	0.000000	0.000000
-0.958105	0.842227	0.801973	0.760343	0.000000	0.000000	0.000000	0.000000	0.000000	0.000000
-0.958105	0.842227	0.801944	0.760934	0.000000	0.000000	0.000000	0.000000	0.000000	0.000000
-0.958105	0.842203	0.801944	0.760347	0.000000	0.000000	0.000000	0.000000	0.000000	0.000000
-0.958105	0.842227	0.801851	0.552032	0.000000	0.000000	0.000000	0.000000	0.000000	0.000000
-0.958105	0.842227	0.801885	0.760351	0.000000	0.000000	0.000000	0.000000	0.000000	0.000000
-0.958105	0.842227	0.801897	0.758777	0.000000	0.000000	0.000000	0.000000	0.000000	0.000000
-0.958105	0.842227	0.802132	0.760104	0.000000	0.000000	0.000000	0.000000	0.000000	0.000000
-0.958105	0.842225	0.801974	0.760458	0.000000	0.000000	0.000000	0.000000	0.000000	0.000000
-0.958105	0.842227	0.802072	0.760137	0.000000	0.000000	0.000000	0.000000	0.000000	0.000000
-0.958105	0.842227	0.801571	0.759974	0.000000	0.000000	0.000000	0.000000	0.000000	0.000000
-0.958105	0.842227	0.801937	0.759457	0.000000	0.000000	0.000000	0.000000	0.000000	0.000000
-0.958105	0.842227	0.801937	0.759688	0.000000	0.000000	0.000000	0.000000	0.000000	0.000000
-0.958105	0.842227	0.797006	0.757834	0.000000	0.000000	0.000000	0.000000	0.000000	0.000000
-0.958105	0.842227	0.779095	0.359171	0.000000	0.000000	0.000000	0.000000	0.000000	0.000000
-0.958105	0.842227	0.802240	0.760400	0.000000	0.000000	0.000000	0.000000	0.000000	0.000000
-0.958105	0.842227	0.801981	0.743767	0.000000	0.000000	0.000000	0.000000	0.000000	0.000000
-0.958105	0.842227	0.801575	0.750032	0.000000	0.000000	0.000000	0.000000	0.000000	0.000000
-0.958105	0.842227	0.801482	0.760838	0.000000	0.000000	0.000000	0.000000	0.000000	0.000000
-0.958105	0.842227	0.801962	0.760035	0.000000	0.000000	0.000000	0.000000	0.000000	0.000000
-0.958105	0.842227	0.801672	0.760258	0.000000	0.000000	0.000000	0.000000	0.000000	0.000000
-0.958105	0.842227	0.798168	0.760749	0.000000	0.000000	0.000000	0.000000	0.000000	0.000000
-0.958105	0.842227	0.802239	0.756984	0.000000	0.000000	0.000000	0.000000	0.000000	0.000000
-0.958105	0.842227	0.801947	0.752265	0.000000	0.000000	0.000000	0.000000	0.000000	0.000000
-0.958105	0.842227	0.801369	0.760923	0.000000	0.000000	0.000000	0.000000	0.000000	0.000000
-0.958105	0.842227	0.801733	0.759935	0.000000	0.000000	0.000000	0.000000	0.000000	0.000000
-0.958105	0.842227	0.801933	0.729310	0.000000	0.000000	0.000000	0.000000	0.000000	0.000000
-0.958105	0.842227	0.802032	0.755435	0.000000	0.000000	0.000000	0.000000	0.000000	0.000000
-0.958105	0.842227	0.802055	0.760254	0.000000	0.000000	0.000000	0.000000	0.000000	0.000000
-0.958105	0.842227	0.801939	0.717334	0.000000	0.000000	0.000000	0.000000	0.000000	0.000000
-0.958105	0.842227	0.801852	0.750723	0.000000	0.000000	0.000000	0.000000	0.000000	0.000000
-0.958105	0.842227	0.801686	0.761009	0.000000	0.000000	0.000000	0.000000	0.000000	0.000000
-0.958105	0.842227	0.798859	0.759681	0.000000	0.000000	0.000000	0.000000	0.000000	0.000000
-0.958105	0.842227	0.802078	0.760288	0.000000	0.000000	0.000000	0.000000	0.000000	0.000000
-0.958105	0.842223	0.801749	0.760529	0.000000	0.000000	0.000000	0.000000	0.000000	0.000000
-0.958105	0.842226	0.801868	0.759350	0.000000	0.000000	0.000000	0.000000	0.000000	0.000000
-0.958105	0.842227	0.802141	0.760783	0.000000	0.000000	0.000000	0.000000	0.000000	0.000000
-0.958105	0.842214	0.000005	0.000049	0.000000	0.000000	0.000000	0.000000	0.000000	0.000000
-0.958105	0.842227	-0.801546	-0.794167	0.000000	0.000000	0.000000	0.000000	0.000000	0.000000
-0.958105	0.842227	-0.802028	-0.791707	0.000000	0.000000	0.000000	0.000000	0.000000	0.000000
-0.958105	0.842227	-0.799714	-0.794174	0.000000	0.000000	0.000000	0.000000	0.000000	0.000000
-0.958105	0.842227	-0.802035	-0.794163	0.000000	0.000000	0.000000	0.000000	0.000000	0.000000
-0.958105	0.842227	-0.802037	-0.794115	0.000000	0.000000	0.000000	0.000000	0.000000	0.000000
-0.958105	0.842227	-0.629287	-0.794162	0.000000	0.000000	0.000000	0.000000	0.000000	0.000000
-0.958105	0.842227	-0.802037	-0.794004	0.000000	0.000000	0.000000	0.000000	0.000000	0.000000
-0.958105	0.842227	-0.802029	-0.794143	0.000000	0.000000	0.000000	0.000000	0.000000	0.000000
-0.958105	0.842225	-0.796439	-0.794172	0.000000	0.000000	0.000000	0.000000	0.000000	0.000000
-0.958105	0.842227	-0.802035	-0.793924	0.000000	0.000000	0.000000	0.000000	0.000000	0.000000
-0.958105	0.842227	-0.802031	-0.782890	0.000000	0.000000	0.000000	0.000000	0.000000	0.000000
-0.958105	0.842227	-0.801962	-0.781548	0.000000	0.000000	0.000000	0.000000	0.000000	0.000000
-0.958105	0.842227	-0.795717	-0.794174	0.000000	0.000000	0.000000	0.000000	0.000000	0.000000
-0.958105	0.842221	-0.802035	-0.793470	0.000000	0.000000	0.000000	0.000000	0.000000	0.000000
-0.958105	0.842227	-0.802037	-0.791824	0.000000	0.000000	0.000000	0.000000	0.000000	0.000000
-0.958105	0.842227	-0.802036	-0.793110	0.000000	0.000000	0.000000	0.000000	0.000000	0.000000
-0.958105	0.842227	-0.802035	-0.722763	0.000000	0.000000	0.000000	0.000000	0.000000	0.000000
-0.958105	0.842227	-0.801868	-0.793160	0.000000	0.000000	0.000000	0.000000	0.000000	0.000000
-0.958105	0.842227	-0.802035	-0.738715	0.000000	0.000000	0.000000	0.000000	0.000000	0.000000
-0.958105	0.842227	-0.794791	-0.790728	0.000000	0.000000	0.000000	0.000000	0.000000	0.000000
-0.958105	0.842227	-0.802037	-0.793939	0.000000	0.000000	0.000000	0.000000	0.000000	0.000000
-0.958105	0.842227	-0.802037	-0.794174	0.000000	0.000000	0.000000	0.000000	0.000000	0.000000
-0.958105	0.842227	-0.802037	-0.790525	0.000000	0.000000	0.000000	0.000000	0.000000	0.000000
-0.958105	0.842226	-0.802018	-0.794172	0.000000	0.000000	0.000000	0.000000	0.000000	0.000000
-0.958105	0.842227	-0.801802	-0.793593	0.000000	0.000000	0.000000	0.000000	0.000000	0.000000
-0.958105	0.842227	-0.802037	-0.793558	0.000000	0.000000	0.000000	0.000000	0.000000	0.000000
-0.958105	0.842227	-0.802036	-0.793997	0.000000	0.000000	0.000000	0.000000	0.000000	0.000000
-0.958105	0.842227	-0.802026	-0.793235	0.000000	0.000000	0.000000	0.000000	0.000000	0.000000
-0.958105	0.842227	-0.802034	-0.794165	0.000000	0.000000	0.000000	0.000000	0.000000	0.000000
-0.958105	0.842227	-0.802015	-0.792780	0.000000	0.000000	0.000000	0.000000	0.000000	0.000000
-0.958105	0.842225	-0.802037	-0.794174	0.000000	0.000000	0.000000	0.000000	0.000000	0.000000
-0.958105	0.842227	-0.770753	-0.787831	0.000000	0.000000	0.000000	0.000000	0.000000	0.000000
-0.958105	0.842227	-0.802033	-0.794171	0.000000	0.000000	0.000000	0.000000	0.000000	0.000000
-0.958105	0.842227	-0.802033	-0.785168	0.000000	0.000000	0.000000	0.000000	0.000000	0.000000
-0.958105	0.842227	-0.802037	-0.793397	0.000000	0.000000	0.000000	0.000000	0.000000	0.000000
-0.958105	0.842227	-0.802037	-0.794174	0.000000	0.000000	0.000000	0.000000	0.000000	0.000000
-0.958105	0.842227	-0.802037	-0.790990	0.000000	0.000000	0.000000	0.000000	0.000000	0.000000
-0.958105	0.842227	-0.802020	-0.721105	0.000000	0.000000	0.000000	0.000000	0.000000	0.000000
-0.958105	0.842227	-0.802005	-0.794144	0.000000	0.000000	0.000000	0.000000	0.000000	0.000000
-0.958105	0.842227	-0.802037	-0.792853	0.000000	0.000000	0.000000	0.000000	0.000000	0.000000
-0.958105	0.842227	-0.793885	-0.792515	0.000000	0.000000	0.000000	0.000000	0.000000	0.000000
-0.958105	0.842227	-0.802037	-0.794152	0.000000	0.000000	0.000000	0.000000	0.000000	0.000000
-0.958105	0.842227	-0.802034	-0.794145	0.000000	0.000000	0.000000	0.000000	0.000000	0.000000
-0.958105	0.842227	-0.802032	-0.794160	0.000000	0.000000	0.000000	0.000000	0.000000	0.000000
-0.958105	0.842227	-0.802028	-0.794157	0.000000	0.000000	0.000000	0.000000	0.000000	0.000000
-0.958105	0.842227	-0.801683	-0.792793	0.000000	0.000000	0.000000	0.000000	0.000000	0.000000
-0.958105	0.842227	-0.802037	-0.794143	0.000000	0.000000	0.000000	0.000000	0.000000	0.000000
-0.958105	0.842227	-0.802037	-0.478096	0.000000	0.000000	0.000000	0.000000	0.000000	0.000000
-0.958105	0.842227	-0.801870	-0.794174	0.000000	0.000000	0.000000	0.000000	0.000000	0.000000
-0.958105	0.842227	-0.802037	-0.794057	0.000000	0.000000	0.000000	0.000000	0.000000	0.000000
-0.958105	0.842227	-0.801981	-0.793859	0.000000	0.000000	0.000000	0.000000	0.000000	0.000000
-0.958105	0.842227	-0.802037	-0.794124	0.000000	0.000000	0.000000	0.000000	0.000000	0.000000
-0.958105	0.842227	-0.802037	-0.781614	0.000000	0.000000	0.000000	0.000000	0.000000	0.000000
-0.958105	0.842227	-0.802037	-0.794118	0.000000	0.000000	0.000000	0.000000	0.000000	0.000000
-0.958105	0.842227	-0.801933	-0.790247	0.000000	0.000000	0.000000	0.000000	0.000000	0.000000
-0.958105	0.842227	-0.802021	-0.793601	0.000000	0.000000	0.000000	0.000000	0.000000	0.000000
-0.958105	0.842227	-0.802036	-0.773219	0.000000	0.000000	0.000000	0.000000	0.000000	0.000000
-0.958105	0.842227	-0.802037	-0.787905	0.000000	0.000000	0.000000	0.000000	0.000000	0.000000
-0.958105	0.842227	-0.801955	-0.794146	0.000000	0.000000	0.000000	0.000000	0.000000	0.000000
-0.958105	0.842225	-0.802031	-0.794169	0.000000	0.000000	0.000000	0.000000	0.000000	0.000000
-0.958105	0.842227	-0.802034	-0.794100	0.000000	0.000000	0.000000	0.000000	0.000000	0.000000
-0.958105	0.842227	-0.802036	-0.794174	0.000000	0.000000	0.000000	0.000000	0.000000	0.000000
-0.958105	0.842227	-0.802037	-0.793692	0.000000	0.000000	0.000000	0.000000	0.000000	0.000000
-0.958105	0.842227	-0.802003	-0.794087	0.000000	0.000000	0.000000	0.000000	0.000000	0.000000
-0.958105	0.842227	-0.802036	-0.794091	0.000000	0.000000	0.000000	0.000000	0.000000	0.000000
-0.958105	0.842227	-0.802037	-0.788586	0.000000	0.000000	0.000000	0.000000	0.000000	0.000000
-0.958105	0.842227	-0.802025	-0.794100	0.000000	0.000000	0.000000	0.000000	0.000000	0.000000
-0.958105	0.842117	-0.802037	-0.790898	0.000000	0.000000	0.000000	0.000000	0.000000	0.000000
-0.958105	0.842227	-0.802037	-0.793992	0.000000	0.000000	0.000000	0.000000	0.000000	0.000000
-0.958105	0.842227	-0.799571	-0.793378	0.000000	0.000000	0.000000	0.000000	0.000000	0.000000
-0.958105	0.650685	-0.802037	-0.794158	0.000000	0.000000	0.000000	0.000000	0.000000	0.000000
-0.958105	0.842227	-0.802037	-0.794149	0.000000	0.000000	0.000000	0.000000	0.000000	0.000000
-0.958105	0.842227	-0.802037	-0.794048	0.000000	0.000000	0.000000	0.000000	0.000000	0.000000
-0.958105	0.842227	-0.801938	-0.794172	0.000000	0.000000	0.000000	0.000000	0.000000	0.000000
-0.958105	0.842227	-0.801992	-0.794169	0.000000	0.000000	0.000000	0.000000	0.000000	0.000000
-0.958105	0.842227	-0.801962	-0.793796	0.000000	0.000000	0.000000	0.000000	0.000000	0.000000
-0.958105	0.842227	-0.802020	-0.793794	0.000000	0.000000	0.000000	0.000000	0.000000	0.000000
-0.958105	0.842227	-0.801950	-0.791286	0.000000	0.000000	0.000000	0.000000	0.000000	0.000000
-0.958105	0.842227	-0.801610	-0.794170	0.000000	0.000000	0.000000	0.000000	0.000000	0.000000
-0.958105	0.842224	-0.801106	-0.794051	0.000000	0.000000	0.000000	0.000000	0.000000	0.000000
-0.958105	0.842227	-0.802037	-0.774199	0.000000	0.000000	0.000000	0.000000	0.000000	0.000000
-0.958105	0.841733	-0.802034	-0.794156	0.000000	0.000000	0.000000	0.000000	0.000000	0.000000
-0.958105	0.842227	-0.801566	-0.794091	0.000000	0.000000	0.000000	0.000000	0.000000	0.000000
-0.958105	0.842227	-0.802037	-0.794012	0.000000	0.000000	0.000000	0.000000	0.000000	0.000000
-0.958105	0.842227	-0.802037	-0.793674	0.000000	0.000000	0.000000	0.000000	0.000000	0.000000
-0.958105	0.842227	-0.802008	-0.794174	0.000000	0.000000	0.000000	0.000000	0.000000	0.000000
-0.958105	0.842226	-0.801912	-0.792325	0.000000	0.000000	0.000000	0.000000	0.000000	0.000000
-0.958105	0.842227	-0.802023	-0.793529	0.000000	0.000000	0.000000	0.000000	0.000000	0.000000
-0.958105	0.842227	-0.797867	-0.793812	0.000000	0.000000	0.000000	0.000000	0.000000	0.000000
-0.958105	0.842227	-0.801539	-0.793149	0.000000	0.000000	0.000000	0.000000	0.000000	0.000000
-0.958105	0.842227	-0.802036	-0.793715	0.000000	0.000000	0.000000	0.000000	0.000000	0.000000
-0.958105	0.842227	-0.802037	-0.793082	0.000000	0.000000	0.000000	0.000000	0.000000	0.000000
-0.958105	0.842227	-0.801740	-0.794166	0.000000	0.000000	0.000000	0.000000	0.000000	0.000000
-0.958105	0.842227	-0.802037	-0.790491	0.000000	0.000000	0.000000	0.000000	0.000000	0.000000
-0.958105	0.842227	-0.802033	-0.792936	0.000000	0.000000	0.000000	0.000000	0.000000	0.000000
-0.958105	0.842227	-0.802037	-0.794116	0.000000	0.000000	0.000000	0.000000	0.000000	0.000000
-0.958105	0.842227	-0.799921	-0.794160	0.000000	0.000000	0.000000	0.000000	0.000000	0.000000
-0.958105	0.842227	-0.802034	-0.793991	0.000000	0.000000	0.000000	0.000000	0.000000	0.000000
-0.958105	0.842227	-0.801985	-0.793998	0.000000	0.000000	0.000000	0.000000	0.000000	0.000000
-0.958105	0.842227	-0.800550	-0.794149	0.000000	0.000000	0.000000	0.000000	0.000000	0.000000
-0.958105	0.842227	-0.802031	-0.792170	0.000000	0.000000	0.000000	0.000000	0.000000	0.000000
-0.958105	0.842227	-0.801650	-0.794174	0.000000	0.000000	0.000000	0.000000	0.000000	0.000000
-0.958104	0.842227	-0.802031	-0.794174	0.000000	0.000000	0.000000	0.000000	0.000000	0.000000
-0.958105	0.842227	-0.802037	-0.794172	0.000000	0.000000	0.000000	0.000000	0.000000	0.000000
-0.958105	0.842227	-0.802037	-0.794172	0.000000	0.000000	0.000000	0.000000	0.000000	0.000000
-0.958105	0.842227	-0.802025	-0.793647	0.000000	0.000000	0.000000	0.000000	0.000000	0.000000
-0.958105	0.842227	-0.802037	-0.792833	0.000000	0.000000	0.000000	0.000000	0.000000	0.000000
-0.958105	0.842227	-0.802037	-0.794095	0.000000	0.000000	0.000000	0.000000	0.000000	0.000000
-0.958105	0.842227	-0.802035	-0.794170	0.000000	0.000000	0.000000	0.000000	0.000000	0.000000
-0.958105	0.842227	-0.802020	-0.794125	0.000000	0.000000	0.000000	0.000000	0.000000	0.000000
-0.958105	0.842227	-0.802037	-0.793943	0.000000	0.000000	0.000000	0.000000	0.000000	0.000000
-0.958105	0.842227	-0.802025	-0.794174	0.000000	0.000000	0.000000	0.000000	0.000000	0.000000
-0.958105	0.842227	-0.802037	-0.794172	0.000000	0.000000	0.000000	0.000000	0.000000	0.000000
-0.958105	0.842227	-0.802037	-0.794165	0.000000	0.000000	0.000000	0.000000	0.000000	0.000000
-0.958105	0.842227	-0.778198	-0.794160	0.000000	0.000000	0.000000	0.000000	0.000000	0.000000
-0.958105	0.842227	-0.801972	-0.794092	0.000000	0.000000	0.000000	0.000000	0.000000	0.000000
-0.958105	0.842227	-0.802037	-0.794146	0.000000	0.000000	0.000000	0.000000	0.000000	0.000000
-0.958105	0.842227	-0.801993	-0.793196	0.000000	0.000000	0.000000	0.000000	0.000000	0.000000
-0.958105	0.842227	-0.802036	-0.793990	0.000000	0.000000	0.000000	0.000000	0.000000	0.000000
-0.958105	0.842227	-0.802034	-0.794174	0.000000	0.000000	0.000000	0.000000	0.000000	0.000000
-0.958105	0.842227	-0.802034	-0.791868	0.000000	0.000000	0.000000	0.000000	0.000000	0.000000
-0.958105	0.842227	-0.802029	-0.789493	0.000000	0.000000	0.000000	0.000000	0.000000	0.000000
-0.958105	0.842227	-0.802030	-0.794099	0.000000	0.000000	0.000000	0.000000	0.000000	0.000000
-0.958105	0.842227	-0.802037	-0.793628	0.000000	0.000000	0.000000	0.000000	0.000000	0.000000
-0.958105	0.842227	-0.802035	-0.794172	0.000000	0.000000	0.000000	0.000000	0.000000	0.000000
-0.958105	0.842227	-0.802037	-0.794172	0.000000	0.000000	0.000000	0.000000	0.000000	0.000000
-0.958105	0.842227	-0.801997	-0.794084	0.000000	0.000000	0.000000	0.000000	0.000000	0.000000
-0.958105	0.842227	-0.802033	-0.784819	0.000000	0.000000	0.000000	0.000000	0.000000	0.000000
-0.958105	0.842227	-0.802035	-0.793641	0.000000	0.000000	0.000000	0.000000	0.000000	0.000000
-0.958105	0.842224	-0.801699	-0.776000	0.000000	0.000000	0.000000	0.000000	0.000000	0.000000
-0.958105	0.842227	-0.802035	-0.794174	0.000000	0.000000	0.000000	0.000000	0.000000	0.000000
-0.958105	0.842227	-0.802035	-0.794162	0.000000	0.000000	0.000000	0.000000	0.000000	0.000000
-0.958105	0.842227	-0.802037	-0.794174	0.000000	0.000000	0.000000	0.000000	0.000000	0.000000
-0.958105	0.842226	-0.801922	-0.794174	0.000000	0.000000	0.000000	0.000000	0.000000	0.000000
-0.958105	0.842227	-0.802037	-0.793674	0.000000	0.000000	0.000000	0.000000	0.000000	0.000000
-0.958105	0.842227	-0.802007	-0.794169	0.000000	0.000000	0.000000	0.000000	0.000000	0.000000
-0.958105	0.842227	-0.802035	-0.794174	0.000000	0.000000	0.000000	0.000000	0.000000	0.000000
-0.958105	0.842227	-0.801817	-0.793968	0.000000	0.000000	0.000000	0.000000	0.000000	0.000000
-0.958105	0.842227	-0.802037	-0.794164	0.000000	0.000000	0.000000	0.000000	0.000000	0.000000
-0.958105	0.842227	-0.802027	-0.794163	0.000000	0.000000	0.000000	0.000000	0.000000	0.000000
-0.958105	0.842227	-0.802037	-0.794174	0.000000	0.000000	0.000000	0.000000	0.000000	0.000000
-0.958105	0.842227	-0.801989	-0.794134	0.000000	0.000000	0.000000	0.000000	0.000000	0.000000
-0.958105	0.842227	-0.802037	-0.794169	0.000000	0.000000	0.000000	0.000000	0.000000	0.000000
-0.958105	0.842227	-0.802037	-0.793857	0.000000	0.000000	0.000000	0.000000	0.000000	0.000000
-0.958105	0.842227	-0.802035	-0.793766	0.000000	0.000000	0.000000	0.000000	0.000000	0.000000
-0.958105	0.842227	-0.801731	-0.794131	0.000000	0.000000	0.000000	0.000000	0.000000	0.000000
-0.958105	0.842227	-0.802037	-0.794088	0.000000	0.000000	0.000000	0.000000	0.000000	0.000000
-0.958105	0.842227	-0.802037	-0.794173	0.000000	0.000000	0.000000	0.000000	0.000000	0.000000
-0.958105	0.842227	-0.802037	-0.793381	0.000000	0.000000	0.000000	0.000000	0.000000	0.000000
-0.958105	0.842227	-0.801991	-0.794172	0.000000	0.000000	0.000000	0.000000	0.000000	0.000000
-0.958105	0.842227	-0.802037	-0.793710	0.000000	0.000000	0.000000	0.000000	0.000000	0.000000
-0.958105	0.842227	-0.802037	-0.793860	0.000000	0.000000	0.000000	0.000000	0.000000	0.000000
-0.958105	0.842227	-0.802037	-0.546793	0.000000	0.000000	0.000000	0.000000	0.000000	0.000000
-0.958105	0.842227	-0.802037	-0.793410	0.000000	0.000000	0.000000	0.000000	0.000000	0.000000
-0.958105	0.842227	-0.802037	-0.794023	0.000000	0.000000	0.000000	0.000000	0.000000	0.000000
-0.958105	0.842227	-0.801965	-0.794160	0.000000	0.000000	0.000000	0.000000	0.000000	0.000000
-0.958105	0.842227	-0.801959	-0.794103	0.000000	0.000000	0.000000	0.000000	0.000000	0.000000
-0.958105	0.842227	-0.802037	-0.793960	0.000000	0.000000	0.000000	0.000000	0.000000	0.000000
-0.958105	0.842227	-0.802030	-0.792752	0.000000	0.000000	0.000000	0.000000	0.000000	0.000000
-0.958105	0.842227	-0.802034	-0.794172	0.000000	0.000000	0.000000	0.000000	0.000000	0.000000
-0.958105	0.842227	-0.792364	-0.794000	0.000000	0.000000	0.000000	0.000000	0.000000	0.000000
-0.958105	0.842227	-0.802036	-0.794173	0.000000	0.000000	0.000000	0.000000	0.000000	0.000000
-0.958105	0.842227	-0.796685	-0.793967	0.000000	0.000000	0.000000	0.000000	0.000000	0.000000
-0.958105	0.842226	-0.802037	-0.793770	0.000000	0.000000	0.000000	0.000000	0.000000	0.000000
-0.958105	0.842227	-0.801307	-0.793036	0.000000	0.000000	0.000000	0.000000	0.000000	0.000000
-0.958105	0.842227	-0.800764	-0.794172	0.000000	0.000000	0.000000	0.000000	0.000000	0.000000
-0.958105	0.842227	-0.801971	-0.794159	0.000000	0.000000	0.000000	0.000000	0.000000	0.000000
-0.958105	0.842227	-0.801863	-0.794089	0.000000	0.000000	0.000000	0.000000	0.000000	0.000000
-0.958105	0.842227	-0.802034	-0.793600	0.000000	0.000000	0.000000	0.000000	0.000000	0.000000
-0.958105	0.842227	-0.802037	-0.788877	0.000000	0.000000	0.000000	0.000000	0.000000	0.000000
-0.958105	0.842227	-0.802036	-0.794174	0.000000	0.000000	0.000000	0.000000	0.000000	0.000000
-0.958105	0.842227	-0.801537	-0.793926	0.000000	0.000000	0.000000	0.000000	0.000000	0.000000
-0.958105	0.842227	-0.798772	-0.794124	0.000000	0.000000	0.000000	0.000000	0.000000	0.000000
-0.958105	0.842227	-0.802036	-0.794081	0.000000	0.000000	0.000000	0.000000	0.000000	0.000000
-0.958105	0.842227	-0.802037	-0.794038	0.000000	0.000000	0.000000	0.000000	0.000000	0.000000
-0.958105	0.842227	-0.801427	-0.794034	0.000000	0.000000	0.000000	0.000000	0.000000	0.000000
-0.958105	0.842227	-0.802037	-0.785586	0.000000	0.000000	0.000000	0.000000	0.000000	0.000000
-0.958105	0.842225	-0.801686	-0.785529	0.000000	0.000000	0.000000	0.000000	0.000000	0.000000
-0.958105	0.842227	-0.802014	-0.794122	0.000000	0.000000	0.000000	0.000000	0.000000	0.000000
-0.958105	0.842225	-0.802037	-0.794158	0.000000	0.000000	0.000000	0.000000	0.000000	0.000000
-0.958105	0.842227	-0.802021	-0.790018	0.000000	0.000000	0.000000	0.000000	0.000000	0.000000
-0.958105	0.842227	-0.802029	-0.794174	0.000000	0.000000	0.000000	0.000000	0.000000	0.000000
-0.958105	0.842227	-0.802037	-0.354753	0.000000	0.000000	0.000000	0.000000	0.000000	0.000000
-0.958105	0.842227	-0.802037	-0.794026	0.000000	0.000000	0.000000	0.000000	0.000000	0.000000
-0.958105	0.842227	-0.801677	-0.790856	0.000000	0.000000	0.000000	0.000000	0.000000	0.000000
-0.958105	0.842227	-0.802025	-0.791848	0.000000	0.000000	0.000000	0.000000	0.000000	0.000000
-0.958105	0.842227	-0.801741	-0.794078	0.000000	0.000000	0.000000	0.000000	0.000000	0.000000
-0.958105	0.842227	-0.801948	-0.794170	0.000000	0.000000	0.000000	0.000000	0.000000	0.000000
-0.958105	0.842227	-0.801854	-0.793126	0.000000	0.000000	0.000000	0.000000	0.000000	0.000000
-0.958105	0.842227	-0.802036	-0.794161	0.000000	0.000000	0.000000	0.000000	0.000000	0.000000
-0.958105	0.842222	-0.802037	-0.768924	0.000000	0.000000	0.000000	0.000000	0.000000	0.000000
-0.958105	0.842226	-0.802037	-0.778601	0.000000	0.000000	0.000000	0.000000	0.000000	0.000000
-0.958105	0.842227	-0.802037	-0.370575	0.000000	0.000000	0.000000	0.000000	0.000000	0.000000
-0.958105	0.842227	-0.802037	-0.793995	0.000000	0.000000	0.000000	0.000000	0.000000	0.000000
-0.958105	0.842227	-0.801696	-0.794174	0.000000	0.000000	0.000000	0.000000	0.000000	0.000000
-0.958105	0.842227	-0.802025	-0.794094	0.000000	0.000000	0.000000	0.000000	0.000000	0.000000
-0.958105	0.842227	-0.802020	-0.793932	0.000000	0.000000	0.000000	0.000000	0.000000	0.000000
-0.958105	0.842227	-0.802037	-0.793539	0.000000	0.000000	0.000000	0.000000	0.000000	0.000000
-0.958105	0.842227	-0.802035	-0.794171	0.000000	0.000000	0.000000	0.000000	0.000000	0.000000
-0.958105	0.842201	-0.802027	-0.792113	0.000000	0.000000	0.000000	0.000000	0.000000	0.000000
-0.958105	0.842227	-0.801888	-0.794174	0.000000	0.000000	0.000000	0.000000	0.000000	0.000000
-0.958105	0.842227	-0.802024	-0.794147	0.000000	0.000000	0.000000	0.000000	0.000000	0.000000
-0.958105	0.842227	-0.802019	-0.794172	0.000000	0.000000	0.000000	0.000000	0.000000	0.000000
-0.958105	0.842227	-0.802033	-0.794173	0.000000	0.000000	0.000000	0.000000	0.000000	0.000000
-0.958105	0.842227	-0.802037	-0.793746	0.000000	0.000000	0.000000	0.000000	0.000000	0.000000
-0.958105	0.842227	-0.784828	-0.792928	0.000000	0.000000	0.000000	0.000000	0.000000	0.000000
-0.958105	0.842227	-0.802027	-0.794100	0.000000	0.000000	0.000000	0.000000	0.000000	0.000000
-0.958105	0.842227	-0.802019	-0.793504	0.000000	0.000000	0.000000	0.000000	0.000000	0.000000
-0.958105	0.842227	-0.802035	-0.794173	0.000000	0.000000	0.000000	0.000000	0.000000	0.000000
-0.958105	0.842227	-0.802037	-0.794044	0.000000	0.000000	0.000000	0.000000	0.000000	0.000000
-0.958105	0.842227	-0.801719	-0.794172	0.000000	0.000000	0.000000	0.000000	0.000000	0.000000
-0.958105	0.842227	-0.801950	-0.793500	0.000000	0.000000	0.000000	0.000000	0.000000	0.000000
-0.958105	0.842227	-0.802028	-0.788279	0.000000	0.000000	0.000000	0.000000	0.000000	0.000000
-0.958105	0.842227	-0.802012	-0.787320	0.000000	0.000000	0.000000	0.000000	0.000000	0.000000
-0.958105	0.842227	-0.802029	-0.794169	0.000000	0.000000	0.000000	0.000000	0.000000	0.000000
-0.958105	0.842227	-0.768938	-0.794169	0.000000	0.000000	0.000000	0.000000	0.000000	0.000000
-0.958105	0.842227	-0.802024	-0.747038	0.000000	0.000000	0.000000	0.000000	0.000000	0.000000
-0.958105	0.842227	-0.802037	-0.793674	0.000000	0.000000	0.000000	0.000000	0.000000	0.000000
-0.958105	0.842227	-0.802004	-0.793909	0.000000	0.000000	0.000000	0.000000	0.000000	0.000000
-0.958105	0.842227	-0.802031	-0.794174	0.000000	0.000000	0.000000	0.000000	0.000000	0.000000
-0.958105	0.842227	-0.802026	-0.791210	0.000000	0.000000	0.000000	0.000000	0.000000	0.000000
-0.958105	0.842227	-0.797676	-0.793038	0.000000	0.000000	0.000000	0.000000	0.000000	0.000000
-0.958105	0.842227	-0.802037	-0.794158	0.000000	0.000000	0.000000	0.000000	0.000000	0.000000
-0.958105	0.842227	-0.802030	-0.794132	0.000000	0.000000	0.000000	0.000000	0.000000	0.000000
-0.958105	0.842227	-0.801070	-0.793772	0.000000	0.000000	0.000000	0.000000	0.000000	0.000000
-0.958105	0.842227	-0.801116	-0.794173	0.000000	0.000000	0.000000	0.000000	0.000000	0.000000
-0.958105	0.842227	-0.801904	-0.793643	0.000000	0.000000	0.000000	0.000000	0.000000	0.000000
-0.958105	0.842227	-0.802037	-0.793835	0.000000	0.000000	0.000000	0.000000	0.000000	0.000000
-0.958105	0.842227	-0.802031	-0.793731	0.000000	0.000000	0.000000	0.000000	0.000000	0.000000
-0.958105	0.842227	-0.801817	-0.794171	0.000000	0.000000	0.000000	0.000000	0.000000	0.000000
-0.958105	0.842227	-0.802024	-0.793864	0.000000	0.000000	0.000000	0.000000	0.000000	0.000000
-0.958105	0.842227	-0.802037	-0.789532	0.000000	0.000000	0.000000	0.000000	0.000000	0.000000
-0.958105	0.842227	-0.802037	-0.794172	0.000000	0.000000	0.000000	0.000000	0.000000	0.000000
-0.958105	0.842227	-0.794985	-0.794124	0.000000	0.000000	0.000000	0.000000	0.000000	0.000000
-0.958105	0.842227	-0.802035	-0.794157	0.000000	0.000000	0.000000	0.000000	0.000000	0.000000
-0.958105	0.842227	-0.801255	-0.772638	0.000000	0.000000	0.000000	0.000000	0.000000	0.000000
-0.958105	0.842227	-0.801938	-0.536190	0.000000	0.000000	0.000000	0.000000	0.000000	0.000000
-0.958105	0.842227	-0.802024	-0.794160	0.000000	0.000000	0.000000	0.000000	0.000000	0.000000
-0.958105	0.842227	-0.801848	-0.782221	0.000000	0.000000	0.000000	0.000000	0.000000	0.000000
-0.958105	0.842227	-0.801780	-0.793446	0.000000	0.000000	0.000000	0.000000	0.000000	0.000000
-0.958105	0.842219	-0.802034	-0.794174	0.000000	0.000000	0.000000	0.000000	0.000000	0.000000
-0.958105	0.842227	-0.802015	-0.786555	0.000000	0.000000	0.000000	0.000000	0.000000	0.000000
-0.958105	0.842227	-0.800846	-0.794123	0.000000	0.000000	0.000000	0.000000	0.000000	0.000000
-0.958105	0.842227	-0.801927	-0.794166	0.000000	0.000000	0.000000	0.000000	0.000000	0.000000
-0.958105	0.842227	-0.802005	-0.793544	0.000000	0.000000	0.000000	0.000000	0.000000	0.000000
-0.958105	0.842226	-0.802036	-0.786446	0.000000	0.000000	0.000000	0.000000	0.000000	0.000000
-0.958105	0.842227	-0.802036	-0.793848	0.000000	0.000000	0.000000	0.000000	0.000000	0.000000
-0.958105	0.842227	-0.802037	-0.794174	0.000000	0.000000	0.000000	0.000000	0.000000	0.000000
-0.958105	0.842222	-0.801992	-0.791948	0.000000	0.000000	0.000000	0.000000	0.000000	0.000000
