-0.961034	-0.875717	0.829376	-0.000000	0.000000	0.000000	0.000000	0.000000	0.000000	0.000000
-0.961034	-0.875717	0.829547	-0.000000	0.000000	0.000000	0.000000	0.000000	0.000000	0.000000
-0.961035	-0.875717	0.829251	-0.000000	0.000000	0.000000	0.000000	0.000000	0.000000	0.000000
-0.961035	-0.875717	0.828895	-0.000000	0.000000	0.000000	0.000000	0.000000	0.000000	0.000000
-0.961035	-0.875717	0.829779	-0.000000	0.000000	0.000000	0.000000	0.000000	0.000000	0.000000
-0.961035	-0.875717	0.829031	-0.000000	0.000000	0.000000	0.000000	0.000000	0.000000	0.000000
-0.961035	-0.875717	0.829981	-0.000000	0.000000	0.000000	0.000000	0.000000	0.000000	0.000000
-0.961035	-0.875717	0.829664	-0.000000	0.000000	0.000000	0.000000	0.000000	0.000000	0.000000
-0.961035	-0.875717	0.829597	0.000000	0.000000	0.000000	0.000000	0.000000	0.000000	0.000000
-0.961035	-0.875717	0.830750	-0.000000	0.000000	0.000000	0.000000	0.000000	0.000000	0.000000
-0.961035	-0.875717	0.830448	-0.000000	0.000000	0.000000	0.000000	0.000000	0.000000	0.000000
-0.961035	-0.875717	0.829822	-0.000000	0.000000	0.000000	0.000000	0.000000	0.000000	0.000000
-0.961035	-0.875717	0.829573	-0.000000	0.000000	0.000000	0.000000	0.000000	0.000000	0.000000
-0.961034	-0.875717	0.829387	-0.000000	0.000000	0.000000	0.000000	0.000000	0.000000	0.000000
-0.961035	-0.875717	0.830036	-0.000000	0.000000	0.000000	0.000000	0.000000	0.000000	0.000000
-0.961035	-0.875717	0.830086	-0.000000	0.000000	0.000000	0.000000	0.000000	0.000000	0.000000
-0.961035	-0.875717	0.829658	0.000000	0.000000	0.000000	0.000000	0.000000	0.000000	0.000000
-0.961035	-0.875717	0.830446	-0.000000	0.000000	0.000000	0.000000	0.000000	0.000000	0.000000
-0.961035	-0.875717	0.829452	-0.000000	0.000000	0.000000	0.000000	0.000000	0.000000	0.000000
-0.961035	-0.875717	0.829721	-0.000000	0.000000	0.000000	0.000000	0.000000	0.000000	0.000000
-0.961035	-0.875717	0.828997	-0.000000	0.000000	0.000000	0.000000	0.000000	0.000000	0.000000
-0.961035	-0.875717	0.829196	-0.000000	0.000000	0.000000	0.000000	0.000000	0.000000	0.000000
-0.961035	-0.875717	0.829174	0.000000	0.000000	0.000000	0.000000	0.000000	0.000000	0.000000
-0.961035	-0.875717	0.830625	-0.000000	0.000000	0.000000	0.000000	0.000000	0.000000	0.000000
-0.961035	-0.875717	0.829338	-0.000000	0.000000	0.000000	0.000000	0.000000	0.000000	0.000000
-0.961035	-0.875717	0.830235	0.000000	0.000000	0.000000	0.000000	0.000000	0.000000	0.000000
-0.961035	-0.875717	0.830277	0.000000	0.000000	0.000000	0.000000	0.000000	0.000000	0.000000
-0.961034	-0.875717	0.829862	-0.000000	0.000000	0.000000	0.000000	0.000000	0.000000	0.000000
-0.961034	-0.875717	0.829464	-0.000000	0.000000	0.000000	0.000000	0.000000	0.000000	0.000000
-0.961034	-0.875717	0.829911	-0.000000	0.000000	0.000000	0.000000	0.000000	0.000000	0.000000
-0.961035	-0.875717	0.829466	-0.000000	0.000000	0.000000	0.000000	0.000000	0.000000	0.000000
-0.961035	-0.875717	0.828949	0.000000	0.000000	0.000000	0.000000	0.000000	0.000000	0.000000
-0.961034	-0.875717	0.829505	-0.000000	0.000000	0.000000	0.000000	0.000000	0.000000	0.000000
-0.961034	-0.875717	0.829470	-0.000000	0.000000	0.000000	0.000000	0.000000	0.000000	0.000000
-0.961035	-0.875717	0.829521	-0.000000	0.000000	0.000000	0.000000	0.000000	0.000000	0.000000
-0.961035	-0.875717	0.830267	0.000000	0.000000	0.000000	0.000000	0.000000	0.000000	0.000000
-0.961035	-0.875717	0.830483	-0.000000	0.000000	0.000000	0.000000	0.000000	0.000000	0.000000
-0.961035	-0.875717	0.829418	0.000000	0.000000	0.000000	0.000000	0.000000	0.000000	0.000000
-0.961035	-0.875717	0.830709	-0.000000	0.000000	0.000000	0.000000	0.000000	0.000000	0.000000
-0.961034	-0.875717	0.829346	-0.000000	0.000000	0.000000	0.000000	0.000000	0.000000	0.000000
-0.961035	-0.875717	0.831069	-0.000000	0.000000	0.000000	0.000000	0.000000	0.000000	0.000000
-0.961035	-0.875717	0.831034	-0.000000	0.000000	0.000000	0.000000	0.000000	0.000000	0.000000
-0.961035	-0.875717	0.829465	0.000000	0.000000	0.000000	0.000000	0.000000	0.000000	0.000000
-0.961035	-0.875717	0.830315	0.000000	0.000000	0.000000	0.000000	0.000000	0.000000	0.000000
-0.961035	-0.875717	0.831167	-0.000000	0.000000	0.000000	0.000000	0.000000	0.000000	0.000000
-0.961035	-0.875717	0.830805	-0.000000	0.000000	0.000000	0.000000	0.000000	0.000000	0.000000
-0.961035	-0.875717	0.829772	-0.000000	0.000000	0.000000	0.000000	0.000000	0.000000	0.000000
-0.961035	-0.875717	0.829388	0.000000	0.000000	0.000000	0.000000	0.000000	0.000000	0.000000
-0.961035	-0.875717	0.829532	-0.000000	0.000000	0.000000	0.000000	0.000000	0.000000	0.000000
-0.961034	-0.875717	0.829767	-0.000000	0.000000	0.000000	0.000000	0.000000	0.000000	0.000000
-0.961035	-0.875717	0.828797	0.000000	0.000000	0.000000	0.000000	0.000000	0.000000	0.000000
-0.961035	-0.875717	0.831619	-0.000000	0.000000	0.000000	0.000000	0.000000	0.000000	0.000000
-0.961035	-0.875717	0.829891	-0.000000	0.000000	0.000000	0.000000	0.000000	0.000000	0.000000
-0.961035	-0.875717	0.830547	-0.000000	0.000000	0.000000	0.000000	0.000000	0.000000	0.000000
-0.961035	-0.875717	0.829323	0.000000	0.000000	0.000000	0.000000	0.000000	0.000000	0.000000
-0.961035	-0.875717	0.829536	-0.000000	0.000000	0.000000	0.000000	0.000000	0.000000	0.000000
-0.961035	-0.875717	0.828819	0.000000	0.000000	0.000000	0.000000	0.000000	0.000000	0.000000
-0.961035	-0.875717	0.830334	-0.000000	0.000000	0.000000	0.000000	0.000000	0.000000	0.000000
-0.961035	-0.875717	0.829404	-0.000000	0.000000	0.000000	0.000000	0.000000	0.000000	0.000000
-0.961034	-0.875717	0.828914	0.000000	0.000000	0.000000	0.000000	0.000000	0.000000	0.000000
-0.961035	-0.875717	0.829335	-0.000000	0.000000	0.000000	0.000000	0.000000	0.000000	0.000000
-0.961035	-0.875717	0.829689	0.000000	0.000000	0.000000	0.000000	0.000000	0.000000	0.000000
-0.961034	-0.875717	0.830186	-0.000000	0.000000	0.000000	0.000000	0.000000	0.000000	0.000000
-0.961035	-0.875717	0.829779	-0.000000	0.000000	0.000000	0.000000	0.000000	0.000000	0.000000
-0.961035	-0.875717	0.829095	0.000000	0.000000	0.000000	0.000000	0.000000	0.000000	0.000000
-0.961035	-0.875717	0.829634	0.000000	0.000000	0.000000	0.000000	0.000000	0.000000	0.000000
-0.961035	-0.875717	0.830514	-0.000000	0.000000	0.000000	0.000000	0.000000	0.000000	0.000000
-0.961035	-0.875717	0.829716	-0.000000	0.000000	0.000000	0.000000	0.000000	0.000000	0.000000
-0.961035	-0.875717	0.829399	0.000000	0.000000	0.000000	0.000000	0.000000	0.000000	0.000000
-0.961035	-0.875716	0.828910	-0.000000	0.000000	0.000000	0.000000	0.000000	0.000000	0.000000
-0.961035	-0.875717	0.829444	0.000000	0.000000	0.000000	0.000000	0.000000	0.000000	0.000000
-0.961035	-0.875717	0.830098	0.000000	0.000000	0.000000	0.000000	0.000000	0.000000	0.000000
-0.961034	-0.875717	0.830569	-0.000000	0.000000	0.000000	0.000000	0.000000	0.000000	0.000000
-0.961035	-0.875717	0.831292	-0.000000	0.000000	0.000000	0.000000	0.000000	0.000000	0.000000
-0.961035	-0.875717	0.830078	-0.000000	0.000000	0.000000	0.000000	0.000000	0.000000	0.000000
-0.961035	-0.875717	0.830514	-0.000000	0.000000	0.000000	0.000000	0.000000	0.000000	0.000000
-0.961035	-0.875717	0.830590	-0.000000	0.000000	0.000000	0.000000	0.000000	0.000000	0.000000
-0.961035	-0.875717	0.830217	-0.000000	0.000000	0.000000	0.000000	0.000000	0.000000	0.000000
-0.961034	-0.875717	0.830669	-0.000000	0.000000	0.000000	0.000000	0.000000	0.000000	0.000000
-0.961034	-0.875717	0.830145	-0.000000	0.000000	0.000000	0.000000	0.000000	0.000000	0.000000
-0.961035	-0.875717	0.829063	-0.000000	0.000000	0.000000	0.000000	0.000000	0.000000	0.000000
-0.961035	-0.875717	0.830331	-0.000000	0.000000	0.000000	0.000000	0.000000	0.000000	0.000000
-0.961035	-0.875717	0.829892	-0.000000	0.000000	0.000000	0.000000	0.000000	0.000000	0.000000
-0.961034	-0.875717	0.829913	-0.000000	0.000000	0.000000	0.000000	0.000000	0.000000	0.000000
-0.961035	-0.875717	0.831463	-0.000000	0.000000	0.000000	0.000000	0.000000	0.000000	0.000000
-0.961035	-0.875717	0.830194	-0.000000	0.000000	0.000000	0.000000	0.000000	0.000000	0.000000
-0.961034	-0.875717	0.830259	-0.000000	0.000000	0.000000	0.000000	0.000000	0.000000	0.000000
-0.961035	-0.875717	0.830177	-0.000000	0.000000	0.000000	0.000000	0.000000	0.000000	0.000000
-0.961035	-0.875717	0.828604	0.000000	0.000000	0.000000	0.000000	0.000000	0.000000	0.000000
-0.961034	-0.875717	0.829982	-0.000000	0.000000	0.000000	0.000000	0.000000	0.000000	0.000000
-0.961035	-0.875717	0.829745	-0.000000	0.000000	0.000000	0.000000	0.000000	0.000000	0.000000
-0.961035	-0.875717	0.830314	-0.000000	0.000000	0.000000	0.000000	0.000000	0.000000	0.000000
-0.961035	-0.875716	0.829631	-0.000000	0.000000	0.000000	0.000000	0.000000	0.000000	0.000000
-0.961035	-0.875717	0.828523	0.000000	0.000000	0.000000	0.000000	0.000000	0.000000	0.000000
-0.961035	-0.875717	0.828734	-0.000000	0.000000	0.000000	0.000000	0.000000	0.000000	0.000000
-0.961035	-0.875717	0.830041	-0.000000	0.000000	0.000000	0.000000	0.000000	0.000000	0.000000
-0.961035	-0.875717	0.829629	-0.000000	0.000000	0.000000	0.000000	0.000000	0.000000	0.000000
-0.961035	-0.875717	0.830644	-0.000000	0.000000	0.000000	0.000000	0.000000	0.000000	0.000000
-0.961035	-0.875717	0.830225	-0.000000	0.000000	0.000000	0.000000	0.000000	0.000000	0.000000
-0.961034	-0.875717	0.829410	-0.000000	0.000000	0.000000	0.000000	0.000000	0.000000	0.000000
-0.961035	-0.875717	0.830230	-0.000000	0.000000	0.000000	0.000000	0.000000	0.000000	0.000000
-0.961035	-0.875717	0.828049	0.000000	0.000000	0.000000	0.000000	0.000000	0.000000	0.000000
-0.961035	-0.875717	0.829080	0.000000	0.000000	0.000000	0.000000	0.000000	0.000000	0.000000
-0.961035	-0.875717	0.830050	-0.000000	0.000000	0.000000	0.000000	0.000000	0.000000	0.000000
-0.961035	-0.875717	0.829783	0.000000	0.000000	0.000000	0.000000	0.000000	0.000000	0.000000
-0.961035	-0.875717	0.829197	0.000000	0.000000	0.000000	0.000000	0.000000	0.000000	0.000000
-0.961035	-0.875717	0.829581	-0.000000	0.000000	0.000000	0.000000	0.000000	0.000000	0.000000
-0.961035	-0.875717	0.829758	-0.000000	0.000000	0.000000	0.000000	0.000000	0.000000	0.000000
-0.961035	-0.875717	0.830524	-0.000000	0.000000	0.000000	0.000000	0.000000	0.000000	0.000000
-0.961034	-0.875717	0.831470	-0.000000	0.000000	0.000000	0.000000	0.000000	0.000000	0.000000
-0.961035	-0.875717	0.830086	-0.000000	0.000000	0.000000	0.000000	0.000000	0.000000	0.000000
-0.961035	-0.875717	0.830611	-0.000000	0.000000	0.000000	0.000000	0.000000	0.000000	0.000000
-0.961035	-0.875717	0.829977	-0.000000	0.000000	0.000000	0.000000	0.000000	0.000000	0.000000
-0.961035	-0.875717	0.830133	-0.000000	0.000000	0.000000	0.000000	0.000000	0.000000	0.000000
-0.961035	-0.875717	0.830145	-0.000000	0.000000	0.000000	0.000000	0.000000	0.000000	0.000000
-0.961035	-0.875717	0.830557	-0.000000	0.000000	0.000000	0.000000	0.000000	0.000000	0.000000
-0.961035	-0.875717	0.829270	0.000000	0.000000	0.000000	0.000000	0.000000	0.000000	0.000000
-0.961035	-0.875717	0.829284	-0.000000	0.000000	0.000000	0.000000	0.000000	0.000000	0.000000
-0.961034	-0.875717	0.829506	-0.000000	0.000000	0.000000	0.000000	0.000000	0.000000	0.000000
-0.961035	-0.875717	0.830254	-0.000000	0.000000	0.000000	0.000000	0.000000	0.000000	0.000000
-0.961035	-0.875717	0.830337	-0.000000	0.000000	0.000000	0.000000	0.000000	0.000000	0.000000
-0.961035	-0.875717	0.829188	-0.000000	0.000000	0.000000	0.000000	0.000000	0.000000	0.000000
-0.961035	-0.875717	0.829999	-0.000000	0.000000	0.000000	0.000000	0.000000	0.000000	0.000000
-0.961035	-0.875717	0.829713	-0.000000	0.000000	0.000000	0.000000	0.000000	0.000000	0.000000
-0.961035	-0.875717	0.830380	-0.000000	0.000000	0.000000	0.000000	0.000000	0.000000	0.000000
-0.961035	-0.875717	0.829955	-0.000000	0.000000	0.000000	0.000000	0.000000	0.000000	0.000000
-0.961034	-0.875717	0.829810	-0.000000	0.000000	0.000000	0.000000	0.000000	0.000000	0.000000
-0.961035	-0.875717	0.830011	-0.000000	0.000000	0.000000	0.000000	0.000000	0.000000	0.000000
-0.961035	-0.875717	0.830424	-0.000000	0.000000	0.000000	0.000000	0.000000	0.000000	0.000000
-0.961035	-0.875717	0.830038	0.000000	0.000000	0.000000	0.000000	0.000000	0.000000	0.000000
-0.961035	-0.875717	0.828738	0.000000	0.000000	0.000000	0.000000	0.000000	0.000000	0.000000
-0.961035	-0.875717	0.829758	0.000000	0.000000	0.000000	0.000000	0.000000	0.000000	0.000000
-0.961034	-0.875717	0.829293	0.000000	0.000000	0.000000	0.000000	0.000000	0.000000	0.000000
-0.961035	-0.875717	0.827415	-0.000000	0.000000	0.000000	0.000000	0.000000	0.000000	0.000000
-0.961035	-0.875717	0.829949	-0.000000	0.000000	0.000000	0.000000	0.000000	0.000000	0.000000
-0.961035	-0.875717	0.830332	-0.000000	0.000000	0.000000	0.000000	0.000000	0.000000	0.000000
-0.961034	-0.875717	0.830761	-0.000000	0.000000	0.000000	0.000000	0.000000	0.000000	0.000000
-0.961035	-0.875717	0.829871	0.000000	0.000000	0.000000	0.000000	0.000000	0.000000	0.000000
-0.961035	-0.875717	0.829315	0.000000	0.000000	0.000000	0.000000	0.000000	0.000000	0.000000
-0.961035	-0.875717	0.830059	-0.000000	0.000000	0.000000	0.000000	0.000000	0.000000	0.000000
-0.961035	-0.875717	0.829265	-0.000000	0.000000	0.000000	0.000000	0.000000	0.000000	0.000000
-0.961035	-0.875717	0.829295	-0.000000	0.000000	0.000000	0.000000	0.000000	0.000000	0.000000
-0.961035	-0.875718	0.829897	0.000000	0.000000	0.000000	0.000000	0.000000	0.000000	0.000000
-0.961035	-0.875717	0.829664	-0.000000	0.000000	0.000000	0.000000	0.000000	0.000000	0.000000
-0.961035	-0.875717	0.829949	-0.000000	0.000000	0.000000	0.000000	0.000000	0.000000	0.000000
-0.961034	-0.875717	0.830313	-0.000000	0.000000	0.000000	0.000000	0.000000	0.000000	0.000000
-0.961035	-0.875717	0.829717	-0.000000	0.000000	0.000000	0.000000	0.000000	0.000000	0.000000
-0.961035	-0.875717	0.830480	-0.000000	0.000000	0.000000	0.000000	0.000000	0.000000	0.000000
-0.961035	-0.875717	0.828481	0.000000	0.000000	0.000000	0.000000	0.000000	0.000000	0.000000
-0.961035	-0.875578	0.829344	-0.000000	0.000000	0.000000	0.000000	0.000000	0.000000	0.000000
-0.961035	-0.875717	0.829565	-0.000000	0.000000	0.000000	0.000000	0.000000	0.000000	0.000000
-0.961035	-0.875717	0.829614	0.000000	0.000000	0.000000	0.000000	0.000000	0.000000	0.000000
-0.961035	-0.875717	0.829993	0.000000	0.000000	0.000000	0.000000	0.000000	0.000000	0.000000
-0.961035	-0.875717	0.829793	-0.000000	0.000000	0.000000	0.000000	0.000000	0.000000	0.000000
-0.961035	-0.875717	0.829542	-0.000000	0.000000	0.000000	0.000000	0.000000	0.000000	0.000000
-0.961035	-0.875717	0.830247	-0.000000	0.000000	0.000000	0.000000	0.000000	0.000000	0.000000
-0.961035	-0.875717	0.830433	-0.000000	0.000000	0.000000	0.000000	0.000000	0.000000	0.000000
-0.961035	-0.875717	0.830104	0.000000	0.000000	0.000000	0.000000	0.000000	0.000000	0.000000
-0.961035	-0.875717	0.830077	-0.000000	0.000000	0.000000	0.000000	0.000000	0.000000	0.000000
-0.961034	-0.875717	0.831978	-0.000000	0.000000	0.000000	0.000000	0.000000	0.000000	0.000000
-0.961034	-0.875717	0.828684	-0.000000	0.000000	0.000000	0.000000	0.000000	0.000000	0.000000
-0.961035	-0.875717	0.829078	-0.000000	0.000000	0.000000	0.000000	0.000000	0.000000	0.000000
-0.961035	-0.875717	0.829616	-0.000000	0.000000	0.000000	0.000000	0.000000	0.000000	0.000000
-0.961035	-0.875717	0.829406	0.000000	0.000000	0.000000	0.000000	0.000000	0.000000	0.000000
-0.961034	-0.875717	0.829902	-0.000000	0.000000	0.000000	0.000000	0.000000	0.000000	0.000000
-0.961035	-0.875717	0.829960	0.000000	0.000000	0.000000	0.000000	0.000000	0.000000	0.000000
-0.961035	-0.875717	0.829314	-0.000000	0.000000	0.000000	0.000000	0.000000	0.000000	0.000000
-0.961035	-0.875717	0.830274	-0.000000	0.000000	0.000000	0.000000	0.000000	0.000000	0.000000
-0.961035	-0.875717	0.829949	-0.000000	0.000000	0.000000	0.000000	0.000000	0.000000	0.000000
-0.961035	-0.875717	0.830540	-0.000000	0.000000	0.000000	0.000000	0.000000	0.000000	0.000000
-0.961035	-0.875717	0.829439	-0.000000	0.000000	0.000000	0.000000	0.000000	0.000000	0.000000
-0.961035	-0.875717	0.829002	0.000000	0.000000	0.000000	0.000000	0.000000	0.000000	0.000000
-0.961035	-0.875717	0.830034	-0.000000	0.000000	0.000000	0.000000	0.000000	0.000000	0.000000
-0.961035	-0.875717	0.830299	-0.000000	0.000000	0.000000	0.000000	0.000000	0.000000	0.000000
-0.961035	-0.875717	0.828909	0.000000	0.000000	0.000000	0.000000	0.000000	0.000000	0.000000
-0.961034	-0.875717	0.829847	0.000000	0.000000	0.000000	0.000000	0.000000	0.000000	0.000000
-0.961035	-0.875717	0.830303	-0.000000	0.000000	0.000000	0.000000	0.000000	0.000000	0.000000
-0.961035	-0.875717	0.829428	-0.000000	0.000000	0.000000	0.000000	0.000000	0.000000	0.000000
-0.961035	-0.875717	0.828914	0.000000	0.000000	0.000000	0.000000	0.000000	0.000000	0.000000
-0.961035	-0.875717	0.829742	-0.000000	0.000000	0.000000	0.000000	0.000000	0.000000	0.000000
-0.961035	-0.875717	0.829393	0.000000	0.000000	0.000000	0.000000	0.000000	0.000000	0.000000
-0.961035	-0.875717	0.829244	-0.000000	0.000000	0.000000	0.000000	0.000000	0.000000	0.000000
-0.961035	-0.875717	0.830633	-0.000000	0.000000	0.000000	0.000000	0.000000	0.000000	0.000000
-0.961035	-0.875717	0.828719	0.000000	0.000000	0.000000	0.000000	0.000000	0.000000	0.000000
-0.961035	-0.875717	0.829459	-0.000000	0.000000	0.000000	0.000000	0.000000	0.000000	0.000000
-0.961035	-0.875717	0.829119	0.000000	0.000000	0.000000	0.000000	0.000000	0.000000	0.000000
-0.961035	-0.875717	0.829359	-0.000000	0.000000	0.000000	0.000000	0.000000	0.000000	0.000000
-0.961035	-0.875717	0.830063	-0.000000	0.000000	0.000000	0.000000	0.000000	0.000000	0.000000
-0.961034	-0.875717	0.830993	-0.000000	0.000000	0.000000	0.000000	0.000000	0.000000	0.000000
-0.961035	-0.875717	0.830614	-0.000000	0.000000	0.000000	0.000000	0.000000	0.000000	0.000000
-0.961035	-0.875717	0.830029	-0.000000	0.000000	0.000000	0.000000	0.000000	0.000000	0.000000
-0.961035	-0.875717	0.831039	-0.000000	0.000000	0.000000	0.000000	0.000000	0.000000	0.000000
-0.961034	-0.875717	0.829191	0.000000	0.000000	0.000000	0.000000	0.000000	0.000000	0.000000
-0.961034	-0.875717	0.830377	-0.000000	0.000000	0.000000	0.000000	0.000000	0.000000	0.000000
-0.961035	-0.875717	0.829598	-0.000000	0.000000	0.000000	0.000000	0.000000	0.000000	0.000000
-0.961035	-0.875717	0.829749	-0.000000	0.000000	0.000000	0.000000	0.000000	0.000000	0.000000
-0.961035	-0.875717	0.830968	-0.000000	0.000000	0.000000	0.000000	0.000000	0.000000	0.000000
-0.961035	-0.875717	0.829707	0.000000	0.000000	0.000000	0.000000	0.000000	0.000000	0.000000
-0.961035	-0.875717	0.829019	-0.000000	0.000000	0.000000	0.000000	0.000000	0.000000	0.000000
-0.961035	-0.875717	0.829886	-0.000000	0.000000	0.000000	0.000000	0.000000	0.000000	0.000000
-0.961034	-0.875717	0.829907	0.000000	0.000000	0.000000	0.000000	0.000000	0.000000	0.000000
-0.961035	-0.875717	0.830599	-0.000000	0.000000	0.000000	0.000000	0.000000	0.000000	0.000000
-0.961035	-0.875717	0.829748	-0.000000	0.000000	0.000000	0.000000	0.000000	0.000000	0.000000
-0.961035	-0.875717	0.830039	-0.000000	0.000000	0.000000	0.000000	0.000000	0.000000	0.000000
-0.961035	-0.875717	0.830734	-0.000000	0.000000	0.000000	0.000000	0.000000	0.000000	0.000000
-0.961035	-0.875717	0.829386	0.000000	0.000000	0.000000	0.000000	0.000000	0.000000	0.000000
-0.961034	-0.875717	0.828957	-0.000000	0.000000	0.000000	0.000000	0.000000	0.000000	0.000000
-0.961035	-0.875717	0.829392	0.000000	0.000000	0.000000	0.000000	0.000000	0.000000	0.000000
-0.961035	-0.875717	0.830116	-0.000000	0.000000	0.000000	0.000000	0.000000	0.000000	0.000000
-0.961035	-0.875717	0.829847	-0.000000	0.000000	0.000000	0.000000	0.000000	0.000000	0.000000
-0.961035	-0.875717	0.829255	-0.000000	0.000000	0.000000	0.000000	0.000000	0.000000	0.000000
-0.961035	-0.875717	0.829670	-0.000000	0.000000	0.000000	0.000000	0.000000	0.000000	0.000000
-0.961035	-0.875717	0.828635	-0.000000	0.000000	0.000000	0.000000	0.000000	0.000000	0.000000
-0.961034	-0.875717	0.829525	-0.000000	0.000000	0.000000	0.000000	0.000000	0.000000	0.000000
-0.961034	-0.875717	0.830184	0.000000	0.000000	0.000000	0.000000	0.000000	0.000000	0.000000
-0.961035	-0.875717	0.829809	-0.000000	0.000000	0.000000	0.000000	0.000000	0.000000	0.000000
-0.961035	-0.875717	0.830499	-0.000000	0.000000	0.000000	0.000000	0.000000	0.000000	0.000000
-0.961035	-0.875717	0.830528	-0.000000	0.000000	0.000000	0.000000	0.000000	0.000000	0.000000
-0.961035	-0.875717	0.830988	-0.000000	0.000000	0.000000	0.000000	0.000000	0.000000	0.000000
-0.961034	-0.875717	0.829041	-0.000000	0.000000	0.000000	0.000000	0.000000	0.000000	0.000000
-0.961035	-0.875717	0.829444	-0.000000	0.000000	0.000000	0.000000	0.000000	0.000000	0.000000
-0.961035	-0.875717	0.828624	-0.000000	0.000000	0.000000	0.000000	0.000000	0.000000	0.000000
-0.961034	-0.875717	0.830536	-0.000000	0.000000	0.000000	0.000000	0.000000	0.000000	0.000000
-0.961034	-0.875717	0.829840	-0.000000	0.000000	0.000000	0.000000	0.000000	0.000000	0.000000
-0.961034	-0.875717	0.829670	-0.000000	0.000000	0.000000	0.000000	0.000000	0.000000	0.000000
-0.961035	-0.875717	0.829861	-0.000000	0.000000	0.000000	0.000000	0.000000	0.000000	0.000000
-0.961035	-0.875717	0.830291	-0.000000	0.000000	0.000000	0.000000	0.000000	0.000000	0.000000
-0.961034	-0.875717	0.830154	-0.000000	0.000000	0.000000	0.000000	0.000000	0.000000	0.000000
-0.961035	-0.875717	0.830702	-0.000000	0.000000	0.000000	0.000000	0.000000	0.000000	0.000000
-0.961035	-0.875717	0.830189	0.000000	0.000000	0.000000	0.000000	0.000000	0.000000	0.000000
-0.961035	-0.875717	0.829991	-0.000000	0.000000	0.000000	0.000000	0.000000	0.000000	0.000000
-0.961035	-0.875717	0.829024	0.000000	0.000000	0.000000	0.000000	0.000000	0.000000	0.000000
-0.961035	-0.875717	0.830013	-0.000000	0.000000	0.000000	0.000000	0.000000	0.000000	0.000000
-0.961035	-0.875717	0.830061	-0.000000	0.000000	0.000000	0.000000	0.000000	0.000000	0.000000
-0.961035	-0.875717	0.829050	-0.000000	0.000000	0.000000	0.000000	0.000000	0.000000	0.000000
-0.961034	-0.875717	0.830571	-0.000000	0.000000	0.000000	0.000000	0.000000	0.000000	0.000000
-0.961035	-0.875717	0.830147	-0.000000	0.000000	0.000000	0.000000	0.000000	0.000000	0.000000
-0.961035	-0.875717	0.829465	-0.000000	0.000000	0.000000	0.000000	0.000000	0.000000	0.000000
-0.961035	-0.875717	0.830005	-0.000000	0.000000	0.000000	0.000000	0.000000	0.000000	0.000000
-0.961034	-0.875717	0.829720	0.000000	0.000000	0.000000	0.000000	0.000000	0.000000	0.000000
-0.961034	-0.875717	0.829533	-0.000000	0.000000	0.000000	0.000000	0.000000	0.000000	0.000000
-0.961034	-0.875717	0.830034	-0.000000	0.000000	0.000000	0.000000	0.000000	0.000000	0.000000
-0.961035	-0.875717	0.830661	-0.000000	0.000000	0.000000	0.000000	0.000000	0.000000	0.000000
-0.961034	-0.875717	0.829522	-0.000000	0.000000	0.000000	0.000000	0.000000	0.000000	0.000000
-0.961035	-0.875717	0.830369	-0.000000	0.000000	0.000000	0.000000	0.000000	0.000000	0.000000
-0.961035	-0.875714	0.830320	-0.000000	0.000000	0.000000	0.000000	0.000000	0.000000	0.000000
-0.961035	-0.875717	0.830734	-0.000000	0.000000	0.000000	0.000000	0.000000	0.000000	0.000000
-0.961035	-0.875717	0.829934	-0.000000	0.000000	0.000000	0.000000	0.000000	0.000000	0.000000
-0.961034	-0.875717	0.830187	-0.000000	0.000000	0.000000	0.000000	0.000000	0.000000	0.000000
-0.961035	-0.875717	0.830540	-0.000000	0.000000	0.000000	0.000000	0.000000	0.000000	0.000000
-0.961035	-0.875209	0.178686	-0.000003	0.000000	0.000000	0.000000	0.000000	0.000000	0.000000
-0.961035	-0.875717	-0.914393	-0.808789	0.000000	0.000000	0.000000	0.000000	0.000000	0.000000
-0.961035	-0.875717	-0.913711	-0.808566	0.000000	0.000000	0.000000	0.000000	0.000000	0.000000
-0.961035	-0.875717	-0.913892	-0.808050	0.000000	0.000000	0.000000	0.000000	0.000000	0.000000
-0.961034	-0.875717	-0.913584	-0.808275	0.000000	0.000000	0.000000	0.000000	0.000000	0.000000
-0.961035	-0.875717	-0.914288	-0.807471	0.000000	0.000000	0.000000	0.000000	0.000000	0.000000
-0.961035	-0.875717	-0.913841	-0.808664	0.000000	0.000000	0.000000	0.000000	0.000000	0.000000
-0.961035	-0.875717	-0.913931	-0.807505	0.000000	0.000000	0.000000	0.000000	0.000000	0.000000
-0.961035	-0.875717	-0.913974	-0.807505	0.000000	0.000000	0.000000	0.000000	0.000000	0.000000
-0.961035	-0.875717	-0.913916	-0.807091	0.000000	0.000000	0.000000	0.000000	0.000000	0.000000
-0.961035	-0.875717	-0.913597	-0.808609	0.000000	0.000000	0.000000	0.000000	0.000000	0.000000
-0.961035	-0.875717	-0.913788	-0.807943	0.000000	0.000000	0.000000	0.000000	0.000000	0.000000
-0.961034	-0.875717	-0.914335	-0.807251	0.000000	0.000000	0.000000	0.000000	0.000000	0.000000
-0.961034	-0.875717	-0.913007	-0.808469	0.000000	0.000000	0.000000	0.000000	0.000000	0.000000
-0.961035	-0.875717	-0.914006	-0.807740	0.000000	0.000000	0.000000	0.000000	0.000000	0.000000
-0.961035	-0.875717	-0.914131	-0.807477	0.000000	0.000000	0.000000	0.000000	0.000000	0.000000
-0.961035	-0.875717	-0.913789	-0.807459	0.000000	0.000000	0.000000	0.000000	0.000000	0.000000
-0.961035	-0.875717	-0.913902	-0.808097	0.000000	0.000000	0.000000	0.000000	0.000000	0.000000
-0.961035	-0.875717	-0.913797	-0.807078	0.000000	0.000000	0.000000	0.000000	0.000000	0.000000
-0.961035	-0.875717	-0.913881	-0.807907	0.000000	0.000000	0.000000	0.000000	0.000000	0.000000
-0.961035	-0.875717	-0.913286	-0.808935	0.000000	0.000000	0.000000	0.000000	0.000000	0.000000
-0.961035	-0.875717	-0.913508	-0.808424	0.000000	0.000000	0.000000	0.000000	0.000000	0.000000
-0.961035	-0.875717	-0.913731	-0.808819	0.000000	0.000000	0.000000	0.000000	0.000000	0.000000
-0.961035	-0.875717	-0.914211	-0.807873	0.000000	0.000000	0.000000	0.000000	0.000000	0.000000
-0.961035	-0.875717	-0.914145	-0.808619	0.000000	0.000000	0.000000	0.000000	0.000000	0.000000
-0.961035	-0.875717	-0.914352	-0.807670	0.000000	0.000000	0.000000	0.000000	0.000000	0.000000
-0.961035	-0.875717	-0.913826	-0.807991	0.000000	0.000000	0.000000	0.000000	0.000000	0.000000
-0.961034	-0.875717	-0.913358	-0.807354	0.000000	0.000000	0.000000	0.000000	0.000000	0.000000
-0.961035	-0.875717	-0.913737	-0.807726	0.000000	0.000000	0.000000	0.000000	0.000000	0.000000
-0.961035	-0.875717	-0.914537	-0.807861	0.000000	0.000000	0.000000	0.000000	0.000000	0.000000
-0.961035	-0.875717	-0.914011	-0.807631	0.000000	0.000000	0.000000	0.000000	0.000000	0.000000
-0.961035	-0.875717	-0.914154	-0.807273	0.000000	0.000000	0.000000	0.000000	0.000000	0.000000
-0.961034	-0.875717	-0.914040	-0.808142	0.000000	0.000000	0.000000	0.000000	0.000000	0.000000
-0.961035	-0.875717	-0.913885	-0.808394	0.000000	0.000000	0.000000	0.000000	0.000000	0.000000
-0.961034	-0.875717	-0.913490	-0.808271	0.000000	0.000000	0.000000	0.000000	0.000000	0.000000
-0.961035	-0.875717	-0.914096	-0.807930	0.000000	0.000000	0.000000	0.000000	0.000000	0.000000
-0.961035	-0.875717	-0.913839	-0.807998	0.000000	0.000000	0.000000	0.000000	0.000000	0.000000
-0.961034	-0.875717	-0.913618	-0.807499	0.000000	0.000000	0.000000	0.000000	0.000000	0.000000
-0.961035	-0.875717	-0.913952	-0.808297	0.000000	0.000000	0.000000	0.000000	0.000000	0.000000
-0.961035	-0.875717	-0.913475	-0.807679	0.000000	0.000000	0.000000	0.000000	0.000000	0.000000
-0.961035	-0.875717	-0.913410	-0.807999	0.000000	0.000000	0.000000	0.000000	0.000000	0.000000
-0.961035	-0.875717	-0.914257	-0.807705	0.000000	0.000000	0.000000	0.000000	0.000000	0.000000
-0.961035	-0.875717	-0.913675	-0.807462	0.000000	0.000000	0.000000	0.000000	0.000000	0.000000
-0.961035	-0.875717	-0.913487	-0.808108	0.000000	0.000000	0.000000	0.000000	0.000000	0.000000
-0.961034	-0.875717	-0.913482	-0.808423	0.000000	0.000000	0.000000	0.000000	0.000000	0.000000
-0.961035	-0.875717	-0.914008	-0.807656	0.000000	0.000000	0.000000	0.000000	0.000000	0.000000
-0.961035	-0.875717	-0.914314	-0.807286	0.000000	0.000000	0.000000	0.000000	0.000000	0.000000
-0.961034	-0.875717	-0.913942	-0.808940	0.000000	0.000000	0.000000	0.000000	0.000000	0.000000
-0.961035	-0.875717	-0.914234	-0.807799	0.000000	0.000000	0.000000	0.000000	0.000000	0.000000
-0.961034	-0.875717	-0.913699	-0.808123	0.000000	0.000000	0.000000	0.000000	0.000000	0.000000
-0.961035	-0.875717	-0.913639	-0.807930	0.000000	0.000000	0.000000	0.000000	0.000000	0.000000
-0.961035	-0.875717	-0.914035	-0.807913	0.000000	0.000000	0.000000	0.000000	0.000000	0.000000
-0.961034	-0.875717	-0.913079	-0.809796	0.000000	0.000000	0.000000	0.000000	0.000000	0.000000
-0.961035	-0.875717	-0.914441	-0.808322	0.000000	0.000000	0.000000	0.000000	0.000000	0.000000
-0.961034	-0.875717	-0.914061	-0.808718	0.000000	0.000000	0.000000	0.000000	0.000000	0.000000
-0.961034	-0.875717	-0.914391	-0.807364	0.000000	0.000000	0.000000	0.000000	0.000000	0.000000
-0.961035	-0.875717	-0.913752	-0.808047	0.000000	0.000000	0.000000	0.000000	0.000000	0.000000
-0.961035	-0.875717	-0.913423	-0.808464	0.000000	0.000000	0.000000	0.000000	0.000000	0.000000
-0.961035	-0.875717	-0.913967	-0.779981	0.000000	0.000000	0.000000	0.000000	0.000000	0.000000
-0.961035	-0.875717	-0.914268	-0.806912	0.000000	0.000000	0.000000	0.000000	0.000000	0.000000
-0.961034	-0.875717	-0.913785	-0.807718	0.000000	0.000000	0.000000	0.000000	0.000000	0.000000
-0.961034	-0.875717	-0.914223	-0.807699	0.000000	0.000000	0.000000	0.000000	0.000000	0.000000
-0.961035	-0.875717	-0.914195	-0.807533	0.000000	0.000000	0.000000	0.000000	0.000000	0.000000
-0.961035	-0.875717	-0.914368	-0.807889	0.000000	0.000000	0.000000	0.000000	0.000000	0.000000
-0.961035	-0.875717	-0.913845	-0.807133	0.000000	0.000000	0.000000	0.000000	0.000000	0.000000
-0.961035	-0.875717	-0.913896	-0.808051	0.000000	0.000000	0.000000	0.000000	0.000000	0.000000
-0.961035	-0.875717	-0.914225	-0.807163	0.000000	0.000000	0.000000	0.000000	0.000000	0.000000
-0.961035	-0.875717	-0.914375	-0.807095	0.000000	0.000000	0.000000	0.000000	0.000000	0.000000
-0.961035	-0.875717	-0.913936	-0.807809	0.000000	0.000000	0.000000	0.000000	0.000000	0.000000
-0.961034	-0.875717	-0.913895	-0.807737	0.000000	0.000000	0.000000	0.000000	0.000000	0.000000
-0.961035	-0.875717	-0.914484	-0.806919	0.000000	0.000000	0.000000	0.000000	0.000000	0.000000
-0.961035	-0.875717	-0.913535	-0.808935	0.000000	0.000000	0.000000	0.000000	0.000000	0.000000
-0.961035	-0.875717	-0.913920	-0.808035	0.000000	0.000000	0.000000	0.000000	0.000000	0.000000
-0.961035	-0.875717	-0.914267	-0.807401	0.000000	0.000000	0.000000	0.000000	0.000000	0.000000
-0.961034	-0.875717	-0.913608	-0.808364	0.000000	0.000000	0.000000	0.000000	0.000000	0.000000
-0.961034	-0.875717	-0.913134	-0.809029	0.000000	0.000000	0.000000	0.000000	0.000000	0.000000
-0.961035	-0.875717	-0.914024	-0.807941	0.000000	0.000000	0.000000	0.000000	0.000000	0.000000
-0.961035	-0.875717	-0.914378	-0.807828	0.000000	0.000000	0.000000	0.000000	0.000000	0.000000
-0.961035	-0.875717	-0.912447	-0.808117	0.000000	0.000000	0.000000	0.000000	0.000000	0.000000
-0.961035	-0.875717	-0.913937	-0.808221	0.000000	0.000000	0.000000	0.000000	0.000000	0.000000
-0.961035	-0.875717	-0.913892	-0.808455	0.000000	0.000000	0.000000	0.000000	0.000000	0.000000
-0.961035	-0.875717	-0.913825	-0.808168	0.000000	0.000000	0.000000	0.000000	0.000000	0.000000
-0.961035	-0.875717	-0.914035	-0.808141	0.000000	0.000000	0.000000	0.000000	0.000000	0.000000
-0.961034	-0.875717	-0.914191	-0.808175	0.000000	0.000000	0.000000	0.000000	0.000000	0.000000
-0.961035	-0.875717	-0.914338	-0.806102	0.000000	0.000000	0.000000	0.000000	0.000000	0.000000
-0.961035	-0.875717	-0.914262	-0.807870	0.000000	0.000000	0.000000	0.000000	0.000000	0.000000
-0.961035	-0.875717	-0.913564	-0.808872	0.000000	0.000000	0.000000	0.000000	0.000000	0.000000
-0.961035	-0.875717	-0.913663	-0.808319	0.000000	0.000000	0.000000	0.000000	0.000000	0.000000
-0.961035	-0.875717	-0.913686	-0.807985	0.000000	0.000000	0.000000	0.000000	0.000000	0.000000
-0.961034	-0.875717	-0.913776	-0.808187	0.000000	0.000000	0.000000	0.000000	0.000000	0.000000
-0.961035	-0.875717	-0.913746	-0.807619	0.000000	0.000000	0.000000	0.000000	0.000000	0.000000
-0.961035	-0.875717	-0.914748	-0.808074	0.000000	0.000000	0.000000	0.000000	0.000000	0.000000
-0.961035	-0.875717	-0.913539	-0.808070	0.000000	0.000000	0.000000	0.000000	0.000000	0.000000
-0.961035	-0.875717	-0.914221	-0.807723	0.000000	0.000000	0.000000	0.000000	0.000000	0.000000
-0.961035	-0.875717	-0.913740	-0.807332	0.000000	0.000000	0.000000	0.000000	0.000000	0.000000
-0.961035	-0.875717	-0.914121	-0.807780	0.000000	0.000000	0.000000	0.000000	0.000000	0.000000
-0.961035	-0.875717	-0.913897	-0.807268	0.000000	0.000000	0.000000	0.000000	0.000000	0.000000
-0.961035	-0.875717	-0.913896	-0.807947	0.000000	0.000000	0.000000	0.000000	0.000000	0.000000
-0.961034	-0.875717	-0.913901	-0.807791	0.000000	0.000000	0.000000	0.000000	0.000000	0.000000
-0.961035	-0.875716	-0.914229	-0.808171	0.000000	0.000000	0.000000	0.000000	0.000000	0.000000
-0.961035	-0.875717	-0.913677	-0.808524	0.000000	0.000000	0.000000	0.000000	0.000000	0.000000
-0.961035	-0.875717	-0.913935	-0.807554	0.000000	0.000000	0.000000	0.000000	0.000000	0.000000
-0.961035	-0.875717	-0.913829	-0.808207	0.000000	0.000000	0.000000	0.000000	0.000000	0.000000
-0.961035	-0.875717	-0.914477	-0.807545	0.000000	0.000000	0.000000	0.000000	0.000000	0.000000
-0.961035	-0.875717	-0.913661	-0.808586	0.000000	0.000000	0.000000	0.000000	0.000000	0.000000
-0.961034	-0.875717	-0.914103	-0.807851	0.000000	0.000000	0.000000	0.000000	0.000000	0.000000
-0.961035	-0.875717	-0.914107	-0.807668	0.000000	0.000000	0.000000	0.000000	0.000000	0.000000
-0.961035	-0.875717	-0.914531	-0.807321	0.000000	0.000000	0.000000	0.000000	0.000000	0.000000
-0.961035	-0.875717	-0.914017	-0.808634	0.000000	0.000000	0.000000	0.000000	0.000000	0.000000
-0.961035	-0.875717	-0.913526	-0.808269	0.000000	0.000000	0.000000	0.000000	0.000000	0.000000
-0.961035	-0.875717	-0.913682	-0.808685	0.000000	0.000000	0.000000	0.000000	0.000000	0.000000
-0.961034	-0.875717	-0.914080	-0.807889	0.000000	0.000000	0.000000	0.000000	0.000000	0.000000
-0.961035	-0.875717	-0.914378	-0.808334	0.000000	0.000000	0.000000	0.000000	0.000000	0.000000
-0.961034	-0.875717	-0.914287	-0.808438	0.000000	0.000000	0.000000	0.000000	0.000000	0.000000
-0.961035	-0.875717	-0.914052	-0.807623	0.000000	0.000000	0.000000	0.000000	0.000000	0.000000
-0.961035	-0.875717	-0.913378	-0.808352	0.000000	0.000000	0.000000	0.000000	0.000000	0.000000
-0.961035	-0.875717	-0.913500	-0.808648	0.000000	0.000000	0.000000	0.000000	0.000000	0.000000
-0.961035	-0.875717	-0.914038	-0.807999	0.000000	0.000000	0.000000	0.000000	0.000000	0.000000
-0.961035	-0.875717	-0.913772	-0.807120	0.000000	0.000000	0.000000	0.000000	0.000000	0.000000
-0.961035	-0.875717	-0.914245	-0.807535	0.000000	0.000000	0.000000	0.000000	0.000000	0.000000
-0.961034	-0.875717	-0.913976	-0.808602	0.000000	0.000000	0.000000	0.000000	0.000000	0.000000
-0.961035	-0.875717	-0.914373	-0.807860	0.000000	0.000000	0.000000	0.000000	0.000000	0.000000
-0.961035	-0.875717	-0.913382	-0.808275	0.000000	0.000000	0.000000	0.000000	0.000000	0.000000
-0.961035	-0.875717	-0.913588	-0.807986	0.000000	0.000000	0.000000	0.000000	0.000000	0.000000
-0.961035	-0.875717	-0.914117	-0.808532	0.000000	0.000000	0.000000	0.000000	0.000000	0.000000
-0.961034	-0.875717	-0.914571	-0.767209	0.000000	0.000000	0.000000	0.000000	0.000000	0.000000
-0.961035	-0.875717	-0.913693	-0.807829	0.000000	0.000000	0.000000	0.000000	0.000000	0.000000
-0.961035	-0.875717	-0.913543	-0.807847	0.000000	0.000000	0.000000	0.000000	0.000000	0.000000
-0.961035	-0.875717	-0.914240	-0.807751	0.000000	0.000000	0.000000	0.000000	0.000000	0.000000
-0.961035	-0.875717	-0.914107	-0.808120	0.000000	0.000000	0.000000	0.000000	0.000000	0.000000
-0.961035	-0.875718	-0.914000	-0.807035	0.000000	0.000000	0.000000	0.000000	0.000000	0.000000
-0.961035	-0.875717	-0.914422	-0.808201	0.000000	0.000000	0.000000	0.000000	0.000000	0.000000
-0.961035	-0.875717	-0.913677	-0.808116	0.000000	0.000000	0.000000	0.000000	0.000000	0.000000
-0.961034	-0.875717	-0.913527	-0.807785	0.000000	0.000000	0.000000	0.000000	0.000000	0.000000
-0.961035	-0.875717	-0.913619	-0.807185	0.000000	0.000000	0.000000	0.000000	0.000000	0.000000
-0.961035	-0.875717	-0.913866	-0.807899	0.000000	0.000000	0.000000	0.000000	0.000000	0.000000
-0.961035	-0.875717	-0.914487	-0.808138	0.000000	0.000000	0.000000	0.000000	0.000000	0.000000
-0.961035	-0.875717	-0.913823	-0.807604	0.000000	0.000000	0.000000	0.000000	0.000000	0.000000
-0.961035	-0.875717	-0.914030	-0.807921	0.000000	0.000000	0.000000	0.000000	0.000000	0.000000
-0.961035	-0.875717	-0.914197	-0.806074	0.000000	0.000000	0.000000	0.000000	0.000000	0.000000
-0.961034	-0.875717	-0.914059	-0.807552	0.000000	0.000000	0.000000	0.000000	0.000000	0.000000
-0.961035	-0.875717	-0.914355	-0.807067	0.000000	0.000000	0.000000	0.000000	0.000000	0.000000
-0.961035	-0.875717	-0.913763	-0.808505	0.000000	0.000000	0.000000	0.000000	0.000000	0.000000
-0.961035	-0.875717	-0.913869	-0.808292	0.000000	0.000000	0.000000	0.000000	0.000000	0.000000
-0.961035	-0.875717	-0.914480	-0.807896	0.000000	0.000000	0.000000	0.000000	0.000000	0.000000
-0.961035	-0.875717	-0.913743	-0.807927	0.000000	0.000000	0.000000	0.000000	0.000000	0.000000
-0.961035	-0.875717	-0.913279	-0.808431	0.000000	0.000000	0.000000	0.000000	0.000000	0.000000
-0.961034	-0.875717	-0.914111	-0.807321	0.000000	0.000000	0.000000	0.000000	0.000000	0.000000
-0.961035	-0.875717	-0.914128	-0.807829	0.000000	0.000000	0.000000	0.000000	0.000000	0.000000
-0.961035	-0.875717	-0.913891	-0.808394	0.000000	0.000000	0.000000	0.000000	0.000000	0.000000
-0.961035	-0.875717	-0.913923	-0.807851	0.000000	0.000000	0.000000	0.000000	0.000000	0.000000
-0.961034	-0.875717	-0.913481	-0.808665	0.000000	0.000000	0.000000	0.000000	0.000000	0.000000
-0.961035	-0.875717	-0.914087	-0.808132	0.000000	0.000000	0.000000	0.000000	0.000000	0.000000
-0.961035	-0.875717	-0.913635	-0.807681	0.000000	0.000000	0.000000	0.000000	0.000000	0.000000
-0.961035	-0.875717	-0.914126	-0.807129	0.000000	0.000000	0.000000	0.000000	0.000000	0.000000
-0.961035	-0.875717	-0.913913	-0.807868	0.000000	0.000000	0.000000	0.000000	0.000000	0.000000
-0.961035	-0.875717	-0.913877	-0.808021	0.000000	0.000000	0.000000	0.000000	0.000000	0.000000
-0.961035	-0.875717	-0.914163	-0.807861	0.000000	0.000000	0.000000	0.000000	0.000000	0.000000
-0.961035	-0.875717	-0.913831	-0.808133	0.000000	0.000000	0.000000	0.000000	0.000000	0.000000
-0.961035	-0.875717	-0.913192	-0.807902	0.000000	0.000000	0.000000	0.000000	0.000000	0.000000
-0.961035	-0.875717	-0.914014	-0.807380	0.000000	0.000000	0.000000	0.000000	0.000000	0.000000
-0.961035	-0.875716	-0.913554	-0.808289	0.000000	0.000000	0.000000	0.000000	0.000000	0.000000
-0.961035	-0.875717	-0.914084	-0.808171	0.000000	0.000000	0.000000	0.000000	0.000000	0.000000
-0.961035	-0.875717	-0.913611	-0.807667	0.000000	0.000000	0.000000	0.000000	0.000000	0.000000
-0.961035	-0.875717	-0.913529	-0.807852	0.000000	0.000000	0.000000	0.000000	0.000000	0.000000
-0.961035	-0.875717	-0.914001	-0.807936	0.000000	0.000000	0.000000	0.000000	0.000000	0.000000
-0.961035	-0.875717	-0.914100	-0.808332	0.000000	0.000000	0.000000	0.000000	0.000000	0.000000
-0.961034	-0.875717	-0.913751	-0.808308	0.000000	0.000000	0.000000	0.000000	0.000000	0.000000
-0.961035	-0.875717	-0.914130	-0.808371	0.000000	0.000000	0.000000	0.000000	0.000000	0.000000
-0.961035	-0.875717	-0.913563	-0.808114	0.000000	0.000000	0.000000	0.000000	0.000000	0.000000
-0.961035	-0.875717	-0.914168	-0.808212	0.000000	0.000000	0.000000	0.000000	0.000000	0.000000
-0.961035	-0.875717	-0.914251	-0.807626	0.000000	0.000000	0.000000	0.000000	0.000000	0.000000
-0.961034	-0.875717	-0.913992	-0.808114	0.000000	0.000000	0.000000	0.000000	0.000000	0.000000
-0.961035	-0.875717	-0.914423	-0.807306	0.000000	0.000000	0.000000	0.000000	0.000000	0.000000
-0.961035	-0.875717	-0.914026	-0.807894	0.000000	0.000000	0.000000	0.000000	0.000000	0.000000
-0.961035	-0.875717	-0.914135	-0.807846	0.000000	0.000000	0.000000	0.000000	0.000000	0.000000
-0.961035	-0.875717	-0.913969	-0.808933	0.000000	0.000000	0.000000	0.000000	0.000000	0.000000
-0.961035	-0.875717	-0.913288	-0.808237	0.000000	0.000000	0.000000	0.000000	0.000000	0.000000
-0.961035	-0.875717	-0.913813	-0.808964	0.000000	0.000000	0.000000	0.000000	0.000000	0.000000
-0.961035	-0.875717	-0.913936	-0.807842	0.000000	0.000000	0.000000	0.000000	0.000000	0.000000
-0.961035	-0.875717	-0.914033	-0.804599	0.000000	0.000000	0.000000	0.000000	0.000000	0.000000
-0.961035	-0.875716	-0.913556	-0.808929	0.000000	0.000000	0.000000	0.000000	0.000000	0.000000
-0.961034	-0.875717	-0.913863	-0.808116	0.000000	0.000000	0.000000	0.000000	0.000000	0.000000
-0.961035	-0.875717	-0.914068	-0.808166	0.000000	0.000000	0.000000	0.000000	0.000000	0.000000
-0.961035	-0.875717	-0.913993	-0.808428	0.000000	0.000000	0.000000	0.000000	0.000000	0.000000
-0.961035	-0.875717	-0.914062	-0.807451	0.000000	0.000000	0.000000	0.000000	0.000000	0.000000
-0.961034	-0.875717	-0.914290	-0.808037	0.000000	0.000000	0.000000	0.000000	0.000000	0.000000
-0.961035	-0.875717	-0.913685	-0.808344	0.000000	0.000000	0.000000	0.000000	0.000000	0.000000
-0.961034	-0.875717	-0.914426	-0.807105	0.000000	0.000000	0.000000	0.000000	0.000000	0.000000
-0.961035	-0.875717	-0.913726	-0.808243	0.000000	0.000000	0.000000	0.000000	0.000000	0.000000
-0.961035	-0.875717	-0.913584	-0.807707	0.000000	0.000000	0.000000	0.000000	0.000000	0.000000
-0.961035	-0.875717	-0.913941	-0.807920	0.000000	0.000000	0.000000	0.000000	0.000000	0.000000
-0.961034	-0.875717	-0.913836	-0.808474	0.000000	0.000000	0.000000	0.000000	0.000000	0.000000
-0.961035	-0.875717	-0.914876	-0.667527	0.000000	0.000000	0.000000	0.000000	0.000000	0.000000
-0.961034	-0.875717	-0.913744	-0.808760	0.000000	0.000000	0.000000	0.000000	0.000000	0.000000
-0.961035	-0.875717	-0.914257	-0.807645	0.000000	0.000000	0.000000	0.000000	0.000000	0.000000
-0.961035	-0.875717	-0.913452	-0.808667	0.000000	0.000000	0.000000	0.000000	0.000000	0.000000
-0.961035	-0.875708	-0.913571	-0.808931	0.000000	0.000000	0.000000	0.000000	0.000000	0.000000
-0.961034	-0.875717	-0.913842	-0.808615	0.000000	0.000000	0.000000	0.000000	0.000000	0.000000
-0.961035	-0.875717	-0.913772	-0.808303	0.000000	0.000000	0.000000	0.000000	0.000000	0.000000
-0.961035	-0.875717	-0.913441	-0.809054	0.000000	0.000000	0.000000	0.000000	0.000000	0.000000
-0.961035	-0.875717	-0.914140	-0.807809	0.000000	0.000000	0.000000	0.000000	0.000000	0.000000
-0.961035	-0.875717	-0.914490	-0.808393	0.000000	0.000000	0.000000	0.000000	0.000000	0.000000
-0.961035	-0.875717	-0.913836	-0.807694	0.000000	0.000000	0.000000	0.000000	0.000000	0.000000
-0.961034	-0.875717	-0.914288	-0.807517	0.000000	0.000000	0.000000	0.000000	0.000000	0.000000
-0.961035	-0.875717	-0.914331	-0.807395	0.000000	0.000000	0.000000	0.000000	0.000000	0.000000
-0.961035	-0.875717	-0.914415	-0.808274	0.000000	0.000000	0.000000	0.000000	0.000000	0.000000
-0.961035	-0.875717	-0.913450	-0.808603	0.000000	0.000000	0.000000	0.000000	0.000000	0.000000
-0.961034	-0.875717	-0.913959	-0.808078	0.000000	0.000000	0.000000	0.000000	0.000000	0.000000
-0.961035	-0.875717	-0.913605	-0.808845	0.000000	0.000000	0.000000	0.000000	0.000000	0.000000
-0.961035	-0.875717	-0.913944	-0.806888	0.000000	0.000000	0.000000	0.000000	0.000000	0.000000
-0.961035	-0.875717	-0.914359	-0.807374	0.000000	0.000000	0.000000	0.000000	0.000000	0.000000
-0.961035	-0.875717	-0.914354	-0.807106	0.000000	0.000000	0.000000	0.000000	0.000000	0.000000
-0.961035	-0.875717	-0.914300	-0.807228	0.000000	0.000000	0.000000	0.000000	0.000000	0.000000
-0.961035	-0.875717	-0.913757	-0.808236	0.000000	0.000000	0.000000	0.000000	0.000000	0.000000
-0.961035	-0.875717	-0.914255	-0.808446	0.000000	0.000000	0.000000	0.000000	0.000000	0.000000
-0.961034	-0.875717	-0.913678	-0.808522	0.000000	0.000000	0.000000	0.000000	0.000000	0.000000
-0.961035	-0.875717	-0.913821	-0.808738	0.000000	0.000000	0.000000	0.000000	0.000000	0.000000
-0.961035	-0.875717	-0.914256	-0.807252	0.000000	0.000000	0.000000	0.000000	0.000000	0.000000
-0.961035	-0.875717	-0.914363	-0.807699	0.000000	0.000000	0.000000	0.000000	0.000000	0.000000
-0.961035	-0.875717	-0.913786	-0.808351	0.000000	0.000000	0.000000	0.000000	0.000000	0.000000
-0.961035	-0.875717	-0.913810	-0.809066	0.000000	0.000000	0.000000	0.000000	0.000000	0.000000
-0.961035	-0.875717	-0.914369	-0.807891	0.000000	0.000000	0.000000	0.000000	0.000000	0.000000
-0.961035	-0.875717	-0.913820	-0.807237	0.000000	0.000000	0.000000	0.000000	0.000000	0.000000
-0.961035	-0.875717	-0.913982	-0.808461	0.000000	0.000000	0.000000	0.000000	0.000000	0.000000
-0.961034	-0.875717	-0.914544	-0.807724	0.000000	0.000000	0.000000	0.000000	0.000000	0.000000
-0.961034	-0.875717	-0.913818	-0.808107	0.000000	0.000000	0.000000	0.000000	0.000000	0.000000
-0.961034	-0.875717	-0.914156	-0.808062	0.000000	0.000000	0.000000	0.000000	0.000000	0.000000
-0.961035	-0.875717	-0.913778	-0.807046	0.000000	0.000000	0.000000	0.000000	0.000000	0.000000
-0.961035	-0.875717	-0.913983	-0.807736	0.000000	0.000000	0.000000	0.000000	0.000000	0.000000
-0.961035	-0.875717	-0.914164	-0.808893	0.000000	0.000000	0.000000	0.000000	0.000000	0.000000
-0.961035	-0.875717	-0.913920	-0.808288	0.000000	0.000000	0.000000	0.000000	0.000000	0.000000
-0.961035	-0.875717	-0.913796	-0.808360	0.000000	0.000000	0.000000	0.000000	0.000000	0.000000
-0.961035	-0.875717	-0.914069	-0.807844	0.000000	0.000000	0.000000	0.000000	0.000000	0.000000
-0.961034	-0.875717	-0.914519	-0.807663	0.000000	0.000000	0.000000	0.000000	0.000000	0.000000
-0.961035	-0.875717	-0.914285	-0.808134	0.000000	0.000000	0.000000	0.000000	0.000000	0.000000
-0.961035	-0.875717	-0.914001	-0.807918	0.000000	0.000000	0.000000	0.000000	0.000000	0.000000
-0.961035	-0.875717	-0.913661	-0.807631	0.000000	0.000000	0.000000	0.000000	0.000000	0.000000
-0.961035	-0.875717	-0.914148	-0.807466	0.000000	0.000000	0.000000	0.000000	0.000000	0.000000
-0.961035	-0.875717	-0.913950	-0.807578	0.000000	0.000000	0.000000	0.000000	0.000000	0.000000
-0.961035	-0.875717	-0.913983	-0.808259	0.000000	0.000000	0.000000	0.000000	0.000000	0.000000
-0.961035	-0.875717	-0.913366	-0.807472	0.000000	0.000000	0.000000	0.000000	0.000000	0.000000
-0.961035	-0.875717	-0.913952	-0.808713	0.000000	0.000000	0.000000	0.000000	0.000000	0.000000
-0.961035	-0.875717	-0.914132	-0.807285	0.000000	0.000000	0.000000	0.000000	0.000000	0.000000
-0.961034	-0.875717	-0.913960	-0.807541	0.000000	0.000000	0.000000	0.000000	0.000000	0.000000
-0.961035	-0.875717	-0.913813	-0.808214	0.000000	0.000000	0.000000	0.000000	0.000000	0.000000
-0.961035	-0.875717	-0.914103	-0.808100	0.000000	0.000000	0.000000	0.000000	0.000000	0.000000
-0.961034	-0.875717	-0.913726	-0.807936	0.000000	0.000000	0.000000	0.000000	0.000000	0.000000
-0.961035	-0.875717	-0.913670	-0.806964	0.000000	0.000000	0.000000	0.000000	0.000000	0.000000
-0.961035	-0.875717	-0.914118	-0.808150	0.000000	0.000000	0.000000	0.000000	0.000000	0.000000
-0.961034	0.881213	0.000000	-0.000217	0.000000	0.000000	0.000000	0.000000	0.000000	0.000000
-0.961034	0.881219	0.000000	-0.809129	0.000000	0.000000	0.000000	0.000000	0.000000	0.000000
-0.961035	0.881219	0.000000	-0.807606	0.000000	0.000000	0.000000	0.000000	0.000000	0.000000
-0.961035	0.881219	0.000000	-0.808640	0.000000	0.000000	0.000000	0.000000	0.000000	0.000000
-0.961035	0.881219	-0.000000	-0.808250	0.000000	0.000000	0.000000	0.000000	0.000000	0.000000
-0.961035	0.881219	-0.000000	-0.805085	0.000000	0.000000	0.000000	0.000000	0.000000	0.000000
-0.961035	0.881196	0.000000	-0.807643	0.000000	0.000000	0.000000	0.000000	0.000000	0.000000
-0.961035	0.881219	0.000000	-0.807622	0.000000	0.000000	0.000000	0.000000	0.000000	0.000000
-0.961035	0.881219	0.000000	-0.808497	0.000000	0.000000	0.000000	0.000000	0.000000	0.000000
-0.961035	0.881219	-0.000000	-0.808332	0.000000	0.000000	0.000000	0.000000	0.000000	0.000000
-0.961035	0.881219	0.000000	-0.808551	0.000000	0.000000	0.000000	0.000000	0.000000	0.000000
-0.961035	0.881219	0.000000	-0.808557	0.000000	0.000000	0.000000	0.000000	0.000000	0.000000
-0.961034	0.881219	-0.000000	-0.808498	0.000000	0.000000	0.000000	0.000000	0.000000	0.000000
-0.961034	0.881208	-0.000000	-0.806962	0.000000	0.000000	0.000000	0.000000	0.000000	0.000000
-0.961034	0.881219	0.000000	-0.808072	0.000000	0.000000	0.000000	0.000000	0.000000	0.000000
-0.961034	0.881219	-0.000000	-0.808096	0.000000	0.000000	0.000000	0.000000	0.000000	0.000000
-0.961035	0.881219	0.000000	-0.807152	0.000000	0.000000	0.000000	0.000000	0.000000	0.000000
-0.961035	0.881219	0.000000	-0.807431	0.000000	0.000000	0.000000	0.000000	0.000000	0.000000
-0.961035	0.881219	0.000000	-0.807556	0.000000	0.000000	0.000000	0.000000	0.000000	0.000000
-0.961035	0.881219	0.000000	-0.808068	0.000000	0.000000	0.000000	0.000000	0.000000	0.000000
-0.961035	0.881219	-0.000000	-0.807051	0.000000	0.000000	0.000000	0.000000	0.000000	0.000000
-0.961035	0.881219	-0.000000	-0.807884	0.000000	0.000000	0.000000	0.000000	0.000000	0.000000
-0.961035	0.881219	0.000000	-0.808641	0.000000	0.000000	0.000000	0.000000	0.000000	0.000000
-0.961035	0.881219	-0.000000	-0.806843	0.000000	0.000000	0.000000	0.000000	0.000000	0.000000
-0.961035	0.881219	-0.000000	-0.808732	0.000000	0.000000	0.000000	0.000000	0.000000	0.000000
-0.961035	0.881219	-0.000000	-0.807538	0.000000	0.000000	0.000000	0.000000	0.000000	0.000000
-0.961035	0.881219	-0.000000	-0.807937	0.000000	0.000000	0.000000	0.000000	0.000000	0.000000
-0.961035	0.881219	-0.000000	-0.807513	0.000000	0.000000	0.000000	0.000000	0.000000	0.000000
-0.961035	0.881219	-0.000000	-0.803879	0.000000	0.000000	0.000000	0.000000	0.000000	0.000000
-0.961035	0.881219	-0.000000	-0.807693	0.000000	0.000000	0.000000	0.000000	0.000000	0.000000
-0.961034	0.881219	-0.000000	-0.808026	0.000000	0.000000	0.000000	0.000000	0.000000	0.000000
-0.961035	0.881219	-0.000000	-0.807728	0.000000	0.000000	0.000000	0.000000	0.000000	0.000000
-0.961035	0.881219	-0.000000	-0.807546	0.000000	0.000000	0.000000	0.000000	0.000000	0.000000
-0.961035	0.881219	0.000000	-0.808657	0.000000	0.000000	0.000000	0.000000	0.000000	0.000000
-0.961035	0.881219	0.000000	-0.807760	0.000000	0.000000	0.000000	0.000000	0.000000	0.000000
-0.961035	0.881219	-0.000000	-0.808511	0.000000	0.000000	0.000000	0.000000	0.000000	0.000000
-0.961035	0.881219	0.000000	-0.808737	0.000000	0.000000	0.000000	0.000000	0.000000	0.000000
-0.961035	0.881219	-0.000000	-0.808255	0.000000	0.000000	0.000000	0.000000	0.000000	0.000000
-0.961035	0.881219	-0.000000	-0.807728	0.000000	0.000000	0.000000	0.000000	0.000000	0.000000
-0.961034	0.881219	-0.000000	-0.807197	0.000000	0.000000	0.000000	0.000000	0.000000	0.000000
-0.961035	0.881219	-0.000000	-0.808087	0.000000	0.000000	0.000000	0.000000	0.000000	0.000000
-0.961035	0.881219	-0.000000	-0.807641	0.000000	0.000000	0.000000	0.000000	0.000000	0.000000
-0.961035	0.881219	-0.000000	-0.807559	0.000000	0.000000	0.000000	0.000000	0.000000	0.000000
-0.961035	0.881219	-0.000000	-0.807567	0.000000	0.000000	0.000000	0.000000	0.000000	0.000000
-0.961035	0.881219	0.000000	-0.807720	0.000000	0.000000	0.000000	0.000000	0.000000	0.000000
-0.961034	0.881219	-0.000000	-0.808579	0.000000	0.000000	0.000000	0.000000	0.000000	0.000000
-0.961035	0.881219	-0.000000	-0.808478	0.000000	0.000000	0.000000	0.000000	0.000000	0.000000
-0.961035	0.881219	0.000000	-0.808098	0.000000	0.000000	0.000000	0.000000	0.000000	0.000000
-0.961034	0.881219	0.000000	-0.807965	0.000000	0.000000	0.000000	0.000000	0.000000	0.000000
-0.961035	0.881219	-0.000000	-0.808350	0.000000	0.000000	0.000000	0.000000	0.000000	0.000000
-0.961035	0.881219	0.000000	-0.808865	0.000000	0.000000	0.000000	0.000000	0.000000	0.000000
-0.961035	0.881219	0.000000	-0.808836	0.000000	0.000000	0.000000	0.000000	0.000000	0.000000
-0.961035	0.881219	0.000000	-0.808731	0.000000	0.000000	0.000000	0.000000	0.000000	0.000000
-0.961035	0.881219	-0.000000	-0.807922	0.000000	0.000000	0.000000	0.000000	0.000000	0.000000
-0.961035	0.881219	-0.000000	-0.808064	0.000000	0.000000	0.000000	0.000000	0.000000	0.000000
-0.961035	0.881219	-0.000000	-0.807761	0.000000	0.000000	0.000000	0.000000	0.000000	0.000000
-0.961035	0.881219	0.000000	-0.808056	0.000000	0.000000	0.000000	0.000000	0.000000	0.000000
-0.961035	0.881219	-0.000000	-0.808330	0.000000	0.000000	0.000000	0.000000	0.000000	0.000000
-0.961035	0.881219	-0.000000	-0.807993	0.000000	0.000000	0.000000	0.000000	0.000000	0.000000
-0.961035	0.881219	-0.000000	-0.807860	0.000000	0.000000	0.000000	0.000000	0.000000	0.000000
-0.961035	0.881219	0.000000	-0.807929	0.000000	0.000000	0.000000	0.000000	0.000000	0.000000
-0.961035	0.881219	0.000000	-0.808587	0.000000	0.000000	0.000000	0.000000	0.000000	0.000000
-0.961035	0.881219	0.000000	-0.807468	0.000000	0.000000	0.000000	0.000000	0.000000	0.000000
-0.961035	0.881219	-0.000000	-0.807950	0.000000	0.000000	0.000000	0.000000	0.000000	0.000000
-0.961035	0.881219	-0.000000	-0.808093	0.000000	0.000000	0.000000	0.000000	0.000000	0.000000
-0.961035	0.881219	0.000000	-0.809000	0.000000	0.000000	0.000000	0.000000	0.000000	0.000000
-0.961034	0.881219	0.000000	-0.808921	0.000000	0.000000	0.000000	0.000000	0.000000	0.000000
-0.961035	0.881219	0.000000	-0.808341	0.000000	0.000000	0.000000	0.000000	0.000000	0.000000
-0.961035	0.881219	-0.000000	-0.806745	0.000000	0.000000	0.000000	0.000000	0.000000	0.000000
-0.961035	0.881219	-0.000000	-0.808181	0.000000	0.000000	0.000000	0.000000	0.000000	0.000000
-0.961035	0.881219	-0.000000	-0.800237	0.000000	0.000000	0.000000	0.000000	0.000000	0.000000
-0.961035	0.881219	-0.000000	-0.807749	0.000000	0.000000	0.000000	0.000000	0.000000	0.000000
-0.961034	0.881219	0.000000	-0.808043	0.000000	0.000000	0.000000	0.000000	0.000000	0.000000
-0.961035	0.881219	-0.000000	-0.807276	0.000000	0.000000	0.000000	0.000000	0.000000	0.000000
-0.961034	0.881219	0.000000	-0.807915	0.000000	0.000000	0.000000	0.000000	0.000000	0.000000
-0.961035	0.881219	0.000000	-0.807845	0.000000	0.000000	0.000000	0.000000	0.000000	0.000000
-0.961035	0.881219	0.000000	-0.808364	0.000000	0.000000	0.000000	0.000000	0.000000	0.000000
-0.961034	0.881219	0.000000	-0.808644	0.000000	0.000000	0.000000	0.000000	0.000000	0.000000
-0.961035	0.881218	0.000000	-0.807473	0.000000	0.000000	0.000000	0.000000	0.000000	0.000000
-0.961034	0.881219	0.000000	-0.808566	0.000000	0.000000	0.000000	0.000000	0.000000	0.000000
-0.961035	0.881219	0.000000	-0.807821	0.000000	0.000000	0.000000	0.000000	0.000000	0.000000
-0.961035	0.881219	-0.000000	-0.808086	0.000000	0.000000	0.000000	0.000000	0.000000	0.000000
-0.961035	0.881219	-0.000000	-0.807493	0.000000	0.000000	0.000000	0.000000	0.000000	0.000000
-0.961035	0.881219	-0.000000	-0.807978	0.000000	0.000000	0.000000	0.000000	0.000000	0.000000
-0.961034	0.881219	-0.000000	-0.808115	0.000000	0.000000	0.000000	0.000000	0.000000	0.000000
-0.961034	0.881219	0.000000	-0.808747	0.000000	0.000000	0.000000	0.000000	0.000000	0.000000
-0.961035	0.881219	0.000000	-0.808008	0.000000	0.000000	0.000000	0.000000	0.000000	0.000000
-0.961034	0.881219	0.000000	-0.808192	0.000000	0.000000	0.000000	0.000000	0.000000	0.000000
-0.961035	0.881219	-0.000000	-0.806724	0.000000	0.000000	0.000000	0.000000	0.000000	0.000000
-0.961035	0.881219	-0.000000	-0.807710	0.000000	0.000000	0.000000	0.000000	0.000000	0.000000
-0.961035	0.881219	-0.000000	-0.808380	0.000000	0.000000	0.000000	0.000000	0.000000	0.000000
-0.961035	0.881219	0.000000	-0.808836	0.000000	0.000000	0.000000	0.000000	0.000000	0.000000
-0.961035	0.881219	0.000000	-0.808242	0.000000	0.000000	0.000000	0.000000	0.000000	0.000000
-0.961035	0.881219	0.000000	-0.807474	0.000000	0.000000	0.000000	0.000000	0.000000	0.000000
-0.961035	0.881219	-0.000000	-0.806460	0.000000	0.000000	0.000000	0.000000	0.000000	0.000000
-0.961035	0.881219	0.000000	-0.807579	0.000000	0.000000	0.000000	0.000000	0.000000	0.000000
-0.961035	0.881219	-0.000000	-0.807633	0.000000	0.000000	0.000000	0.000000	0.000000	0.000000
-0.961035	0.881219	-0.000000	-0.808196	0.000000	0.000000	0.000000	0.000000	0.000000	0.000000
-0.961035	0.881217	0.000000	-0.808281	0.000000	0.000000	0.000000	0.000000	0.000000	0.000000
-0.961035	0.881219	0.000000	-0.807339	0.000000	0.000000	0.000000	0.000000	0.000000	0.000000
-0.961035	0.881219	-0.000000	-0.807619	0.000000	0.000000	0.000000	0.000000	0.000000	0.000000
-0.961035	0.881219	-0.000000	-0.806327	0.000000	0.000000	0.000000	0.000000	0.000000	0.000000
-0.961035	0.881219	-0.000000	-0.807698	0.000000	0.000000	0.000000	0.000000	0.000000	0.000000
-0.961035	0.881219	-0.000000	-0.807957	0.000000	0.000000	0.000000	0.000000	0.000000	0.000000
-0.961035	0.881219	-0.000000	-0.807149	0.000000	0.000000	0.000000	0.000000	0.000000	0.000000
-0.961035	0.881219	0.000000	-0.808558	0.000000	0.000000	0.000000	0.000000	0.000000	0.000000
-0.961035	0.881219	0.000000	-0.807525	0.000000	0.000000	0.000000	0.000000	0.000000	0.000000
-0.961035	0.881219	0.000000	-0.808423	0.000000	0.000000	0.000000	0.000000	0.000000	0.000000
-0.961034	0.881219	-0.000000	-0.808156	0.000000	0.000000	0.000000	0.000000	0.000000	0.000000
-0.961035	0.881218	-0.000000	-0.807588	0.000000	0.000000	0.000000	0.000000	0.000000	0.000000
-0.961035	0.881219	0.000000	-0.807753	0.000000	0.000000	0.000000	0.000000	0.000000	0.000000
-0.961035	0.881219	-0.000000	-0.808052	0.000000	0.000000	0.000000	0.000000	0.000000	0.000000
-0.961035	0.881219	0.000000	-0.807702	0.000000	0.000000	0.000000	0.000000	0.000000	0.000000
-0.961035	0.881219	0.000000	-0.807505	0.000000	0.000000	0.000000	0.000000	0.000000	0.000000
-0.961035	0.881219	-0.000000	-0.807316	0.000000	0.000000	0.000000	0.000000	0.000000	0.000000
-0.961035	0.881219	0.000000	-0.808867	0.000000	0.000000	0.000000	0.000000	0.000000	0.000000
-0.961035	0.881219	-0.000000	-0.808127	0.000000	0.000000	0.000000	0.000000	0.000000	0.000000
-0.961035	0.881219	-0.000000	-0.807430	0.000000	0.000000	0.000000	0.000000	0.000000	0.000000
-0.961034	0.881219	0.000000	-0.808528	0.000000	0.000000	0.000000	0.000000	0.000000	0.000000
-0.961035	0.881219	0.000000	-0.808358	0.000000	0.000000	0.000000	0.000000	0.000000	0.000000
-0.961035	0.881219	-0.000000	-0.807492	0.000000	0.000000	0.000000	0.000000	0.000000	0.000000
-0.961035	0.881219	0.000000	-0.808485	0.000000	0.000000	0.000000	0.000000	0.000000	0.000000
-0.961035	0.881219	-0.000000	-0.807305	0.000000	0.000000	0.000000	0.000000	0.000000	0.000000
-0.961035	0.881219	0.000000	-0.807730	0.000000	0.000000	0.000000	0.000000	0.000000	0.000000
-0.961035	0.881219	0.000000	-0.807749	0.000000	0.000000	0.000000	0.000000	0.000000	0.000000
-0.961035	0.881219	-0.000000	-0.807289	0.000000	0.000000	0.000000	0.000000	0.000000	0.000000
-0.961035	0.881219	0.000000	-0.808627	0.000000	0.000000	0.000000	0.000000	0.000000	0.000000
-0.961034	0.881219	0.000000	-0.808459	0.000000	0.000000	0.000000	0.000000	0.000000	0.000000
-0.961035	0.881219	0.000000	-0.808953	0.000000	0.000000	0.000000	0.000000	0.000000	0.000000
-0.961035	0.881219	0.000000	-0.807976	0.000000	0.000000	0.000000	0.000000	0.000000	0.000000
-0.961035	0.881219	-0.000000	-0.807903	0.000000	0.000000	0.000000	0.000000	0.000000	0.000000
-0.961035	0.881219	-0.000000	-0.808036	0.000000	0.000000	0.000000	0.000000	0.000000	0.000000
-0.961034	0.881218	-0.000000	-0.807811	0.000000	0.000000	0.000000	0.000000	0.000000	0.000000
-0.961034	0.881219	0.000000	-0.807792	0.000000	0.000000	0.000000	0.000000	0.000000	0.000000
-0.961035	0.881219	0.000000	-0.808194	0.000000	0.000000	0.000000	0.000000	0.000000	0.000000
-0.961034	0.881219	0.000000	-0.808266	0.000000	0.000000	0.000000	0.000000	0.000000	0.000000
-0.961034	0.881219	-0.000000	-0.808149	0.000000	0.000000	0.000000	0.000000	0.000000	0.000000
-0.961034	0.881204	-0.000000	-0.807810	0.000000	0.000000	0.000000	0.000000	0.000000	0.000000
-0.961035	0.881219	0.000000	-0.807687	0.000000	0.000000	0.000000	0.000000	0.000000	0.000000
-0.961035	0.881219	-0.000000	-0.808412	0.000000	0.000000	0.000000	0.000000	0.000000	0.000000
-0.961035	0.881219	0.000000	-0.809073	0.000000	0.000000	0.000000	0.000000	0.000000	0.000000
-0.961035	0.881219	-0.000000	-0.807917	0.000000	0.000000	0.000000	0.000000	0.000000	0.000000
-0.961034	0.881219	-0.000000	-0.808029	0.000000	0.000000	0.000000	0.000000	0.000000	0.000000
-0.961034	0.881219	0.000000	-0.807809	0.000000	0.000000	0.000000	0.000000	0.000000	0.000000
-0.961034	0.881219	0.000000	-0.808384	0.000000	0.000000	0.000000	0.000000	0.000000	0.000000
-0.961035	0.881219	-0.000000	-0.808186	0.000000	0.000000	0.000000	0.000000	0.000000	0.000000
-0.961034	0.881219	0.000000	-0.808572	0.000000	0.000000	0.000000	0.000000	0.000000	0.000000
-0.961034	0.881219	0.000000	-0.808125	0.000000	0.000000	0.000000	0.000000	0.000000	0.000000
-0.961035	0.881219	0.000000	-0.808814	0.000000	0.000000	0.000000	0.000000	0.000000	0.000000
-0.961035	0.881219	-0.000000	-0.808199	0.000000	0.000000	0.000000	0.000000	0.000000	0.000000
-0.961035	0.881219	0.000000	-0.808471	0.000000	0.000000	0.000000	0.000000	0.000000	0.000000
-0.961035	0.881219	0.000000	-0.807566	0.000000	0.000000	0.000000	0.000000	0.000000	0.000000
-0.961035	0.881219	0.000000	-0.808097	0.000000	0.000000	0.000000	0.000000	0.000000	0.000000
-0.961035	0.881219	-0.000000	-0.808353	0.000000	0.000000	0.000000	0.000000	0.000000	0.000000
-0.961035	0.881219	-0.000000	-0.807773	0.000000	0.000000	0.000000	0.000000	0.000000	0.000000
-0.961035	0.881219	0.000000	-0.807353	0.000000	0.000000	0.000000	0.000000	0.000000	0.000000
-0.961035	0.881219	-0.000000	-0.808255	0.000000	0.000000	0.000000	0.000000	0.000000	0.000000
-0.961035	0.881219	0.000000	-0.807794	0.000000	0.000000	0.000000	0.000000	0.000000	0.000000
-0.961035	0.881219	0.000000	-0.807724	0.000000	0.000000	0.000000	0.000000	0.000000	0.000000
-0.961035	0.881219	-0.000000	-0.808363	0.000000	0.000000	0.000000	0.000000	0.000000	0.000000
-0.961035	0.881219	0.000000	-0.808244	0.000000	0.000000	0.000000	0.000000	0.000000	0.000000
-0.961035	0.881219	0.000000	-0.807600	0.000000	0.000000	0.000000	0.000000	0.000000	0.000000
-0.961034	0.881219	0.000000	-0.808201	0.000000	0.000000	0.000000	0.000000	0.000000	0.000000
-0.961035	0.881219	-0.000000	-0.807201	0.000000	0.000000	0.000000	0.000000	0.000000	0.000000
-0.961035	0.881219	-0.000000	-0.807701	0.000000	0.000000	0.000000	0.000000	0.000000	0.000000
-0.961034	0.881219	0.000000	-0.808199	0.000000	0.000000	0.000000	0.000000	0.000000	0.000000
-0.961034	0.881219	0.000000	-0.808905	0.000000	0.000000	0.000000	0.000000	0.000000	0.000000
-0.961035	0.881219	0.000000	-0.808361	0.000000	0.000000	0.000000	0.000000	0.000000	0.000000
-0.961035	0.881219	-0.000000	-0.807753	0.000000	0.000000	0.000000	0.000000	0.000000	0.000000
-0.961035	0.881219	-0.000000	-0.807013	0.000000	0.000000	0.000000	0.000000	0.000000	0.000000
-0.961035	0.881219	-0.000000	-0.807300	0.000000	0.000000	0.000000	0.000000	0.000000	0.000000
-0.961035	0.881219	-0.000000	-0.807035	0.000000	0.000000	0.000000	0.000000	0.000000	0.000000
-0.961035	0.881219	-0.000000	-0.807938	0.000000	0.000000	0.000000	0.000000	0.000000	0.000000
-0.961035	0.881219	0.000000	-0.807293	0.000000	0.000000	0.000000	0.000000	0.000000	0.000000
-0.961034	0.881219	-0.000000	-0.805610	0.000000	0.000000	0.000000	0.000000	0.000000	0.000000
-0.961035	0.881219	-0.000000	-0.807691	0.000000	0.000000	0.000000	0.000000	0.000000	0.000000
-0.961035	0.881219	0.000000	-0.807854	0.000000	0.000000	0.000000	0.000000	0.000000	0.000000
-0.961034	0.881219	0.000000	-0.808185	0.000000	0.000000	0.000000	0.000000	0.000000	0.000000
-0.961034	0.881219	0.000000	-0.807883	0.000000	0.000000	0.000000	0.000000	0.000000	0.000000
-0.961035	0.881219	0.000000	-0.807852	0.000000	0.000000	0.000000	0.000000	0.000000	0.000000
-0.961034	0.881219	0.000000	-0.808133	0.000000	0.000000	0.000000	0.000000	0.000000	0.000000
-0.961035	0.881219	-0.000000	-0.808043	0.000000	0.000000	0.000000	0.000000	0.000000	0.000000
-0.961035	0.881219	-0.000000	-0.807521	0.000000	0.000000	0.000000	0.000000	0.000000	0.000000
-0.961035	0.881219	-0.000000	-0.807478	0.000000	0.000000	0.000000	0.000000	0.000000	0.000000
-0.961034	0.881219	0.000000	-0.808417	0.000000	0.000000	0.000000	0.000000	0.000000	0.000000
-0.961035	0.881219	0.000000	-0.807651	0.000000	0.000000	0.000000	0.000000	0.000000	0.000000
-0.961035	0.881219	0.000000	-0.807522	0.000000	0.000000	0.000000	0.000000	0.000000	0.000000
-0.961035	0.881219	0.000000	-0.808389	0.000000	0.000000	0.000000	0.000000	0.000000	0.000000
-0.961034	0.881219	0.000000	-0.808311	0.000000	0.000000	0.000000	0.000000	0.000000	0.000000
-0.961035	0.881219	0.000000	-0.807872	0.000000	0.000000	0.000000	0.000000	0.000000	0.000000
-0.961035	0.881219	0.000000	-0.809027	0.000000	0.000000	0.000000	0.000000	0.000000	0.000000
-0.961035	0.881219	0.000000	-0.808736	0.000000	0.000000	0.000000	0.000000	0.000000	0.000000
-0.961035	0.881219	0.000000	-0.807712	0.000000	0.000000	0.000000	0.000000	0.000000	0.000000
-0.961035	0.881219	0.000000	-0.808785	0.000000	0.000000	0.000000	0.000000	0.000000	0.000000
-0.961035	0.881219	-0.000000	-0.806243	0.000000	0.000000	0.000000	0.000000	0.000000	0.000000
-0.961035	0.881219	0.000000	-0.808154	0.000000	0.000000	0.000000	0.000000	0.000000	0.000000
-0.961035	0.881219	-0.000000	-0.807572	0.000000	0.000000	0.000000	0.000000	0.000000	0.000000
-0.961035	0.881219	0.000000	-0.808179	0.000000	0.000000	0.000000	0.000000	0.000000	0.000000
-0.961035	0.881219	0.000000	-0.808767	0.000000	0.000000	0.000000	0.000000	0.000000	0.000000
-0.961035	0.881219	0.000000	-0.807755	0.000000	0.000000	0.000000	0.000000	0.000000	0.000000
-0.961035	0.881219	0.000000	-0.807368	0.000000	0.000000	0.000000	0.000000	0.000000	0.000000
-0.961034	0.881219	0.000000	-0.808138	0.000000	0.000000	0.000000	0.000000	0.000000	0.000000
-0.961035	0.881219	0.000000	-0.807675	0.000000	0.000000	0.000000	0.000000	0.000000	0.000000
-0.961035	0.881219	-0.000000	-0.807582	0.000000	0.000000	0.000000	0.000000	0.000000	0.000000
-0.961035	0.881219	0.000000	-0.807998	0.000000	0.000000	0.000000	0.000000	0.000000	0.000000
-0.961035	0.881219	-0.000000	-0.808213	0.000000	0.000000	0.000000	0.000000	0.000000	0.000000
-0.961035	0.881219	0.000000	-0.807629	0.000000	0.000000	0.000000	0.000000	0.000000	0.000000
-0.961035	0.881219	-0.000000	-0.808772	0.000000	0.000000	0.000000	0.000000	0.000000	0.000000
-0.961035	0.881219	0.000000	-0.807882	0.000000	0.000000	0.000000	0.000000	0.000000	0.000000
-0.961035	0.881219	0.000000	-0.808204	0.000000	0.000000	0.000000	0.000000	0.000000	0.000000
-0.961034	0.881219	0.000000	-0.808952	0.000000	0.000000	0.000000	0.000000	0.000000	0.000000
-0.961034	0.881219	0.000000	-0.809348	0.000000	0.000000	0.000000	0.000000	0.000000	0.000000
-0.961035	0.881219	0.000000	-0.808135	0.000000	0.000000	0.000000	0.000000	0.000000	0.000000
-0.961035	0.881219	-0.000000	-0.808575	0.000000	0.000000	0.000000	0.000000	0.000000	0.000000
-0.961034	0.881219	0.000000	-0.807929	0.000000	0.000000	0.000000	0.000000	0.000000	0.000000
-0.961035	0.881219	0.000000	-0.808052	0.000000	0.000000	0.000000	0.000000	0.000000	0.000000
-0.961035	0.881219	0.000000	-0.808596	0.000000	0.000000	0.000000	0.000000	0.000000	0.000000
-0.961035	0.881219	0.000000	-0.808492	0.000000	0.000000	0.000000	0.000000	0.000000	0.000000
-0.961035	0.881219	-0.000000	-0.807708	0.000000	0.000000	0.000000	0.000000	0.000000	0.000000
-0.961035	0.881219	-0.000000	-0.808161	0.000000	0.000000	0.000000	0.000000	0.000000	0.000000
-0.961035	0.881200	0.000000	-0.807376	0.000000	0.000000	0.000000	0.000000	0.000000	0.000000
-0.961034	0.881219	0.000000	-0.808732	0.000000	0.000000	0.000000	0.000000	0.000000	0.000000
-0.961035	0.881219	-0.000000	-0.807922	0.000000	0.000000	0.000000	0.000000	0.000000	0.000000
-0.961034	0.881219	0.000000	-0.808271	0.000000	0.000000	0.000000	0.000000	0.000000	0.000000
-0.961035	0.881219	0.000000	-0.807766	0.000000	0.000000	0.000000	0.000000	0.000000	0.000000
-0.961035	0.881219	-0.000000	-0.808177	0.000000	0.000000	0.000000	0.000000	0.000000	0.000000
-0.961035	0.881219	0.000000	-0.807468	0.000000	0.000000	0.000000	0.000000	0.000000	0.000000
-0.961035	0.881219	-0.000000	-0.807789	0.000000	0.000000	0.000000	0.000000	0.000000	0.000000
-0.961035	0.881219	0.000000	-0.807529	0.000000	0.000000	0.000000	0.000000	0.000000	0.000000
-0.961035	0.881219	0.000000	-0.807652	0.000000	0.000000	0.000000	0.000000	0.000000	0.000000
-0.961035	0.881219	-0.000000	-0.808305	0.000000	0.000000	0.000000	0.000000	0.000000	0.000000
-0.961034	0.881219	-0.000000	-0.807932	0.000000	0.000000	0.000000	0.000000	0.000000	0.000000
-0.961035	0.881219	0.000000	-0.807695	0.000000	0.000000	0.000000	0.000000	0.000000	0.000000
-0.961034	0.881219	0.000000	-0.808495	0.000000	0.000000	0.000000	0.000000	0.000000	0.000000
-0.961035	0.881219	-0.000000	-0.805929	0.000000	0.000000	0.000000	0.000000	0.000000	0.000000
-0.961035	0.881218	-0.000000	-0.793548	0.000000	0.000000	0.000000	0.000000	0.000000	0.000000
-0.961035	0.881219	0.000000	-0.809045	0.000000	0.000000	0.000000	0.000000	0.000000	0.000000
-0.961035	0.881219	0.000000	-0.808518	0.000000	0.000000	0.000000	0.000000	0.000000	0.000000
-0.961035	0.881219	-0.000000	-0.807542	0.000000	0.000000	0.000000	0.000000	0.000000	0.000000
-0.961035	0.881219	0.000000	-0.807974	0.000000	0.000000	0.000000	0.000000	0.000000	0.000000
-0.961035	0.881219	-0.000000	-0.808216	0.000000	0.000000	0.000000	0.000000	0.000000	0.000000
-0.961035	0.881219	0.000000	-0.807841	0.000000	0.000000	0.000000	0.000000	0.000000	0.000000
-0.961035	0.881219	0.000000	-0.807323	0.000000	0.000000	0.000000	0.000000	0.000000	0.000000
-0.961035	0.881219	-0.000000	-0.808085	0.000000	0.000000	0.000000	0.000000	0.000000	0.000000
-0.961035	0.881219	-0.000000	-0.808601	0.000000	0.000000	0.000000	0.000000	0.000000	0.000000
-0.961035	0.881219	-0.000000	-0.808590	0.000000	0.000000	0.000000	0.000000	0.000000	0.000000
-0.961035	0.881219	0.000000	-0.808305	0.000000	0.000000	0.000000	0.000000	0.000000	0.000000
-0.961034	0.881219	0.000000	-0.808120	0.000000	0.000000	0.000000	0.000000	0.000000	0.000000
-0.961035	0.881219	-0.000000	-0.807960	0.000000	0.000000	0.000000	0.000000	0.000000	0.000000
-0.961035	0.881218	0.000000	-0.808051	0.000000	0.000000	0.000000	0.000000	0.000000	0.000000
-0.961034	0.000031	0.000000	-0.067655	0.000000	0.000000	0.000000	0.000000	0.000000	0.000000
-0.961034	0.881219	0.000000	0.977095	0.000000	0.000000	0.000000	0.000000	0.000000	0.000000
-0.961035	0.881219	-0.000000	0.977095	0.000000	0.000000	0.000000	0.000000	0.000000	0.000000
-0.961035	0.881219	-0.000000	0.977095	0.000000	0.000000	0.000000	0.000000	0.000000	0.000000
-0.961035	0.881219	0.000000	0.977095	0.000000	0.000000	0.000000	0.000000	0.000000	0.000000
-0.961035	0.881219	0.000000	0.977095	0.000000	0.000000	0.000000	0.000000	0.000000	0.000000
-0.961035	0.881219	0.000000	0.977095	0.000000	0.000000	0.000000	0.000000	0.000000	0.000000
-0.961034	0.881219	0.000000	0.977095	0.000000	0.000000	0.000000	0.000000	0.000000	0.000000
-0.961035	0.881219	0.000000	0.977095	0.000000	0.000000	0.000000	0.000000	0.000000	0.000000
-0.961034	0.881219	0.000000	0.977095	0.000000	0.000000	0.000000	0.000000	0.000000	0.000000
-0.961035	0.881219	0.000000	0.977095	0.000000	0.000000	0.000000	0.000000	0.000000	0.000000
-0.961034	0.881219	0.000000	0.977095	0.000000	0.000000	0.000000	0.000000	0.000000	0.000000
-0.961035	0.881219	0.000000	0.977095	0.000000	0.000000	0.000000	0.000000	0.000000	0.000000
-0.961035	0.881219	0.000000	0.977095	0.000000	0.000000	0.000000	0.000000	0.000000	0.000000
-0.961035	0.881219	0.000000	0.977095	0.000000	0.000000	0.000000	0.000000	0.000000	0.000000
-0.961035	0.881219	0.000000	0.977095	0.000000	0.000000	0.000000	0.000000	0.000000	0.000000
-0.961035	0.881219	0.000000	0.977095	0.000000	0.000000	0.000000	0.000000	0.000000	0.000000
-0.961035	0.881219	0.000000	0.977095	0.000000	0.000000	0.000000	0.000000	0.000000	0.000000
-0.961035	0.881219	0.000000	0.977094	0.000000	0.000000	0.000000	0.000000	0.000000	0.000000
-0.961035	0.881219	0.000000	0.977095	0.000000	0.000000	0.000000	0.000000	0.000000	0.000000
-0.961035	0.881219	0.000000	0.977095	0.000000	0.000000	0.000000	0.000000	0.000000	0.000000
-0.961035	0.881219	0.000000	0.977095	0.000000	0.000000	0.000000	0.000000	0.000000	0.000000
-0.961035	0.881219	0.000000	0.977095	0.000000	0.000000	0.000000	0.000000	0.000000	0.000000
-0.961035	0.881219	-0.000000	0.977095	0.000000	0.000000	0.000000	0.000000	0.000000	0.000000
-0.961034	0.881219	0.000001	0.977095	0.000000	0.000000	0.000000	0.000000	0.000000	0.000000
-0.961035	0.881219	0.000000	0.977095	0.000000	0.000000	0.000000	0.000000	0.000000	0.000000
-0.961035	0.881219	0.000000	0.977095	0.000000	0.000000	0.000000	0.000000	0.000000	0.000000
-0.961035	0.881219	-0.000000	0.977095	0.000000	0.000000	0.000000	0.000000	0.000000	0.000000
-0.961035	0.881219	0.000000	0.977095	0.000000	0.000000	0.000000	0.000000	0.000000	0.000000
-0.961035	0.881219	0.000000	0.977095	0.000000	0.000000	0.000000	0.000000	0.000000	0.000000
-0.961034	0.881219	0.000000	0.977095	0.000000	0.000000	0.000000	0.000000	0.000000	0.000000
-0.961035	0.881219	0.000000	0.977095	0.000000	0.000000	0.000000	0.000000	0.000000	0.000000
-0.961035	0.881219	0.000000	0.977095	0.000000	0.000000	0.000000	0.000000	0.000000	0.000000
-0.961034	0.881219	0.000000	0.977095	0.000000	0.000000	0.000000	0.000000	0.000000	0.000000
-0.961035	0.881219	0.000000	0.975489	0.000000	0.000000	0.000000	0.000000	0.000000	0.000000
-0.961035	0.881219	0.000000	0.977095	0.000000	0.000000	0.000000	0.000000	0.000000	0.000000
-0.961035	0.881219	0.000000	0.977095	0.000000	0.000000	0.000000	0.000000	0.000000	0.000000
-0.961035	0.881219	0.000000	0.977095	0.000000	0.000000	0.000000	0.000000	0.000000	0.000000
-0.961035	0.881219	0.000000	0.977095	0.000000	0.000000	0.000000	0.000000	0.000000	0.000000
-0.961035	0.881219	0.000000	0.977095	0.000000	0.000000	0.000000	0.000000	0.000000	0.000000
-0.961035	0.881219	0.000000	0.977095	0.000000	0.000000	0.000000	0.000000	0.000000	0.000000
-0.961035	0.881219	0.000000	0.977095	0.000000	0.000000	0.000000	0.000000	0.000000	0.000000
-0.961035	0.881219	0.000000	0.977095	0.000000	0.000000	0.000000	0.000000	0.000000	0.000000
-0.961035	0.881219	0.000000	0.977095	0.000000	0.000000	0.000000	0.000000	0.000000	0.000000
-0.961034	0.881219	0.000001	0.977095	0.000000	0.000000	0.000000	0.000000	0.000000	0.000000
-0.961035	0.881219	0.000000	0.977095	0.000000	0.000000	0.000000	0.000000	0.000000	0.000000
-0.961034	0.881219	0.000000	0.977095	0.000000	0.000000	0.000000	0.000000	0.000000	0.000000
-0.961035	0.881219	0.000000	0.977095	0.000000	0.000000	0.000000	0.000000	0.000000	0.000000
-0.961035	0.881219	0.000000	0.977095	0.000000	0.000000	0.000000	0.000000	0.000000	0.000000
-0.961035	0.881219	0.000000	0.977095	0.000000	0.000000	0.000000	0.000000	0.000000	0.000000
-0.961035	0.881219	0.000000	0.977095	0.000000	0.000000	0.000000	0.000000	0.000000	0.000000
-0.961035	0.881219	0.000000	0.977095	0.000000	0.000000	0.000000	0.000000	0.000000	0.000000
-0.961035	0.881219	0.000000	0.977095	0.000000	0.000000	0.000000	0.000000	0.000000	0.000000
-0.961035	0.881219	0.000000	0.977095	0.000000	0.000000	0.000000	0.000000	0.000000	0.000000
-0.961035	0.881219	0.000000	0.977095	0.000000	0.000000	0.000000	0.000000	0.000000	0.000000
-0.961035	0.881219	0.000000	0.977095	0.000000	0.000000	0.000000	0.000000	0.000000	0.000000
-0.961035	0.881219	0.000000	0.977095	0.000000	0.000000	0.000000	0.000000	0.000000	0.000000
-0.961035	0.881219	0.000000	0.977095	0.000000	0.000000	0.000000	0.000000	0.000000	0.000000
-0.961035	0.881219	-0.000000	0.977095	0.000000	0.000000	0.000000	0.000000	0.000000	0.000000
-0.961035	0.881219	0.000000	0.977095	0.000000	0.000000	0.000000	0.000000	0.000000	0.000000
-0.961034	0.881219	-0.000000	0.977095	0.000000	0.000000	0.000000	0.000000	0.000000	0.000000
-0.961035	0.881219	0.000000	0.977094	0.000000	0.000000	0.000000	0.000000	0.000000	0.000000
-0.961035	0.881219	0.000000	0.977095	0.000000	0.000000	0.000000	0.000000	0.000000	0.000000
-0.961034	0.881219	0.000000	0.977095	0.000000	0.000000	0.000000	0.000000	0.000000	0.000000
-0.961034	0.881219	0.000000	0.977095	0.000000	0.000000	0.000000	0.000000	0.000000	0.000000
-0.961035	0.881219	0.000000	0.977095	0.000000	0.000000	0.000000	0.000000	0.000000	0.000000
-0.961035	0.881219	0.000000	0.977095	0.000000	0.000000	0.000000	0.000000	0.000000	0.000000
-0.961035	0.881219	0.000000	0.977095	0.000000	0.000000	0.000000	0.000000	0.000000	0.000000
-0.961035	0.881219	0.000000	0.977095	0.000000	0.000000	0.000000	0.000000	0.000000	0.000000
-0.961035	0.881219	0.000000	0.977095	0.000000	0.000000	0.000000	0.000000	0.000000	0.000000
-0.961035	0.881219	0.000000	0.977095	0.000000	0.000000	0.000000	0.000000	0.000000	0.000000
-0.961035	0.881219	0.000000	0.977095	0.000000	0.000000	0.000000	0.000000	0.000000	0.000000
-0.961035	0.881219	0.000000	0.977095	0.000000	0.000000	0.000000	0.000000	0.000000	0.000000
-0.961035	0.881219	0.000000	0.977095	0.000000	0.000000	0.000000	0.000000	0.000000	0.000000
-0.961034	0.881219	0.000000	0.977095	0.000000	0.000000	0.000000	0.000000	0.000000	0.000000
-0.961035	0.881219	0.000000	0.977095	0.000000	0.000000	0.000000	0.000000	0.000000	0.000000
-0.961035	0.881219	0.000000	0.977095	0.000000	0.000000	0.000000	0.000000	0.000000	0.000000
-0.961035	0.881219	0.000000	0.977095	0.000000	0.000000	0.000000	0.000000	0.000000	0.000000
-0.961035	0.881219	0.000000	0.977095	0.000000	0.000000	0.000000	0.000000	0.000000	0.000000
-0.961034	0.881219	0.000015	0.977095	0.000000	0.000000	0.000000	0.000000	0.000000	0.000000
-0.961035	0.881219	0.000000	0.977052	0.000000	0.000000	0.000000	0.000000	0.000000	0.000000
-0.961035	0.881219	0.000000	0.977095	0.000000	0.000000	0.000000	0.000000	0.000000	0.000000
-0.961035	0.881219	0.000000	0.977095	0.000000	0.000000	0.000000	0.000000	0.000000	0.000000
-0.961035	0.881219	-0.000000	0.977095	0.000000	0.000000	0.000000	0.000000	0.000000	0.000000
-0.961035	0.881219	0.000000	0.977095	0.000000	0.000000	0.000000	0.000000	0.000000	0.000000
-0.961035	0.881219	0.000000	0.977093	0.000000	0.000000	0.000000	0.000000	0.000000	0.000000
-0.961035	0.881219	0.000000	0.977095	0.000000	0.000000	0.000000	0.000000	0.000000	0.000000
-0.961035	0.881219	0.000000	0.977095	0.000000	0.000000	0.000000	0.000000	0.000000	0.000000
-0.961034	0.881219	0.792721	0.977095	0.000000	0.000000	0.000000	0.000000	0.000000	0.000000
-0.961035	0.881218	0.000000	0.977095	0.000000	0.000000	0.000000	0.000000	0.000000	0.000000
-0.961035	0.881219	0.000000	0.977095	0.000000	0.000000	0.000000	0.000000	0.000000	0.000000
-0.961034	0.881219	0.000000	0.977095	0.000000	0.000000	0.000000	0.000000	0.000000	0.000000
-0.961035	0.881219	0.000000	0.977095	0.000000	0.000000	0.000000	0.000000	0.000000	0.000000
-0.961035	0.881219	0.000000	0.977095	0.000000	0.000000	0.000000	0.000000	0.000000	0.000000
-0.961035	0.881219	0.000000	0.977095	0.000000	0.000000	0.000000	0.000000	0.000000	0.000000
-0.961035	0.881219	0.000000	0.977095	0.000000	0.000000	0.000000	0.000000	0.000000	0.000000
-0.961035	0.881219	0.000000	0.977095	0.000000	0.000000	0.000000	0.000000	0.000000	0.000000
-0.961034	0.881219	0.000000	0.977093	0.000000	0.000000	0.000000	0.000000	0.000000	0.000000
-0.961035	0.881219	0.000000	0.977095	0.000000	0.000000	0.000000	0.000000	0.000000	0.000000
-0.961035	0.881219	0.000000	0.977095	0.000000	0.000000	0.000000	0.000000	0.000000	0.000000
-0.961035	0.881219	0.000000	0.977095	0.000000	0.000000	0.000000	0.000000	0.000000	0.000000
-0.961034	0.881219	0.000000	0.977086	0.000000	0.000000	0.000000	0.000000	0.000000	0.000000
-0.961035	0.881219	0.000000	0.977095	0.000000	0.000000	0.000000	0.000000	0.000000	0.000000
-0.961035	0.881219	0.000000	0.977095	0.000000	0.000000	0.000000	0.000000	0.000000	0.000000
-0.961035	0.881219	0.000000	0.977095	0.000000	0.000000	0.000000	0.000000	0.000000	0.000000
-0.961034	0.881219	0.000000	0.977095	0.000000	0.000000	0.000000	0.000000	0.000000	0.000000
-0.961035	0.881219	0.000000	0.977095	0.000000	0.000000	0.000000	0.000000	0.000000	0.000000
-0.961035	0.881219	0.000000	0.977095	0.000000	0.000000	0.000000	0.000000	0.000000	0.000000
-0.961035	0.881219	0.000000	0.977095	0.000000	0.000000	0.000000	0.000000	0.000000	0.000000
-0.961034	0.881219	0.000000	0.977095	0.000000	0.000000	0.000000	0.000000	0.000000	0.000000
-0.961035	0.881218	0.000000	0.977095	0.000000	0.000000	0.000000	0.000000	0.000000	0.000000
-0.961035	0.881219	0.000000	0.977095	0.000000	0.000000	0.000000	0.000000	0.000000	0.000000
-0.961035	0.881219	0.000000	0.977095	0.000000	0.000000	0.000000	0.000000	0.000000	0.000000
-0.961034	0.881219	0.000000	0.977095	0.000000	0.000000	0.000000	0.000000	0.000000	0.000000
-0.961034	0.881219	0.000000	0.977095	0.000000	0.000000	0.000000	0.000000	0.000000	0.000000
-0.961035	0.881219	0.000000	0.977095	0.000000	0.000000	0.000000	0.000000	0.000000	0.000000
-0.961035	0.881219	0.000000	0.977091	0.000000	0.000000	0.000000	0.000000	0.000000	0.000000
-0.961035	0.881219	0.000000	0.977095	0.000000	0.000000	0.000000	0.000000	0.000000	0.000000
-0.961035	0.881219	-0.000000	0.977095	0.000000	0.000000	0.000000	0.000000	0.000000	0.000000
-0.961035	0.881219	0.000000	0.977095	0.000000	0.000000	0.000000	0.000000	0.000000	0.000000
-0.961034	0.881219	0.000000	0.977095	0.000000	0.000000	0.000000	0.000000	0.000000	0.000000
-0.961034	0.881219	0.000000	0.977095	0.000000	0.000000	0.000000	0.000000	0.000000	0.000000
-0.961034	0.881218	0.000000	0.977095	0.000000	0.000000	0.000000	0.000000	0.000000	0.000000
-0.961035	0.881219	0.000000	0.977095	0.000000	0.000000	0.000000	0.000000	0.000000	0.000000
-0.961035	0.881219	0.000000	0.977095	0.000000	0.000000	0.000000	0.000000	0.000000	0.000000
-0.961035	0.881219	0.000000	0.977095	0.000000	0.000000	0.000000	0.000000	0.000000	0.000000
-0.961035	0.881219	0.000000	0.977095	0.000000	0.000000	0.000000	0.000000	0.000000	0.000000
-0.961035	0.881219	-0.000000	0.977095	0.000000	0.000000	0.000000	0.000000	0.000000	0.000000
-0.961035	0.881219	-0.000000	0.977095	0.000000	0.000000	0.000000	0.000000	0.000000	0.000000
-0.961035	0.881219	-0.000000	0.977095	0.000000	0.000000	0.000000	0.000000	0.000000	0.000000
-0.961035	0.881219	0.000000	0.977095	0.000000	0.000000	0.000000	0.000000	0.000000	0.000000
-0.961034	0.881219	0.000000	0.977095	0.000000	0.000000	0.000000	0.000000	0.000000	0.000000
-0.961035	0.881219	0.000000	0.977095	0.000000	0.000000	0.000000	0.000000	0.000000	0.000000
-0.961035	0.881219	0.000000	0.977095	0.000000	0.000000	0.000000	0.000000	0.000000	0.000000
-0.961035	0.881219	0.000000	0.977095	0.000000	0.000000	0.000000	0.000000	0.000000	0.000000
-0.961034	0.881219	0.000000	0.977095	0.000000	0.000000	0.000000	0.000000	0.000000	0.000000
-0.961035	0.881219	0.000000	0.977085	0.000000	0.000000	0.000000	0.000000	0.000000	0.000000
-0.961035	0.881219	0.000000	0.977095	0.000000	0.000000	0.000000	0.000000	0.000000	0.000000
-0.961035	0.881219	0.000000	0.977095	0.000000	0.000000	0.000000	0.000000	0.000000	0.000000
-0.961035	0.881219	0.000000	0.977095	0.000000	0.000000	0.000000	0.000000	0.000000	0.000000
-0.961035	0.881219	0.000000	0.977095	0.000000	0.000000	0.000000	0.000000	0.000000	0.000000
-0.961034	0.881219	0.000000	0.977095	0.000000	0.000000	0.000000	0.000000	0.000000	0.000000
-0.961035	0.881219	-0.000000	0.977095	0.000000	0.000000	0.000000	0.000000	0.000000	0.000000
-0.961035	0.881219	-0.000000	0.977095	0.000000	0.000000	0.000000	0.000000	0.000000	0.000000
-0.961035	0.881219	0.000000	0.977095	0.000000	0.000000	0.000000	0.000000	0.000000	0.000000
-0.961034	0.881219	0.000000	0.977095	0.000000	0.000000	0.000000	0.000000	0.000000	0.000000
-0.961035	0.881219	-0.000000	0.977095	0.000000	0.000000	0.000000	0.000000	0.000000	0.000000
-0.961035	0.881219	0.000000	0.977095	0.000000	0.000000	0.000000	0.000000	0.000000	0.000000
-0.961034	0.881219	0.000000	0.977095	0.000000	0.000000	0.000000	0.000000	0.000000	0.000000
-0.961035	0.881219	0.000000	0.977095	0.000000	0.000000	0.000000	0.000000	0.000000	0.000000
-0.961035	0.881219	0.000000	0.977095	0.000000	0.000000	0.000000	0.000000	0.000000	0.000000
-0.961035	0.881219	0.000000	0.977095	0.000000	0.000000	0.000000	0.000000	0.000000	0.000000
-0.961035	0.881219	0.000000	0.977095	0.000000	0.000000	0.000000	0.000000	0.000000	0.000000
-0.961035	0.881219	0.000000	0.977090	0.000000	0.000000	0.000000	0.000000	0.000000	0.000000
-0.961035	0.881219	0.000000	0.977095	0.000000	0.000000	0.000000	0.000000	0.000000	0.000000
-0.961035	0.881219	0.000000	0.977095	0.000000	0.000000	0.000000	0.000000	0.000000	0.000000
-0.961035	0.881219	0.000000	0.977095	0.000000	0.000000	0.000000	0.000000	0.000000	0.000000
-0.961035	0.881219	0.000000	0.977095	0.000000	0.000000	0.000000	0.000000	0.000000	0.000000
-0.961035	0.881219	-0.000000	0.977095	0.000000	0.000000	0.000000	0.000000	0.000000	0.000000
-0.961034	0.881219	0.000000	0.977095	0.000000	0.000000	0.000000	0.000000	0.000000	0.000000
-0.961034	0.881219	0.000000	0.977095	0.000000	0.000000	0.000000	0.000000	0.000000	0.000000
-0.961035	0.881219	0.000000	0.977095	0.000000	0.000000	0.000000	0.000000	0.000000	0.000000
-0.961035	0.881219	0.000000	0.977095	0.000000	0.000000	0.000000	0.000000	0.000000	0.000000
-0.961035	0.881219	0.000000	0.977095	0.000000	0.000000	0.000000	0.000000	0.000000	0.000000
-0.961035	0.881219	-0.000000	0.977095	0.000000	0.000000	0.000000	0.000000	0.000000	0.000000
-0.961035	0.881219	-0.000000	0.977095	0.000000	0.000000	0.000000	0.000000	0.000000	0.000000
-0.961035	0.881219	0.000000	0.977092	0.000000	0.000000	0.000000	0.000000	0.000000	0.000000
-0.961035	0.881219	0.000000	0.977095	0.000000	0.000000	0.000000	0.000000	0.000000	0.000000
-0.961035	0.881219	0.000000	0.977095	0.000000	0.000000	0.000000	0.000000	0.000000	0.000000
-0.961034	0.881219	0.000000	0.977095	0.000000	0.000000	0.000000	0.000000	0.000000	0.000000
-0.961035	0.881219	0.000000	0.977095	0.000000	0.000000	0.000000	0.000000	0.000000	0.000000
-0.961035	0.881219	-0.000000	0.977095	0.000000	0.000000	0.000000	0.000000	0.000000	0.000000
-0.961035	0.881219	0.000000	0.977095	0.000000	0.000000	0.000000	0.000000	0.000000	0.000000
-0.961035	0.881219	0.000000	0.977095	0.000000	0.000000	0.000000	0.000000	0.000000	0.000000
-0.961035	0.881218	0.000000	0.977095	0.000000	0.000000	0.000000	0.000000	0.000000	0.000000
-0.961035	0.881219	0.000000	0.977095	0.000000	0.000000	0.000000	0.000000	0.000000	0.000000
-0.961034	0.881219	0.000000	0.977095	0.000000	0.000000	0.000000	0.000000	0.000000	0.000000
-0.961035	0.881219	0.000000	0.977095	0.000000	0.000000	0.000000	0.000000	0.000000	0.000000
-0.961034	0.881219	0.000000	0.977095	0.000000	0.000000	0.000000	0.000000	0.000000	0.000000
-0.961034	0.881219	0.000000	0.977095	0.000000	0.000000	0.000000	0.000000	0.000000	0.000000
-0.961035	0.881219	0.000000	0.977095	0.000000	0.000000	0.000000	0.000000	0.000000	0.000000
-0.961035	0.881219	0.000000	0.977092	0.000000	0.000000	0.000000	0.000000	0.000000	0.000000
-0.961035	0.881179	0.000000	0.977095	0.000000	0.000000	0.000000	0.000000	0.000000	0.000000
-0.961035	0.881219	0.000000	0.977095	0.000000	0.000000	0.000000	0.000000	0.000000	0.000000
-0.961034	0.881219	-0.000000	0.977095	0.000000	0.000000	0.000000	0.000000	0.000000	0.000000
-0.961035	0.881219	0.000000	0.977095	0.000000	0.000000	0.000000	0.000000	0.000000	0.000000
-0.961035	0.881219	0.000000	0.977095	0.000000	0.000000	0.000000	0.000000	0.000000	0.000000
-0.961035	0.881219	0.000000	0.977095	0.000000	0.000000	0.000000	0.000000	0.000000	0.000000
-0.961035	0.881219	0.000000	0.977095	0.000000	0.000000	0.000000	0.000000	0.000000	0.000000
-0.961035	0.881219	0.000000	0.977095	0.000000	0.000000	0.000000	0.000000	0.000000	0.000000
-0.961035	0.881219	0.000000	0.977095	0.000000	0.000000	0.000000	0.000000	0.000000	0.000000
-0.961035	0.881219	0.000000	0.977095	0.000000	0.000000	0.000000	0.000000	0.000000	0.000000
-0.961035	0.881219	-0.000000	0.977095	0.000000	0.000000	0.000000	0.000000	0.000000	0.000000
-0.961034	0.881219	0.000000	0.977095	0.000000	0.000000	0.000000	0.000000	0.000000	0.000000
-0.961035	0.881219	0.000000	0.977095	0.000000	0.000000	0.000000	0.000000	0.000000	0.000000
-0.961035	0.881219	0.000000	0.977095	0.000000	0.000000	0.000000	0.000000	0.000000	0.000000
-0.961035	0.881219	-0.000000	0.977095	0.000000	0.000000	0.000000	0.000000	0.000000	0.000000
-0.961035	0.881219	0.000000	0.977095	0.000000	0.000000	0.000000	0.000000	0.000000	0.000000
-0.961035	0.881219	0.000000	0.977095	0.000000	0.000000	0.000000	0.000000	0.000000	0.000000
-0.961034	0.881219	0.000000	0.977095	0.000000	0.000000	0.000000	0.000000	0.000000	0.000000
-0.961035	0.881219	0.000000	0.977095	0.000000	0.000000	0.000000	0.000000	0.000000	0.000000
-0.961034	0.881219	0.000000	0.977095	0.000000	0.000000	0.000000	0.000000	0.000000	0.000000
-0.961035	0.881219	0.000000	0.977095	0.000000	0.000000	0.000000	0.000000	0.000000	0.000000
-0.961035	0.881219	0.000000	0.977095	0.000000	0.000000	0.000000	0.000000	0.000000	0.000000
-0.961035	0.881219	0.000000	0.977095	0.000000	0.000000	0.000000	0.000000	0.000000	0.000000
-0.961035	0.881219	0.000000	0.977095	0.000000	0.000000	0.000000	0.000000	0.000000	0.000000
-0.961035	0.881219	0.000000	0.977095	0.000000	0.000000	0.000000	0.000000	0.000000	0.000000
-0.961035	0.881219	0.000000	0.977095	0.000000	0.000000	0.000000	0.000000	0.000000	0.000000
-0.961035	0.881219	0.000000	0.977095	0.000000	0.000000	0.000000	0.000000	0.000000	0.000000
-0.961035	0.881219	0.000000	0.977095	0.000000	0.000000	0.000000	0.000000	0.000000	0.000000
-0.961035	0.881219	0.000000	0.977095	0.000000	0.000000	0.000000	0.000000	0.000000	0.000000
-0.961035	0.881219	0.000000	0.977095	0.000000	0.000000	0.000000	0.000000	0.000000	0.000000
-0.961034	0.881219	0.000000	0.977095	0.000000	0.000000	0.000000	0.000000	0.000000	0.000000
-0.961035	0.881219	0.000000	0.977095	0.000000	0.000000	0.000000	0.000000	0.000000	0.000000
-0.961035	0.881219	0.000000	0.977095	0.000000	0.000000	0.000000	0.000000	0.000000	0.000000
-0.961035	0.881219	0.000000	0.977043	0.000000	0.000000	0.000000	0.000000	0.000000	0.000000
-0.961034	0.881219	0.000000	0.977095	0.000000	0.000000	0.000000	0.000000	0.000000	0.000000
-0.961035	0.881218	0.000000	0.977095	0.000000	0.000000	0.000000	0.000000	0.000000	0.000000
-0.961035	0.881219	0.000000	0.977095	0.000000	0.000000	0.000000	0.000000	0.000000	0.000000
-0.961035	0.881219	0.000000	0.977095	0.000000	0.000000	0.000000	0.000000	0.000000	0.000000
-0.961035	0.881219	0.000000	0.977095	0.000000	0.000000	0.000000	0.000000	0.000000	0.000000
-0.961034	0.881219	0.000000	0.977095	0.000000	0.000000	0.000000	0.000000	0.000000	0.000000
-0.961035	0.881219	-0.000000	0.977095	0.000000	0.000000	0.000000	0.000000	0.000000	0.000000
-0.961034	0.881219	0.000000	0.977095	0.000000	0.000000	0.000000	0.000000	0.000000	0.000000
-0.961034	0.881219	0.000000	0.977095	0.000000	0.000000	0.000000	0.000000	0.000000	0.000000
-0.961035	0.881219	0.000000	0.977095	0.000000	0.000000	0.000000	0.000000	0.000000	0.000000
-0.961034	0.881219	0.000000	0.977095	0.000000	0.000000	0.000000	0.000000	0.000000	0.000000
-0.961035	0.881219	-0.000000	0.977095	0.000000	0.000000	0.000000	0.000000	0.000000	0.000000
-0.961035	0.881219	0.000000	0.977095	0.000000	0.000000	0.000000	0.000000	0.000000	0.000000
-0.961035	0.881219	0.000000	0.977095	0.000000	0.000000	0.000000	0.000000	0.000000	0.000000
-0.961035	0.881219	0.000000	0.977095	0.000000	0.000000	0.000000	0.000000	0.000000	0.000000
-0.961034	0.881219	0.000000	0.977095	0.000000	0.000000	0.000000	0.000000	0.000000	0.000000
-0.961035	0.881219	-0.000000	0.977095	0.000000	0.000000	0.000000	0.000000	0.000000	0.000000
-0.961035	0.881219	0.000000	0.977095	0.000000	0.000000	0.000000	0.000000	0.000000	0.000000
-0.961035	0.881219	0.000000	0.977095	0.000000	0.000000	0.000000	0.000000	0.000000	0.000000
-0.961035	0.881219	0.000000	0.977095	0.000000	0.000000	0.000000	0.000000	0.000000	0.000000
-0.961035	0.881219	0.000000	0.977095	0.000000	0.000000	0.000000	0.000000	0.000000	0.000000
-0.961035	0.881219	0.000000	0.977095	0.000000	0.000000	0.000000	0.000000	0.000000	0.000000
-0.961035	0.881219	0.000000	0.977095	0.000000	0.000000	0.000000	0.000000	0.000000	0.000000
-0.961035	0.881219	0.000000	0.977095	0.000000	0.000000	0.000000	0.000000	0.000000	0.000000
-0.961035	0.881219	-0.000000	0.977095	0.000000	0.000000	0.000000	0.000000	0.000000	0.000000
-0.961035	0.881219	0.000000	0.977095	0.000000	0.000000	0.000000	0.000000	0.000000	0.000000
-0.961035	0.881206	0.000000	0.977095	0.000000	0.000000	0.000000	0.000000	0.000000	0.000000
-0.961035	0.881219	0.000000	0.977095	0.000000	0.000000	0.000000	0.000000	0.000000	0.000000
-0.961034	0.881219	0.000000	0.977095	0.000000	0.000000	0.000000	0.000000	0.000000	0.000000
-0.961035	0.881219	-0.000000	0.977095	0.000000	0.000000	0.000000	0.000000	0.000000	0.000000
-0.961034	0.881219	0.000000	0.977095	0.000000	0.000000	0.000000	0.000000	0.000000	0.000000
-0.961034	0.881219	0.000000	0.977095	0.000000	0.000000	0.000000	0.000000	0.000000	0.000000
-0.961035	0.881219	0.000000	0.977095	0.000000	0.000000	0.000000	0.000000	0.000000	0.000000
-0.961035	0.881219	0.000000	0.977095	0.000000	0.000000	0.000000	0.000000	0.000000	0.000000
