-1.002865	-0.865704	-0.000000	0.805043	0.000000	0.000000	0.000000	0.000000	0.000000	0.000000
-1.002733	-0.865704	0.000000	0.805165	0.000000	0.000000	0.000000	0.000000	0.000000	0.000000
-1.002409	-0.865704	-0.000000	0.805135	0.000000	0.000000	0.000000	0.000000	0.000000	0.000000
-1.002788	-0.865704	0.748461	0.805165	0.000000	0.000000	0.000000	0.000000	0.000000	0.000000
-1.002726	-0.865704	0.000001	0.805160	0.000000	0.000000	0.000000	0.000000	0.000000	0.000000
-1.002630	-0.865704	0.000000	0.801779	0.000000	0.000000	0.000000	0.000000	0.000000	0.000000
-1.002847	-0.865704	-0.000000	0.805163	0.000000	0.000000	0.000000	0.000000	0.000000	0.000000
-1.002632	-0.865704	0.000000	0.804920	0.000000	0.000000	0.000000	0.000000	0.000000	0.000000
-1.002511	-0.865704	0.000000	0.805053	0.000000	0.000000	0.000000	0.000000	0.000000	0.000000
-1.002625	-0.865704	0.000000	0.805165	0.000000	0.000000	0.000000	0.000000	0.000000	0.000000
-1.002715	-0.865704	0.000000	0.805165	0.000000	0.000000	0.000000	0.000000	0.000000	0.000000
-1.002759	-0.865704	-0.000000	0.805163	0.000000	0.000000	0.000000	0.000000	0.000000	0.000000
-1.002783	-0.865704	-0.000000	0.803609	0.000000	0.000000	0.000000	0.000000	0.000000	0.000000
-1.002646	-0.865704	0.000006	0.805150	0.000000	0.000000	0.000000	0.000000	0.000000	0.000000
-1.002751	-0.865704	0.000000	0.777047	0.000000	0.000000	0.000000	0.000000	0.000000	0.000000
-1.002691	-0.865704	0.000000	0.805014	0.000000	0.000000	0.000000	0.000000	0.000000	0.000000
-1.002487	-0.865704	-0.000000	0.805165	0.000000	0.000000	0.000000	0.000000	0.000000	0.000000
-1.002540	-0.865704	-0.000000	0.805055	0.000000	0.000000	0.000000	0.000000	0.000000	0.000000
-1.002564	-0.865704	0.000000	0.805162	0.000000	0.000000	0.000000	0.000000	0.000000	0.000000
-1.002994	-0.865704	-0.000000	0.805165	0.000000	0.000000	0.000000	0.000000	0.000000	0.000000
-1.002697	-0.865704	0.000000	0.803998	0.000000	0.000000	0.000000	0.000000	0.000000	0.000000
-1.002836	-0.865704	-0.000000	0.805165	0.000000	0.000000	0.000000	0.000000	0.000000	0.000000
-1.002777	-0.865704	0.000000	0.805165	0.000000	0.000000	0.000000	0.000000	0.000000	0.000000
-1.002795	-0.865704	0.000000	0.805165	0.000000	0.000000	0.000000	0.000000	0.000000	0.000000
-1.002856	-0.865704	0.000006	0.805135	0.000000	0.000000	0.000000	0.000000	0.000000	0.000000
-1.002782	-0.865704	-0.000000	0.804867	0.000000	0.000000	0.000000	0.000000	0.000000	0.000000
-1.002843	-0.865704	0.000000	0.805163	0.000000	0.000000	0.000000	0.000000	0.000000	0.000000
-1.002748	-0.865704	0.000000	0.805164	0.000000	0.000000	0.000000	0.000000	0.000000	0.000000
-1.002770	-0.865704	-0.000000	0.805164	0.000000	0.000000	0.000000	0.000000	0.000000	0.000000
-1.002759	-0.865704	-0.000000	0.805161	0.000000	0.000000	0.000000	0.000000	0.000000	0.000000
-1.002699	-0.865704	0.000000	0.805165	0.000000	0.000000	0.000000	0.000000	0.000000	0.000000
-1.002836	-0.865704	-0.000000	0.805139	0.000000	0.000000	0.000000	0.000000	0.000000	0.000000
-1.002679	-0.865704	0.000000	0.805165	0.000000	0.000000	0.000000	0.000000	0.000000	0.000000
-1.002968	-0.865704	-0.000000	0.805165	0.000000	0.000000	0.000000	0.000000	0.000000	0.000000
-1.002636	-0.865704	0.000000	0.805153	0.000000	0.000000	0.000000	0.000000	0.000000	0.000000
-1.002607	-0.865704	0.000000	0.805097	0.000000	0.000000	0.000000	0.000000	0.000000	0.000000
-1.002844	-0.865704	0.000000	0.805160	0.000000	0.000000	0.000000	0.000000	0.000000	0.000000
-1.002792	-0.865704	0.000000	0.805165	0.000000	0.000000	0.000000	0.000000	0.000000	0.000000
-1.002835	-0.865704	0.000000	0.805163	0.000000	0.000000	0.000000	0.000000	0.000000	0.000000
-1.002753	-0.865704	0.000000	0.805150	0.000000	0.000000	0.000000	0.000000	0.000000	0.000000
-1.002905	-0.865704	-0.000000	0.805164	0.000000	0.000000	0.000000	0.000000	0.000000	0.000000
-1.002708	-0.865704	0.000002	0.805165	0.000000	0.000000	0.000000	0.000000	0.000000	0.000000
-1.002735	-0.865704	-0.000000	0.805165	0.000000	0.000000	0.000000	0.000000	0.000000	0.000000
-1.002628	-0.865704	-0.000000	0.805165	0.000000	0.000000	0.000000	0.000000	0.000000	0.000000
-1.002878	-0.865704	-0.000000	0.805012	0.000000	0.000000	0.000000	0.000000	0.000000	0.000000
-1.002812	-0.865704	0.000012	0.805114	0.000000	0.000000	0.000000	0.000000	0.000000	0.000000
-1.002722	-0.865704	0.000000	0.805165	0.000000	0.000000	0.000000	0.000000	0.000000	0.000000
-1.002723	-0.865704	-0.000000	0.805087	0.000000	0.000000	0.000000	0.000000	0.000000	0.000000
-1.002688	-0.865704	0.000174	0.805165	0.000000	0.000000	0.000000	0.000000	0.000000	0.000000
-1.002808	-0.865704	0.000000	0.805165	0.000000	0.000000	0.000000	0.000000	0.000000	0.000000
-1.002888	-0.865704	0.000000	0.804471	0.000000	0.000000	0.000000	0.000000	0.000000	0.000000
-1.003111	-0.865704	-0.000000	0.805165	0.000000	0.000000	0.000000	0.000000	0.000000	0.000000
-1.002935	-0.865704	0.000000	0.805165	0.000000	0.000000	0.000000	0.000000	0.000000	0.000000
-1.002601	-0.865704	0.000000	0.805163	0.000000	0.000000	0.000000	0.000000	0.000000	0.000000
-1.002575	-0.865704	0.000000	0.805126	0.000000	0.000000	0.000000	0.000000	0.000000	0.000000
-1.002844	-0.865704	0.000000	0.805163	0.000000	0.000000	0.000000	0.000000	0.000000	0.000000
-1.002673	-0.865704	-0.000000	0.805165	0.000000	0.000000	0.000000	0.000000	0.000000	0.000000
-1.002840	-0.865704	-0.000000	0.730921	0.000000	0.000000	0.000000	0.000000	0.000000	0.000000
-1.002754	-0.865704	0.000000	0.805165	0.000000	0.000000	0.000000	0.000000	0.000000	0.000000
-1.002731	-0.865704	0.000002	0.805146	0.000000	0.000000	0.000000	0.000000	0.000000	0.000000
-1.003024	-0.865704	0.000000	0.805165	0.000000	0.000000	0.000000	0.000000	0.000000	0.000000
-1.002681	-0.865704	0.000016	0.805106	0.000000	0.000000	0.000000	0.000000	0.000000	0.000000
-1.002686	-0.865704	-0.000000	0.689140	0.000000	0.000000	0.000000	0.000000	0.000000	0.000000
-1.002984	-0.865704	0.000000	0.805163	0.000000	0.000000	0.000000	0.000000	0.000000	0.000000
-1.002595	-0.865704	0.000000	0.805059	0.000000	0.000000	0.000000	0.000000	0.000000	0.000000
-1.002797	-0.865704	0.000000	0.805164	0.000000	0.000000	0.000000	0.000000	0.000000	0.000000
-1.002814	-0.865704	0.000000	0.805163	0.000000	0.000000	0.000000	0.000000	0.000000	0.000000
-1.002858	-0.865704	0.000000	0.805165	0.000000	0.000000	0.000000	0.000000	0.000000	0.000000
-1.002646	-0.865704	0.000000	0.805163	0.000000	0.000000	0.000000	0.000000	0.000000	0.000000
-1.002771	-0.865704	0.000000	0.805164	0.000000	0.000000	0.000000	0.000000	0.000000	0.000000
-1.002495	-0.865704	0.000000	0.805147	0.000000	0.000000	0.000000	0.000000	0.000000	0.000000
-1.002784	-0.865704	0.009184	0.805162	0.000000	0.000000	0.000000	0.000000	0.000000	0.000000
-1.002699	-0.865704	0.000028	0.805165	0.000000	0.000000	0.000000	0.000000	0.000000	0.000000
-1.002865	-0.865704	0.000000	0.805165	0.000000	0.000000	0.000000	0.000000	0.000000	0.000000
-1.002652	-0.865704	0.000000	0.805165	0.000000	0.000000	0.000000	0.000000	0.000000	0.000000
-1.002998	-0.865704	0.000000	0.805165	0.000000	0.000000	0.000000	0.000000	0.000000	0.000000
-1.002713	-0.865704	0.000000	0.805165	0.000000	0.000000	0.000000	0.000000	0.000000	0.000000
-1.002638	-0.865704	0.000004	0.805165	0.000000	0.000000	0.000000	0.000000	0.000000	0.000000
-1.003039	-0.865704	0.000000	0.804790	0.000000	0.000000	0.000000	0.000000	0.000000	0.000000
-1.002714	-0.865704	-0.000001	0.805165	0.000000	0.000000	0.000000	0.000000	0.000000	0.000000
-1.002736	-0.865704	0.000066	0.805100	0.000000	0.000000	0.000000	0.000000	0.000000	0.000000
-1.002675	-0.865704	0.000000	0.805163	0.000000	0.000000	0.000000	0.000000	0.000000	0.000000
-1.002720	-0.865704	-0.000004	0.805164	0.000000	0.000000	0.000000	0.000000	0.000000	0.000000
-1.002850	-0.865704	0.000000	0.805165	0.000000	0.000000	0.000000	0.000000	0.000000	0.000000
-1.002701	-0.865704	0.000000	0.805164	0.000000	0.000000	0.000000	0.000000	0.000000	0.000000
-1.002839	-0.865704	-0.000000	0.805152	0.000000	0.000000	0.000000	0.000000	0.000000	0.000000
-1.002854	-0.865704	-0.000000	0.805165	0.000000	0.000000	0.000000	0.000000	0.000000	0.000000
-1.002621	-0.865704	0.000000	0.805165	0.000000	0.000000	0.000000	0.000000	0.000000	0.000000
-1.002478	-0.865704	-0.000000	0.805138	0.000000	0.000000	0.000000	0.000000	0.000000	0.000000
-1.002694	-0.865704	0.000000	0.805165	0.000000	0.000000	0.000000	0.000000	0.000000	0.000000
-1.002878	-0.865704	-0.000000	0.805159	0.000000	0.000000	0.000000	0.000000	0.000000	0.000000
-1.002688	-0.865704	0.000000	0.804749	0.000000	0.000000	0.000000	0.000000	0.000000	0.000000
-1.002719	-0.865704	-0.000000	0.799332	0.000000	0.000000	0.000000	0.000000	0.000000	0.000000
-1.002677	-0.865704	0.000000	0.805083	0.000000	0.000000	0.000000	0.000000	0.000000	0.000000
-1.002996	-0.865704	-0.000000	0.805165	0.000000	0.000000	0.000000	0.000000	0.000000	0.000000
-1.002856	-0.865704	0.000000	0.805165	0.000000	0.000000	0.000000	0.000000	0.000000	0.000000
-1.002474	-0.865704	0.000000	0.805165	0.000000	0.000000	0.000000	0.000000	0.000000	0.000000
-1.002686	-0.865704	0.000000	0.805129	0.000000	0.000000	0.000000	0.000000	0.000000	0.000000
-1.002899	-0.865704	0.000000	0.805144	0.000000	0.000000	0.000000	0.000000	0.000000	0.000000
-1.002759	-0.865704	0.000000	0.805165	0.000000	0.000000	0.000000	0.000000	0.000000	0.000000
-1.002824	-0.865704	0.000000	0.805165	0.000000	0.000000	0.000000	0.000000	0.000000	0.000000
-1.002756	-0.865704	-0.000000	0.805165	0.000000	0.000000	0.000000	0.000000	0.000000	0.000000
-1.002687	-0.865704	-0.000000	0.805164	0.000000	0.000000	0.000000	0.000000	0.000000	0.000000
-1.002703	-0.865704	-0.000000	0.805162	0.000000	0.000000	0.000000	0.000000	0.000000	0.000000
-1.002796	-0.865704	-0.000000	0.805165	0.000000	0.000000	0.000000	0.000000	0.000000	0.000000
-1.002678	-0.865704	0.000010	0.805164	0.000000	0.000000	0.000000	0.000000	0.000000	0.000000
-1.002807	-0.865704	0.000000	0.805165	0.000000	0.000000	0.000000	0.000000	0.000000	0.000000
-1.002653	-0.865704	-0.000000	0.805165	0.000000	0.000000	0.000000	0.000000	0.000000	0.000000
-1.002375	-0.865704	0.000000	0.805162	0.000000	0.000000	0.000000	0.000000	0.000000	0.000000
-1.002737	-0.865704	-0.000000	0.805163	0.000000	0.000000	0.000000	0.000000	0.000000	0.000000
-1.002540	-0.865704	-0.000000	0.805124	0.000000	0.000000	0.000000	0.000000	0.000000	0.000000
-1.002746	-0.865704	0.000000	0.805165	0.000000	0.000000	0.000000	0.000000	0.000000	0.000000
-1.002688	-0.865704	0.000128	0.805165	0.000000	0.000000	0.000000	0.000000	0.000000	0.000000
-1.002717	-0.865704	-0.000000	0.804888	0.000000	0.000000	0.000000	0.000000	0.000000	0.000000
-1.002819	-0.865704	0.000000	0.804890	0.000000	0.000000	0.000000	0.000000	0.000000	0.000000
-1.002693	-0.865704	0.000000	0.805156	0.000000	0.000000	0.000000	0.000000	0.000000	0.000000
-1.002761	-0.865704	-0.000000	0.805165	0.000000	0.000000	0.000000	0.000000	0.000000	0.000000
-1.002807	-0.865704	-0.000000	0.805147	0.000000	0.000000	0.000000	0.000000	0.000000	0.000000
-1.002602	-0.865704	-0.000000	0.805165	0.000000	0.000000	0.000000	0.000000	0.000000	0.000000
-1.002809	-0.865704	0.000000	0.805165	0.000000	0.000000	0.000000	0.000000	0.000000	0.000000
-1.002882	-0.865704	0.000002	0.805158	0.000000	0.000000	0.000000	0.000000	0.000000	0.000000
-1.002814	-0.865704	-0.000005	0.805165	0.000000	0.000000	0.000000	0.000000	0.000000	0.000000
-1.002904	-0.865704	0.000000	0.805165	0.000000	0.000000	0.000000	0.000000	0.000000	0.000000
-1.002859	-0.865704	0.000000	0.805165	0.000000	0.000000	0.000000	0.000000	0.000000	0.000000
-1.002976	-0.865704	0.000000	0.805161	0.000000	0.000000	0.000000	0.000000	0.000000	0.000000
-1.002786	-0.865704	0.000000	0.803751	0.000000	0.000000	0.000000	0.000000	0.000000	0.000000
-1.002584	-0.865704	0.000000	0.805165	0.000000	0.000000	0.000000	0.000000	0.000000	0.000000
-1.003048	-0.865704	-0.000000	0.805126	0.000000	0.000000	0.000000	0.000000	0.000000	0.000000
-1.002689	-0.865704	-0.000000	0.805165	0.000000	0.000000	0.000000	0.000000	0.000000	0.000000
-1.002627	-0.865704	0.000001	0.805164	0.000000	0.000000	0.000000	0.000000	0.000000	0.000000
-1.002852	-0.865704	0.000000	0.805165	0.000000	0.000000	0.000000	0.000000	0.000000	0.000000
-1.002684	-0.865704	0.000000	0.805165	0.000000	0.000000	0.000000	0.000000	0.000000	0.000000
-1.002684	-0.865704	-0.000000	0.805165	0.000000	0.000000	0.000000	0.000000	0.000000	0.000000
-1.002669	-0.865704	-0.000000	0.805115	0.000000	0.000000	0.000000	0.000000	0.000000	0.000000
-1.002749	-0.865704	-0.000000	0.804385	0.000000	0.000000	0.000000	0.000000	0.000000	0.000000
-1.002822	-0.865704	-0.000000	0.805165	0.000000	0.000000	0.000000	0.000000	0.000000	0.000000
-1.002536	-0.865704	0.000000	0.805159	0.000000	0.000000	0.000000	0.000000	0.000000	0.000000
-1.002949	-0.865704	0.011739	0.805165	0.000000	0.000000	0.000000	0.000000	0.000000	0.000000
-1.002684	-0.865704	0.000000	0.803561	0.000000	0.000000	0.000000	0.000000	0.000000	0.000000
-1.002834	-0.865704	0.000000	0.804190	0.000000	0.000000	0.000000	0.000000	0.000000	0.000000
-1.002591	-0.865704	-0.000000	0.805160	0.000000	0.000000	0.000000	0.000000	0.000000	0.000000
-1.002673	-0.865704	0.000000	0.805115	0.000000	0.000000	0.000000	0.000000	0.000000	0.000000
-1.002796	-0.865704	0.000000	0.805165	0.000000	0.000000	0.000000	0.000000	0.000000	0.000000
-1.002783	-0.865704	0.000000	0.805157	0.000000	0.000000	0.000000	0.000000	0.000000	0.000000
-1.002521	-0.865704	-0.000000	0.805154	0.000000	0.000000	0.000000	0.000000	0.000000	0.000000
-1.002838	-0.865704	0.011411	0.805165	0.000000	0.000000	0.000000	0.000000	0.000000	0.000000
-1.002738	-0.865704	0.000000	0.805165	0.000000	0.000000	0.000000	0.000000	0.000000	0.000000
-1.002799	-0.865704	-0.000000	0.802254	0.000000	0.000000	0.000000	0.000000	0.000000	0.000000
-1.002646	-0.865704	0.000000	0.805165	0.000000	0.000000	0.000000	0.000000	0.000000	0.000000
-1.002758	-0.865704	0.000001	0.805165	0.000000	0.000000	0.000000	0.000000	0.000000	0.000000
-1.002794	-0.865704	-0.000000	0.805165	0.000000	0.000000	0.000000	0.000000	0.000000	0.000000
-1.002737	-0.865704	-0.000000	0.805165	0.000000	0.000000	0.000000	0.000000	0.000000	0.000000
-1.002786	-0.865704	-0.000000	0.805165	0.000000	0.000000	0.000000	0.000000	0.000000	0.000000
-1.002923	-0.865704	0.000000	0.805165	0.000000	0.000000	0.000000	0.000000	0.000000	0.000000
-1.002871	-0.865704	0.000000	0.805164	0.000000	0.000000	0.000000	0.000000	0.000000	0.000000
-1.002787	-0.865704	0.000000	0.805136	0.000000	0.000000	0.000000	0.000000	0.000000	0.000000
-1.002773	-0.865704	0.000000	0.805165	0.000000	0.000000	0.000000	0.000000	0.000000	0.000000
-1.002679	-0.865704	-0.000000	0.805165	0.000000	0.000000	0.000000	0.000000	0.000000	0.000000
-1.002851	-0.865704	-0.000000	0.805165	0.000000	0.000000	0.000000	0.000000	0.000000	0.000000
-1.002761	-0.865704	0.000000	0.805162	0.000000	0.000000	0.000000	0.000000	0.000000	0.000000
-1.002648	-0.865704	0.000000	0.805165	0.000000	0.000000	0.000000	0.000000	0.000000	0.000000
-1.002699	-0.865704	-0.000000	0.805165	0.000000	0.000000	0.000000	0.000000	0.000000	0.000000
-1.002701	-0.865704	0.000000	0.805164	0.000000	0.000000	0.000000	0.000000	0.000000	0.000000
-1.002774	-0.865704	0.000000	0.805165	0.000000	0.000000	0.000000	0.000000	0.000000	0.000000
-1.002899	-0.865704	0.000000	0.805164	0.000000	0.000000	0.000000	0.000000	0.000000	0.000000
-1.002974	-0.865704	0.000000	0.805159	0.000000	0.000000	0.000000	0.000000	0.000000	0.000000
-1.002678	-0.865704	-0.000000	0.805096	0.000000	0.000000	0.000000	0.000000	0.000000	0.000000
-1.002470	-0.865704	0.000001	0.804834	0.000000	0.000000	0.000000	0.000000	0.000000	0.000000
-1.002708	-0.865704	0.000001	0.805163	0.000000	0.000000	0.000000	0.000000	0.000000	0.000000
-1.002483	-0.865704	-0.000000	0.805165	0.000000	0.000000	0.000000	0.000000	0.000000	0.000000
-1.002619	-0.865704	-0.000000	0.805165	0.000000	0.000000	0.000000	0.000000	0.000000	0.000000
-1.002647	-0.865704	0.000001	0.805165	0.000000	0.000000	0.000000	0.000000	0.000000	0.000000
-1.002648	-0.865704	0.000000	0.797297	0.000000	0.000000	0.000000	0.000000	0.000000	0.000000
-1.002805	-0.865704	-0.000001	0.805165	0.000000	0.000000	0.000000	0.000000	0.000000	0.000000
-1.002787	-0.865704	-0.000001	0.805112	0.000000	0.000000	0.000000	0.000000	0.000000	0.000000
-1.002603	-0.865704	0.000000	0.805165	0.000000	0.000000	0.000000	0.000000	0.000000	0.000000
-1.002672	-0.865704	0.000000	0.805165	0.000000	0.000000	0.000000	0.000000	0.000000	0.000000
-1.002676	-0.865704	-0.000000	0.805164	0.000000	0.000000	0.000000	0.000000	0.000000	0.000000
-1.002841	-0.865704	-0.000000	0.805165	0.000000	0.000000	0.000000	0.000000	0.000000	0.000000
-1.002874	-0.865704	0.000000	0.804956	0.000000	0.000000	0.000000	0.000000	0.000000	0.000000
-1.002610	-0.865704	0.000000	0.805162	0.000000	0.000000	0.000000	0.000000	0.000000	0.000000
-1.002872	-0.865704	0.000002	0.805045	0.000000	0.000000	0.000000	0.000000	0.000000	0.000000
-1.002737	-0.865704	0.000000	0.805165	0.000000	0.000000	0.000000	0.000000	0.000000	0.000000
-1.002719	-0.865704	0.000000	0.805162	0.000000	0.000000	0.000000	0.000000	0.000000	0.000000
-1.002841	-0.865704	-0.000000	0.805165	0.000000	0.000000	0.000000	0.000000	0.000000	0.000000
-1.002826	-0.865704	0.000000	0.805164	0.000000	0.000000	0.000000	0.000000	0.000000	0.000000
-1.002872	-0.865704	0.000000	0.805165	0.000000	0.000000	0.000000	0.000000	0.000000	0.000000
-1.002704	-0.865704	0.000000	0.805161	0.000000	0.000000	0.000000	0.000000	0.000000	0.000000
-1.002864	-0.865704	-0.000000	0.805165	0.000000	0.000000	0.000000	0.000000	0.000000	0.000000
-1.002871	-0.865704	-0.000000	0.805165	0.000000	0.000000	0.000000	0.000000	0.000000	0.000000
-1.002564	-0.865704	-0.000000	0.805156	0.000000	0.000000	0.000000	0.000000	0.000000	0.000000
-1.003003	-0.865704	0.000000	0.804999	0.000000	0.000000	0.000000	0.000000	0.000000	0.000000
-1.002754	-0.865704	0.000007	0.805152	0.000000	0.000000	0.000000	0.000000	0.000000	0.000000
-1.002711	-0.865704	0.000003	0.805164	0.000000	0.000000	0.000000	0.000000	0.000000	0.000000
-1.002647	-0.865704	0.000000	0.805165	0.000000	0.000000	0.000000	0.000000	0.000000	0.000000
-1.002784	-0.865704	-0.000000	0.805162	0.000000	0.000000	0.000000	0.000000	0.000000	0.000000
-1.002618	-0.865704	0.000000	0.805165	0.000000	0.000000	0.000000	0.000000	0.000000	0.000000
-1.002873	-0.865704	0.000000	0.805165	0.000000	0.000000	0.000000	0.000000	0.000000	0.000000
-1.002666	-0.865704	-0.000000	0.805014	0.000000	0.000000	0.000000	0.000000	0.000000	0.000000
-1.002950	-0.865704	-0.000000	0.805160	0.000000	0.000000	0.000000	0.000000	0.000000	0.000000
-1.002885	-0.865704	-0.000000	0.805165	0.000000	0.000000	0.000000	0.000000	0.000000	0.000000
-1.002759	-0.865704	0.000000	0.805019	0.000000	0.000000	0.000000	0.000000	0.000000	0.000000
-1.002495	-0.865704	0.000000	0.805164	0.000000	0.000000	0.000000	0.000000	0.000000	0.000000
-1.002840	-0.865704	0.000000	0.805165	0.000000	0.000000	0.000000	0.000000	0.000000	0.000000
-1.002791	-0.865704	0.000000	0.805030	0.000000	0.000000	0.000000	0.000000	0.000000	0.000000
-1.002750	-0.865704	0.000000	0.805165	0.000000	0.000000	0.000000	0.000000	0.000000	0.000000
-1.002827	-0.865704	-0.000000	0.805165	0.000000	0.000000	0.000000	0.000000	0.000000	0.000000
-1.002661	-0.865704	0.000000	0.805164	0.000000	0.000000	0.000000	0.000000	0.000000	0.000000
-1.002897	-0.865704	-0.000000	0.805149	0.000000	0.000000	0.000000	0.000000	0.000000	0.000000
-1.002587	-0.865704	0.000000	0.805164	0.000000	0.000000	0.000000	0.000000	0.000000	0.000000
-1.002895	-0.865704	-0.000000	0.805161	0.000000	0.000000	0.000000	0.000000	0.000000	0.000000
-1.002733	-0.865704	0.000001	0.805160	0.000000	0.000000	0.000000	0.000000	0.000000	0.000000
-1.002657	-0.865704	0.000000	0.805165	0.000000	0.000000	0.000000	0.000000	0.000000	0.000000
-1.002545	-0.865704	-0.000000	0.805161	0.000000	0.000000	0.000000	0.000000	0.000000	0.000000
-1.002887	-0.865704	0.000000	0.805165	0.000000	0.000000	0.000000	0.000000	0.000000	0.000000
-1.002457	-0.865704	0.000000	0.805051	0.000000	0.000000	0.000000	0.000000	0.000000	0.000000
-1.002672	-0.865704	-0.000000	0.805119	0.000000	0.000000	0.000000	0.000000	0.000000	0.000000
-1.002608	-0.865704	0.000000	0.805147	0.000000	0.000000	0.000000	0.000000	0.000000	0.000000
-1.002761	-0.865704	-0.000000	0.805165	0.000000	0.000000	0.000000	0.000000	0.000000	0.000000
-1.002517	-0.865704	-0.000000	0.804871	0.000000	0.000000	0.000000	0.000000	0.000000	0.000000
-1.002906	-0.865704	-0.000005	0.805163	0.000000	0.000000	0.000000	0.000000	0.000000	0.000000
-1.002603	-0.865704	-0.000000	0.805165	0.000000	0.000000	0.000000	0.000000	0.000000	0.000000
-1.003063	-0.865704	0.000000	0.805164	0.000000	0.000000	0.000000	0.000000	0.000000	0.000000
-1.002612	-0.865704	-0.000000	0.805162	0.000000	0.000000	0.000000	0.000000	0.000000	0.000000
-1.002767	-0.865704	0.000000	0.805165	0.000000	0.000000	0.000000	0.000000	0.000000	0.000000
-1.002729	-0.865704	0.000000	0.805165	0.000000	0.000000	0.000000	0.000000	0.000000	0.000000
-1.002811	-0.865704	0.000000	0.800576	0.000000	0.000000	0.000000	0.000000	0.000000	0.000000
-1.002661	-0.865704	-0.000000	0.805165	0.000000	0.000000	0.000000	0.000000	0.000000	0.000000
-1.002550	-0.865704	0.000000	0.805161	0.000000	0.000000	0.000000	0.000000	0.000000	0.000000
-1.002617	-0.865704	-0.000000	0.805164	0.000000	0.000000	0.000000	0.000000	0.000000	0.000000
-1.002775	-0.865704	-0.000000	0.805165	0.000000	0.000000	0.000000	0.000000	0.000000	0.000000
-1.002696	-0.865704	-0.000000	0.805160	0.000000	0.000000	0.000000	0.000000	0.000000	0.000000
-1.002664	-0.865704	0.000000	0.805165	0.000000	0.000000	0.000000	0.000000	0.000000	0.000000
-1.002779	-0.865704	-0.000000	0.805163	0.000000	0.000000	0.000000	0.000000	0.000000	0.000000
-1.002613	-0.865704	0.000071	0.805164	0.000000	0.000000	0.000000	0.000000	0.000000	0.000000
-1.002655	-0.865704	0.000001	0.805164	0.000000	0.000000	0.000000	0.000000	0.000000	0.000000
-1.002761	-0.865704	0.000000	0.805164	0.000000	0.000000	0.000000	0.000000	0.000000	0.000000
-1.002887	-0.865704	0.000001	0.805165	0.000000	0.000000	0.000000	0.000000	0.000000	0.000000
-1.002883	-0.865704	0.000001	0.805158	0.000000	0.000000	0.000000	0.000000	0.000000	0.000000
-1.002899	-0.865704	0.000000	0.801665	0.000000	0.000000	0.000000	0.000000	0.000000	0.000000
-1.002543	-0.865704	-0.000000	0.805165	0.000000	0.000000	0.000000	0.000000	0.000000	0.000000
-1.002801	-0.865704	-0.000000	0.805165	0.000000	0.000000	0.000000	0.000000	0.000000	0.000000
-1.002690	-0.865704	0.000000	0.805158	0.000000	0.000000	0.000000	0.000000	0.000000	0.000000
-1.002765	-0.865704	-0.000000	0.805136	0.000000	0.000000	0.000000	0.000000	0.000000	0.000000
-1.002692	-0.865704	-0.000000	0.805164	0.000000	0.000000	0.000000	0.000000	0.000000	0.000000
-1.002966	-0.865704	0.000000	0.803854	0.000000	0.000000	0.000000	0.000000	0.000000	0.000000
-1.002851	-0.865704	-0.000000	0.805164	0.000000	0.000000	0.000000	0.000000	0.000000	0.000000
-1.002786	-0.865704	0.000000	0.805075	0.000000	0.000000	0.000000	0.000000	0.000000	0.000000
-1.002823	-0.865704	0.000000	0.805165	0.000000	0.000000	0.000000	0.000000	0.000000	0.000000
-1.002791	-0.865704	0.000001	0.805165	0.000000	0.000000	0.000000	0.000000	0.000000	0.000000
-1.002462	-0.865704	0.000000	0.053292	0.000000	0.000000	0.000000	0.000000	0.000000	0.000000
-1.002660	-0.865704	0.000000	-0.824147	0.000000	0.000000	0.000000	0.000000	0.000000	0.000000
-1.002697	-0.865704	0.000000	-0.824140	0.000000	0.000000	0.000000	0.000000	0.000000	0.000000
-1.002739	-0.865704	-0.000000	-0.824253	0.000000	0.000000	0.000000	0.000000	0.000000	0.000000
-1.002877	-0.865704	0.000000	-0.824113	0.000000	0.000000	0.000000	0.000000	0.000000	0.000000
-1.002689	-0.865704	-0.000000	-0.824366	0.000000	0.000000	0.000000	0.000000	0.000000	0.000000
-1.002630	-0.865704	0.000000	-0.824280	0.000000	0.000000	0.000000	0.000000	0.000000	0.000000
-1.002887	-0.865704	0.000000	-0.824156	0.000000	0.000000	0.000000	0.000000	0.000000	0.000000
-1.002543	-0.865704	-0.000000	-0.824176	0.000000	0.000000	0.000000	0.000000	0.000000	0.000000
-1.002799	-0.865704	-0.000000	-0.824238	0.000000	0.000000	0.000000	0.000000	0.000000	0.000000
-1.002648	-0.865704	0.000000	-0.824226	0.000000	0.000000	0.000000	0.000000	0.000000	0.000000
-1.002962	-0.865704	-0.000000	-0.823661	0.000000	0.000000	0.000000	0.000000	0.000000	0.000000
-1.002456	-0.865704	0.000000	-0.824155	0.000000	0.000000	0.000000	0.000000	0.000000	0.000000
-1.002832	-0.865704	-0.000000	-0.824444	0.000000	0.000000	0.000000	0.000000	0.000000	0.000000
-1.002904	-0.865704	0.000000	-0.824181	0.000000	0.000000	0.000000	0.000000	0.000000	0.000000
-1.002575	-0.865704	0.000000	-0.824278	0.000000	0.000000	0.000000	0.000000	0.000000	0.000000
-1.002861	-0.865704	-0.000000	-0.822734	0.000000	0.000000	0.000000	0.000000	0.000000	0.000000
-1.002707	-0.865704	-0.000000	-0.821510	0.000000	0.000000	0.000000	0.000000	0.000000	0.000000
-1.002713	-0.865704	-0.000000	-0.824068	0.000000	0.000000	0.000000	0.000000	0.000000	0.000000
-1.002844	-0.865704	0.000000	-0.824330	0.000000	0.000000	0.000000	0.000000	0.000000	0.000000
-1.002893	-0.865704	0.000000	-0.824263	0.000000	0.000000	0.000000	0.000000	0.000000	0.000000
-1.002635	-0.865704	-0.000000	-0.823761	0.000000	0.000000	0.000000	0.000000	0.000000	0.000000
-1.002583	-0.865704	0.000000	-0.824121	0.000000	0.000000	0.000000	0.000000	0.000000	0.000000
-1.002762	-0.865704	-0.000000	-0.824222	0.000000	0.000000	0.000000	0.000000	0.000000	0.000000
-1.002737	-0.865704	-0.000000	-0.824061	0.000000	0.000000	0.000000	0.000000	0.000000	0.000000
-1.002712	-0.865704	-0.000000	-0.824005	0.000000	0.000000	0.000000	0.000000	0.000000	0.000000
-1.002938	-0.865704	0.000000	-0.824183	0.000000	0.000000	0.000000	0.000000	0.000000	0.000000
-1.002977	-0.865704	-0.000000	-0.824152	0.000000	0.000000	0.000000	0.000000	0.000000	0.000000
-1.002726	-0.865704	0.000000	-0.824053	0.000000	0.000000	0.000000	0.000000	0.000000	0.000000
-1.002467	-0.865704	-0.000000	-0.824201	0.000000	0.000000	0.000000	0.000000	0.000000	0.000000
-1.002567	-0.865704	0.000000	-0.824288	0.000000	0.000000	0.000000	0.000000	0.000000	0.000000
-1.002750	-0.865704	0.000000	-0.823935	0.000000	0.000000	0.000000	0.000000	0.000000	0.000000
-1.002812	-0.865704	0.000000	-0.824072	0.000000	0.000000	0.000000	0.000000	0.000000	0.000000
-1.002904	-0.865704	0.000000	-0.824138	0.000000	0.000000	0.000000	0.000000	0.000000	0.000000
-1.002726	-0.865704	-0.000000	-0.824231	0.000000	0.000000	0.000000	0.000000	0.000000	0.000000
-1.002754	-0.865704	-0.000000	-0.824187	0.000000	0.000000	0.000000	0.000000	0.000000	0.000000
-1.002789	-0.865704	0.000000	-0.823808	0.000000	0.000000	0.000000	0.000000	0.000000	0.000000
-1.002831	-0.865704	-0.000000	-0.824237	0.000000	0.000000	0.000000	0.000000	0.000000	0.000000
-1.002442	-0.865704	0.000000	-0.824350	0.000000	0.000000	0.000000	0.000000	0.000000	0.000000
-1.003173	-0.865704	0.000000	-0.824257	0.000000	0.000000	0.000000	0.000000	0.000000	0.000000
-1.002733	-0.865704	-0.000000	-0.824259	0.000000	0.000000	0.000000	0.000000	0.000000	0.000000
-1.002600	-0.865704	-0.000000	-0.824287	0.000000	0.000000	0.000000	0.000000	0.000000	0.000000
-1.002245	-0.865704	-0.000000	-0.822748	0.000000	0.000000	0.000000	0.000000	0.000000	0.000000
-1.002728	-0.865704	0.000000	-0.824094	0.000000	0.000000	0.000000	0.000000	0.000000	0.000000
-1.002746	-0.865704	-0.000000	-0.822781	0.000000	0.000000	0.000000	0.000000	0.000000	0.000000
-1.002790	-0.865704	0.000000	-0.824168	0.000000	0.000000	0.000000	0.000000	0.000000	0.000000
-1.002809	-0.865704	-0.000000	-0.824148	0.000000	0.000000	0.000000	0.000000	0.000000	0.000000
-1.002705	-0.865704	-0.000000	-0.824149	0.000000	0.000000	0.000000	0.000000	0.000000	0.000000
-1.002708	-0.865704	0.000000	-0.824245	0.000000	0.000000	0.000000	0.000000	0.000000	0.000000
-1.002584	-0.865704	0.000000	-0.824080	0.000000	0.000000	0.000000	0.000000	0.000000	0.000000
-1.002907	-0.865704	0.000000	-0.824246	0.000000	0.000000	0.000000	0.000000	0.000000	0.000000
-1.002831	-0.865704	-0.000000	-0.824123	0.000000	0.000000	0.000000	0.000000	0.000000	0.000000
-1.002901	-0.865704	-0.000000	-0.824018	0.000000	0.000000	0.000000	0.000000	0.000000	0.000000
-1.002793	-0.865704	0.000000	-0.823159	0.000000	0.000000	0.000000	0.000000	0.000000	0.000000
-1.002696	-0.865704	0.000000	-0.824015	0.000000	0.000000	0.000000	0.000000	0.000000	0.000000
-1.002685	-0.865704	-0.000000	-0.824371	0.000000	0.000000	0.000000	0.000000	0.000000	0.000000
-1.002724	-0.865704	0.000000	-0.824099	0.000000	0.000000	0.000000	0.000000	0.000000	0.000000
-1.002776	-0.865704	0.000000	-0.824296	0.000000	0.000000	0.000000	0.000000	0.000000	0.000000
-1.002670	-0.865704	-0.000000	-0.824457	0.000000	0.000000	0.000000	0.000000	0.000000	0.000000
-1.002722	-0.865704	-0.000000	-0.824170	0.000000	0.000000	0.000000	0.000000	0.000000	0.000000
-1.002976	-0.865704	0.000000	-0.824023	0.000000	0.000000	0.000000	0.000000	0.000000	0.000000
-1.002861	-0.865704	-0.000000	-0.823821	0.000000	0.000000	0.000000	0.000000	0.000000	0.000000
-1.002775	-0.865704	-0.000000	-0.818108	0.000000	0.000000	0.000000	0.000000	0.000000	0.000000
-1.002705	-0.865704	0.000000	-0.824015	0.000000	0.000000	0.000000	0.000000	0.000000	0.000000
-1.002623	-0.865704	0.000000	-0.823925	0.000000	0.000000	0.000000	0.000000	0.000000	0.000000
-1.002882	-0.865704	-0.000000	-0.824086	0.000000	0.000000	0.000000	0.000000	0.000000	0.000000
-1.002557	-0.865704	-0.000000	-0.823957	0.000000	0.000000	0.000000	0.000000	0.000000	0.000000
-1.002930	-0.865704	0.000000	-0.824021	0.000000	0.000000	0.000000	0.000000	0.000000	0.000000
-1.002647	-0.865704	-0.000000	-0.824031	0.000000	0.000000	0.000000	0.000000	0.000000	0.000000
-1.002658	-0.865704	0.000000	-0.824118	0.000000	0.000000	0.000000	0.000000	0.000000	0.000000
-1.002515	-0.865704	0.000000	-0.824360	0.000000	0.000000	0.000000	0.000000	0.000000	0.000000
-1.002663	-0.865704	0.000000	-0.821901	0.000000	0.000000	0.000000	0.000000	0.000000	0.000000
-1.002687	-0.865704	-0.000000	-0.823875	0.000000	0.000000	0.000000	0.000000	0.000000	0.000000
-1.002590	-0.865704	-0.000000	-0.823830	0.000000	0.000000	0.000000	0.000000	0.000000	0.000000
-1.002777	-0.865704	-0.000000	-0.824037	0.000000	0.000000	0.000000	0.000000	0.000000	0.000000
-1.002719	-0.865704	-0.000000	-0.823731	0.000000	0.000000	0.000000	0.000000	0.000000	0.000000
-1.002792	-0.865704	-0.000000	-0.824251	0.000000	0.000000	0.000000	0.000000	0.000000	0.000000
-1.002778	-0.865704	-0.000000	-0.824093	0.000000	0.000000	0.000000	0.000000	0.000000	0.000000
-1.002787	-0.865704	-0.000000	-0.824293	0.000000	0.000000	0.000000	0.000000	0.000000	0.000000
-1.002780	-0.865704	-0.000000	-0.824227	0.000000	0.000000	0.000000	0.000000	0.000000	0.000000
-1.003036	-0.865704	-0.000000	-0.824289	0.000000	0.000000	0.000000	0.000000	0.000000	0.000000
-1.002886	-0.865704	-0.000000	-0.824093	0.000000	0.000000	0.000000	0.000000	0.000000	0.000000
-1.002803	-0.865704	0.000000	-0.824475	0.000000	0.000000	0.000000	0.000000	0.000000	0.000000
-1.002866	-0.865704	-0.000000	-0.824075	0.000000	0.000000	0.000000	0.000000	0.000000	0.000000
-1.002594	-0.865704	0.000000	-0.823684	0.000000	0.000000	0.000000	0.000000	0.000000	0.000000
-1.002861	-0.865704	-0.000000	-0.824237	0.000000	0.000000	0.000000	0.000000	0.000000	0.000000
-1.002778	-0.865704	-0.000000	-0.824229	0.000000	0.000000	0.000000	0.000000	0.000000	0.000000
-1.002826	-0.865704	0.000000	-0.824338	0.000000	0.000000	0.000000	0.000000	0.000000	0.000000
-1.002633	-0.865704	-0.000000	-0.824177	0.000000	0.000000	0.000000	0.000000	0.000000	0.000000
-1.002654	-0.865704	0.000000	-0.824181	0.000000	0.000000	0.000000	0.000000	0.000000	0.000000
-1.002790	-0.865704	0.000000	-0.824323	0.000000	0.000000	0.000000	0.000000	0.000000	0.000000
-1.002668	-0.865704	-0.000000	-0.824210	0.000000	0.000000	0.000000	0.000000	0.000000	0.000000
-1.002712	-0.865704	-0.000000	-0.823947	0.000000	0.000000	0.000000	0.000000	0.000000	0.000000
-1.002571	-0.865704	-0.000000	-0.823985	0.000000	0.000000	0.000000	0.000000	0.000000	0.000000
-1.002715	-0.865704	-0.000000	-0.824229	0.000000	0.000000	0.000000	0.000000	0.000000	0.000000
-1.002680	-0.865704	0.000000	-0.823661	0.000000	0.000000	0.000000	0.000000	0.000000	0.000000
-1.002798	-0.865704	0.000000	-0.824107	0.000000	0.000000	0.000000	0.000000	0.000000	0.000000
-1.002604	-0.865704	-0.000000	-0.824098	0.000000	0.000000	0.000000	0.000000	0.000000	0.000000
-1.003130	-0.865704	0.000000	-0.824213	0.000000	0.000000	0.000000	0.000000	0.000000	0.000000
-1.002720	-0.865704	0.000000	-0.821876	0.000000	0.000000	0.000000	0.000000	0.000000	0.000000
-1.002761	-0.865704	-0.000000	-0.824035	0.000000	0.000000	0.000000	0.000000	0.000000	0.000000
-1.002657	-0.865704	-0.000000	-0.824370	0.000000	0.000000	0.000000	0.000000	0.000000	0.000000
-1.002617	-0.865704	-0.000000	-0.824200	0.000000	0.000000	0.000000	0.000000	0.000000	0.000000
-1.002706	-0.865704	-0.000000	-0.824081	0.000000	0.000000	0.000000	0.000000	0.000000	0.000000
-1.002732	-0.865704	-0.000000	-0.824085	0.000000	0.000000	0.000000	0.000000	0.000000	0.000000
-1.002729	-0.865704	0.000000	-0.824053	0.000000	0.000000	0.000000	0.000000	0.000000	0.000000
-1.002744	-0.865704	0.000000	-0.823928	0.000000	0.000000	0.000000	0.000000	0.000000	0.000000
-1.002859	-0.865704	0.000000	-0.823798	0.000000	0.000000	0.000000	0.000000	0.000000	0.000000
-1.002773	-0.865704	-0.000000	-0.823951	0.000000	0.000000	0.000000	0.000000	0.000000	0.000000
-1.002766	-0.865704	-0.000000	-0.824121	0.000000	0.000000	0.000000	0.000000	0.000000	0.000000
-1.002802	-0.865704	-0.000000	-0.824035	0.000000	0.000000	0.000000	0.000000	0.000000	0.000000
-1.002723	-0.865704	-0.000000	-0.823833	0.000000	0.000000	0.000000	0.000000	0.000000	0.000000
-1.002790	-0.865704	-0.000000	-0.824377	0.000000	0.000000	0.000000	0.000000	0.000000	0.000000
-1.002798	-0.865704	-0.000000	-0.823397	0.000000	0.000000	0.000000	0.000000	0.000000	0.000000
-1.002571	-0.865704	0.000000	-0.824047	0.000000	0.000000	0.000000	0.000000	0.000000	0.000000
-1.002852	-0.865704	-0.000000	-0.823990	0.000000	0.000000	0.000000	0.000000	0.000000	0.000000
-1.002846	-0.865704	-0.000000	-0.824295	0.000000	0.000000	0.000000	0.000000	0.000000	0.000000
-1.002531	-0.865703	0.000000	-0.824068	0.000000	0.000000	0.000000	0.000000	0.000000	0.000000
-1.002913	-0.865704	0.000000	-0.824022	0.000000	0.000000	0.000000	0.000000	0.000000	0.000000
-1.002617	-0.865704	-0.000000	-0.824235	0.000000	0.000000	0.000000	0.000000	0.000000	0.000000
-1.002651	-0.865704	0.000000	-0.819813	0.000000	0.000000	0.000000	0.000000	0.000000	0.000000
-1.002502	-0.865704	-0.000000	-0.824495	0.000000	0.000000	0.000000	0.000000	0.000000	0.000000
-1.002765	-0.865704	-0.000000	-0.824161	0.000000	0.000000	0.000000	0.000000	0.000000	0.000000
-1.002662	-0.865704	0.000000	-0.824080	0.000000	0.000000	0.000000	0.000000	0.000000	0.000000
-1.002805	-0.865704	-0.000000	-0.824448	0.000000	0.000000	0.000000	0.000000	0.000000	0.000000
-1.002630	-0.865704	0.000000	-0.824308	0.000000	0.000000	0.000000	0.000000	0.000000	0.000000
-1.002714	-0.865704	0.000000	-0.824156	0.000000	0.000000	0.000000	0.000000	0.000000	0.000000
-1.002880	-0.865704	-0.000000	-0.824245	0.000000	0.000000	0.000000	0.000000	0.000000	0.000000
-1.002753	-0.865704	0.000000	-0.823989	0.000000	0.000000	0.000000	0.000000	0.000000	0.000000
-1.002629	-0.865704	-0.000000	-0.824065	0.000000	0.000000	0.000000	0.000000	0.000000	0.000000
-1.002793	-0.865704	-0.000000	-0.824192	0.000000	0.000000	0.000000	0.000000	0.000000	0.000000
-1.002729	-0.865704	0.000000	-0.824247	0.000000	0.000000	0.000000	0.000000	0.000000	0.000000
-1.002918	-0.865704	-0.000000	-0.824078	0.000000	0.000000	0.000000	0.000000	0.000000	0.000000
-1.002978	-0.865704	-0.000000	-0.824399	0.000000	0.000000	0.000000	0.000000	0.000000	0.000000
-1.003030	-0.865704	-0.000000	-0.823950	0.000000	0.000000	0.000000	0.000000	0.000000	0.000000
-1.002743	-0.865704	-0.000000	-0.824057	0.000000	0.000000	0.000000	0.000000	0.000000	0.000000
-1.002681	-0.865704	-0.000000	-0.824322	0.000000	0.000000	0.000000	0.000000	0.000000	0.000000
-1.002959	-0.865704	-0.000000	-0.824153	0.000000	0.000000	0.000000	0.000000	0.000000	0.000000
-1.002749	-0.865704	0.000000	-0.824106	0.000000	0.000000	0.000000	0.000000	0.000000	0.000000
-1.002699	-0.865704	-0.000000	-0.824209	0.000000	0.000000	0.000000	0.000000	0.000000	0.000000
-1.002413	-0.865704	-0.000000	-0.824103	0.000000	0.000000	0.000000	0.000000	0.000000	0.000000
-1.002921	-0.865704	0.000000	-0.824221	0.000000	0.000000	0.000000	0.000000	0.000000	0.000000
-1.002656	-0.865704	-0.000000	-0.823938	0.000000	0.000000	0.000000	0.000000	0.000000	0.000000
-1.002806	-0.865704	0.000000	-0.824176	0.000000	0.000000	0.000000	0.000000	0.000000	0.000000
-1.002906	-0.865704	-0.000000	-0.824201	0.000000	0.000000	0.000000	0.000000	0.000000	0.000000
-1.002942	-0.865704	-0.000000	-0.824211	0.000000	0.000000	0.000000	0.000000	0.000000	0.000000
-1.002572	-0.865704	0.000000	-0.824306	0.000000	0.000000	0.000000	0.000000	0.000000	0.000000
-1.002584	-0.865704	-0.000000	-0.823706	0.000000	0.000000	0.000000	0.000000	0.000000	0.000000
-1.002884	-0.865704	0.000000	-0.824323	0.000000	0.000000	0.000000	0.000000	0.000000	0.000000
-1.002858	-0.865704	0.000000	-0.824239	0.000000	0.000000	0.000000	0.000000	0.000000	0.000000
-1.003074	-0.865704	0.000000	-0.824219	0.000000	0.000000	0.000000	0.000000	0.000000	0.000000
-1.002629	-0.865704	-0.000000	-0.824194	0.000000	0.000000	0.000000	0.000000	0.000000	0.000000
-1.002594	-0.865704	-0.000000	-0.823971	0.000000	0.000000	0.000000	0.000000	0.000000	0.000000
-1.002608	-0.865704	-0.000000	-0.824046	0.000000	0.000000	0.000000	0.000000	0.000000	0.000000
-1.002710	-0.865704	-0.000000	-0.824070	0.000000	0.000000	0.000000	0.000000	0.000000	0.000000
-1.002647	-0.865704	0.000000	-0.802027	0.000000	0.000000	0.000000	0.000000	0.000000	0.000000
-1.003014	-0.865704	-0.000000	-0.824034	0.000000	0.000000	0.000000	0.000000	0.000000	0.000000
-1.002641	-0.865704	0.000000	-0.774091	0.000000	0.000000	0.000000	0.000000	0.000000	0.000000
-1.002853	-0.865704	0.000000	-0.823928	0.000000	0.000000	0.000000	0.000000	0.000000	0.000000
-1.002540	-0.865704	-0.000000	-0.820491	0.000000	0.000000	0.000000	0.000000	0.000000	0.000000
-1.002811	-0.865704	0.000000	-0.824194	0.000000	0.000000	0.000000	0.000000	0.000000	0.000000
-1.002793	-0.865704	0.000000	-0.824136	0.000000	0.000000	0.000000	0.000000	0.000000	0.000000
-1.002868	-0.865704	-0.000000	-0.823899	0.000000	0.000000	0.000000	0.000000	0.000000	0.000000
-1.002768	-0.865704	0.000000	-0.824130	0.000000	0.000000	0.000000	0.000000	0.000000	0.000000
-1.002712	-0.865704	0.000000	-0.824147	0.000000	0.000000	0.000000	0.000000	0.000000	0.000000
-1.002587	-0.865704	-0.000000	-0.824497	0.000000	0.000000	0.000000	0.000000	0.000000	0.000000
-1.002637	-0.865704	0.000000	-0.824247	0.000000	0.000000	0.000000	0.000000	0.000000	0.000000
-1.002774	-0.865704	-0.000000	-0.824053	0.000000	0.000000	0.000000	0.000000	0.000000	0.000000
-1.002448	-0.865704	-0.000000	-0.823880	0.000000	0.000000	0.000000	0.000000	0.000000	0.000000
-1.002653	-0.865704	0.000000	-0.824125	0.000000	0.000000	0.000000	0.000000	0.000000	0.000000
-1.002798	-0.865704	0.000000	-0.824321	0.000000	0.000000	0.000000	0.000000	0.000000	0.000000
-1.002911	-0.865704	-0.000000	-0.824296	0.000000	0.000000	0.000000	0.000000	0.000000	0.000000
-1.002722	-0.865704	-0.000000	-0.815320	0.000000	0.000000	0.000000	0.000000	0.000000	0.000000
-1.002640	-0.865704	-0.000000	-0.824211	0.000000	0.000000	0.000000	0.000000	0.000000	0.000000
-1.002740	-0.865704	-0.000000	-0.824179	0.000000	0.000000	0.000000	0.000000	0.000000	0.000000
-1.002477	-0.865704	0.000000	-0.824181	0.000000	0.000000	0.000000	0.000000	0.000000	0.000000
-1.002773	-0.865704	-0.000000	-0.824010	0.000000	0.000000	0.000000	0.000000	0.000000	0.000000
-1.002694	-0.865704	0.000000	-0.824049	0.000000	0.000000	0.000000	0.000000	0.000000	0.000000
-1.002570	-0.865704	-0.000000	-0.824020	0.000000	0.000000	0.000000	0.000000	0.000000	0.000000
-1.002656	-0.865704	0.000000	-0.824134	0.000000	0.000000	0.000000	0.000000	0.000000	0.000000
-1.002673	-0.865704	0.000000	-0.824112	0.000000	0.000000	0.000000	0.000000	0.000000	0.000000
-1.002733	-0.865704	0.000000	-0.824192	0.000000	0.000000	0.000000	0.000000	0.000000	0.000000
-1.002699	-0.865704	-0.000000	-0.824152	0.000000	0.000000	0.000000	0.000000	0.000000	0.000000
-1.002654	-0.865704	0.000000	-0.824131	0.000000	0.000000	0.000000	0.000000	0.000000	0.000000
-1.002730	-0.865704	-0.000000	-0.824148	0.000000	0.000000	0.000000	0.000000	0.000000	0.000000
-1.002738	-0.865704	-0.000000	-0.824140	0.000000	0.000000	0.000000	0.000000	0.000000	0.000000
-1.002885	-0.865704	0.000000	-0.824118	0.000000	0.000000	0.000000	0.000000	0.000000	0.000000
-1.002743	-0.865704	-0.000000	-0.824162	0.000000	0.000000	0.000000	0.000000	0.000000	0.000000
-1.002922	-0.865704	0.000000	-0.824220	0.000000	0.000000	0.000000	0.000000	0.000000	0.000000
-1.002825	-0.865704	-0.000000	-0.824235	0.000000	0.000000	0.000000	0.000000	0.000000	0.000000
-1.002790	-0.865704	-0.000000	-0.823830	0.000000	0.000000	0.000000	0.000000	0.000000	0.000000
-1.002845	-0.865704	0.000000	-0.824120	0.000000	0.000000	0.000000	0.000000	0.000000	0.000000
-1.002569	-0.865704	0.000000	-0.824140	0.000000	0.000000	0.000000	0.000000	0.000000	0.000000
-1.002702	-0.865704	0.000000	-0.824332	0.000000	0.000000	0.000000	0.000000	0.000000	0.000000
-1.002619	-0.865704	-0.000000	-0.824129	0.000000	0.000000	0.000000	0.000000	0.000000	0.000000
-1.002566	-0.865704	-0.000000	-0.824155	0.000000	0.000000	0.000000	0.000000	0.000000	0.000000
-1.002811	-0.865704	-0.000000	-0.824214	0.000000	0.000000	0.000000	0.000000	0.000000	0.000000
-1.002512	-0.865704	0.000000	-0.824146	0.000000	0.000000	0.000000	0.000000	0.000000	0.000000
-1.002682	-0.865704	-0.000000	-0.823979	0.000000	0.000000	0.000000	0.000000	0.000000	0.000000
-1.002725	-0.865704	0.000000	-0.824308	0.000000	0.000000	0.000000	0.000000	0.000000	0.000000
-1.002613	-0.865704	0.000000	-0.824099	0.000000	0.000000	0.000000	0.000000	0.000000	0.000000
-1.002748	-0.865704	0.000000	-0.824252	0.000000	0.000000	0.000000	0.000000	0.000000	0.000000
-1.002697	-0.865704	0.000000	-0.824232	0.000000	0.000000	0.000000	0.000000	0.000000	0.000000
-1.002775	-0.865704	-0.000000	-0.824127	0.000000	0.000000	0.000000	0.000000	0.000000	0.000000
-1.002688	-0.865704	-0.000000	-0.824314	0.000000	0.000000	0.000000	0.000000	0.000000	0.000000
-1.002825	-0.865704	-0.000000	-0.817478	0.000000	0.000000	0.000000	0.000000	0.000000	0.000000
-1.002561	-0.865704	-0.000000	-0.823973	0.000000	0.000000	0.000000	0.000000	0.000000	0.000000
-1.002816	-0.865704	0.000000	-0.824035	0.000000	0.000000	0.000000	0.000000	0.000000	0.000000
-1.002662	-0.865704	-0.000000	-0.824057	0.000000	0.000000	0.000000	0.000000	0.000000	0.000000
-1.002597	-0.865704	0.000000	-0.824270	0.000000	0.000000	0.000000	0.000000	0.000000	0.000000
-1.002730	-0.865704	0.000000	-0.824197	0.000000	0.000000	0.000000	0.000000	0.000000	0.000000
-1.002628	-0.865704	0.000000	-0.824112	0.000000	0.000000	0.000000	0.000000	0.000000	0.000000
-1.002543	-0.865704	0.000000	-0.824001	0.000000	0.000000	0.000000	0.000000	0.000000	0.000000
-1.002904	-0.865704	-0.000000	-0.824382	0.000000	0.000000	0.000000	0.000000	0.000000	0.000000
-1.002737	-0.865704	-0.000000	-0.824164	0.000000	0.000000	0.000000	0.000000	0.000000	0.000000
-1.003001	-0.865704	0.000000	-0.824141	0.000000	0.000000	0.000000	0.000000	0.000000	0.000000
-1.002944	-0.865704	0.000000	-0.824234	0.000000	0.000000	0.000000	0.000000	0.000000	0.000000
-1.002621	-0.865257	0.000000	-0.824151	0.000000	0.000000	0.000000	0.000000	0.000000	0.000000
-1.002976	-0.865704	-0.000000	-0.824136	0.000000	0.000000	0.000000	0.000000	0.000000	0.000000
-1.002858	-0.865704	0.000000	-0.824037	0.000000	0.000000	0.000000	0.000000	0.000000	0.000000
-1.002560	-0.865704	0.000000	-0.824004	0.000000	0.000000	0.000000	0.000000	0.000000	0.000000
-1.002702	-0.865704	0.000000	-0.824168	0.000000	0.000000	0.000000	0.000000	0.000000	0.000000
-1.002455	-0.865682	0.000000	-0.824031	0.000000	0.000000	0.000000	0.000000	0.000000	0.000000
-1.002749	-0.865704	-0.000000	-0.824081	0.000000	0.000000	0.000000	0.000000	0.000000	0.000000
-1.002733	-0.865704	0.000000	-0.824110	0.000000	0.000000	0.000000	0.000000	0.000000	0.000000
-1.002851	-0.865704	-0.000000	-0.822820	0.000000	0.000000	0.000000	0.000000	0.000000	0.000000
-1.002979	-0.865704	0.000000	-0.824226	0.000000	0.000000	0.000000	0.000000	0.000000	0.000000
-1.002713	-0.865702	-0.000000	-0.824281	0.000000	0.000000	0.000000	0.000000	0.000000	0.000000
-1.002469	-0.865704	0.000000	-0.824131	0.000000	0.000000	0.000000	0.000000	0.000000	0.000000
-1.003069	-0.865704	0.000000	-0.824315	0.000000	0.000000	0.000000	0.000000	0.000000	0.000000
-1.002595	-0.865704	-0.000000	-0.824090	0.000000	0.000000	0.000000	0.000000	0.000000	0.000000
-1.002832	-0.865704	-0.000000	-0.824060	0.000000	0.000000	0.000000	0.000000	0.000000	0.000000
-1.002697	-0.865704	-0.000000	-0.824237	0.000000	0.000000	0.000000	0.000000	0.000000	0.000000
-1.002728	-0.865704	-0.000000	-0.824108	0.000000	0.000000	0.000000	0.000000	0.000000	0.000000
-1.002579	-0.865704	0.000000	-0.824099	0.000000	0.000000	0.000000	0.000000	0.000000	0.000000
-1.002977	-0.865704	-0.000000	-0.824168	0.000000	0.000000	0.000000	0.000000	0.000000	0.000000
-1.002946	-0.865704	0.000000	-0.824245	0.000000	0.000000	0.000000	0.000000	0.000000	0.000000
-1.002707	-0.865704	-0.000000	-0.824140	0.000000	0.000000	0.000000	0.000000	0.000000	0.000000
-1.002489	-0.865704	0.000000	-0.824099	0.000000	0.000000	0.000000	0.000000	0.000000	0.000000
-1.002698	-0.865704	-0.000000	-0.824151	0.000000	0.000000	0.000000	0.000000	0.000000	0.000000
-1.002890	-0.865704	-0.000000	-0.823998	0.000000	0.000000	0.000000	0.000000	0.000000	0.000000
-1.002955	-0.865704	-0.000000	-0.824235	0.000000	0.000000	0.000000	0.000000	0.000000	0.000000
-1.002917	-0.865704	-0.000000	-0.823695	0.000000	0.000000	0.000000	0.000000	0.000000	0.000000
-1.002824	-0.865704	-0.000000	-0.824312	0.000000	0.000000	0.000000	0.000000	0.000000	0.000000
-1.002642	-0.865704	-0.000000	-0.824106	0.000000	0.000000	0.000000	0.000000	0.000000	0.000000
-1.002828	-0.865704	-0.000000	-0.824338	0.000000	0.000000	0.000000	0.000000	0.000000	0.000000
-1.002871	-0.865704	-0.000000	-0.824323	0.000000	0.000000	0.000000	0.000000	0.000000	0.000000
-1.002684	-0.865704	-0.000000	-0.824072	0.000000	0.000000	0.000000	0.000000	0.000000	0.000000
-1.002845	-0.865702	0.000000	-0.824076	0.000000	0.000000	0.000000	0.000000	0.000000	0.000000
-1.002898	-0.865704	-0.000000	-0.824180	0.000000	0.000000	0.000000	0.000000	0.000000	0.000000
-1.002432	0.843191	-0.000918	-0.000000	0.000000	0.000000	0.000000	0.000000	0.000000	0.000000
-1.002667	0.843191	0.845191	-0.000000	0.000000	0.000000	0.000000	0.000000	0.000000	0.000000
-1.002977	0.843191	0.845076	-0.000000	0.000000	0.000000	0.000000	0.000000	0.000000	0.000000
-1.002634	0.843191	0.845022	0.000000	0.000000	0.000000	0.000000	0.000000	0.000000	0.000000
-1.002822	0.843191	0.845130	-0.000000	0.000000	0.000000	0.000000	0.000000	0.000000	0.000000
-1.002726	0.843191	0.845333	-0.000000	0.000000	0.000000	0.000000	0.000000	0.000000	0.000000
-1.002555	0.843191	0.844683	-0.000000	0.000000	0.000000	0.000000	0.000000	0.000000	0.000000
-1.002749	0.843191	0.844628	-0.000000	0.000000	0.000000	0.000000	0.000000	0.000000	0.000000
-1.002828	0.843191	0.845041	0.000000	0.000000	0.000000	0.000000	0.000000	0.000000	0.000000
-1.002708	0.843191	0.845574	-0.000000	0.000000	0.000000	0.000000	0.000000	0.000000	0.000000
-1.002672	0.843191	0.844849	-0.000000	0.000000	0.000000	0.000000	0.000000	0.000000	0.000000
-1.003085	0.843191	0.845609	0.000000	0.000000	0.000000	0.000000	0.000000	0.000000	0.000000
-1.002622	0.843191	0.845094	0.000000	0.000000	0.000000	0.000000	0.000000	0.000000	0.000000
-1.002764	0.843191	0.845388	0.000000	0.000000	0.000000	0.000000	0.000000	0.000000	0.000000
-1.002974	0.843191	0.756803	0.000000	0.000000	0.000000	0.000000	0.000000	0.000000	0.000000
-1.002625	0.843191	0.845584	0.000000	0.000000	0.000000	0.000000	0.000000	0.000000	0.000000
-1.003180	0.843191	0.845065	-0.000000	0.000000	0.000000	0.000000	0.000000	0.000000	0.000000
-1.003057	0.843191	0.845388	0.000000	0.000000	0.000000	0.000000	0.000000	0.000000	0.000000
-1.002838	0.843191	0.845013	-0.000000	0.000000	0.000000	0.000000	0.000000	0.000000	0.000000
-1.002890	0.843191	0.845250	-0.000000	0.000000	0.000000	0.000000	0.000000	0.000000	0.000000
-1.002924	0.843191	0.845770	-0.000000	0.000000	0.000000	0.000000	0.000000	0.000000	0.000000
-1.002647	0.843191	0.844836	0.000000	0.000000	0.000000	0.000000	0.000000	0.000000	0.000000
-1.002788	0.843191	0.845257	-0.000000	0.000000	0.000000	0.000000	0.000000	0.000000	0.000000
-1.002524	0.843191	0.845608	0.000000	0.000000	0.000000	0.000000	0.000000	0.000000	0.000000
-1.002553	0.843191	0.845678	-0.000000	0.000000	0.000000	0.000000	0.000000	0.000000	0.000000
-1.002535	0.843191	0.845418	-0.000000	0.000000	0.000000	0.000000	0.000000	0.000000	0.000000
-1.002820	0.843191	0.845160	0.000000	0.000000	0.000000	0.000000	0.000000	0.000000	0.000000
-1.002667	0.843191	0.845701	0.000000	0.000000	0.000000	0.000000	0.000000	0.000000	0.000000
-1.002713	0.843191	0.845491	-0.000000	0.000000	0.000000	0.000000	0.000000	0.000000	0.000000
-1.002725	0.843191	0.844754	0.000000	0.000000	0.000000	0.000000	0.000000	0.000000	0.000000
-1.002791	0.843191	0.845619	-0.000000	0.000000	0.000000	0.000000	0.000000	0.000000	0.000000
-1.002755	0.843191	0.845380	0.000000	0.000000	0.000000	0.000000	0.000000	0.000000	0.000000
-1.002817	0.843191	0.845609	-0.000000	0.000000	0.000000	0.000000	0.000000	0.000000	0.000000
-1.002812	0.843191	0.844461	0.000000	0.000000	0.000000	0.000000	0.000000	0.000000	0.000000
-1.002549	0.843191	0.845617	0.000000	0.000000	0.000000	0.000000	0.000000	0.000000	0.000000
-1.002739	0.843191	0.845561	-0.000000	0.000000	0.000000	0.000000	0.000000	0.000000	0.000000
-1.002700	0.843191	0.844823	0.000000	0.000000	0.000000	0.000000	0.000000	0.000000	0.000000
-1.002589	0.843191	0.842533	-0.000000	0.000000	0.000000	0.000000	0.000000	0.000000	0.000000
-1.002794	0.843191	0.845353	0.000000	0.000000	0.000000	0.000000	0.000000	0.000000	0.000000
-1.002791	0.843191	0.845312	0.000000	0.000000	0.000000	0.000000	0.000000	0.000000	0.000000
-1.002655	0.843191	0.845188	-0.000000	0.000000	0.000000	0.000000	0.000000	0.000000	0.000000
-1.002601	0.843191	0.845561	-0.000000	0.000000	0.000000	0.000000	0.000000	0.000000	0.000000
-1.002793	0.843191	0.845029	-0.000000	0.000000	0.000000	0.000000	0.000000	0.000000	0.000000
-1.002526	0.843191	0.845684	0.000000	0.000000	0.000000	0.000000	0.000000	0.000000	0.000000
-1.002481	0.843191	0.844903	-0.000000	0.000000	0.000000	0.000000	0.000000	0.000000	0.000000
-1.002447	0.843191	0.842694	0.000000	0.000000	0.000000	0.000000	0.000000	0.000000	0.000000
-1.002555	0.843191	0.845007	0.000000	0.000000	0.000000	0.000000	0.000000	0.000000	0.000000
-1.002718	0.843191	0.845324	-0.000000	0.000000	0.000000	0.000000	0.000000	0.000000	0.000000
-1.002760	0.843191	0.844837	0.000000	0.000000	0.000000	0.000000	0.000000	0.000000	0.000000
-1.002756	0.843191	0.845438	0.000000	0.000000	0.000000	0.000000	0.000000	0.000000	0.000000
-1.002808	0.843191	0.845774	0.000000	0.000000	0.000000	0.000000	0.000000	0.000000	0.000000
-1.002774	0.843191	0.844936	-0.000000	0.000000	0.000000	0.000000	0.000000	0.000000	0.000000
-1.002534	0.843191	0.845590	0.000000	0.000000	0.000000	0.000000	0.000000	0.000000	0.000000
-1.002810	0.843191	0.845928	0.000000	0.000000	0.000000	0.000000	0.000000	0.000000	0.000000
-1.002870	0.843191	0.845073	0.000000	0.000000	0.000000	0.000000	0.000000	0.000000	0.000000
-1.002929	0.843191	0.845339	0.000000	0.000000	0.000000	0.000000	0.000000	0.000000	0.000000
-1.002966	0.843191	0.844806	-0.000000	0.000000	0.000000	0.000000	0.000000	0.000000	0.000000
-1.002704	0.843191	0.844862	0.000000	0.000000	0.000000	0.000000	0.000000	0.000000	0.000000
-1.003017	0.843191	0.845539	0.000000	0.000000	0.000000	0.000000	0.000000	0.000000	0.000000
-1.002692	0.843191	0.844645	-0.000000	0.000000	0.000000	0.000000	0.000000	0.000000	0.000000
-1.002954	0.843191	0.845680	-0.000000	0.000000	0.000000	0.000000	0.000000	0.000000	0.000000
-1.002814	0.843191	0.845012	-0.000000	0.000000	0.000000	0.000000	0.000000	0.000000	0.000000
-1.002595	0.843191	0.845451	-0.000000	0.000000	0.000000	0.000000	0.000000	0.000000	0.000000
-1.002676	0.843191	0.845319	-0.000000	0.000000	0.000000	0.000000	0.000000	0.000000	0.000000
-1.002601	0.843191	0.845196	0.000000	0.000000	0.000000	0.000000	0.000000	0.000000	0.000000
-1.002670	0.843190	0.845210	-0.000000	0.000000	0.000000	0.000000	0.000000	0.000000	0.000000
-1.002782	0.843191	0.845375	0.000000	0.000000	0.000000	0.000000	0.000000	0.000000	0.000000
-1.002627	0.843191	0.845336	0.000000	0.000000	0.000000	0.000000	0.000000	0.000000	0.000000
-1.002515	0.843191	0.845601	0.000000	0.000000	0.000000	0.000000	0.000000	0.000000	0.000000
-1.002712	0.843191	0.845084	0.000000	0.000000	0.000000	0.000000	0.000000	0.000000	0.000000
-1.002571	0.843191	0.845283	0.000000	0.000000	0.000000	0.000000	0.000000	0.000000	0.000000
-1.002703	0.843191	0.845199	0.000000	0.000000	0.000000	0.000000	0.000000	0.000000	0.000000
-1.002773	0.843191	0.845322	0.000000	0.000000	0.000000	0.000000	0.000000	0.000000	0.000000
-1.002873	0.843191	0.845170	0.000000	0.000000	0.000000	0.000000	0.000000	0.000000	0.000000
-1.002575	0.843191	0.845542	0.000000	0.000000	0.000000	0.000000	0.000000	0.000000	0.000000
-1.003156	0.843191	0.844732	0.000000	0.000000	0.000000	0.000000	0.000000	0.000000	0.000000
-1.002736	0.843191	0.844982	-0.000000	0.000000	0.000000	0.000000	0.000000	0.000000	0.000000
-1.002604	0.843189	0.845756	0.000000	0.000000	0.000000	0.000000	0.000000	0.000000	0.000000
-1.002727	0.843191	0.845093	0.000000	0.000000	0.000000	0.000000	0.000000	0.000000	0.000000
-1.002871	0.843191	0.845095	0.000000	0.000000	0.000000	0.000000	0.000000	0.000000	0.000000
-1.002708	0.843191	0.844000	0.000000	0.000000	0.000000	0.000000	0.000000	0.000000	0.000000
-1.002802	0.843191	0.845538	-0.000000	0.000000	0.000000	0.000000	0.000000	0.000000	0.000000
-1.002750	0.843191	0.845119	-0.000000	0.000000	0.000000	0.000000	0.000000	0.000000	0.000000
-1.002591	0.843186	0.845015	-0.000000	0.000000	0.000000	0.000000	0.000000	0.000000	0.000000
-1.002831	0.843191	0.845449	0.000000	0.000000	0.000000	0.000000	0.000000	0.000000	0.000000
-1.002559	0.843191	0.845576	-0.000000	0.000000	0.000000	0.000000	0.000000	0.000000	0.000000
-1.002793	0.843191	0.845044	0.000000	0.000000	0.000000	0.000000	0.000000	0.000000	0.000000
-1.002609	0.843191	0.845387	0.000000	0.000000	0.000000	0.000000	0.000000	0.000000	0.000000
-1.003050	0.843191	0.844521	-0.000000	0.000000	0.000000	0.000000	0.000000	0.000000	0.000000
-1.002888	0.843191	0.845753	0.000000	0.000000	0.000000	0.000000	0.000000	0.000000	0.000000
-1.002922	0.843191	0.845177	0.000000	0.000000	0.000000	0.000000	0.000000	0.000000	0.000000
-1.002712	0.843191	0.845320	-0.000000	0.000000	0.000000	0.000000	0.000000	0.000000	0.000000
-1.002859	0.843191	0.845826	0.000000	0.000000	0.000000	0.000000	0.000000	0.000000	0.000000
-1.002600	0.843191	0.845506	-0.000000	0.000000	0.000000	0.000000	0.000000	0.000000	0.000000
-1.002821	0.843191	0.845005	-0.000000	0.000000	0.000000	0.000000	0.000000	0.000000	0.000000
-1.002861	0.843191	0.844784	0.000000	0.000000	0.000000	0.000000	0.000000	0.000000	0.000000
-1.002768	0.843191	0.845223	0.000000	0.000000	0.000000	0.000000	0.000000	0.000000	0.000000
-1.002694	0.843191	0.845243	-0.000000	0.000000	0.000000	0.000000	0.000000	0.000000	0.000000
-1.002684	0.843191	0.844646	0.000000	0.000000	0.000000	0.000000	0.000000	0.000000	0.000000
-1.002591	0.843191	0.844996	-0.000000	0.000000	0.000000	0.000000	0.000000	0.000000	0.000000
-1.002936	0.843191	0.845350	-0.000000	0.000000	0.000000	0.000000	0.000000	0.000000	0.000000
-1.002883	0.843191	0.845058	0.000000	0.000000	0.000000	0.000000	0.000000	0.000000	0.000000
-1.002898	0.843191	0.845292	0.000000	0.000000	0.000000	0.000000	0.000000	0.000000	0.000000
-1.002802	0.843191	0.845058	-0.000000	0.000000	0.000000	0.000000	0.000000	0.000000	0.000000
-1.002642	0.843191	0.845122	-0.000000	0.000000	0.000000	0.000000	0.000000	0.000000	0.000000
-1.002666	0.843191	0.845201	-0.000000	0.000000	0.000000	0.000000	0.000000	0.000000	0.000000
-1.002912	0.843179	0.845197	0.000000	0.000000	0.000000	0.000000	0.000000	0.000000	0.000000
-1.002659	0.843191	0.845008	0.000000	0.000000	0.000000	0.000000	0.000000	0.000000	0.000000
-1.002641	0.843191	0.844598	0.000000	0.000000	0.000000	0.000000	0.000000	0.000000	0.000000
-1.002744	0.843191	0.845266	-0.000000	0.000000	0.000000	0.000000	0.000000	0.000000	0.000000
-1.002640	0.843191	0.842932	0.000000	0.000000	0.000000	0.000000	0.000000	0.000000	0.000000
-1.002852	0.843191	0.844578	-0.000000	0.000000	0.000000	0.000000	0.000000	0.000000	0.000000
-1.002701	0.843191	0.845399	-0.000000	0.000000	0.000000	0.000000	0.000000	0.000000	0.000000
-1.003192	0.843191	0.845179	0.000000	0.000000	0.000000	0.000000	0.000000	0.000000	0.000000
-1.002562	0.843191	0.845263	0.000000	0.000000	0.000000	0.000000	0.000000	0.000000	0.000000
-1.002668	0.843191	0.845393	-0.000000	0.000000	0.000000	0.000000	0.000000	0.000000	0.000000
-1.002707	0.843191	0.845956	0.000000	0.000000	0.000000	0.000000	0.000000	0.000000	0.000000
-1.002983	0.843191	0.845433	-0.000000	0.000000	0.000000	0.000000	0.000000	0.000000	0.000000
-1.002771	0.843191	0.844806	0.000000	0.000000	0.000000	0.000000	0.000000	0.000000	0.000000
-1.002737	0.843191	0.845134	0.000000	0.000000	0.000000	0.000000	0.000000	0.000000	0.000000
-1.002764	0.843191	0.844865	-0.000000	0.000000	0.000000	0.000000	0.000000	0.000000	0.000000
-1.002653	0.843191	0.845238	0.000000	0.000000	0.000000	0.000000	0.000000	0.000000	0.000000
-1.002700	0.843191	0.844998	-0.000000	0.000000	0.000000	0.000000	0.000000	0.000000	0.000000
-1.002766	0.843191	0.845318	-0.000000	0.000000	0.000000	0.000000	0.000000	0.000000	0.000000
-1.003012	0.843191	0.845154	-0.000000	0.000000	0.000000	0.000000	0.000000	0.000000	0.000000
-1.002908	0.843183	0.844875	0.000000	0.000000	0.000000	0.000000	0.000000	0.000000	0.000000
-1.002628	0.843191	0.845367	0.000000	0.000000	0.000000	0.000000	0.000000	0.000000	0.000000
-1.002894	0.843191	0.845136	0.000000	0.000000	0.000000	0.000000	0.000000	0.000000	0.000000
-1.002586	0.843191	0.844929	0.000000	0.000000	0.000000	0.000000	0.000000	0.000000	0.000000
-1.002726	0.843191	0.845006	0.000000	0.000000	0.000000	0.000000	0.000000	0.000000	0.000000
-1.002808	0.843191	0.845141	-0.000000	0.000000	0.000000	0.000000	0.000000	0.000000	0.000000
-1.002487	0.843191	0.845477	-0.000000	0.000000	0.000000	0.000000	0.000000	0.000000	0.000000
-1.002800	0.843191	0.845116	0.000000	0.000000	0.000000	0.000000	0.000000	0.000000	0.000000
-1.002443	0.843191	0.839483	-0.000000	0.000000	0.000000	0.000000	0.000000	0.000000	0.000000
-1.002964	0.843191	0.840323	0.000000	0.000000	0.000000	0.000000	0.000000	0.000000	0.000000
-1.002841	0.843191	0.842554	0.000000	0.000000	0.000000	0.000000	0.000000	0.000000	0.000000
-1.002903	0.843190	0.844822	-0.000000	0.000000	0.000000	0.000000	0.000000	0.000000	0.000000
-1.002774	0.843191	0.845009	-0.000000	0.000000	0.000000	0.000000	0.000000	0.000000	0.000000
-1.002757	0.843191	0.845124	0.000000	0.000000	0.000000	0.000000	0.000000	0.000000	0.000000
-1.002940	0.843191	0.845193	0.000000	0.000000	0.000000	0.000000	0.000000	0.000000	0.000000
-1.003028	0.843191	0.845755	0.000000	0.000000	0.000000	0.000000	0.000000	0.000000	0.000000
-1.002662	0.843191	0.845167	0.000000	0.000000	0.000000	0.000000	0.000000	0.000000	0.000000
-1.002846	0.843191	0.844980	-0.000000	0.000000	0.000000	0.000000	0.000000	0.000000	0.000000
-1.002668	0.843191	0.845336	0.000000	0.000000	0.000000	0.000000	0.000000	0.000000	0.000000
-1.002618	0.843191	0.845842	-0.000000	0.000000	0.000000	0.000000	0.000000	0.000000	0.000000
-1.002645	0.843191	0.845581	-0.000000	0.000000	0.000000	0.000000	0.000000	0.000000	0.000000
-1.002855	0.843191	0.845591	-0.000000	0.000000	0.000000	0.000000	0.000000	0.000000	0.000000
-1.002945	0.843191	0.844968	0.000000	0.000000	0.000000	0.000000	0.000000	0.000000	0.000000
-1.002925	0.843191	0.845092	-0.000000	0.000000	0.000000	0.000000	0.000000	0.000000	0.000000
-1.002615	0.843191	0.845359	-0.000000	0.000000	0.000000	0.000000	0.000000	0.000000	0.000000
-1.002632	0.843191	0.844638	-0.000000	0.000000	0.000000	0.000000	0.000000	0.000000	0.000000
-1.002743	0.843191	0.845132	0.000000	0.000000	0.000000	0.000000	0.000000	0.000000	0.000000
-1.002621	0.843191	0.844901	0.000000	0.000000	0.000000	0.000000	0.000000	0.000000	0.000000
-1.002788	0.843191	0.845126	0.000000	0.000000	0.000000	0.000000	0.000000	0.000000	0.000000
-1.002795	0.843191	0.845071	0.000000	0.000000	0.000000	0.000000	0.000000	0.000000	0.000000
-1.002929	0.843191	0.844155	-0.000000	0.000000	0.000000	0.000000	0.000000	0.000000	0.000000
-1.002615	0.843191	0.845190	0.000000	0.000000	0.000000	0.000000	0.000000	0.000000	0.000000
-1.002972	0.843191	0.845102	0.000000	0.000000	0.000000	0.000000	0.000000	0.000000	0.000000
-1.002754	0.843191	0.845215	0.000000	0.000000	0.000000	0.000000	0.000000	0.000000	0.000000
-1.002929	0.843191	0.845761	0.000000	0.000000	0.000000	0.000000	0.000000	0.000000	0.000000
-1.002687	0.843191	0.844713	-0.000000	0.000000	0.000000	0.000000	0.000000	0.000000	0.000000
-1.002752	0.843191	0.845239	0.000000	0.000000	0.000000	0.000000	0.000000	0.000000	0.000000
-1.002682	0.843191	0.845372	-0.000000	0.000000	0.000000	0.000000	0.000000	0.000000	0.000000
-1.002843	0.843191	0.845196	-0.000000	0.000000	0.000000	0.000000	0.000000	0.000000	0.000000
-1.002753	0.843191	0.845113	0.000000	0.000000	0.000000	0.000000	0.000000	0.000000	0.000000
-1.002864	0.843191	0.845553	-0.000000	0.000000	0.000000	0.000000	0.000000	0.000000	0.000000
-1.002693	0.843191	0.845296	0.000000	0.000000	0.000000	0.000000	0.000000	0.000000	0.000000
-1.002635	0.843191	0.845134	-0.000000	0.000000	0.000000	0.000000	0.000000	0.000000	0.000000
-1.002802	0.843191	0.845304	-0.000000	0.000000	0.000000	0.000000	0.000000	0.000000	0.000000
-1.002481	0.843191	0.845516	0.000000	0.000000	0.000000	0.000000	0.000000	0.000000	0.000000
-1.002653	0.843191	0.844993	-0.000000	0.000000	0.000000	0.000000	0.000000	0.000000	0.000000
-1.002851	0.843191	0.845157	0.000000	0.000000	0.000000	0.000000	0.000000	0.000000	0.000000
-1.002828	0.843191	0.844899	-0.000000	0.000000	0.000000	0.000000	0.000000	0.000000	0.000000
-1.002867	0.843191	0.845069	0.000000	0.000000	0.000000	0.000000	0.000000	0.000000	0.000000
-1.002892	0.843191	0.843495	-0.000000	0.000000	0.000000	0.000000	0.000000	0.000000	0.000000
-1.002516	0.843191	0.845276	-0.000000	0.000000	0.000000	0.000000	0.000000	0.000000	0.000000
-1.003005	0.843191	0.845195	0.000000	0.000000	0.000000	0.000000	0.000000	0.000000	0.000000
-1.002752	0.843191	0.845524	-0.000000	0.000000	0.000000	0.000000	0.000000	0.000000	0.000000
-1.002957	0.843191	0.774183	-0.000000	0.000000	0.000000	0.000000	0.000000	0.000000	0.000000
-1.002692	0.843191	0.844831	-0.000000	0.000000	0.000000	0.000000	0.000000	0.000000	0.000000
-1.002870	0.843191	0.845249	0.000000	0.000000	0.000000	0.000000	0.000000	0.000000	0.000000
-1.002822	0.843191	0.844903	-0.000000	0.000000	0.000000	0.000000	0.000000	0.000000	0.000000
-1.002966	0.843191	0.845123	0.000000	0.000000	0.000000	0.000000	0.000000	0.000000	0.000000
-1.002911	0.256467	0.845128	-0.000000	0.000000	0.000000	0.000000	0.000000	0.000000	0.000000
-1.002728	0.843191	0.845099	-0.000000	0.000000	0.000000	0.000000	0.000000	0.000000	0.000000
-1.002716	0.843191	0.844966	-0.000000	0.000000	0.000000	0.000000	0.000000	0.000000	0.000000
-1.002718	0.843191	0.845055	0.000000	0.000000	0.000000	0.000000	0.000000	0.000000	0.000000
-1.002928	0.843191	0.845427	-0.000000	0.000000	0.000000	0.000000	0.000000	0.000000	0.000000
-1.002811	0.843191	0.844910	0.000000	0.000000	0.000000	0.000000	0.000000	0.000000	0.000000
-1.002757	0.843190	0.819130	-0.000000	0.000000	0.000000	0.000000	0.000000	0.000000	0.000000
-1.002796	0.843191	0.844919	-0.000000	0.000000	0.000000	0.000000	0.000000	0.000000	0.000000
-1.002661	0.843191	0.845226	0.000000	0.000000	0.000000	0.000000	0.000000	0.000000	0.000000
-1.002231	0.843191	0.845351	-0.000000	0.000000	0.000000	0.000000	0.000000	0.000000	0.000000
-1.002757	0.843191	0.845341	-0.000000	0.000000	0.000000	0.000000	0.000000	0.000000	0.000000
-1.002826	0.843191	0.844869	-0.000000	0.000000	0.000000	0.000000	0.000000	0.000000	0.000000
-1.002770	0.843191	0.845241	-0.000000	0.000000	0.000000	0.000000	0.000000	0.000000	0.000000
-1.002863	0.843191	0.845699	-0.000000	0.000000	0.000000	0.000000	0.000000	0.000000	0.000000
-1.002810	0.843191	0.844733	0.000000	0.000000	0.000000	0.000000	0.000000	0.000000	0.000000
-1.002622	0.843191	0.845037	0.000000	0.000000	0.000000	0.000000	0.000000	0.000000	0.000000
-1.002531	0.843191	0.845149	0.000000	0.000000	0.000000	0.000000	0.000000	0.000000	0.000000
-1.002663	0.843191	0.844811	0.000000	0.000000	0.000000	0.000000	0.000000	0.000000	0.000000
-1.002674	0.843191	0.846003	-0.000000	0.000000	0.000000	0.000000	0.000000	0.000000	0.000000
-1.002913	0.843191	0.845120	0.000000	0.000000	0.000000	0.000000	0.000000	0.000000	0.000000
-1.002549	0.843191	0.845612	-0.000000	0.000000	0.000000	0.000000	0.000000	0.000000	0.000000
-1.002771	0.843191	0.845224	-0.000000	0.000000	0.000000	0.000000	0.000000	0.000000	0.000000
-1.002554	0.843189	0.845178	-0.000000	0.000000	0.000000	0.000000	0.000000	0.000000	0.000000
-1.002691	0.843191	0.845499	0.000000	0.000000	0.000000	0.000000	0.000000	0.000000	0.000000
-1.002672	0.843191	0.845323	-0.000000	0.000000	0.000000	0.000000	0.000000	0.000000	0.000000
-1.002793	0.843191	0.845072	0.000000	0.000000	0.000000	0.000000	0.000000	0.000000	0.000000
-1.002701	0.843191	0.845419	0.000000	0.000000	0.000000	0.000000	0.000000	0.000000	0.000000
-1.002579	0.843191	0.844978	-0.000000	0.000000	0.000000	0.000000	0.000000	0.000000	0.000000
-1.002637	0.843191	0.844996	0.000000	0.000000	0.000000	0.000000	0.000000	0.000000	0.000000
-1.002481	0.843191	0.845468	0.000000	0.000000	0.000000	0.000000	0.000000	0.000000	0.000000
-1.002818	0.843191	0.845273	0.000000	0.000000	0.000000	0.000000	0.000000	0.000000	0.000000
-1.002710	0.843191	0.845262	0.000000	0.000000	0.000000	0.000000	0.000000	0.000000	0.000000
-1.002726	0.843191	0.845358	0.000000	0.000000	0.000000	0.000000	0.000000	0.000000	0.000000
-1.002688	0.843191	0.845395	0.000000	0.000000	0.000000	0.000000	0.000000	0.000000	0.000000
-1.002744	0.843191	0.845444	0.000000	0.000000	0.000000	0.000000	0.000000	0.000000	0.000000
-1.002667	0.843191	0.845002	0.000000	0.000000	0.000000	0.000000	0.000000	0.000000	0.000000
-1.002867	0.843191	0.845376	-0.000000	0.000000	0.000000	0.000000	0.000000	0.000000	0.000000
-1.003028	0.843191	0.845121	0.000000	0.000000	0.000000	0.000000	0.000000	0.000000	0.000000
-1.002861	0.843191	0.845330	0.000000	0.000000	0.000000	0.000000	0.000000	0.000000	0.000000
-1.002815	0.843191	0.845115	-0.000000	0.000000	0.000000	0.000000	0.000000	0.000000	0.000000
-1.002524	0.843191	0.844478	0.000000	0.000000	0.000000	0.000000	0.000000	0.000000	0.000000
-1.002386	0.843191	0.844704	-0.000000	0.000000	0.000000	0.000000	0.000000	0.000000	0.000000
-1.002601	0.843191	0.845812	-0.000000	0.000000	0.000000	0.000000	0.000000	0.000000	0.000000
-1.002615	0.843191	0.843688	0.000000	0.000000	0.000000	0.000000	0.000000	0.000000	0.000000
-1.002762	0.843191	0.845082	0.000000	0.000000	0.000000	0.000000	0.000000	0.000000	0.000000
-1.002679	0.843191	0.845242	-0.000000	0.000000	0.000000	0.000000	0.000000	0.000000	0.000000
-1.002885	0.843191	0.844739	0.000000	0.000000	0.000000	0.000000	0.000000	0.000000	0.000000
-1.002829	0.843191	0.842822	-0.000000	0.000000	0.000000	0.000000	0.000000	0.000000	0.000000
-1.002576	0.843191	0.844835	0.000000	0.000000	0.000000	0.000000	0.000000	0.000000	0.000000
-1.002843	0.843191	0.845515	0.000000	0.000000	0.000000	0.000000	0.000000	0.000000	0.000000
-1.002856	0.843191	0.845114	0.000000	0.000000	0.000000	0.000000	0.000000	0.000000	0.000000
-1.002639	0.843191	0.840806	0.000000	0.000000	0.000000	0.000000	0.000000	0.000000	0.000000
-1.002538	0.843191	0.845503	-0.000000	0.000000	0.000000	0.000000	0.000000	0.000000	0.000000
-1.002849	0.843191	0.845114	-0.000000	0.000000	0.000000	0.000000	0.000000	0.000000	0.000000
-1.002956	0.843191	0.845402	0.000000	0.000000	0.000000	0.000000	0.000000	0.000000	0.000000
-1.002463	0.843191	0.845300	-0.000000	0.000000	0.000000	0.000000	0.000000	0.000000	0.000000
-1.003064	0.843191	0.844204	-0.000000	0.000000	0.000000	0.000000	0.000000	0.000000	0.000000
-1.002723	0.843191	0.845625	0.000000	0.000000	0.000000	0.000000	0.000000	0.000000	0.000000
-1.002628	0.843191	0.845066	-0.000000	0.000000	0.000000	0.000000	0.000000	0.000000	0.000000
-1.002701	0.843191	0.845192	0.000000	0.000000	0.000000	0.000000	0.000000	0.000000	0.000000
-1.002637	0.843191	0.844912	0.000000	0.000000	0.000000	0.000000	0.000000	0.000000	0.000000
-1.002835	0.843191	0.845117	0.000000	0.000000	0.000000	0.000000	0.000000	0.000000	0.000000
-1.002624	0.843191	0.845116	0.000000	0.000000	0.000000	0.000000	0.000000	0.000000	0.000000
-1.003047	0.843191	0.844635	-0.000000	0.000000	0.000000	0.000000	0.000000	0.000000	0.000000
-1.002756	0.843191	0.844721	0.000000	0.000000	0.000000	0.000000	0.000000	0.000000	0.000000
-1.002658	0.843191	0.845129	0.000000	0.000000	0.000000	0.000000	0.000000	0.000000	0.000000
-1.002841	0.843191	0.845863	0.000000	0.000000	0.000000	0.000000	0.000000	0.000000	0.000000
-1.002454	0.843191	-0.000049	0.000000	0.000000	0.000000	0.000000	0.000000	0.000000	0.000000
-1.002972	0.843191	-0.785236	-0.000000	0.000000	0.000000	0.000000	0.000000	0.000000	0.000000
-1.002843	0.843191	-0.785338	-0.000000	0.000000	0.000000	0.000000	0.000000	0.000000	0.000000
-1.002701	0.843191	-0.785341	0.000000	0.000000	0.000000	0.000000	0.000000	0.000000	0.000000
-1.002749	0.843191	-0.785341	0.000000	0.000000	0.000000	0.000000	0.000000	0.000000	0.000000
-1.002819	0.843191	-0.785335	-0.000000	0.000000	0.000000	0.000000	0.000000	0.000000	0.000000
-1.002977	0.843191	-0.722090	0.000000	0.000000	0.000000	0.000000	0.000000	0.000000	0.000000
-1.002828	0.843191	-0.785329	0.000000	0.000000	0.000000	0.000000	0.000000	0.000000	0.000000
-1.002664	0.843191	-0.785232	-0.000000	0.000000	0.000000	0.000000	0.000000	0.000000	0.000000
-1.002556	0.843191	-0.785341	0.000000	0.000000	0.000000	0.000000	0.000000	0.000000	0.000000
-1.002599	0.843191	-0.785270	0.000000	0.000000	0.000000	0.000000	0.000000	0.000000	0.000000
-1.002608	0.843191	-0.785341	-0.000000	0.000000	0.000000	0.000000	0.000000	0.000000	0.000000
-1.002682	0.843191	-0.784690	-0.000000	0.000000	0.000000	0.000000	0.000000	0.000000	0.000000
-1.002666	0.843191	-0.785341	0.000000	0.000000	0.000000	0.000000	0.000000	0.000000	0.000000
-1.002729	0.843191	-0.785341	0.000000	0.000000	0.000000	0.000000	0.000000	0.000000	0.000000
-1.002773	0.843191	-0.785341	0.000000	0.000000	0.000000	0.000000	0.000000	0.000000	0.000000
-1.002890	0.843191	-0.785341	-0.000000	0.000000	0.000000	0.000000	0.000000	0.000000	0.000000
-1.002903	0.843191	-0.785341	-0.000000	0.000000	0.000000	0.000000	0.000000	0.000000	0.000000
-1.002516	0.843191	-0.785341	0.000000	0.000000	0.000000	0.000000	0.000000	0.000000	0.000000
-1.002738	0.843188	-0.785341	-0.000000	0.000000	0.000000	0.000000	0.000000	0.000000	0.000000
-1.002838	0.843191	-0.785341	0.000000	0.000000	0.000000	0.000000	0.000000	0.000000	0.000000
-1.002821	0.843191	-0.785064	-0.000000	0.000000	0.000000	0.000000	0.000000	0.000000	0.000000
-1.002835	0.843191	-0.198401	-0.000000	0.000000	0.000000	0.000000	0.000000	0.000000	0.000000
-1.002812	0.843191	-0.785323	-0.000000	0.000000	0.000000	0.000000	0.000000	0.000000	0.000000
-1.002692	0.843191	-0.785004	0.000000	0.000000	0.000000	0.000000	0.000000	0.000000	0.000000
-1.002631	0.843191	-0.785339	-0.000000	0.000000	0.000000	0.000000	0.000000	0.000000	0.000000
-1.002715	0.843191	-0.785341	0.000000	0.000000	0.000000	0.000000	0.000000	0.000000	0.000000
-1.002827	0.843191	-0.785341	-0.000000	0.000000	0.000000	0.000000	0.000000	0.000000	0.000000
-1.002783	0.843191	-0.785287	-0.000000	0.000000	0.000000	0.000000	0.000000	0.000000	0.000000
-1.002660	0.843191	-0.785337	-0.000000	0.000000	0.000000	0.000000	0.000000	0.000000	0.000000
-1.002578	0.843191	-0.752464	-0.000000	0.000000	0.000000	0.000000	0.000000	0.000000	0.000000
-1.002602	0.843191	-0.773935	-0.000000	0.000000	0.000000	0.000000	0.000000	0.000000	0.000000
-1.002780	0.843191	-0.785340	-0.000000	0.000000	0.000000	0.000000	0.000000	0.000000	0.000000
-1.002570	0.843191	-0.785341	-0.000000	0.000000	0.000000	0.000000	0.000000	0.000000	0.000000
-1.002774	0.843191	-0.785341	-0.000000	0.000000	0.000000	0.000000	0.000000	0.000000	0.000000
-1.003145	0.843191	-0.785341	0.000000	0.000000	0.000000	0.000000	0.000000	0.000000	0.000000
-1.002794	0.843191	-0.785316	-0.000000	0.000000	0.000000	0.000000	0.000000	0.000000	0.000000
-1.002827	0.843191	-0.785341	-0.000000	0.000000	0.000000	0.000000	0.000000	0.000000	0.000000
-1.002906	0.843191	-0.785341	-0.000000	0.000000	0.000000	0.000000	0.000000	0.000000	0.000000
-1.002802	0.843191	-0.785335	0.000000	0.000000	0.000000	0.000000	0.000000	0.000000	0.000000
-1.002558	0.843191	-0.785341	0.000000	0.000000	0.000000	0.000000	0.000000	0.000000	0.000000
-1.002701	0.843191	-0.762943	-0.000000	0.000000	0.000000	0.000000	0.000000	0.000000	0.000000
-1.002855	0.843191	-0.785335	-0.000000	0.000000	0.000000	0.000000	0.000000	0.000000	0.000000
-1.002900	0.843191	-0.785335	-0.000000	0.000000	0.000000	0.000000	0.000000	0.000000	0.000000
-1.003132	0.843191	-0.785340	0.000000	0.000000	0.000000	0.000000	0.000000	0.000000	0.000000
-1.002777	0.843191	-0.785341	-0.000000	0.000000	0.000000	0.000000	0.000000	0.000000	0.000000
-1.002637	0.843191	-0.785341	0.000000	0.000000	0.000000	0.000000	0.000000	0.000000	0.000000
-1.002769	0.843191	-0.785341	0.000000	0.000000	0.000000	0.000000	0.000000	0.000000	0.000000
-1.002817	0.843191	-0.785341	-0.000000	0.000000	0.000000	0.000000	0.000000	0.000000	0.000000
-1.002602	0.843191	-0.785341	0.000000	0.000000	0.000000	0.000000	0.000000	0.000000	0.000000
-1.002816	0.843191	-0.784974	-0.000000	0.000000	0.000000	0.000000	0.000000	0.000000	0.000000
-1.002870	0.843191	-0.785341	0.000000	0.000000	0.000000	0.000000	0.000000	0.000000	0.000000
-1.002791	0.843191	-0.785339	0.000000	0.000000	0.000000	0.000000	0.000000	0.000000	0.000000
-1.002467	0.843191	-0.759996	-0.000000	0.000000	0.000000	0.000000	0.000000	0.000000	0.000000
-1.002619	0.843191	-0.785142	0.000000	0.000000	0.000000	0.000000	0.000000	0.000000	0.000000
-1.002758	0.843191	-0.785341	0.000000	0.000000	0.000000	0.000000	0.000000	0.000000	0.000000
-1.002658	0.843191	-0.785339	-0.000000	0.000000	0.000000	0.000000	0.000000	0.000000	0.000000
-1.002731	0.843191	-0.785335	-0.000000	0.000000	0.000000	0.000000	0.000000	0.000000	0.000000
-1.002705	0.843191	-0.785339	0.000000	0.000000	0.000000	0.000000	0.000000	0.000000	0.000000
-1.002542	0.843189	-0.785326	0.000000	0.000000	0.000000	0.000000	0.000000	0.000000	0.000000
-1.002488	0.843191	-0.785341	0.000000	0.000000	0.000000	0.000000	0.000000	0.000000	0.000000
-1.002905	0.843191	-0.785334	-0.000000	0.000000	0.000000	0.000000	0.000000	0.000000	0.000000
-1.002926	0.843191	-0.785341	-0.000000	0.000000	0.000000	0.000000	0.000000	0.000000	0.000000
-1.002655	0.843191	-0.785341	0.000000	0.000000	0.000000	0.000000	0.000000	0.000000	0.000000
-1.002643	0.843191	-0.785336	0.000000	0.000000	0.000000	0.000000	0.000000	0.000000	0.000000
-1.002810	0.843191	-0.777743	-0.000000	0.000000	0.000000	0.000000	0.000000	0.000000	0.000000
-1.002827	0.843191	-0.785341	0.000000	0.000000	0.000000	0.000000	0.000000	0.000000	0.000000
-1.002456	0.843191	-0.785338	-0.000000	0.000000	0.000000	0.000000	0.000000	0.000000	0.000000
-1.002797	0.843191	-0.785341	-0.000000	0.000000	0.000000	0.000000	0.000000	0.000000	0.000000
-1.002815	0.843191	-0.785341	0.000000	0.000000	0.000000	0.000000	0.000000	0.000000	0.000000
-1.002854	0.843191	-0.785341	-0.000000	0.000000	0.000000	0.000000	0.000000	0.000000	0.000000
-1.002517	0.843191	-0.785340	0.000000	0.000000	0.000000	0.000000	0.000000	0.000000	0.000000
-1.002675	0.843191	-0.785340	-0.000000	0.000000	0.000000	0.000000	0.000000	0.000000	0.000000
-1.002604	0.843191	-0.785303	0.000000	0.000000	0.000000	0.000000	0.000000	0.000000	0.000000
-1.002867	0.843191	-0.785341	-0.000000	0.000000	0.000000	0.000000	0.000000	0.000000	0.000000
-1.002876	0.843191	-0.779086	0.000000	0.000000	0.000000	0.000000	0.000000	0.000000	0.000000
-1.002517	0.843191	-0.785341	-0.000000	0.000000	0.000000	0.000000	0.000000	0.000000	0.000000
-1.002757	0.843191	-0.785341	0.000000	0.000000	0.000000	0.000000	0.000000	0.000000	0.000000
-1.002532	0.843191	-0.785341	-0.000000	0.000000	0.000000	0.000000	0.000000	0.000000	0.000000
-1.002768	0.843191	-0.785341	0.000000	0.000000	0.000000	0.000000	0.000000	0.000000	0.000000
-1.002664	0.843191	-0.785291	-0.000000	0.000000	0.000000	0.000000	0.000000	0.000000	0.000000
-1.002511	0.843191	-0.785134	0.000000	0.000000	0.000000	0.000000	0.000000	0.000000	0.000000
-1.002931	0.843191	-0.785341	-0.000000	0.000000	0.000000	0.000000	0.000000	0.000000	0.000000
-1.002731	0.843191	-0.785340	0.000000	0.000000	0.000000	0.000000	0.000000	0.000000	0.000000
-1.002763	0.843191	-0.785341	-0.000000	0.000000	0.000000	0.000000	0.000000	0.000000	0.000000
-1.002655	0.843191	-0.784511	-0.000000	0.000000	0.000000	0.000000	0.000000	0.000000	0.000000
-1.002810	0.843191	-0.785340	-0.000000	0.000000	0.000000	0.000000	0.000000	0.000000	0.000000
-1.002714	0.843191	-0.785338	0.000000	0.000000	0.000000	0.000000	0.000000	0.000000	0.000000
-1.002732	0.843191	-0.785341	0.000000	0.000000	0.000000	0.000000	0.000000	0.000000	0.000000
-1.002759	0.843191	-0.785341	0.000000	0.000000	0.000000	0.000000	0.000000	0.000000	0.000000
-1.002865	0.843191	-0.785334	0.000000	0.000000	0.000000	0.000000	0.000000	0.000000	0.000000
-1.002818	0.843191	-0.014014	-0.000000	0.000000	0.000000	0.000000	0.000000	0.000000	0.000000
-1.002746	0.843191	-0.785341	-0.000000	0.000000	0.000000	0.000000	0.000000	0.000000	0.000000
-1.002833	0.843191	-0.785307	0.000000	0.000000	0.000000	0.000000	0.000000	0.000000	0.000000
-1.002902	0.843191	-0.785341	-0.000000	0.000000	0.000000	0.000000	0.000000	0.000000	0.000000
-1.002483	0.843191	-0.785334	-0.000000	0.000000	0.000000	0.000000	0.000000	0.000000	0.000000
-1.002869	0.843191	-0.785322	0.000000	0.000000	0.000000	0.000000	0.000000	0.000000	0.000000
-1.002835	0.843191	-0.785341	0.000000	0.000000	0.000000	0.000000	0.000000	0.000000	0.000000
-1.002769	0.843191	-0.785341	0.000000	0.000000	0.000000	0.000000	0.000000	0.000000	0.000000
-1.002638	0.843191	-0.785340	0.000000	0.000000	0.000000	0.000000	0.000000	0.000000	0.000000
-1.002787	0.843191	-0.785259	0.000000	0.000000	0.000000	0.000000	0.000000	0.000000	0.000000
-1.002797	0.843182	-0.785339	0.000000	0.000000	0.000000	0.000000	0.000000	0.000000	0.000000
-1.002710	0.843191	-0.785341	-0.000000	0.000000	0.000000	0.000000	0.000000	0.000000	0.000000
-1.002853	0.843191	-0.785341	0.000000	0.000000	0.000000	0.000000	0.000000	0.000000	0.000000
-1.002636	0.843191	-0.785341	0.000000	0.000000	0.000000	0.000000	0.000000	0.000000	0.000000
-1.002698	0.843191	-0.785341	0.000000	0.000000	0.000000	0.000000	0.000000	0.000000	0.000000
-1.002702	0.843191	-0.785341	0.000000	0.000000	0.000000	0.000000	0.000000	0.000000	0.000000
-1.002741	0.843191	-0.785302	0.000000	0.000000	0.000000	0.000000	0.000000	0.000000	0.000000
-1.002742	0.843191	-0.785341	0.000000	0.000000	0.000000	0.000000	0.000000	0.000000	0.000000
-1.002657	0.843191	-0.785341	0.000000	0.000000	0.000000	0.000000	0.000000	0.000000	0.000000
-1.002845	0.843191	-0.785341	0.000000	0.000000	0.000000	0.000000	0.000000	0.000000	0.000000
-1.002795	0.843191	-0.785341	0.000000	0.000000	0.000000	0.000000	0.000000	0.000000	0.000000
-1.002646	0.843191	-0.785341	0.000000	0.000000	0.000000	0.000000	0.000000	0.000000	0.000000
-1.002613	0.843191	-0.785340	0.000000	0.000000	0.000000	0.000000	0.000000	0.000000	0.000000
-1.002943	0.843191	-0.782637	-0.000000	0.000000	0.000000	0.000000	0.000000	0.000000	0.000000
-1.002674	0.843191	-0.785341	0.000000	0.000000	0.000000	0.000000	0.000000	0.000000	0.000000
-1.002839	0.843191	-0.785297	-0.000000	0.000000	0.000000	0.000000	0.000000	0.000000	0.000000
-1.002641	0.843191	-0.785341	0.000000	0.000000	0.000000	0.000000	0.000000	0.000000	0.000000
-1.002891	0.843191	-0.785341	-0.000000	0.000000	0.000000	0.000000	0.000000	0.000000	0.000000
-1.002615	0.843191	-0.785340	-0.000000	0.000000	0.000000	0.000000	0.000000	0.000000	0.000000
-1.002887	0.843191	-0.785340	0.000000	0.000000	0.000000	0.000000	0.000000	0.000000	0.000000
-1.002638	0.843191	-0.785340	-0.000000	0.000000	0.000000	0.000000	0.000000	0.000000	0.000000
-1.002590	0.843191	-0.785341	-0.000000	0.000000	0.000000	0.000000	0.000000	0.000000	0.000000
-1.003061	0.843191	-0.749254	-0.000000	0.000000	0.000000	0.000000	0.000000	0.000000	0.000000
-1.002814	0.843191	-0.785341	0.000000	0.000000	0.000000	0.000000	0.000000	0.000000	0.000000
-1.002674	0.843191	-0.785336	-0.000000	0.000000	0.000000	0.000000	0.000000	0.000000	0.000000
-1.002856	0.843191	-0.785303	0.000000	0.000000	0.000000	0.000000	0.000000	0.000000	0.000000
-1.002840	0.843191	-0.754873	0.000000	0.000000	0.000000	0.000000	0.000000	0.000000	0.000000
-1.002900	0.843191	-0.785316	0.000000	0.000000	0.000000	0.000000	0.000000	0.000000	0.000000
-1.002909	0.843191	-0.785341	0.000000	0.000000	0.000000	0.000000	0.000000	0.000000	0.000000
-1.002632	0.843191	-0.785341	0.000000	0.000000	0.000000	0.000000	0.000000	0.000000	0.000000
-1.002465	0.843191	-0.785341	0.000000	0.000000	0.000000	0.000000	0.000000	0.000000	0.000000
-1.002536	0.843191	-0.785341	0.000000	0.000000	0.000000	0.000000	0.000000	0.000000	0.000000
-1.002564	0.843191	-0.785341	-0.000000	0.000000	0.000000	0.000000	0.000000	0.000000	0.000000
-1.002697	0.843191	-0.785339	0.000000	0.000000	0.000000	0.000000	0.000000	0.000000	0.000000
-1.002696	0.843190	-0.785337	-0.000000	0.000000	0.000000	0.000000	0.000000	0.000000	0.000000
-1.002838	0.843191	-0.785341	-0.000000	0.000000	0.000000	0.000000	0.000000	0.000000	0.000000
-1.002663	0.843191	-0.785341	-0.000000	0.000000	0.000000	0.000000	0.000000	0.000000	0.000000
-1.002707	0.843191	-0.785340	-0.000000	0.000000	0.000000	0.000000	0.000000	0.000000	0.000000
-1.002929	0.843191	-0.784635	0.000000	0.000000	0.000000	0.000000	0.000000	0.000000	0.000000
-1.002773	0.843191	-0.785340	0.000000	0.000000	0.000000	0.000000	0.000000	0.000000	0.000000
-1.002808	0.843191	-0.785341	-0.000000	0.000000	0.000000	0.000000	0.000000	0.000000	0.000000
-1.002610	0.843191	-0.785340	0.000000	0.000000	0.000000	0.000000	0.000000	0.000000	0.000000
-1.002723	0.843191	-0.785341	0.000000	0.000000	0.000000	0.000000	0.000000	0.000000	0.000000
-1.002498	0.843191	-0.785341	0.000000	0.000000	0.000000	0.000000	0.000000	0.000000	0.000000
-1.002859	0.843191	-0.785341	0.000000	0.000000	0.000000	0.000000	0.000000	0.000000	0.000000
-1.002830	0.843191	-0.785341	-0.000000	0.000000	0.000000	0.000000	0.000000	0.000000	0.000000
-1.002731	0.843191	-0.785341	0.000000	0.000000	0.000000	0.000000	0.000000	0.000000	0.000000
-1.002698	0.843191	-0.785341	0.000000	0.000000	0.000000	0.000000	0.000000	0.000000	0.000000
-1.002639	0.843191	-0.785341	0.000000	0.000000	0.000000	0.000000	0.000000	0.000000	0.000000
-1.002916	0.843191	-0.682125	0.000000	0.000000	0.000000	0.000000	0.000000	0.000000	0.000000
-1.002735	0.843191	-0.785340	-0.000000	0.000000	0.000000	0.000000	0.000000	0.000000	0.000000
-1.002794	0.843191	-0.785341	-0.000000	0.000000	0.000000	0.000000	0.000000	0.000000	0.000000
-1.002666	0.843191	-0.785339	-0.000000	0.000000	0.000000	0.000000	0.000000	0.000000	0.000000
-1.002838	0.843191	-0.785341	-0.000000	0.000000	0.000000	0.000000	0.000000	0.000000	0.000000
-1.003005	0.843160	-0.785341	-0.000000	0.000000	0.000000	0.000000	0.000000	0.000000	0.000000
-1.002896	0.843191	-0.785341	0.000000	0.000000	0.000000	0.000000	0.000000	0.000000	0.000000
-1.002608	0.843191	-0.785334	-0.000000	0.000000	0.000000	0.000000	0.000000	0.000000	0.000000
-1.002769	0.843191	-0.785340	0.000000	0.000000	0.000000	0.000000	0.000000	0.000000	0.000000
-1.002852	0.843191	-0.785259	0.000000	0.000000	0.000000	0.000000	0.000000	0.000000	0.000000
-1.002750	0.843191	-0.785310	-0.000000	0.000000	0.000000	0.000000	0.000000	0.000000	0.000000
-1.002623	0.843191	-0.785311	0.000000	0.000000	0.000000	0.000000	0.000000	0.000000	0.000000
-1.002695	0.843191	-0.785341	0.000000	0.000000	0.000000	0.000000	0.000000	0.000000	0.000000
-1.002996	0.843191	-0.785332	-0.000000	0.000000	0.000000	0.000000	0.000000	0.000000	0.000000
-1.002534	0.843191	-0.785335	0.000000	0.000000	0.000000	0.000000	0.000000	0.000000	0.000000
-1.002803	0.843191	-0.785326	0.000000	0.000000	0.000000	0.000000	0.000000	0.000000	0.000000
-1.002715	0.843191	-0.785341	0.000000	0.000000	0.000000	0.000000	0.000000	0.000000	0.000000
-1.002639	0.843191	-0.785340	-0.000000	0.000000	0.000000	0.000000	0.000000	0.000000	0.000000
-1.002477	0.843191	-0.785341	-0.000000	0.000000	0.000000	0.000000	0.000000	0.000000	0.000000
-1.002844	0.843191	-0.785341	0.000000	0.000000	0.000000	0.000000	0.000000	0.000000	0.000000
-1.002806	0.843191	-0.785341	0.000000	0.000000	0.000000	0.000000	0.000000	0.000000	0.000000
-1.002848	0.843191	-0.785341	-0.000000	0.000000	0.000000	0.000000	0.000000	0.000000	0.000000
-1.002741	0.843191	-0.785341	-0.000000	0.000000	0.000000	0.000000	0.000000	0.000000	0.000000
-1.002856	0.843191	-0.785341	0.000000	0.000000	0.000000	0.000000	0.000000	0.000000	0.000000
-1.002429	0.843191	-0.785341	-0.000000	0.000000	0.000000	0.000000	0.000000	0.000000	0.000000
-1.002810	0.843191	-0.785336	0.000000	0.000000	0.000000	0.000000	0.000000	0.000000	0.000000
-1.002680	0.843191	-0.785251	-0.000000	0.000000	0.000000	0.000000	0.000000	0.000000	0.000000
-1.002545	0.843191	-0.785332	-0.000000	0.000000	0.000000	0.000000	0.000000	0.000000	0.000000
-1.002667	0.843191	-0.785341	-0.000000	0.000000	0.000000	0.000000	0.000000	0.000000	0.000000
-1.002490	0.843191	-0.785340	0.000000	0.000000	0.000000	0.000000	0.000000	0.000000	0.000000
-1.002628	0.843191	-0.785340	0.000000	0.000000	0.000000	0.000000	0.000000	0.000000	0.000000
-1.002738	0.843191	-0.785337	-0.000000	0.000000	0.000000	0.000000	0.000000	0.000000	0.000000
-1.002972	0.843191	-0.785338	0.000000	0.000000	0.000000	0.000000	0.000000	0.000000	0.000000
-1.003011	0.843191	-0.785336	0.000000	0.000000	0.000000	0.000000	0.000000	0.000000	0.000000
-1.002956	0.843191	-0.785341	-0.000000	0.000000	0.000000	0.000000	0.000000	0.000000	0.000000
-1.002901	0.843191	-0.785332	0.000000	0.000000	0.000000	0.000000	0.000000	0.000000	0.000000
-1.003005	0.843191	-0.785341	-0.000000	0.000000	0.000000	0.000000	0.000000	0.000000	0.000000
-1.002621	0.843191	-0.785341	0.000000	0.000000	0.000000	0.000000	0.000000	0.000000	0.000000
-1.002599	0.843191	-0.785341	-0.000000	0.000000	0.000000	0.000000	0.000000	0.000000	0.000000
-1.002835	0.843191	-0.785322	0.000000	0.000000	0.000000	0.000000	0.000000	0.000000	0.000000
-1.002498	0.843191	-0.785340	-0.000000	0.000000	0.000000	0.000000	0.000000	0.000000	0.000000
-1.002541	0.843191	-0.785341	0.000000	0.000000	0.000000	0.000000	0.000000	0.000000	0.000000
-1.002778	0.843191	-0.785341	-0.000000	0.000000	0.000000	0.000000	0.000000	0.000000	0.000000
-1.002797	0.843191	-0.785339	-0.000000	0.000000	0.000000	0.000000	0.000000	0.000000	0.000000
-1.002911	0.843191	-0.785341	0.000000	0.000000	0.000000	0.000000	0.000000	0.000000	0.000000
-1.002661	0.843191	-0.785341	0.000000	0.000000	0.000000	0.000000	0.000000	0.000000	0.000000
-1.003045	0.843191	-0.785341	-0.000000	0.000000	0.000000	0.000000	0.000000	0.000000	0.000000
-1.002673	0.843191	-0.784916	-0.000000	0.000000	0.000000	0.000000	0.000000	0.000000	0.000000
-1.002930	0.843191	-0.785340	-0.000000	0.000000	0.000000	0.000000	0.000000	0.000000	0.000000
-1.002755	0.843191	-0.785341	0.000000	0.000000	0.000000	0.000000	0.000000	0.000000	0.000000
-1.002684	0.843191	-0.785128	-0.000000	0.000000	0.000000	0.000000	0.000000	0.000000	0.000000
-1.002556	0.843191	-0.785341	-0.000000	0.000000	0.000000	0.000000	0.000000	0.000000	0.000000
-1.002587	0.843191	-0.785341	0.000000	0.000000	0.000000	0.000000	0.000000	0.000000	0.000000
-1.002591	0.843191	-0.774666	0.000000	0.000000	0.000000	0.000000	0.000000	0.000000	0.000000
-1.002929	0.843191	-0.785341	-0.000000	0.000000	0.000000	0.000000	0.000000	0.000000	0.000000
-1.002863	0.843191	-0.785341	-0.000000	0.000000	0.000000	0.000000	0.000000	0.000000	0.000000
-1.002818	0.843191	-0.785341	-0.000000	0.000000	0.000000	0.000000	0.000000	0.000000	0.000000
-1.002686	0.843191	-0.785341	-0.000000	0.000000	0.000000	0.000000	0.000000	0.000000	0.000000
-1.002583	0.843191	-0.785341	-0.000000	0.000000	0.000000	0.000000	0.000000	0.000000	0.000000
-1.002849	0.843191	-0.785023	0.000000	0.000000	0.000000	0.000000	0.000000	0.000000	0.000000
-1.002766	0.843191	-0.782481	0.000000	0.000000	0.000000	0.000000	0.000000	0.000000	0.000000
-1.002881	0.843191	-0.785338	-0.000000	0.000000	0.000000	0.000000	0.000000	0.000000	0.000000
-1.002616	0.843191	-0.785341	0.000000	0.000000	0.000000	0.000000	0.000000	0.000000	0.000000
-1.002713	0.843191	-0.785341	-0.000000	0.000000	0.000000	0.000000	0.000000	0.000000	0.000000
-1.002653	0.843191	-0.785341	0.000000	0.000000	0.000000	0.000000	0.000000	0.000000	0.000000
-1.002638	0.843191	-0.785291	0.000000	0.000000	0.000000	0.000000	0.000000	0.000000	0.000000
-1.002814	0.843191	-0.785013	-0.000000	0.000000	0.000000	0.000000	0.000000	0.000000	0.000000
-1.002751	0.843191	-0.785341	0.000000	0.000000	0.000000	0.000000	0.000000	0.000000	0.000000
-1.002748	0.843191	-0.785235	0.000000	0.000000	0.000000	0.000000	0.000000	0.000000	0.000000
-1.002786	0.843191	-0.785341	0.000000	0.000000	0.000000	0.000000	0.000000	0.000000	0.000000
-1.002641	0.843191	-0.785341	-0.000000	0.000000	0.000000	0.000000	0.000000	0.000000	0.000000
-1.002798	0.843191	-0.785341	-0.000000	0.000000	0.000000	0.000000	0.000000	0.000000	0.000000
-1.002381	0.843191	-0.785341	-0.000000	0.000000	0.000000	0.000000	0.000000	0.000000	0.000000
-1.002706	0.843191	-0.785340	0.000000	0.000000	0.000000	0.000000	0.000000	0.000000	0.000000
-1.002703	0.843032	-0.783907	0.000000	0.000000	0.000000	0.000000	0.000000	0.000000	0.000000
-1.002859	0.843191	-0.785341	-0.000000	0.000000	0.000000	0.000000	0.000000	0.000000	0.000000
-1.002705	0.843191	-0.785338	-0.000000	0.000000	0.000000	0.000000	0.000000	0.000000	0.000000
-1.002722	0.843191	-0.785259	-0.000000	0.000000	0.000000	0.000000	0.000000	0.000000	0.000000
-1.002734	0.843191	-0.785341	0.000000	0.000000	0.000000	0.000000	0.000000	0.000000	0.000000
-1.003138	0.843191	-0.785340	-0.000000	0.000000	0.000000	0.000000	0.000000	0.000000	0.000000
-1.002823	0.843191	-0.785340	-0.000000	0.000000	0.000000	0.000000	0.000000	0.000000	0.000000
-1.002886	0.843191	-0.785322	0.000000	0.000000	0.000000	0.000000	0.000000	0.000000	0.000000
-1.002710	0.843191	-0.785212	0.000000	0.000000	0.000000	0.000000	0.000000	0.000000	0.000000
-1.002911	0.843191	-0.785341	0.000000	0.000000	0.000000	0.000000	0.000000	0.000000	0.000000
-1.003027	0.843191	-0.785341	0.000000	0.000000	0.000000	0.000000	0.000000	0.000000	0.000000
-1.002636	0.843191	-0.785341	0.000000	0.000000	0.000000	0.000000	0.000000	0.000000	0.000000
-1.002667	0.843191	-0.785337	-0.000000	0.000000	0.000000	0.000000	0.000000	0.000000	0.000000
-1.002738	0.843191	-0.785309	0.000000	0.000000	0.000000	0.000000	0.000000	0.000000	0.000000
-1.002633	0.843191	-0.785275	-0.000000	0.000000	0.000000	0.000000	0.000000	0.000000	0.000000
-1.002688	0.843191	-0.785336	0.000000	0.000000	0.000000	0.000000	0.000000	0.000000	0.000000
-1.002802	0.843191	-0.785296	0.000000	0.000000	0.000000	0.000000	0.000000	0.000000	0.000000
-1.002852	0.843191	-0.784724	0.000000	0.000000	0.000000	0.000000	0.000000	0.000000	0.000000
-1.002538	0.843191	-0.785341	0.000000	0.000000	0.000000	0.000000	0.000000	0.000000	0.000000
-1.002910	0.843191	-0.785341	0.000000	0.000000	0.000000	0.000000	0.000000	0.000000	0.000000
-1.002918	0.843191	-0.785341	0.000000	0.000000	0.000000	0.000000	0.000000	0.000000	0.000000
-1.002637	0.843191	-0.785341	-0.000000	0.000000	0.000000	0.000000	0.000000	0.000000	0.000000
-1.002692	0.843191	-0.785330	-0.000000	0.000000	0.000000	0.000000	0.000000	0.000000	0.000000
-1.002851	0.843191	-0.785340	0.000000	0.000000	0.000000	0.000000	0.000000	0.000000	0.000000
-1.003007	0.843187	-0.785339	-0.000000	0.000000	0.000000	0.000000	0.000000	0.000000	0.000000
-1.002774	0.843191	-0.785341	0.000000	0.000000	0.000000	0.000000	0.000000	0.000000	0.000000
