-4.992152	0.000000	-0.000000	2.913638	-0.000000	2.959197	0.000000	0.000000	0.000000	-0.000000
-4.316997	0.000011	-0.213761	3.955234	-0.000000	3.678700	0.000000	0.000000	-0.000000	-0.000000
-6.243923	3.931129	-3.188004	3.995631	0.000000	2.334931	0.000000	0.000000	-0.000000	-0.000000
-8.150954	0.000000	-3.493080	0.087743	3.244029	-4.431942	0.000000	0.000000	-0.000000	-0.000000
-10.758279	-3.515899	1.709625	-0.013998	-3.884975	2.815550	0.000000	0.000000	-0.000000	-0.000000
-8.866181	0.000000	-5.806650	-3.172191	-0.000000	-2.241729	0.000000	0.000000	-0.000000	-0.000000
-8.232756	0.000000	-3.522776	0.228153	3.225196	-4.450008	0.000000	0.000000	-0.000000	-0.000000
-0.522580	0.000000	0.475383	0.002081	4.426531	-0.054293	0.000000	0.000000	-0.000000	-0.000000
-4.039404	0.000002	7.541553	0.084479	0.005884	-1.744782	0.000000	0.000000	-0.000000	-0.000000
-6.942051	0.000000	7.990246	3.894590	-0.002444	2.205745	0.000000	0.000000	-0.000000	-0.000000
-10.463267	3.649841	2.475954	-0.065438	-3.617845	2.613907	0.000000	0.000000	-0.000000	-0.000000
-8.991550	3.763862	-3.257780	-0.028230	-0.000000	3.845138	0.000000	0.000000	-0.000000	-0.000000
-9.747972	0.000000	-5.818216	4.712140	0.000000	0.580254	0.000000	0.000000	-0.000000	-0.000000
-10.877566	-3.982370	5.075554	3.832156	0.000050	-0.035756	0.000000	0.000000	-0.000000	-0.000000
-10.633261	-3.875293	5.351135	3.791244	-0.000005	0.086289	0.000000	0.000000	-0.000000	-0.000000
-6.701680	3.774310	4.944442	0.126855	0.000265	-3.823763	0.000000	0.000000	-0.000000	-0.000000
-3.972786	0.000000	7.494742	0.037914	-0.002386	-1.722577	0.000000	0.000000	-0.000000	-0.000000
-6.659829	3.772272	4.963865	0.089205	-0.000082	-3.805756	0.000000	0.000000	-0.000000	-0.000000
-4.208838	0.000000	2.291629	-4.510420	3.948281	0.229798	0.000000	0.000000	-0.000000	-0.000000
-2.118348	0.000000	-1.115541	-4.093809	-0.000000	0.406640	0.000000	0.000000	-0.000000	-0.000000
-10.292929	-3.833982	-1.548612	-0.140318	3.986235	2.867874	0.000000	0.000000	-0.000000	-0.000000
-6.081947	0.000000	7.298912	-4.019586	0.001352	-0.031605	0.000000	0.000000	-0.000000	-0.000000
-7.016932	3.973888	-1.270216	-3.717169	3.652262	-0.358467	0.000000	0.000000	-0.000000	-0.000000
-3.742400	0.000019	0.496280	0.261458	4.056355	-0.214207	0.000000	0.000000	-0.000000	-0.000000
-11.645042	0.000000	-3.661837	4.246433	3.593386	-0.015326	0.000000	0.000000	-0.000000	-0.000000
-7.061612	3.807614	4.808104	0.092571	0.000788	-3.868642	0.000000	0.000000	-0.000000	-0.000000
-5.684091	0.000000	-1.155061	-0.007496	-0.000000	5.870233	0.000000	0.000000	-0.000000	-0.000000
-10.008780	0.000000	-5.381808	4.132561	0.000026	0.629452	0.000000	0.000000	-0.000000	-0.000000
-7.523579	0.000000	-2.884288	0.376308	2.363105	-3.153970	3.272503	0.000000	0.000000	0.000000
-5.152656	3.830672	-3.468317	-3.660786	-0.000000	-0.259796	0.000000	0.000000	-0.000000	-0.000000
-4.918361	-3.855769	-3.649927	-3.677262	0.000000	-0.014296	0.000000	0.000000	-0.000000	-0.000000
-5.352989	3.758786	-3.726055	-3.548480	0.000001	-0.478187	0.000000	0.000000	-0.000000	-0.000000
-10.813418	-3.476264	2.495533	-0.023720	-3.796892	2.995179	0.000000	0.000000	-0.000000	-0.000000
-6.774948	-3.717897	5.464954	0.279879	0.000029	-3.422865	0.000000	0.000000	-0.000000	-0.000000
-7.836328	0.000000	-2.204455	0.886452	1.703093	-2.495758	0.000000	0.000000	0.000000	0.000000
-8.722136	-3.581834	-3.925683	-0.032825	-0.000000	3.998688	0.000000	0.000000	-0.000000	-0.000000
-13.644463	0.000000	0.184362	-0.004966	-3.721413	0.400749	0.000000	0.000000	-0.000000	-0.000000
-7.638491	0.000001	8.031710	3.921818	0.001038	2.013797	0.000000	0.000000	-0.000000	-0.000000
-4.719414	4.006837	-0.613810	0.720045	3.596768	-3.033537	0.000000	0.000000	-0.000000	-0.000000
-8.116916	3.676337	-0.858858	4.010713	3.922480	1.433233	0.000000	0.000000	-0.000000	-0.000000
-7.712361	0.000000	-3.392761	0.385974	3.327689	-4.270409	0.000000	0.000000	-0.000000	-0.000000
-5.892704	-3.626668	-4.095719	-3.725811	0.000000	-0.200111	0.000000	0.000000	-0.000000	-0.000000
-4.534560	0.000001	1.365997	4.042691	0.000232	3.525590	0.000000	0.000000	-0.000000	-0.000000
-7.913446	0.000000	4.961365	-0.176868	-3.368020	4.557887	0.000000	0.000000	-0.000000	-0.000000
-8.504457	3.550071	-0.368529	4.066785	3.988113	1.284186	0.000000	0.000000	-0.000000	-0.000000
-5.065661	4.009379	-0.676660	0.092142	3.520518	-3.054762	0.000000	0.000000	-0.000000	-0.000000
-3.869533	0.000000	0.080527	3.586886	4.319450	3.289495	0.000000	0.000000	-0.000000	-0.000000
-10.292315	-3.621722	3.995937	-3.880476	0.000064	-1.834524	0.000000	0.000000	-0.000000	-0.000000
-12.930630	0.000000	-7.203876	-0.032270	0.000001	2.904876	1.696321	0.000000	-0.000000	-0.000000
-9.234859	0.000000	7.412921	-0.071015	0.000284	3.678545	0.000000	0.000000	-0.000000	-0.000000
-5.505064	-3.804692	-3.246785	-3.836792	0.000001	0.107755	0.000000	0.000000	-0.000000	-0.000000
-7.572906	0.000000	5.047958	-0.156365	-3.478755	4.485178	0.000000	0.000000	-0.000000	-0.000000
-4.619445	0.000000	7.809634	0.046660	0.004799	-1.336436	0.000000	0.000000	-0.000000	-0.000000
-6.067137	0.000031	5.706497	3.667230	-3.686803	2.879091	0.000000	0.000000	-0.000000	-0.000000
-8.410777	0.000000	-6.477983	-3.338815	0.000000	-1.909322	0.000000	0.000000	-0.000000	-0.000000
-13.120038	4.137460	4.025181	-0.037927	-0.000024	1.867845	0.000000	0.000000	-0.000000	-0.000000
-4.936237	-3.861392	-3.658231	-3.633375	0.000000	-0.049273	0.000000	0.000000	-0.000000	-0.000000
-3.726906	-0.000000	-3.257257	-3.846156	0.000000	0.334355	0.000000	0.000000	-0.000000	-0.000000
-10.114334	0.000005	5.437741	-0.051202	0.006996	3.063836	0.000000	0.000000	-0.000000	-0.000000
-7.205584	3.645150	2.154391	-3.709535	-3.642986	-1.084065	0.000000	0.000000	-0.000000	-0.000000
-4.858351	-4.027234	-0.385060	0.090447	3.463887	-2.464899	0.000000	0.000000	-0.000000	-0.000000
-9.848639	0.000000	-5.649202	4.641288	0.000000	0.390394	0.000000	0.000000	-0.000000	-0.000000
-10.385925	0.000000	3.008944	0.091218	0.001743	-5.647981	0.000000	0.000000	-0.000000	-0.000000
-11.474666	0.000000	0.534116	3.816256	-4.079096	0.059792	0.000000	0.000000	-0.000000	-0.000000
-14.074690	0.000000	-0.114629	-0.051292	-4.293665	1.405003	0.000000	0.000000	-0.000000	-0.000000
-5.596115	-3.728362	-3.617741	-3.987721	-0.000000	0.184362	0.000000	0.000000	-0.000000	-0.000000
-9.244411	3.673986	3.964924	-3.828333	0.002785	-2.322446	0.000000	0.000000	-0.000000	-0.000000
-10.833366	-3.970749	5.142018	3.831930	0.000004	0.032636	0.000000	0.000000	-0.000000	-0.000000
-3.183115	0.000000	-0.953971	-4.551122	0.000000	1.200250	0.000000	0.000000	-0.000000	-0.000000
-7.555555	-3.812860	-1.997118	-3.942801	3.785224	-0.752402	0.000000	0.000000	-0.000000	-0.000000
-3.184364	0.000000	1.947693	3.403919	3.946048	2.973390	0.000000	0.000000	-0.000000	-0.000000
-10.219562	0.000063	-0.465703	-3.387839	-4.311512	-2.178298	0.000000	0.000000	-0.000000	-0.000000
-10.805902	3.721329	-1.759181	-0.035882	3.853720	3.046561	0.000000	0.000000	-0.000000	-0.000000
-11.408799	0.000000	0.930659	3.751339	-4.015339	-0.084384	0.000000	0.000000	-0.000000	-0.000000
-11.634916	0.000000	-3.657105	4.240217	3.591276	-0.045341	0.000000	0.000000	-0.000000	-0.000000
-10.612659	3.735201	-1.690652	-0.015653	3.850087	3.040193	0.000000	0.000000	-0.000000	-0.000000
-10.937029	3.944312	5.124119	3.958269	-0.000188	0.031991	0.000000	0.000000	-0.000000	-0.000000
-10.081995	0.000000	3.053619	0.238769	-0.000056	-5.758726	0.000000	0.000000	-0.000000	-0.000000
-13.562102	0.000000	-0.058023	-0.048185	-4.031029	0.062193	0.000000	0.000000	-0.000000	-0.000000
-6.438416	0.000000	-2.554174	-0.105051	0.000000	5.743886	0.000000	0.000000	-0.000000	-0.000000
-13.987600	0.000000	-0.154148	-0.005257	-4.257155	1.108294	0.000000	0.000000	-0.000000	-0.000000
-3.224617	0.000000	-2.242555	-3.788785	0.000000	0.088079	0.000000	0.000000	-0.000000	-0.000000
-12.011487	0.000000	0.033057	4.157306	-4.041408	-0.045621	0.000000	0.000000	-0.000000	-0.000000
-0.000000	0.000005	0.009035	0.282560	-0.000000	-0.419168	-0.000000	0.000000	-0.000000	-0.000000
-5.005202	-4.219222	-0.011017	0.729411	-0.000000	0.002004	0.000000	0.000000	0.000000	-0.000000
-5.111466	-3.964293	-0.394293	0.064432	3.530809	-2.573384	0.000000	0.000000	-0.000000	-0.000000
-10.991216	-3.501334	2.460050	-0.051616	-3.796029	2.988084	0.000000	0.000000	-0.000000	-0.000000
-7.497201	-3.785352	5.230670	0.015702	0.000000	-3.512197	0.000000	0.000000	-0.000000	-0.000000
-2.982931	0.000000	0.012203	4.091501	-0.000000	4.450480	0.000000	0.000000	-0.000000	-0.000000
-4.829557	3.906293	-3.208235	-3.557116	-0.000000	-0.251339	0.000000	0.000000	-0.000000	-0.000000
-7.626238	-3.816585	-1.798216	-3.894434	3.869276	-0.938347	0.000000	0.000000	-0.000000	-0.000000
-5.020270	-3.909594	-0.017718	0.764410	3.673994	-2.650112	0.000000	0.000000	-0.000000	-0.000000
-5.452769	-3.795124	3.199664	0.027799	-4.352097	-2.436897	0.000000	0.000000	-0.000000	-0.000000
-7.083628	3.883343	-3.953303	4.013597	-0.000000	1.958046	0.000000	0.000000	-0.000000	-0.000000
-11.807984	0.000000	-0.067486	4.020063	-4.011460	-0.548993	0.000000	0.000000	-0.000000	-0.000000
-13.810684	0.000000	-4.500150	-0.031800	3.660307	1.373356	0.000000	0.000000	-0.000000	-0.000000
-7.088470	3.778222	2.190749	-3.710648	-3.671265	-0.968981	0.000000	0.000000	-0.000000	-0.000000
-3.421620	0.000000	0.624646	-4.220620	4.238107	0.256765	0.000000	0.000000	-0.000000	-0.000000
-6.842856	-3.522881	-1.254179	3.261687	3.255415	1.212305	0.000000	0.000000	-0.000000	-0.000000
-7.451775	3.833339	4.692832	0.086265	-0.000869	-3.874287	0.000000	0.000000	-0.000000	-0.000000
-12.168600	3.745467	4.101975	-0.149234	0.006323	2.604550	0.000000	0.000000	-0.000000	-0.000000
-7.069244	-3.634058	2.686232	2.144303	-4.183890	-0.200314	0.000000	0.000000	-0.000000	-0.000000
-5.825394	0.000019	0.458014	3.349450	3.879589	2.866559	0.000000	0.000000	-0.000000	-0.000000
-8.298820	0.000004	0.512948	0.524241	-4.026167	-4.492753	0.000000	0.000000	-0.000000	-0.000000
-9.293006	3.680247	-3.394960	-0.074954	0.000001	4.174180	-0.000000	0.000000	-0.000000	-0.000000
-4.318996	0.000001	7.758906	0.057519	0.003794	-1.760844	0.000000	0.000000	-0.000000	-0.000000
-13.633731	0.000000	-4.621142	-0.020142	3.624201	1.453803	0.000000	0.000000	-0.000000	-0.000000
-5.322351	0.000005	-1.382398	-0.029705	-0.000000	5.607061	0.000000	0.000000	-0.000000	-0.000000
-4.523060	0.000000	5.397233	-4.035586	-3.569532	0.147294	0.000000	0.000000	-0.000000	-0.000000
-7.649769	0.000000	-3.372729	0.445866	3.334741	-4.251768	0.000000	0.000000	-0.000000	-0.000000
-12.182467	0.000000	-0.017916	4.285522	-4.041426	-0.015553	0.000000	0.000000	-0.000000	-0.000000
-8.780409	3.815604	3.996657	-3.603380	0.002622	-2.283687	0.000000	0.000000	-0.000000	-0.000000
-8.077559	-3.778416	-0.326708	3.778445	3.541205	0.482873	0.000000	0.000000	-0.000000	-0.000000
-4.369696	0.000000	3.631946	-3.592659	0.065270	-0.188639	0.000000	0.000000	-0.000000	0.000000
-10.732168	-3.770361	-2.433416	-0.128656	4.007058	3.008591	0.000000	0.000000	-0.000000	-0.000000
-5.299326	0.000000	0.326325	3.366031	3.962831	2.979239	0.000000	0.000000	-0.000000	-0.000000
-9.365664	3.700175	3.911399	-3.884017	-0.000248	-2.313505	0.000000	0.000000	-0.000000	-0.000000
-8.598489	0.000000	-0.392858	0.315493	-3.969528	-4.389266	0.000000	0.000000	-0.000000	-0.000000
-5.987201	0.000018	5.692736	3.710977	-3.700691	2.844985	0.000000	0.000000	-0.000000	-0.000000
-2.938954	0.000006	5.508953	0.103475	-3.744646	-1.794373	0.000000	0.000000	-0.000000	-0.000000
-8.547915	-3.799709	-0.996836	3.566927	3.140809	1.500923	0.000000	0.000000	-0.000000	-0.000000
-4.943693	3.917199	-3.240270	-3.662938	-0.000000	-0.186633	0.000000	0.000000	-0.000000	-0.000000
-5.817172	-3.634062	-4.061071	-3.727728	-0.000000	-0.179882	0.000000	0.000000	-0.000000	-0.000000
-3.602308	-3.548239	-2.509084	0.263770	-0.000000	-0.791331	0.000000	0.000000	-0.000000	-0.000000
-8.027328	0.000000	0.921751	0.570407	-4.024837	-4.547311	0.000000	0.000000	-0.000000	-0.000000
-2.246972	4.001300	-2.917922	0.187718	0.000001	-1.960218	0.000000	0.000000	-0.000000	-0.000000
-7.938725	4.097487	3.164440	4.135716	-4.006512	0.492635	0.000000	0.000000	-0.000000	-0.000000
-7.190953	-3.741992	5.421393	0.229000	0.000043	-3.498040	0.000000	0.000000	-0.000000	-0.000000
-8.605484	0.000000	0.397887	0.714462	-4.007097	-4.455972	0.000000	0.000000	-0.000000	-0.000000
-8.446590	3.708158	-2.114479	-0.127969	-0.000000	3.167592	0.000000	0.000000	-0.000000	-0.000000
-9.015509	0.000000	0.605414	0.115541	-3.894162	-4.386388	0.000000	0.000000	-0.000000	-0.000000
-10.678511	3.682529	2.546865	-0.042060	-3.528188	2.642644	0.000000	0.000000	-0.000000	-0.000000
-5.602777	0.000012	5.655481	3.890562	-3.711864	2.686071	0.000000	0.000000	-0.000000	-0.000000
-7.087561	0.000000	3.367139	-0.468404	3.531943	4.541065	0.000000	0.000000	-0.000000	-0.000000
-6.766320	3.696385	0.055967	-3.850933	-3.412067	-0.578703	0.000000	0.000000	-0.000000	-0.000000
-9.364908	-3.452189	5.196583	-3.933805	-0.000497	-0.963138	0.000000	0.000000	-0.000000	-0.000000
-13.986282	0.000000	1.922688	4.386440	0.000020	-0.521448	0.000000	0.000000	-0.000000	-0.000000
-10.550511	0.000000	2.928729	0.175455	-0.000005	-5.551270	0.000000	0.000000	-0.000000	-0.000000
-5.948549	3.801981	2.817440	0.458505	-3.794990	-3.126026	0.000000	0.000000	-0.000000	-0.000000
-4.605146	4.033029	-0.532247	0.344983	3.577541	-3.015945	0.000000	0.000000	-0.000000	-0.000000
-10.446662	3.833757	5.349047	3.909648	-0.000015	0.011375	0.000000	0.000000	-0.000000	-0.000000
-6.065032	3.957047	-2.617705	3.999789	0.000000	2.453063	-0.000000	0.000000	-0.000000	-0.000000
-2.211937	0.000000	2.890341	0.035929	4.009724	-0.615016	0.000000	0.000000	-0.000000	-0.000000
-7.403228	-3.770742	5.310624	0.166513	0.000001	-3.532572	0.000000	0.000000	-0.000000	-0.000000
-13.646514	0.000000	-4.613698	-0.027186	3.649850	1.484476	0.000000	0.000000	-0.000000	-0.000000
-3.995629	0.000000	7.494208	0.017502	-0.000567	-1.623684	0.000000	0.000000	-0.000000	-0.000000
-3.919763	0.000000	5.498754	-4.016219	-3.647974	0.036944	0.000000	0.000000	-0.000000	-0.000000
-12.171314	0.000000	0.125299	4.261634	-4.071581	-0.058512	0.000000	0.000000	-0.000000	-0.000000
-6.347631	3.903284	-3.227695	3.989529	0.000000	2.300739	0.000000	0.000000	-0.000000	-0.000000
-8.469342	0.000000	0.611426	0.619380	-4.004974	-4.494225	0.000000	0.000000	-0.000000	-0.000000
-8.317356	3.908510	3.269576	3.958812	-4.032095	1.181708	0.000000	0.000000	-0.000000	-0.000000
-13.512961	0.000000	3.003062	4.392776	0.000016	-0.152135	0.000000	0.000000	-0.000000	-0.000000
-7.106172	3.685189	0.434770	-3.796228	-3.649444	-0.732153	0.000000	0.000000	-0.000000	-0.000000
-9.792244	0.000000	7.776826	-0.003612	0.000182	3.491654	0.000000	0.000000	-0.000000	-0.000000
-6.718315	3.808141	4.931828	0.044579	0.000917	-3.792021	0.000000	0.000000	-0.000000	-0.000000
-5.408261	-3.928199	-0.425741	0.034181	3.588359	-2.653498	0.000000	0.000000	-0.000000	-0.000000
-7.481549	-3.917208	-1.507280	-4.027349	3.891566	-0.519722	0.000000	0.000000	-0.000000	-0.000000
-11.961104	0.000000	0.227492	-3.310880	-3.429335	-3.152708	0.000000	0.000000	-0.000000	-0.000000
-1.692827	0.000000	0.568964	0.033921	4.215130	-0.370568	0.000000	0.000000	-0.000000	-0.000000
-2.754906	0.000000	5.978789	0.043994	-3.517152	-0.997080	0.000000	0.000000	-0.000000	-0.000000
-3.519583	0.000000	0.245295	4.044650	-0.000000	4.378512	0.000000	0.000000	-0.000000	-0.000000
-10.439005	3.834479	5.349468	3.908651	0.000402	0.008881	0.000000	0.000000	-0.000000	-0.000000
-9.905537	-3.708052	4.326885	-3.910315	-0.001923	-1.474135	0.000000	0.000000	-0.000000	-0.000000
-8.612379	-3.973411	2.930401	3.584978	-4.031217	0.436838	0.000000	0.000000	-0.000000	-0.000000
-7.285274	0.000000	8.080029	3.916825	-0.000308	2.125394	0.000000	0.000000	-0.000000	-0.000000
-6.492183	0.000000	7.637915	-4.059792	-0.000017	-0.050788	0.000000	0.000000	-0.000000	-0.000000
-3.613316	0.000000	7.234552	0.094942	-0.000315	-1.654244	0.000000	0.000000	-0.000000	-0.000000
-9.702318	0.000000	3.199926	0.377575	-0.000155	-5.813962	0.000000	0.000000	-0.000000	-0.000000
-10.917068	-3.985775	5.033614	3.833858	0.000011	-0.086475	0.000000	0.000000	-0.000000	-0.000000
-4.094002	0.000000	7.581193	0.053017	0.000136	-1.693991	0.000000	0.000000	-0.000000	-0.000000
-8.585013	0.000000	-0.101873	0.308110	-3.997980	-4.402981	0.000000	0.000000	-0.000000	-0.000000
-5.969162	-3.629407	-4.001492	-3.921569	-0.000000	-0.040997	0.000000	0.000000	-0.000000	-0.000000
-7.890008	3.808376	-1.215642	4.052616	3.793019	0.733176	0.000000	0.000000	-0.000000	-0.000000
-6.856005	-4.197663	-0.363030	-4.057142	3.994153	-0.160749	0.000000	0.000000	-0.000000	-0.000000
-7.749940	-4.042480	3.316602	3.483937	-4.116813	0.277775	0.000000	0.000000	-0.000000	-0.000000
-5.214780	-3.998913	-0.433160	0.084261	3.536748	-2.599886	0.000000	0.000000	-0.000000	-0.000000
-2.778793	0.000000	-0.113167	-4.428911	0.000179	0.685970	0.000000	0.000000	-0.000000	-0.000000
-10.659426	3.729357	-1.257482	-0.078140	3.871609	3.046482	0.000000	0.000000	-0.000000	-0.000000
-9.170481	3.717214	-3.384655	-0.029281	-0.000000	3.981849	-0.000000	0.000000	-0.000000	-0.000000
-8.148279	0.000000	-3.541470	0.711987	3.242022	-4.387307	0.000000	0.000000	-0.000000	-0.000000
-10.269396	-3.605898	3.306157	-3.697679	-0.000077	-2.044172	0.000000	0.000000	-0.000000	-0.000000
-7.894455	0.000000	-3.434628	0.055889	3.310641	-4.227775	0.000000	0.000000	-0.000000	-0.000000
-11.815575	0.000000	-3.589524	4.277798	3.661617	-0.033151	0.000000	0.000000	-0.000000	-0.000000
-11.327173	0.000000	-4.535505	3.705538	3.116314	-0.071156	2.843997	0.000000	0.000000	0.000000
-9.751982	0.000001	7.606756	-0.437487	0.003462	3.718814	0.000000	0.000000	-0.000000	-0.000000
-11.407244	0.000000	-3.751198	4.193865	3.489619	-0.188444	0.000000	0.000000	-0.000000	-0.000000
-9.960657	3.440748	2.744225	-0.029462	-3.662302	2.639304	0.000000	0.000000	-0.000000	-0.000000
-7.606333	0.000000	5.097680	-0.044529	-3.423287	4.511148	0.000000	0.000000	-0.000000	-0.000000
-11.019673	0.000000	-4.310803	3.818951	3.235559	0.340435	2.941039	0.000000	0.000000	0.000000
-16.125729	0.000000	1.843831	-0.005653	0.000023	-0.036751	0.000000	0.000000	-0.000000	-0.000000
-12.125436	0.000000	0.026343	4.246404	-4.048767	-0.014499	0.000000	0.000000	-0.000000	-0.000000
-7.722268	-3.789912	-1.994066	-4.032214	3.769762	-0.514041	0.000000	0.000000	-0.000000	-0.000000
-5.968091	0.000173	5.688328	3.719917	-3.703197	2.838503	0.000000	0.000000	-0.000000	-0.000000
-7.074348	3.682620	2.126102	-3.716462	-3.721009	-0.876020	0.000000	0.000000	-0.000000	-0.000000
-9.812712	0.000000	5.795166	-0.000093	0.000000	1.599844	0.000000	0.000000	0.000000	-0.000000
-10.545713	-3.852568	5.391691	3.782979	-0.000170	0.068465	0.000000	0.000000	-0.000000	-0.000000
-2.686728	0.000000	5.891990	0.105393	-3.587393	-1.250047	0.000000	0.000000	-0.000000	-0.000000
-5.501814	-3.680471	-3.909733	-3.761460	-0.000000	-0.081098	0.000000	0.000000	-0.000000	-0.000000
-5.808861	0.000000	-5.808686	0.510430	0.000000	-3.773712	0.000000	0.000000	-0.000000	-0.000000
-7.156327	-3.922633	-3.530672	4.084592	-0.000000	2.949565	0.000000	0.000000	-0.000000	-0.000000
-8.640945	-3.558884	-3.728010	-0.084878	0.000752	4.046518	0.000000	0.000000	-0.000000	-0.000000
-10.980282	0.000000	-5.981037	-0.006079	-0.000001	0.004917	1.431768	0.000000	-0.000000	-0.000000
-12.672662	0.000000	1.672776	-3.649786	0.000780	-3.873571	0.000000	0.000000	-0.000000	-0.000000
-3.794489	0.000000	0.489606	-4.322969	4.205939	0.158023	0.000000	0.000000	-0.000000	-0.000000
-5.088642	4.007862	-0.423835	0.122370	3.516281	-3.068767	0.000000	0.000000	-0.000000	-0.000000
-5.999561	0.000000	-2.045351	-0.033122	-0.000000	5.781274	0.000000	0.000000	-0.000000	-0.000000
-9.316096	3.713564	-3.438811	-0.035994	-0.000000	4.067595	0.000000	0.000000	-0.000000	-0.000000
-4.265344	0.000000	7.725563	0.098697	0.001880	-1.795760	0.000000	0.000000	-0.000000	-0.000000
-7.283100	3.851453	-4.158876	4.019194	-0.000000	1.817716	0.000000	0.000000	-0.000000	-0.000000
-8.665530	0.000000	-6.159045	-3.336476	0.000000	-1.981553	0.000000	0.000000	-0.000000	-0.000000
-8.155904	0.000024	-3.516529	0.036679	3.226835	-4.415294	0.000000	0.000000	-0.000000	-0.000000
-4.060717	-3.718183	-2.593258	1.527126	0.000000	-0.018705	0.000000	0.000000	-0.000000	-0.000000
-11.689724	0.000000	0.724276	3.976967	-4.102422	-0.008953	0.000000	0.000000	-0.000000	-0.000000
-12.754690	0.000000	1.608720	-3.679770	-0.000207	-3.852006	0.000000	0.000000	-0.000000	-0.000000
-5.338395	3.999644	-2.317859	4.028620	-0.000000	2.667063	0.000000	0.000000	-0.000000	-0.000000
-3.434649	-3.648628	-2.227573	0.434038	-0.000000	-0.823884	0.000000	0.000000	-0.000000	-0.000000
-1.118795	0.000000	0.873935	0.071599	4.280267	-0.215217	0.000000	0.000000	-0.000000	-0.000000
-11.741492	0.000000	-3.625102	4.230157	3.626075	-0.323150	0.000000	0.000000	-0.000000	-0.000000
-11.704902	0.000000	-3.638273	4.253924	3.615788	-0.037213	0.000000	0.000000	-0.000000	-0.000000
-6.992972	-3.381610	-2.958128	-0.530960	0.000717	1.803758	0.000000	0.000000	-0.000000	-0.000000
-10.851225	-3.487518	2.341148	-0.024053	-3.821012	2.965350	0.000000	0.000000	-0.000000	-0.000000
-7.029854	3.989367	-0.730414	-3.530421	3.458614	-1.197673	0.000000	0.000000	-0.000000	-0.000000
-8.041153	0.000001	-3.493905	0.502936	3.263966	-4.435205	0.000000	0.000000	-0.000000	-0.000000
-0.136675	0.000000	0.762797	0.037520	4.440380	-0.053221	0.000000	0.000000	-0.000000	-0.000000
-6.801923	-3.921863	-3.264320	3.978425	0.000000	2.929674	0.000000	0.000000	-0.000000	-0.000000
-3.996410	-3.521915	-2.678247	0.078933	0.000000	-1.008096	0.000000	0.000000	-0.000000	-0.000000
-8.755015	-3.760329	-0.189801	3.560519	3.618068	1.137908	0.000000	0.000000	-0.000000	-0.000000
-10.440409	0.000000	2.975983	0.261568	-0.000276	-5.576549	0.000000	0.000000	-0.000000	-0.000000
-6.548108	3.786929	4.987288	0.137568	0.000389	-3.786114	0.000000	0.000000	-0.000000	-0.000000
-9.037394	-3.803058	-0.452754	3.600403	3.644097	1.055187	0.000000	0.000000	-0.000000	-0.000000
-2.072385	0.000000	-0.741536	-3.926430	-0.000000	0.169853	0.000000	0.000000	-0.000000	-0.000000
-9.422311	3.751430	-3.082676	-0.062925	-0.000000	4.028221	0.000000	0.000000	-0.000000	-0.000000
-9.857378	3.526113	2.509870	-0.018958	-3.803938	2.127162	0.000000	0.000000	-0.000000	-0.000000
-12.249948	3.814226	4.066549	-0.232580	0.003519	2.567789	0.000000	0.000000	-0.000000	-0.000000
-9.423513	-3.715178	4.590073	-3.813051	0.001794	-1.545896	0.000000	0.000000	-0.000000	-0.000000
-13.892326	0.000000	0.180572	-0.009788	-3.901518	0.792377	0.000000	0.000000	-0.000000	-0.000000
-12.939732	-0.000000	0.948376	-3.767260	0.000022	-3.786134	0.000000	0.000000	-0.000000	-0.000000
-8.216343	3.972803	3.176285	4.063239	-3.970445	0.579871	0.000000	0.000000	-0.000000	-0.000000
-13.826020	0.000000	-4.480739	-0.015573	3.658524	1.292310	0.000000	0.000000	-0.000000	-0.000000
-9.945568	0.000000	7.577258	-0.440489	0.000478	3.683727	0.000000	0.000000	-0.000000	-0.000000
-10.105752	4.046345	-0.169850	-0.039882	0.000244	2.620718	0.000000	0.000000	-0.000000	-0.000000
-5.536731	-3.900964	-0.313456	0.016313	3.632869	-2.663555	0.000000	0.000000	-0.000000	-0.000000
-5.700555	0.000000	-1.515607	-0.061910	-0.000000	5.792631	0.000000	0.000000	-0.000000	-0.000000
-7.038050	-4.042131	-1.197004	-3.874324	3.880383	-0.526735	0.000000	0.000000	-0.000000	-0.000000
-13.635785	0.000044	-4.653758	-0.014547	4.201923	0.046661	-4.165286	0.000000	0.000000	0.000000
-11.774581	3.784004	3.752033	-0.226612	0.023343	0.679918	0.000000	0.000000	-0.000000	-0.000000
-12.223233	0.000000	-6.234608	-0.002117	-0.000000	1.941730	-0.500261	0.000000	-0.000000	-0.000000
-5.993961	3.738131	2.897274	0.212887	-3.708972	-3.107165	0.000000	0.000000	-0.000000	-0.000000
-2.524241	0.000000	1.280373	0.030164	4.211824	-0.717192	0.000000	0.000000	-0.000000	-0.000000
-11.032539	-3.512990	2.404913	-0.041963	-3.804594	2.972007	0.000000	0.000000	-0.000000	-0.000000
-6.022420	0.000000	7.143835	-4.045039	0.000407	0.050421	0.000000	0.000000	-0.000000	-0.000000
-7.670179	3.639336	2.231882	-3.681955	-3.458392	-1.166986	0.000000	0.000000	-0.000000	-0.000000
-7.472110	-3.864062	-1.877900	-4.022991	3.750740	-0.457436	0.000000	0.000000	-0.000000	-0.000000
-13.779144	0.000000	-4.527744	-0.020715	3.659448	1.436850	0.000000	0.000000	-0.000000	-0.000000
-10.833302	3.744335	2.453224	-0.116348	-3.454405	2.594661	0.000000	0.000000	-0.000000	-0.000000
-9.020442	3.683502	4.018377	-3.659199	0.004862	-2.363330	0.000000	0.000000	-0.000000	-0.000000
-8.565147	0.000000	-1.761948	0.463399	-3.517316	-4.184472	0.000000	0.000000	-0.000000	-0.000000
-13.622883	0.000000	2.824690	4.345686	-0.000089	-0.325082	0.000000	0.000000	-0.000000	-0.000000
-4.470938	0.000002	7.810308	0.101927	0.003121	-1.819397	0.000000	0.000000	-0.000000	-0.000000
-6.376646	0.000000	-5.692049	0.199138	0.000002	-3.612247	0.000000	0.000000	-0.000000	-0.000000
-7.618294	3.478112	2.083943	-3.624242	-3.657954	-0.724971	0.000000	0.000000	-0.000000	-0.000000
-3.515675	0.000000	-0.128713	4.069741	-0.000000	4.423682	0.000000	0.000000	-0.000000	-0.000000
-5.377988	0.000000	-1.242111	-0.030530	-0.000000	5.686173	0.000000	0.000000	-0.000000	-0.000000
-7.459777	0.000004	5.074517	-0.111587	-3.501305	4.461652	0.000000	0.000000	-0.000000	-0.000000
-6.063007	0.000000	-0.179113	-0.290625	0.000000	6.068344	0.000000	0.000000	-0.000000	-0.000000
-3.137266	0.000000	5.475283	-3.997135	-3.696748	0.279739	0.000000	0.000000	-0.000000	-0.000000
-7.967884	0.000001	-0.029721	-0.020982	4.332270	4.893106	0.000000	0.000000	-0.000000	-0.000000
-9.857164	0.000000	-5.696488	4.657953	-0.000000	0.466476	0.000000	0.000000	-0.000000	-0.000000
-6.846400	3.846631	4.847621	0.265096	-0.000630	-3.840830	0.000000	0.000000	-0.000000	-0.000000
-10.448568	-3.777208	-2.298099	-0.146730	3.958064	3.008407	0.000000	0.000000	-0.000000	-0.000000
-8.830688	-3.907188	3.197676	3.608208	-3.978636	1.164283	0.000000	0.000000	-0.000000	-0.000000
-2.671604	3.963950	-2.941059	0.073674	-0.000000	-1.967911	0.000000	0.000000	-0.000000	-0.000000
-4.032367	-3.583866	-1.784364	1.586470	0.000000	0.010176	0.000000	0.000000	-0.000000	-0.000000
-12.265103	4.001646	4.006499	-0.099397	0.002156	2.043810	0.000000	0.000000	-0.000000	-0.000000
-9.927030	0.000000	3.142677	0.603883	0.000019	-5.665352	0.000000	0.000000	-0.000000	-0.000000
-0.000000	0.000000	-0.146748	0.003349	-0.000000	0.170376	0.000000	0.000000	-0.000000	-0.000000
-12.849004	-3.986732	4.024976	-0.076148	-0.000660	1.996647	0.000000	0.000000	-0.000000	-0.000000
-7.746011	0.000000	-0.104758	-0.054573	4.345676	4.789449	0.000000	0.000000	-0.000000	-0.000000
-3.757396	0.000001	-0.116163	4.058932	-0.000000	4.355465	0.000000	0.000000	-0.000000	-0.000000
-5.396769	-3.921071	-0.190007	0.025199	3.642510	-2.600789	0.000000	0.000000	-0.000000	-0.000000
-3.380311	-3.765774	-2.571747	0.142017	0.000099	-1.683921	0.000000	0.000000	-0.000000	-0.000000
-8.266811	3.743620	-1.227188	4.004148	3.848662	1.404101	0.000000	0.000000	-0.000000	-0.000000
-8.275949	-3.463273	2.181926	-3.413199	-3.922638	-0.562052	0.000000	0.000000	-0.000000	-0.000000
-9.863181	0.000000	-5.729276	4.668898	0.000002	0.518785	0.000000	0.000000	-0.000000	-0.000000
-0.049832	0.000000	0.110997	0.142532	4.516113	-0.122227	0.000000	0.000000	-0.000000	-0.000000
-4.635679	0.000000	3.941055	-4.381932	3.104835	0.089635	0.000000	0.000000	-0.000000	-0.000000
-5.605371	-3.742017	-3.689641	-4.048274	-0.000000	0.245098	0.000000	0.000000	-0.000000	-0.000000
-7.093452	3.534613	-2.016377	4.194936	0.000001	1.940455	3.281002	0.000000	0.000000	0.000000
-10.380743	3.787690	-0.447087	-0.090191	3.781644	3.061439	0.000000	0.000000	-0.000000	-0.000000
-7.167090	3.998745	-0.623008	-3.635583	3.665593	0.066101	0.000000	0.000000	-0.000000	-0.000000
-15.483815	0.000000	0.724039	-0.047036	0.000705	0.185245	0.000000	0.000000	-0.000000	-0.000000
-7.394336	3.830726	4.708144	0.041099	0.003805	-3.870296	0.000000	0.000000	-0.000000	-0.000000
-2.158857	0.000000	-0.630123	-4.037300	-0.000000	0.254462	0.000000	0.000000	-0.000000	-0.000000
-5.024006	3.996212	-0.551803	0.226565	3.530431	-3.102386	0.000000	0.000000	-0.000000	-0.000000
-13.973596	0.000000	2.645859	4.447881	0.000071	-0.299784	0.000000	0.000000	-0.000000	-0.000000
-0.417330	4.387436	-1.449289	0.240301	-0.000000	-1.024797	0.000000	0.000000	-0.000000	-0.000000
-5.993836	-0.000000	-5.995979	0.182139	-0.000000	-3.593599	0.000000	0.000000	-0.000000	-0.000000
-7.014289	3.955629	-1.097862	-3.708618	3.582847	-0.830921	0.000000	0.000000	-0.000000	-0.000000
-12.717472	0.000000	1.538266	-3.643471	0.001291	-3.887707	0.000000	0.000000	-0.000000	-0.000000
-9.298760	-3.880331	-1.270974	3.568669	3.498969	1.407791	0.000000	0.000000	-0.000000	-0.000000
-7.336845	0.000000	8.065607	3.914560	0.000140	2.066877	0.000000	0.000000	-0.000000	-0.000000
-10.706820	3.702775	2.473755	-0.059256	-3.538009	2.587163	0.000000	0.000000	-0.000000	-0.000000
-15.722759	0.000000	1.337537	-0.071471	0.000239	-0.020549	0.000000	0.000000	-0.000000	-0.000000
-11.712492	0.000000	0.239798	3.995766	-4.064156	-0.583417	0.000000	0.000000	-0.000000	-0.000000
-8.387554	3.687577	-1.239372	3.999068	3.859491	1.434611	0.000000	0.000000	-0.000000	-0.000000
-5.960744	3.990622	-2.795449	4.022440	-0.000000	2.475846	0.000000	0.000000	-0.000000	-0.000000
-12.046901	0.000000	0.427291	4.138905	-4.116862	-0.196777	0.000000	0.000000	-0.000000	-0.000000
-3.352705	-3.855858	-2.677468	0.273832	-0.000000	-2.160859	0.000000	0.000000	-0.000000	-0.000000
-10.749482	0.000000	0.082257	0.230677	0.000084	-5.698185	0.000000	0.000000	-0.000000	-0.000000
-14.463850	0.000000	-0.146505	-0.056696	-4.317422	1.473545	0.000000	0.000000	-0.000000	-0.000000
-7.456147	0.000000	5.100591	-0.047803	-3.490343	4.472235	0.000000	0.000000	-0.000000	-0.000000
-6.654640	0.000000	2.043475	-0.205716	4.174160	4.345086	0.000000	0.000000	-0.000000	-0.000000
-10.750627	-3.950207	5.194258	3.818946	0.000003	0.010246	0.000000	0.000000	-0.000000	-0.000000
-13.684530	0.000000	-4.536293	-0.004378	3.636029	1.186078	-0.000000	0.000000	-0.000000	-0.000000
-8.257896	0.000000	-3.522698	0.196209	3.220099	-4.452968	0.000000	0.000000	-0.000000	-0.000000
-13.503071	0.000000	-0.147485	-0.003023	-4.120447	0.105352	0.000000	0.000000	-0.000000	-0.000000
-13.175632	0.000000	-2.342298	-0.000140	-0.000000	-0.020403	0.000000	0.000000	-0.000000	-0.000000
-4.783815	4.007707	-0.699830	0.245943	3.555039	-2.977125	0.000000	0.000000	-0.000000	-0.000000
-7.703598	0.000000	6.408175	-0.007361	0.015568	3.914461	0.000000	0.000000	-0.000000	-0.000000
-13.003036	0.000000	0.798094	-3.603221	0.000832	-3.919691	0.000000	0.000000	-0.000000	-0.000000
-5.479621	0.000000	2.018389	3.664588	3.738658	3.094101	0.000000	0.000000	-0.000000	-0.000000
-6.516460	0.000000	7.627931	-4.050472	0.004747	-0.019047	0.000000	0.000000	-0.000000	-0.000000
-7.795391	4.027168	3.057612	4.086246	-3.959863	0.106238	0.000000	0.000000	-0.000000	-0.000000
-14.401219	0.000000	-0.073688	-0.027430	-4.273560	1.403860	0.000000	0.000000	-0.000000	-0.000000
-7.376029	-3.787107	5.268903	0.024278	0.000018	-3.475026	0.000000	0.000000	-0.000000	-0.000000
-13.489835	0.000000	2.824579	4.316762	0.000021	-0.367394	0.000000	0.000000	-0.000000	-0.000000
-10.376789	0.000000	-4.348558	-3.449670	3.316450	-2.769445	0.000000	0.000000	-0.000000	-0.000000
-8.142110	4.157055	-3.519204	-0.159086	-0.000000	3.726880	3.262633	0.000000	0.000000	0.000000
-12.724625	0.000000	0.006181	-0.019612	0.062785	0.946007	0.000000	0.000000	-0.000000	-0.000000
-3.201030	-3.657154	-2.475060	0.398898	0.000000	-1.310506	0.000000	0.000000	-0.000000	-0.000000
-12.394441	0.000000	1.967585	-3.769745	-0.000194	-3.635191	0.000000	0.000000	-0.000000	-0.000000
-10.917855	0.000000	-0.329986	-3.294228	-4.112277	-2.658183	0.000000	0.000000	-0.000000	-0.000000
-10.033529	0.000000	-5.585598	4.517001	0.000000	0.468187	0.000000	0.000000	-0.000000	-0.000000
-7.070362	-3.228799	0.099551	-0.530788	-2.927661	1.442337	0.000000	0.000000	-0.000000	-0.000000
-6.244118	0.000000	7.410635	-4.032964	0.001789	0.016196	0.000000	0.000000	-0.000000	-0.000000
-7.680509	4.091716	3.248221	4.145009	-4.030591	0.501580	0.000000	0.000000	-0.000000	-0.000000
-10.634802	0.000000	-4.381874	-3.574168	3.355150	-2.678380	0.000000	0.000000	-0.000000	-0.000000
-11.563169	0.000000	-3.694742	4.227017	3.561394	-0.053080	0.000000	0.000000	-0.000000	-0.000000
-5.454098	-3.701929	-3.836576	-3.763222	0.000000	-0.057099	0.000000	0.000000	-0.000000	-0.000000
-5.575773	3.762262	2.900323	0.319705	-3.844033	-3.035677	0.000000	0.000000	-0.000000	-0.000000
-13.866556	0.000000	2.443813	4.324434	0.000100	-0.611865	0.000000	0.000000	-0.000000	-0.000000
-9.827286	-0.000000	-5.573284	4.619711	0.000000	0.280721	0.000000	0.000000	-0.000000	-0.000000
-11.628819	0.000000	-3.669522	4.239902	3.586254	-0.041870	0.000000	0.000000	-0.000000	-0.000000
-11.407352	-2.919411	5.339938	-0.146583	0.000439	3.199248	0.000000	0.000000	-0.000000	-0.000000
-6.216206	0.000000	-5.730321	0.271187	0.000000	-3.673544	0.000000	0.000000	-0.000000	-0.000000
-6.900549	3.989419	-1.098441	-3.739475	3.610078	-0.733225	0.000000	0.000000	-0.000000	-0.000000
-6.350117	0.000000	7.557652	-4.036511	0.000107	-0.049295	0.000000	0.000000	-0.000000	-0.000000
-9.065606	-3.554394	5.120180	-3.907346	-0.004850	-1.180864	0.000000	0.000000	-0.000000	-0.000000
-3.939435	0.000000	7.472056	0.118924	-0.001470	-1.723876	0.000000	0.000000	-0.000000	-0.000000
-8.440770	-3.528028	-3.902708	-0.106760	0.000000	4.112805	0.000000	0.000000	-0.000000	-0.000000
-5.362866	-3.942905	-0.281177	0.213396	3.630850	-2.666038	0.000000	0.000000	-0.000000	-0.000000
-8.156099	-3.508613	-3.807576	-0.057821	-0.000000	4.192122	0.000000	0.000000	-0.000000	-0.000000
-7.724827	0.000000	8.023104	3.924048	0.001605	1.985101	0.000000	0.000000	-0.000000	-0.000000
-7.390176	0.000015	8.053586	3.916895	-0.002507	2.054488	0.000000	0.000000	-0.000000	-0.000000
-0.000000	0.000000	-0.040337	0.006027	0.000000	-0.176771	0.000000	0.000000	-0.000000	-0.000000
-9.604757	0.000000	-2.551386	-3.277636	-3.553536	-2.212086	0.000000	0.000000	-0.000000	-0.000000
-10.615618	3.702064	2.214772	-0.064836	-3.702294	2.599985	0.000000	0.000000	-0.000000	-0.000000
-15.899736	0.000000	1.857355	-0.003243	-0.000080	-0.086732	0.000000	0.000000	-0.000000	-0.000000
-8.097256	0.000000	-0.063203	-0.093500	4.353973	5.032833	0.000000	0.000000	-0.000000	-0.000000
-7.999206	3.657453	-1.012889	4.024035	3.895077	1.350928	0.000000	0.000000	-0.000000	-0.000000
-8.214940	-4.010839	3.261093	3.538345	-4.044731	0.522496	0.000000	0.000000	-0.000000	-0.000000
-14.297798	0.000000	2.190128	4.369961	0.000070	-0.768595	0.000000	0.000000	-0.000000	-0.000000
-7.948393	3.662143	0.102001	4.182642	3.833899	0.616429	0.000000	0.000000	-0.000000	-0.000000
-8.367739	0.000000	-3.563473	0.520996	3.196968	-4.390515	0.000000	0.000000	-0.000000	-0.000000
-12.164690	0.000000	1.908221	-3.740100	-0.000040	-3.648808	0.000000	0.000000	-0.000000	-0.000000
-7.062502	3.852056	-1.405947	-3.492271	3.559906	-1.145246	0.000000	0.000000	-0.000000	-0.000000
-5.970408	0.000000	-5.671504	0.535560	0.000002	-3.827344	0.000000	0.000000	-0.000000	-0.000000
-12.999254	0.000000	0.944050	-3.630459	0.000188	-3.900773	0.000000	0.000000	-0.000000	-0.000000
-3.973617	-5.592341	-2.685457	-3.706584	-0.000000	0.066818	0.000000	0.000000	-0.000000	-0.000000
-2.539670	0.000000	-0.870645	-4.112352	-0.000000	0.350705	0.000000	0.000000	-0.000000	-0.000000
-13.898023	0.000000	-4.460200	-0.069259	3.673908	1.409473	0.000000	0.000000	-0.000000	-0.000000
-2.215589	0.000000	0.055165	0.050393	4.140380	-0.583398	0.000000	0.000000	-0.000000	-0.000000
-13.545387	0.000000	-4.610826	-0.018473	3.531952	0.628693	-0.000000	0.000000	-0.000000	-0.000000
-10.361078	3.876699	5.354776	3.897983	-0.000039	-0.006125	0.000000	0.000000	-0.000000	-0.000000
-8.817583	-3.867277	-1.262015	3.641903	3.437730	0.859635	0.000000	0.000000	-0.000000	-0.000000
-5.364873	0.000000	-1.455047	-0.015868	-0.000000	5.626417	0.000000	0.000000	-0.000000	-0.000000
-7.947032	0.000000	-3.461198	0.085700	3.292575	-4.294748	0.000000	0.000000	-0.000000	-0.000000
-8.847509	-3.578081	-3.969890	-0.139349	0.000003	3.976481	0.000000	0.000000	-0.000000	-0.000000
-3.341628	0.000013	5.274138	0.066051	-3.735807	-2.203488	0.000000	0.000000	-0.000000	-0.000000
-4.898264	3.956078	-0.743992	0.516552	3.581609	-3.118695	0.000000	0.000000	-0.000000	-0.000000
-11.004348	-3.506101	2.483751	-0.061727	-3.774899	3.003360	0.000000	0.000000	-0.000000	-0.000000
-3.137989	-3.722772	-2.419483	0.287071	0.000000	-1.518357	0.000000	0.000000	-0.000000	-0.000000
-7.534150	0.000000	8.042378	3.920157	0.000105	2.047320	0.000000	0.000000	-0.000000	-0.000000
-13.548372	0.000000	-4.612281	-0.012594	3.535260	0.650599	0.000016	0.000000	-0.000000	-0.000000
-9.048581	3.694926	-3.398609	-0.015931	-0.000000	3.828091	0.000000	0.000000	-0.000000	-0.000000
-5.751123	0.000002	5.661164	3.821322	-3.714036	2.757599	0.000000	0.000000	-0.000000	-0.000000
-6.067184	0.000000	-5.795118	0.319589	0.000000	-3.682491	0.000000	0.000000	-0.000000	-0.000000
-2.683412	-3.880170	-2.455792	0.070749	-0.000000	-1.656559	0.000000	0.000000	-0.000000	-0.000000
-5.400281	-3.778426	-3.701283	-3.912870	0.000000	0.115778	0.000000	0.000000	-0.000000	-0.000000
-11.946736	0.001646	-6.022760	-0.069935	-0.000000	2.166101	-1.044300	0.000000	-0.000000	-0.000000
-1.682921	0.000000	-0.932863	-3.811046	-0.000000	0.056648	0.000000	0.000000	-0.000000	-0.000000
-8.721998	-3.439179	5.344403	-3.879025	-0.000467	-1.245346	0.000000	0.000000	-0.000000	-0.000000
-6.449669	-3.616146	5.562596	0.020818	-0.000000	-3.192158	0.000000	0.000000	-0.000000	-0.000000
-14.289447	0.000000	-0.187949	-0.027283	-4.299845	1.127800	0.000000	0.000000	-0.000000	-0.000000
-7.091616	3.729361	2.221185	-3.706996	-3.650568	-1.055270	0.000000	0.000000	-0.000000	-0.000000
-14.074166	0.000002	-4.350393	-0.023825	3.693882	1.358050	-0.000000	0.000000	-0.000000	-0.000000
-8.637445	-3.753870	-0.371227	3.467609	3.474437	1.432235	0.000000	0.000000	-0.000000	-0.000000
-8.268870	0.000000	-6.598635	-3.323194	-0.000000	-1.890504	0.000000	0.000000	-0.000000	-0.000000
-0.840573	0.000000	0.602284	4.232949	0.000000	3.787895	0.000000	0.000000	-0.000000	-0.000000
-5.299412	-3.772061	-3.677016	-3.929512	-0.000000	0.183358	0.000000	0.000000	-0.000000	-0.000000
-14.404197	0.000000	-0.118031	-0.009956	-4.191411	1.012397	0.000000	0.000000	-0.000000	-0.000000
-6.500589	0.000000	1.702773	-0.400930	4.271482	4.294826	0.000000	0.000000	-0.000000	-0.000000
-10.632468	3.787427	-1.402608	-0.078326	3.850926	3.061713	0.000000	0.000000	-0.000000	-0.000000
-10.232430	3.843654	-1.499826	-0.005011	3.825285	3.092638	0.000000	0.000000	-0.000000	-0.000000
-4.162249	0.000002	-0.235312	4.104440	-0.000000	3.739583	0.000000	0.000000	-0.000000	-0.000000
-11.134310	-3.709401	-2.642048	-0.027830	4.049247	2.991317	0.000000	0.000000	-0.000000	-0.000000
-10.416825	3.837949	5.382665	3.904299	0.000073	0.034422	0.000000	0.000000	-0.000000	-0.000000
-7.293510	3.833467	4.732574	0.079718	0.000714	-3.865913	0.000000	0.000000	-0.000000	-0.000000
-0.000000	0.000000	0.509149	0.064459	0.002794	-0.169039	0.000000	0.000000	-0.000000	-0.000000
-12.782930	0.000000	-6.825503	-0.028050	-0.000000	2.951704	1.178009	0.000000	-0.000000	-0.000000
-5.216390	-3.800929	3.313603	0.387294	-4.376899	-2.469344	0.000000	0.000000	-0.000000	-0.000000
-9.855136	0.000000	-5.682678	4.650041	-0.000000	0.443463	0.000000	0.000000	-0.000000	-0.000000
-2.056590	0.000000	-0.306365	-3.931621	-0.000000	0.128256	0.000000	0.000000	-0.000000	-0.000000
-13.096348	4.105484	4.032603	-0.073107	-0.000001	1.904071	0.000000	0.000000	-0.000000	-0.000000
-10.281592	-3.816871	-1.678353	-0.055810	3.948053	2.816862	0.000000	0.000000	-0.000000	-0.000000
-3.536687	-3.888280	-2.830652	0.214365	-0.000000	-2.343026	0.000000	0.000000	-0.000000	-0.000000
-12.859167	4.200863	3.974110	-0.029232	0.001244	1.884654	0.000000	0.000000	-0.000000	-0.000000
-8.080002	0.000000	-3.503085	0.084810	3.256559	-4.387941	0.000000	0.000000	-0.000000	-0.000000
-8.749539	0.000000	-6.032480	-3.324194	0.000029	-2.021601	0.000000	0.000000	-0.000000	-0.000000
-12.642923	0.000000	1.616291	-3.590894	0.000833	-3.935852	0.000000	0.000000	-0.000000	-0.000000
-11.736061	0.000584	-6.092679	-0.010009	0.000000	2.299806	-1.064358	0.000000	-0.000000	-0.000000
-8.860825	-3.916706	3.307385	3.601820	-3.964520	1.289111	0.000000	0.000000	-0.000000	-0.000000
-5.195908	-3.935813	-0.184645	0.161584	3.548817	-2.388106	0.000000	0.000000	-0.000000	-0.000000
-4.512785	0.000000	1.193016	3.973799	0.000258	3.758564	0.000000	0.000000	-0.000000	-0.000000
-8.852229	4.326439	-3.841700	-0.030265	-0.000000	3.720169	3.088485	0.000000	0.000000	0.000000
-8.742828	0.000000	0.595570	0.186756	-3.946761	-4.399571	0.000000	0.000000	-0.000000	-0.000000
-0.013645	0.000000	5.733128	0.028133	-3.476503	-0.247303	0.000000	0.000000	-0.000000	-0.000000
-6.323471	-0.000000	0.024977	3.093463	4.009571	2.398932	0.000000	0.000000	-0.000000	-0.000000
-13.667189	0.000000	-4.578190	-0.026700	3.639937	1.307946	-0.000000	0.000000	-0.000000	-0.000000
-5.224676	3.832817	2.818413	-0.022742	-3.914287	-2.815132	0.000000	0.000000	-0.000000	-0.000000
-8.217084	3.999367	3.212173	4.054123	-4.042773	0.901055	0.000000	0.000000	-0.000000	-0.000000
-5.541839	0.000000	-0.506773	-0.184191	0.000000	5.849523	0.000000	0.000000	-0.000000	-0.000000
-6.347846	0.000000	-5.678472	0.227711	0.000028	-3.639429	0.000000	0.000000	-0.000000	-0.000000
-11.526849	0.000000	-3.707960	4.208779	3.545910	-0.162362	0.000000	0.000000	-0.000000	-0.000000
-1.917587	0.000000	5.439539	-2.713508	-3.534629	-0.009882	0.000000	0.000000	-0.000000	-0.000000
-0.248458	0.000000	1.234885	0.091410	4.362956	-0.081917	0.000000	0.000000	-0.000000	-0.000000
-10.478415	3.654268	2.514822	-0.025539	-3.613292	2.630735	0.000000	0.000000	-0.000000	-0.000000
-6.741656	-3.582011	2.980546	1.532393	-3.928007	0.012426	0.000000	0.000000	-0.000000	-0.000000
-10.792936	3.801725	2.285968	-0.361451	-3.401281	2.410048	0.000000	0.000000	-0.000000	-0.000000
-10.592402	3.801531	-1.658296	-0.013509	3.837660	3.056709	0.000000	0.000000	-0.000000	-0.000000
-8.786295	-3.563079	-3.965608	-0.132100	-0.000000	4.002373	0.000000	0.000000	-0.000000	-0.000000
-14.719986	0.000000	0.121375	-0.043895	-3.930543	1.074754	0.000000	0.000000	-0.000000	-0.000000
-2.728554	0.000015	0.080123	0.054796	4.099810	-0.775568	0.000000	0.000000	-0.000000	-0.000000
-7.252237	-3.632252	2.302204	-3.189702	-3.927229	-0.613199	0.000000	0.000000	-0.000000	-0.000000
-8.606556	0.000000	-6.337801	-3.672459	-0.000000	-1.468972	0.000000	0.000000	-0.000000	-0.000000
-10.825066	-3.975024	5.092644	3.813036	-0.000002	-0.125541	0.000000	0.000000	-0.000000	-0.000000
-11.970267	0.000000	0.349003	-3.266854	-3.330728	-3.236745	0.000000	0.000000	-0.000000	-0.000000
-6.585075	4.074535	-1.134345	-3.628070	3.622953	-0.820547	0.000000	0.000000	-0.000000	-0.000000
-13.352297	0.000000	3.107500	4.377948	-0.000002	-0.079709	0.000000	0.000000	-0.000000	-0.000000
-7.422542	-3.914893	-3.707461	4.150521	-0.000000	2.857498	0.000000	0.000000	-0.000000	-0.000000
-3.548579	-3.694097	-2.561631	0.147272	0.000000	-0.332702	0.000000	0.000000	-0.000000	-0.000000
-4.741769	0.000000	5.155585	-4.094114	0.836486	0.066523	0.000000	0.000000	-0.000000	-0.000000
-5.536835	-3.763568	3.168849	0.179956	-4.345557	-2.537777	0.000000	0.000000	-0.000000	-0.000000
-3.921396	0.000009	0.225040	-4.315493	4.160488	0.054130	0.000000	0.000000	-0.000000	-0.000000
-6.013021	3.726526	2.924381	0.092823	-3.668753	-3.084632	0.000000	0.000000	-0.000000	-0.000000
-12.065522	3.831637	4.122568	-0.029336	-0.000112	2.453269	0.000000	0.000000	-0.000000	-0.000000
-13.026512	4.180450	3.983495	-0.004471	0.000044	1.716967	0.000000	0.000000	-0.000000	-0.000000
-9.191016	3.683776	3.967290	-3.780442	0.004405	-2.330942	0.000000	0.000000	-0.000000	-0.000000
-11.023305	-3.746268	-2.590991	-0.064224	4.042260	2.999851	0.000000	0.000000	-0.000000	-0.000000
-5.158687	3.832104	-3.465143	-3.686218	0.000000	-0.236091	0.000000	0.000000	-0.000000	-0.000000
-0.000000	0.000000	-0.168424	0.050317	0.000015	-0.130555	-0.000000	0.000000	-0.000000	-0.000000
-13.661804	0.000000	2.699637	4.308793	-0.000050	-0.512132	0.000000	0.000000	-0.000000	-0.000000
-8.088790	-3.479892	2.442380	-3.322519	-3.832360	-0.649927	0.000000	0.000000	-0.000000	-0.000000
-5.030970	0.000000	-0.000000	3.121685	-0.000000	2.910978	0.000000	0.000000	0.000000	-0.000000
-5.583466	0.000000	-6.197239	0.268335	0.000000	-3.569309	0.000000	0.000000	-0.000000	-0.000000
-13.998037	0.000000	2.483728	4.410437	0.000009	-0.432279	0.000000	0.000000	-0.000000	-0.000000
-10.394469	0.000000	-4.348102	-3.442830	3.314483	-2.777525	0.000000	0.000000	-0.000000	-0.000000
-8.442322	-3.384488	2.224318	-3.186114	-3.961465	-0.203552	0.000000	0.000000	-0.000000	-0.000000
-10.630628	-3.768390	-2.249617	-0.029899	3.992356	2.950934	0.000000	0.000000	-0.000000	-0.000000
-10.591292	3.813572	-1.342512	-0.016658	3.848733	3.023422	0.000000	0.000000	-0.000000	-0.000000
-10.643567	-3.781057	-2.177650	-0.067019	4.009410	2.953806	0.000000	0.000000	-0.000000	-0.000000
-12.954857	-3.999763	3.984659	-0.164441	0.000096	1.988639	0.000000	0.000000	-0.000000	-0.000000
-10.651365	0.000000	0.013479	-3.328913	-4.034065	-2.567080	0.000000	0.000000	-0.000000	-0.000000
-10.370527	3.818183	5.403840	3.902464	0.001073	0.028089	0.000000	0.000000	-0.000000	-0.000000
-10.039345	0.000000	-5.553447	4.520889	0.000000	0.427550	0.000000	0.000000	-0.000000	-0.000000
-7.918989	-3.732498	-2.031600	-3.963242	3.851252	-0.999487	0.000000	0.000000	-0.000000	-0.000000
-5.204345	-3.925434	-0.298356	0.156085	3.592824	-2.631248	0.000000	0.000000	-0.000000	-0.000000
-5.659665	0.000000	1.719753	3.676642	3.766094	3.024379	0.000000	0.000000	-0.000000	-0.000000
-7.426507	0.000000	5.078596	-0.095800	-3.507070	4.455284	0.000000	0.000000	-0.000000	-0.000000
-8.968960	3.708577	-3.336655	-0.024217	0.000000	3.768163	0.000000	0.000000	-0.000000	-0.000000
-3.934461	0.000000	0.105921	-4.346336	4.135976	0.081899	0.000000	0.000000	-0.000000	-0.000000
-7.228049	3.701840	2.198027	-3.707302	-3.649016	-0.931374	0.000000	0.000000	-0.000000	-0.000000
-9.869865	0.000030	-0.082728	-3.458544	-4.237720	-1.980782	0.000000	0.000000	-0.000000	-0.000000
-4.256618	0.000000	5.411997	-4.041214	-3.629673	0.191223	0.000000	0.000000	-0.000000	-0.000000
-5.745766	-0.000004	5.661937	3.828796	-3.706537	2.724376	0.000000	0.000000	-0.000000	-0.000000
-11.825019	0.000000	0.536371	4.054295	-4.120319	-0.048319	0.000000	0.000000	-0.000000	-0.000000
-7.362739	3.550602	1.979286	-3.689588	-3.729832	-0.773047	0.000000	0.000000	-0.000000	-0.000000
-6.787117	0.000000	5.615970	-2.355764	0.040063	2.340652	0.000000	0.000000	-0.000000	-0.000000
-3.547766	0.000000	-0.082358	-3.887558	-0.000028	0.131772	0.000000	0.000000	-0.000000	-0.000000
-5.342573	-3.811389	3.303592	0.077365	-4.362164	-2.400460	0.000000	0.000000	-0.000000	-0.000000
-11.034593	-3.550666	1.807920	-0.061793	-3.891515	2.870670	0.000000	0.000000	-0.000000	-0.000000
-4.962628	3.644567	-0.466891	3.596274	-0.000000	3.004310	0.000000	0.000000	-0.000000	-0.000000
-6.136828	0.000163	5.718340	3.634048	-3.674724	2.906788	0.000000	0.000000	-0.000000	-0.000000
-8.227196	-4.015349	3.676047	3.516171	-3.960475	1.165472	0.000000	0.000000	-0.000000	-0.000000
-2.643852	0.000000	5.771423	0.068403	-3.666844	-1.504817	0.000000	0.000000	-0.000000	-0.000000
-4.028725	0.000000	0.086508	-4.443378	4.144456	0.151875	0.000000	0.000000	-0.000000	-0.000000
-6.321992	-3.594472	-2.783979	3.288746	-0.000000	1.314587	0.000000	0.000000	-0.000000	-0.000000
-5.987576	-4.010334	-3.008666	4.191548	-0.000000	3.390698	0.000000	0.000000	-0.000000	-0.000000
-8.351670	0.000099	-6.606661	-3.699961	0.000000	-1.372279	0.000000	0.000000	-0.000000	-0.000000
-4.355048	4.092181	-0.508669	0.091689	3.582126	-2.799953	0.000000	0.000000	-0.000000	-0.000000
-3.903816	0.000000	-0.036412	-4.259472	4.102285	0.015115	0.000000	0.000000	-0.000000	-0.000000
-0.062849	0.000000	0.772196	0.122781	4.447022	-0.064631	0.000000	0.000000	-0.000000	-0.000000
-1.804081	0.000000	1.423118	-0.014956	4.287895	-0.127369	0.000000	0.000000	-0.000000	-0.000000
-6.514698	3.811793	4.931394	0.393662	-0.007751	-3.832129	0.000000	0.000000	-0.000000	-0.000000
-10.200029	0.000000	3.128005	0.924530	0.000044	-5.408138	0.000000	0.000000	-0.000000	-0.000000
-2.433458	0.000000	5.827713	0.085639	-3.694083	-1.547552	0.000000	0.000000	-0.000000	-0.000000
-4.483192	4.058540	-0.509585	0.172971	3.569330	-2.925416	0.000000	0.000000	-0.000000	-0.000000
-6.965130	3.945270	-1.308912	-3.546566	3.571669	-1.063082	0.000000	0.000000	-0.000000	-0.000000
-7.768938	-3.535382	2.117205	-3.181849	-3.933041	-0.906428	0.000000	0.000000	-0.000000	-0.000000
-9.812097	0.000000	-5.467789	4.610178	-0.000000	0.113680	0.000000	0.000000	-0.000000	-0.000000
-7.037059	3.858159	-1.398321	-3.522500	3.559656	-1.125937	0.000000	0.000000	-0.000000	-0.000000
-5.929832	3.993423	-2.844432	4.024114	0.000000	2.479114	0.000000	0.000000	-0.000000	-0.000000
-7.674520	3.622612	2.158474	-3.655618	-3.559344	-0.882699	0.000000	0.000000	-0.000000	-0.000000
-10.986633	0.000000	0.609589	-3.246488	-3.572241	-2.920667	0.000000	0.000000	-0.000000	-0.000000
-10.279934	0.000000	-4.073021	-3.426191	3.388780	-2.862343	0.000000	0.000000	-0.000000	-0.000000
-7.866267	3.673212	-0.339333	4.159256	3.941082	0.880363	0.000000	0.000000	-0.000000	-0.000000
-13.529642	0.000000	2.742535	4.412841	0.000028	-0.105075	0.000000	0.000000	-0.000000	-0.000000
-11.509028	0.000000	-3.554274	4.218383	3.588253	-0.055867	0.000000	0.000000	-0.000000	-0.000000
-10.025021	0.000000	-5.674221	4.613085	0.000001	0.575943	0.000000	0.000000	-0.000000	-0.000000
-9.007717	0.000000	1.075919	0.276825	-3.813837	-4.487230	0.000000	0.000000	-0.000000	-0.000000
-7.976077	4.085963	3.141800	4.122778	-3.987793	0.431567	0.000000	0.000000	-0.000000	-0.000000
-9.953334	0.000000	-5.739476	4.652989	0.000000	0.635493	0.000000	0.000000	-0.000000	-0.000000
-7.612671	0.000015	5.105429	-0.035351	-3.413588	4.511741	0.000000	0.000000	-0.000000	-0.000000
-7.398415	0.000000	-0.042869	-0.070593	4.303835	4.500062	0.000000	0.000000	-0.000000	-0.000000
-5.929074	3.627068	-4.115699	-3.696029	0.000000	-0.223782	0.000000	0.000000	-0.000000	-0.000000
-6.980111	-4.102704	-0.933926	-3.909083	3.911251	-0.452412	0.000000	0.000000	-0.000000	-0.000000
-10.798402	3.877213	1.597962	-0.210796	-3.661899	2.343541	0.000000	0.000000	-0.000000	-0.000000
-5.308602	0.000000	5.697732	4.026124	-3.675205	2.433271	0.000000	0.000000	-0.000000	-0.000000
-4.350613	0.000005	-0.156629	3.900931	0.000006	3.766809	0.000000	0.000000	-0.000000	-0.000000
-0.000000	0.000000	-0.075362	-0.004452	-0.000000	0.019517	0.000000	0.000000	-0.000000	-0.000000
-13.656979	0.000000	-4.534747	-0.025303	3.542782	0.379681	0.000051	0.000000	-0.000000	-0.000000
-7.891388	0.000000	-3.409821	0.256922	3.305183	-4.372171	0.000000	0.000000	-0.000000	-0.000000
-5.315565	3.956049	-0.722257	0.398827	3.523161	-3.129684	0.000000	0.000000	-0.000000	-0.000000
-9.957706	-3.728703	-0.328770	-0.149779	3.885292	2.790520	0.000000	0.000000	-0.000000	-0.000000
-9.612572	3.753396	-3.550864	-0.022936	0.000000	4.116961	0.000000	0.000000	-0.000000	-0.000000
-11.220972	-3.560345	2.193754	-0.035065	-3.837781	2.895534	0.000000	0.000000	-0.000000	-0.000000
-6.395239	0.000000	7.489943	-4.007226	0.001150	0.076888	0.000000	0.000000	-0.000000	-0.000000
-5.336365	0.000000	-0.243709	-0.005558	-0.000000	5.781825	0.000000	0.000000	-0.000000	-0.000000
-6.081723	3.735100	2.870456	0.181760	-3.686466	-3.120080	0.000000	0.000000	-0.000000	-0.000000
-5.006786	3.932282	-3.235810	-3.725401	0.000000	-0.114077	0.000000	0.000000	-0.000000	-0.000000
-6.435164	0.000000	5.802824	3.558086	-3.595320	3.006699	0.000000	0.000000	-0.000000	-0.000000
-9.809761	-3.721642	4.360206	-3.887647	0.000093	-1.504718	0.000000	0.000000	-0.000000	-0.000000
-10.268533	3.780322	5.469499	3.893054	0.000161	0.037427	0.000000	0.000000	-0.000000	-0.000000
-10.289556	3.888968	4.875842	4.013615	0.000216	-0.628176	0.000000	0.000000	-0.000000	-0.000000
-10.000529	0.000022	2.834952	0.553712	-0.002573	-5.738300	0.000000	0.000000	-0.000000	-0.000000
-8.713547	0.000000	0.008855	0.201969	-3.985685	-4.385339	0.000000	0.000000	-0.000000	-0.000000
-7.902007	0.000008	7.400011	3.889651	-0.000016	0.559932	0.000000	0.000000	-0.000000	-0.000000
-9.719768	0.000001	7.551490	-0.148940	0.018583	3.436527	0.000000	0.000000	-0.000000	-0.000000
-5.329550	0.000000	2.250475	3.634442	3.726772	3.187236	0.000000	0.000000	-0.000000	-0.000000
-6.933804	3.828897	4.842841	0.174424	0.000045	-3.848199	0.000000	0.000000	-0.000000	-0.000000
-4.549004	0.000000	5.398758	-4.044081	-3.562627	0.128948	0.000000	0.000000	-0.000000	-0.000000
-13.198092	0.000000	-0.126427	-0.117477	-4.138391	0.057239	0.000000	0.000000	-0.000000	-0.000000
-12.321969	0.000000	1.858038	-3.507900	-0.000225	-3.985310	0.000000	0.000000	-0.000000	-0.000000
-5.732047	3.838347	-1.780020	3.949040	0.000000	2.614561	0.000000	0.000000	-0.000000	-0.000000
-4.962032	3.996149	-0.704822	0.063775	3.531602	-3.010272	0.000000	0.000000	-0.000000	-0.000000
-12.316119	-3.742533	4.443384	-0.092392	0.001985	2.259662	0.000000	0.000000	-0.000000	-0.000000
-13.979090	0.000000	-4.385207	-0.016208	3.640358	0.858572	0.000000	0.000000	-0.000000	-0.000000
-14.435771	0.000000	2.028414	4.402851	-0.000276	-0.762121	0.000000	0.000000	-0.000000	-0.000000
-4.769808	0.000000	1.632864	3.551110	3.766881	3.362689	0.000000	0.000000	-0.000000	-0.000000
-12.880924	0.000000	-0.122844	-3.540343	0.000991	-3.934731	0.000000	0.000000	-0.000000	-0.000000
-4.863605	0.000000	1.920435	-4.626542	3.949604	0.125932	0.000000	0.000000	-0.000000	-0.000000
-8.937587	3.761141	3.964906	-4.034080	0.001389	-1.880352	0.000000	0.000000	-0.000000	-0.000000
-8.998253	-3.891507	3.189706	3.613167	-3.974420	1.188249	0.000000	0.000000	-0.000000	-0.000000
-6.202085	-3.751283	2.576183	0.352387	-4.300086	-2.626236	0.000000	0.000000	-0.000000	-0.000000
-5.515206	3.467256	-3.263798	2.343592	0.000000	0.102722	0.000000	0.000000	-0.000000	-0.000000
-11.043400	-3.517751	2.387664	-0.047716	-3.810701	2.940764	0.000000	0.000000	-0.000000	-0.000000
-15.813059	0.000000	1.903730	-0.013633	0.000025	-0.012819	0.000000	0.000000	-0.000000	-0.000000
-13.280068	-4.041336	3.813545	-0.095256	0.000066	1.777455	0.000000	0.000000	-0.000000	-0.000000
-0.824691	0.000000	0.224928	0.031051	4.367215	-0.241704	0.000000	0.000000	-0.000000	-0.000000
-5.863994	0.000003	5.673794	3.769948	-3.712273	2.800352	0.000000	0.000000	-0.000000	-0.000000
-10.421273	0.000018	-4.349187	-3.459293	3.320097	-2.767926	0.000000	0.000000	-0.000000	-0.000000
-12.076408	3.794509	4.094618	-0.021640	0.007556	2.340242	0.000000	0.000000	-0.000000	-0.000000
-12.370661	0.000000	-6.249668	-0.080697	-0.000000	2.918869	0.545305	0.000000	-0.000000	-0.000000
-5.374985	3.727969	-3.731831	-3.629186	0.000000	-0.350305	0.000000	0.000000	-0.000000	-0.000000
-6.415838	4.213608	-0.864707	-3.741412	3.644105	-0.626387	0.000000	0.000000	-0.000000	-0.000000
-10.470040	0.000000	-4.346441	-3.499378	3.333317	-2.749659	0.000000	0.000000	-0.000000	-0.000000
-6.945495	-3.628360	-2.900225	3.408117	0.000000	1.471764	0.000000	0.000000	-0.000000	-0.000000
-9.013045	0.000000	1.261369	0.284225	-3.749126	-4.537094	0.000000	0.000000	-0.000000	-0.000000
-1.504923	0.000000	6.323424	0.187071	-3.668924	-1.096803	0.000000	0.000000	-0.000000	-0.000000
-5.315421	-3.807281	3.304766	0.254262	-4.369100	-2.458457	0.000000	0.000000	-0.000000	-0.000000
-9.446314	-3.850339	-1.456811	3.610237	3.530606	1.237633	0.000000	0.000000	-0.000000	-0.000000
-4.002821	0.000000	0.179796	-4.438666	4.165308	0.182311	0.000000	0.000000	-0.000000	-0.000000
-4.308178	0.000000	5.410841	-4.038569	-3.615022	0.149450	0.000000	0.000000	-0.000000	-0.000000
-8.290087	3.786466	-1.383482	3.994215	3.826927	1.447200	0.000000	0.000000	-0.000000	-0.000000
-5.368437	3.833535	2.938969	-0.029264	-3.850274	-2.737980	0.000000	0.000000	-0.000000	-0.000000
-8.008135	4.092159	3.192753	4.133304	-4.004542	0.562861	0.000000	0.000000	-0.000000	-0.000000
-8.832223	3.646465	-3.120034	-0.174563	-0.000000	4.304401	0.000000	0.000000	-0.000000	-0.000000
-9.297409	-3.880654	2.952821	3.639910	-3.981614	1.068480	0.000000	0.000000	-0.000000	-0.000000
-8.093240	-3.462937	2.385701	-3.389230	-3.902372	-0.422142	0.000000	0.000000	-0.000000	-0.000000
-3.134369	-0.000000	-0.080363	4.085233	0.000000	4.473448	0.000000	0.000000	-0.000000	-0.000000
-5.879857	0.000000	-0.131617	-0.131921	-0.000000	6.012837	0.000000	0.000000	-0.000000	-0.000000
-7.421050	4.096802	3.045154	4.034364	-4.011913	0.094171	0.000000	0.000000	-0.000000	-0.000000
-7.294446	-3.897511	-1.809741	-4.001870	3.753508	-0.480766	0.000000	0.000000	-0.000000	-0.000000
-9.732785	3.698207	-3.686831	-0.021143	-0.000000	4.102984	0.000000	0.000000	-0.000000	-0.000000
-1.761781	0.000003	6.227263	0.118607	-3.656425	-1.204746	0.000000	0.000000	-0.000000	-0.000000
-3.736373	0.000000	0.272897	-4.260880	4.162662	0.134495	0.000000	0.000000	-0.000000	-0.000000
-8.795380	3.765397	4.029020	-3.538001	0.002470	-2.354701	0.000000	0.000000	-0.000000	-0.000000
-7.517378	0.000001	8.044745	3.920475	0.002002	2.043191	0.000000	0.000000	-0.000000	-0.000000
-7.900429	3.769890	-1.006183	4.087693	3.819575	0.407858	0.000000	0.000000	-0.000000	-0.000000
-12.699384	0.000043	1.358687	-3.515459	0.000072	-4.006858	0.000000	0.000000	-0.000000	-0.000000
-6.598501	0.000003	5.849763	3.540252	-3.602798	3.057090	0.000000	0.000000	-0.000000	-0.000000
-8.168532	4.062272	3.008652	4.080101	-3.921067	0.203873	0.000000	0.000000	-0.000000	-0.000000
-5.302236	0.000000	1.290479	3.587519	3.750099	3.126636	0.000000	0.000000	-0.000000	-0.000000
-13.401451	0.000000	-0.123953	-0.025211	-4.106333	0.051729	0.000000	0.000000	-0.000000	-0.000000
-4.562485	0.000000	2.198635	3.552529	3.769889	3.387022	0.000000	0.000000	-0.000000	-0.000000
-8.565253	3.899717	-1.469472	4.141511	3.775193	0.847636	0.000000	0.000000	-0.000000	-0.000000
-6.100046	0.000000	-5.939194	0.185767	-0.000000	-3.588202	0.000000	0.000000	-0.000000	-0.000000
-9.515029	3.683518	-3.596524	-0.022291	-0.000000	4.079965	0.000000	0.000000	-0.000000	-0.000000
-5.414495	-3.821201	-3.672504	-3.937513	0.000000	0.142298	0.000000	0.000000	-0.000000	-0.000000
-10.309268	0.000001	-4.348699	-3.401496	3.299911	-2.792657	0.000000	0.000000	-0.000000	-0.000000
-8.048223	-3.502101	1.985346	-3.318254	-3.949791	-0.763656	0.000000	0.000000	-0.000000	-0.000000
-13.827094	0.000003	-4.489856	-0.007957	3.661628	1.353243	0.000000	0.000000	-0.000000	-0.000000
-7.808995	0.000000	0.124425	-0.094962	4.330687	4.893441	0.000000	0.000000	-0.000000	-0.000000
-14.101677	0.000000	0.022875	-0.014016	-4.170476	1.106925	0.000000	0.000000	-0.000000	-0.000000
-6.035181	-3.620010	-3.989574	-3.976199	-0.000000	-0.001414	0.000000	0.000000	-0.000000	-0.000000
-7.498885	3.951146	-4.276169	4.031511	0.000000	1.452102	0.000000	0.000000	-0.000000	-0.000000
-6.706863	-3.721525	5.459677	0.255003	0.000011	-3.394144	0.000000	0.000000	-0.000000	-0.000000
-11.489348	3.747578	2.999847	-0.355636	0.007047	2.100076	0.000000	0.000000	-0.000000	0.000000
-2.022938	0.000000	2.448312	0.012413	4.259928	-0.130651	0.000000	0.000000	-0.000000	-0.000000
-5.920298	3.937616	-2.895206	4.020010	-0.000000	2.492585	0.000000	0.000000	-0.000000	-0.000000
-9.763902	0.000000	3.134016	0.748175	-0.000948	-5.634657	0.000000	0.000000	-0.000000	-0.000000
-5.688118	3.593262	-4.067530	-3.651459	0.000000	-0.352608	0.000000	0.000000	-0.000000	-0.000000
-4.473145	0.000000	5.382051	-4.051474	-3.591042	0.167139	0.000000	0.000000	-0.000000	-0.000000
-9.133220	3.802777	3.898019	-3.688054	0.000690	-2.353045	0.000000	0.000000	-0.000000	-0.000000
-4.206879	0.000000	0.319668	-4.464202	4.183430	0.074089	0.000000	0.000000	-0.000000	-0.000000
-7.011279	3.957238	-1.026049	-3.579002	3.544611	-1.043509	0.000000	0.000000	-0.000000	-0.000000
-1.981492	0.000000	6.069670	0.319049	-3.701420	-1.411704	0.000000	0.000000	-0.000000	-0.000000
-13.772344	0.000000	-4.536330	-0.048197	3.659646	1.443937	0.000000	0.000000	-0.000000	-0.000000
-15.558089	0.000000	1.985255	-0.025378	0.000430	0.071165	0.000000	0.000000	-0.000000	-0.000000
-8.734479	-3.825159	-0.982003	3.589203	3.323036	1.095152	0.000000	0.000000	-0.000000	-0.000000
-12.904343	-4.006714	3.962082	-0.018105	0.001852	1.908278	0.000000	0.000000	-0.000000	-0.000000
-6.463351	-3.709807	-2.900749	3.094155	0.000000	0.600479	0.000000	0.000000	-0.000000	-0.000000
-7.102450	-3.923730	-3.500279	4.084682	-0.000000	2.978689	0.000000	0.000000	-0.000000	-0.000000
-7.949157	0.000000	5.015224	-0.088989	-3.281930	4.559071	0.000000	0.000000	-0.000000	-0.000000
-7.160612	4.024609	-0.650261	-3.754720	3.520187	-0.701904	0.000000	0.000000	-0.000000	-0.000000
-3.983688	0.000000	5.446367	-4.056756	-3.678452	0.251833	0.000000	0.000000	-0.000000	-0.000000
-7.290093	3.665856	2.134945	-3.715281	-3.643952	-0.973486	0.000000	0.000000	-0.000000	-0.000000
-4.466526	-4.015581	-0.078025	0.041094	3.480292	-2.170618	0.000000	0.000000	-0.000000	-0.000000
-7.028240	3.785455	4.822242	0.078600	-0.000199	-3.881162	0.000000	0.000000	-0.000000	-0.000000
-11.455546	-3.659920	-2.759879	-0.039414	4.085093	2.990417	0.000000	0.000000	-0.000000	-0.000000
-13.719384	0.000000	0.144995	-0.017356	-3.909316	1.035641	0.000000	0.000000	-0.000000	-0.000000
-5.958122	4.027270	-2.829323	4.025578	-0.000000	2.463381	0.000000	0.000000	-0.000000	-0.000000
-6.243414	3.920767	-3.172634	4.000170	-0.000000	2.368753	0.000000	0.000000	-0.000000	-0.000000
-8.279803	0.000001	-7.055198	-3.680579	0.000000	-0.841914	0.000000	0.000000	-0.000000	-0.000000
-9.496166	0.000003	-5.785635	4.735174	0.000000	0.316352	0.000000	0.000000	-0.000000	-0.000000
-3.805930	-3.920037	-2.867601	0.300678	0.000178	-2.622702	0.000000	0.000000	-0.000000	-0.000000
-8.512246	0.000000	-3.564722	0.040236	3.169961	-4.354701	0.000000	0.000000	-0.000000	-0.000000
-12.347438	0.000000	-0.260999	4.413120	-4.005144	-0.108079	0.000000	0.000000	-0.000000	-0.000000
-4.378989	0.000000	0.002309	-4.038755	0.000520	0.419431	0.000000	0.000000	-0.000000	-0.000000
-9.755875	3.639207	3.704130	-3.913775	0.000078	-2.457505	0.000000	0.000000	-0.000000	-0.000000
-4.994112	-3.820955	-3.679120	-3.687649	0.000000	-0.004602	0.000000	0.000000	-0.000000	-0.000000
-8.660203	0.000004	-6.177009	-3.356839	-0.000000	-1.952624	0.000000	0.000000	-0.000000	-0.000000
-0.000000	0.000000	-0.157238	-0.000656	0.000000	-0.086097	0.000000	0.000000	-0.000000	-0.000000
-12.419121	4.104671	4.006832	-0.039413	0.000124	1.983836	0.000000	0.000000	-0.000000	-0.000000
-9.574705	0.000000	3.236861	0.514201	-0.000012	-5.776266	0.000000	0.000000	-0.000000	-0.000000
-6.648774	3.732912	4.987905	0.080377	0.000752	-3.817187	0.000000	0.000000	-0.000000	-0.000000
-4.285114	0.000000	7.730740	0.044132	0.000178	-1.730751	0.000000	0.000000	-0.000000	-0.000000
-2.270464	0.000000	2.510926	0.139790	4.074266	-0.896797	0.000000	0.000000	-0.000000	-0.000000
-7.030164	0.000000	1.273092	-0.537142	4.352248	4.595812	0.000000	0.000000	-0.000000	-0.000000
-7.121267	3.983213	-0.880368	-3.479924	3.450633	-1.269955	0.000000	0.000000	-0.000000	-0.000000
-9.484788	-3.725345	4.520777	-3.813046	-0.000052	-1.541893	0.000000	0.000000	-0.000000	-0.000000
-5.355072	-3.809645	3.312192	0.129703	-4.363271	-2.322983	0.000000	0.000000	-0.000000	-0.000000
-6.682775	0.000000	0.980203	-1.347659	4.459172	4.029626	-0.000000	0.000000	-0.000000	-0.000000
-6.979320	-3.735746	5.444108	0.456891	0.000035	-3.532008	0.000000	0.000000	-0.000000	-0.000000
-2.208575	0.000000	-1.073634	-4.163252	-0.000000	0.461890	0.000000	0.000000	-0.000000	-0.000000
-2.206925	0.000000	2.923438	0.016714	4.029646	-0.423885	0.000000	0.000000	-0.000000	-0.000000
-6.426385	4.126707	-1.125689	-3.558377	3.619638	-0.906135	0.000000	0.000000	-0.000000	-0.000000
-13.603143	-0.000000	-4.571849	-0.012629	3.528158	0.390757	-0.000027	0.000000	-0.000000	-0.000000
-3.618196	0.000001	-0.000083	-4.190639	4.145341	0.057726	0.000000	0.000000	-0.000000	-0.000000
-2.444705	0.000000	-0.150478	-4.070983	0.000000	0.263739	0.000000	0.000000	-0.000000	-0.000000
-10.177016	-3.630048	4.106639	-3.871976	0.000370	-1.821108	0.000000	0.000000	-0.000000	-0.000000
-7.836087	0.000000	0.222093	-0.264997	4.335031	4.999301	0.000000	0.000000	-0.000000	-0.000000
-3.645842	3.835400	-3.647316	0.501210	0.000000	-2.193976	0.000000	0.000000	-0.000000	-0.000000
-9.599909	0.000000	7.502049	-0.614810	0.000667	3.730481	0.000000	0.000000	-0.000000	-0.000000
-6.674513	0.000000	-5.648628	0.077829	0.000004	-3.359519	0.000000	0.000000	-0.000000	-0.000000
-2.052999	0.000000	2.747249	0.042065	4.088462	-0.551051	0.000000	0.000000	-0.000000	-0.000000
-6.739156	0.001175	-0.152490	-0.000364	4.048114	2.160688	0.000000	0.000000	-0.000000	-0.000000
-3.195227	0.000001	0.186343	4.068344	0.000000	4.436840	0.000000	0.000000	-0.000000	-0.000000
-2.336213	0.000000	5.835059	0.224303	-3.732196	-1.616960	0.000000	0.000000	-0.000000	-0.000000
-14.076638	0.000000	0.004059	-0.021127	-4.210856	1.289248	0.000000	0.000000	-0.000000	-0.000000
-8.727097	-3.773735	-0.243116	3.596601	3.611385	1.014306	0.000000	0.000000	-0.000000	-0.000000
-3.299120	0.000004	-0.038232	4.072285	-0.000000	4.448989	0.000000	0.000000	-0.000000	-0.000000
-11.777992	0.000000	-3.607563	4.265279	3.645514	-0.050923	0.000000	0.000000	-0.000000	-0.000000
-3.598886	-3.789782	-2.532720	0.268231	0.000002	-2.078886	0.000000	0.000000	-0.000000	-0.000000
-11.792326	-0.000000	0.706589	-0.023967	-3.248667	1.439178	0.000000	0.000000	-0.000000	0.000000
-2.954033	0.000000	3.208928	0.013526	3.650732	-0.947055	0.000000	0.000000	-0.000000	-0.000000
-6.396969	3.907428	-3.378449	3.991004	-0.000000	2.241860	0.000000	0.000000	-0.000000	-0.000000
-10.749168	3.946941	5.155150	3.942613	0.000315	-0.032686	0.000000	0.000000	-0.000000	-0.000000
-8.530055	0.000000	-0.448954	0.535088	-3.961033	-4.366902	0.000000	0.000000	-0.000000	-0.000000
-7.334608	0.000225	0.103322	-1.354797	4.047185	4.591735	2.409302	0.000000	-0.000000	0.000000
-10.452768	0.000000	2.619071	0.226663	0.000000	-5.675079	0.000000	0.000000	-0.000000	-0.000000
-5.521533	4.127607	-2.374274	4.030364	-0.000000	2.575908	0.000000	0.000000	-0.000000	-0.000000
-5.723985	-3.735160	3.048263	0.145145	-4.318355	-2.576091	0.000000	0.000000	-0.000000	-0.000000
-7.422255	-3.620701	2.394841	-3.351254	-3.924371	-0.357443	0.000000	0.000000	-0.000000	-0.000000
-8.108089	0.000625	7.663406	3.892089	0.003991	1.275762	0.000000	0.000000	-0.000000	-0.000000
-7.582222	0.000000	0.059485	-0.363933	4.366939	4.833656	-0.000000	0.000000	-0.000000	-0.000000
-8.378147	-3.482294	2.383660	-3.094738	-3.408626	-1.254503	0.000000	0.000000	-0.000000	-0.000000
-11.576941	0.000000	0.091109	-3.296669	-3.689684	-2.973937	0.000000	0.000000	-0.000000	-0.000000
-5.974875	0.000001	5.690531	3.717392	-3.701851	2.839644	0.000000	0.000000	-0.000000	-0.000000
-7.493776	0.000001	5.033796	-0.239884	-3.507976	4.436879	0.000000	0.000000	-0.000000	-0.000000
-10.813636	-3.551071	1.267435	-0.039508	-3.923908	2.823265	0.000000	0.000000	-0.000000	-0.000000
-12.732302	-0.000000	1.679833	-3.690420	-0.002139	-3.841050	0.000000	0.000000	-0.000000	-0.000000
-5.929509	0.000000	5.681143	3.739707	-3.706776	2.822619	0.000000	0.000000	-0.000000	-0.000000
-6.931272	3.738684	-0.322544	3.675356	3.885316	0.099840	0.000000	0.000000	-0.000000	-0.000000
-6.072911	0.000000	-5.991211	0.123429	0.000000	-3.571033	0.000000	0.000000	-0.000000	-0.000000
-5.656240	0.000003	5.655925	3.866332	-3.712075	2.710590	0.000000	0.000000	-0.000000	-0.000000
-12.102076	3.847879	4.149364	-0.024024	0.011012	2.335948	0.000000	0.000000	-0.000000	-0.000000
-8.645956	0.000000	-6.187392	-3.336846	-0.000000	-1.975603	0.000000	0.000000	-0.000000	-0.000000
-4.856242	3.953087	-3.154008	-3.609901	-0.000000	-0.195360	0.000000	0.000000	-0.000000	-0.000000
-10.386458	3.802096	-1.618369	-0.042918	3.825242	3.114135	0.000000	0.000000	-0.000000	-0.000000
-8.535029	3.826990	-1.486065	4.090802	3.771423	1.105634	0.000000	0.000000	-0.000000	-0.000000
-5.075762	-3.965704	-0.320624	0.105241	3.548517	-2.552732	0.000000	0.000000	-0.000000	-0.000000
-13.833014	-0.000000	0.126526	-0.030691	-4.038900	1.252503	0.000000	0.000000	-0.000000	-0.000000
-10.863420	-4.011224	4.985245	3.829731	0.000019	-0.378655	0.000000	0.000000	-0.000000	-0.000000
-6.947975	-4.153434	-0.354501	-4.056465	4.003953	-0.196834	0.000000	0.000000	-0.000000	-0.000000
-7.770400	0.000003	7.658086	3.799454	0.000011	0.983222	0.000000	0.000000	-0.000000	-0.000000
-16.569578	0.000000	0.863960	-0.017675	0.000027	-0.261752	0.000000	0.000000	-0.000000	-0.000000
-13.766958	0.000000	0.854736	-0.005416	0.000007	-3.122978	0.000000	0.000000	-0.000000	-0.000000
-8.779124	0.000000	3.026213	-0.057612	-2.120631	3.156655	0.000000	0.000000	0.000000	0.000000
-11.842344	0.000000	0.401947	4.067827	-4.105761	-0.028096	0.000000	0.000000	-0.000000	-0.000000
-7.621747	0.000000	-3.370292	0.641328	3.350717	-4.345881	0.000000	0.000000	-0.000000	-0.000000
-6.953787	0.000003	0.840929	-0.168287	4.285141	4.523146	0.000000	0.000000	-0.000000	-0.000000
-6.966052	3.699166	2.068562	-3.720572	-3.760344	-0.837817	0.000000	0.000000	-0.000000	-0.000000
-10.493167	3.659199	2.462918	-0.055947	-3.635181	2.621949	0.000000	0.000000	-0.000000	-0.000000
-11.699653	0.000000	-3.534539	4.272629	3.627344	-0.659320	0.000000	0.000000	-0.000000	-0.000000
-6.619805	0.000000	7.676997	-4.052498	0.000321	0.005063	0.000000	0.000000	-0.000000	-0.000000
-8.054917	-3.717636	-2.055737	-4.001454	3.792123	-0.581314	0.000000	0.000000	-0.000000	-0.000000
-10.618846	-3.936631	5.239729	3.788594	0.000009	-0.201897	0.000000	0.000000	-0.000000	-0.000000
-0.000000	0.000000	-0.018045	0.077885	-0.000000	-0.156135	-0.000000	0.000000	-0.000000	-0.000000
-12.033019	0.000000	1.858537	-3.461186	0.002594	-4.011004	0.000000	0.000000	-0.000000	-0.000000
-6.436108	0.000000	7.571390	-4.044233	0.002028	-0.012941	0.000000	0.000000	-0.000000	-0.000000
-9.253549	3.713285	3.934764	-3.804817	0.003111	-2.337582	0.000000	0.000000	-0.000000	-0.000000
-9.222312	3.695097	3.951359	-3.796567	0.000067	-2.332902	0.000000	0.000000	-0.000000	-0.000000
-4.239856	4.102986	-0.564786	0.537908	3.603558	-2.914752	0.000000	0.000000	-0.000000	-0.000000
-8.245220	-0.000000	-6.752458	-3.757411	0.000000	-1.210331	0.000000	0.000000	-0.000000	-0.000000
-7.682802	-3.771706	-2.025642	-3.887109	3.810051	-0.993656	0.000000	0.000000	-0.000000	-0.000000
-10.890163	-3.765275	-2.495064	-0.053428	4.028673	2.990478	0.000000	0.000000	-0.000000	-0.000000
-8.949482	-3.818126	-0.664730	3.500192	3.527309	1.462027	0.000000	0.000000	-0.000000	-0.000000
-8.117871	0.000000	-6.710317	-3.294544	0.000000	-1.877459	0.000000	0.000000	-0.000000	-0.000000
-8.583102	-3.957457	3.503979	3.573803	-3.954531	1.318634	0.000000	0.000000	-0.000000	-0.000000
-10.387212	-3.616322	5.634644	3.750715	0.000009	0.181813	0.000000	0.000000	-0.000000	-0.000000
-13.868851	0.000003	0.022534	-0.028213	-4.167490	1.372654	0.000000	0.000000	-0.000000	-0.000000
-10.811411	0.000000	-0.452357	-3.007499	-4.100305	-2.918154	0.000000	0.000000	-0.000000	-0.000000
-13.010828	-4.009391	3.917480	-0.024306	0.000150	1.832781	0.000000	0.000000	-0.000000	-0.000000
-7.620831	0.000002	8.010969	3.907688	-0.001676	1.876725	0.000000	0.000000	-0.000000	-0.000000
-8.242757	3.996894	3.206562	4.042453	-4.046090	0.946755	0.000000	0.000000	-0.000000	-0.000000
-9.955825	-3.641351	-0.581298	-0.303728	4.031842	3.028645	0.000000	0.000000	-0.000000	-0.000000
-5.502450	0.000000	0.436777	-1.094750	0.003878	4.281548	0.000000	0.000000	-0.000000	-0.000000
-8.529069	0.000001	3.388657	-0.108735	0.303405	3.657612	0.000000	0.000000	0.000000	0.000000
-12.882352	-3.995406	3.995260	-0.071846	0.000281	1.957381	0.000000	0.000000	-0.000000	-0.000000
-10.748623	-0.000000	-0.058211	-0.012713	-3.455073	2.374414	0.000000	0.000000	-0.000000	0.000000
-5.590680	3.662776	-3.985020	-3.578907	0.000035	-0.473496	0.000000	0.000000	-0.000000	-0.000000
-12.210114	0.000000	0.192074	4.287414	-4.087965	-0.035015	0.000000	0.000000	-0.000000	-0.000000
-5.359622	-3.937720	-0.796856	0.199397	3.448046	-2.756364	0.000000	0.000000	-0.000000	-0.000000
-8.358265	-3.989480	2.966405	3.587563	-4.076578	0.167020	0.000000	0.000000	-0.000000	-0.000000
-9.134415	3.712878	-3.306892	-0.056306	-0.000000	4.078308	0.000000	0.000000	-0.000000	-0.000000
-9.755421	-0.000000	-5.697680	4.651896	0.000107	0.385486	0.000000	0.000000	-0.000000	-0.000000
-8.545387	3.776486	-1.482682	4.024182	3.792737	1.367912	0.000000	0.000000	-0.000000	-0.000000
-10.133230	3.722383	5.463277	3.891601	0.000777	-0.066412	0.000000	0.000000	-0.000000	-0.000000
-4.107860	0.000000	0.644319	-4.536839	4.239669	0.301370	0.000000	0.000000	-0.000000	-0.000000
-10.303258	0.000000	-4.347048	-3.404078	3.301234	-2.793100	0.000000	0.000000	-0.000000	-0.000000
-7.496313	0.000000	8.043496	3.918595	-0.000622	2.037731	0.000000	0.000000	-0.000000	-0.000000
-10.344748	0.000002	-4.347177	-3.421411	3.307317	-2.785072	0.000000	0.000000	-0.000000	-0.000000
-5.057422	-4.096739	-2.021376	-3.562310	0.000001	0.085792	0.000000	0.000000	-0.000000	-0.000000
-9.564926	3.655275	-3.668846	-0.015226	0.000154	4.062754	0.000000	0.000000	-0.000000	-0.000000
-12.114156	0.000001	0.304120	4.215991	-4.102332	-0.077169	0.000000	0.000000	-0.000000	-0.000000
-5.143492	3.740972	-3.614526	-3.513671	-0.000000	-0.442252	0.000000	0.000000	-0.000000	-0.000000
-5.396891	3.741853	-3.674732	-3.756186	-0.000000	-0.160690	0.000000	0.000000	-0.000000	-0.000000
-8.000667	-3.417198	-3.143031	-0.056626	-0.000000	4.290920	0.000000	0.000000	-0.000000	-0.000000
-7.089796	-3.750572	5.447799	0.026564	0.000031	-3.379440	0.000000	0.000000	-0.000000	-0.000000
-7.450735	-3.917429	-3.723929	4.160420	0.000002	2.849648	0.000000	0.000000	-0.000000	-0.000000
-10.893390	3.936624	5.138468	3.955062	-0.000211	0.025504	0.000000	0.000000	-0.000000	-0.000000
-5.757954	0.000000	-1.961985	-0.325407	0.000000	5.550382	0.000000	0.000000	-0.000000	-0.000000
-0.000000	0.000000	0.098521	0.150482	-0.000000	-0.144757	0.000006	0.000000	-0.000000	-0.000000
-8.543684	3.841517	3.131721	3.936469	-3.944158	0.794109	0.000000	0.000000	-0.000000	-0.000000
-4.689270	4.042253	-0.450805	0.034200	3.542739	-2.808065	0.000000	0.000000	-0.000000	-0.000000
-7.734829	0.000073	7.441104	3.873480	-0.000449	0.440030	0.000000	0.000000	-0.000000	-0.000000
-5.458538	-3.733258	-3.843574	-3.756710	-0.000000	-0.073330	0.000000	0.000000	-0.000000	-0.000000
-5.447638	3.772877	2.946289	0.236803	-3.856557	-2.983700	0.000000	0.000000	-0.000000	-0.000000
-7.115520	3.873282	-4.052567	3.999131	-0.000000	1.815037	0.000000	0.000000	-0.000000	-0.000000
-5.539638	0.000000	3.014917	3.709336	3.536954	3.162790	0.000000	0.000000	-0.000000	-0.000000
-3.516819	3.805509	-3.564175	0.124980	-0.000000	-2.106350	0.000000	0.000000	-0.000000	-0.000000
-10.232375	0.000000	-4.347007	-3.372361	3.291076	-2.811090	0.000000	0.000000	-0.000000	-0.000000
-7.426131	0.000000	0.283513	-0.096906	4.278666	4.606523	0.000000	0.000000	-0.000000	-0.000000
-11.908240	0.000000	-3.482584	4.276553	3.669480	-0.645133	0.000000	0.000000	-0.000000	-0.000000
-4.823062	-3.764502	-3.884844	0.033939	0.000000	-2.757685	0.000000	0.000000	-0.000000	-0.000000
-10.250125	-3.760804	-0.266974	-0.104206	3.922319	2.890891	0.000000	0.000000	-0.000000	-0.000000
-2.206714	0.000000	2.910876	0.302496	4.023886	-0.646641	0.000000	0.000000	-0.000000	-0.000000
-5.130609	-3.983444	-0.250907	0.127474	3.591546	-2.571805	0.000000	0.000000	-0.000000	-0.000000
-11.511101	0.000000	2.007818	3.751480	-3.415337	0.099284	0.000000	0.000000	-0.000000	-0.000000
-10.476243	-3.684558	5.549267	3.758373	0.000005	0.183979	0.000000	0.000000	-0.000000	-0.000000
-5.893287	0.000000	6.949419	-4.037030	0.003009	0.073888	0.000000	0.000000	-0.000000	-0.000000
-2.350791	0.000000	-0.741968	-4.055162	-0.000000	0.298034	0.000000	0.000000	-0.000000	-0.000000
-9.188850	-3.842793	-0.762290	3.579652	3.616423	1.151787	0.000000	0.000000	-0.000000	-0.000000
-12.714540	0.000000	-7.136975	-0.034824	0.000003	2.937309	1.723747	0.000000	-0.000000	-0.000000
-7.685271	-0.000000	-3.387846	0.514964	3.332563	-4.326886	0.000000	0.000000	-0.000000	-0.000000
-10.428277	0.000000	-0.175205	-3.352245	-4.177715	-2.411979	0.000000	0.000000	-0.000000	-0.000000
-8.633334	-3.824962	-0.888911	3.616759	3.413531	0.901235	0.000000	0.000000	-0.000000	-0.000000
-8.519238	0.000000	-0.332775	0.532132	-3.982711	-4.378397	0.000000	0.000000	-0.000000	-0.000000
-8.527366	0.000000	-6.336801	-3.322228	0.000000	-1.960986	0.000000	0.000000	-0.000000	-0.000000
-10.393459	0.000001	-4.339382	-3.443172	3.316752	-2.780643	0.000000	0.000000	-0.000000	-0.000000
-10.518157	0.000000	2.942641	0.065513	-0.002037	-5.597977	0.000000	0.000000	-0.000000	-0.000000
-10.746724	3.768460	-1.678671	-0.068345	3.846073	3.066469	0.000000	0.000000	-0.000000	-0.000000
-7.040550	3.984755	-1.126691	-3.722321	3.663577	-0.258715	0.000000	0.000000	-0.000000	-0.000000
-8.349630	0.000000	-6.849341	-3.724034	-0.000000	-0.998720	0.000000	0.000000	-0.000000	-0.000000
-10.050398	3.534705	5.717892	3.877952	0.001417	0.067250	0.000000	0.000000	-0.000000	-0.000000
-5.572232	0.000001	4.226319	-3.952348	-2.563904	0.330411	0.000000	0.000000	-0.000000	-0.000000
-10.337785	-3.440816	5.765647	3.744279	0.000061	0.358987	0.000000	0.000000	-0.000000	-0.000000
-4.482257	0.000000	5.397359	-4.029732	-3.579700	0.158871	0.000000	0.000000	-0.000000	-0.000000
-8.116488	-3.497173	2.425103	-3.165194	-3.755447	-0.966646	0.000000	0.000000	-0.000000	-0.000000
-10.072333	0.000001	3.100317	0.536941	0.001228	-5.657125	0.000000	0.000000	-0.000000	-0.000000
-5.648965	-3.679782	-3.875182	-3.833196	0.000000	0.014508	0.000000	0.000000	-0.000000	-0.000000
-5.567442	0.000001	-1.631754	-0.167574	-0.000000	5.650773	0.000000	0.000000	-0.000000	-0.000000
-9.299407	3.669843	3.951022	-3.840147	0.000230	-2.329353	0.000000	0.000000	-0.000000	-0.000000
-13.790836	0.000000	-0.047581	-0.015459	-4.095108	0.609479	0.000000	0.000000	-0.000000	-0.000000
-7.658789	3.565813	1.547186	-3.661352	-3.733063	-0.814505	0.000000	0.000000	-0.000000	-0.000000
-3.974842	0.000000	7.496915	0.049182	-0.004175	-1.711070	0.000000	0.000000	-0.000000	-0.000000
-11.575683	0.000000	-3.484244	4.307643	3.608463	-0.801935	0.000000	0.000000	-0.000000	-0.000000
-4.613596	4.072341	-0.394983	0.036817	3.495094	-2.907182	0.000000	0.000000	-0.000000	-0.000000
-8.691573	-3.966539	2.969141	3.582108	-4.032303	0.458400	0.000000	0.000000	-0.000000	-0.000000
-0.000000	0.000001	-0.050312	0.015284	0.000000	0.155799	0.000000	0.000000	-0.000000	-0.000000
-7.295840	3.672704	1.985356	-3.594972	-3.809569	-0.445742	0.000000	0.000000	-0.000000	-0.000000
-10.241673	3.730686	-3.808020	-0.072148	0.000000	4.056251	0.000000	0.000000	-0.000000	-0.000000
-8.451339	3.797412	-1.419417	4.028205	3.797982	1.326964	0.000000	0.000000	-0.000000	-0.000000
-3.548530	0.000001	0.540347	-0.008731	4.054956	-0.120399	0.000000	0.000000	-0.000000	-0.000000
-8.568383	3.916622	3.116160	3.950457	-3.953180	0.839905	0.000000	0.000000	-0.000000	-0.000000
-10.486785	0.000000	-4.358478	-3.525542	3.339862	-2.717800	0.000000	0.000000	-0.000000	-0.000000
-13.048762	4.165358	3.968962	-0.056224	0.000106	1.749321	0.000000	0.000000	-0.000000	-0.000000
-9.538811	2.394933	-4.671694	-0.030719	-0.000000	3.619863	-2.475349	0.000000	-0.000000	0.000000
-11.618508	0.000000	-3.664133	4.231677	3.581659	-0.088560	0.000000	0.000000	-0.000000	-0.000000
-11.534453	0.000000	-3.700474	4.209110	3.550293	-0.163322	0.000000	0.000000	-0.000000	-0.000000
-11.570048	0.000000	0.988347	3.903933	-4.049182	-0.376177	0.000000	0.000000	-0.000000	-0.000000
-10.446671	3.826359	5.359064	3.909734	-0.000218	0.020481	0.000000	0.000000	-0.000000	-0.000000
-4.867291	3.881388	-3.323961	-3.377707	-0.000000	-0.497869	0.000000	0.000000	-0.000000	-0.000000
-13.693139	0.000000	-4.572132	-0.018257	3.648224	1.386494	-0.000000	0.000000	-0.000000	-0.000000
-11.701998	0.000000	-3.639479	4.245361	3.613453	-0.093154	0.000000	0.000000	-0.000000	-0.000000
-7.294599	0.000000	8.050665	3.859536	-0.000172	1.938081	0.000000	0.000000	-0.000000	-0.000000
-5.391115	3.746075	-3.647800	-3.713439	0.000000	-0.237633	0.000000	0.000000	-0.000000	-0.000000
-13.778973	0.000000	-4.488474	-0.017088	3.637889	1.073731	0.000000	0.000000	-0.000000	-0.000000
-10.421591	-3.773889	-2.236727	-0.069189	3.948963	2.949003	0.000000	0.000000	-0.000000	-0.000000
-7.349129	-3.747752	5.341157	0.021190	0.000028	-3.471802	0.000000	0.000000	-0.000000	-0.000000
-6.594147	-3.717904	2.486057	0.083998	-4.230079	-2.632111	0.000000	0.000000	-0.000000	-0.000000
-6.970343	3.783055	2.170241	-3.718312	-3.700077	-0.971284	0.000000	0.000000	-0.000000	-0.000000
-9.424339	3.767675	-3.436309	-0.025648	-0.000000	4.091275	0.000000	0.000000	-0.000000	-0.000000
-6.257859	0.000000	7.484301	-4.025343	0.000856	-0.037678	0.000000	0.000000	-0.000000	-0.000000
-8.521604	-3.967595	3.423871	3.563494	-3.970637	1.056840	0.000000	0.000000	-0.000000	-0.000000
-9.872896	0.000000	-5.607310	4.593738	0.000000	0.369259	0.000000	0.000000	-0.000000	-0.000000
-7.347618	0.000000	5.083442	-0.095973	-3.525508	4.430073	0.000000	0.000000	-0.000000	-0.000000
-5.390182	0.000000	3.980900	3.550417	-0.000002	2.995422	0.000000	0.000000	-0.000000	-0.000000
-8.546836	-3.541262	-3.915289	-0.045045	-0.000000	4.066336	0.000000	0.000000	-0.000000	-0.000000
-0.000000	-0.000000	-0.123700	0.024477	-0.000000	-0.102411	0.000000	0.000000	-0.000000	-0.000000
-13.622690	0.000000	0.066987	-0.052325	-4.069414	1.251719	0.000000	0.000000	-0.000000	-0.000000
-10.304553	3.723813	5.474950	3.903170	-0.000009	0.037757	0.000000	0.000000	-0.000000	-0.000000
-8.351062	-3.983607	3.274110	3.528059	-4.025898	0.647747	0.000000	0.000000	-0.000000	-0.000000
-3.484105	-3.622194	-2.537176	1.085569	0.000000	-0.462479	0.000000	0.000000	-0.000000	-0.000000
-12.883703	4.222725	3.919295	-0.096662	0.001578	1.921800	0.000000	0.000000	-0.000000	-0.000000
-10.868186	-3.485646	2.476216	-0.060310	-3.798509	3.003105	0.000000	0.000000	-0.000000	-0.000000
-9.344370	0.000000	6.739360	-0.264549	0.001092	3.408941	0.000000	0.000000	-0.000000	-0.000000
-5.624481	-3.738284	-3.550263	-3.951023	0.000021	0.146794	0.000000	0.000000	-0.000000	-0.000000
-3.490420	3.776487	-3.578597	0.347904	0.000017	-2.099141	0.000000	0.000000	-0.000000	-0.000000
-7.003386	-3.675496	-2.490008	3.518879	0.000000	1.617157	0.000000	0.000000	-0.000000	-0.000000
-10.126987	0.000000	-0.183811	-3.466099	-4.270405	-1.915181	0.000000	0.000000	-0.000000	-0.000000
-7.530628	-3.492938	-0.022062	3.511727	-0.000781	1.868833	0.000000	0.000000	-0.000000	0.000000
-3.785854	0.000000	5.496714	-4.051789	-3.687165	0.194729	0.000000	0.000000	-0.000000	-0.000000
-9.269443	3.713167	3.925437	-3.868936	0.005176	-2.280456	0.000000	0.000000	-0.000000	-0.000000
-6.870124	3.809778	4.854788	0.386977	0.000169	-3.871083	0.000000	0.000000	-0.000000	-0.000000
-6.164087	3.885141	-3.149434	4.001004	0.000000	2.409853	0.000000	0.000000	-0.000000	-0.000000
-5.969191	-3.719851	2.769182	0.346602	-4.306893	-2.632095	0.000000	0.000000	-0.000000	-0.000000
-11.322386	0.000000	0.313889	-3.271941	-3.656873	-2.956554	0.000000	0.000000	-0.000000	-0.000000
-12.765504	0.000012	1.453529	-3.611641	-0.000274	-3.920342	0.000000	0.000000	-0.000000	-0.000000
-6.083780	0.000001	5.708261	3.658126	-3.683597	2.885815	0.000000	0.000000	-0.000000	-0.000000
-4.707711	0.000001	7.864916	0.063764	0.000124	-1.911073	0.000000	0.000000	-0.000000	-0.000000
-8.798996	3.846866	3.261586	3.889338	-3.911794	1.269933	0.000000	0.000000	-0.000000	-0.000000
-16.214203	0.000000	1.839053	-0.034695	0.000028	0.051250	0.000000	0.000000	-0.000000	-0.000000
-5.556643	-3.967470	-0.564798	0.037809	3.562929	-2.666061	0.000000	0.000000	-0.000000	-0.000000
-3.520893	0.000000	6.651813	0.025926	0.023286	-1.418507	0.000000	0.000000	-0.000000	-0.000000
-6.283998	0.000001	-5.701869	0.247953	0.000023	-3.665669	0.000000	0.000000	-0.000000	-0.000000
-9.348190	0.000001	7.389442	-1.138249	0.015016	3.598316	0.000000	0.000000	-0.000000	-0.000000
-7.422953	3.879568	-0.746853	-3.620197	3.405249	-1.110845	0.000000	0.000000	-0.000000	-0.000000
-8.477218	3.845202	2.901073	3.982313	-4.072607	0.864918	0.000000	0.000000	-0.000000	-0.000000
-5.493919	0.000000	-0.948654	-0.034772	0.000000	5.813199	0.000000	0.000000	-0.000000	-0.000000
-8.731117	3.870863	-1.262356	4.165774	3.809871	0.870837	0.000000	0.000000	-0.000000	-0.000000
-7.520390	-3.897547	5.144938	0.106134	0.000025	-3.508345	0.000000	0.000000	-0.000000	-0.000000
-9.104218	-3.832825	-0.677281	3.524185	3.589969	1.375065	0.000000	0.000000	-0.000000	-0.000000
-12.741299	0.000000	1.665566	-3.689463	-0.000094	-3.840678	0.000000	0.000000	-0.000000	-0.000000
-11.034556	-3.521934	2.238354	-0.024679	-3.832063	2.937291	0.000000	0.000000	-0.000000	-0.000000
-2.789940	0.000000	6.045450	-0.004255	-3.473335	-0.696913	0.000000	0.000000	-0.000000	-0.000000
-4.381228	4.059955	-0.605452	0.397554	3.589540	-2.948838	0.000000	0.000000	-0.000000	-0.000000
-6.943370	-3.760996	5.398503	0.752349	-0.000015	-3.597003	0.000000	0.000000	-0.000000	-0.000000
-8.570733	-3.848392	-0.953844	3.594232	3.258994	1.106138	0.000000	0.000000	-0.000000	-0.000000
-12.294333	-3.742295	4.449601	-0.020684	0.001102	2.287881	0.000000	0.000000	-0.000000	-0.000000
-3.761425	3.864503	-3.650365	0.429251	-0.000000	-2.167564	0.000000	0.000000	-0.000000	-0.000000
-11.990263	0.000001	0.309468	4.151609	-4.098445	-0.031423	0.000000	0.000000	-0.000000	-0.000000
-6.892306	4.007683	-1.209254	-3.725537	3.610850	-0.715491	0.000000	0.000000	-0.000000	-0.000000
-10.330200	0.000013	-4.350932	-3.410538	3.297857	-2.790577	0.000000	0.000000	-0.000000	-0.000000
-3.128104	0.000000	-0.081015	4.085710	0.000000	4.473448	0.000000	0.000000	-0.000000	-0.000000
-8.309864	3.729336	-1.148844	3.996063	3.874393	1.459322	0.000000	0.000000	-0.000000	-0.000000
-8.142878	-4.020639	3.342230	3.523218	-4.043823	0.583037	0.000000	0.000000	-0.000000	-0.000000
-5.599530	-3.918000	-0.186940	0.371988	3.673300	-2.747386	0.000000	0.000000	-0.000000	-0.000000
-8.790057	-3.923124	3.247103	3.597774	-3.977438	1.024411	0.000000	0.000000	-0.000000	-0.000000
-5.568994	-3.755603	-3.743905	-3.927901	-0.000000	0.082893	0.000000	0.000000	-0.000000	-0.000000
-11.177545	-3.720723	-2.671156	-0.082732	4.059659	3.006485	0.000000	0.000000	-0.000000	-0.000000
-9.997704	0.000000	-4.741895	3.911695	-0.000009	0.160023	0.000000	0.000000	-0.000000	-0.000000
-4.813381	3.933142	-3.185707	-3.448869	-0.000000	-0.366879	0.000000	0.000000	-0.000000	-0.000000
-6.667971	-3.702238	5.473129	0.241432	0.000154	-3.385539	0.000000	0.000000	-0.000000	-0.000000
-8.656490	-3.955028	3.091721	3.577569	-4.012932	0.619828	0.000000	0.000000	-0.000000	-0.000000
-5.820647	0.000000	-5.784306	0.523604	-0.000000	-3.785050	0.000000	0.000000	-0.000000	-0.000000
-6.950315	3.794890	0.150300	-3.844076	-3.495987	-0.870434	0.000000	0.000000	-0.000000	-0.000000
-4.710954	-4.000700	-0.396639	0.232038	3.411086	-2.465917	0.000000	0.000000	-0.000000	-0.000000
-8.375859	-3.519362	-3.888860	-0.005281	0.000000	4.106688	0.000000	0.000000	-0.000000	-0.000000
-6.301608	0.000000	-5.730776	0.203088	0.000000	-3.637367	0.000000	0.000000	-0.000000	-0.000000
-10.682137	-3.917650	5.277353	3.809829	0.000002	0.047855	0.000000	0.000000	-0.000000	-0.000000
-10.808786	0.000000	-0.703333	-3.201377	-4.240765	-2.635465	0.000000	0.000000	-0.000000	-0.000000
-6.595833	3.780322	4.992167	0.022132	0.002250	-3.765015	0.000000	0.000000	-0.000000	-0.000000
-7.472164	-3.571747	2.068938	-3.172812	-3.951178	-0.741181	0.000000	0.000000	-0.000000	-0.000000
-6.278529	0.000028	5.746778	3.569745	-3.595809	2.877270	0.000000	0.000000	-0.000000	-0.000000
-6.013939	-3.701643	-3.702105	-4.157327	0.000000	0.493582	0.000000	0.000000	-0.000000	-0.000000
-2.634402	0.000000	5.786709	0.130732	-3.665982	-1.489350	0.000000	0.000000	-0.000000	-0.000000
-7.367762	0.000000	8.063204	3.918332	-0.000179	2.098870	0.000000	0.000000	-0.000000	-0.000000
-1.897338	0.000000	1.562228	0.053950	4.261632	-0.673234	0.000000	0.000000	-0.000000	-0.000000
-11.070996	-3.734531	-2.593022	-0.023020	4.044969	2.983096	0.000000	0.000000	-0.000000	-0.000000
-10.766561	3.876076	5.200505	3.946988	-0.000028	0.009944	0.000000	0.000000	-0.000000	-0.000000
-9.463974	3.707085	3.879105	-4.048031	0.001269	-2.149038	0.000000	0.000000	-0.000000	-0.000000
-3.471845	0.000000	0.545311	-4.179589	4.219860	0.109551	0.000000	0.000000	-0.000000	-0.000000
-10.938242	-3.494126	2.402852	-0.105613	-3.808492	3.000515	0.000000	0.000000	-0.000000	-0.000000
-7.724400	0.000001	5.089723	-0.044847	-3.358953	4.527621	0.000000	0.000000	-0.000000	-0.000000
-5.265595	-3.764799	-3.724185	-3.826448	-0.000000	0.063652	0.000000	0.000000	-0.000000	-0.000000
-7.183800	0.000001	8.086090	3.910313	-0.000085	2.156499	0.000000	0.000000	-0.000000	-0.000000
-6.079878	0.000002	0.210870	3.293642	3.939600	2.748003	0.000000	0.000000	-0.000000	-0.000000
-8.321129	3.800223	-1.253508	4.104577	3.809790	1.038062	0.000000	0.000000	-0.000000	-0.000000
-5.256392	-3.751236	-3.813098	-3.703691	0.000000	-0.068837	0.000000	0.000000	-0.000000	-0.000000
-8.251823	-3.485473	2.263243	-3.206903	-3.791215	-1.010938	0.000000	0.000000	-0.000000	-0.000000
-11.011085	-2.014512	-6.068941	-0.026164	-0.000000	2.998485	-3.069448	0.000000	0.000000	0.000000
-5.012331	0.000000	0.754736	3.478214	3.875569	3.179733	0.000000	0.000000	-0.000000	-0.000000
-7.620643	0.000000	0.305867	-0.524849	4.345524	4.916514	0.000000	0.000000	-0.000000	-0.000000
-10.620496	0.000000	2.882446	-0.001853	-0.000076	-5.574125	0.000000	0.000000	-0.000000	-0.000000
-7.360166	0.000000	0.059682	-0.342579	4.351148	4.717111	-0.000000	0.000000	-0.000000	-0.000000
-10.997760	-3.990487	4.991706	3.856182	0.000022	-0.007393	0.000000	0.000000	-0.000000	-0.000000
-5.890587	0.000000	5.676805	3.758392	-3.710038	2.809505	0.000000	0.000000	-0.000000	-0.000000
-10.747080	3.949932	5.183595	3.935111	0.000060	0.010686	0.000000	0.000000	-0.000000	-0.000000
-7.290196	-3.686474	2.666722	-3.337299	-3.893454	-0.283758	0.000000	0.000000	-0.000000	-0.000000
-5.287671	-3.742523	-3.766404	-3.741334	0.000000	-0.031489	0.000000	0.000000	-0.000000	-0.000000
-5.682655	-0.000000	-1.243876	-0.315160	0.000000	5.745088	0.000000	0.000000	-0.000000	-0.000000
-10.565419	0.000000	-4.357296	-3.551131	3.350269	-2.713792	0.000000	0.000000	-0.000000	-0.000000
-8.565075	3.841279	-1.442073	4.085130	3.779394	1.134661	0.000000	0.000000	-0.000000	-0.000000
-11.884206	0.000000	-3.562847	4.298992	3.688606	-0.024807	0.000000	0.000000	-0.000000	-0.000000
-5.244950	3.751351	2.955774	0.475154	-3.947455	-3.011624	0.000000	0.000000	-0.000000	-0.000000
-8.217690	3.973316	3.242515	4.012115	-4.063964	1.210233	0.000000	0.000000	-0.000000	-0.000000
-8.400496	4.019260	2.982106	4.064716	-3.905602	0.270230	0.000000	0.000000	-0.000000	-0.000000
-4.376196	0.000000	7.797629	-0.001512	0.000037	-1.757392	0.000000	0.000000	-0.000000	-0.000000
-9.799235	0.000001	5.506012	-0.139517	0.004290	3.120616	0.000000	0.000000	-0.000000	-0.000000
-0.000001	0.000000	-0.029575	0.106992	0.000003	-0.163454	4.205278	0.000000	0.000000	0.000000
-6.061880	0.000000	7.222511	-4.022543	0.000376	0.022802	0.000000	0.000000	-0.000000	-0.000000
-13.153336	0.000000	-4.717298	-0.070014	3.387742	0.271587	0.064673	0.000000	-0.000000	-0.000000
-7.791992	3.790007	-0.452765	4.125519	3.882117	0.739475	0.000000	0.000000	-0.000000	-0.000000
-2.082744	0.000000	2.446381	0.117990	4.135049	-0.831344	0.000000	0.000000	-0.000000	-0.000000
-7.367071	3.676909	1.569229	-3.713261	-3.724780	-1.027130	0.000000	0.000000	-0.000000	-0.000000
-2.689376	3.918874	-3.172098	0.278877	0.000000	-2.098316	0.000000	0.000000	-0.000000	-0.000000
-5.544358	3.778101	2.878865	0.192218	-3.837676	-2.985554	0.000000	0.000000	-0.000000	-0.000000
-0.000000	0.000000	-0.081655	0.177652	-0.000000	-0.061591	0.000000	0.000000	-0.000000	-0.000000
-10.345319	-0.000003	-4.346521	-3.433176	3.310642	-2.779839	0.000000	0.000000	-0.000000	-0.000000
-9.822107	-0.000000	7.440227	-0.513074	0.042223	3.850488	0.000000	0.000000	-0.000000	-0.000000
-3.264467	-0.000000	0.030987	0.098805	4.012766	-0.162519	0.000000	0.000000	-0.000000	-0.000000
-7.391013	-3.950314	-1.456098	-3.999131	3.892129	-0.512327	0.000000	0.000000	-0.000000	-0.000000
-7.294815	0.000015	-0.025396	-0.197028	4.084888	4.569847	2.367208	0.000000	-0.000000	-0.000000
-9.974260	3.756910	-1.322414	-0.030259	3.856712	3.138039	0.000000	0.000000	-0.000000	-0.000000
-4.039187	3.771713	-3.677494	0.250002	-0.000000	-1.880372	0.000000	0.000000	-0.000000	-0.000000
-6.984956	0.000000	0.033094	-0.225860	4.293603	4.325759	0.000000	0.000000	-0.000000	-0.000000
-10.613185	-3.525095	1.523899	-0.027999	-3.939276	2.441237	0.000000	0.000000	-0.000000	-0.000000
-8.777928	3.841592	2.809325	3.892830	-4.053263	1.123113	0.000000	0.000000	-0.000000	-0.000000
-13.744102	0.000000	-4.505012	-0.006588	3.618816	0.908710	0.000000	0.000000	-0.000000	-0.000000
-11.022467	-3.521390	2.264362	-0.048954	-3.827506	2.953223	0.000000	0.000000	-0.000000	-0.000000
-10.352098	0.000000	3.033716	0.581098	0.000010	-5.521630	0.000000	0.000000	-0.000000	-0.000000
-15.307410	0.000000	2.109979	-0.024751	-0.000014	0.269109	0.000000	0.000000	-0.000000	-0.000000
-7.439546	3.563381	2.236044	-3.679826	-3.615970	-0.864141	0.000000	0.000000	-0.000000	-0.000000
-8.122012	3.769563	-1.126906	4.011696	3.864663	1.396921	0.000000	0.000000	-0.000000	-0.000000
-11.255716	-4.076003	4.733958	3.881117	0.000009	-0.134848	0.000000	0.000000	-0.000000	-0.000000
-7.209704	-4.057249	-0.983220	-4.086542	3.951117	-0.246901	0.000000	0.000000	-0.000000	-0.000000
-7.513411	0.000000	8.042149	3.919181	-0.005381	2.057853	0.000000	0.000000	-0.000000	-0.000000
-7.350513	3.696172	2.163618	-3.662372	-3.639835	-0.895599	0.000000	0.000000	-0.000000	-0.000000
-4.341787	0.000006	0.130844	3.882641	0.000060	3.804819	0.000000	0.000000	-0.000000	-0.000000
-2.762157	0.000000	-0.577503	-4.014219	-0.000000	0.209006	0.000000	0.000000	-0.000000	-0.000000
-10.388784	3.610477	2.611510	-0.035582	-3.599615	2.640891	0.000000	0.000000	-0.000000	-0.000000
-9.660879	-3.741364	4.390495	-3.822744	0.000066	-1.630585	0.000000	0.000000	-0.000000	-0.000000
-5.045717	-3.936301	-0.067649	0.390268	3.644274	-2.590832	0.000000	0.000000	-0.000000	-0.000000
-10.555058	0.000008	-4.360001	-3.542378	3.345814	-2.723040	0.000000	0.000000	-0.000000	-0.000000
-8.636194	-3.544444	-3.934373	-0.025022	-0.000000	4.039012	0.000000	0.000000	-0.000000	-0.000000
-5.225175	0.000003	-0.055857	2.889803	-0.000001	2.512279	0.000000	0.000000	-0.000000	-0.000000
-13.033775	4.065744	4.069773	-0.217638	0.003228	2.002974	0.000000	0.000000	-0.000000	-0.000000
-3.730113	0.000000	0.127345	-4.278515	4.137514	0.157744	0.000000	0.000000	-0.000000	-0.000000
-8.571914	3.769239	-1.028367	4.085219	3.851161	1.183700	0.000000	0.000000	-0.000000	-0.000000
-7.291629	3.595618	2.068295	-3.710401	-3.650751	-1.079723	0.000000	0.000000	-0.000000	-0.000000
-5.354186	0.000000	0.378634	3.362714	3.933084	2.957320	0.000000	0.000000	-0.000000	-0.000000
-12.673910	0.000000	-5.815175	-0.007308	-0.000000	2.723828	0.171283	0.000000	-0.000000	-0.000000
-13.112649	4.101996	4.055628	-0.034700	0.000159	1.882254	0.000000	0.000000	-0.000000	-0.000000
-6.579541	0.000000	7.705222	-4.067676	0.000523	-0.060387	0.000000	0.000000	-0.000000	-0.000000
-9.451935	0.000000	-5.663453	4.752484	0.000000	0.098713	0.000000	0.000000	-0.000000	-0.000000
-11.668466	0.000000	-3.643868	4.244659	3.601404	-0.057583	0.000000	0.000000	-0.000000	-0.000000
-6.879695	-3.586604	-3.133476	3.582820	0.000000	1.530936	0.000000	0.000000	-0.000000	-0.000000
-10.327435	3.652366	2.557826	-0.022878	-3.613503	2.614042	0.000000	0.000000	-0.000000	-0.000000
