-8.971026	5.270273	-0.096470	-5.488459	1.177272	4.653701	0.000000	-0.000000	0.000000	-0.000000
-10.472504	-0.000205	-2.425444	5.511602	3.765521	0.755370	0.000000	0.000000	0.000000	-0.000000
-7.661829	5.839829	1.621399	-5.954037	-0.315391	-0.174693	0.000000	0.000000	0.000000	-0.000000
-4.572545	0.000554	3.547231	0.000971	-0.052670	6.189998	0.000000	0.000000	0.000000	-0.000000
-3.104700	-0.000038	-5.888344	-5.525424	-1.512073	4.332840	0.000000	-0.000000	-0.000000	-0.000000
-1.897726	5.563414	-0.253450	0.000597	3.495575	-0.084560	0.000000	-0.000000	0.000000	-0.000000
-8.325444	-0.001442	3.299579	5.188741	-2.878707	5.621012	0.000000	-0.000000	0.000000	-0.000000
-12.749546	5.197434	-0.102741	0.000677	-2.239024	4.342221	0.000000	-0.000000	0.000000	-0.000000
-5.840192	0.002518	1.760513	-5.448465	-3.509058	-0.002588	0.000000	0.000000	0.000000	-0.000000
-8.997615	5.215698	0.070828	-5.580880	0.972455	4.477265	0.000000	0.000000	0.000000	-0.000000
-7.167912	5.127499	-2.592533	5.212482	1.523240	4.003464	0.000000	0.000000	0.000000	-0.000000
-11.228848	0.002522	-4.319861	-0.012372	-0.004568	-4.940376	1.985027	0.000000	0.000000	-0.000000
-6.049419	-0.000948	-1.579862	0.002545	6.264811	1.190443	0.000000	0.000000	0.000000	-0.000000
-3.264771	-0.074038	5.739517	0.177460	-1.322466	-0.000378	0.000000	-0.000000	-0.000000	-0.000000
-0.004935	-4.103090	1.136260	-0.009359	1.351954	-0.859621	0.000000	-0.000000	-0.000000	-0.000000
-12.222511	0.001801	-0.007105	-5.567698	2.593392	1.336694	0.000000	-0.000000	0.000000	-0.000000
-12.337188	4.437746	0.089206	-0.004149	-2.822078	4.544273	0.000000	-0.000000	0.000000	-0.000000
-6.652634	5.026109	-2.750692	5.172149	1.775044	3.784786	0.000000	0.000000	0.000000	-0.000000
-4.286747	-0.000000	4.104964	0.008263	-0.062376	3.723414	0.000000	0.000000	0.000000	-0.000000
-9.219969	-4.991864	2.998873	-5.419682	-1.584703	-2.774795	0.000000	0.000000	0.000000	-0.000000
-2.959364	4.773606	-2.512310	-0.005258	3.908808	4.085298	0.000000	-0.000000	0.000000	-0.000000
-12.494484	0.005826	5.554046	5.206400	1.784308	-2.844615	0.000000	0.000000	-0.000000	-0.000000
-4.386715	0.001076	-0.424977	5.530800	-2.819665	-0.029688	0.000000	0.000000	0.000000	-0.000000
-8.271662	-5.417911	4.048120	-4.860061	-0.250712	-2.365034	0.000000	0.000000	-0.000000	-0.000000
-4.852744	4.841569	-4.467534	-5.320038	0.005797	-0.427972	0.001022	0.000000	0.000000	-0.000000
-9.899471	-5.264933	-3.107329	-0.000308	-3.047639	-4.459352	0.000000	-0.000000	0.000000	-0.000000
-4.471208	0.001203	3.810336	-0.012318	-0.172348	6.079386	0.000000	0.000000	0.000000	-0.000000
-6.830822	-5.301879	0.827699	5.401989	-0.902474	-3.697113	0.000000	0.000000	0.000000	-0.000000
-4.046764	0.000444	0.021364	5.616907	-2.790580	-0.018263	0.000000	0.000000	0.000000	-0.000000
-10.841170	5.924711	2.742846	5.239533	0.113516	5.130088	0.000000	-0.000000	0.000000	-0.000000
-4.523087	6.274228	-4.563001	-6.091762	1.189266	-1.630353	2.986527	0.000000	0.000000	0.000000
-11.940040	0.012789	-5.463614	-0.005926	0.581470	-1.871646	0.000000	0.000000	0.000000	-0.000000
-7.531420	5.152956	-2.560849	5.340762	1.464330	4.159805	0.000000	0.000000	0.000000	-0.000000
-8.442036	-0.000597	-4.381160	-4.638547	3.239751	-3.950962	0.000000	-0.000000	0.000000	-0.000000
-9.517025	0.019624	1.729633	-0.000047	-6.016117	-0.087189	0.000000	-0.000000	0.000000	-0.000000
-8.815378	-0.000000	-0.002866	5.030560	3.036711	-3.514142	0.000000	0.000000	-0.000000	-0.000000
-10.080426	-5.228781	6.503582	4.726372	-1.653797	-2.491610	0.000000	0.000000	0.000000	-0.000000
-10.762443	0.004283	3.773334	-4.373007	2.812151	-3.823654	1.762017	-0.000000	-0.000000	-0.000000
-2.420595	5.352038	-0.384291	-0.002845	3.618635	-0.040054	0.000000	0.000000	0.000000	-0.000000
-13.136083	5.179193	-0.435932	-0.009453	-2.105219	4.416245	0.000000	-0.000000	0.000000	-0.000000
-7.138787	0.007341	5.226633	5.237418	-4.202688	-0.002164	0.000000	-0.000000	0.000000	-0.000000
-9.546877	-4.884004	2.804384	-5.452026	-1.617654	-2.630420	0.000000	0.000000	0.000000	-0.000000
-4.656489	0.196129	3.453046	4.720142	-3.104334	-0.063609	0.000000	0.000000	0.000000	-0.000000
-7.326296	0.007363	5.334352	5.284997	-4.159231	-0.006714	0.000000	-0.000000	0.000000	-0.000000
-8.210882	-5.918341	0.152002	5.659809	0.088205	2.161695	0.000000	0.000000	0.000000	-0.000000
-8.682410	0.000036	-5.194345	-5.619791	4.185470	0.770320	0.000000	-0.000000	0.000000	-0.000000
-6.856996	-0.001367	0.513026	-5.286659	-2.266843	5.242429	0.000000	0.000000	0.000000	-0.000000
-3.422557	0.002757	-5.852835	-5.705224	-0.658712	4.220419	0.000000	-0.000000	-0.000000	-0.000000
-13.796608	-0.000510	3.536279	5.102938	2.290255	2.016879	0.000000	0.000000	0.000000	-0.000000
-8.653934	0.000033	3.308498	5.280311	-2.792244	5.748696	0.000000	-0.000000	0.000000	-0.000000
-0.854187	-0.000117	-2.003501	-0.007978	0.997497	5.111492	0.000000	0.000000	0.000000	-0.000000
-7.508519	0.044615	5.605167	5.209054	-4.125828	-0.002767	0.000000	-0.000000	0.000000	-0.000000
-6.624346	-5.091185	6.379088	-0.017024	0.788749	-2.972859	0.000000	0.000000	-0.000000	-0.000000
-7.909255	-5.690953	-0.596173	6.085834	0.099865	1.507037	0.000000	0.000000	0.000000	-0.000000
-13.826174	-0.000376	3.838129	5.209090	2.213090	1.658969	0.000000	0.000000	0.000000	-0.000000
-0.000033	0.000249	-0.159547	4.111271	-1.148983	-1.317971	0.000000	0.000000	0.000000	-0.000000
-6.621871	-5.123238	-0.027555	5.765765	-0.030098	-3.340819	0.000000	0.000000	0.000000	-0.000000
-6.855256	5.055296	-2.864305	5.184654	1.643746	3.860979	0.000000	0.000000	0.000000	-0.000000
-11.757138	-0.034766	-3.223711	-0.004398	0.005904	-6.213668	0.000000	-0.000000	0.000000	-0.000000
-12.314355	-0.001188	0.156504	-5.399089	2.759450	0.214301	0.000000	0.000000	0.000000	-0.000000
-4.247246	-5.571405	-0.822519	-0.058284	2.706026	2.006456	0.000000	0.000000	0.000000	-0.000000
-6.289097	5.423164	3.216285	-0.073022	3.218944	5.159605	0.000000	-0.000000	0.000000	-0.000000
-7.829491	-0.000059	-5.798512	-0.000121	-3.696702	4.058115	0.000000	0.000000	0.000000	-0.000000
-9.452771	5.413480	-6.971696	-0.000929	-0.328562	2.936590	0.000000	-0.000000	0.000000	-0.000000
-4.375236	5.378377	4.996552	-0.366191	1.990256	-0.005649	0.000000	0.000000	0.000000	-0.000000
-7.357158	-0.000075	-3.347950	-5.344675	2.568063	-4.355253	3.082504	0.000000	0.000000	0.000000
-11.760658	0.000385	0.165763	-5.537564	3.023204	0.031325	2.039712	-0.000000	0.000000	-0.000000
-9.893979	-5.296673	5.872752	4.845057	-1.390772	-3.089528	0.000000	0.000000	0.000000	-0.000000
-3.502588	-5.427469	-0.029440	-0.015313	2.138193	-2.959652	0.000000	0.000000	0.000000	-0.000000
-3.001640	-0.007909	5.717005	0.004785	-0.628377	-0.030590	0.000000	-0.000000	-0.000000	-0.000000
-8.416838	-0.000204	3.410680	5.330343	-2.821544	5.575212	0.000000	-0.000000	0.000000	-0.000000
-9.539762	5.453585	-7.253059	-0.000143	-0.172990	2.930012	0.000000	-0.000000	0.000000	-0.000000
-9.901630	-5.730529	0.576962	-5.975621	-0.202938	1.707804	0.000000	0.000000	0.000000	-0.000000
-12.588792	-0.005773	-6.214776	-0.140066	1.725772	0.255198	0.000000	-0.000000	0.000000	-0.000000
-8.042627	5.802891	0.670204	-6.112641	-0.084737	-0.576003	0.000000	0.000000	0.000000	-0.000000
-8.624021	5.688585	-5.167010	-0.000814	-1.620806	-1.842457	0.000000	0.000000	0.000000	-0.000000
-9.102724	0.007131	0.284922	-0.018454	-6.406841	-0.224108	0.000000	-0.000000	0.000000	-0.000000
-8.382599	-0.000576	1.885030	5.052885	-2.846354	6.056159	0.000000	-0.000000	0.000000	-0.000000
-12.613041	0.005225	5.559853	5.155204	1.560884	-3.252860	0.000000	0.000000	-0.000000	-0.000000
-7.121009	5.097746	-2.770449	5.224524	1.538205	3.977559	0.000000	0.000000	0.000000	-0.000000
-5.582841	0.001324	1.640538	-5.485774	-3.494816	-0.000049	0.000000	0.000000	0.000000	-0.000000
-11.513852	-5.656203	4.657224	5.127398	-1.092140	2.626500	0.000000	0.000000	0.000000	-0.000000
-6.463067	5.407622	3.564903	-0.117377	3.071627	5.042968	0.000003	-0.000000	0.000000	-0.000000
-10.440264	-5.305625	6.450723	4.922096	-1.877029	-1.642850	0.000000	0.000000	0.000000	-0.000000
-12.012770	0.011881	-4.730059	-0.000829	0.830272	-4.159663	0.000000	0.000000	0.000000	-0.000000
-5.751621	-5.532928	-3.392405	-5.344764	-0.046250	-3.572575	0.000000	-0.000000	0.000000	-0.000000
-6.368758	5.399559	3.162314	-0.028517	3.285486	5.204138	0.000000	-0.000000	0.000000	-0.000000
-4.405811	5.151134	4.454193	0.004706	2.444805	-0.031773	0.000000	0.000000	0.000000	-0.000000
-14.404144	-5.248022	0.117373	0.000043	-3.259338	2.227319	0.000000	-0.000000	0.000000	-0.000000
-4.452759	-5.633211	-1.185650	-0.014661	2.875164	1.770100	0.000000	0.000000	0.000000	-0.000000
-12.425474	0.062737	5.686446	4.998046	1.672106	-3.209192	0.000000	0.000000	-0.000000	-0.000000
-10.107651	-5.283412	6.419889	4.867794	-1.721135	-2.169290	0.000000	0.000000	0.000000	-0.000000
-6.912340	0.037872	5.282035	5.172297	-4.214769	-0.009034	0.000000	-0.000000	0.000000	-0.000000
-10.629879	-0.001023	0.013970	0.002897	-5.067198	5.405023	0.000000	-0.000000	0.000000	-0.000000
-6.472889	-0.000717	-4.293385	-0.000700	-4.830944	-0.488870	0.000000	0.000000	0.000000	-0.000000
-6.860446	-0.001756	-0.444574	-5.282747	-2.408028	5.289986	0.000000	0.000000	0.000000	-0.000000
-4.021861	-5.106792	-0.077707	0.011300	2.237543	-3.167717	0.000000	0.000000	0.000000	-0.000000
-4.108200	5.530194	4.630416	-0.969148	1.844133	0.098820	0.000000	0.000000	0.000000	-0.000000
-2.763343	0.008526	5.026240	-1.821852	-1.036283	-0.000279	0.000000	0.000000	0.000000	-0.000000
-10.337059	-5.508079	0.087986	-5.943467	-0.226435	1.966715	0.000000	0.000000	0.000000	-0.000000
-4.599679	-5.534245	-1.342753	-0.010293	2.878634	2.018422	0.000000	0.000000	0.000000	-0.000000
-6.957674	-5.189726	0.087626	5.705383	-0.471157	-3.831322	0.000000	0.000000	0.000000	-0.000000
-7.336937	-0.011455	5.265846	5.265317	-4.176336	-0.003252	0.000000	-0.000000	0.000000	-0.000000
-1.798046	-5.746469	-0.066681	0.003090	2.003393	-2.318087	0.000000	-0.000000	0.000000	-0.000000
-9.820188	-4.981838	2.695528	-5.845615	-1.368014	-1.788502	0.000000	0.000000	0.000000	-0.000000
-8.276924	5.622621	-5.725842	-0.001184	-0.427493	-2.808338	0.000000	0.000000	0.000000	-0.000000
-4.413672	-5.488860	-0.470540	-0.004959	2.840008	2.037210	0.000000	0.000000	0.000000	-0.000000
-5.290147	5.209025	-6.028687	-5.672490	1.890131	1.879627	0.000000	-0.000000	0.000000	-0.000000
-5.996079	-5.605943	-2.951631	-5.446491	-0.152540	-3.900956	0.000000	-0.000000	0.000000	-0.000000
-11.736320	-5.374135	4.735776	5.298193	-0.326208	2.357938	0.000000	0.000000	0.000000	-0.000000
-10.355946	-0.000377	-2.551152	5.687570	3.862938	0.428625	0.000000	0.000000	0.000000	-0.000000
-9.834776	0.076057	1.192712	-0.001717	-6.073932	-0.008964	0.000000	-0.000000	0.000000	-0.000000
-7.918236	-0.007759	-5.446479	-0.000286	-3.849758	4.019106	0.000000	0.000000	0.000000	-0.000000
-10.143721	-5.282321	-3.009728	-0.000027	-3.070968	-4.436007	0.000000	-0.000000	0.000000	-0.000000
-4.746688	-5.355986	-1.037722	-0.000043	3.001666	2.079724	0.000000	0.000000	0.000000	-0.000000
-9.418204	-4.950492	2.856229	-5.697749	-1.295068	-2.350283	0.000000	0.000000	0.000000	-0.000000
-7.262919	0.047220	5.222588	5.253428	-4.185070	-0.010065	0.000000	-0.000000	0.000000	-0.000000
-3.158819	0.011094	-6.064289	-5.667951	-0.129492	4.020685	0.000000	-0.000000	-0.000000	-0.000000
-3.970055	6.064899	-4.710865	-5.799102	0.866587	-1.898833	2.371447	0.000000	0.000000	-0.000000
-12.885084	-0.003969	-6.030908	-0.004101	1.458925	0.214327	0.000000	-0.000000	0.000000	-0.000000
-11.241761	0.005352	1.884245	-5.438996	1.272501	-3.356989	0.441526	0.000000	0.000000	-0.000000
-7.007797	5.849505	1.540130	-5.954343	-0.298502	-1.134595	0.000000	0.000000	0.000000	-0.000000
-6.919833	-0.002028	-0.225908	-5.240067	-2.413417	5.337619	0.000000	0.000000	0.000000	-0.000000
-7.130413	-0.000004	-3.291235	-5.389676	2.571073	-4.127600	2.854699	0.000000	0.000000	0.000000
-9.719071	-5.300800	-3.108434	-0.000846	-3.051813	-4.333452	0.000000	-0.000000	0.000000	-0.000000
-6.865734	0.000116	-4.074088	-0.000281	-4.916774	-0.561715	0.000000	0.000000	0.000000	-0.000000
-3.386335	0.035553	5.267930	-0.304658	-1.297700	-0.016752	0.000000	0.000000	-0.000000	-0.000000
-10.990545	0.005624	2.060213	-5.411882	1.412464	-3.734314	0.351493	0.000000	0.000000	-0.000000
-2.623922	0.000336	-2.523028	0.008026	0.426241	5.255086	0.000000	0.000000	0.000000	-0.000000
-4.599822	-5.342289	-0.813061	-0.003148	2.984544	1.961784	0.000000	0.000000	0.000000	-0.000000
-12.584394	-4.990649	3.072367	-0.005483	-4.125304	-2.965028	0.000000	-0.000000	0.000000	-0.000000
-10.181036	5.540988	-6.191381	-0.018933	-0.559571	3.062013	0.000000	-0.000000	0.000000	-0.000000
-12.918786	-0.002438	0.207839	-4.910884	2.746901	-0.110897	0.000000	0.000000	0.000000	-0.000000
-10.522585	-0.003170	-0.472935	-0.011321	-5.114417	5.252974	0.000000	-0.000000	0.000000	-0.000000
-8.308531	0.007983	-5.745461	-6.067397	3.665465	0.205224	0.000000	-0.000000	0.000000	-0.000000
-5.789459	0.001067	1.439400	-5.416805	-3.574047	-0.005314	0.000000	0.000000	0.000000	-0.000000
-8.118881	-0.000989	-4.201240	-4.952453	3.206612	-4.058043	0.000000	-0.000000	0.000000	-0.000000
-7.112539	0.012278	5.332527	5.080279	-4.313018	0.048192	0.000000	-0.000000	0.000000	-0.000000
-7.970718	5.721599	0.533170	-6.258342	-0.227809	-0.950099	0.000000	0.000000	0.000000	-0.000000
-8.340976	5.683013	0.627779	-6.029483	-0.467139	-0.041577	0.000000	0.000000	0.000000	-0.000000
-4.697530	5.228384	4.919665	-0.099048	2.206268	-0.008844	0.000000	0.000000	0.000000	-0.000000
-9.880529	0.001144	-0.071136	5.391628	2.875345	-3.498302	0.000000	0.000000	0.000000	-0.000000
-12.956800	-0.000246	3.767091	4.640922	2.658311	1.951236	0.000000	0.000000	0.000000	-0.000000
-11.267756	-5.703428	4.335775	5.296872	-0.818587	2.650158	0.000000	0.000000	0.000000	-0.000000
-12.086636	0.000870	2.566383	-5.493269	1.499338	-3.628266	1.819128	-0.000000	-0.000000	-0.000000
-11.617785	0.000680	2.091867	-5.041171	1.426238	-3.923936	0.772570	-0.000000	0.000000	-0.000000
-5.975841	0.003712	1.922128	-5.458580	-3.480769	-0.001079	0.000000	0.000000	0.000000	-0.000000
-10.296498	5.751915	2.774789	5.100985	0.705100	4.950770	0.000000	-0.000000	0.000000	-0.000000
-7.071896	-5.941089	-5.067165	-5.163529	1.014469	0.973830	0.000000	-0.000000	0.000000	-0.000000
-2.205308	5.487699	-0.023111	-0.002458	3.501836	-0.009234	0.000000	0.000000	0.000000	-0.000000
-14.669766	0.004450	0.065013	-0.001535	0.177265	1.617746	0.000000	0.000000	0.000000	-0.000000
-13.079287	5.173812	-0.197688	-0.006693	-2.168406	4.391774	0.000000	-0.000000	0.000000	-0.000000
-11.540916	-5.677721	-4.831536	-0.001513	-1.911245	-0.007199	0.000000	0.000000	0.000000	-0.000000
-4.354419	6.128149	-4.709915	-5.953023	1.027605	-2.233782	2.422286	0.000000	0.000000	-0.000000
-9.459419	-4.928274	2.609010	-5.214632	-1.914761	-2.884062	0.000000	0.000000	0.000000	-0.000000
-15.846506	-0.000435	0.494797	-0.010586	0.253883	-0.089854	0.000000	-0.000000	0.000000	-0.000000
-8.406841	0.000901	-5.714437	-6.039819	3.776884	-0.120163	0.000000	-0.000000	0.000000	-0.000000
-6.652860	0.003631	-3.675407	-0.000325	-5.032826	-1.076679	0.000000	0.000000	0.000000	-0.000000
-10.500254	-0.001399	-2.869435	5.782333	4.174422	-0.464778	0.000000	0.000000	0.000000	-0.000000
-11.366468	6.128782	0.237369	-0.000301	-2.888866	-0.058467	0.000000	0.000000	0.000000	-0.000000
-8.315141	-5.411312	5.317584	-0.449111	1.474898	2.839829	0.000000	0.000000	0.000000	-0.000000
-1.954658	0.001470	-2.071106	-0.008621	1.161923	5.193747	0.000000	0.000000	0.000000	-0.000000
-3.206465	-5.555042	-0.166458	-0.310507	2.162646	-2.768433	0.000000	-0.000000	0.000000	-0.000000
-3.300231	0.002210	-4.395595	-4.746309	-2.242151	-1.041383	1.280185	-0.000000	0.000000	-0.000000
-4.914887	5.439092	-5.231389	-4.595278	0.419421	-1.872591	0.000000	-0.000000	0.000000	-0.000000
-6.930182	-0.002229	0.275275	-5.236220	-2.344221	5.309889	0.000000	0.000000	0.000000	-0.000000
-7.572613	-5.519103	-0.892544	5.975508	0.877579	1.013256	0.000000	0.000000	0.000000	-0.000000
-7.046856	-5.292804	-0.080615	5.576301	-0.826523	-3.698368	0.000000	0.000000	0.000000	-0.000000
-5.649505	5.212970	-6.576497	-5.355771	1.967662	3.465221	0.000000	-0.000000	0.000000	-0.000000
-4.134236	-0.000355	3.323338	0.019250	-0.173361	6.140538	0.000000	0.000000	0.000000	-0.000000
-11.659184	0.017895	-3.410010	-0.000576	0.137093	-5.993212	0.000000	-0.000000	0.000000	-0.000000
-8.187757	0.010367	5.646209	-0.936680	3.876287	-3.515085	0.000000	0.000000	-0.000000	-0.000000
-7.160573	5.191074	-3.197635	5.221159	1.186729	3.793708	0.000000	0.000000	0.000000	-0.000000
-7.089042	0.024361	5.238484	5.177014	-4.230384	-0.002916	0.000000	-0.000000	0.000000	-0.000000
-4.958097	5.290467	-5.039742	-5.906755	1.511670	-0.410690	0.000000	-0.000000	0.000000	-0.000000
-4.607856	5.399225	4.815366	-0.439407	2.054738	-0.003819	0.000000	0.000000	0.000000	-0.000000
-11.050378	0.002623	1.650725	-5.316042	1.593618	-3.601527	0.370329	0.000000	0.000000	-0.000000
-6.366773	5.408295	3.042600	-0.014324	3.332552	5.240877	0.000000	-0.000000	0.000000	-0.000000
-4.317059	0.001338	-0.098474	5.495179	-2.842767	-0.076358	0.000000	0.000000	0.000000	-0.000000
-8.637199	-6.002513	-0.929573	5.695744	0.046693	1.737499	0.000000	0.000000	0.000000	-0.000000
-12.801250	-4.815484	2.647075	-0.000686	-4.202203	-3.115219	0.000000	-0.000000	0.000000	-0.000000
-7.842834	4.638122	-4.588948	-0.001734	-2.913395	-1.136040	0.000000	0.000000	0.000000	-0.000000
-3.752849	0.006458	-4.452492	-4.878457	-1.963946	-0.311056	1.972337	0.000000	0.000000	-0.000000
-6.167515	-5.214244	6.463214	-0.818157	0.813953	-2.645677	0.000000	0.000000	-0.000000	-0.000000
-13.414433	-0.000403	3.575589	5.103462	2.394764	1.896623	0.000000	0.000000	0.000000	-0.000000
-10.720635	5.839453	2.670235	5.277388	0.597735	5.043994	0.000000	-0.000000	0.000000	-0.000000
-9.876105	0.033296	0.829883	-0.003721	-6.135993	-0.062238	0.000000	-0.000000	0.000000	-0.000000
-8.984241	0.000440	3.296818	5.224339	-2.718412	5.921901	0.000000	-0.000000	0.000000	-0.000000
-1.152717	0.000252	-1.946118	-0.003741	1.097049	5.107979	0.000000	0.000000	0.000000	-0.000000
-3.561804	0.007245	-5.671705	-5.691462	-1.104342	4.394930	0.000000	-0.000000	-0.000000	-0.000000
-14.003099	0.366600	0.591096	-0.001025	-0.251641	-4.548666	0.000000	0.000000	0.000000	-0.000000
-4.823339	5.230719	-5.006485	-5.941678	1.565511	-0.303737	0.000000	-0.000000	0.000000	-0.000000
-7.068496	5.129389	-2.847765	5.207827	1.451192	3.902051	0.000000	0.000000	0.000000	-0.000000
-10.393821	5.727613	2.764529	5.251534	0.825891	4.950532	0.000000	-0.000000	0.000000	-0.000000
-3.390224	0.039747	-4.283710	-4.796315	-2.226807	-0.765418	1.757351	0.000000	0.000000	-0.000000
-12.381439	0.041144	4.891005	5.307279	0.450923	-4.302610	0.000000	0.000000	-0.000000	-0.000000
-6.269576	-4.956531	7.034756	-0.023220	0.122765	-0.553497	0.000000	0.000000	-0.000000	-0.000000
-10.493798	-0.001504	-2.364580	5.586952	4.135355	-0.023207	0.000000	0.000000	0.000000	-0.000000
-16.009668	-0.000276	0.188527	-0.005153	0.133449	0.417981	0.000000	-0.000000	0.000000	-0.000000
-13.271018	0.000864	0.000025	-0.003068	0.977424	1.458398	0.000000	0.000000	0.000000	-0.000000
-4.008099	0.002788	-0.114225	5.898610	-2.676387	-0.274297	0.000000	0.000000	0.000000	-0.000000
-4.837396	0.001488	0.013125	-0.000584	5.269598	-4.394114	0.000000	-0.000000	0.000000	-0.000000
-10.201879	-0.000401	-2.303094	5.499027	3.889623	0.588934	0.000000	0.000000	0.000000	-0.000000
-7.135934	5.246049	-2.585364	5.263752	1.106466	3.807079	0.000000	0.000000	0.000000	-0.000000
-14.533688	-0.001949	0.295921	-0.002600	-0.351683	2.091195	0.000000	-0.000000	0.000000	-0.000000
-6.364826	-0.001056	-1.512297	-0.020663	6.370518	-0.026447	0.000000	0.000000	0.000000	-0.000000
-5.907897	5.286430	-6.283198	-5.332440	1.967328	3.606775	0.000000	-0.000000	0.000000	-0.000000
-6.853545	5.102134	3.394064	-0.000049	2.221233	4.614109	2.954983	0.000000	0.000000	0.000000
-6.792061	0.000539	-4.878385	-0.000101	-4.466667	-0.049190	0.000000	0.000000	0.000000	-0.000000
-12.540309	0.216854	5.589736	5.001954	1.633753	-3.246407	0.000000	0.000000	-0.000000	-0.000000
-8.326621	5.589767	-5.328354	-0.000621	-1.614931	-1.677378	0.000000	0.000000	0.000000	-0.000000
-7.542366	5.157275	-2.556761	5.286018	1.461308	4.169977	0.000000	0.000000	0.000000	-0.000000
-2.572310	-0.001446	-3.708735	-5.459993	-2.371471	-0.003222	0.000000	0.000000	-0.000000	-0.000000
-7.587058	0.002243	-2.927933	-5.721979	2.443424	-5.547945	0.000011	-0.000000	0.000000	-0.000000
-8.642776	5.746514	4.730844	4.941681	-1.157788	-0.010832	0.000000	0.000000	0.000000	-0.000000
-14.164775	-5.352011	0.257462	-0.012189	-3.272097	2.205097	0.000000	-0.000000	0.000000	-0.000000
-6.475691	-4.919706	6.878939	0.033011	0.067670	-2.223209	0.000000	0.000000	-0.000000	-0.000000
-4.348172	5.046738	-5.087066	-5.430047	1.003234	-2.190317	0.115543	-0.000000	0.000000	-0.000000
-9.184804	0.025752	0.289770	5.151986	2.909454	-3.887935	0.000000	0.000000	0.000000	-0.000000
-13.897398	-0.000484	3.698866	4.985431	2.261848	2.022366	0.000000	0.000000	0.000000	-0.000000
-9.510574	-4.847817	2.575901	-5.172068	-1.991792	-2.768336	0.000000	0.000000	0.000000	-0.000000
-0.000000	0.001543	0.075020	-0.079595	0.193191	0.000928	0.000000	0.000000	0.000000	-0.000000
-10.211196	-5.265078	6.132183	4.872488	-1.452733	-3.034752	0.000000	0.000000	0.000000	-0.000000
-12.736180	-4.933303	2.833838	-0.024354	-4.197758	-2.984874	0.000000	-0.000000	0.000000	-0.000000
-14.788074	0.626145	1.715726	-0.011461	-0.646698	-4.466957	0.000000	0.000000	0.000000	-0.000000
-6.477067	0.001259	-1.712463	-0.010162	6.357783	1.061463	0.000000	0.000000	0.000000	-0.000000
-4.492148	-5.505936	-0.420338	-0.005308	2.860357	2.068874	0.000000	0.000000	0.000000	-0.000000
-12.832682	5.198622	0.166378	-0.050769	-2.271714	4.300484	0.000000	-0.000000	0.000000	-0.000000
-11.549461	-5.770476	-4.971912	-0.000324	-1.980628	0.579844	0.000000	0.000000	0.000000	-0.000000
-5.395166	0.002258	4.210704	-0.001533	-0.176386	5.788688	0.000000	0.000000	0.000000	-0.000000
-12.140834	0.035566	-4.431849	-0.001166	0.256195	-4.580108	0.000000	0.000000	0.000000	-0.000000
-4.583252	-5.476217	-0.511569	-0.012726	2.905523	2.058282	0.000000	0.000000	0.000000	-0.000000
-7.824483	0.003127	-5.611265	-0.004737	-3.778088	4.006794	0.000000	0.000000	0.000000	-0.000000
-0.421369	5.799174	-0.112939	-0.005887	3.247377	-0.227227	0.000000	-0.000000	0.000000	-0.000000
-2.562086	4.785209	-2.438816	-0.002393	3.827975	3.915878	0.000000	-0.000000	0.000000	-0.000000
-7.654072	-5.403156	-5.116103	-5.133528	1.556295	0.452365	0.000000	-0.000000	0.000000	-0.000000
-13.099335	5.201631	-0.013786	-0.069182	-2.154490	4.346120	0.000000	-0.000000	0.000000	-0.000000
-10.301255	-5.230705	-3.289311	-0.000116	-2.983132	-4.278584	0.000000	-0.000000	0.000000	-0.000000
-4.379070	5.346787	-5.272579	-5.381775	0.997919	-1.552236	0.000133	-0.000000	0.000000	-0.000000
-5.637481	5.599846	-0.321749	5.739636	0.421882	-0.284607	0.000000	0.000000	0.000000	-0.000000
-11.159301	-5.817274	-5.301608	-0.002789	-1.889401	0.749698	0.000000	0.000000	0.000000	-0.000000
-0.300398	-0.000749	-1.308248	-0.003041	0.903474	4.952292	0.000000	0.000000	0.000000	-0.000000
-8.107463	-0.000203	3.962801	5.257626	-2.860674	5.137747	0.000000	-0.000000	0.000000	-0.000000
-12.809681	-4.845609	2.195194	-0.000808	-4.248309	-3.183047	0.000000	-0.000000	0.000000	-0.000000
-9.033236	-0.000773	-5.316491	-5.688788	4.204047	0.653546	0.000000	-0.000000	0.000000	-0.000000
-7.744670	4.884846	-4.684495	-0.000903	-2.605302	-1.631995	0.000000	0.000000	0.000000	-0.000000
-6.269269	5.331114	4.134490	-0.101133	2.745346	4.718040	0.000000	0.000000	0.000000	-0.000000
-9.769149	-5.639720	0.056833	-5.972586	-0.015247	2.072466	0.000000	0.000000	0.000000	-0.000000
-8.507339	5.790447	4.084342	4.638656	0.007099	-0.495477	0.000000	0.000000	0.000000	-0.000000
-6.889140	-5.310271	0.311590	5.592581	-0.832029	-3.509254	0.000000	0.000000	0.000000	-0.000000
-12.736195	-4.816128	2.425504	-0.000073	-4.247866	-3.239080	0.000000	-0.000000	0.000000	-0.000000
-12.471986	-0.000571	-6.139365	-0.002747	1.748196	0.317343	0.000000	-0.000000	0.000000	-0.000000
-10.575203	-0.000419	0.181339	-0.019692	-5.061256	5.400559	0.000000	-0.000000	0.000000	-0.000000
-3.291444	-0.000313	5.326547	0.011291	-1.207742	0.004524	0.000000	-0.000000	-0.000000	-0.000000
-6.591398	5.369459	3.405314	-0.022144	3.219623	5.148463	0.000000	-0.000000	0.000000	-0.000000
-4.901529	0.000264	3.702606	-0.007134	-0.013913	6.194439	0.000000	0.000000	0.000000	-0.000000
-8.088944	-0.002653	-5.696093	-0.001550	-3.743486	4.139325	0.000000	0.000000	0.000000	-0.000000
-4.626614	-5.444849	-0.824194	-0.065849	2.892403	2.085874	0.000000	0.000000	0.000000	-0.000000
-3.517614	-0.000000	4.235810	-0.909397	-0.085858	0.035890	0.000000	0.000000	0.000000	-0.000000
-9.514242	5.409004	-7.161854	-0.001124	-0.375265	2.887514	0.000000	-0.000000	0.000000	-0.000000
-10.417553	-0.025795	-0.008312	-0.015675	0.067585	0.009303	0.000000	0.000000	0.000000	0.000000
-13.000679	-4.969149	2.177356	-0.009892	-4.168062	-2.849329	0.000000	-0.000000	0.000000	-0.000000
-10.495151	-5.266271	6.514512	4.974131	-1.860894	-1.771165	0.000000	0.000000	0.000000	-0.000000
-6.595283	-0.001346	0.439096	-5.255487	-2.181327	5.365354	0.000000	0.000000	0.000000	-0.000000
-12.980574	-4.907023	2.745903	-0.001018	-4.144196	-2.904739	0.000000	-0.000000	0.000000	-0.000000
-15.335605	0.207348	0.596540	-0.000359	-0.286256	-3.352452	0.000000	0.000000	0.000000	-0.000000
-8.901987	5.264368	-0.097561	-5.484049	1.187639	4.672835	0.000000	-0.000000	0.000000	-0.000000
-11.721315	-4.562746	-5.019912	-0.000023	-3.707906	-4.823999	2.984897	0.000000	0.000000	0.000000
-10.710187	0.001156	2.945130	-4.607654	2.097519	-3.638129	0.985847	-0.000000	0.000000	-0.000000
-6.309463	0.102607	4.768520	5.053071	-4.141403	-0.005360	0.000000	-0.000000	0.000000	-0.000000
-7.830212	-5.504458	4.683015	-0.005948	1.680206	3.038885	0.000000	0.000000	0.000000	-0.000000
-6.240220	-5.118391	5.843320	-0.192760	0.807771	0.837672	0.000000	0.000000	0.000000	-0.000000
-4.351550	0.000147	3.665648	-0.050954	-0.241695	6.126961	0.000000	0.000000	0.000000	-0.000000
-5.963054	0.000917	-1.188263	0.002866	6.195569	1.812496	0.000000	0.000000	0.000000	-0.000000
-8.239189	5.539371	-5.231917	-0.000056	-1.691937	-1.719998	0.000000	0.000000	0.000000	-0.000000
-7.783210	-5.521414	4.584810	-0.005822	1.690598	3.048930	0.000000	0.000000	0.000000	-0.000000
-2.785683	4.640932	-1.111974	-0.050593	3.752423	4.161690	0.000000	-0.000000	0.000000	-0.000000
-7.805007	-5.467888	4.693782	-0.031303	1.575467	3.046548	0.000000	0.000000	0.000000	-0.000000
-9.987453	-0.001046	4.380728	-0.065852	4.541341	2.370357	0.000000	0.000000	0.000000	-0.000000
-8.751653	0.000023	3.330321	5.225585	-2.790389	5.820376	0.000000	-0.000000	0.000000	-0.000000
-4.227251	5.158640	4.456155	-0.043083	2.037528	-0.000487	0.000000	0.000000	0.000000	-0.000000
-5.037872	-5.342252	-0.660156	-0.020057	3.126340	2.094205	0.000000	0.000000	0.000000	-0.000000
-14.669810	0.638527	1.880906	-0.012253	-0.625742	-4.530278	0.000000	0.000000	-0.000000	-0.000000
-9.842164	-5.281859	5.828675	4.983890	-1.391551	-2.898443	0.000000	0.000000	0.000000	-0.000000
-3.024005	5.467107	-0.903695	-0.000418	2.718802	-2.355119	0.000000	0.000000	0.000000	-0.000000
-5.897101	-0.023610	-2.121804	-0.061940	5.827836	1.949569	0.000000	0.000000	0.000000	-0.000000
-6.046978	-0.005101	-1.879629	-0.002475	6.034239	1.708597	0.000000	0.000000	0.000000	-0.000000
-8.394601	5.707306	-5.441178	-0.000619	-1.382691	-1.885002	0.000000	0.000000	0.000000	-0.000000
-10.768957	5.534373	-5.628888	-0.000060	-0.777466	3.119249	0.000000	-0.000000	0.000000	-0.000000
-0.980436	0.015467	-3.212005	-5.890935	-1.552470	-1.993734	0.000000	-0.000000	-0.000000	-0.000000
-6.409830	5.392128	3.106283	-0.004774	3.332134	5.224414	0.000000	-0.000000	0.000000	-0.000000
-7.628691	0.005274	-5.846416	-0.000727	-3.662308	3.977646	0.000000	0.000000	0.000000	-0.000000
-6.044956	0.003312	1.581597	-5.393012	-3.575306	-0.000580	0.000000	0.000000	0.000000	-0.000000
-7.526129	0.005497	5.352251	-0.012660	4.317591	-3.276032	0.000000	0.000000	-0.000000	-0.000000
-11.567851	-5.633932	4.477702	5.302604	-0.941432	2.669977	0.000000	0.000000	0.000000	-0.000000
-6.272663	-0.007266	-0.114038	-0.000462	5.100837	-4.159060	1.657701	-0.000000	-0.000000	-0.000000
-7.219543	-5.982569	-4.626076	-5.169360	1.068471	1.548856	0.000000	-0.000000	0.000000	-0.000000
-4.521034	0.000325	3.655259	-0.000101	-0.146636	6.149549	0.000000	0.000000	0.000000	-0.000000
-8.269847	-5.967391	-1.692911	5.575631	0.051369	1.834752	0.000000	0.000000	0.000000	-0.000000
-11.583910	6.203884	0.257145	-0.008043	-2.777775	-0.015524	0.000000	0.000000	0.000000	-0.000000
-7.345895	0.007369	5.341873	5.252724	-4.172984	0.000021	0.000000	-0.000000	0.000000	-0.000000
-3.252428	-0.000000	4.513178	-0.089793	-0.261153	0.009597	0.000000	0.000000	0.000000	-0.000000
-5.775909	5.243577	-6.711016	-5.366045	2.015037	3.510736	0.000000	-0.000000	0.000000	-0.000000
-4.524800	5.175817	4.491105	-0.010509	2.413597	-0.062109	0.000000	0.000000	0.000000	-0.000000
-9.161674	5.241364	0.102013	-5.567707	0.973609	4.461597	0.000000	0.000000	0.000000	-0.000000
-4.700644	0.009310	0.004796	5.490451	-2.958046	-0.038878	0.000000	0.000000	0.000000	-0.000000
-8.604047	5.826631	4.293188	4.603621	-0.057059	-0.006455	0.000000	0.000000	0.000000	-0.000000
-12.403311	-0.000795	-6.384250	-0.000073	1.725818	0.286448	0.000000	-0.000000	0.000000	-0.000000
-7.650041	-5.462444	4.648771	-0.023129	1.634908	3.068753	0.000000	0.000000	0.000000	-0.000000
-11.037499	0.003637	2.071395	-5.361739	1.468152	-3.752661	0.357648	0.000000	0.000000	-0.000000
-12.246396	-0.001880	-0.021552	-5.558265	2.611650	1.560040	0.000000	-0.000000	0.000000	-0.000000
-5.640660	5.490869	-0.012339	5.755289	0.185960	-0.635125	0.000000	0.000000	0.000000	-0.000000
-8.516589	-0.000291	3.250378	5.165467	-2.861505	5.764469	0.000000	-0.000000	0.000000	-0.000000
-3.742648	5.202694	4.065144	-0.140820	2.554569	-0.009471	0.000000	0.000000	0.000000	-0.000000
-10.820463	-5.292413	6.269019	5.229824	-1.815516	-1.444401	0.000000	0.000000	0.000000	-0.000000
-10.910242	-0.004013	0.046418	-0.044349	-5.032743	5.528481	0.000000	-0.000000	0.000000	-0.000000
-7.317251	0.024833	5.327061	5.200321	-4.210478	-0.002176	0.000000	-0.000000	0.000000	-0.000000
-12.580331	-4.963183	3.030012	-0.000924	-4.125298	-3.047515	0.000000	-0.000000	0.000000	-0.000000
-4.821364	0.001686	3.816086	-0.014141	-0.159308	6.142210	0.000000	0.000000	0.000000	-0.000000
-7.905199	-5.553532	-1.171384	5.986543	0.816332	1.478156	0.000000	0.000000	0.000000	-0.000000
-6.507148	-0.006271	0.877687	-5.036861	-3.960031	-0.001039	0.000000	0.000000	0.000000	-0.000000
-9.992743	-0.000254	-1.783817	5.424448	3.998953	0.334173	0.000000	0.000000	0.000000	-0.000000
-12.347658	0.084172	5.767580	4.881193	1.771128	-3.082278	0.000000	0.000000	-0.000000	-0.000000
-9.080501	5.240993	-0.001756	-5.561891	1.012125	4.507655	0.000000	0.000000	0.000000	-0.000000
-4.508722	0.001579	-0.488130	5.441031	-2.849677	-0.025491	0.000000	0.000000	0.000000	-0.000000
-11.760390	-0.004920	-4.365876	0.000045	0.261074	-5.184034	0.000001	-0.000000	0.000000	-0.000000
-11.192890	-5.234581	4.525200	5.420904	-0.074657	1.155734	0.000000	0.000000	0.000000	-0.000000
-14.586602	0.349057	0.277450	-0.004698	-0.253994	-3.752352	0.000000	0.000000	0.000000	-0.000000
-16.102205	-0.000741	0.457013	-0.074249	0.193015	-0.028401	0.000000	-0.000000	0.000000	-0.000000
-10.717453	0.032479	1.509322	-5.976461	1.153100	-3.528901	0.039043	0.000000	0.000000	-0.000000
-5.919311	5.266946	-6.632647	-5.356133	1.959419	3.560695	0.000000	-0.000000	0.000000	-0.000000
-0.000000	0.001000	0.100272	-0.880196	-0.149153	-0.000134	0.000000	0.000000	0.000000	-0.000000
-6.489380	5.411226	2.999586	-0.048292	3.391290	5.260929	0.000000	-0.000000	0.000000	-0.000000
-4.306072	-4.699576	0.187555	0.010544	2.135145	-3.837976	0.000000	0.000000	0.000000	-0.000000
-13.091001	-0.002614	0.003800	-4.766989	2.830479	0.628016	0.000000	-0.000000	0.000000	-0.000000
-7.454391	-0.001893	0.346948	-5.471524	-2.345938	4.605689	2.907032	0.000000	0.000000	0.000000
-13.144376	-0.000097	3.560776	5.079587	2.480532	2.011296	0.000000	0.000000	0.000000	-0.000000
-11.528883	-5.511209	4.770717	5.305114	-0.629821	1.938088	0.000000	0.000000	0.000000	-0.000000
-14.404466	-5.227238	0.117995	-0.000815	-3.263417	2.224886	0.000000	-0.000000	0.000000	-0.000000
-3.687324	-0.004036	-5.910689	-5.631941	-1.404001	4.423050	0.000000	-0.000000	-0.000000	-0.000000
-11.486622	5.757516	1.325302	-0.008999	-3.182765	-0.105689	0.000000	0.000000	0.000000	-0.000000
-9.881936	-5.183980	0.032292	-5.254791	0.074767	3.250419	2.316300	0.000000	0.000000	-0.000000
-4.121384	5.134487	4.430381	-0.036157	2.449442	-0.037367	0.000000	0.000000	0.000000	-0.000000
-10.024372	-0.000252	-2.341804	5.510189	3.851932	0.657559	0.000000	0.000000	0.000000	-0.000000
-6.338708	5.356529	3.813690	-0.008277	2.946234	4.912614	0.000001	0.000000	0.000000	-0.000000
-8.657841	-5.299226	-0.000671	3.605201	-0.001941	-0.001584	0.000000	0.000000	0.000000	-0.000000
-8.570770	5.992375	-5.629341	0.000114	-1.047670	-1.453080	0.000000	0.000000	0.000000	-0.000000
-11.762004	-0.042603	-4.854414	0.000082	1.592396	-0.019843	0.000000	0.000000	0.000000	-0.000000
-7.407410	5.181970	-2.987949	5.210648	1.301028	3.995080	0.000000	0.000000	0.000000	-0.000000
-0.000000	0.000171	0.148991	-0.020220	-0.370883	-0.262248	0.000000	0.000000	0.000000	-0.000000
-1.212873	5.784391	-0.002644	-0.003102	2.831092	-1.443956	0.000000	-0.000000	0.000000	-0.000000
-8.537428	0.000994	-5.593379	-5.878674	3.861609	0.602748	0.000000	-0.000000	0.000000	-0.000000
-3.413963	-0.001887	-5.856723	-5.614913	-1.528948	4.378172	0.000000	-0.000000	-0.000000	-0.000000
-6.171422	-5.615380	-3.171408	-5.378908	-0.480954	-3.497129	0.000000	-0.000000	0.000000	-0.000000
-6.799296	0.039296	5.039565	5.209984	-4.190850	-0.016194	0.000000	-0.000000	0.000000	-0.000000
-13.186316	5.199886	0.009432	-0.004538	-2.163157	4.375395	0.000000	-0.000000	0.000000	-0.000000
-12.561271	-0.001025	-5.958977	-0.006690	1.201871	-0.556454	0.000000	0.000000	0.000000	-0.000000
-7.702724	-0.000288	-3.515067	-5.332139	3.011134	-4.673182	0.005822	-0.000000	0.000000	-0.000000
-2.941887	4.709911	-2.205306	-0.004228	3.996561	4.071950	0.000000	-0.000000	0.000000	-0.000000
-0.000000	-0.002621	-0.069498	-0.002951	-0.227542	-0.001338	0.000000	0.000000	0.000000	-0.000000
-14.359876	0.209651	1.691270	-0.000257	-0.637508	-4.695606	0.000000	0.000000	0.000000	-0.000000
-9.920807	5.537793	-6.800499	-0.001946	-0.344103	2.976863	0.000000	-0.000000	0.000000	-0.000000
-10.313018	5.822728	2.616907	5.211967	0.372468	4.970513	0.000000	-0.000000	0.000000	-0.000000
-12.139208	0.099777	-3.143956	0.000088	-0.043314	-5.884555	0.000000	-0.000000	0.000000	-0.000000
-4.109151	0.001060	-0.049472	5.638069	-2.806634	-0.034459	0.000000	0.000000	0.000000	-0.000000
-4.821577	0.003600	4.149589	-0.132741	-0.006180	5.924239	0.000000	0.000000	0.000000	-0.000000
-6.786303	-0.002052	-0.006544	-5.212029	-2.351906	5.390454	0.000000	0.000000	0.000000	-0.000000
-12.123187	0.008798	5.414670	4.881088	1.576897	-3.683346	0.000000	0.000000	-0.000000	-0.000000
-9.985998	0.004013	-0.710557	5.397198	3.776243	0.995681	0.000000	0.000000	0.000000	-0.000000
-8.206541	-5.523603	4.959039	-0.187937	1.562007	2.911994	0.000000	0.000000	0.000000	-0.000000
-4.868720	-0.000012	0.664851	-0.896102	5.192354	-4.414834	0.000000	-0.000000	0.000000	-0.000000
-7.153778	5.138866	-2.422968	5.190893	1.616394	4.008306	0.000000	0.000000	0.000000	-0.000000
-12.342688	0.000670	2.173796	4.848676	2.787645	1.890200	0.000000	0.000000	0.000000	-0.000000
-6.810519	5.096544	-2.720385	5.279121	1.518375	3.769354	0.000000	0.000000	0.000000	-0.000000
-0.000000	0.000525	-0.189183	0.000576	-0.136653	-0.193610	0.000000	0.000000	0.000000	-0.000000
-6.629416	0.005415	-4.034184	-0.000864	-4.848339	-1.321699	0.000000	0.000000	0.000000	-0.000000
-9.058304	-0.000840	-5.177809	-5.676671	4.321239	0.438452	0.000000	-0.000000	0.000000	-0.000000
-0.000000	0.000449	-0.196881	-0.015811	-0.171032	-0.007913	0.000000	0.000000	0.000000	-0.000000
-6.529235	0.003075	-4.303606	0.000038	-4.729854	-1.377224	0.000000	0.000000	0.000000	-0.000000
-8.553302	5.772114	0.275457	-5.446064	-0.719662	-0.126164	0.000000	0.000000	0.000000	-0.000000
-14.621156	-5.128955	0.395019	-0.023720	-3.241604	2.224384	0.000000	-0.000000	0.000000	-0.000000
-11.842424	6.343003	-0.289655	0.001042	-2.549880	-0.015151	0.000000	0.000000	0.000000	-0.000000
-6.170178	-0.000948	-1.821423	-0.004304	6.250384	0.731466	0.000000	0.000000	0.000000	-0.000000
-8.327095	-0.001231	3.296297	0.028372	5.600936	2.141100	0.000000	0.000000	0.000000	-0.000000
-7.857585	-5.707659	-1.289613	5.856279	0.586403	1.676808	0.000000	0.000000	0.000000	-0.000000
-11.551761	5.965186	0.115443	-0.024239	-2.951933	-0.641490	0.000000	0.000000	0.000000	-0.000000
-11.225466	-5.697152	4.390337	5.173326	-0.596477	2.542171	0.000000	0.000000	0.000000	-0.000000
-4.301469	5.228434	4.993387	-0.121754	2.147462	-0.034532	0.000000	0.000000	0.000000	-0.000000
-4.495780	-5.406959	-0.967137	-0.002887	2.848068	2.088678	0.000000	0.000000	0.000000	-0.000000
-2.729414	-0.001016	-3.756528	-5.453232	-2.419443	-0.175967	0.000000	0.000000	-0.000000	-0.000000
-12.308862	4.475585	0.055707	0.000788	-2.802006	4.528204	0.000000	-0.000000	0.000000	-0.000000
-6.385159	0.002283	-1.832828	-0.022690	6.299892	1.188757	0.000000	0.000000	0.000000	-0.000000
-8.380952	-0.000504	-4.441985	-4.788197	3.319561	-3.732987	0.000000	-0.000000	0.000000	-0.000000
-7.449979	-5.667391	4.246991	-0.030742	1.713022	3.026775	0.000000	0.000000	0.000000	-0.000000
-7.614464	0.001618	5.138965	-0.026461	4.538803	-3.145511	0.000000	0.000000	-0.000000	-0.000000
-10.757555	5.542989	-5.493326	-0.002810	-0.811017	3.121458	0.000000	-0.000000	0.000000	-0.000000
-14.544249	0.006721	1.378170	-0.002301	-0.174036	-3.950924	0.000000	0.000000	0.000000	-0.000000
-14.576051	-5.165629	0.148690	-0.002601	-3.221197	2.178434	0.000000	-0.000000	0.000000	-0.000000
-15.733609	-0.000311	0.520442	-0.021378	0.354465	0.613726	0.000000	-0.000000	0.000000	-0.000000
-11.151129	-5.713412	4.468049	5.123447	-1.116782	2.685621	0.000000	0.000000	0.000000	-0.000000
-4.722735	5.255284	5.075026	-0.098870	2.132432	-0.003013	0.000000	0.000000	0.000000	-0.000000
-5.833492	5.251941	-6.780813	-5.373078	2.014525	3.522911	0.000000	-0.000000	0.000000	-0.000000
-9.592646	-4.876359	2.666116	-5.335310	-1.880335	-2.479141	0.000000	0.000000	0.000000	-0.000000
-7.437197	0.000933	-4.146643	-5.215948	2.831272	-4.717730	0.000000	-0.000000	0.000000	-0.000000
-5.803253	0.006220	2.090601	-5.545650	-3.378979	-0.018638	0.000000	0.000000	0.000000	-0.000000
-4.091943	-5.517955	-0.856128	0.004967	2.713906	2.003949	0.000000	0.000000	0.000000	-0.000000
-12.787752	-0.001942	-6.079541	-0.000794	1.312491	-0.115184	0.000000	-0.000000	0.000000	-0.000000
-9.539886	5.430947	-6.892184	-0.004050	-0.371700	2.940276	0.000000	-0.000000	0.000000	-0.000000
-3.781607	-0.000952	-5.554789	-5.630999	-1.582911	4.463809	0.000000	-0.000000	-0.000000	-0.000000
-4.791058	5.182733	4.609800	-0.037994	2.349133	-0.423387	0.000000	0.000000	0.000000	-0.000000
-9.517017	5.065689	0.001694	-5.739911	0.358479	4.018775	0.000000	0.000000	0.000000	-0.000000
-13.025559	-5.117772	2.802572	-0.000866	-4.103312	-2.538589	0.000000	-0.000000	0.000000	-0.000000
-6.740089	5.018578	-2.766626	5.311253	1.703348	3.785575	0.000000	0.000000	0.000000	-0.000000
-12.847987	5.212397	0.042408	0.000941	-2.238954	4.331995	0.000000	-0.000000	0.000000	-0.000000
-6.452721	-0.000750	-4.635044	-0.003418	-4.633020	-0.095587	0.000000	0.000000	0.000000	-0.000000
-9.605279	0.024609	1.393047	-0.000532	-6.104551	0.000214	0.000000	-0.000000	0.000000	-0.000000
-9.113687	0.002522	5.109695	-0.009320	3.841609	-3.672849	0.000000	0.000000	-0.000000	-0.000000
-14.094605	-0.000864	3.892518	5.281865	2.045690	1.200451	0.000000	0.000000	0.000000	-0.000000
-4.768178	5.499573	-4.818071	-5.488368	1.008951	-1.829535	0.000001	-0.000000	0.000000	-0.000000
-4.594443	0.001350	3.611861	-0.000374	-0.139474	6.183847	0.000000	0.000000	0.000000	-0.000000
-11.318644	-5.759031	-4.689737	-0.000355	-1.932198	0.324282	0.000000	0.000000	0.000000	-0.000000
-6.958357	-0.001534	0.220209	-5.220405	-2.380166	5.318813	0.000000	0.000000	0.000000	-0.000000
-9.713707	0.029454	1.180126	-0.000951	-6.135903	-0.132770	0.000000	-0.000000	0.000000	-0.000000
-5.808254	5.258168	-6.579887	-5.355969	2.028976	3.547416	0.000000	-0.000000	0.000000	-0.000000
-11.715769	0.000550	2.301342	-5.124862	1.770044	-3.874217	1.149497	-0.000000	0.000000	-0.000000
-1.964162	5.627501	0.070928	-0.009872	3.288372	-0.477849	0.000000	0.000000	0.000000	-0.000000
-12.293355	0.004208	5.251661	5.250199	1.464703	-3.501593	0.000000	0.000000	-0.000000	-0.000000
-3.427456	-0.015052	-4.176084	-4.798876	-2.229376	-0.736716	1.847066	0.000000	0.000000	-0.000000
-16.167200	-0.000545	-0.110877	-0.001223	0.086046	-0.097648	0.000000	-0.000000	0.000000	-0.000000
-11.683304	-5.439177	4.531999	5.359329	-0.313802	2.394835	0.000000	0.000000	0.000000	-0.000000
-10.003535	-5.309024	-3.016973	-0.002238	-3.064281	-4.306846	0.000000	-0.000000	0.000000	-0.000000
-14.005847	-0.000838	3.964067	5.475501	1.952767	0.917665	0.000000	0.000000	0.000000	-0.000000
-7.753989	0.002600	-5.577160	-5.657918	3.607460	1.460373	0.000000	-0.000000	0.000000	-0.000000
-5.821262	5.581373	-0.041295	5.731006	0.538622	-0.561304	0.000000	0.000000	0.000000	-0.000000
-6.829822	-0.001222	0.121980	-5.205126	-2.352184	5.390374	0.000000	0.000000	0.000000	-0.000000
-9.348413	-0.001143	-5.207053	-5.540731	4.374730	0.312520	0.000000	-0.000000	0.000000	-0.000000
-4.469520	-0.001012	3.780870	-0.016101	0.026405	6.064969	0.000000	0.000000	0.000000	-0.000000
-7.471531	-5.997050	-4.712059	-5.146796	0.927415	1.436035	0.000000	-0.000000	0.000000	-0.000000
-5.649602	-0.000050	-2.292809	5.865083	-1.401635	4.850013	0.000000	0.000000	0.000000	-0.000000
-7.196208	-5.642415	-5.277148	-5.169849	0.309295	1.043713	0.000000	-0.000000	0.000000	-0.000000
-7.526890	-5.555685	4.462713	-0.039011	1.621001	3.027823	0.000000	0.000000	0.000000	-0.000000
-7.804337	-5.406980	4.963299	-0.005672	1.439262	3.013098	0.000000	0.000000	0.000000	-0.000000
-3.908677	-0.000140	-0.132815	5.723788	-2.686291	-0.000763	0.000000	0.000000	0.000000	-0.000000
-12.504322	-0.008143	5.495421	5.210869	1.162481	-3.372368	0.000000	0.000000	-0.000000	-0.000000
-5.832917	0.000044	-2.348672	5.964115	-1.456940	4.928733	0.000000	0.000000	0.000000	-0.000000
-2.505818	-0.000744	-3.896115	-5.417306	-2.325736	-0.007903	0.000000	-0.000000	-0.000000	-0.000000
-8.774487	4.924218	0.314187	-5.738786	0.634337	4.246983	0.014887	0.000000	0.000000	-0.000000
-5.856570	-5.657073	-2.511602	-5.549395	-0.207724	-3.939247	0.000000	-0.000000	0.000000	-0.000000
-6.201015	5.416451	3.141254	-0.064256	3.222789	5.182992	0.000000	-0.000000	0.000000	-0.000000
-6.658206	-0.000015	-4.319969	-0.001060	-4.780013	-0.246084	0.000000	0.000000	0.000000	-0.000000
-3.310074	0.000546	-6.170400	-5.595401	-1.455192	4.342981	0.000000	-0.000000	-0.000000	-0.000000
-3.259840	0.007731	-2.910263	-0.000146	0.111327	5.318875	0.000000	0.000000	0.000000	-0.000000
-6.516281	5.760669	0.000000	-5.674823	0.123559	-0.358472	0.947444	-0.000000	0.000000	-0.000000
-11.896467	0.000650	2.253268	-5.061813	1.777495	-3.969637	1.258560	-0.000000	-0.000000	-0.000000
-10.353891	5.812277	2.843137	5.329157	0.185608	4.972342	0.000000	-0.000000	0.000000	-0.000000
-5.872587	0.000581	1.563055	-5.399286	-3.570783	-0.000064	0.000000	0.000000	0.000000	-0.000000
-10.031423	-5.608219	0.017257	-5.938612	-0.063413	2.013080	0.000000	0.000000	0.000000	-0.000000
-0.000000	-0.000023	-0.047866	0.001018	-0.266804	-0.000767	0.000000	0.000000	0.000000	-0.000000
-3.095999	0.000570	-3.374083	-5.549401	-2.544162	-0.020623	0.000000	0.000000	-0.000000	-0.000000
-7.432640	-5.726686	4.107882	-0.060262	1.753601	3.009404	0.000000	0.000000	0.000000	-0.000000
-3.874951	-5.291454	0.213512	-0.068659	2.049685	-3.233920	0.000000	0.000000	0.000000	-0.000000
-4.352420	-5.473018	-1.173574	-0.000816	2.802301	2.033536	0.000000	0.000000	0.000000	-0.000000
-6.386097	0.000094	-2.418717	5.653717	-1.707978	5.294313	0.000000	0.000000	0.000000	-0.000000
-11.781881	0.024490	-3.747914	-0.000650	0.395966	-5.564259	0.000000	-0.000000	0.000000	-0.000000
-9.238789	-5.060209	3.352131	-5.545885	-1.393187	-2.371686	0.000000	0.000000	0.000000	-0.000000
-8.818453	-0.001963	-0.030114	5.382659	2.505233	-2.153827	0.000000	0.000000	0.000000	0.000000
-11.416889	0.004780	1.691100	-5.013142	1.072147	-4.085769	1.135429	-0.000000	0.000000	-0.000000
-5.999921	1.023406	2.011107	-6.351961	-2.850227	-0.016255	0.000000	0.000000	0.000000	-0.000000
-6.073401	5.622670	-0.494244	5.926531	0.252631	-0.184146	0.000000	0.000000	0.000000	-0.000000
-11.129848	-5.582152	-4.739429	-0.006530	-1.952056	-0.664477	0.000000	0.000000	0.000000	-0.000000
-11.399732	-5.686490	4.422402	5.227638	-0.953893	2.661842	0.000000	0.000000	0.000000	-0.000000
-7.912486	-5.853146	-1.311239	5.830522	0.134724	1.938930	0.000000	0.000000	0.000000	-0.000000
-10.422718	-5.234648	6.433208	4.951566	-1.237547	-2.075953	0.000000	0.000000	0.000000	-0.000000
-5.860916	0.000785	-1.670131	0.000380	6.035068	1.607861	0.000000	0.000000	0.000000	-0.000000
-3.498990	4.789284	-2.634134	-0.025128	3.961794	4.304193	0.000000	-0.000000	0.000000	-0.000000
-6.397017	-0.002809	-0.330550	-0.007216	6.785972	-0.263191	0.000000	0.000000	0.000000	-0.000000
-8.399223	-5.925141	-0.843319	5.861394	0.069815	2.045089	0.000000	0.000000	0.000000	-0.000000
-8.645324	5.756892	4.379675	5.092007	-1.095522	-0.060086	0.000000	0.000000	0.000000	-0.000000
-5.377834	4.985362	5.413193	0.052084	2.195820	-0.008760	0.000000	0.000000	0.000000	-0.000000
-9.020619	-0.003175	3.200651	-0.009307	5.559252	2.086816	0.000000	0.000000	0.000000	-0.000000
-7.321963	-0.012635	5.597060	-0.052220	4.600458	-2.573820	0.000000	0.000000	-0.000000	-0.000000
-7.929489	-5.724136	-0.375891	5.983012	0.097126	2.059476	0.000000	0.000000	0.000000	-0.000000
-5.107793	-5.072783	-1.129551	-0.069847	3.598963	1.309157	0.000000	0.000000	0.000000	-0.000000
-6.792005	-5.418416	-4.995804	-5.323156	0.444974	1.800840	0.000000	-0.000000	0.000000	-0.000000
-9.866851	-5.282803	-3.671876	0.000173	-2.864052	-4.215366	0.000000	-0.000000	0.000000	-0.000000
-9.787856	5.479140	-6.914766	-0.002141	-0.483764	2.905960	0.000000	-0.000000	0.000000	-0.000000
-0.000000	0.003521	-0.079402	-0.016974	0.323277	-0.018178	0.000000	0.000000	0.000000	-0.000000
-9.348693	6.297350	-4.868684	-0.001365	-1.390173	-0.286838	0.000000	0.000000	0.000000	-0.000000
-5.897706	5.275091	-6.652542	-5.362546	2.033668	3.572519	0.000000	-0.000000	0.000000	-0.000000
-9.197495	5.187026	-0.002758	-6.644131	0.241225	4.166827	2.289967	0.000000	0.000000	-0.000000
-7.819639	0.000712	-2.839782	-5.627820	2.334883	-5.641083	0.000013	-0.000000	0.000000	-0.000000
-9.432641	5.427351	-7.044956	-0.001700	-0.178689	2.982733	0.000000	-0.000000	0.000000	-0.000000
-3.346617	-0.000468	-3.651671	-5.472081	-2.568392	-0.000602	0.000000	0.000000	-0.000000	-0.000000
-9.605417	0.031090	0.769737	-0.001010	-6.258872	-0.013504	0.000000	-0.000000	0.000000	-0.000000
-8.597467	5.750740	4.253058	4.958202	-0.620576	-0.044684	0.000000	0.000000	0.000000	-0.000000
-14.104021	-5.361141	0.163618	-0.001351	-3.345408	2.272298	0.000000	-0.000000	0.000000	-0.000000
-5.552608	0.005570	-1.939393	5.763814	-1.202945	4.667582	0.000000	0.000000	0.000000	-0.000000
-14.097198	-5.114404	0.498694	-0.029701	-3.187274	0.258097	0.000000	-0.000000	0.000000	-0.000000
-6.910646	5.083856	-2.853765	5.161377	1.605992	3.874279	0.000000	0.000000	0.000000	-0.000000
-3.682623	0.004085	-0.004672	5.979777	-2.498087	-0.473272	0.000000	0.000000	0.000000	-0.000000
-11.597593	0.001887	2.459205	-5.202789	1.540518	-3.853927	1.047374	-0.000000	0.000000	-0.000000
-8.148344	-5.866962	-0.807183	5.811049	0.360385	1.739809	0.000000	0.000000	0.000000	-0.000000
-4.336521	-0.002523	3.472560	-0.039498	-0.043475	6.161793	0.000000	0.000000	0.000000	-0.000000
-14.273625	-5.290634	0.043012	-0.000515	-3.288413	2.224468	0.000000	-0.000000	0.000000	-0.000000
-4.320033	-0.000065	3.605392	-0.055162	-0.169476	6.134307	0.000000	0.000000	0.000000	-0.000000
-6.296463	-0.000205	-2.017169	5.611017	-1.802217	5.247128	0.000000	0.000000	0.000000	-0.000000
-10.264474	5.529321	-6.305410	-0.014062	-0.308571	3.153045	0.000000	-0.000000	0.000000	-0.000000
-10.104364	5.755826	2.770528	5.180044	0.410975	4.902271	0.000000	-0.000000	0.000000	-0.000000
-12.447269	-0.002218	0.064170	-5.408803	2.631850	1.226123	0.000000	-0.000000	0.000000	-0.000000
-12.310174	0.165543	5.525935	4.958511	1.478819	-3.534272	0.000000	0.000000	-0.000000	-0.000000
-9.328625	6.165496	-5.666780	-0.006040	-0.510439	-0.010267	0.000000	0.000000	0.000000	-0.000000
-5.649126	5.224288	-6.572176	-5.355455	1.999677	3.474734	0.000000	-0.000000	0.000000	-0.000000
-10.623841	-5.444879	-5.713058	0.000000	-0.018450	3.242860	3.577552	0.000000	0.000000	0.000000
-9.442635	5.413055	-7.201438	-0.000633	-0.255114	2.922388	0.000000	-0.000000	0.000000	-0.000000
-9.334590	0.002796	-0.448107	4.850076	3.754012	1.746780	0.000000	0.000000	0.000000	-0.000000
-14.330510	-0.004899	1.896492	-0.024075	-0.644976	-4.499253	0.000000	0.000000	0.000000	-0.000000
-11.431293	0.002486	2.223226	-5.155690	1.529809	-3.890810	0.791750	-0.000000	0.000000	-0.000000
-5.861335	0.001969	1.533845	-5.404804	-3.570847	-0.008449	0.000000	0.000000	0.000000	-0.000000
-8.397035	-0.000596	3.251935	5.285020	-2.853070	5.641452	0.000000	-0.000000	0.000000	-0.000000
-6.466097	5.777988	0.058384	5.762745	0.253263	-0.073486	0.000000	0.000000	0.000000	-0.000000
-8.115724	-5.933874	-1.593610	5.662526	0.753773	1.050490	0.000000	0.000000	0.000000	-0.000000
-3.641037	-5.360449	0.118202	-0.050114	1.997861	-3.247822	0.000000	0.000000	0.000000	-0.000000
-3.424976	-5.403816	0.010666	-0.042908	2.153750	-2.879044	0.000000	0.000000	0.000000	-0.000000
-6.562059	-4.945635	6.886335	0.183535	0.088328	-2.187413	0.000000	0.000000	-0.000000	-0.000000
-7.145219	-5.813619	-4.627138	-5.269353	0.507200	1.713436	0.000000	-0.000000	0.000000	-0.000000
-10.284834	-5.472303	-0.017239	-5.985631	-0.292230	2.043032	0.000000	0.000000	0.000000	-0.000000
-10.670590	-0.000000	-0.004370	5.647707	3.578486	-0.000000	0.000000	0.000000	-0.000000	-0.000000
-6.612990	0.001452	-4.264429	-0.002442	-4.834158	-0.880804	0.000000	0.000000	0.000000	-0.000000
-4.066221	0.000433	-0.138962	5.732371	-2.753450	-0.101361	0.000000	0.000000	0.000000	-0.000000
-3.983994	-5.314762	0.425732	-0.183778	1.927946	-3.422271	0.000000	0.000000	0.000000	-0.000000
-4.975004	5.323411	-5.127610	-5.844930	1.547838	-0.540763	0.000000	-0.000000	0.000000	-0.000000
-10.790230	-0.000773	-0.091803	0.001230	-5.057192	5.464252	0.000000	-0.000000	0.000000	-0.000000
-10.210789	5.766438	2.633699	5.196909	0.642779	4.926042	0.000000	-0.000000	0.000000	-0.000000
-4.603569	-5.371747	-1.015493	0.004359	2.938601	2.069824	0.000000	0.000000	0.000000	-0.000000
-1.517315	5.686264	-0.075345	-0.002594	3.176843	-0.747894	0.000000	-0.000000	0.000000	-0.000000
-10.472329	5.835063	2.794561	5.333501	0.189463	5.015797	0.000000	-0.000000	0.000000	-0.000000
-9.568226	-0.000656	4.398625	-0.061169	4.957675	1.210770	0.000000	0.000000	0.000000	-0.000000
-5.890773	-5.633011	-2.851875	-5.468454	-0.284239	-3.941878	0.000000	-0.000000	0.000000	-0.000000
-2.992294	4.795718	-2.647031	-0.004345	3.869116	4.097028	0.000000	-0.000000	0.000000	-0.000000
-11.123762	5.868775	1.552381	-0.001488	-3.141743	-0.565169	0.000000	0.000000	0.000000	-0.000000
-7.919153	5.663561	3.503894	4.858542	-0.209952	-1.351602	0.000000	0.000000	0.000000	-0.000000
-8.535889	0.000116	-5.499849	-6.008861	3.877177	-0.355402	0.000000	-0.000000	0.000000	-0.000000
-11.662799	-0.000563	0.003631	-4.950794	3.306866	1.664284	0.000000	0.000000	0.000000	-0.000000
-13.083232	5.186770	-0.088542	-0.002592	-2.162225	4.384323	0.000000	-0.000000	0.000000	-0.000000
-2.134562	0.021307	-2.127712	-0.054747	1.415912	5.133884	0.000000	0.000000	0.000000	-0.000000
-6.980684	0.019519	-3.994527	-0.000669	-4.848435	-1.225035	0.000000	0.000000	0.000000	-0.000000
-12.977085	-0.003703	-5.702017	-0.014061	1.389400	0.387364	0.000000	-0.000000	0.000000	-0.000000
-9.071896	0.006012	-0.004051	4.213712	3.036865	-2.991948	0.000000	0.000000	0.000000	0.000000
-9.819457	0.035922	0.523280	-0.007298	-6.218015	-0.002667	0.000000	-0.000000	0.000000	-0.000000
-12.642801	0.068150	5.357792	5.178347	1.475504	-3.519734	0.000000	0.000000	-0.000000	-0.000000
-0.000000	0.000090	-0.169319	0.004243	-0.219517	0.000020	0.000000	0.000000	0.000000	-0.000000
-9.695593	5.463290	-6.952966	-0.002671	-0.389517	2.931551	0.000000	-0.000000	0.000000	-0.000000
-12.419507	0.023317	-5.464512	-0.000931	0.487806	-0.083914	0.000000	0.000000	0.000000	-0.000000
-10.940029	0.004641	-4.368541	-0.000080	0.009553	-4.789129	1.851866	-0.000000	0.000000	-0.000000
-10.302658	5.824149	2.751968	5.267269	0.079608	4.928568	0.000000	-0.000000	0.000000	-0.000000
-6.545868	0.007289	4.115473	-0.079886	4.711173	-3.573028	0.000000	0.000000	0.000000	-0.000000
-4.051067	4.927248	-4.584159	-5.356410	0.770996	-1.407224	1.658959	0.000000	0.000000	-0.000000
-11.360654	5.953038	0.555907	-0.002026	-3.003403	-0.741927	0.000000	0.000000	0.000000	-0.000000
-7.386189	5.529974	-1.905875	5.184171	0.789313	3.528616	0.000000	0.000000	0.000000	-0.000000
-1.358925	5.722404	-0.037437	-0.031552	3.365428	-0.205983	0.000000	-0.000000	0.000000	-0.000000
-15.809429	0.000552	0.220177	0.001586	0.390986	0.115446	0.000000	-0.000000	0.000000	-0.000000
-2.236118	0.000270	-2.429276	0.000057	0.437718	5.219259	0.000000	0.000000	0.000000	-0.000000
-9.350794	-5.368279	5.111598	4.792217	-1.391368	-3.838489	0.000000	0.000000	0.000000	-0.000000
-5.730449	0.004826	1.904949	-5.506163	-3.435123	-0.011258	0.000000	0.000000	0.000000	-0.000000
-4.591170	0.001190	3.573919	-0.042267	0.047905	6.182775	0.000000	0.000000	0.000000	-0.000000
-9.184979	0.021362	-0.104315	5.435477	2.587556	-4.251867	0.000000	0.000000	0.000000	-0.000000
-9.178185	-0.000527	-3.713636	-0.000483	-4.492056	4.499385	0.000000	-0.000000	0.000000	-0.000000
-3.808903	0.040507	-4.091935	-4.842162	-2.231197	-1.929404	1.117407	-0.000000	0.000000	-0.000000
-7.957812	-5.608781	4.222855	-4.581600	-0.757542	-1.891104	0.000000	0.000000	-0.000000	-0.000000
-6.784653	-4.377104	0.167695	5.722427	-1.091827	-1.765727	0.000000	0.000000	0.000000	-0.000000
-11.411589	-5.579649	4.479490	5.205962	-0.469745	2.421579	0.000000	0.000000	0.000000	-0.000000
-8.981116	5.471856	-4.236145	-0.002781	-2.431061	-0.683610	0.000000	0.000000	0.000000	-0.000000
-6.058146	-5.651707	-2.742806	-5.477651	-0.071635	-3.991485	0.000000	-0.000000	0.000000	-0.000000
-0.000000	-0.006023	-0.032467	-0.058680	-0.046517	-0.000133	0.000000	0.000000	0.000000	-0.000000
-9.403135	-4.927528	2.645575	-5.244571	-1.874105	-2.806823	0.000000	0.000000	0.000000	-0.000000
-11.220075	-5.816886	-5.470459	-0.000190	-1.859761	0.813775	0.000000	0.000000	0.000000	-0.000000
-15.961255	0.000257	-0.032594	-0.004858	-0.026542	-0.147648	0.000000	-0.000000	0.000000	-0.000000
-4.409965	0.001430	3.461692	0.013335	0.089865	6.158941	0.000000	0.000000	0.000000	-0.000000
-4.301843	0.000556	3.450420	0.003412	-0.049556	6.153085	0.000000	0.000000	0.000000	-0.000000
-0.000000	-0.000614	-0.082002	0.003251	-0.336695	-0.000071	0.000000	0.000000	0.000000	-0.000000
-12.246584	0.052713	5.494256	5.024988	1.476076	-3.498101	0.000000	0.000000	-0.000000	-0.000000
-5.822990	0.000439	1.528314	-5.409086	-3.567181	-0.000067	0.000000	0.000000	0.000000	-0.000000
-6.012931	-0.001963	-1.498795	5.564260	-1.869227	5.075483	0.000000	0.000000	0.000000	-0.000000
-6.775450	-5.191721	-0.094373	5.819695	-0.065490	-3.017191	0.000000	0.000000	0.000000	-0.000000
-5.892635	0.000066	-2.188604	5.821530	-1.504591	4.968931	0.000000	0.000000	0.000000	-0.000000
-8.729259	5.773530	4.599117	4.904150	-1.031848	-0.049006	0.000000	0.000000	0.000000	-0.000000
-7.721515	0.011429	5.328415	-0.046736	4.351269	-3.332202	0.000000	0.000000	-0.000000	-0.000000
-13.314140	-0.000438	3.464537	5.040694	2.443371	2.004184	0.000000	0.000000	0.000000	-0.000000
-3.367635	0.000268	5.719471	0.001764	-1.495604	-0.044024	0.000000	-0.000000	-0.000000	-0.000000
-6.683406	5.053708	-2.686496	5.095269	1.773065	3.806049	0.000000	0.000000	0.000000	-0.000000
-10.107754	-0.000898	4.366910	-0.012873	4.517735	2.338992	0.000000	0.000000	0.000000	-0.000000
-9.952137	-0.002146	4.674844	0.026108	4.397309	2.429836	0.000000	0.000000	0.000000	-0.000000
-5.089111	5.157925	5.122416	-0.082876	2.197949	-0.141460	0.000000	0.000000	0.000000	-0.000000
-5.903470	5.600662	0.214820	5.645573	0.256709	-0.567767	0.000000	0.000000	0.000000	-0.000000
-9.437250	5.432821	-6.995250	-0.004384	-0.212363	2.972015	0.000000	-0.000000	0.000000	-0.000000
-4.697572	-5.344134	-1.049003	-0.001962	2.981340	2.086012	0.000000	0.000000	0.000000	-0.000000
-10.776678	0.020637	-4.610163	-3.614410	2.968083	-0.001159	0.000000	0.000000	0.000000	-0.000000
-12.432762	5.274706	-1.460846	-0.002814	-1.009502	4.604304	0.000000	-0.000000	0.000000	-0.000000
-8.389178	5.774454	4.239495	4.752171	-0.383711	-0.017227	0.000000	0.000000	0.000000	-0.000000
-7.972810	-5.429017	4.758155	-0.017199	1.699176	3.018247	0.000000	0.000000	0.000000	-0.000000
-4.312319	-3.702733	6.803039	-0.326468	-0.340423	-0.065562	0.000000	0.000000	-0.000000	-0.000000
-0.000000	-0.000093	-0.034947	-0.037650	-0.402105	-0.000968	0.000000	0.000000	0.000000	-0.000000
-3.080947	0.000908	5.640266	0.072825	-0.997424	-0.004301	0.000000	-0.000000	-0.000000	-0.000000
-8.632603	5.744240	4.374253	5.055177	-0.912582	0.000932	0.000000	0.000000	0.000000	-0.000000
-5.793937	0.012745	-1.970128	5.892617	-0.933258	4.562651	0.000000	0.000000	0.000000	-0.000000
-7.434160	-5.233949	5.342678	-0.007833	0.891212	2.753325	0.000000	0.000000	0.000000	-0.000000
-10.163604	5.715494	2.945047	5.199730	0.562350	4.900770	0.000000	-0.000000	0.000000	-0.000000
-9.033816	-0.000653	-5.409818	-5.723151	4.184064	0.204210	0.000000	-0.000000	0.000000	-0.000000
-8.769591	-0.000021	-5.481014	-5.862700	4.023681	0.221846	0.000000	-0.000000	0.000000	-0.000000
-13.276792	5.192738	-0.350688	-0.011409	-2.083700	4.406134	0.000000	-0.000000	0.000000	-0.000000
-10.125274	-5.239900	-4.440341	-0.001497	-2.427763	-3.566843	0.000000	-0.000000	0.000000	-0.000000
-13.673855	-0.000185	0.371008	-0.018882	-0.106112	3.077659	0.000000	0.000000	0.000000	-0.000000
-10.056667	-5.290786	5.857908	5.062911	-1.494716	-2.821707	0.000000	0.000000	0.000000	-0.000000
-7.847932	-5.383168	5.090523	-0.019100	1.212314	2.870584	0.000000	0.000000	0.000000	-0.000000
-8.238013	4.725205	-5.193234	-0.000008	-1.728174	-3.650806	2.963633	0.000000	0.000000	0.000000
-7.415374	-5.394312	-0.099208	5.585948	0.814831	1.639179	0.000000	0.000000	0.000000	-0.000000
-11.775854	6.173081	0.383937	-0.013608	-2.756177	-0.020534	0.000000	0.000000	0.000000	-0.000000
-11.362883	5.927475	0.274140	-0.006068	-3.018364	-0.327993	0.000000	0.000000	0.000000	-0.000000
-7.656229	-5.628317	4.260537	-4.278159	-0.261340	-2.306029	0.000000	0.000000	-0.000000	-0.000000
-15.967375	-0.000745	0.344973	-0.008492	0.176412	0.069639	0.000000	-0.000000	0.000000	-0.000000
-8.419190	-0.000821	4.858521	0.090345	2.997452	-2.385656	0.000000	0.000000	0.000000	0.000000
-7.256451	-4.685748	6.031888	0.006001	1.256500	-3.557645	0.000000	0.000000	-0.000000	-0.000000
-12.455742	0.125364	5.586342	4.989958	1.496278	-3.452469	0.000000	0.000000	-0.000000	-0.000000
-3.406361	-0.000000	5.152858	-0.103395	-1.089907	-0.000437	0.000000	0.000000	-0.000000	-0.000000
-11.558953	-5.647298	-4.684964	-0.000736	-1.988976	-0.040521	0.000000	0.000000	0.000000	-0.000000
-5.789228	0.001718	1.627458	-5.444185	-3.529063	-0.000314	0.000000	0.000000	0.000000	-0.000000
-6.830124	-0.046856	-5.587024	-0.000297	-4.062810	3.713898	2.417415	0.000000	0.000000	-0.000000
-9.189669	0.008733	-0.650643	5.515539	2.782388	-3.947858	0.000000	0.000000	0.000000	-0.000000
-4.181292	-0.000438	-0.197665	5.613677	-2.816074	-0.003727	0.000000	0.000000	0.000000	-0.000000
-10.254848	5.814720	2.876219	5.280558	0.067401	4.884672	0.000000	-0.000000	0.000000	-0.000000
-9.525235	-5.335799	5.235098	4.939166	-1.153701	-3.603773	0.000000	0.000000	0.000000	-0.000000
-6.761589	-0.004321	0.047065	-5.219468	-2.331072	5.405243	0.000000	0.000000	0.000000	-0.000000
-10.260243	-5.283333	-3.294206	-0.000929	-2.987082	-4.057832	0.000000	-0.000000	0.000000	-0.000000
-10.097380	-5.301468	-4.303253	-0.000182	-2.507144	-3.564729	0.000000	-0.000000	0.000000	-0.000000
-11.017574	-0.000853	0.042509	-0.003364	-5.012746	5.609103	0.000000	-0.000000	0.000000	-0.000000
-8.160501	5.688878	0.931049	-6.124405	-0.381730	-0.038807	0.000000	0.000000	0.000000	-0.000000
-6.382445	-0.000592	-1.900853	-0.003630	6.231274	1.461530	0.000000	0.000000	0.000000	-0.000000
-3.275740	-6.086408	-1.228545	-2.205311	1.659293	-3.004209	0.000000	-0.000000	0.000000	-0.000000
-7.225805	0.042355	5.296159	5.215284	-4.193046	-0.025106	0.000000	-0.000000	0.000000	-0.000000
-9.056073	0.004294	-0.157132	5.130372	3.216936	-3.644969	0.000000	0.000000	0.000000	-0.000000
-8.045258	0.004095	-5.532709	-0.001631	-3.818839	4.092458	0.000000	0.000000	0.000000	-0.000000
-7.387022	-5.376315	5.080427	-0.011279	0.950287	2.908026	0.000000	0.000000	0.000000	-0.000000
-8.141946	-5.818227	-0.279957	5.922255	0.021638	2.119087	0.000000	0.000000	0.000000	-0.000000
-13.084932	-5.286906	2.772152	-0.000252	-4.087924	-2.215794	0.000000	-0.000000	0.000000	-0.000000
-5.362237	-0.001248	-0.197142	-0.001266	5.683828	-3.607812	0.000000	0.000000	0.000000	-0.000000
-6.516358	-5.151382	-0.021683	5.795363	-0.015038	-3.012233	0.000000	0.000000	0.000000	-0.000000
-5.987552	4.631931	6.138786	0.017448	2.039819	-0.007253	0.000000	0.000000	0.000000	-0.000000
-10.133525	-0.000871	4.450577	-0.001899	4.461658	2.359496	0.000000	0.000000	0.000000	-0.000000
-12.460584	0.068260	5.341800	5.156250	1.689092	-3.302295	0.000000	0.000000	-0.000000	-0.000000
-6.262046	5.376626	3.615920	-0.019599	3.029455	4.995675	0.000000	0.000000	0.000000	-0.000000
-9.308920	5.857981	-4.309156	-0.002940	-2.131613	-0.748788	0.000000	0.000000	0.000000	-0.000000
-6.505789	-0.001043	0.070517	-5.195457	-2.251778	5.421315	0.000000	0.000000	0.000000	-0.000000
-9.329028	-5.631049	0.083338	-5.696571	-0.321487	0.230817	0.000000	0.000000	0.000000	-0.000000
-13.370125	-0.000446	3.667647	4.867207	2.466371	2.016589	0.000000	0.000000	0.000000	-0.000000
-11.783657	6.170897	0.419014	-0.005520	-2.755827	-0.001109	0.000000	0.000000	0.000000	-0.000000
-3.008248	-0.000862	-4.048918	-5.379764	-2.450455	-0.004717	0.000000	0.000000	-0.000000	-0.000000
-9.651609	5.468606	-6.892688	-0.000170	-0.309467	2.970634	0.000000	-0.000000	0.000000	-0.000000
-12.775423	-0.002378	0.151597	-5.058987	2.775727	0.262188	0.000000	-0.000000	0.000000	-0.000000
-14.194879	0.340818	0.521817	-0.005854	-0.334215	-4.414466	0.000000	0.000000	0.000000	-0.000000
-13.058688	5.189005	-0.053101	-0.015246	-2.190049	4.363068	0.000000	-0.000000	0.000000	-0.000000
-4.861485	-0.022421	2.984016	-3.162126	-1.648968	-0.038613	0.000000	-0.000000	-0.000000	-0.000000
-4.669858	0.001291	3.980340	-0.028205	-0.348665	6.061604	0.000000	0.000000	0.000000	-0.000000
-8.988800	6.202068	-5.039130	-0.000806	-1.315033	-0.502545	0.000000	0.000000	0.000000	-0.000000
-4.676733	5.436589	5.113498	-0.478642	1.914837	-0.043840	0.000000	0.000000	0.000000	-0.000000
-3.197371	4.659417	-1.832604	-0.006843	4.130251	4.162876	0.000000	-0.000000	0.000000	-0.000000
-5.551394	0.005858	2.186271	-5.685918	-3.237352	-0.029855	0.000000	0.000000	0.000000	-0.000000
-7.750019	-0.000068	-3.341860	-5.444615	2.815058	-5.058651	0.000003	-0.000000	0.000000	-0.000000
-7.006818	0.045242	5.119922	5.289155	-4.161461	-0.023805	0.000000	-0.000000	0.000000	-0.000000
-5.776801	0.003108	1.912306	-5.484143	-3.452926	-0.000351	0.000000	0.000000	0.000000	-0.000000
-5.322514	5.193191	3.347774	-0.031350	2.901818	4.892126	0.000000	0.000000	0.000000	-0.000000
-10.169601	5.740706	2.856705	5.104473	0.573977	4.918962	0.000000	-0.000000	0.000000	-0.000000
-10.959399	5.931605	2.669208	5.328149	0.108115	5.179196	0.000000	-0.000000	0.000000	-0.000000
-9.283009	-5.008729	3.015121	-5.601234	-1.395603	-2.495353	0.000000	0.000000	0.000000	-0.000000
-0.617218	-0.001253	-1.285538	-0.006724	0.318895	5.101046	0.000000	0.000000	0.000000	-0.000000
-9.009408	0.362338	-0.941753	4.841039	3.720005	1.935608	0.000000	0.000000	0.000000	-0.000000
-3.649328	-0.030248	-1.757085	-0.002399	2.685260	4.913675	0.000000	0.000000	0.000000	-0.000000
-11.067932	-5.575948	-5.096866	0.000079	-1.848904	-0.736701	0.000000	0.000000	0.000000	-0.000000
-9.175194	0.038596	-0.264857	5.495658	2.541700	-4.295176	0.000000	0.000000	0.000000	-0.000000
-6.685025	0.000231	-4.410639	-0.000108	-4.753361	-0.245093	0.000000	0.000000	0.000000	-0.000000
-6.375375	-0.010853	-0.186744	-5.223472	-2.505773	3.716964	1.764357	-0.000000	0.000000	-0.000000
-6.977423	0.001432	-1.147881	0.000023	5.476402	0.717538	2.814808	0.000000	0.000000	0.000000
-4.158149	0.001503	-0.016585	5.573182	-2.841268	-0.023836	0.000000	0.000000	0.000000	-0.000000
-9.672994	0.032950	0.426810	-0.000649	-6.291623	-0.014654	0.000000	-0.000000	0.000000	-0.000000
-9.833995	-5.306992	5.372696	4.989142	-1.002307	-3.290043	0.000000	0.000000	0.000000	-0.000000
-4.202082	-0.000165	3.420269	-0.073978	-0.242392	6.163733	0.000000	0.000000	0.000000	-0.000000
-10.059022	-5.314519	-2.925940	-0.000416	-3.099056	-4.281289	0.000000	-0.000000	0.000000	-0.000000
-4.269730	0.000598	3.386459	-0.112257	-0.042297	6.176792	0.000000	0.000000	0.000000	-0.000000
-6.670051	-0.001309	-1.506130	-0.039366	6.479313	0.875873	0.000000	0.000000	0.000000	-0.000000
-7.768272	-5.682541	-0.347047	6.003469	0.215742	1.706884	0.000000	0.000000	0.000000	-0.000000
-15.309871	0.035688	1.417517	-0.033309	-0.614702	-3.445564	0.000000	0.000000	0.000000	-0.000000
-5.717093	-0.000313	-2.165671	5.794240	-1.501268	4.904544	0.000000	0.000000	0.000000	-0.000000
-8.769962	-0.000252	-5.175940	-5.664187	4.209315	0.534855	0.000000	-0.000000	0.000000	-0.000000
-0.000000	0.002057	-0.100224	-0.010418	0.037124	-0.000130	0.000000	0.000000	0.000000	-0.000000
-9.548668	0.036168	1.485815	-0.000718	-6.099331	-0.009835	0.000000	-0.000000	0.000000	-0.000000
-6.601529	0.002142	-4.180089	-0.003073	-4.873698	-0.832877	0.000000	0.000000	0.000000	-0.000000
-6.271501	-0.002072	0.076225	-5.174260	-2.179683	5.434887	0.000000	0.000000	0.000000	-0.000000
-6.410555	-5.197137	6.516968	0.237357	0.575923	-2.414707	0.000000	0.000000	-0.000000	-0.000000
-5.958929	5.297877	-6.501120	-5.353286	2.050138	3.624348	0.000000	-0.000000	0.000000	-0.000000
-7.615066	-0.003711	5.483695	-0.038613	4.281011	-3.133474	0.000000	0.000000	-0.000000	-0.000000
-8.905812	-0.000562	-5.328840	-5.742157	4.178322	0.454434	0.000000	-0.000000	0.000000	-0.000000
-2.926398	-6.126323	-0.296996	-1.873855	1.689932	-2.838215	0.000000	-0.000000	0.000000	-0.000000
-7.517539	0.000449	-3.705142	-5.386457	2.792414	-5.080652	0.000000	-0.000000	0.000000	-0.000000
-6.854235	-0.001738	0.345103	-5.232767	-2.325164	5.310061	0.000000	0.000000	0.000000	-0.000000
-6.694229	-0.000715	0.240524	-5.221866	-2.284375	5.391225	0.000000	0.000000	0.000000	-0.000000
-13.047209	-5.356825	2.863719	-0.001318	-4.076295	-2.024889	0.000000	-0.000000	0.000000	-0.000000
-4.528444	-5.523823	-0.921656	-0.001846	3.032360	1.614547	0.000000	0.000000	0.000000	-0.000000
-8.381388	5.654113	4.363222	4.972408	-1.155009	-0.386400	0.000000	0.000000	0.000000	-0.000000
-0.000000	0.003408	-0.101396	-0.003004	-0.055607	-0.891519	0.000000	0.000000	0.000000	-0.000000
-11.404242	0.006662	-4.839007	0.001157	1.634806	-0.130670	0.000000	0.000000	0.000000	-0.000000
-6.587749	0.003915	-4.407422	-0.000072	-4.790786	-0.451880	0.000000	0.000000	0.000000	-0.000000
-11.172144	-5.652314	4.763335	5.001683	-1.165195	2.214531	0.000000	0.000000	0.000000	-0.000000
-14.287116	0.951865	1.318789	-0.002900	-0.640746	-4.950840	0.000000	0.000000	-0.000000	-0.000000
-11.688062	0.005380	-0.001058	-5.550692	3.062363	0.002682	1.916339	-0.000000	0.000000	-0.000000
-9.550889	0.048513	1.117509	-0.000945	-6.217952	-0.096690	0.000000	-0.000000	0.000000	-0.000000
-10.901898	-0.000719	-0.095164	-0.000661	-5.040839	5.526294	0.000000	-0.000000	0.000000	-0.000000
-14.135878	-5.078898	0.367244	-0.002686	-3.147743	0.297208	0.000000	-0.000000	0.000000	-0.000000
-9.148273	0.154590	-0.435017	5.389937	2.313084	-4.732516	0.000000	0.000000	0.000000	-0.000000
-6.608346	5.383972	3.294254	-0.043486	3.283908	5.183042	0.000000	-0.000000	0.000000	-0.000000
-7.936140	5.686488	0.199386	-6.175118	-0.053242	-1.914752	0.000000	0.000000	0.000000	-0.000000
-6.023758	0.000550	0.942247	-5.265883	-3.746722	-0.000148	0.000000	0.000000	0.000000	-0.000000
-7.108211	-5.902802	-4.778171	-5.154059	1.106706	1.550739	0.000000	-0.000000	0.000000	-0.000000
-10.843380	0.008982	2.111791	-5.654447	1.388016	-3.537957	0.173459	0.000000	0.000000	-0.000000
-8.225005	5.575207	-5.257823	-0.000534	-1.656429	-1.605921	0.000000	0.000000	0.000000	-0.000000
-2.932290	-0.001352	-4.122374	-5.365388	-2.412647	-0.008628	0.000000	0.000000	-0.000000	-0.000000
-11.650629	-0.001032	0.529043	-5.080107	2.811286	1.864648	0.000000	0.000000	0.000000	-0.000000
-11.277938	0.000333	1.226389	-5.082027	1.563584	-3.571360	0.433781	0.000000	0.000000	-0.000000
-4.284259	0.003190	3.397267	-0.007192	-0.220232	6.172350	0.000000	0.000000	0.000000	-0.000000
-2.103049	5.509700	-0.379658	-0.001053	3.416382	-0.503351	0.000000	0.000000	0.000000	-0.000000
-5.826719	5.276187	-6.275930	-5.325167	2.028001	3.600020	0.000000	-0.000000	0.000000	-0.000000
-7.346886	-5.533550	4.677749	-0.008592	1.294302	2.984696	0.000000	0.000000	0.000000	-0.000000
-12.721996	-0.002308	0.000548	-5.165709	2.790129	1.033583	0.000000	-0.000000	0.000000	-0.000000
-7.776667	-2.549392	0.119056	-6.101114	-1.565094	3.674662	0.686040	0.000000	0.000000	-0.000000
-4.646607	5.148280	-5.529691	-5.741967	1.270797	-0.312531	0.000000	-0.000000	0.000000	-0.000000
-7.515050	-5.623193	-5.630962	-2.146498	0.545391	1.503141	0.000000	0.000000	0.000000	-0.000000
-9.566800	5.428048	-6.932722	-0.051556	-0.405367	2.917270	0.000000	-0.000000	0.000000	-0.000000
-11.683655	6.172004	0.157148	-0.006138	-2.759619	-0.166621	0.000000	0.000000	0.000000	-0.000000
-9.218467	0.001942	3.299104	5.367946	-2.570986	5.914732	0.000000	-0.000000	0.000000	-0.000000
-10.633655	-5.381080	0.115898	-5.977576	-0.619230	2.030453	0.000000	-0.000000	0.000000	-0.000000
-7.417740	-5.562683	-0.941450	5.943662	0.644843	1.660854	0.000000	0.000000	0.000000	-0.000000
-10.238910	-0.002019	-2.337008	5.572037	4.370491	-0.468496	0.000000	0.000000	0.000000	-0.000000
-8.334910	-5.913054	-1.568092	5.671397	0.685029	1.536411	0.000000	0.000000	0.000000	-0.000000
-6.985286	5.092599	-2.715340	5.126479	1.637679	3.941239	0.000000	0.000000	0.000000	-0.000000
-14.088622	-5.392738	0.146101	-0.027847	-3.347852	2.290022	0.000000	-0.000000	0.000000	-0.000000
-13.188505	5.193894	-0.326710	0.001053	-2.108638	4.408369	0.000000	-0.000000	0.000000	-0.000000
-3.255022	0.002709	-3.168360	0.002053	-0.012164	5.252461	0.000000	0.000000	0.000000	-0.000000
-9.565926	5.448871	-7.177730	-0.000192	-0.245473	2.931446	0.000000	-0.000000	0.000000	-0.000000
-11.596911	5.440695	0.891989	-0.179286	-3.350128	-0.404116	0.000000	0.000000	0.000000	-0.000000
-12.425984	0.008142	5.395061	5.079922	1.605739	-3.470907	0.000000	0.000000	-0.000000	-0.000000
-8.396981	-0.000056	-4.472920	-5.113250	3.447792	-3.365684	0.000000	-0.000000	0.000000	-0.000000
-3.456560	-5.366523	-0.077766	0.055854	2.148492	-2.996452	0.000000	0.000000	0.000000	-0.000000
-12.661694	-0.002096	-6.199155	0.009077	1.591512	0.065591	0.000000	-0.000000	0.000000	-0.000000
-13.949607	-0.003797	0.160020	-0.024908	-0.001929	2.415377	0.000000	0.000000	0.000000	-0.000000
-10.391158	5.813542	2.817441	5.315789	0.295248	4.985478	0.000000	-0.000000	0.000000	-0.000000
-8.424894	5.681982	4.239873	5.103355	-1.216594	-0.124755	0.000000	0.000000	0.000000	-0.000000
-8.224400	5.770579	3.800414	4.828552	-0.161659	-0.187740	0.000000	0.000000	0.000000	-0.000000
-8.846466	-0.002244	-4.401607	-0.030732	-4.234282	4.313069	0.000000	0.000000	0.000000	-0.000000
-0.000000	0.000580	0.081006	-0.007360	-0.051867	-0.000765	0.000000	0.000000	0.000000	-0.000000
-4.959158	-0.000203	-0.045997	0.001759	5.383167	-4.171495	0.000000	-0.000000	0.000000	-0.000000
-10.743405	-0.003246	-0.043482	-0.004112	-5.060664	5.447006	0.000000	-0.000000	0.000000	-0.000000
-5.671323	-5.575860	-3.241265	-5.379436	-0.017586	-3.706563	0.000000	-0.000000	0.000000	-0.000000
-10.096104	5.550071	-6.590714	-0.023697	-0.346386	3.023376	0.000000	-0.000000	0.000000	-0.000000
-9.703404	0.047855	1.118606	5.043084	2.805472	-3.809414	0.000000	0.000000	-0.000000	-0.000000
-6.652966	-0.000010	-4.040016	-0.007035	-4.944663	-0.602526	0.000000	0.000000	0.000000	-0.000000
-8.359045	0.000040	3.368695	5.353640	-2.820386	5.539453	0.000000	-0.000000	0.000000	-0.000000
-11.609929	-5.389930	4.460512	5.316346	-0.124349	2.355475	0.000000	0.000000	0.000000	-0.000000
-6.278947	2.294278	1.009048	-6.537700	-2.574965	-0.041327	0.000000	0.000000	0.000000	-0.000000
-9.221769	-0.004964	-0.618264	4.887271	3.804015	1.609290	0.000000	0.000000	0.000000	-0.000000
-6.557313	0.009466	0.018059	0.000097	4.955428	-4.234645	1.401930	-0.000000	-0.000000	-0.000000
-8.372253	5.808856	-5.630114	-0.002589	-1.116992	-2.353068	0.000000	0.000000	0.000000	-0.000000
-5.808828	-0.001733	-0.117617	-0.080026	5.879767	-3.457386	0.000000	0.000000	0.000000	-0.000000
-3.336458	-0.000821	-6.093031	-5.635735	-1.143269	4.342131	0.000000	-0.000000	-0.000000	-0.000000
-10.793021	-4.118964	6.855379	4.601502	-0.010296	-2.517114	0.000000	0.000000	-0.000000	-0.000000
-7.779503	0.000933	-3.151401	-5.531940	2.598502	-5.222312	0.000194	-0.000000	0.000000	-0.000000
-9.254987	5.114489	-1.466227	-5.528214	1.455744	4.810404	0.000000	-0.000000	0.000000	-0.000000
-5.862514	-5.580383	-3.176615	-5.401524	-0.297751	-3.875114	0.000000	-0.000000	0.000000	-0.000000
-7.664514	-5.565807	-0.145852	5.653311	0.880988	1.671365	0.000000	0.000000	0.000000	-0.000000
-12.113001	-0.000450	-5.521636	-0.009886	1.081307	-1.901785	0.000000	0.000000	0.000000	-0.000000
-10.417834	-0.000675	-2.516092	5.565348	3.737867	0.778099	0.000000	0.000000	0.000000	-0.000000
-6.112763	0.001140	-1.987156	-0.007619	6.035283	1.655909	0.000000	0.000000	0.000000	-0.000000
-5.261733	0.001646	0.039268	0.000679	5.572928	-3.936129	0.000000	0.000000	0.000000	-0.000000
-6.923341	-4.723623	5.842583	-0.005261	1.555712	-3.449899	0.000000	0.000000	-0.000000	-0.000000
-7.708479	0.001222	-5.891610	-0.000642	-3.646338	4.027856	0.000000	0.000000	0.000000	-0.000000
-6.996097	-0.026886	-4.671211	-0.000170	-4.370333	-1.380363	0.000000	0.000000	0.000000	-0.000000
-3.176437	0.000677	-0.112301	5.943172	-2.335387	-0.030844	0.000000	0.000000	0.000000	-0.000000
-12.517073	-5.038167	2.977280	-0.001385	-4.199891	-2.783716	0.000000	-0.000000	0.000000	-0.000000
-3.923059	0.000204	-0.121562	5.763242	-2.685220	-0.033022	0.000000	0.000000	0.000000	-0.000000
-7.459105	-0.000882	0.035226	-5.293803	-2.573533	5.185903	0.000000	0.000000	0.000000	-0.000000
-3.838668	-5.292369	0.266363	0.011390	2.008245	-3.267968	0.000000	0.000000	0.000000	-0.000000
-6.099100	5.335525	-6.242681	-5.333539	2.073566	3.709510	0.000000	-0.000000	0.000000	-0.000000
-9.154924	5.121680	-1.680180	-5.571815	1.359146	4.798732	0.000000	-0.000000	0.000000	-0.000000
-11.476811	-5.686165	4.460409	5.276449	-0.997832	2.665999	0.000000	0.000000	0.000000	-0.000000
-0.000000	0.002791	-0.027627	-0.019524	-0.126244	-0.956121	0.000000	0.000000	0.000000	-0.000000
-7.821727	-5.834290	-1.082374	5.820630	-0.036783	1.615944	0.000000	0.000000	0.000000	-0.000000
-7.497959	-5.440432	-5.395493	-4.754273	-0.004497	1.342281	0.000000	-0.000000	0.000000	-0.000000
-3.200490	4.772590	-2.529185	-0.005214	3.952928	4.167208	0.000000	-0.000000	0.000000	-0.000000
-0.000000	-0.000530	-0.196103	-0.556699	-0.310758	-0.000007	0.000000	0.000000	0.000000	-0.000000
-9.432154	5.438986	-7.053621	-0.016687	-0.167278	2.980123	0.000000	-0.000000	0.000000	-0.000000
-10.106096	-5.647650	0.306393	-5.930316	-0.126269	1.777221	0.000000	0.000000	0.000000	-0.000000
-6.722668	5.502451	-0.000000	-5.828174	-0.009364	-0.036527	0.872571	-0.000000	0.000000	-0.000000
-4.550745	-5.410652	-0.557961	-0.006574	2.926723	2.016250	0.000000	0.000000	0.000000	-0.000000
-6.596292	0.097883	4.967038	5.113973	-4.196086	-0.013733	0.000000	-0.000000	0.000000	-0.000000
-10.584024	5.827298	2.661772	5.266696	0.554941	5.024990	0.000000	-0.000000	0.000000	-0.000000
-7.581667	-5.159333	5.446248	-0.003550	0.724673	2.765682	0.000000	0.000000	0.000000	-0.000000
-6.629571	5.377827	3.363521	-0.051366	3.243540	5.168078	0.000000	-0.000000	0.000000	-0.000000
-6.203136	-5.405698	5.604074	-0.015047	0.120319	-3.089818	0.000000	0.000000	-0.000000	-0.000000
-13.010794	5.222912	-0.003116	-0.001306	-2.191094	4.349153	0.000000	-0.000000	0.000000	-0.000000
-6.076208	-0.000667	-1.059435	-0.078615	6.327230	1.738118	0.000000	0.000000	0.000000	-0.000000
-3.497377	-0.000635	-6.115990	-5.573566	-1.524437	4.370991	0.000000	-0.000000	-0.000000	-0.000000
-12.689650	-4.816985	0.372751	-0.005722	-4.039452	-3.530887	0.000000	-0.000000	0.000000	-0.000000
-3.550651	-5.376760	-0.144030	-0.002180	2.216054	-2.919952	0.000000	0.000000	0.000000	-0.000000
-12.110929	-0.001903	0.070654	-5.666451	2.502542	1.353395	0.000000	-0.000000	0.000000	-0.000000
-10.279199	0.000139	4.539280	-0.027828	4.358768	2.312530	0.000000	0.000000	0.000000	-0.000000
-13.086497	-5.119431	2.927890	-0.002446	-4.067460	-2.505498	0.000000	-0.000000	0.000000	-0.000000
-15.849366	-0.000054	0.263974	-0.008557	0.091420	0.803382	0.000000	-0.000000	0.000000	-0.000000
-9.909322	-3.918900	-4.854202	-0.000066	-2.819539	2.946181	0.000002	0.000000	0.000000	-0.000000
-4.205297	0.002295	-0.081290	5.558617	-2.867846	-0.119886	0.000000	0.000000	0.000000	-0.000000
-10.276679	-0.002173	-2.392262	5.567113	4.012085	0.247066	0.000000	0.000000	0.000000	-0.000000
-9.537265	0.030124	1.351635	-0.102463	-6.103409	-0.001026	0.000000	-0.000000	0.000000	-0.000000
-7.258989	-5.901355	-4.772505	-5.185838	0.954993	1.474506	0.000000	-0.000000	0.000000	-0.000000
-12.145667	0.008259	-4.215117	-0.003558	0.187131	-4.828877	0.000000	0.000000	0.000000	-0.000000
-9.574409	6.335363	-4.644005	-0.002196	-1.533955	-0.110840	0.000000	0.000000	0.000000	-0.000000
-5.656840	-0.000733	0.704841	-5.343621	-3.710713	-0.001811	0.000000	0.000000	0.000000	-0.000000
-10.186543	0.000186	-1.914334	5.432057	3.728762	0.989147	0.000000	0.000000	0.000000	-0.000000
-12.416413	-0.001359	-5.865252	-0.001449	1.532637	0.365854	0.000000	0.000000	0.000000	-0.000000
-5.815347	5.644836	-0.506637	5.623059	0.783164	-0.149415	0.000000	0.000000	0.000000	-0.000000
-9.089693	0.053014	0.164722	5.338574	2.873848	-3.867312	0.000000	0.000000	0.000000	-0.000000
-4.450689	5.223461	4.578371	-0.082311	2.312400	-0.095107	0.000000	0.000000	0.000000	-0.000000
-3.994354	3.124003	-0.021310	0.001779	2.275414	-0.251300	0.000000	0.000000	0.000000	-0.000000
-11.198242	-5.686908	4.657171	4.996474	-0.952626	2.370255	0.000000	0.000000	0.000000	-0.000000
-0.000000	-0.000062	-0.061263	0.006462	-0.417245	-0.004461	0.000000	0.000000	0.000000	-0.000000
-12.807952	5.179578	-0.310374	-0.010561	-2.197902	4.371279	0.000000	-0.000000	0.000000	-0.000000
-6.111888	5.327386	-6.524985	-5.356592	2.067585	3.673706	0.000000	-0.000000	0.000000	-0.000000
-11.467648	-5.785575	-5.261745	-0.000308	-1.899385	0.686019	0.000000	0.000000	0.000000	-0.000000
-1.931405	5.581529	-0.218124	-0.004491	3.422523	-0.290025	0.000000	0.000000	0.000000	-0.000000
-7.651802	-5.654339	-0.460357	5.875936	0.375669	1.854202	0.000000	0.000000	0.000000	-0.000000
-9.912311	-5.315376	-3.052896	-0.000077	-3.057090	-4.321258	0.000000	-0.000000	0.000000	-0.000000
-6.002519	0.000090	0.832187	-5.245344	-3.778152	-0.001273	0.000000	0.000000	0.000000	-0.000000
-7.448307	-5.725604	4.106688	-0.039597	1.766178	3.017387	0.000000	0.000000	0.000000	-0.000000
-7.853615	-6.127347	-4.625227	-5.117082	0.449014	1.040384	0.000000	-0.000000	0.000000	-0.000000
-9.991291	5.544355	-6.990423	-0.000474	-0.325384	2.945375	0.000000	-0.000000	0.000000	-0.000000
-4.613281	0.003311	3.548449	-0.027146	0.090790	6.190617	0.000000	0.000000	0.000000	-0.000000
-9.938672	-5.292087	-3.198312	-0.000207	-3.022251	-4.278509	0.000000	-0.000000	0.000000	-0.000000
-5.497532	5.212527	-6.559202	-5.365815	1.990805	3.346158	0.000000	-0.000000	0.000000	-0.000000
-7.206741	-0.001684	0.294175	-5.266078	-2.457868	5.198305	0.000000	0.000000	0.000000	-0.000000
-8.906205	-0.001221	-3.446476	-1.714419	3.194761	-0.145974	0.000000	0.000000	0.000000	0.000000
-10.439507	-0.001042	4.623578	-0.014974	4.257201	2.345182	0.000000	0.000000	0.000000	-0.000000
-4.602872	-5.451710	-0.385406	-0.012361	3.018638	1.793160	0.000000	0.000000	0.000000	-0.000000
-10.636139	5.891355	2.662893	5.233841	0.110713	5.082364	0.000000	-0.000000	0.000000	-0.000000
-9.201652	6.034773	-4.679507	-0.000829	-1.788169	-0.537075	0.000000	0.000000	0.000000	-0.000000
-9.907248	-5.249734	6.299454	4.771737	-1.623021	-2.515877	0.000000	0.000000	0.000000	-0.000000
-7.253222	-5.825490	3.804937	-0.143773	0.474344	1.227958	0.000000	0.000000	0.000000	-0.000000
-2.154785	0.003072	-2.392699	-0.009344	0.595444	5.229268	0.000000	0.000000	0.000000	-0.000000
-4.999636	0.000522	0.107494	-0.186190	5.381848	-4.175658	0.000000	-0.000000	0.000000	-0.000000
-4.395223	0.000628	3.675889	-0.010713	0.035016	6.087176	0.000000	0.000000	0.000000	-0.000000
-5.188969	-0.001819	-0.179958	-0.000893	5.611199	-3.401188	0.000000	0.000000	0.000000	-0.000000
-7.367135	6.014546	0.002072	-6.181893	0.093058	-0.323760	1.949831	0.000000	-0.000000	-0.000000
-12.593033	-0.004408	-6.201350	-0.001109	1.517194	0.005838	0.000000	-0.000000	0.000000	-0.000000
-13.157008	5.194985	-0.019318	0.000616	-2.174201	4.374380	0.000000	-0.000000	0.000000	-0.000000
-1.998102	5.553456	-0.315137	-0.000705	3.428042	-0.375873	0.000000	0.000000	0.000000	-0.000000
-4.997039	-0.002304	3.795444	-0.021719	-0.130571	6.128619	0.000000	0.000000	0.000000	-0.000000
-6.065301	0.011923	2.181267	-5.623600	-3.325885	-0.002377	0.000000	0.000000	0.000000	-0.000000
-5.741184	5.247566	-6.433993	-5.344801	2.030229	3.543565	0.000000	-0.000000	0.000000	-0.000000
-7.475928	0.003070	-3.712568	-0.002054	-4.971889	-0.236859	0.000000	0.000000	0.000000	-0.000000
-7.807063	0.002950	-5.801255	-0.000133	-3.694434	4.047122	0.000000	0.000000	0.000000	-0.000000
-9.952308	0.122453	1.470289	-0.013669	-5.958934	-0.077008	0.000000	-0.000000	0.000000	-0.000000
-3.829822	-0.002026	-5.775132	-5.603672	-1.535765	4.461498	0.000000	-0.000000	-0.000000	-0.000000
-5.457560	-5.609475	-3.059229	-5.425292	-0.300245	-3.710921	0.000000	-0.000000	0.000000	-0.000000
-6.271134	-5.646470	-2.866802	-5.413602	-0.475055	-3.841596	0.000000	-0.000000	0.000000	-0.000000
-6.738943	0.011363	4.800504	5.267488	-4.179562	-0.003276	0.000000	-0.000000	0.000000	-0.000000
-9.979601	-5.545021	-0.105152	-6.044036	-0.325022	2.072816	0.000000	0.000000	0.000000	-0.000000
-12.777607	5.254401	-0.043186	-0.004280	-2.041852	4.386565	0.000000	-0.000000	0.000000	-0.000000
-13.478950	-0.000304	3.640180	5.170058	2.348079	1.973234	0.000000	0.000000	0.000000	-0.000000
-6.541221	5.376369	3.264597	-0.029363	3.299181	5.185472	0.000000	-0.000000	0.000000	-0.000000
-9.865932	4.995721	-0.182527	-5.674905	0.939831	4.279745	0.000000	-0.000000	0.000000	-0.000000
-9.802593	-5.354949	-3.882573	-0.020773	-2.676620	-3.621842	0.000000	0.000000	0.000000	-0.000000
-1.846220	0.002441	-2.052140	-0.010611	1.126156	5.190694	0.000000	0.000000	0.000000	-0.000000
-8.644674	-0.001084	3.341151	-0.028332	5.597661	2.038632	0.000000	0.000000	0.000000	-0.000000
-8.362425	5.732455	4.143838	5.072212	-0.932316	-0.003929	0.000000	0.000000	0.000000	-0.000000
-11.894629	0.068549	-3.589950	-0.004275	0.266125	-5.725117	0.000000	-0.000000	0.000000	-0.000000
-8.528434	5.689241	4.340320	5.050130	-1.179483	-0.220626	0.000000	0.000000	0.000000	-0.000000
-8.293787	5.595651	3.947357	5.285383	-1.016288	-0.363586	0.000000	0.000000	0.000000	-0.000000
-12.572603	-0.001326	0.099884	-5.235116	2.797557	0.501228	0.000000	-0.000000	0.000000	-0.000000
-13.518679	-0.000668	3.780335	5.253197	2.290534	1.825490	0.000000	0.000000	0.000000	-0.000000
-10.450567	-0.001119	4.820975	-0.013204	4.146394	2.379614	0.000000	0.000000	0.000000	-0.000000
-12.635402	-4.818864	0.130305	-0.001136	-3.955001	-3.614933	0.000000	-0.000000	0.000000	-0.000000
-12.766998	-5.175530	2.999311	-0.009805	-4.119563	-2.512224	0.000000	-0.000000	0.000000	-0.000000
-6.345200	5.396849	3.007727	0.021868	3.341511	5.256013	0.000000	-0.000000	0.000000	-0.000000
-12.277912	0.101889	5.241581	5.165957	1.680425	-3.331885	0.000000	0.000000	-0.000000	-0.000000
-5.472802	5.556505	-0.355392	5.760526	0.553113	-0.520088	0.000000	0.000000	0.000000	-0.000000
-8.905885	-0.000584	-5.384429	-5.762323	4.145799	0.482990	0.000000	-0.000000	0.000000	-0.000000
-9.957254	-4.777999	2.445189	-5.195749	-1.931576	-2.796369	0.000000	0.000000	0.000000	-0.000000
-2.912331	4.644665	-1.423239	-0.015853	3.918592	4.134682	0.000000	-0.000000	0.000000	-0.000000
-6.692383	-0.001849	-1.551943	-0.024825	6.428555	0.525895	0.000000	0.000000	0.000000	-0.000000
-14.296599	-5.248524	0.137398	-0.006308	-3.264598	1.875178	0.000000	-0.000000	0.000000	-0.000000
-7.565734	5.359040	-2.875381	5.220857	0.628813	3.748826	0.000000	0.000000	0.000000	-0.000000
-5.530295	-0.105659	-0.068909	4.585418	-2.646395	-0.039574	0.000000	-0.000000	0.000000	-0.000000
-0.000000	0.000410	-0.042606	0.000482	-0.163328	-0.000231	0.000000	0.000000	0.000000	-0.000000
-5.964624	-0.002100	2.041112	-5.505126	-3.427134	0.000153	0.000000	0.000000	0.000000	-0.000000
-6.362839	-0.000876	-1.099293	-0.013543	6.574894	0.598588	0.000000	0.000000	0.000000	-0.000000
-10.083611	-0.000473	-2.607462	5.606864	3.710637	0.833628	0.000000	0.000000	0.000000	-0.000000
-2.829257	4.761219	-2.412768	-0.003350	3.908322	4.037810	0.000000	-0.000000	0.000000	-0.000000
-7.021840	0.004158	5.124365	5.256043	-4.200979	0.006922	0.000000	-0.000000	0.000000	-0.000000
-8.685886	0.001975	2.532902	-0.009411	5.072668	0.106617	1.662202	-0.000000	0.000000	-0.000000
-2.932998	4.750078	-2.379860	-0.002709	3.946584	4.071393	0.000000	-0.000000	0.000000	-0.000000
-8.321870	-0.000200	3.513541	5.357378	-2.814088	5.461764	0.000000	-0.000000	0.000000	-0.000000
-9.390504	5.432863	-7.066079	-0.001126	-0.144846	2.972559	0.000000	-0.000000	0.000000	-0.000000
-10.644209	-0.001368	-0.006251	0.000961	-5.067731	5.407152	0.000000	-0.000000	0.000000	-0.000000
-6.136604	-5.024289	7.009559	0.003415	0.335807	-0.720041	0.000000	0.000000	-0.000000	-0.000000
-8.160913	-5.911242	-1.414104	5.743130	0.341678	1.297286	0.000000	0.000000	0.000000	-0.000000
-3.980154	0.000083	3.283381	-0.007802	-0.012630	6.112608	0.000000	0.000000	0.000000	-0.000000
-9.609165	0.018569	1.482696	-0.001329	-6.075971	-0.004998	0.000000	-0.000000	0.000000	-0.000000
-8.172727	5.810507	3.926540	4.529003	-0.006704	-0.707902	0.000000	0.000000	0.000000	-0.000000
-3.206732	4.758749	-2.444241	-0.008018	3.983758	4.166444	0.000000	-0.000000	0.000000	-0.000000
-12.289170	-0.001487	-0.265714	-5.267838	2.925536	-0.011936	0.000000	-0.000000	0.000000	-0.000000
-2.499150	4.748578	-2.314316	-0.000008	3.825619	3.917975	0.000000	-0.000000	0.000000	-0.000000
-5.829420	-0.000436	0.162678	-5.521763	-2.796768	0.039404	2.388269	0.000000	0.000000	-0.000000
-3.316489	4.703686	-2.162657	-0.014318	4.103400	4.198200	0.000000	-0.000000	0.000000	-0.000000
-14.511598	-5.157718	0.173136	-0.003371	-3.246956	2.203340	0.000000	-0.000000	0.000000	-0.000000
-6.720956	-0.000271	-4.644256	-0.000092	-4.667291	-0.263563	0.000000	0.000000	0.000000	-0.000000
-4.046336	0.001607	-0.007104	5.836853	-2.543810	-0.010794	0.000000	0.000000	0.000000	-0.000000
-9.325139	-0.000501	-5.118915	-5.537536	4.412587	0.396660	0.000000	-0.000000	0.000000	-0.000000
-8.481143	0.027353	0.372422	-6.029695	-0.802350	3.745120	0.848903	0.000000	0.000000	-0.000000
-11.143485	-5.207819	6.254882	5.264196	-1.556360	-0.240179	0.000000	0.000000	0.000000	-0.000000
-9.096769	-0.000892	-5.131399	-5.616283	4.319871	0.603989	0.000000	-0.000000	0.000000	-0.000000
-14.509302	0.106186	2.068968	-0.000826	-0.517124	-4.385022	0.000000	0.000000	0.000000	-0.000000
-9.043688	5.317402	0.385988	-5.479825	1.112065	4.538219	0.000000	0.000000	0.000000	-0.000000
-13.566750	-0.000199	3.643418	5.303587	2.273385	1.959292	0.000000	0.000000	0.000000	-0.000000
-11.667393	-5.525767	4.740136	5.170551	-0.453931	2.373212	0.000000	0.000000	0.000000	-0.000000
-11.868669	-0.011895	-3.741006	0.000103	-0.004646	-5.691922	0.000000	-0.000000	0.000000	-0.000000
-8.359657	-0.000191	-3.903375	-4.980050	2.288033	-4.448357	3.131048	0.000000	0.000000	0.000000
-14.422227	-5.244745	0.148276	-0.001535	-3.251156	2.182929	0.000000	-0.000000	0.000000	-0.000000
-7.955666	-5.494387	4.721785	-0.057200	1.688927	3.016788	0.000000	0.000000	0.000000	-0.000000
-4.409113	-0.000000	4.485829	-2.101497	-1.887611	-0.000006	0.000000	0.000000	0.000000	-0.000000
-9.010407	-5.078628	2.932167	-5.602209	-1.107995	-2.629512	0.000000	0.000000	0.000000	-0.000000
-9.712382	5.478758	-6.863195	-0.000966	-0.363879	2.960510	0.000000	-0.000000	0.000000	-0.000000
-8.038591	-0.001155	-3.505502	-5.273856	3.103015	-4.467351	0.000007	-0.000000	0.000000	-0.000000
-9.635923	4.996981	-0.678913	-5.471242	0.208775	4.207242	0.000000	0.000000	0.000000	-0.000000
-8.964736	-0.000677	-5.371780	-5.776500	4.164477	0.074607	0.000000	-0.000000	0.000000	-0.000000
-4.624163	-5.555814	-0.592088	0.002019	2.928693	1.969640	0.000000	0.000000	0.000000	-0.000000
-3.677235	0.656750	-4.453748	-4.983355	-2.010934	-0.289210	2.177498	0.000000	0.000000	-0.000000
-8.446712	5.704619	0.458175	-5.827000	-0.444836	-0.151715	0.000000	0.000000	0.000000	-0.000000
-11.268626	-5.754156	-4.657302	-0.002165	-1.835775	0.358818	0.000000	0.000000	0.000000	-0.000000
-7.605249	-5.396096	4.970935	-0.027958	1.180893	2.884551	0.000000	0.000000	0.000000	-0.000000
-4.488549	-0.000252	3.557721	-0.012848	-0.341063	6.188178	0.000000	0.000000	0.000000	-0.000000
-8.462432	5.757301	0.279032	-5.793237	-0.124876	-0.069405	0.000000	0.000000	0.000000	-0.000000
-7.625041	-0.000680	0.056180	-5.344846	-2.606571	5.110472	0.000000	0.000000	0.000000	-0.000000
-13.256050	5.175859	-0.103940	-0.017539	-2.141509	4.390520	0.000000	-0.000000	0.000000	-0.000000
-11.191700	0.000832	1.430522	-5.125601	1.701278	-3.674340	0.391970	0.000000	0.000000	-0.000000
-11.452134	-5.696231	-5.217740	-0.000049	-1.712647	0.226792	0.000000	0.000000	0.000000	-0.000000
-13.471430	-0.000272	3.597208	4.883530	2.441031	2.012932	0.000000	0.000000	0.000000	-0.000000
-6.858171	5.343307	3.543215	-0.010381	3.136846	5.161986	0.000000	-0.000000	0.000000	-0.000000
-3.568680	0.000768	-5.842782	-5.606807	-1.545507	4.406180	0.000000	-0.000000	-0.000000	-0.000000
-10.878042	-0.001307	-0.012426	-0.003358	-5.038148	5.523766	0.000000	-0.000000	0.000000	-0.000000
-6.593369	-0.000639	-1.972372	-0.003172	6.266681	0.994137	0.000000	0.000000	0.000000	-0.000000
-12.956923	-5.333541	1.031155	-0.000358	-3.851577	-2.538840	0.000000	-0.000000	0.000000	-0.000000
-1.689700	5.580567	-0.464701	0.000410	3.517174	-0.079887	0.000000	-0.000000	0.000000	-0.000000
-11.962350	0.071370	-3.323347	0.000138	0.004376	-6.062666	0.000000	-0.000000	0.000000	-0.000000
-0.000000	0.001779	-0.069317	-0.062746	-0.025196	-0.000096	0.000000	0.000000	0.000000	-0.000000
-8.571853	-0.000219	3.369236	5.291028	-2.807509	5.694648	0.000000	-0.000000	0.000000	-0.000000
-8.164728	-5.788209	-3.737796	-4.887627	-0.000212	2.894091	2.994528	0.000000	0.000000	0.000000
-14.169004	-5.372329	-0.101156	-0.001641	-3.276918	2.029478	0.000000	-0.000000	0.000000	-0.000000
-7.623104	5.264054	-2.100690	5.205120	1.492100	4.207649	0.000000	0.000000	0.000000	-0.000000
-5.856330	-0.002804	-0.104016	-5.105502	-3.923307	-0.005926	0.000000	0.000000	0.000000	-0.000000
-3.793502	0.000021	-5.385514	-5.680849	-1.502638	4.481481	0.000000	-0.000000	-0.000000	-0.000000
-8.994028	0.006175	-0.111875	4.860464	2.988990	-3.217157	0.000000	0.000000	-0.000000	-0.000000
-4.279159	0.001677	-0.025419	5.539846	-2.827638	-0.026218	0.000000	0.000000	0.000000	-0.000000
-6.291966	-5.809865	-1.274170	-5.720321	-0.734441	-3.957726	0.000000	-0.000000	0.000000	-0.000000
-5.935269	0.006510	1.826071	-5.462283	-3.490715	-0.069494	0.000000	0.000000	0.000000	-0.000000
-11.284951	-5.685620	-5.236732	-0.000249	-1.997691	0.799227	0.000000	0.000000	0.000000	-0.000000
-12.912178	-0.000563	0.222123	-4.951722	2.728308	0.085259	0.000000	0.000000	0.000000	-0.000000
-10.678077	-0.000828	-0.331550	0.000247	-5.090341	5.360612	0.000000	-0.000000	0.000000	-0.000000
-7.633464	5.783348	0.228740	-6.311210	-0.204441	-1.030932	0.000000	0.000000	0.000000	-0.000000
-14.593344	-5.195237	0.056699	-0.002198	-3.202033	2.161240	0.000000	-0.000000	0.000000	-0.000000
-4.623622	0.001705	3.686872	-0.088330	0.062415	6.148219	0.000000	0.000000	0.000000	-0.000000
-10.780479	-0.001844	-0.206355	-0.000422	-5.069301	5.436062	0.000000	-0.000000	0.000000	-0.000000
-10.260785	-0.000826	-2.316989	5.487525	3.890902	0.581026	0.000000	0.000000	0.000000	-0.000000
-11.701566	0.002001	-3.636758	0.000093	0.169055	-5.768288	0.000000	-0.000000	0.000000	-0.000000
-5.700221	-4.800775	6.889904	-0.025753	0.023665	-1.425544	0.000000	0.000000	-0.000000	-0.000000
-10.148344	5.780637	2.840667	5.222508	0.269944	4.892588	0.000000	-0.000000	0.000000	-0.000000
-9.351564	0.006359	1.208372	-0.004569	-6.235729	-0.017004	0.000000	-0.000000	0.000000	-0.000000
-9.520116	5.435285	-6.975670	-0.000948	-0.282008	2.960001	0.000000	-0.000000	0.000000	-0.000000
-6.766224	0.000570	-3.864329	-0.000611	-4.992465	-0.757339	0.000000	0.000000	0.000000	-0.000000
-4.778501	-5.392701	-0.886110	-0.023300	2.957831	2.096972	0.000000	0.000000	0.000000	-0.000000
-5.555513	0.039864	4.322517	-0.055015	-0.180383	5.696116	0.000000	0.000000	0.000000	-0.000000
-5.800484	-5.653872	-2.647839	-5.521598	-0.186538	-3.980442	0.000000	-0.000000	0.000000	-0.000000
-4.215322	-4.857984	0.015987	0.014610	2.088668	-3.753103	0.000000	0.000000	0.000000	-0.000000
-7.605785	-5.888651	-5.002210	-5.115502	1.098795	0.623252	0.000000	-0.000000	0.000000	-0.000000
-4.708495	5.356832	-5.284591	-5.437800	1.020131	-1.195600	0.000000	-0.000000	0.000000	-0.000000
-5.199824	-0.001231	-0.397400	0.002577	5.579001	-3.881633	0.000000	-0.000000	0.000000	-0.000000
-10.077625	5.560766	-6.452318	-0.001403	-0.452341	3.022344	0.000000	-0.000000	0.000000	-0.000000
-14.216366	0.227728	2.071901	0.002822	0.019713	-4.315259	0.000000	0.000000	0.000000	-0.000000
-6.855147	-5.211918	0.089605	5.714247	-0.387181	-3.626315	0.000000	0.000000	0.000000	-0.000000
-11.340058	-5.751532	-4.728344	0.000022	-1.897643	-0.007044	0.000000	0.000000	0.000000	-0.000000
-6.947860	0.000249	-4.540372	-0.001529	-4.680433	-0.267785	0.000000	0.000000	0.000000	-0.000000
-9.246465	5.408416	-6.868683	0.000049	-0.037616	3.075284	0.000000	-0.000000	0.000000	-0.000000
-0.000000	-0.000067	-0.191328	0.038101	-0.141475	-0.000064	0.000000	0.000000	0.000000	-0.000000
-10.310291	5.733540	3.010389	5.125977	0.671348	4.890168	0.000000	-0.000000	0.000000	-0.000000
-5.763429	5.245658	-6.602736	-5.358618	2.020587	3.523516	0.000000	-0.000000	0.000000	-0.000000
-10.358588	-0.000316	-2.402749	5.509341	3.946539	0.402295	0.000000	0.000000	0.000000	-0.000000
-9.951664	-5.317400	-3.077092	-0.001103	-3.056453	-4.249661	0.000000	-0.000000	0.000000	-0.000000
