-3.979582	2.795782	-4.162989	0.594770	2.350893	4.151340	0.000000	0.000000	0.000000	0.000000
-3.255690	-0.068411	-0.000000	1.062700	7.180239	-0.006500	0.000000	0.000000	0.000000	0.000000
-8.145218	-0.299455	0.000000	-4.328722	0.181576	-3.709218	-0.000000	0.000000	0.000000	0.000000
-9.547675	-0.142519	0.000000	-3.775443	3.097075	-0.003713	-0.000000	0.000000	0.000000	0.000000
-4.495855	-2.382497	-4.130468	-3.499482	0.572239	-3.349856	-0.000000	0.000000	0.000000	0.000000
-8.669218	-0.187984	0.000000	-1.091918	-7.039701	0.001359	-0.000000	0.000000	0.000000	0.000000
-2.099880	0.430622	-0.000000	0.894021	4.237679	3.798900	0.000000	0.000000	0.000000	0.000000
-7.957277	-0.241914	-0.000000	-4.220485	0.000801	-3.829654	-0.000000	0.000000	0.000000	0.000000
-4.253663	-1.861312	0.000000	3.933694	0.098567	-3.755231	-0.000000	0.000000	0.000000	0.000000
-9.347820	0.309677	3.956812	3.338559	2.739032	0.014552	-0.000000	0.000000	0.000000	0.000000
-3.421813	-1.677063	-4.168330	-3.410737	-2.116243	0.038072	-0.000000	0.000000	0.000000	0.000000
-9.208437	-3.795529	-3.949553	1.300269	2.754839	0.010661	-0.000000	0.000000	0.000000	0.000000
-6.233350	-0.000354	0.000000	0.000000	-4.149978	0.000000	0.000000	0.000000	0.000000	0.000000
-9.537945	2.331907	-0.000000	2.069155	-1.686041	-4.612124	-0.000000	0.000000	0.000000	0.000000
-7.833515	-2.823569	4.285696	-3.324907	4.067070	0.063676	-0.000000	0.000000	0.000000	0.000000
-6.261014	-3.406750	-4.321825	0.623770	-4.921065	0.012459	-0.000000	0.000000	0.000000	0.000000
-4.381216	-0.727842	0.000000	4.295992	1.172752	4.089680	0.000000	0.000000	0.000000	0.000000
-9.450935	0.985589	0.000000	2.177941	-1.299254	-4.772689	-0.000000	0.000000	0.000000	0.000000
-4.704507	-2.558595	-4.205647	-3.465269	1.910685	-3.965986	-0.000000	0.000000	0.000000	0.000000
-7.643214	0.184703	4.320739	2.884809	-0.294258	-4.264912	-0.000000	0.000000	0.000000	0.000000
-4.444138	-0.640007	-0.000000	4.401701	0.720995	4.112459	0.000000	0.000000	0.000000	0.000000
-2.617102	2.260303	4.322986	-1.218821	-1.535795	0.115517	0.000000	0.000000	0.000000	0.000000
-7.282783	0.721227	4.101823	3.277284	-0.862337	3.657220	-0.000000	0.000000	0.000000	0.000000
-2.793816	2.353570	4.329006	-1.144848	-1.524906	0.320197	0.000000	0.000000	0.000000	0.000000
-4.723696	3.213005	4.208723	-0.484011	1.622205	3.826884	-0.000000	0.000000	0.000000	0.000000
-5.248175	2.616984	-4.279492	0.021404	5.706332	-0.031378	0.000000	0.000000	0.000000	0.000000
-2.564340	-1.445486	-0.000000	4.533146	-3.183459	-0.005359	0.000000	0.000000	0.000000	0.000000
-4.776192	-2.410427	-4.239556	-3.574007	1.742528	-3.987570	-0.000000	0.000000	0.000000	0.000000
-7.581547	-6.538150	0.000000	1.395052	3.499192	0.011209	-0.000000	0.000000	0.000000	0.000000
-3.267078	-0.086030	0.000000	1.024173	7.181476	0.036506	0.000000	0.000000	0.000000	0.000000
-1.949168	-0.742722	-0.000000	0.027744	3.714433	-4.138267	-0.000000	0.000000	0.000000	0.000000
-10.085993	-2.642954	-0.000000	-0.164555	-2.667586	-3.849814	-0.000000	0.000000	0.000000	0.000000
-6.174757	-1.281970	4.353802	-3.566465	0.083921	3.707327	-0.000000	0.000000	0.000000	0.000000
-9.540861	3.599479	-0.000000	2.787441	-1.770737	3.875917	-0.000000	0.000000	0.000000	0.000000
-6.481113	0.144064	-4.234307	3.748503	0.917313	-4.493344	-0.000000	0.000000	0.000000	0.000000
-11.155178	-1.481261	0.000000	-0.690248	-2.559567	-3.863560	-0.000000	0.000000	0.000000	0.000000
-7.894166	-3.050515	-4.188293	1.351760	-1.298826	4.140679	-0.000000	0.000000	0.000000	0.000000
-4.377630	-4.962522	0.000000	-2.676242	6.014516	-0.496964	0.000000	0.000000	0.000000	0.000000
-2.577946	-1.137537	0.000000	4.304656	-3.285296	-0.484172	0.000000	0.000000	0.000000	0.000000
-9.347339	3.687360	0.000000	2.833673	-1.678449	3.850113	-0.000000	0.000000	0.000000	0.000000
-9.960697	0.485879	0.000000	-3.581447	3.184493	-0.028350	-0.000000	0.000000	0.000000	0.000000
-9.427943	3.649266	-0.000000	2.804358	-1.765693	3.874537	-0.000000	0.000000	0.000000	0.000000
-4.671736	1.025465	-4.187408	3.310488	-3.881405	0.053449	-0.000000	0.000000	0.000000	0.000000
-9.807579	0.010246	0.000000	-3.617452	3.120941	-0.077030	-0.000000	0.000000	0.000000	0.000000
-12.869539	-0.975196	0.000000	-0.012933	0.865051	-0.014027	-0.000000	0.000000	0.000000	0.000000
-6.166924	5.640030	0.000000	-1.024733	0.278997	3.676693	0.000000	0.000000	0.000000	0.000000
-7.034596	1.263199	3.969139	3.387392	-0.283099	3.702569	-0.000000	0.000000	0.000000	0.000000
-6.275849	-2.896575	4.323006	-4.111658	1.303444	-4.037451	0.000000	0.000000	0.000000	0.000000
-5.347298	3.975796	0.000000	-2.143600	-2.610936	0.060683	-0.000000	0.000000	0.000000	0.000000
-4.834890	-2.467577	-4.235874	-3.505649	1.927833	-3.976880	-0.000000	0.000000	0.000000	0.000000
-4.013487	3.213462	-4.240300	0.213018	2.140785	4.122631	0.000000	0.000000	0.000000	0.000000
-2.765840	2.298453	4.370079	-1.185158	-1.625668	-0.012908	0.000000	0.000000	0.000000	0.000000
-3.245563	-3.820791	0.000000	-2.055891	2.756381	4.542049	0.000000	0.000000	0.000000	0.000000
-4.623868	1.297015	-4.181592	3.253923	-3.950127	0.025741	-0.000000	0.000000	0.000000	0.000000
-7.772719	-2.912497	4.198823	-3.076992	4.511313	-0.005640	-0.000000	0.000000	0.000000	0.000000
-8.064256	-4.319760	4.338465	-0.158165	-2.451928	-3.778771	0.000000	0.000000	0.000000	0.000000
-4.409626	-2.272630	-0.000000	3.764975	0.833727	-3.993861	-0.000000	0.000000	0.000000	0.000000
-8.216894	-0.149609	-0.000000	-4.822667	0.937967	-3.459654	-0.000000	0.000000	0.000000	0.000000
-6.106308	-3.358875	-4.327730	0.479036	-5.055291	0.011085	-0.000000	0.000000	0.000000	0.000000
-6.242470	-1.603650	4.299455	-3.428994	0.319200	3.927055	-0.000000	0.000000	0.000000	0.000000
-3.827864	-1.969489	4.253434	-3.765792	-3.181161	0.017585	-0.000000	0.000000	0.000000	0.000000
0.000000	-0.038295	0.000000	0.069168	0.116234	-0.231458	0.000000	0.000000	0.000000	0.000000
-3.287964	2.075689	4.161541	-0.292574	-2.234521	-0.084944	0.000000	0.000000	0.000000	0.000000
-2.272297	-1.356646	0.000000	-0.235122	3.703707	-4.064409	-0.000000	0.000000	0.000000	0.000000
-4.701215	-0.648996	-0.000000	4.638156	0.273174	4.049914	0.000000	0.000000	0.000000	0.000000
-5.159460	4.129356	0.000000	-2.184365	-2.747504	0.143046	-0.000000	0.000000	0.000000	0.000000
-3.158060	-0.178011	-0.000000	0.945885	7.079449	-0.029147	-0.000000	0.000000	0.000000	0.000000
-7.763586	-2.518139	4.263057	-3.559609	3.564760	0.328375	-0.000000	0.000000	0.000000	0.000000
-4.516718	4.567994	-0.000000	-1.704280	-3.085552	-0.997903	-0.000000	0.000000	0.000000	0.000000
-7.222017	-3.987580	-4.190420	0.396968	-1.799082	-3.748274	-0.000000	0.000000	0.000000	0.000000
-6.137241	-2.940166	4.276153	-4.105508	1.319435	-4.038333	0.000000	0.000000	0.000000	0.000000
-2.054655	2.527101	-4.323357	-0.233402	-0.766245	0.069107	0.000000	0.000000	0.000000	0.000000
-0.000000	0.152719	0.000000	0.029378	-0.079711	0.220001	0.000000	0.000000	0.000000	0.000000
-6.236341	-2.892889	4.317310	-4.122613	1.232064	-4.070796	0.000000	0.000000	0.000000	0.000000
-9.199564	-0.000047	0.000000	-2.398467	3.377732	0.000000	0.000000	0.000000	0.000000	0.000000
-4.981000	1.953491	4.196750	-1.191510	2.335785	-4.120142	-0.000000	0.000000	0.000000	0.000000
-6.596111	-2.060158	-4.106905	-3.057172	5.051986	-0.016375	-0.000000	0.000000	0.000000	0.000000
-9.217611	2.056323	-0.000000	2.644479	-1.200579	-4.497846	-0.000000	0.000000	0.000000	0.000000
-5.290433	0.644494	4.171547	2.686027	-4.822244	0.036386	0.000000	0.000000	0.000000	0.000000
-5.667490	-6.678692	0.000000	0.700697	-0.000106	-3.783504	0.000000	0.000000	0.000000	0.000000
-4.782629	5.508432	-0.000000	-1.347549	-2.645828	-0.061024	-0.000000	0.000000	0.000000	0.000000
-10.441601	0.119421	-0.000000	-3.294009	3.056945	-0.017120	-0.000000	0.000000	0.000000	0.000000
-11.006912	-0.829343	-0.000000	0.117534	-3.000103	3.761027	-0.000000	0.000000	0.000000	0.000000
-5.466660	-1.752276	-0.000000	4.334069	4.271989	0.308418	0.000000	0.000000	0.000000	0.000000
-8.095118	-4.178417	4.281044	-0.086118	-2.056694	-4.084221	0.000000	0.000000	0.000000	0.000000
-4.290917	-5.183142	0.000000	-2.465151	5.755813	0.082860	0.000000	0.000000	0.000000	0.000000
-8.912769	0.185483	3.860238	3.494416	2.918296	-0.024706	-0.000000	0.000000	0.000000	0.000000
-7.357850	0.794951	4.071308	3.305729	-0.466463	3.604210	-0.000000	0.000000	0.000000	0.000000
-7.817637	0.876561	-4.040407	4.189431	3.742239	0.055675	-0.000000	0.000000	0.000000	0.000000
-5.700329	0.019587	-0.000000	-5.341556	-3.272663	0.019482	-0.000000	0.000000	0.000000	0.000000
-2.347991	1.171543	0.000000	0.428218	3.584805	4.058695	0.000000	0.000000	0.000000	0.000000
-3.182471	-3.762836	-0.000000	-2.144064	2.693285	4.547743	0.000000	0.000000	0.000000	0.000000
-6.262248	0.001344	-4.212206	3.489858	0.203096	-4.542773	-0.000000	0.000000	0.000000	0.000000
-2.060283	0.717669	0.000000	0.572297	3.839802	4.154730	0.000000	0.000000	0.000000	0.000000
-9.510466	-0.337100	-0.000000	-0.833096	-6.289170	0.005176	-0.000000	0.000000	0.000000	0.000000
-3.753635	3.168125	-4.275205	0.094636	1.688359	4.061867	0.000000	0.000000	0.000000	0.000000
-3.436254	-1.978108	-4.112043	-3.135579	-2.390603	-0.000154	-0.000000	0.000000	0.000000	0.000000
-4.279838	-5.231514	0.000000	-2.515858	5.713040	0.036063	0.000000	0.000000	0.000000	0.000000
-6.530104	3.844039	-0.000000	-1.855570	0.119628	-4.540993	-0.000000	0.000000	0.000000	0.000000
-3.998793	-1.769732	4.298553	-3.768861	-2.994057	0.019116	-0.000000	0.000000	0.000000	0.000000
-6.210505	5.603941	0.000000	-1.066455	0.253905	3.611712	0.000000	0.000000	0.000000	0.000000
-3.862872	3.116470	-4.256902	0.207731	2.119735	4.080483	0.000000	0.000000	0.000000	0.000000
-10.892351	3.093475	-0.000000	2.970259	1.917433	0.140114	-0.000000	0.000000	0.000000	0.000000
-4.862746	-4.865761	-0.000000	-2.118899	6.450819	0.281073	0.000000	0.000000	0.000000	0.000000
-4.650946	-3.089030	-0.000000	-0.798964	7.195513	-0.001949	-0.000000	0.000000	0.000000	0.000000
-5.980435	1.791653	-4.143399	3.938663	-0.446103	4.202806	0.000000	0.000000	0.000000	0.000000
-10.039660	0.330976	-0.000000	-3.498446	3.165195	-0.022301	-0.000000	0.000000	0.000000	0.000000
-2.213590	-0.388601	0.000000	0.367869	4.338543	3.781281	0.000000	0.000000	0.000000	0.000000
-6.096449	-6.765662	-0.000000	0.750280	0.382915	-3.718018	0.000000	0.000000	0.000000	0.000000
-9.753845	3.514329	-0.000000	2.788747	-1.779748	3.867628	-0.000000	0.000000	0.000000	0.000000
-9.673841	0.140731	0.000000	-3.850096	3.038485	-0.018795	-0.000000	0.000000	0.000000	0.000000
-9.848191	0.348384	-0.000000	-3.512678	3.210767	0.039306	-0.000000	0.000000	0.000000	0.000000
-8.109949	-4.337132	4.343295	-0.252585	-2.060899	-4.031636	0.000000	0.000000	0.000000	0.000000
-5.763748	-1.757193	-0.000000	4.131051	4.732985	-0.016152	-0.000000	0.000000	0.000000	0.000000
-4.649655	1.374326	-4.175748	3.256744	-3.951584	0.007146	-0.000000	0.000000	0.000000	0.000000
-3.224269	1.666588	-4.126135	-0.260471	2.668922	-4.016631	-0.000000	0.000000	0.000000	0.000000
-8.185692	0.364297	-4.051772	4.232150	3.838552	-0.103439	-0.000000	0.000000	0.000000	0.000000
-4.683949	3.274210	4.361589	-1.216625	0.204424	2.969933	-0.000000	0.000000	0.000000	0.000000
-3.938715	-1.906157	4.302619	-3.781672	-3.143150	-0.002410	-0.000000	0.000000	0.000000	0.000000
-1.960660	-0.154794	0.000000	0.199461	3.838069	-4.103048	0.000000	0.000000	0.000000	0.000000
-3.774215	3.094366	-4.275931	0.085812	1.780635	4.082730	0.000000	0.000000	0.000000	0.000000
-3.847980	1.933448	-4.147757	0.024744	2.159236	4.232678	0.000000	0.000000	0.000000	0.000000
-11.914087	-0.137643	-0.000000	0.020889	1.082735	0.004287	-0.000000	0.000000	0.000000	0.000000
-5.278456	4.421154	0.000000	-2.118519	-2.905481	0.088545	-0.000000	0.000000	0.000000	0.000000
-6.031447	1.846001	-4.137979	3.895004	-0.275482	4.265927	0.000000	0.000000	0.000000	0.000000
-4.775413	-2.599375	-0.000000	3.691060	1.391683	-4.009149	-0.000000	0.000000	0.000000	0.000000
-9.937777	-2.669352	-0.000002	-0.210105	-2.833267	-3.833467	-0.000000	0.000000	0.000000	0.000000
-6.585956	5.271799	-0.000000	-0.974850	0.970936	4.035423	-0.000000	0.000000	0.000000	0.000000
-2.762116	-1.437608	0.000000	4.601146	-3.242002	-0.021163	0.000000	0.000000	0.000000	0.000000
-3.370142	-0.133372	0.000000	1.127915	7.292745	0.057043	0.000000	0.000000	0.000000	0.000000
-10.547475	-3.973696	4.324935	0.415473	1.763630	-0.003563	-0.000000	0.000000	0.000000	0.000000
-10.868059	-3.928614	4.522708	0.168195	1.325376	0.004045	-0.000000	0.000000	0.000000	0.000000
-8.397610	-0.185835	-0.000000	-4.624390	0.693007	-3.475443	-0.000000	0.000000	0.000000	0.000000
0.000000	-0.139420	0.000000	0.002559	0.052489	0.033458	0.000000	0.000000	0.000000	0.000000
-3.358539	-2.058758	-4.117258	-3.075611	-2.402695	-0.017332	-0.000000	0.000000	0.000000	0.000000
-9.457803	3.868043	0.000000	2.805314	-1.736983	3.869674	-0.000000	0.000000	0.000000	0.000000
-1.745095	-0.122917	0.000000	0.230089	3.798338	-4.152761	0.000000	0.000000	0.000000	0.000000
-6.387512	-3.364746	-4.289051	0.598555	-4.911305	0.010486	-0.000000	0.000000	0.000000	0.000000
-9.083843	2.419926	-0.000000	2.123583	-1.903225	-4.520061	-0.000000	0.000000	0.000000	0.000000
-8.047451	-0.160718	-0.000000	-4.325822	0.007330	-3.763059	-0.000000	0.000000	0.000000	0.000000
-8.408834	4.630603	-0.000000	-1.108636	4.308567	-0.077881	-0.000000	0.000000	0.000000	0.000000
-5.464056	2.595032	-4.314722	-0.002901	6.022431	-0.071727	0.000000	0.000000	0.000000	0.000000
-3.230575	-3.788724	0.000000	-2.364191	2.525573	4.527631	0.000000	0.000000	0.000000	0.000000
-9.110891	3.832843	-0.000000	2.860108	-1.702445	3.830947	-0.000000	0.000000	0.000000	0.000000
-9.438464	0.696124	4.059263	3.185804	2.740863	-0.019248	-0.000000	0.000000	0.000000	0.000000
-7.161819	4.160227	0.000000	-1.888456	2.319274	-3.883487	-0.000000	0.000000	0.000000	0.000000
-10.332615	3.278518	0.000000	3.139800	2.126246	0.023559	-0.000000	0.000000	0.000000	0.000000
-3.722616	3.213136	-4.292119	0.077695	1.966320	4.027396	0.000000	0.000000	0.000000	0.000000
-8.845040	-5.004830	4.193925	-0.022418	0.140954	-3.368319	0.000000	0.000000	0.000000	0.000000
-13.478296	-0.731216	-0.000000	-0.020594	0.499502	-0.018075	-0.000000	0.000000	0.000000	0.000000
-8.049951	-3.003604	-4.162044	1.356797	-1.230517	4.034939	-0.000000	0.000000	0.000000	0.000000
-5.847227	-0.016165	0.000000	-4.463776	-3.790934	-0.001616	-0.000000	0.000000	0.000000	0.000000
-9.229747	-3.501309	-3.910735	1.610719	2.951841	0.004664	-0.000000	0.000000	0.000000	0.000000
-6.173616	-2.661018	4.393832	-4.374498	0.210141	-3.949882	0.000000	0.000000	0.000000	0.000000
-10.442735	-3.921794	4.340146	0.262754	1.834203	-0.011241	-0.000000	0.000000	0.000000	0.000000
-8.966525	-4.060160	-3.995053	0.678482	2.616789	-0.063543	-0.000000	0.000000	0.000000	0.000000
-10.608021	-3.940470	4.339314	0.390706	1.811524	0.002243	-0.000000	0.000000	0.000000	0.000000
-10.530844	3.406095	-0.000000	3.032477	2.261419	-0.315157	-0.000000	0.000000	0.000000	0.000000
-2.744507	2.214019	4.358048	-1.237323	-1.651658	0.067184	0.000000	0.000000	0.000000	0.000000
-7.441627	0.050206	4.364499	2.810394	-0.651781	-4.356327	-0.000000	0.000000	0.000000	0.000000
-5.081348	4.717361	0.000000	-1.887497	-2.888709	0.021745	-0.000000	0.000000	0.000000	0.000000
-8.804981	3.988407	0.000000	-1.318337	4.680423	0.016548	-0.000000	0.000000	0.000000	0.000000
-2.163614	2.594292	-4.383213	-0.655495	-1.386677	-0.003670	0.000000	0.000000	0.000000	0.000000
-8.542290	-0.188890	0.000000	-1.176728	-7.116251	-0.000521	-0.000000	0.000000	0.000000	0.000000
-5.419034	1.020365	4.212444	2.606026	-4.793360	0.073531	0.000000	0.000000	0.000000	0.000000
-7.127355	-3.603899	4.485725	-0.100705	-5.511964	0.024657	0.000000	0.000000	0.000000	0.000000
-9.173247	1.381723	3.975703	3.191935	2.833926	-0.025606	-0.000000	0.000000	0.000000	0.000000
-10.945765	-0.779036	-0.000000	0.076396	-3.090517	3.709739	-0.000000	0.000000	0.000000	0.000000
-8.895241	2.878965	-0.000000	0.757040	-2.026875	-4.624685	-0.000000	0.000000	0.000000	0.000000
-11.038414	-0.472102	0.000000	0.106431	-3.087251	3.742107	-0.000000	0.000000	0.000000	0.000000
-4.136437	-4.164545	-0.008026	-3.115685	0.000050	3.197764	-0.000000	0.000000	0.000000	0.000000
-9.647907	0.016334	-0.000000	-3.959152	3.024504	0.001003	-0.000000	0.000000	0.000000	0.000000
-4.509747	1.128123	-4.181794	3.189681	-3.990996	0.004118	-0.000000	0.000000	0.000000	0.000000
-8.145823	4.950281	-0.000000	-0.920695	4.200980	-0.278563	-0.000000	0.000000	0.000000	0.000000
-5.720981	2.593559	-4.338619	0.048324	6.334930	0.007203	0.000000	0.000000	0.000000	0.000000
-5.814647	-7.796912	0.000000	0.579994	0.260594	-2.505852	0.000000	0.000000	0.000000	0.000000
-7.012100	0.037442	0.000000	1.680867	-0.000801	-3.394368	0.000000	0.000000	0.000000	0.000000
-5.879733	1.892934	4.222281	-0.961892	2.610664	1.093198	0.000000	0.000000	0.000000	0.000000
0.000000	-0.090097	0.000000	0.218003	-0.187386	0.039081	0.000000	0.000000	0.000000	0.000000
-5.355065	2.252673	4.277938	-0.875205	2.026653	2.622774	-0.000000	0.000000	0.000000	0.000000
-7.759969	-2.510943	4.344485	-3.727011	3.491874	-0.019930	-0.000000	0.000000	0.000000	0.000000
-8.720842	-3.449935	4.208062	0.104576	-0.972695	3.939653	-0.000000	0.000000	0.000000	0.000000
-8.945272	-3.723803	4.268498	0.454916	-1.618187	3.764889	-0.000000	0.000000	0.000000	0.000000
-7.462610	3.828430	0.000000	-2.137154	0.322871	4.315098	-0.000000	0.000000	0.000000	0.000000
-3.508078	1.934684	-4.166057	-0.386683	2.769031	-4.035964	-0.000000	0.000000	0.000000	0.000000
-7.057805	4.404627	-0.000000	-2.129146	0.123263	3.884273	-0.000000	0.000000	0.000000	0.000000
-0.000000	0.068283	-0.000000	0.055587	1.733672	1.642529	0.000000	0.000000	0.000000	0.000000
-9.133894	-3.879890	-3.937368	1.363697	2.770706	-0.023027	-0.000000	0.000000	0.000000	0.000000
-9.416746	3.657527	0.000000	2.809032	-1.735168	3.879022	-0.000000	0.000000	0.000000	0.000000
-5.316379	-4.265051	0.007942	-1.811164	0.036443	-4.086393	-0.000000	0.000000	0.000000	0.000000
-5.207118	4.395842	-0.000000	-2.163080	-2.809976	0.326260	-0.000000	0.000000	0.000000	0.000000
-9.026175	-3.777731	4.268283	0.469168	-1.605544	3.700730	-0.000000	0.000000	0.000000	0.000000
-6.037587	1.648917	-4.134055	3.918784	-0.313227	4.237675	0.000000	0.000000	0.000000	0.000000
-7.986024	-2.989691	-4.215202	1.325744	-1.554661	4.063216	-0.000000	0.000000	0.000000	0.000000
-2.082067	-4.559613	0.000000	-2.873725	-0.036235	0.594670	-0.000000	0.000000	0.000000	0.000000
-7.437615	-6.234480	-0.000000	1.748189	3.425657	-1.554751	-0.000000	0.000000	0.000000	0.000000
-2.434571	-1.448834	0.000000	4.494297	-3.148007	0.058987	0.000000	0.000000	0.000000	0.000000
-2.574511	2.040244	4.273458	-1.170814	-1.656952	-0.082815	0.000000	0.000000	0.000000	0.000000
-6.850094	1.706690	-4.135590	4.060532	-0.358671	4.284472	0.000000	0.000000	0.000000	0.000000
-3.639398	-6.022059	0.000000	1.066219	-3.957735	0.024523	0.000000	0.000000	0.000000	0.000000
-8.634645	-0.671456	-0.000000	-0.489131	-6.917309	0.004114	-0.000000	0.000000	0.000000	0.000000
-1.951583	2.394916	-4.323097	-0.269195	-0.954561	0.048636	0.000000	0.000000	0.000000	0.000000
-12.401362	-0.839110	0.000000	-0.220695	0.902475	-0.005628	-0.000000	0.000000	0.000000	0.000000
-4.958237	3.089032	4.261719	-0.796808	1.213125	3.818011	-0.000000	0.000000	0.000000	0.000000
-8.777843	-3.531827	4.322649	0.286315	-1.576580	3.973403	-0.000000	0.000000	0.000000	0.000000
-3.438825	2.228634	4.189062	-0.211666	-2.161713	0.010695	-0.000000	0.000000	0.000000	0.000000
-9.110517	-3.596077	-3.913114	1.549844	2.965418	-0.006705	-0.000000	0.000000	0.000000	0.000000
-3.901780	3.120488	-4.258455	0.187143	2.129739	4.093186	0.000000	0.000000	0.000000	0.000000
-4.063716	2.308263	-4.018525	1.559729	1.769234	4.260908	0.000000	0.000000	0.000000	0.000000
-10.800123	3.385370	-0.000000	2.906253	1.701580	-0.024809	-0.000000	0.000000	0.000000	0.000000
-7.519232	-4.306745	-4.210376	0.360143	-0.841393	-3.703803	-0.000000	0.000000	0.000000	0.000000
-4.557996	-2.399285	0.000000	3.730416	1.060919	-4.000400	-0.000000	0.000000	0.000000	0.000000
-9.284952	2.441944	-0.000000	2.108319	-1.806736	-4.555796	-0.000000	0.000000	0.000000	0.000000
-4.912864	1.930754	4.104234	-0.974667	2.301746	-4.152874	-0.000000	0.000000	0.000000	0.000000
-6.048877	1.762094	-4.133690	3.911860	-0.294497	4.251710	0.000000	0.000000	0.000000	0.000000
-6.597355	-2.053913	-4.096437	-3.067883	5.047221	-0.115821	-0.000000	0.000000	0.000000	0.000000
-7.773787	1.228185	-4.045437	4.190804	3.787505	0.005008	-0.000000	0.000000	0.000000	0.000000
-6.093002	-1.300724	4.364461	-3.539603	-0.037482	3.615081	-0.000000	0.000000	0.000000	0.000000
-9.059415	-3.877856	-3.919459	1.138363	2.643712	0.017899	-0.000000	0.000000	0.000000	0.000000
-2.168745	0.655836	-0.000000	0.761457	4.111819	3.901289	0.000000	0.000000	0.000000	0.000000
-7.528244	-4.300851	-4.189200	0.463265	-0.523968	-3.750880	-0.000000	0.000000	0.000000	0.000000
-7.687184	-6.580515	0.000000	1.282799	3.460215	0.140755	-0.000000	0.000000	0.000000	0.000000
-4.125150	-6.257420	0.000000	0.836084	-3.849655	-0.027025	0.000000	0.000000	0.000000	0.000000
-8.465939	-3.373040	4.404033	0.156057	-1.976182	4.193827	-0.000000	0.000000	0.000000	0.000000
-6.075325	-1.967295	-0.000000	4.177645	4.751084	-0.025402	-0.000000	0.000000	0.000000	0.000000
-6.947789	3.883520	-0.000000	-2.098095	1.260299	-4.634454	-0.000000	0.000000	0.000000	0.000000
-7.367536	-3.952813	-4.193521	0.368530	-1.670415	-3.794636	-0.000000	0.000000	0.000000	0.000000
-8.385267	-0.217994	-0.000000	-4.279573	0.191701	-3.652409	-0.000000	0.000000	0.000000	0.000000
-8.003655	-2.991767	-4.207409	1.290730	-1.566324	4.063784	-0.000000	0.000000	0.000000	0.000000
-4.982381	2.403749	-4.191702	0.045576	5.465909	-0.073093	0.000000	0.000000	0.000000	0.000000
-11.054047	-1.443851	-0.000000	-0.854694	-2.703525	-3.845160	-0.000000	0.000000	0.000000	0.000000
-3.823472	-0.215891	4.332837	-2.937418	-2.288546	0.046574	-0.000000	0.000000	0.000000	0.000000
-5.909257	-1.685491	4.280760	-3.566895	0.269706	3.785079	-0.000000	0.000000	0.000000	0.000000
0.000000	0.276066	0.000000	0.049328	-0.145495	0.076639	0.000000	0.000000	0.000000	0.000000
-1.790730	-0.369982	0.000000	0.132674	3.784910	-4.145948	0.000000	0.000000	0.000000	0.000000
-6.538083	-1.786139	-4.115702	-3.166094	4.847525	-0.142265	-0.000000	0.000000	0.000000	0.000000
-8.623911	3.743577	-0.000000	-1.645396	4.568795	0.011271	-0.000000	0.000000	0.000000	0.000000
-5.216351	-4.548543	0.000000	-1.972885	6.866220	0.048454	0.000000	0.000000	0.000000	0.000000
-2.936224	2.375075	4.359838	-1.050678	-1.657828	-0.019000	0.000000	0.000000	0.000000	0.000000
-5.797527	0.101349	4.218241	2.733530	-4.804068	0.036138	0.000000	0.000000	0.000000	0.000000
-9.006418	2.677324	0.000000	1.702517	-1.972429	-4.602910	-0.000000	0.000000	0.000000	0.000000
-5.389371	-2.025972	-4.177012	-2.121240	1.600548	4.315737	0.000000	0.000000	0.000000	0.000000
-9.458478	-3.807686	-3.974702	1.237202	2.628379	0.001473	-0.000000	0.000000	0.000000	0.000000
-8.678927	-4.399185	4.497886	-0.108959	-1.502942	-4.129388	0.000000	0.000000	0.000000	0.000000
-5.135255	-1.312419	-4.146990	-2.475624	1.166192	4.267924	0.000000	0.000000	0.000000	0.000000
-4.182659	-1.917078	0.000000	3.954280	0.164298	-3.784283	-0.000000	0.000000	0.000000	0.000000
-5.174087	-3.072710	-0.000000	3.331454	1.879513	3.646606	0.000000	0.000000	0.000000	0.000000
-8.661320	4.451870	-0.000000	-1.380994	4.299447	-0.085763	-0.000000	0.000000	0.000000	0.000000
-9.214974	2.430858	0.000000	1.345051	-1.827951	-4.743134	-0.000000	0.000000	0.000000	0.000000
-1.700756	-0.343021	-0.000000	0.360992	3.830033	-4.144483	0.000000	0.000000	0.000000	0.000000
-8.072661	-4.265396	4.373370	-0.301288	-2.316845	-3.891469	0.000000	0.000000	0.000000	0.000000
-7.638035	0.305432	0.000000	-2.685308	-1.240721	-4.294993	-0.000000	0.000000	0.000000	0.000000
-2.986989	-3.530632	-0.000000	-1.590056	3.055680	4.501569	0.000000	0.000000	0.000000	0.000000
-7.501794	0.097198	4.300459	2.908120	-0.389149	-4.261918	-0.000000	0.000000	0.000000	0.000000
-10.587266	-4.057793	4.534440	0.134574	0.785833	0.000448	-0.000000	0.000000	0.000000	0.000000
-7.142496	0.109941	4.291862	2.808131	-0.736149	-4.332929	-0.000000	0.000000	0.000000	0.000000
-3.162095	-4.908761	-0.000000	-3.055867	3.141706	-3.927227	0.000000	0.000000	0.000000	0.000000
-2.005800	2.525050	-4.282465	-0.093098	-0.290605	0.082482	0.000000	0.000000	0.000000	0.000000
-2.009259	0.830701	-0.000000	1.013088	3.965311	4.061292	0.000000	0.000000	0.000000	0.000000
-3.966547	3.552950	-4.222076	-0.325120	0.257018	3.855447	0.000000	0.000000	0.000000	0.000000
-4.981165	-4.737082	0.000000	-2.071336	6.680055	0.096422	0.000000	0.000000	0.000000	0.000000
-8.849229	4.243044	-0.000000	-1.637697	4.299902	0.004118	-0.000000	0.000000	0.000000	0.000000
-10.866632	-0.059476	0.000000	0.181662	-3.099643	3.816137	-0.000000	0.000000	0.000000	0.000000
-2.445462	2.289861	3.988907	-0.688293	-1.682792	-0.000789	0.000000	0.000000	0.000000	0.000000
-5.309318	2.585955	-4.288378	0.040147	5.797754	0.005717	0.000000	0.000000	0.000000	0.000000
-8.064749	-4.222566	4.269636	-0.060089	-2.145413	-4.012986	0.000000	0.000000	0.000000	0.000000
-7.359946	0.471366	4.306687	2.749632	-0.462130	-4.316885	-0.000000	0.000000	0.000000	0.000000
-4.656580	-2.590414	-4.195642	-3.475464	1.918761	-3.957844	-0.000000	0.000000	0.000000	0.000000
-3.607821	-1.750789	0.000000	3.566962	-0.006885	0.196307	0.000000	0.000000	0.000000	0.000000
-4.208409	-2.003471	0.000000	3.896718	0.340656	-3.838806	-0.000000	0.000000	0.000000	0.000000
-11.672900	3.083797	0.000000	2.734114	1.537592	0.002248	-0.000000	0.000000	0.000000	0.000000
-6.854837	3.541930	-0.000000	-2.167389	0.308077	-4.680169	-0.000000	0.000000	0.000000	0.000000
-7.718538	-2.929818	4.251229	-3.288240	4.158706	-0.002988	-0.000000	0.000000	0.000000	0.000000
-5.131416	-2.379555	4.331643	-4.451174	-0.292326	-0.006416	-0.000000	0.000000	0.000000	0.000000
-8.106371	1.134657	-4.062369	4.238731	3.913221	-0.122081	-0.000000	0.000000	0.000000	0.000000
-4.426079	-0.539084	0.000000	4.489333	0.369309	4.125277	0.000000	0.000000	0.000000	0.000000
-10.029896	-3.860342	4.026416	0.530929	2.162241	-0.006634	-0.000000	0.000000	0.000000	0.000000
-9.283175	2.501347	0.000000	2.095367	-1.837541	-4.554105	-0.000000	0.000000	0.000000	0.000000
-6.409771	2.255750	-0.004901	2.842917	-5.300023	-0.003916	-0.000000	0.000000	0.000000	0.000000
-3.684527	2.044383	-4.210310	-0.569790	2.704330	-4.093198	-0.000000	0.000000	0.000000	0.000000
-10.883849	3.529916	-0.000000	2.809250	1.628773	-0.050076	-0.000000	0.000000	0.000000	0.000000
-5.288435	-1.856857	-4.187023	-2.163918	1.404906	4.347224	0.000000	0.000000	0.000000	0.000000
-8.199410	0.766742	-4.033251	4.220682	3.762455	0.043979	-0.000000	0.000000	0.000000	0.000000
-5.844429	-5.405922	0.000000	1.876844	-0.351282	4.076010	-0.000000	0.000000	0.000000	0.000000
0.000000	-0.137702	0.000000	0.120249	-0.023330	-0.018986	0.000000	0.000000	0.000000	0.000000
-10.110001	0.169046	-0.000000	-3.507343	3.112265	-0.029803	-0.000000	0.000000	0.000000	0.000000
-5.915722	-1.154610	-4.129128	-2.769570	0.790622	4.419700	0.000000	0.000000	0.000000	0.000000
-3.353507	2.009335	-4.173359	-0.384557	2.547214	-4.019302	-0.000000	0.000000	0.000000	0.000000
-7.174829	0.130368	4.253040	2.855199	-0.516341	-4.329730	-0.000000	0.000000	0.000000	0.000000
-10.937277	-3.876657	4.524961	0.135988	0.691525	0.009803	-0.000000	0.000000	0.000000	0.000000
-3.833567	3.157830	-4.263889	0.138584	2.070562	4.063883	0.000000	0.000000	0.000000	0.000000
-7.955324	-6.242522	0.000000	1.650468	3.566388	0.024054	-0.000000	0.000000	0.000000	0.000000
-3.832382	-5.842805	0.000000	1.118794	-4.112345	0.050983	0.000000	0.000000	0.000000	0.000000
-6.517037	-0.362924	-4.198298	3.646497	0.731083	-4.401652	-0.000000	0.000000	0.000000	0.000000
-2.355887	2.662567	-4.336810	-0.979063	-1.604355	-0.044416	0.000000	0.000000	0.000000	0.000000
-6.072944	1.687116	-4.153379	4.022853	-0.593234	4.147238	0.000000	0.000000	0.000000	0.000000
-6.205121	-0.079795	0.000000	-4.015434	-4.212873	0.017789	-0.000000	0.000000	0.000000	0.000000
-9.280096	-3.850787	-3.951490	1.262739	2.688551	0.009747	-0.000000	0.000000	0.000000	0.000000
-14.157173	-0.084360	0.000000	-0.023878	0.467819	0.002673	-0.000000	0.000000	0.000000	0.000000
-7.810328	-2.866862	4.268071	-3.291747	4.127580	0.048042	-0.000000	0.000000	0.000000	0.000000
-7.081978	1.181260	4.107470	3.337954	-0.984358	3.615483	-0.000000	0.000000	0.000000	0.000000
-7.211537	2.358954	4.124931	-0.525853	5.367671	-0.003687	-0.000000	0.000000	0.000000	0.000000
-7.033900	1.710289	3.984309	3.288652	-0.180881	3.777353	-0.000000	0.000000	0.000000	0.000000
-2.219026	2.613833	-4.296637	-0.221337	-1.205682	0.000655	0.000000	0.000000	0.000000	0.000000
-4.458387	-0.631896	-0.000000	4.330697	1.075651	4.081037	0.000000	0.000000	0.000000	0.000000
-3.376287	-3.802478	-0.000000	-2.295981	2.623542	4.528584	0.000000	0.000000	0.000000	0.000000
-2.628855	2.276143	4.333309	-1.223474	-1.543639	0.030664	0.000000	0.000000	0.000000	0.000000
-5.961388	-0.024853	0.000000	-4.518622	-3.789315	0.004752	-0.000000	0.000000	0.000000	0.000000
-10.769202	-0.630492	0.000000	0.038973	-3.275690	3.602472	-0.000000	0.000000	0.000000	0.000000
-8.157794	0.699624	-0.000000	-3.794378	0.018369	3.624497	-0.000000	0.000000	0.000000	0.000000
-9.991529	0.632894	-0.000000	-3.444782	3.211061	-0.048075	-0.000000	0.000000	0.000000	0.000000
-7.905219	-2.794129	4.303236	-3.364126	4.041356	-0.002522	-0.000000	0.000000	0.000000	0.000000
-10.138731	-3.869924	4.120624	0.393491	1.997307	0.008830	-0.000000	0.000000	0.000000	0.000000
-5.967629	-3.456316	-4.330706	0.628973	-4.955469	-0.011602	-0.000000	0.000000	0.000000	0.000000
-4.816645	-1.429688	-4.168546	-2.644421	0.619789	3.755005	0.000000	0.000000	0.000000	0.000000
-7.683042	-0.125660	4.340883	2.907068	-0.383349	-4.298942	-0.000000	0.000000	0.000000	0.000000
-6.296549	5.363001	-0.000000	-0.817972	0.089346	3.796189	0.000000	0.000000	0.000000	0.000000
-9.043783	2.751828	0.000000	0.293370	-1.954723	-4.794902	-0.000000	0.000000	0.000000	0.000000
-1.973394	-0.297808	0.000000	0.175592	3.857771	-4.079394	-0.000000	0.000000	0.000000	0.000000
-6.397183	-1.208429	4.370372	-3.520435	-0.258984	3.585898	-0.000000	0.000000	0.000000	0.000000
-7.572851	0.439509	-0.000000	-4.283435	-0.537357	3.428251	-0.000000	0.000000	0.000000	0.000000
-7.804004	3.417425	-0.000000	2.622711	-4.925581	0.306463	-0.000000	0.000000	0.000000	0.000000
-8.459445	-3.425900	4.345640	0.263503	-1.946565	4.161371	-0.000000	0.000000	0.000000	0.000000
-3.365313	-3.763039	-0.000000	-2.379342	2.579751	4.523145	0.000000	0.000000	0.000000	0.000000
-2.705791	1.644304	0.000000	0.185133	3.242478	4.064356	0.000000	0.000000	0.000000	0.000000
-4.348147	-2.031965	0.000000	3.832359	1.607188	-4.126712	-0.000000	0.000000	0.000000	0.000000
-6.387177	2.226472	4.091494	-0.181230	5.351787	0.049436	-0.000000	0.000000	0.000000	0.000000
-10.438601	-4.056540	4.472954	0.159646	1.055528	0.022816	-0.000000	0.000000	0.000000	0.000000
-6.199666	1.778262	-4.114980	3.957304	-0.288115	4.250191	0.000000	0.000000	0.000000	0.000000
-8.324987	-2.974836	-4.103283	1.273528	-1.331962	3.897666	-0.000000	0.000000	0.000000	0.000000
-7.459243	1.395877	4.054519	3.223867	-0.669635	3.749043	-0.000000	0.000000	0.000000	0.000000
-7.737905	-6.167384	0.000000	1.751515	3.588048	0.000347	-0.000000	0.000000	0.000000	0.000000
-3.123143	-4.970736	-0.000000	-2.906279	2.985946	-4.029998	0.000000	0.000000	0.000000	0.000000
-6.104874	-1.990984	0.000000	4.190604	4.738702	-0.013201	-0.000000	0.000000	0.000000	0.000000
-5.562269	1.095579	4.219426	2.624400	-4.719412	0.133128	0.000000	0.000000	0.000000	0.000000
-5.109220	2.205893	-4.242566	0.230114	5.813891	0.011898	0.000000	0.000000	0.000000	0.000000
-3.122239	-0.177490	-0.000000	0.591934	6.976458	-0.060555	-0.000000	0.000000	0.000000	0.000000
-7.208268	4.120814	0.000000	-2.088943	0.159242	4.034228	-0.000000	0.000000	0.000000	0.000000
-0.003906	0.225502	-0.000000	0.110412	2.570058	3.125389	0.000000	0.000000	0.000000	0.000000
-9.575432	2.435421	-0.000000	2.121470	-1.652298	-4.595638	-0.000000	0.000000	0.000000	0.000000
-4.131024	-1.879874	4.341940	-3.827631	-3.084060	0.017706	-0.000000	0.000000	0.000000	0.000000
-3.562861	2.183716	-4.247157	-0.497725	2.676153	-4.038771	-0.000000	0.000000	0.000000	0.000000
-7.141681	4.701026	0.000000	-1.431288	2.220032	-3.823948	-0.000000	0.000000	0.000000	0.000000
-2.238683	-4.458210	0.000000	-3.028512	-0.185575	-0.130314	-0.000000	0.000000	0.000000	0.000000
-4.406609	-2.101896	0.000000	3.845155	1.552914	-4.081666	-0.000000	0.000000	0.000000	0.000000
-0.000046	-3.480595	-0.000000	-2.139186	-0.947966	0.043666	0.000000	0.000000	0.000000	0.000000
-9.683865	0.574099	0.000000	-3.623492	3.277466	0.020050	-0.000000	0.000000	0.000000	0.000000
-8.264434	-0.128292	0.000000	-4.788767	0.880958	-3.461507	-0.000000	0.000000	0.000000	0.000000
-9.395358	3.744234	0.000000	2.809337	-1.748199	3.873578	-0.000000	0.000000	0.000000	0.000000
-5.532540	-5.632303	-0.000000	1.530863	-1.032729	3.913760	-0.000000	0.000000	0.000000	0.000000
-6.356516	-3.361377	-4.285916	0.554297	-4.937865	-0.029559	-0.000000	0.000000	0.000000	0.000000
-2.417199	-0.452987	0.000000	0.809504	4.654588	3.410898	-0.000000	0.000000	0.000000	0.000000
-8.548310	-1.251791	0.000000	-0.146482	-6.566143	-0.018806	-0.000000	0.000000	0.000000	0.000000
-4.651761	3.211444	4.210279	-0.478827	1.580934	3.831959	-0.000000	0.000000	0.000000	0.000000
-10.545424	-3.926461	4.342913	0.322303	1.826163	0.002481	-0.000000	0.000000	0.000000	0.000000
-5.944948	-1.371963	4.367959	-3.675913	0.035364	3.560368	-0.000000	0.000000	0.000000	0.000000
-7.394834	-0.075156	4.315706	2.879481	-0.585374	-4.334122	-0.000000	0.000000	0.000000	0.000000
-3.050035	-0.094511	0.000000	0.413020	6.806749	-0.160542	-0.000000	0.000000	0.000000	0.000000
-7.312828	4.657970	-0.000000	-1.509161	2.918242	-3.178794	-0.000000	0.000000	0.000000	0.000000
-2.947909	-0.109528	-0.000000	0.542265	6.774291	-0.149493	-0.000000	0.000000	0.000000	0.000000
-8.109258	-4.277961	4.306622	-0.125622	-2.138703	-4.005373	0.000000	0.000000	0.000000	0.000000
-6.571886	-2.722533	4.419734	-4.113132	0.839099	-4.172010	0.000000	0.000000	0.000000	0.000000
-8.923359	2.725889	-0.000000	1.590829	-2.007092	-4.569000	-0.000000	0.000000	0.000000	0.000000
-9.110344	2.255521	-0.000000	2.908170	-1.040680	-4.357540	-0.000000	0.000000	0.000000	0.000000
-6.353175	1.347593	-4.142178	3.992183	-0.209747	4.261603	0.000000	0.000000	0.000000	0.000000
-6.225554	-2.684133	4.384527	-4.264601	0.262184	-4.023104	0.000000	0.000000	0.000000	0.000000
-5.424343	-0.019432	-0.000000	-4.904469	-3.319522	-0.032471	-0.000000	0.000000	0.000000	0.000000
-10.903526	-1.934866	-0.000000	-0.452865	-2.487571	-3.840071	-0.000000	0.000000	0.000000	0.000000
-8.994921	0.228087	3.878710	3.445835	2.876428	-0.007911	-0.000000	0.000000	0.000000	0.000000
-1.856771	2.445540	-4.316791	-0.149255	-0.733826	0.021112	0.000000	0.000000	0.000000	0.000000
-5.961114	-6.810038	-0.000000	0.717315	0.388502	-3.739845	0.000000	0.000000	0.000000	0.000000
-8.805126	-3.504218	4.398553	0.232595	-1.792975	3.969706	-0.000000	0.000000	0.000000	0.000000
-7.909458	0.291967	-4.033137	4.205945	3.691823	0.060825	-0.000000	0.000000	0.000000	0.000000
-6.980264	2.081774	4.100861	-0.484289	5.592957	-0.009373	-0.000000	0.000000	0.000000	0.000000
-10.732757	-0.501967	-0.000000	-0.023061	-3.405967	3.492038	-0.000000	0.000000	0.000000	0.000000
-5.540638	1.892907	-4.081326	3.599556	-0.114360	4.308026	0.000000	0.000000	0.000000	0.000000
-9.451787	0.714986	4.062440	3.175889	2.737745	-0.019052	-0.000000	0.000000	0.000000	0.000000
-6.197517	-0.161951	-0.000000	-3.916682	-4.285088	-0.006747	-0.000000	0.000000	0.000000	0.000000
-1.952557	2.368670	-4.312710	-0.262480	-0.916166	0.129510	0.000000	0.000000	0.000000	0.000000
-7.386755	0.604642	4.079015	3.308542	-0.494013	3.506003	-0.000000	0.000000	0.000000	0.000000
-5.279978	0.693322	4.223083	2.594458	-4.891175	-0.110188	0.000000	0.000000	0.000000	0.000000
-5.442448	-1.392283	-4.152447	-2.337199	1.427732	4.465671	0.000000	0.000000	0.000000	0.000000
-12.045179	2.582892	-0.000000	2.582643	1.373419	-0.231987	-0.000000	0.000000	0.000000	0.000000
-8.571005	4.541758	0.000000	-1.364992	4.154879	-0.003502	-0.000000	0.000000	0.000000	0.000000
-3.096143	0.027148	0.000000	0.449164	6.757053	0.070849	-0.000000	0.000000	0.000000	0.000000
-9.271591	-4.008603	4.190767	0.572053	-1.206222	3.380414	-0.000000	0.000000	0.000000	0.000000
-7.247426	-3.776353	4.398140	-0.005329	-5.310192	0.026364	0.000000	0.000000	0.000000	0.000000
-7.116744	-3.683977	4.418448	0.018021	-5.493969	-0.048741	0.000000	0.000000	0.000000	0.000000
-3.057486	-5.959020	-0.000000	-1.228695	-3.209384	-0.049035	-0.000000	0.000000	0.000000	0.000000
-8.892635	4.367921	-0.000000	-1.528624	4.313404	-0.013907	-0.000000	0.000000	0.000000	0.000000
-6.332189	-0.354349	-4.213875	3.437839	0.254212	-4.479787	-0.000000	0.000000	0.000000	0.000000
-6.470590	1.225471	-4.185998	4.155362	-0.534767	4.175070	0.000000	0.000000	0.000000	0.000000
-7.743656	1.170412	-4.038067	4.181053	3.733232	0.068520	-0.000000	0.000000	0.000000	0.000000
-7.105817	-3.828257	-4.129078	0.206796	-2.023442	-3.663428	-0.000000	0.000000	0.000000	0.000000
-10.681257	-0.819107	-0.000000	0.016258	-3.276889	3.589508	-0.000000	0.000000	0.000000	0.000000
-3.434577	1.992761	-4.188945	-0.420075	2.740951	-4.006597	-0.000000	0.000000	0.000000	0.000000
-6.616008	-1.407600	4.332627	-3.241670	0.160585	3.972951	-0.000000	0.000000	0.000000	0.000000
-5.297216	2.431823	-4.285089	0.076737	5.837730	0.074099	0.000000	0.000000	0.000000	0.000000
-3.251209	-1.756528	-4.149535	-3.219887	-2.081872	-0.013957	-0.000000	0.000000	0.000000	0.000000
-2.128478	2.545475	-4.356431	-0.391224	-1.191455	-0.087947	0.000000	0.000000	0.000000	0.000000
-8.150094	-4.321007	4.327770	-0.167528	-2.071438	-4.032749	0.000000	0.000000	0.000000	0.000000
-9.340966	2.472175	-0.000000	2.081291	-1.825424	-4.565302	-0.000000	0.000000	0.000000	0.000000
-3.335035	-0.824347	-4.259528	-3.420596	-2.006305	0.022624	-0.000000	0.000000	0.000000	0.000000
-6.846893	-3.571992	3.833830	-3.061398	4.555255	0.112288	-0.000000	0.000000	0.000000	0.000000
-4.232594	-1.912951	-4.091170	-2.686172	0.098201	3.007221	-0.000000	0.000000	0.000000	0.000000
-6.907023	-3.729952	4.416070	-0.013463	-5.653157	-0.029953	0.000000	0.000000	0.000000	0.000000
-5.252488	-0.673277	-4.167653	-2.729378	1.176246	4.312536	0.000000	0.000000	0.000000	0.000000
-3.115990	-0.183035	0.000000	0.988669	7.021764	-0.034285	-0.000000	0.000000	0.000000	0.000000
-2.132323	-1.275067	-0.000000	-0.092296	3.827999	-4.035649	-0.000000	0.000000	0.000000	0.000000
-7.960338	-0.034489	0.000000	-4.072455	0.019655	-3.856006	-0.000000	0.000000	0.000000	0.000000
0.000000	-0.466915	0.000000	-0.178763	-0.344022	0.038588	0.000000	0.000000	0.000000	0.000000
-6.690288	-1.101064	4.264852	-3.254127	0.328884	3.961074	-0.000000	0.000000	0.000000	0.000000
-4.793960	3.281638	4.185541	-0.389198	1.649895	3.818064	-0.000000	0.000000	0.000000	0.000000
-7.572508	0.557039	4.140815	3.137031	-0.748384	3.689627	-0.000000	0.000000	0.000000	0.000000
-2.476872	2.885539	-4.329280	-1.013716	-1.500199	-0.007512	0.000000	0.000000	0.000000	0.000000
-8.607352	4.339459	0.000000	-1.054403	4.575317	-0.010936	-0.000000	0.000000	0.000000	0.000000
-5.435363	1.988854	4.316767	-0.763712	2.493743	2.277530	0.000000	0.000000	0.000000	0.000000
-8.763562	-0.545218	0.000000	-0.456140	-6.850824	-0.021065	-0.000000	0.000000	0.000000	0.000000
-3.045925	-0.026904	0.000000	0.857073	6.973902	-0.109026	-0.000000	0.000000	0.000000	0.000000
-7.028123	4.896839	0.000000	-1.376467	0.913676	4.275930	-0.000000	0.000000	0.000000	0.000000
-11.027956	-1.745982	0.000000	-0.556192	-2.528171	-3.848073	-0.000000	0.000000	0.000000	0.000000
-3.672333	-2.291936	-4.032434	-2.839711	-2.867274	-0.075343	-0.000000	0.000000	0.000000	0.000000
-2.617788	-1.395444	0.000000	4.535447	-3.205042	-0.027542	0.000000	0.000000	0.000000	0.000000
-1.867265	-0.107561	0.000000	0.120166	3.792583	-4.137511	0.000000	0.000000	0.000000	0.000000
-6.744323	-3.390009	4.566383	-0.244649	-5.993899	-0.037398	0.000000	0.000000	0.000000	0.000000
-11.345917	3.194299	0.000000	2.753477	1.339569	0.003788	-0.000000	0.000000	0.000000	0.000000
-9.443461	3.700080	-0.000000	2.814792	-1.687586	3.882430	-0.000000	0.000000	0.000000	0.000000
-6.202116	1.651590	-4.167943	4.049736	-0.554933	4.163939	0.000000	0.000000	0.000000	0.000000
-6.310029	1.428765	-4.189129	4.133200	-0.686542	4.117743	0.000000	0.000000	0.000000	0.000000
-1.901619	0.095553	0.000000	0.530439	4.091914	4.089030	0.000000	0.000000	0.000000	0.000000
-2.602282	-1.373838	0.000000	4.532168	-3.115325	-0.001693	0.000000	0.000000	0.000000	0.000000
-7.308351	4.172314	0.000000	-2.034359	1.780307	-4.211533	-0.000000	0.000000	0.000000	0.000000
-10.628098	-3.996438	4.424652	0.313993	1.526600	-0.001533	-0.000000	0.000000	0.000000	0.000000
-9.854881	0.231094	0.000000	-3.582266	3.168556	0.027556	-0.000000	0.000000	0.000000	0.000000
-7.968826	0.078013	0.000000	-3.769604	-0.565899	3.607003	-0.000000	0.000000	0.000000	0.000000
-4.855829	0.447585	-4.215761	3.282067	-3.856096	-0.177869	-0.000000	0.000000	0.000000	0.000000
-6.884575	0.481430	4.310312	2.611023	-0.957749	-4.258000	-0.000000	0.000000	0.000000	0.000000
-8.588879	-2.486077	4.365796	-3.204376	4.270864	-0.002482	-0.000000	0.000000	0.000000	0.000000
-8.725486	4.411492	0.000000	-1.062548	4.542017	0.007532	-0.000000	0.000000	0.000000	0.000000
-4.128704	1.419023	-4.191551	3.101285	-3.867295	-0.027966	-0.000000	0.000000	0.000000	0.000000
-8.881721	-0.569380	0.000000	-0.368166	-6.733802	-0.087196	-0.000000	0.000000	0.000000	0.000000
-8.078480	-0.128959	-0.000000	-4.423500	0.284096	-3.687953	-0.000000	0.000000	0.000000	0.000000
-4.043504	3.225943	-4.225890	0.304689	2.184931	4.137147	0.000000	0.000000	0.000000	0.000000
-11.148787	2.679727	0.000000	2.943860	1.954894	0.024917	-0.000000	0.000000	0.000000	0.000000
-3.025923	-4.928318	-0.000000	-2.823962	2.745212	-4.190471	0.000000	0.000000	0.000000	0.000000
-6.096113	-0.377295	-4.188817	3.457721	0.272502	-4.474126	-0.000000	0.000000	0.000000	0.000000
-12.431313	-1.581019	0.000000	0.032700	1.031548	0.004727	-0.000000	0.000000	0.000000	0.000000
-4.651240	3.239542	4.167395	-0.370024	1.579322	3.840566	-0.000000	0.000000	0.000000	0.000000
-3.425923	-2.018892	-4.102817	-3.138329	-2.114304	-0.015809	-0.000000	0.000000	0.000000	0.000000
-3.755354	3.080439	-4.279078	0.104739	2.003638	4.053854	0.000000	0.000000	0.000000	0.000000
-10.888794	-0.194846	-0.000000	0.004459	-3.311208	3.624159	-0.000000	0.000000	0.000000	0.000000
-5.044712	-2.066783	-4.144963	-2.183308	1.776172	4.226901	0.000000	0.000000	0.000000	0.000000
-4.709400	-2.492620	0.000000	3.715779	1.283050	-3.988380	-0.000000	0.000000	0.000000	0.000000
-10.616348	-3.954237	4.491457	0.112208	1.301419	0.007569	-0.000000	0.000000	0.000000	0.000000
-7.647924	-0.247334	0.000000	-3.810951	-0.315857	-4.072117	-0.000000	0.000000	0.000000	0.000000
-3.411157	-0.243232	-0.000000	0.111069	6.745752	0.002205	-0.000000	0.000000	0.000000	0.000000
-3.061494	-0.023315	0.000000	0.831146	7.000896	-0.107103	0.000000	0.000000	0.000000	0.000000
-4.871120	0.151517	-4.195056	3.340540	-3.755228	0.081120	-0.000000	0.000000	0.000000	0.000000
-10.737975	-3.913643	4.389565	0.368966	1.793724	-0.012004	-0.000000	0.000000	0.000000	0.000000
-5.129207	-2.533180	-4.243266	-3.360071	2.080021	-3.888943	-0.000000	0.000000	0.000000	0.000000
-4.882631	0.281296	-4.193950	3.363069	-3.733023	0.040603	-0.000000	0.000000	0.000000	0.000000
-8.910190	-0.049345	0.000000	-4.689976	2.024658	-2.616199	-0.000000	0.000000	0.000000	0.000000
-3.493837	-3.694513	-0.000000	-2.414824	2.611338	4.519796	0.000000	0.000000	0.000000	0.000000
-4.797759	-2.223914	-4.241266	-3.498591	1.805163	-4.045712	-0.000000	0.000000	0.000000	0.000000
-7.385315	-4.089135	-4.228662	0.638296	-1.544714	-3.775414	-0.000000	0.000000	0.000000	0.000000
-7.920189	0.492885	0.000000	-3.685938	-0.096900	3.739531	-0.000000	0.000000	0.000000	0.000000
-9.815838	0.070072	-0.000000	-3.591587	3.137245	-0.028858	-0.000000	0.000000	0.000000	0.000000
-4.620430	-2.558080	-4.199565	-3.510874	1.802204	-3.980860	-0.000000	0.000000	0.000000	0.000000
-9.325640	3.769156	-0.000000	2.825180	-1.722316	3.864361	-0.000000	0.000000	0.000000	0.000000
-10.886084	-0.245112	0.000000	0.186151	-3.104218	3.780335	-0.000000	0.000000	0.000000	0.000000
-6.830872	3.889730	0.000000	-2.037698	0.852324	-4.724658	-0.000000	0.000000	0.000000	0.000000
-3.489008	-6.314532	0.000000	0.082464	-3.833933	-0.007008	0.000000	0.000000	0.000000	0.000000
-3.306528	-0.056799	-0.000000	0.526351	6.267592	1.150733	-0.000000	0.000000	0.000000	0.000000
-9.049305	3.854506	0.000000	2.934214	-1.065783	3.937313	-0.000000	0.000000	0.000000	0.000000
-4.893305	-1.961596	-4.142512	-2.336596	1.686868	4.231401	0.000000	0.000000	0.000000	0.000000
-4.970519	0.995904	-4.183242	3.456791	-3.737926	0.026074	-0.000000	0.000000	0.000000	0.000000
0.000000	-0.020785	-0.000000	0.033137	-0.574806	-0.065235	0.000000	0.000000	0.000000	0.000000
-8.240517	-3.502896	-3.942513	0.908175	-0.057728	3.236756	-0.000000	0.000000	0.000000	0.000000
-4.668386	-0.977250	0.000000	4.447390	1.224990	3.842087	0.000000	0.000000	0.000000	0.000000
-9.865919	0.028188	0.000000	-3.663868	3.100135	-0.013485	-0.000000	0.000000	0.000000	0.000000
-6.198785	1.589010	-4.175590	4.065667	-0.600318	4.145419	0.000000	0.000000	0.000000	0.000000
-4.669492	1.092051	-4.181250	3.323016	-3.776430	0.016800	-0.000000	0.000000	0.000000	0.000000
-5.294282	2.586218	-4.285007	0.034786	5.764944	0.019656	0.000000	0.000000	0.000000	0.000000
-2.657145	2.718445	-4.200826	-0.632881	-0.013969	-1.715442	-0.000000	0.000000	0.000000	0.000000
-5.519076	-6.514152	0.000000	0.709292	-0.154259	-3.832705	0.000000	0.000000	0.000000	0.000000
-5.615549	-5.277143	-0.000000	1.922381	-0.238356	4.200959	-0.000000	0.000000	0.000000	0.000000
-5.924074	-5.459159	0.000000	1.736601	0.156450	4.102913	-0.000000	0.000000	0.000000	0.000000
-7.612960	-4.201363	-4.236189	0.525697	-1.038045	-3.736492	-0.000000	0.000000	0.000000	0.000000
-7.827240	-5.407221	0.000000	2.224681	3.958808	-0.024015	-0.000000	0.000000	0.000000	0.000000
-11.971231	-0.068319	0.000000	0.129554	0.774282	0.047465	-0.000000	0.000000	0.000000	0.000000
-5.587570	-6.754548	0.000000	0.676200	0.000263	-3.771779	0.000000	0.000000	0.000000	0.000000
-4.865484	1.980715	4.186384	-1.168632	2.263966	-4.136923	-0.000000	0.000000	0.000000	0.000000
-2.454752	-1.448681	-0.000000	4.503141	-3.126943	0.066946	0.000000	0.000000	0.000000	0.000000
-4.326020	-1.981811	-0.000000	3.830598	1.556643	-4.122194	-0.000000	0.000000	0.000000	0.000000
-5.245719	2.547095	-4.276373	0.003987	5.707007	-0.028333	0.000000	0.000000	0.000000	0.000000
-6.009137	0.934508	-4.175031	3.864293	-0.233208	4.281182	0.000000	0.000000	0.000000	0.000000
-10.815567	-2.241567	-0.000000	-0.209883	-2.473132	-3.783144	-0.000000	0.000000	0.000000	0.000000
-8.546424	4.121355	-0.000000	-1.426910	4.411629	-0.007932	-0.000000	0.000000	0.000000	0.000000
-7.805913	0.998327	-4.041669	4.194539	3.778224	0.010035	-0.000000	0.000000	0.000000	0.000000
-8.664272	-4.258466	4.557991	-0.172929	-1.695169	-4.187555	0.000000	0.000000	0.000000	0.000000
-7.962673	-3.029035	-4.202571	1.287306	-1.446303	4.096250	-0.000000	0.000000	0.000000	0.000000
-9.843200	-0.221753	0.000000	-3.555132	3.055764	-0.014659	-0.000000	0.000000	0.000000	0.000000
-4.812366	-4.804071	0.000000	-2.048771	6.515762	0.159999	0.000000	0.000000	0.000000	0.000000
-6.092896	-6.974894	-0.000000	0.560231	0.241444	-3.571943	0.000000	0.000000	0.000000	0.000000
-9.192944	-3.608881	4.404932	0.304021	-1.642409	3.716590	-0.000000	0.000000	0.000000	0.000000
-5.396816	1.035446	4.251147	2.530251	-4.859560	-0.042123	0.000000	0.000000	0.000000	0.000000
-10.830972	-1.945994	0.000000	-0.461708	-2.519915	-3.848800	-0.000000	0.000000	0.000000	0.000000
-9.223420	0.615896	3.839396	3.218607	2.860665	0.015962	-0.000000	0.000000	0.000000	0.000000
-3.871701	-1.814050	4.307488	-3.702757	-3.169293	0.014833	-0.000000	0.000000	0.000000	0.000000
-0.000094	-3.463058	-0.000000	-2.576214	-1.390475	0.045588	0.000000	0.000000	0.000000	0.000000
-6.363656	5.482347	0.000000	-1.338732	0.007779	3.597059	-0.000000	0.000000	0.000000	0.000000
-3.407201	-1.705700	-4.167874	-3.364110	-2.228589	0.029029	-0.000000	0.000000	0.000000	0.000000
-5.195869	-4.453830	-0.000000	-1.970738	6.913926	0.009794	0.000000	0.000000	0.000000	0.000000
-6.126881	1.010336	4.320760	2.308684	-2.558347	-3.152600	-0.000000	0.000000	0.000000	0.000000
-1.969606	-0.848146	0.000000	0.009131	3.769631	-4.105147	-0.000000	0.000000	0.000000	0.000000
-5.294489	2.499594	-4.286048	0.024630	5.788819	0.005918	0.000000	0.000000	0.000000	0.000000
-7.417902	2.969010	0.000000	2.580948	-5.525933	0.004733	-0.000000	0.000000	0.000000	0.000000
-2.105861	-0.037928	0.000000	0.301035	4.189191	3.921991	0.000000	0.000000	0.000000	0.000000
-4.481314	-0.548479	0.000000	4.346231	0.972386	4.093142	0.000000	0.000000	0.000000	0.000000
-6.134901	-2.773230	4.353205	-4.172585	0.632682	-4.116939	0.000000	0.000000	0.000000	0.000000
-13.310230	-0.684914	-0.000000	0.006048	-0.039536	0.000796	-0.000000	0.000000	0.000000	0.000000
-6.529356	-2.106112	-4.096035	-3.026958	5.025762	0.040830	-0.000000	0.000000	0.000000	0.000000
-5.505336	-6.766498	0.000000	0.604230	0.055028	-3.771631	0.000000	0.000000	0.000000	0.000000
-6.787476	3.688990	0.000000	-2.112834	0.883888	-4.814851	-0.000000	0.000000	0.000000	0.000000
-3.422222	1.816299	-4.146183	-0.383959	2.806561	-4.012530	-0.000000	0.000000	0.000000	0.000000
-12.776114	-1.101064	-0.000000	0.031709	0.833820	-0.035960	-0.000000	0.000000	0.000000	0.000000
-2.817539	-1.412653	0.000000	4.646822	-3.190804	0.116138	0.000000	0.000000	0.000000	0.000000
-7.809675	-3.886568	-4.228625	0.429612	-1.501369	-3.805705	-0.000000	0.000000	0.000000	0.000000
-6.916520	2.312316	4.116924	-0.338839	5.435524	-0.012846	-0.000000	0.000000	0.000000	0.000000
-6.693310	2.180817	4.122677	-0.396738	5.427261	-0.010500	-0.000000	0.000000	0.000000	0.000000
-9.594534	3.585590	-0.000000	2.815053	-1.586512	3.896049	-0.000000	0.000000	0.000000	0.000000
-7.270328	0.202238	4.327339	2.789299	-0.662864	-4.344467	-0.000000	0.000000	0.000000	0.000000
-2.624984	-3.984934	0.000000	-3.455683	-0.060153	1.391036	-0.000000	0.000000	0.000000	0.000000
-4.732183	3.216885	4.330310	-0.994481	0.624662	3.431488	-0.000000	0.000000	0.000000	0.000000
-6.002869	-3.365216	-4.340125	0.514324	-5.037755	0.027491	-0.000000	0.000000	0.000000	0.000000
-3.162920	-3.793345	-0.000000	-2.347523	2.523115	4.525075	0.000000	0.000000	0.000000	0.000000
-5.487225	-6.729970	0.000000	0.677592	0.130712	-3.810959	0.000000	0.000000	0.000000	0.000000
-6.190328	5.456933	0.000000	-0.865193	0.479428	3.801930	0.000000	0.000000	0.000000	0.000000
-7.829017	-2.942764	4.308403	-3.363578	4.172743	-0.297187	-0.000000	0.000000	0.000000	0.000000
-8.011078	-2.988362	-4.193249	1.357637	-1.426803	4.080450	-0.000000	0.000000	0.000000	0.000000
-5.666759	-3.416039	-4.365869	0.365957	-5.118060	-0.056086	-0.000000	0.000000	0.000000	0.000000
-5.219209	5.287693	0.000000	-1.165453	-3.138759	-0.051978	-0.000000	0.000000	0.000000	0.000000
-10.442127	-3.937781	4.308530	0.324691	1.834583	0.008770	-0.000000	0.000000	0.000000	0.000000
-9.231850	3.791323	0.000000	2.850377	-1.556794	3.878471	-0.000000	0.000000	0.000000	0.000000
-6.737961	-2.215156	-4.127467	-2.826368	5.286437	0.121586	-0.000000	0.000000	0.000000	0.000000
-3.990059	-6.356855	-0.000000	0.775735	-3.854355	0.060609	0.000000	0.000000	0.000000	0.000000
-2.512391	-1.509955	-0.000000	4.465462	-3.214646	-0.247336	0.000000	0.000000	0.000000	0.000000
-6.057746	1.842793	-4.109204	3.841908	-0.124322	4.317037	0.000000	0.000000	0.000000	0.000000
-9.803800	0.080710	0.000000	-3.780419	3.099689	-0.037158	-0.000000	0.000000	0.000000	0.000000
-6.377834	-1.548043	4.316286	-3.343531	0.216455	3.939545	-0.000000	0.000000	0.000000	0.000000
-2.339671	-1.461110	-0.000000	4.449114	-3.129922	0.028097	0.000000	0.000000	0.000000	0.000000
-7.397089	0.127023	4.351952	2.806531	-0.639902	-4.347437	-0.000000	0.000000	0.000000	0.000000
-10.493213	-3.931375	4.340656	0.296262	1.811854	0.007832	-0.000000	0.000000	0.000000	0.000000
-7.211991	1.188149	4.136343	3.282316	-0.984282	3.664578	-0.000000	0.000000	0.000000	0.000000
-5.548305	-6.666497	0.000000	0.601565	-0.166527	-3.761837	0.000000	0.000000	0.000000	0.000000
-10.902489	-0.752509	-0.000000	0.111361	-3.105496	3.702807	-0.000000	0.000000	0.000000	0.000000
-8.054418	-2.721184	4.273994	-3.123666	4.432752	-0.026327	-0.000000	0.000000	0.000000	0.000000
-13.927463	-0.252304	0.000000	-0.074096	0.804025	-0.009482	-0.000000	0.000000	0.000000	0.000000
-6.783552	2.168038	4.097865	-0.304799	5.535921	-0.002898	-0.000000	0.000000	0.000000	0.000000
-6.122746	1.717208	-4.143980	4.047947	-0.636925	4.134119	0.000000	0.000000	0.000000	0.000000
-5.852093	2.002934	-4.095098	3.683978	-0.056565	4.363124	0.000000	0.000000	0.000000	0.000000
-3.175015	1.611102	-4.142185	-0.415067	2.602730	-4.025529	-0.000000	0.000000	0.000000	0.000000
-5.085929	4.217088	-0.000000	-2.113874	-2.788975	0.000710	-0.000000	0.000000	0.000000	0.000000
-3.514746	-6.316555	-0.000000	0.637053	-3.778582	0.012092	0.000000	0.000000	0.000000	0.000000
-4.967558	1.897315	4.186232	-1.190388	2.352691	-4.132059	-0.000000	0.000000	0.000000	0.000000
-5.667117	-5.290833	0.000000	1.897736	-0.128454	4.173970	-0.000000	0.000000	0.000000	0.000000
-5.250835	0.918193	4.233623	2.533489	-4.864796	-0.107238	0.000000	0.000000	0.000000	0.000000
-4.742245	3.048310	4.102449	-0.374112	1.495721	3.887438	-0.000000	0.000000	0.000000	0.000000
-8.940340	2.497570	-0.000000	1.745755	-1.938596	-4.591308	-0.000000	0.000000	0.000000	0.000000
-5.897116	-5.473675	-0.000000	1.771672	-0.093153	4.093951	-0.000000	0.000000	0.000000	0.000000
-6.310258	-1.741173	4.286391	-3.268807	0.404987	4.023003	-0.000000	0.000000	0.000000	0.000000
-6.281587	2.259710	4.728302	-0.992023	2.730551	0.002979	0.000000	0.000000	0.000000	0.000000
-6.720387	-1.827873	-4.132137	-3.094925	5.074275	-0.140328	-0.000000	0.000000	0.000000	0.000000
-6.198720	-1.540316	4.334695	-3.580082	0.174935	3.798795	-0.000000	0.000000	0.000000	0.000000
-7.745559	-4.005809	-4.190120	0.242533	-1.225832	-3.755955	-0.000000	0.000000	0.000000	0.000000
-3.228343	1.752442	-4.128426	-0.245473	2.658935	-4.002099	-0.000000	0.000000	0.000000	0.000000
-5.103538	4.624227	0.000000	-1.954740	-2.866589	0.050704	-0.000000	0.000000	0.000000	0.000000
-2.649100	-1.402023	0.000000	4.571050	-3.203127	0.066742	0.000000	0.000000	0.000000	0.000000
-2.815574	2.322868	4.228585	-0.928521	-1.471241	-0.013654	0.000000	0.000000	0.000000	0.000000
-6.036786	-5.443135	-0.000000	1.708073	0.130095	4.053209	-0.000000	0.000000	0.000000	0.000000
-2.170065	2.715564	-4.335317	-0.200390	-0.745508	0.006559	0.000000	0.000000	0.000000	0.000000
-4.927979	-1.030188	-4.210526	-2.903515	0.768627	3.856015	0.000000	0.000000	0.000000	0.000000
-4.405408	-0.354988	-0.000000	4.271099	0.784535	4.143224	0.000000	0.000000	0.000000	0.000000
-7.585428	-4.387143	-4.175549	0.410980	-0.063311	-3.716981	-0.000000	0.000000	0.000000	0.000000
-3.698489	2.007427	-4.180587	-0.484827	2.763765	-4.092842	-0.000000	0.000000	0.000000	0.000000
-9.027538	3.841298	0.000000	2.887369	-1.716608	3.802266	-0.000000	0.000000	0.000000	0.000000
-9.327576	-3.862273	-3.968741	1.178110	2.593989	-0.024442	-0.000000	0.000000	0.000000	0.000000
-7.743105	-6.352625	0.000000	1.629798	3.511426	-0.006702	-0.000000	0.000000	0.000000	0.000000
-3.229114	-3.818453	0.000000	-2.138195	2.703634	4.542581	0.000000	0.000000	0.000000	0.000000
-8.291534	-0.470421	-0.000000	-0.201181	-7.214366	-0.030042	-0.000000	0.000000	0.000000	0.000000
-3.286278	-0.238238	-4.277171	-3.172077	-1.730028	0.010905	-0.000000	0.000000	0.000000	0.000000
-9.741567	0.174337	-0.000000	-3.855904	3.079942	-0.013818	-0.000000	0.000000	0.000000	0.000000
-6.343788	-2.780046	4.348417	-4.073932	1.190846	-4.114325	0.000000	0.000000	0.000000	0.000000
-6.349544	-1.752045	4.264674	-3.264980	0.560875	4.083962	-0.000000	0.000000	0.000000	0.000000
-10.021257	2.540258	-0.000000	2.684788	0.062752	-3.906219	-0.000000	0.000000	0.000000	0.000000
-5.017973	-4.770962	0.000000	-2.117696	6.668113	0.020282	0.000000	0.000000	0.000000	0.000000
-7.612459	-4.145111	-4.225147	0.351296	-1.050162	-3.742472	-0.000000	0.000000	0.000000	0.000000
-10.948500	-0.356117	0.000000	0.168451	-3.058190	3.794247	-0.000000	0.000000	0.000000	0.000000
-13.106917	-1.024340	0.000000	-0.021037	0.901455	-0.004986	-0.000000	0.000000	0.000000	0.000000
-4.914553	4.450128	-0.000000	-1.809927	-3.070290	-0.521999	-0.000000	0.000000	0.000000	0.000000
-12.461312	-0.624698	0.000000	-0.131348	0.923738	-0.012835	-0.000000	0.000000	0.000000	0.000000
-8.101307	-0.118109	0.000000	-4.293147	0.009015	-3.760830	-0.000000	0.000000	0.000000	0.000000
-9.152901	3.815471	-0.000000	2.860878	-1.561880	3.866139	-0.000000	0.000000	0.000000	0.000000
-7.303941	-0.038785	-0.000000	-3.445611	-3.760772	-0.149783	-0.000000	0.000000	0.000000	0.000000
-4.352597	-1.184220	0.000000	4.520955	0.590467	4.123492	0.000000	0.000000	0.000000	0.000000
-7.492022	-0.100224	4.286361	2.974898	-0.423044	-4.274333	-0.000000	0.000000	0.000000	0.000000
-8.613871	4.719597	-0.000000	-1.268678	4.106057	0.011986	-0.000000	0.000000	0.000000	0.000000
-6.158413	-3.433021	-4.327763	0.633685	-4.921725	-0.047649	-0.000000	0.000000	0.000000	0.000000
-5.805393	-0.007560	4.137340	-2.337876	3.251511	-3.537372	-0.000000	0.000000	0.000000	0.000000
-7.814030	-6.577942	-0.000000	1.406457	3.366602	0.137927	-0.000000	0.000000	0.000000	0.000000
-3.820543	-6.359424	0.000000	0.760096	-3.753330	-0.022819	0.000000	0.000000	0.000000	0.000000
-8.524093	4.830567	-0.000000	-0.818046	4.379806	-0.023628	-0.000000	0.000000	0.000000	0.000000
-4.869775	3.190300	4.106894	-0.254138	1.831655	3.814322	-0.000000	0.000000	0.000000	0.000000
-2.092952	-4.347168	0.000000	-2.989765	-0.370573	0.099015	-0.000000	0.000000	0.000000	0.000000
-2.562562	2.769685	-4.193896	0.205512	-1.648157	0.088973	0.000000	0.000000	0.000000	0.000000
-6.704719	-2.188462	-4.143885	-2.836047	5.344452	0.440790	-0.000000	0.000000	0.000000	0.000000
-4.819804	-2.567371	-0.000000	3.717172	1.572376	-4.000215	-0.000000	0.000000	0.000000	0.000000
-4.603255	3.113371	4.118031	-0.334798	1.699456	3.865725	-0.000000	0.000000	0.000000	0.000000
-2.775219	2.315902	4.276025	-1.193607	-1.270074	0.003144	0.000000	0.000000	0.000000	0.000000
-6.556823	-2.084211	-4.092640	-3.026246	5.050335	-0.069862	-0.000000	0.000000	0.000000	0.000000
-8.222014	0.892386	-0.000000	-4.027966	0.005964	3.519503	-0.000000	0.000000	0.000000	0.000000
-7.553935	1.095308	4.210492	3.264865	-1.061160	3.322224	-0.000000	0.000000	0.000000	0.000000
-7.749211	-3.164412	-4.190180	1.182814	-1.143242	4.188159	-0.000000	0.000000	0.000000	0.000000
-9.763213	0.422885	-0.000000	-3.843498	3.122213	0.007083	-0.000000	0.000000	0.000000	0.000000
-7.944261	0.836756	-4.114800	4.414780	3.434562	-0.233079	-0.000000	0.000000	0.000000	0.000000
-2.673574	2.267744	4.342446	-1.134331	-1.662701	-0.035135	0.000000	0.000000	0.000000	0.000000
-3.730875	3.146117	-4.281013	0.117931	1.906163	4.057878	0.000000	0.000000	0.000000	0.000000
-6.565355	-2.316840	4.116922	-2.457847	0.706328	4.323629	-0.000000	0.000000	0.000000	0.000000
-8.505868	4.487031	-0.000000	-1.343927	4.125191	0.096850	-0.000000	0.000000	0.000000	0.000000
-9.459921	0.876700	-0.000000	-2.347684	0.031156	3.587975	-0.000000	0.000000	0.000000	0.000000
-5.110417	-2.075571	-4.166980	-2.150850	1.417846	4.236847	0.000000	0.000000	0.000000	0.000000
-8.507132	-3.462239	4.344128	0.279701	-1.922796	4.126204	-0.000000	0.000000	0.000000	0.000000
-5.181818	-2.071356	-4.312527	-3.753922	1.908856	-4.029827	-0.000000	0.000000	0.000000	0.000000
-4.556308	1.707190	4.032759	-0.621086	1.411612	-4.267210	-0.000000	0.000000	0.000000	0.000000
-0.020386	-0.132170	0.000000	0.195916	3.011836	-3.678133	0.000000	0.000000	0.000000	0.000000
-8.914067	-0.043518	0.000000	-4.802328	2.001704	-2.544186	-0.000000	0.000000	0.000000	0.000000
-8.037195	-4.058360	4.219315	-0.044247	-1.882384	-4.201192	0.000000	0.000000	0.000000	0.000000
-6.144960	-6.826269	0.000000	0.699465	0.452697	-3.677730	0.000000	0.000000	0.000000	0.000000
-8.977679	-3.481913	4.369065	0.175608	-1.357540	3.906754	-0.000000	0.000000	0.000000	0.000000
-7.396286	-3.769352	4.364638	0.105152	-5.179553	0.005523	-0.000000	0.000000	0.000000	0.000000
-1.869583	-0.755045	0.000000	0.096891	3.747649	-4.133067	-0.000000	0.000000	0.000000	0.000000
-9.588262	0.846426	4.064489	3.064441	2.696748	0.001547	-0.000000	0.000000	0.000000	0.000000
-5.246324	2.264582	-4.255593	0.032579	5.794419	0.051760	0.000000	0.000000	0.000000	0.000000
-8.340924	4.923011	-0.000000	-1.037515	4.095176	-0.109706	-0.000000	0.000000	0.000000	0.000000
-3.698946	-5.677677	0.000000	1.298513	-4.181849	0.057724	0.000000	0.000000	0.000000	0.000000
-5.273128	0.453456	4.179655	2.666112	-4.886727	-0.119553	0.000000	0.000000	0.000000	0.000000
-3.100985	-4.924641	-0.000000	-2.951482	2.997443	-4.031361	0.000000	0.000000	0.000000	0.000000
-2.169910	-4.496361	-0.000000	-3.010236	-0.018547	0.016363	-0.000000	0.000000	0.000000	0.000000
-7.314980	4.226908	-0.000000	-2.169626	0.213517	4.054750	-0.000000	0.000000	0.000000	0.000000
-6.235585	-3.457646	-4.325414	0.729626	-4.848533	0.001882	-0.000000	0.000000	0.000000	0.000000
-10.926889	-0.138589	-0.000000	-0.004140	-3.297249	3.638604	-0.000000	0.000000	0.000000	0.000000
-9.832851	0.061402	0.000000	-3.836875	3.061639	-0.083260	-0.000000	0.000000	0.000000	0.000000
-4.476200	-0.476182	0.000000	4.560602	0.194791	4.100619	0.000000	0.000000	0.000000	0.000000
-7.208095	3.661417	-0.000000	-2.319460	0.860634	-4.782389	-0.000000	0.000000	0.000000	0.000000
-3.827669	-5.691883	-0.000000	1.252354	-4.195729	0.026280	0.000000	0.000000	0.000000	0.000000
-6.938944	2.353589	4.081759	-0.054834	5.569330	-0.011706	-0.000000	0.000000	0.000000	0.000000
-11.153362	-0.584695	-0.000000	0.107109	-2.985969	3.782023	-0.000000	0.000000	0.000000	0.000000
-3.020511	-4.890916	-0.000000	-2.892431	2.815732	-4.155150	0.000000	0.000000	0.000000	0.000000
-3.044250	-4.963396	0.000000	-2.746450	2.679274	-4.209535	0.000000	0.000000	0.000000	0.000000
-3.049520	0.934686	0.000000	0.045207	3.589461	3.973100	-0.000000	0.000000	0.000000	0.000000
-0.000004	-3.317674	-0.000000	-1.891098	-0.516313	0.030282	0.000000	0.000000	0.000000	0.000000
-10.986328	-0.437182	0.000000	0.010154	-3.220159	3.648636	-0.000000	0.000000	0.000000	0.000000
-10.006271	0.330348	-0.000000	-3.760997	3.027325	0.028490	-0.000000	0.000000	0.000000	0.000000
-8.252236	5.028440	-0.000000	-0.870207	3.993743	0.044595	-0.000000	0.000000	0.000000	0.000000
-3.361052	1.989326	-4.197557	-0.434327	2.730259	-3.973968	-0.000000	0.000000	0.000000	0.000000
-3.857695	2.369802	-4.094149	1.103186	2.313871	4.159188	0.000000	0.000000	0.000000	0.000000
-9.258821	2.346250	-0.000000	2.101168	-1.831099	-4.552957	-0.000000	0.000000	0.000000	0.000000
-2.141608	0.213128	0.000000	0.806402	4.309863	3.774575	0.000000	0.000000	0.000000	0.000000
-6.369081	2.283906	4.112853	-0.311494	5.238229	-0.004495	-0.000000	0.000000	0.000000	0.000000
-2.648387	2.283919	4.340209	-1.216562	-1.541897	-0.057590	0.000000	0.000000	0.000000	0.000000
-3.549067	-0.156492	0.000000	1.021762	7.505288	0.004184	0.000000	0.000000	0.000000	0.000000
-6.908227	-4.034147	-0.000000	2.872281	4.295074	-0.018266	-0.000000	0.000000	0.000000	0.000000
-5.883775	-3.413685	-4.360661	0.445483	-5.052727	0.017811	-0.000000	0.000000	0.000000	0.000000
-5.240858	1.290005	4.220989	2.499312	-4.791650	0.002600	0.000000	0.000000	0.000000	0.000000
-3.806956	-5.626240	0.000000	1.284143	-4.223443	0.023848	0.000000	0.000000	0.000000	0.000000
-13.270760	-0.349022	0.000000	-0.094406	0.295806	-0.012578	-0.000000	0.000000	0.000000	0.000000
-4.331021	-1.328551	0.000000	4.008717	3.777164	-0.323477	0.000000	0.000000	0.000000	0.000000
-2.762663	2.369862	4.394596	-1.172458	-1.665788	-0.054087	0.000000	0.000000	0.000000	0.000000
-5.921341	-5.237993	-0.000000	1.698943	0.201398	4.113657	-0.000000	0.000000	0.000000	0.000000
-6.084815	-2.739087	4.381472	-4.300658	0.043325	-3.893982	0.000000	0.000000	0.000000	0.000000
-5.171270	2.551050	-4.233950	-0.003401	5.569371	0.034078	0.000000	0.000000	0.000000	0.000000
-3.294693	-2.467501	-4.073727	-3.038021	-0.179900	0.008506	-0.000000	0.000000	0.000000	0.000000
-3.875811	2.691892	-4.181033	0.567822	2.348566	4.126697	0.000000	0.000000	0.000000	0.000000
-7.457991	3.113836	-0.000000	2.500126	-5.620059	-0.011471	-0.000000	0.000000	0.000000	0.000000
-1.443084	0.094044	-0.000000	0.624343	3.902241	4.265340	0.000000	0.000000	0.000000	0.000000
-9.668112	1.904113	0.000000	2.519632	0.006127	-0.000000	-0.000000	0.000000	0.000000	0.000000
-6.953597	-6.026813	-0.000000	1.890581	2.150564	2.710497	-0.000000	0.000000	0.000000	0.000000
-7.047021	-0.271998	-0.000000	-3.711721	-4.147227	0.013819	-0.000000	0.000000	0.000000	0.000000
-6.658675	5.071969	0.000000	-1.333758	0.609683	4.024257	-0.000000	0.000000	0.000000	0.000000
-6.657567	-5.708549	0.000000	2.088570	1.530174	3.317810	-0.000000	0.000000	0.000000	0.000000
-5.656388	0.804720	4.290007	2.569224	-4.862699	-0.145323	0.000000	0.000000	0.000000	0.000000
-6.195965	-3.429983	-4.331165	0.694664	-4.890891	0.016274	-0.000000	0.000000	0.000000	0.000000
-9.135325	-3.862627	-3.940539	1.244409	2.746135	0.015792	-0.000000	0.000000	0.000000	0.000000
-5.207584	4.088063	0.000000	-2.250845	-2.793737	0.098084	-0.000000	0.000000	0.000000	0.000000
-5.896696	-2.818297	4.339514	-4.252748	0.393116	-4.014114	0.000000	0.000000	0.000000	0.000000
-7.363847	-3.357965	4.524335	-0.202789	-5.467111	-0.021034	0.000000	0.000000	0.000000	0.000000
-9.270037	3.781013	-0.000000	2.920711	-0.889962	4.002649	-0.000000	0.000000	0.000000	0.000000
-7.322929	-4.070321	-4.218407	0.567235	-1.641321	-3.765221	-0.000000	0.000000	0.000000	0.000000
-7.096223	1.233401	4.100098	3.366777	-0.822706	3.492965	-0.000000	0.000000	0.000000	0.000000
-9.280096	3.742820	-0.000000	2.834107	-1.671989	3.869488	-0.000000	0.000000	0.000000	0.000000
-6.427932	3.496870	0.000000	-1.933353	-0.555037	-4.567647	-0.000000	0.000000	0.000000	0.000000
-6.446402	5.154380	-0.000000	-1.037739	0.571211	3.993132	-0.000000	0.000000	0.000000	0.000000
-7.014547	-3.724487	4.420012	-0.013845	-5.554105	-0.008658	0.000000	0.000000	0.000000	0.000000
-6.407749	-2.869583	4.372573	-4.162395	1.455291	-3.962176	0.000000	0.000000	0.000000	0.000000
-5.909056	-0.003775	0.000000	-4.697220	-3.655681	0.009321	-0.000000	0.000000	0.000000	0.000000
-6.625228	2.216207	4.126372	-0.382402	5.373119	-0.011015	-0.000000	0.000000	0.000000	0.000000
-7.330965	1.215386	4.155824	3.237971	-0.981763	3.702753	-0.000000	0.000000	0.000000	0.000000
-1.981105	0.210318	-0.000000	0.534394	4.095111	4.052692	0.000000	0.000000	0.000000	0.000000
-5.014255	-2.590240	-3.952596	-3.326051	0.006674	-3.323753	-0.000000	0.000000	0.000000	0.000000
-2.596291	2.312735	4.332411	-1.215531	-1.541648	0.112537	0.000000	0.000000	0.000000	0.000000
-11.569248	-1.024752	0.000000	-0.867985	0.079437	0.004269	-0.000000	0.000000	0.000000	0.000000
-6.782021	2.277583	4.125303	-0.399145	5.395563	-0.029107	-0.000000	0.000000	0.000000	0.000000
-3.061040	-0.086086	0.000000	0.645320	6.880116	0.019134	-0.000000	0.000000	0.000000	0.000000
-3.933112	-1.908608	4.291368	-3.698884	-3.261957	-0.030152	-0.000000	0.000000	0.000000	0.000000
-9.176708	3.738599	0.000000	2.854664	-1.729209	3.841162	-0.000000	0.000000	0.000000	0.000000
-5.777543	-6.362333	0.000000	0.738259	-0.309129	-3.806962	0.000000	0.000000	0.000000	0.000000
-7.812842	-2.890071	4.190527	-3.028687	4.582116	0.013258	-0.000000	0.000000	0.000000	0.000000
-0.124819	-1.341133	0.000000	3.175096	-2.648895	-0.004642	0.000000	0.000000	0.000000	0.000000
-7.217196	-3.985153	-4.192263	0.384880	-1.772347	-3.762439	-0.000000	0.000000	0.000000	0.000000
-3.752058	-1.907136	4.259405	-3.779383	-3.073211	0.006400	-0.000000	0.000000	0.000000	0.000000
-6.213791	-1.229846	4.303031	-3.456620	0.274886	3.846561	-0.000000	0.000000	0.000000	0.000000
-3.421985	1.930277	-4.205482	-0.574315	2.671130	-4.024752	-0.000000	0.000000	0.000000	0.000000
-0.092579	0.007360	0.000000	0.854229	3.085569	3.701567	0.000000	0.000000	0.000000	0.000000
-5.794991	-0.054790	-0.000000	-4.331789	-3.888472	0.011672	-0.000000	0.000000	0.000000	0.000000
-7.554679	-3.715277	4.431561	0.025151	-5.049438	0.009869	-0.000000	0.000000	0.000000	0.000000
-0.000005	-3.448436	0.000000	-2.110206	-0.821405	0.042381	0.000000	0.000000	0.000000	0.000000
-4.438629	0.870344	-4.203134	3.210106	-3.922310	-0.034081	-0.000000	0.000000	0.000000	0.000000
-11.269278	-0.276717	0.000000	0.075763	-2.982440	3.805708	-0.000000	0.000000	0.000000	0.000000
-5.628144	-6.806070	0.000000	0.622663	-0.019928	-3.732675	0.000000	0.000000	0.000000	0.000000
-5.303668	2.240123	-4.247734	-0.036048	5.814251	0.068688	0.000000	0.000000	0.000000	0.000000
-7.626223	2.285794	4.083154	-0.340846	5.621757	-0.013966	-0.000000	0.000000	0.000000	0.000000
-3.459367	-5.375299	-0.000000	-1.903484	0.053191	-3.385414	-0.000000	0.000000	0.000000	0.000000
-2.911555	-4.831781	0.000000	-2.877890	2.670890	-4.225456	0.000000	0.000000	0.000000	0.000000
-6.188975	-2.928910	4.289160	-4.092614	1.298438	-4.052147	0.000000	0.000000	0.000000	0.000000
-3.599291	-2.522238	-3.941077	-3.086302	-0.674891	-0.217741	-0.000000	0.000000	0.000000	0.000000
-6.924002	-3.678201	4.450115	-0.077022	-5.660375	-0.000584	0.000000	0.000000	0.000000	0.000000
-2.684326	2.277030	4.351622	-1.204521	-1.595647	0.010060	0.000000	0.000000	0.000000	0.000000
-5.540529	-6.451766	-0.000000	0.734783	-0.228163	-3.835314	0.000000	0.000000	0.000000	0.000000
-7.748509	0.556251	-4.031286	4.213310	3.741451	-0.025422	-0.000000	0.000000	0.000000	0.000000
-7.830040	-3.097225	-4.224486	1.155516	-1.424163	4.130612	-0.000000	0.000000	0.000000	0.000000
-5.822025	2.133667	4.559228	-0.838826	2.608188	0.016281	0.000000	0.000000	0.000000	0.000000
-4.874518	-1.259534	-4.113709	-2.586197	0.246558	3.639954	-0.000000	0.000000	0.000000	0.000000
-10.954460	-0.557162	0.000000	0.085145	-3.134655	3.703811	-0.000000	0.000000	0.000000	0.000000
-6.118641	0.086983	-4.219363	3.507795	0.182103	-4.543659	-0.000000	0.000000	0.000000	0.000000
-9.278432	1.622007	-0.000000	-2.439715	3.143782	0.000662	0.000000	0.000000	0.000000	0.000000
-9.809132	3.491893	-0.000000	2.789065	-1.773034	3.867096	-0.000000	0.000000	0.000000	0.000000
-10.273386	-2.330158	0.000000	-0.310194	-2.771063	-3.769404	-0.000000	0.000000	0.000000	0.000000
-7.340147	0.050730	4.287773	2.885359	-0.527936	-4.311333	-0.000000	0.000000	0.000000	0.000000
-10.696298	-1.893723	-0.000000	-0.643659	-2.544748	-3.875038	-0.000000	0.000000	0.000000	0.000000
-11.038177	-1.462661	-0.000000	-0.932211	-2.737538	-3.818442	-0.000000	0.000000	0.000000	0.000000
-7.779007	-0.063912	0.000000	-3.800240	-0.072192	3.772478	-0.000000	0.000000	0.000000	0.000000
-6.293868	1.449052	-4.169461	4.073645	-0.439625	4.176277	0.000000	0.000000	0.000000	0.000000
-6.700794	-2.833673	4.459897	-4.132304	1.567980	-3.858438	0.000000	0.000000	0.000000	0.000000
-10.483370	-2.069949	0.000000	-0.487227	-2.671207	-3.839122	-0.000000	0.000000	0.000000	0.000000
-6.225637	-1.463042	4.290293	-3.481070	0.337662	3.897797	-0.000000	0.000000	0.000000	0.000000
-3.862705	-1.934355	4.270860	-3.726377	-3.223417	-0.002777	-0.000000	0.000000	0.000000	0.000000
-4.511591	-2.683650	-4.137904	-3.371166	1.437600	-3.820561	-0.000000	0.000000	0.000000	0.000000
-6.247535	-3.422369	-4.316590	0.698478	-4.875226	-0.024733	-0.000000	0.000000	0.000000	0.000000
-5.801070	0.196447	-0.000000	-4.750702	-3.521590	0.024098	-0.000000	0.000000	0.000000	0.000000
-8.744497	3.740921	-0.000000	-1.808817	4.508104	0.014623	-0.000000	0.000000	0.000000	0.000000
-0.000000	-0.134112	-0.000000	0.004399	0.019462	-0.006941	0.000000	0.000000	0.000000	0.000000
-13.601563	-0.399165	-0.000000	-0.059762	0.826793	0.000044	-0.000000	0.000000	0.000000	0.000000
-6.754547	-2.859429	4.446704	-4.042784	1.597125	-3.832364	0.000000	0.000000	0.000000	0.000000
-3.411354	-2.058980	3.986624	-3.795455	-2.880014	-0.019297	-0.000000	0.000000	0.000000	0.000000
-3.462706	-5.030015	-0.000000	-2.982144	3.517864	-3.653413	0.000000	0.000000	0.000000	0.000000
-2.209186	2.678159	-4.371389	-0.476082	-1.129799	0.090602	0.000000	0.000000	0.000000	0.000000
-3.310704	-1.512965	-4.248852	-3.662802	-2.120571	0.023841	-0.000000	0.000000	0.000000	0.000000
-7.947125	1.129255	-4.056582	4.200762	3.823127	-0.010139	-0.000000	0.000000	0.000000	0.000000
-8.435608	-3.271934	4.427857	0.111893	-2.024799	4.201849	-0.000000	0.000000	0.000000	0.000000
-7.860575	-0.154066	-0.000000	-4.154599	0.139501	-3.864698	-0.000000	0.000000	0.000000	0.000000
-3.076886	-4.954648	0.000000	-2.936250	3.156870	-3.905051	0.000000	0.000000	0.000000	0.000000
-7.430914	0.276957	4.353272	2.767518	-0.623172	-4.343591	-0.000000	0.000000	0.000000	0.000000
-9.391958	2.578738	-0.000000	2.058442	-1.858295	-4.565440	-0.000000	0.000000	0.000000	0.000000
-4.981748	1.889853	4.178420	-1.157186	2.273762	-4.142765	-0.000000	0.000000	0.000000	0.000000
-4.141319	-5.312341	-0.000000	-2.695505	5.515557	-0.105311	0.000000	0.000000	0.000000	0.000000
-6.329639	5.350106	0.000000	-0.874215	0.852263	3.904874	0.000000	0.000000	0.000000	0.000000
-2.991914	-4.936117	0.000000	-2.901680	3.021720	-3.997978	0.000000	0.000000	0.000000	0.000000
-2.150926	1.266984	0.000000	0.969900	3.799489	3.958925	0.000000	0.000000	0.000000	0.000000
-11.135133	3.143216	-0.000000	2.813754	1.404581	-0.002221	-0.000000	0.000000	0.000000	0.000000
-9.538031	0.543164	4.056986	3.224710	2.682933	-0.013034	-0.000000	0.000000	0.000000	0.000000
-9.203688	3.661093	-0.000000	2.858378	-1.573465	3.881203	-0.000000	0.000000	0.000000	0.000000
-5.640335	-6.703590	0.000000	0.487399	-0.212709	-3.698807	0.000000	0.000000	0.000000	0.000000
-6.315567	1.572095	-4.149861	4.047625	-0.371320	4.208928	0.000000	0.000000	0.000000	0.000000
-6.941526	-3.503254	3.850127	-3.006961	4.648464	0.111697	-0.000000	0.000000	0.000000	0.000000
-5.622065	-5.414515	0.000000	1.641779	-0.069183	4.192795	-0.000000	0.000000	0.000000	0.000000
-8.585994	-3.287466	4.410728	0.097309	-1.643804	4.193279	-0.000000	0.000000	0.000000	0.000000
-2.854095	2.297270	4.287611	-1.143094	-1.341909	0.132024	0.000000	0.000000	0.000000	0.000000
-0.001572	-3.456985	0.000000	-2.589993	-1.441709	0.011105	0.000000	0.000000	0.000000	0.000000
-3.225103	-3.786226	-0.000000	-2.172284	2.675153	4.547514	0.000000	0.000000	0.000000	0.000000
0.000000	-0.422473	0.000000	-0.069096	0.020374	-0.017444	0.000000	0.000000	0.000000	0.000000
-1.936719	-0.557472	0.000000	0.407413	3.922717	-4.047125	-0.000000	0.000000	0.000000	0.000000
-7.926485	-0.163535	-0.000000	-4.077212	-0.166152	-3.904568	-0.000000	0.000000	0.000000	0.000000
-4.307981	-2.003426	0.000000	3.817399	1.676316	-4.151235	-0.000000	0.000000	0.000000	0.000000
-6.291460	-2.758750	4.387002	-4.169796	0.832203	-4.157224	0.000000	0.000000	0.000000	0.000000
-7.243185	-3.943657	-4.180902	0.305275	-1.781537	-3.773357	-0.000000	0.000000	0.000000	0.000000
-11.324827	3.131850	-0.000000	2.799663	1.812811	0.048527	-0.000000	0.000000	0.000000	0.000000
-8.070290	0.619195	3.757805	2.828456	0.527079	0.955659	0.000000	0.000000	0.000000	0.000000
-10.429432	-2.197040	-0.000000	-0.357045	-2.683622	-3.833072	-0.000000	0.000000	0.000000	0.000000
-3.045783	-0.325891	-0.000000	0.976788	6.932711	-0.119576	-0.000000	0.000000	0.000000	0.000000
-5.166627	-1.815953	0.000000	4.075680	3.435302	-2.725867	-0.000000	0.000000	0.000000	0.000000
-4.397679	-1.075569	0.000000	4.474465	0.855026	4.079424	0.000000	0.000000	0.000000	0.000000
-9.063967	0.123919	3.870244	3.447249	2.829801	0.022204	-0.000000	0.000000	0.000000	0.000000
-5.053785	-2.267596	-4.036867	-3.482715	0.152076	-3.411780	-0.000000	0.000000	0.000000	0.000000
-6.574440	-1.874516	4.243131	-3.131370	0.788848	4.203094	-0.000000	0.000000	0.000000	0.000000
-10.441071	-2.297726	-0.000000	-0.313612	-2.637337	-3.825445	-0.000000	0.000000	0.000000	0.000000
-3.808417	2.252146	-4.205673	-0.558018	2.724769	-4.096070	-0.000000	0.000000	0.000000	0.000000
-8.837485	-3.505834	4.347095	0.257952	-1.550631	3.958152	-0.000000	0.000000	0.000000	0.000000
-5.295475	-6.604109	0.000000	0.537818	-0.021067	-3.828137	0.000000	0.000000	0.000000	0.000000
-7.394846	0.568530	4.289308	2.747297	-0.354557	-4.295816	-0.000000	0.000000	0.000000	0.000000
-8.743944	-3.576819	4.335916	0.313511	-1.784498	3.966160	-0.000000	0.000000	0.000000	0.000000
-3.733416	3.090287	-4.275613	0.085053	1.990825	4.042357	0.000000	0.000000	0.000000	0.000000
-2.103560	0.736025	0.000000	0.530904	3.818970	4.143760	0.000000	0.000000	0.000000	0.000000
-5.102630	-4.670861	0.000000	-2.063740	6.758767	0.046326	0.000000	0.000000	0.000000	0.000000
-9.739420	0.087998	-0.000000	-3.643765	3.137117	0.024013	-0.000000	0.000000	0.000000	0.000000
-2.083955	-4.542491	-0.000000	-2.874576	-0.009333	0.349558	-0.000000	0.000000	0.000000	0.000000
-4.471720	-2.326129	0.000000	3.763296	1.146172	-3.960017	-0.000000	0.000000	0.000000	0.000000
-6.510592	3.702744	0.000000	-1.911626	0.032766	-4.633874	-0.000000	0.000000	0.000000	0.000000
-7.475121	0.262525	4.294572	2.879922	-0.411735	-4.057311	-0.000000	0.000000	0.000000	0.000000
-7.627675	1.040947	3.951475	2.574174	1.290952	-0.030621	0.000000	0.000000	0.000000	0.000000
-7.622726	-5.435676	0.000000	2.258356	4.014621	-0.145731	-0.000000	0.000000	0.000000	0.000000
-5.308559	2.584712	-4.280880	0.068164	5.781345	0.128373	0.000000	0.000000	0.000000	0.000000
-7.913579	0.486430	-4.172996	4.305331	3.107455	-1.878708	-0.000000	0.000000	0.000000	0.000000
-9.558168	0.030556	-0.000000	-3.743092	3.150845	-0.013428	-0.000000	0.000000	0.000000	0.000000
-6.190136	-1.310240	4.243832	-3.393931	0.567559	3.993264	-0.000000	0.000000	0.000000	0.000000
-3.660011	-5.974627	-0.000000	1.057120	-3.967321	-0.006208	0.000000	0.000000	0.000000	0.000000
-6.126024	1.507531	-4.162846	4.015635	-0.488889	4.174255	0.000000	0.000000	0.000000	0.000000
-3.489646	-2.117107	-4.079342	-2.990672	-2.565326	-0.035252	-0.000000	0.000000	0.000000	0.000000
-6.430928	5.423917	0.000000	-1.059424	0.466542	3.864313	0.000000	0.000000	0.000000	0.000000
-2.666956	-0.172778	0.000000	0.078844	5.675744	-2.492732	-0.000000	0.000000	0.000000	0.000000
-4.254007	-1.816223	4.386274	-3.829436	-3.085825	0.019902	-0.000000	0.000000	0.000000	0.000000
-6.249664	1.735181	-4.114366	4.074440	-0.576901	4.146950	0.000000	0.000000	0.000000	0.000000
-8.923817	-3.462266	4.401286	0.209990	-1.609868	3.938764	-0.000000	0.000000	0.000000	0.000000
-6.094445	5.469340	0.000000	-0.698971	0.686802	3.795783	0.000000	0.000000	0.000000	0.000000
-3.502313	-0.111262	0.000000	0.880586	7.395601	0.033301	0.000000	0.000000	0.000000	0.000000
-7.075567	-0.100047	-0.000000	-4.302994	-0.260495	3.672329	-0.000000	0.000000	0.000000	0.000000
-9.551204	0.729300	4.070020	3.165710	2.702690	-0.006582	-0.000000	0.000000	0.000000	0.000000
-7.179870	0.023837	0.000000	-4.617264	-1.236596	2.468853	-0.000000	0.000000	0.000000	0.000000
-4.415373	-2.084370	-0.000000	3.833212	1.686779	-4.112092	-0.000000	0.000000	0.000000	0.000000
-4.899676	5.581342	-0.000000	-1.239462	-2.706043	-0.134140	-0.000000	0.000000	0.000000	0.000000
-4.550343	1.253913	3.962025	-0.765658	1.914673	-4.326902	-0.000000	0.000000	0.000000	0.000000
-4.572288	3.285005	4.220659	-0.480556	1.108864	3.736416	-0.000000	0.000000	0.000000	0.000000
-5.106232	1.979428	4.216644	-1.229871	2.380916	-4.093419	-0.000000	0.000000	0.000000	0.000000
-9.717628	0.020623	-0.000000	-3.758182	3.105311	0.004289	-0.000000	0.000000	0.000000	0.000000
-4.928677	3.125937	4.312552	-0.939464	1.148095	3.754359	-0.000000	0.000000	0.000000	0.000000
-10.662656	-3.902424	4.483210	0.098215	1.474793	0.004770	-0.000000	0.000000	0.000000	0.000000
-8.441603	-2.822458	-4.109698	1.150719	-1.863011	3.957515	-0.000000	0.000000	0.000000	0.000000
-9.125715	-3.908766	-3.956858	1.116813	2.703922	0.000948	-0.000000	0.000000	0.000000	0.000000
-6.180489	-0.007750	-4.211987	3.528895	0.292208	-4.529862	-0.000000	0.000000	0.000000	0.000000
-6.315932	-0.098424	-4.219285	3.513994	0.320818	-4.515908	-0.000000	0.000000	0.000000	0.000000
-7.881091	0.841755	-4.027864	4.178627	3.691967	0.141500	-0.000000	0.000000	0.000000	0.000000
-5.939052	-6.828323	-0.000000	0.580393	-0.113923	-3.615131	0.000000	0.000000	0.000000	0.000000
-8.223675	-0.069350	-0.000000	-4.637626	0.551297	-3.559050	-0.000000	0.000000	0.000000	0.000000
-3.270421	-5.254648	0.000000	-2.426234	1.820623	-4.094485	0.000000	0.000000	0.000000	0.000000
-4.453646	-2.354448	-0.000000	3.741478	0.629450	-3.881624	-0.000000	0.000000	0.000000	0.000000
-5.285257	0.633953	4.184418	2.664876	-4.849123	0.009393	0.000000	0.000000	0.000000	0.000000
-8.623587	-4.454403	4.298535	-0.040700	-0.800180	-4.080165	0.000000	0.000000	0.000000	0.000000
-3.574436	0.142461	0.000000	0.886283	7.416478	-0.015632	0.000000	0.000000	0.000000	0.000000
-7.214207	-3.969832	-4.188117	0.384327	-1.785218	-3.763951	-0.000000	0.000000	0.000000	0.000000
-7.794998	0.964244	-4.047862	4.196368	3.807929	-0.033557	-0.000000	0.000000	0.000000	0.000000
-11.486896	-0.227403	-0.000000	0.014552	-2.837902	3.843247	-0.000000	0.000000	0.000000	0.000000
-1.279755	-0.139342	-0.000000	0.851900	3.886922	4.292030	0.000000	0.000000	0.000000	0.000000
-2.147773	2.607170	-4.376635	-0.531005	-1.285409	0.047078	0.000000	0.000000	0.000000	0.000000
-10.362514	-3.924785	4.395311	0.151206	1.695635	-0.026737	-0.000000	0.000000	0.000000	0.000000
-8.199951	5.069447	-0.000000	-0.628866	4.161119	-0.034064	-0.000000	0.000000	0.000000	0.000000
-4.686517	1.048620	-4.194208	3.330581	-3.859614	0.116557	-0.000000	0.000000	0.000000	0.000000
-10.306345	-0.419573	0.000000	0.077518	-1.999065	-4.606917	-0.000000	0.000000	0.000000	0.000000
-3.682847	-2.006012	4.207115	-3.754656	-3.136541	-0.010665	-0.000000	0.000000	0.000000	0.000000
-6.433305	5.246899	-0.000000	-0.982303	0.791192	3.990095	-0.000000	0.000000	0.000000	0.000000
-7.481971	-0.073114	4.263067	3.000990	-0.346976	-4.254080	-0.000000	0.000000	0.000000	0.000000
-4.789763	5.115433	-0.000000	-1.611675	-2.803002	-0.087151	-0.000000	0.000000	0.000000	0.000000
-2.353697	-1.466822	0.000000	4.464026	-3.127272	0.071331	0.000000	0.000000	0.000000	0.000000
-4.766474	0.193174	-4.179739	3.322548	-3.761464	0.024786	-0.000000	0.000000	0.000000	0.000000
-10.269169	0.059372	0.000000	-3.521593	3.032921	-0.043509	-0.000000	0.000000	0.000000	0.000000
-7.715916	-6.607885	0.000000	1.424656	3.361567	0.094664	-0.000000	0.000000	0.000000	0.000000
-10.206474	-3.987101	4.107434	0.583728	2.000784	0.000506	-0.000000	0.000000	0.000000	0.000000
-6.540692	3.820070	0.000000	-1.980351	0.411969	-4.566934	-0.000000	0.000000	0.000000	0.000000
-5.812929	-3.246790	-4.334820	0.152818	-5.285742	-0.031535	-0.000000	0.000000	0.000000	0.000000
-7.630914	3.252374	-0.000000	2.552411	-5.355413	0.077590	-0.000000	0.000000	0.000000	0.000000
-3.111688	-3.729855	-0.000000	-1.996466	2.799044	4.545468	0.000000	0.000000	0.000000	0.000000
-4.513659	0.816287	-4.198079	3.243376	-3.904631	-0.008120	-0.000000	0.000000	0.000000	0.000000
-1.920859	-4.516709	-0.000000	-2.855983	-0.011792	-0.068705	-0.000000	0.000000	0.000000	0.000000
-10.039001	-2.522709	-0.000000	-0.270490	-2.810349	-3.831495	-0.000000	0.000000	0.000000	0.000000
-6.422156	5.440377	-0.000000	-0.717732	0.082570	3.846570	0.000000	0.000000	0.000000	0.000000
-5.308015	0.647817	4.191960	2.672620	-4.830922	0.005379	0.000000	0.000000	0.000000	0.000000
-7.872206	0.754330	-0.000000	-4.293025	-0.032819	3.587459	-0.000000	0.000000	0.000000	0.000000
-4.346465	-1.099838	0.000000	4.600294	0.348354	4.108446	0.000000	0.000000	0.000000	0.000000
-7.639637	0.088038	-0.000000	-4.245952	-0.392039	3.597423	-0.000000	0.000000	0.000000	0.000000
-3.347102	-1.706481	-4.174781	-3.403639	-2.178442	0.033039	-0.000000	0.000000	0.000000	0.000000
-7.370337	0.972485	4.060412	3.307862	-0.457205	3.697769	-0.000000	0.000000	0.000000	0.000000
-6.671249	2.249206	4.128871	-0.356221	5.381932	-0.009883	-0.000000	0.000000	0.000000	0.000000
-5.991169	-2.753100	4.369364	-4.298293	0.435091	-4.034809	0.000000	0.000000	0.000000	0.000000
-3.092412	-4.884775	0.000000	-3.039459	3.004860	-4.020080	0.000000	0.000000	0.000000	0.000000
-3.700481	-5.659372	-0.000000	1.277198	-4.162864	-0.003957	0.000000	0.000000	0.000000	0.000000
-2.107214	0.888324	-0.000000	0.933427	3.989562	3.993922	0.000000	0.000000	0.000000	0.000000
-2.093461	0.696746	0.000000	0.453598	3.786539	4.161574	0.000000	0.000000	0.000000	0.000000
-7.494653	0.090823	4.352568	2.834401	-0.549273	-4.328750	-0.000000	0.000000	0.000000	0.000000
-7.964214	2.601071	0.000000	-2.053745	3.334175	0.000066	0.000000	0.000000	0.000000	0.000000
-10.910423	3.204005	0.000000	2.952141	2.015925	-0.001064	-0.000000	0.000000	0.000000	0.000000
-7.104537	1.365894	4.063473	3.337832	-0.651556	3.668574	-0.000000	0.000000	0.000000	0.000000
-5.894193	-4.318133	0.000000	2.866454	1.508399	3.713978	0.000000	0.000000	0.000000	0.000000
-9.253910	-0.335884	3.867844	3.475826	2.661328	-0.001566	-0.000000	0.000000	0.000000	0.000000
-3.656564	3.089120	-4.269183	0.204782	1.863831	4.025527	0.000000	0.000000	0.000000	0.000000
-6.305347	-0.167790	-4.219607	3.490345	0.293752	-4.505935	-0.000000	0.000000	0.000000	0.000000
-7.106802	-1.839192	4.213493	-3.204593	1.165479	3.950638	-0.000000	0.000000	0.000000	0.000000
-5.357737	-1.559789	-4.170937	-2.572923	1.366441	4.340579	0.000000	0.000000	0.000000	0.000000
-8.674768	-3.433950	4.375853	0.203414	-1.691195	4.078450	-0.000000	0.000000	0.000000	0.000000
-4.016976	3.289243	-4.193874	0.046534	1.544139	4.153603	0.000000	0.000000	0.000000	0.000000
-7.152679	0.972558	4.023243	3.355012	-0.508411	3.671904	-0.000000	0.000000	0.000000	0.000000
-2.045434	-0.572422	0.000000	0.561762	3.987932	-4.013565	-0.000000	0.000000	0.000000	0.000000
-6.703486	-2.128354	-4.129344	-2.940278	5.250415	0.158357	-0.000000	0.000000	0.000000	0.000000
0.000000	-0.078614	-0.000000	0.013857	0.060084	-0.014806	0.000000	0.000000	0.000000	0.000000
-5.788607	1.851316	-4.088786	3.689950	-0.043574	4.346146	0.000000	0.000000	0.000000	0.000000
-6.264960	-1.984718	-0.000000	4.220958	4.779506	-0.009975	-0.000000	0.000000	0.000000	0.000000
-5.798380	2.668793	-4.344972	-0.007960	6.394939	0.019900	0.000000	0.000000	0.000000	0.000000
-4.965305	2.001701	4.198201	-1.175269	2.349591	-4.113114	-0.000000	0.000000	0.000000	0.000000
-5.876141	-0.043889	-4.197932	3.323480	-0.370506	-4.403733	-0.000000	0.000000	0.000000	0.000000
-7.217619	3.027204	0.000000	2.560634	-5.631444	-0.012132	-0.000000	0.000000	0.000000	0.000000
-9.232687	2.167007	0.000000	2.100602	-1.798188	-4.572592	-0.000000	0.000000	0.000000	0.000000
-7.900082	-0.486824	-0.000000	-4.014144	0.156369	-3.893815	-0.000000	0.000000	0.000000	0.000000
-9.295836	2.385375	-0.000000	2.122249	-1.753597	-4.562737	-0.000000	0.000000	0.000000	0.000000
-7.657588	-6.633129	0.000000	1.403104	3.175048	0.358274	-0.000000	0.000000	0.000000	0.000000
-4.733327	1.943496	4.116355	-1.075264	2.328945	-4.158309	-0.000000	0.000000	0.000000	0.000000
-5.176581	4.859478	0.000000	-1.869511	-2.917839	0.194139	-0.000000	0.000000	0.000000	0.000000
-8.354968	-3.846039	-4.191921	0.290491	-0.788495	-3.726025	-0.000000	0.000000	0.000000	0.000000
-5.977693	-1.927728	-0.000000	4.162108	4.735229	-0.012924	-0.000000	0.000000	0.000000	0.000000
-2.929843	-3.780117	0.000000	-2.500137	2.208247	4.464293	0.000000	0.000000	0.000000	0.000000
-4.474404	0.259093	-4.174480	3.239350	-3.830259	-0.154092	-0.000000	0.000000	0.000000	0.000000
-6.105849	-2.004936	-0.000000	4.191940	4.752959	-0.042803	-0.000000	0.000000	0.000000	0.000000
-4.366323	-2.054296	0.000000	3.829212	1.687482	-4.130582	-0.000000	0.000000	0.000000	0.000000
-5.960797	-2.768913	4.369446	-4.312532	0.414813	-4.018180	0.000000	0.000000	0.000000	0.000000
-4.448180	1.272775	-4.182196	3.197353	-3.966770	-0.004276	-0.000000	0.000000	0.000000	0.000000
-4.433384	-0.488181	0.000000	4.498072	0.340912	4.123922	0.000000	0.000000	0.000000	0.000000
-9.193638	-3.805615	-3.940857	1.350705	2.774058	-0.017475	-0.000000	0.000000	0.000000	0.000000
-8.787805	-0.358134	-0.000000	-0.046189	-6.691841	0.008519	-0.000000	0.000000	0.000000	0.000000
-4.636214	-1.023652	-0.000000	4.656739	0.395910	4.046387	0.000000	0.000000	0.000000	0.000000
-4.913002	0.582773	-4.205929	3.455469	-3.652357	0.118121	-0.000000	0.000000	0.000000	0.000000
-9.231688	0.264936	3.936848	3.366847	2.748946	-0.010455	-0.000000	0.000000	0.000000	0.000000
-5.610543	2.623158	-4.332172	-0.007918	6.144689	0.059110	0.000000	0.000000	0.000000	0.000000
-4.311061	1.312310	-4.182462	3.151791	-3.924035	-0.129735	-0.000000	0.000000	0.000000	0.000000
-10.581064	-3.970123	4.465153	0.174238	1.411004	-0.016848	-0.000000	0.000000	0.000000	0.000000
-2.989848	-0.142714	-0.000000	0.702347	6.654127	0.223441	-0.000000	0.000000	0.000000	0.000000
-8.161931	-2.656860	4.287901	-3.123998	4.442138	-0.010149	-0.000000	0.000000	0.000000	0.000000
-7.544259	1.320749	-4.043339	4.158922	3.661947	0.114306	-0.000000	0.000000	0.000000	0.000000
-9.986458	-2.544577	-0.000000	-0.270933	-2.843220	-3.832679	-0.000000	0.000000	0.000000	0.000000
-7.406549	3.182925	-0.000000	2.531118	-5.543354	0.016658	-0.000000	0.000000	0.000000	0.000000
-5.800035	-3.467438	-4.288949	0.701509	-4.951174	-0.023546	-0.000000	0.000000	0.000000	0.000000
-4.379171	-2.202746	0.000000	3.783599	0.838962	-4.007039	-0.000000	0.000000	0.000000	0.000000
-5.201199	4.269311	-0.000000	-2.168957	-2.916682	-0.030914	-0.000000	0.000000	0.000000	0.000000
-9.298918	3.837638	-0.000000	2.817731	-1.704982	3.862556	-0.000000	0.000000	0.000000	0.000000
-5.078769	-1.670137	-4.184960	-2.534181	0.934596	4.046303	0.000000	0.000000	0.000000	0.000000
-0.005532	-3.529485	-0.000000	-2.462267	-1.220897	-0.022513	0.000000	0.000000	0.000000	0.000000
-10.353600	-2.482549	-0.000000	-0.207912	-2.629588	-3.810564	-0.000000	0.000000	0.000000	0.000000
-5.981963	-5.556632	0.000000	1.730126	-0.019092	4.058421	-0.000000	0.000000	0.000000	0.000000
-9.450237	0.587921	4.048889	3.192065	2.599038	-0.024799	-0.000000	0.000000	0.000000	0.000000
-3.598465	-0.023341	4.268555	-2.777138	-2.203820	0.002297	-0.000000	0.000000	0.000000	0.000000
-8.510009	4.254368	-0.000000	-1.404642	4.309299	0.004963	-0.000000	0.000000	0.000000	0.000000
-6.780754	-2.195567	-4.132707	-2.846196	5.305208	0.114732	-0.000000	0.000000	0.000000	0.000000
0.000000	-0.165563	-0.000000	0.200231	0.078538	-0.035578	0.000000	0.000000	0.000000	0.000000
-9.645724	0.205603	4.010660	3.267063	2.611688	0.005530	-0.000000	0.000000	0.000000	0.000000
-4.643501	-0.924556	-0.000000	4.585109	0.768026	3.973274	0.000000	0.000000	0.000000	0.000000
-5.745091	-3.224302	-4.340540	0.107084	-5.317987	-0.015309	-0.000000	0.000000	0.000000	0.000000
-7.153255	-6.483654	0.000000	0.601505	4.053823	-1.258640	-0.000000	0.000000	0.000000	0.000000
-10.769978	-0.830525	0.000000	0.033642	-3.197409	3.639664	-0.000000	0.000000	0.000000	0.000000
-2.089119	2.712897	-4.299162	-0.079181	-0.310571	-0.014384	0.000000	0.000000	0.000000	0.000000
-2.080099	-0.869273	-0.000000	-0.028284	3.778132	-4.081161	-0.000000	0.000000	0.000000	0.000000
-4.809884	5.131641	-0.000000	-1.591929	-2.873106	-0.177060	-0.000000	0.000000	0.000000	0.000000
-4.977270	-4.472953	0.000000	-1.915129	6.821046	-0.050226	0.000000	0.000000	0.000000	0.000000
-4.935903	-2.308632	-4.266566	-3.533899	1.914594	-4.022836	-0.000000	0.000000	0.000000	0.000000
-2.371746	-1.479353	0.000000	4.447689	-3.149660	-0.058660	0.000000	0.000000	0.000000	0.000000
-7.630709	-3.169790	-4.165076	1.215688	-0.905432	4.250322	-0.000000	0.000000	0.000000	0.000000
-8.142986	-4.308648	4.367670	-0.230945	-2.129972	-4.008097	0.000000	0.000000	0.000000	0.000000
-9.334606	0.362557	3.966689	3.327549	2.738425	0.001316	-0.000000	0.000000	0.000000	0.000000
-10.364977	3.439166	-0.000000	3.077457	2.037131	0.018608	-0.000000	0.000000	0.000000	0.000000
-6.930177	3.771302	0.000000	-2.126528	1.315403	-4.655773	-0.000000	0.000000	0.000000	0.000000
-2.192805	0.169044	0.000000	0.450111	4.246358	3.852365	0.000000	0.000000	0.000000	0.000000
-4.424592	-2.142607	-0.000000	3.826421	1.151064	-4.041800	-0.000000	0.000000	0.000000	0.000000
-0.000024	-3.473214	0.000000	-2.148064	-0.881727	-0.015345	0.000000	0.000000	0.000000	0.000000
-4.826271	3.244035	4.262476	-0.663455	1.481124	3.818770	-0.000000	0.000000	0.000000	0.000000
-9.484345	-0.308861	0.000000	-3.723765	3.052737	0.006996	-0.000000	0.000000	0.000000	0.000000
-9.437604	-3.811242	-3.911747	0.849322	2.594563	0.008202	-0.000000	0.000000	0.000000	0.000000
-7.122779	0.811228	4.001299	3.381882	-0.455879	3.625141	-0.000000	0.000000	0.000000	0.000000
-10.494525	-3.906396	4.422380	0.133990	1.675021	-0.009316	-0.000000	0.000000	0.000000	0.000000
-2.252737	0.803548	-0.000000	0.320564	3.698506	4.115952	0.000000	0.000000	0.000000	0.000000
-3.421798	-3.728730	0.000000	-2.385374	2.542984	4.532974	0.000000	0.000000	0.000000	0.000000
-12.746040	-1.099914	0.000000	0.159982	0.128870	0.013916	-0.000000	0.000000	0.000000	0.000000
-10.467081	-2.066325	0.000000	-0.365113	-2.614546	-3.877503	-0.000000	0.000000	0.000000	0.000000
-6.138561	-2.976319	4.267951	-4.091104	1.474859	-3.983475	0.000000	0.000000	0.000000	0.000000
-8.089806	-4.311948	4.305858	-0.158828	-2.117340	-4.003139	0.000000	0.000000	0.000000	0.000000
-4.459208	-0.266072	0.000000	4.214195	1.022749	4.085458	-0.000000	0.000000	0.000000	0.000000
-8.604122	-3.463537	4.369442	0.249368	-1.867699	4.087664	-0.000000	0.000000	0.000000	0.000000
-7.591111	-4.085440	-4.245115	0.558502	-1.418803	-3.759876	-0.000000	0.000000	0.000000	0.000000
-10.925711	-3.785023	4.480578	0.193048	1.692383	0.001243	-0.000000	0.000000	0.000000	0.000000
-3.358128	2.392244	4.131982	-0.782789	-1.199460	0.153425	-0.000000	0.000000	0.000000	0.000000
-5.819264	-0.039690	-0.000000	-4.254592	-3.943730	0.014795	-0.000000	0.000000	0.000000	0.000000
-3.567781	2.247011	-4.238797	-0.460995	2.662778	-4.033061	-0.000000	0.000000	0.000000	0.000000
-7.078373	4.084735	-0.000000	-2.028677	1.275197	-4.522386	-0.000000	0.000000	0.000000	0.000000
-6.241817	0.735769	-4.185872	3.871109	-0.166398	4.345230	0.000000	0.000000	0.000000	0.000000
-11.424966	0.762434	-0.000000	1.986524	1.816980	-0.019759	-0.000000	0.000000	0.000000	0.000000
0.000000	-0.135203	0.000000	-0.015500	0.023181	0.024632	0.000000	0.000000	0.000000	0.000000
-7.408758	0.112884	4.197937	3.004245	-0.139491	-4.210404	-0.000000	0.000000	0.000000	0.000000
