0.000000	0.000000	0.000002	0.000000	0.000000	0.000000	0.000000
0.000000	0.000000	-0.000002	0.000000	0.000000	0.000000	0.000000
0.000000	0.000000	0.000000	0.000000	0.000000	0.000000	0.000000
0.000000	0.000000	0.000206	0.000000	0.000000	0.000000	0.000000
0.000000	0.000000	0.000003	0.000000	0.000000	0.000000	0.000000
0.000000	0.000000	0.000125	0.000000	0.000000	0.000000	0.000000
0.000000	0.000000	-0.000004	0.000000	0.000000	0.000000	0.000000
0.000000	0.000000	-0.000002	0.000000	0.000000	0.000000	0.000000
0.000000	0.000000	0.000171	0.000000	0.000000	0.000000	0.000000
0.000000	0.000000	0.000000	0.000000	0.000000	0.000000	0.000000
0.000000	0.000000	-0.000009	0.000000	0.000000	0.000000	0.000000
0.000000	0.000000	0.000032	0.000000	0.000000	0.000000	0.000000
0.000000	0.000000	-0.000000	0.000000	0.000000	0.000000	0.000000
0.000000	0.000000	0.000007	0.000000	0.000000	0.000000	0.000000
0.000000	0.000000	0.000048	0.000000	0.000000	0.000000	0.000000
0.000000	0.000000	-0.000043	0.000000	0.000000	0.000000	0.000000
0.000000	0.000000	0.000009	0.000000	0.000000	0.000000	0.000000
0.000000	0.000000	0.000208	0.000000	0.000000	0.000000	0.000000
0.000000	0.000000	0.000002	0.000000	0.000000	0.000000	0.000000
0.000000	0.000000	0.000061	0.000000	0.000000	0.000000	0.000000
0.000000	0.000000	-0.000001	0.000000	0.000000	0.000000	0.000000
0.000000	0.000000	0.000000	0.000000	0.000000	0.000000	0.000000
0.000000	0.000000	0.000018	0.000000	0.000000	0.000000	0.000000
0.000000	0.000000	0.000004	0.000000	0.000000	0.000000	0.000000
0.000000	0.000000	0.000028	0.000000	0.000000	0.000000	0.000000
0.000000	0.000000	0.000027	0.000000	0.000000	0.000000	0.000000
0.000000	0.000000	0.002289	0.000000	0.000000	0.000000	0.000000
0.000000	0.000000	0.000000	0.000000	0.000000	0.000000	0.000000
0.000000	0.000000	0.000005	0.000000	0.000000	0.000000	0.000000
0.000000	0.000000	0.000004	0.000000	0.000000	0.000000	0.000000
0.000000	0.000000	-0.000001	0.000000	0.000000	0.000000	0.000000
0.000000	0.000000	0.000022	0.000000	0.000000	0.000000	0.000000
0.000000	0.000000	0.960312	0.000000	0.000000	0.000000	0.000000
0.000000	0.000000	-0.000009	0.000000	0.000000	0.000000	0.000000
0.000000	0.000000	-0.000000	0.000000	0.000000	0.000000	0.000000
0.000000	0.000000	0.000220	0.000000	0.000000	0.000000	0.000000
0.000000	0.000000	0.000008	0.000000	0.000000	0.000000	0.000000
0.000000	0.000000	0.000009	0.000000	0.000000	0.000000	0.000000
0.000000	0.000000	0.000003	0.000000	0.000000	0.000000	0.000000
0.000000	0.000000	0.000037	0.000000	0.000000	0.000000	0.000000
0.000000	0.000000	0.000032	0.000000	0.000000	0.000000	0.000000
0.000000	0.000000	0.000331	0.000000	0.000000	0.000000	0.000000
0.000000	0.000000	0.000062	0.000000	0.000000	0.000000	0.000000
0.000000	0.000000	0.000003	0.000000	0.000000	0.000000	0.000000
0.000000	0.000000	0.000015	0.000000	0.000000	0.000000	0.000000
0.000000	0.000000	-0.000000	0.000000	0.000000	0.000000	0.000000
0.000000	0.000000	0.000001	0.000000	0.000000	0.000000	0.000000
0.000000	0.000000	0.000010	0.000000	0.000000	0.000000	0.000000
0.000000	0.000000	-0.000002	0.000000	0.000000	0.000000	0.000000
0.000000	0.000000	0.000006	0.000000	0.000000	0.000000	0.000000
0.000000	0.000000	0.000000	0.000000	0.000000	0.000000	0.000000
0.000000	0.000000	0.016123	0.000000	0.000000	0.000000	0.000000
0.000000	0.000000	-0.000001	0.000000	0.000000	0.000000	0.000000
0.000000	0.000000	0.000006	0.000000	0.000000	0.000000	0.000000
0.000000	0.000000	0.001077	0.000000	0.000000	0.000000	0.000000
0.000000	0.000000	0.001588	0.000000	0.000000	0.000000	0.000000
0.000000	0.000000	0.000010	0.000000	0.000000	0.000000	0.000000
0.000000	0.000000	0.000015	0.000000	0.000000	0.000000	0.000000
0.000000	0.000000	0.000044	0.000000	0.000000	0.000000	0.000000
0.000000	0.000000	0.000425	0.000000	0.000000	0.000000	0.000000
0.000000	0.000000	0.000003	0.000000	0.000000	0.000000	0.000000
0.000000	0.000000	0.000001	0.000000	0.000000	0.000000	0.000000
0.000000	0.000000	0.000150	0.000000	0.000000	0.000000	0.000000
0.000000	0.000000	-0.000002	0.000000	0.000000	0.000000	0.000000
0.000000	0.000000	0.000033	0.000000	0.000000	0.000000	0.000000
0.000000	0.000000	0.000278	0.000000	0.000000	0.000000	0.000000
0.000000	0.000000	0.000074	0.000000	0.000000	0.000000	0.000000
0.000000	0.000000	0.000002	0.000000	0.000000	0.000000	0.000000
0.000000	0.000000	-0.000002	0.000000	0.000000	0.000000	0.000000
0.000000	0.000000	0.000000	0.000000	0.000000	0.000000	0.000000
0.000000	0.000000	0.000001	0.000000	0.000000	0.000000	0.000000
0.000000	0.000000	0.000137	0.000000	0.000000	0.000000	0.000000
0.000000	0.000000	0.000006	0.000000	0.000000	0.000000	0.000000
0.000000	0.000000	0.000152	0.000000	0.000000	0.000000	0.000000
0.000000	0.000000	0.000016	0.000000	0.000000	0.000000	0.000000
0.000000	0.000000	0.000003	0.000000	0.000000	0.000000	0.000000
0.000000	0.000000	0.000008	0.000000	0.000000	0.000000	0.000000
0.000000	0.000000	0.000001	0.000000	0.000000	0.000000	0.000000
0.000000	0.000000	0.000000	0.000000	0.000000	0.000000	0.000000
0.000000	0.000000	0.000069	0.000000	0.000000	0.000000	0.000000
0.000000	0.000000	-0.000000	0.000000	0.000000	0.000000	0.000000
0.000000	0.000000	0.000005	0.000000	0.000000	0.000000	0.000000
0.000000	0.000000	0.000100	0.000000	0.000000	0.000000	0.000000
0.000000	0.000000	0.000016	0.000000	0.000000	0.000000	0.000000
0.000000	0.000000	0.000023	0.000000	0.000000	0.000000	0.000000
0.000000	0.000000	0.000002	0.000000	0.000000	0.000000	0.000000
0.000000	0.000000	0.000011	0.000000	0.000000	0.000000	0.000000
0.000000	0.000000	0.002977	0.000000	0.000000	0.000000	0.000000
0.000000	0.000000	-0.000002	0.000000	0.000000	0.000000	0.000000
0.000000	0.000000	-0.000029	0.000000	0.000000	0.000000	0.000000
0.000000	0.000000	0.000005	0.000000	0.000000	0.000000	0.000000
0.000000	0.000000	0.000004	0.000000	0.000000	0.000000	0.000000
0.000000	0.000000	0.000014	0.000000	0.000000	0.000000	0.000000
0.000000	0.000000	0.000117	0.000000	0.000000	0.000000	0.000000
0.000000	0.000000	0.010255	0.000000	0.000000	0.000000	0.000000
0.000000	0.000000	0.009634	0.000000	0.000000	0.000000	0.000000
0.000000	0.000000	0.000106	0.000000	0.000000	0.000000	0.000000
0.000000	0.000000	0.000006	0.000000	0.000000	0.000000	0.000000
0.000000	0.000000	0.000002	0.000000	0.000000	0.000000	0.000000
0.000000	0.000000	-0.000000	0.000000	0.000000	0.000000	0.000000
0.000000	0.000000	0.000000	0.000000	0.000000	0.000000	0.000000
0.000000	0.000000	0.000021	0.000000	0.000000	0.000000	0.000000
0.000000	0.000000	-0.000001	0.000000	0.000000	0.000000	0.000000
0.000000	0.000000	0.000004	0.000000	0.000000	0.000000	0.000000
0.000000	0.000000	0.000098	0.000000	0.000000	0.000000	0.000000
0.000000	0.000000	0.000003	0.000000	0.000000	0.000000	0.000000
0.000000	0.000000	0.000022	0.000000	0.000000	0.000000	0.000000
0.000000	0.000000	-0.000005	0.000000	0.000000	0.000000	0.000000
0.000000	0.000000	0.000014	0.000000	0.000000	0.000000	0.000000
0.000000	0.000000	0.005606	0.000000	0.000000	0.000000	0.000000
0.000000	0.000000	-0.000001	0.000000	0.000000	0.000000	0.000000
0.000000	0.000000	0.000011	0.000000	0.000000	0.000000	0.000000
0.000000	0.000000	0.000142	0.000000	0.000000	0.000000	0.000000
0.000000	0.000000	0.000008	0.000000	0.000000	0.000000	0.000000
0.000000	0.000000	-0.000002	0.000000	0.000000	0.000000	0.000000
0.000000	0.000000	0.000452	0.000000	0.000000	0.000000	0.000000
0.000000	0.000000	0.000004	0.000000	0.000000	0.000000	0.000000
0.000000	0.000000	0.000003	0.000000	0.000000	0.000000	0.000000
0.000000	0.000000	-0.000001	0.000000	0.000000	0.000000	0.000000
0.000000	0.000000	-0.000002	0.000000	0.000000	0.000000	0.000000
0.000000	0.000000	0.000034	0.000000	0.000000	0.000000	0.000000
0.000000	0.000000	0.000087	0.000000	0.000000	0.000000	0.000000
0.000000	0.000000	0.000429	0.000000	0.000000	0.000000	0.000000
0.000000	0.000000	-0.000005	0.000000	0.000000	0.000000	0.000000
0.000000	0.000000	0.000145	0.000000	0.000000	0.000000	0.000000
0.000000	0.000000	0.000205	0.000000	0.000000	0.000000	0.000000
0.000000	0.000000	0.000058	0.000000	0.000000	0.000000	0.000000
0.000000	0.000000	-0.000000	0.000000	0.000000	0.000000	0.000000
0.000000	0.000000	0.000037	0.000000	0.000000	0.000000	0.000000
0.000000	0.000000	0.000313	0.000000	0.000000	0.000000	0.000000
0.000000	0.000000	-0.000001	0.000000	0.000000	0.000000	0.000000
0.000000	0.000000	0.000006	0.000000	0.000000	0.000000	0.000000
0.000000	0.000000	0.000001	0.000000	0.000000	0.000000	0.000000
0.000000	0.000000	0.000073	0.000000	0.000000	0.000000	0.000000
0.000000	0.000000	0.000014	0.000000	0.000000	0.000000	0.000000
0.000000	0.000000	0.001608	0.000000	0.000000	0.000000	0.000000
0.000000	0.000000	0.000005	0.000000	0.000000	0.000000	0.000000
0.000000	0.000000	0.000243	0.000000	0.000000	0.000000	0.000000
0.000000	0.000000	-0.000006	0.000000	0.000000	0.000000	0.000000
0.000000	0.000000	0.000961	0.000000	0.000000	0.000000	0.000000
0.000000	0.000000	0.000001	0.000000	0.000000	0.000000	0.000000
0.000000	0.000000	0.000001	0.000000	0.000000	0.000000	0.000000
0.000000	0.000000	0.000009	0.000000	0.000000	0.000000	0.000000
0.000000	0.000000	0.000343	0.000000	0.000000	0.000000	0.000000
0.000000	0.000000	0.000001	0.000000	0.000000	0.000000	0.000000
0.000000	0.000000	0.000000	0.000000	0.000000	0.000000	0.000000
0.000000	0.000000	0.000034	0.000000	0.000000	0.000000	0.000000
0.000000	0.000000	0.000003	0.000000	0.000000	0.000000	0.000000
0.000000	0.000000	0.000001	0.000000	0.000000	0.000000	0.000000
0.000000	0.000000	0.000004	0.000000	0.000000	0.000000	0.000000
0.000000	0.000000	-0.000010	0.000000	0.000000	0.000000	0.000000
0.000000	0.000000	0.000166	0.000000	0.000000	0.000000	0.000000
0.000000	0.000000	-0.000001	0.000000	0.000000	0.000000	0.000000
0.000000	0.000000	0.000090	0.000000	0.000000	0.000000	0.000000
0.000000	0.000000	0.000020	0.000000	0.000000	0.000000	0.000000
0.000000	0.000000	0.000017	0.000000	0.000000	0.000000	0.000000
0.000000	0.000000	0.000000	0.000000	0.000000	0.000000	0.000000
0.000000	0.000000	0.000048	0.000000	0.000000	0.000000	0.000000
0.000000	0.000000	-0.000005	0.000000	0.000000	0.000000	0.000000
0.000000	0.000000	0.000004	0.000000	0.000000	0.000000	0.000000
0.000000	0.000000	0.000004	0.000000	0.000000	0.000000	0.000000
0.000000	0.000000	0.000025	0.000000	0.000000	0.000000	0.000000
0.000000	0.000000	-0.000019	0.000000	0.000000	0.000000	0.000000
0.000000	0.000000	0.000004	0.000000	0.000000	0.000000	0.000000
0.000000	0.000000	0.000409	0.000000	0.000000	0.000000	0.000000
0.000000	0.000000	0.000025	0.000000	0.000000	0.000000	0.000000
0.000000	0.000000	0.000009	0.000000	0.000000	0.000000	0.000000
0.000000	0.000000	0.344299	0.000000	0.000000	0.000000	0.000000
0.000000	0.000000	0.000064	0.000000	0.000000	0.000000	0.000000
0.000000	0.000000	0.000084	0.000000	0.000000	0.000000	0.000000
0.000000	0.000000	-0.000002	0.000000	0.000000	0.000000	0.000000
0.000000	0.000000	0.000007	0.000000	0.000000	0.000000	0.000000
0.000000	0.000000	0.001086	0.000000	0.000000	0.000000	0.000000
0.000000	0.000000	0.000049	0.000000	0.000000	0.000000	0.000000
0.000000	0.000000	0.000010	0.000000	0.000000	0.000000	0.000000
0.000000	0.000000	-0.000001	0.000000	0.000000	0.000000	0.000000
0.000000	0.000000	0.001259	0.000000	0.000000	0.000000	0.000000
0.000000	0.000000	-0.000001	0.000000	0.000000	0.000000	0.000000
0.000000	0.000000	0.000001	0.000000	0.000000	0.000000	0.000000
0.000000	0.000000	0.000026	0.000000	0.000000	0.000000	0.000000
0.000000	0.000000	-0.000000	0.000000	0.000000	0.000000	0.000000
0.000000	0.000000	0.000097	0.000000	0.000000	0.000000	0.000000
0.000000	0.000000	0.000006	0.000000	0.000000	0.000000	0.000000
0.000000	0.000000	0.000684	0.000000	0.000000	0.000000	0.000000
0.000000	0.000000	0.000001	0.000000	0.000000	0.000000	0.000000
0.000000	0.000000	-0.000001	0.000000	0.000000	0.000000	0.000000
0.000000	0.000000	0.000000	0.000000	0.000000	0.000000	0.000000
0.000000	0.000000	0.000001	0.000000	0.000000	0.000000	0.000000
0.000000	0.000000	0.000074	0.000000	0.000000	0.000000	0.000000
0.000000	0.000000	0.000134	0.000000	0.000000	0.000000	0.000000
0.000000	0.000000	0.000013	0.000000	0.000000	0.000000	0.000000
0.000000	0.000000	0.000001	0.000000	0.000000	0.000000	0.000000
0.000000	0.000000	0.005535	0.000000	0.000000	0.000000	0.000000
0.000000	0.000000	0.000051	0.000000	0.000000	0.000000	0.000000
0.000000	0.000000	0.001551	0.000000	0.000000	0.000000	0.000000
0.000000	0.000000	0.000001	0.000000	0.000000	0.000000	0.000000
0.000000	0.000000	0.000119	0.000000	0.000000	0.000000	0.000000
0.000000	0.000000	-0.000001	0.000000	0.000000	0.000000	0.000000
0.000000	0.000000	0.000764	0.000000	0.000000	0.000000	0.000000
0.000000	0.000000	0.000086	0.000000	0.000000	0.000000	0.000000
0.000000	0.000000	0.000008	0.000000	0.000000	0.000000	0.000000
0.000000	0.000000	-0.000015	0.000000	0.000000	0.000000	0.000000
0.000000	0.000000	0.000001	0.000000	0.000000	0.000000	0.000000
0.000000	0.000000	0.000010	0.000000	0.000000	0.000000	0.000000
0.000000	0.000000	0.000002	0.000000	0.000000	0.000000	0.000000
0.000000	0.000000	0.000001	0.000000	0.000000	0.000000	0.000000
0.000000	0.000000	0.000003	0.000000	0.000000	0.000000	0.000000
0.000000	0.000000	-0.000003	0.000000	0.000000	0.000000	0.000000
0.000000	0.000000	-0.000001	0.000000	0.000000	0.000000	0.000000
0.000000	0.000000	0.000007	0.000000	0.000000	0.000000	0.000000
0.000000	0.000000	0.000002	0.000000	0.000000	0.000000	0.000000
0.000000	0.000000	0.000049	0.000000	0.000000	0.000000	0.000000
0.000000	0.000000	0.000693	0.000000	0.000000	0.000000	0.000000
0.000000	0.000000	0.000010	0.000000	0.000000	0.000000	0.000000
0.000000	0.000000	0.000009	0.000000	0.000000	0.000000	0.000000
0.000000	0.000000	0.000133	0.000000	0.000000	0.000000	0.000000
0.000000	0.000000	0.000007	0.000000	0.000000	0.000000	0.000000
0.000000	0.000000	0.000013	0.000000	0.000000	0.000000	0.000000
0.000000	0.000000	0.000138	0.000000	0.000000	0.000000	0.000000
0.000000	0.000000	0.000041	0.000000	0.000000	0.000000	0.000000
0.000000	0.000000	0.000022	0.000000	0.000000	0.000000	0.000000
0.000000	0.000000	-0.000002	0.000000	0.000000	0.000000	0.000000
0.000000	0.000000	0.000010	0.000000	0.000000	0.000000	0.000000
0.000000	0.000000	-0.000001	0.000000	0.000000	0.000000	0.000000
0.000000	0.000000	0.000002	0.000000	0.000000	0.000000	0.000000
0.000000	0.000000	-0.000000	0.000000	0.000000	0.000000	0.000000
0.000000	0.000000	0.000513	0.000000	0.000000	0.000000	0.000000
0.000000	0.000000	0.000357	0.000000	0.000000	0.000000	0.000000
0.000000	0.000000	-0.000001	0.000000	0.000000	0.000000	0.000000
0.000000	0.000000	0.000112	0.000000	0.000000	0.000000	0.000000
0.000000	0.000000	0.000001	0.000000	0.000000	0.000000	0.000000
0.000000	0.000000	0.000001	0.000000	0.000000	0.000000	0.000000
0.000000	0.000000	0.000704	0.000000	0.000000	0.000000	0.000000
0.000000	0.000000	0.000759	0.000000	0.000000	0.000000	0.000000
0.000000	0.000000	0.000003	0.000000	0.000000	0.000000	0.000000
0.000000	0.000000	0.000000	0.000000	0.000000	0.000000	0.000000
0.000000	0.000000	-0.000004	0.000000	0.000000	0.000000	0.000000
0.000000	0.000000	0.000000	0.000000	0.000000	0.000000	0.000000
0.000000	0.000000	0.000002	0.000000	0.000000	0.000000	0.000000
0.000000	0.000000	0.000003	0.000000	0.000000	0.000000	0.000000
0.000000	0.000000	0.000073	0.000000	0.000000	0.000000	0.000000
0.000000	0.000000	-0.000005	0.000000	0.000000	0.000000	0.000000
0.000000	0.000000	0.000000	0.000000	0.000000	0.000000	0.000000
0.000000	0.000000	0.000002	0.000000	0.000000	0.000000	0.000000
0.000000	0.000000	0.000003	0.000000	0.000000	0.000000	0.000000
0.000000	0.000000	0.000162	0.000000	0.000000	0.000000	0.000000
0.000000	0.000000	0.000004	0.000000	0.000000	0.000000	0.000000
0.000000	0.000000	0.000002	0.000000	0.000000	0.000000	0.000000
0.000000	0.000000	-0.000029	0.000000	0.000000	0.000000	0.000000
0.000000	0.000000	0.000016	0.000000	0.000000	0.000000	0.000000
0.000000	0.000000	0.000008	0.000000	0.000000	0.000000	0.000000
0.000000	0.000000	-0.000007	0.000000	0.000000	0.000000	0.000000
0.000000	0.000000	0.000000	0.000000	0.000000	0.000000	0.000000
0.000000	0.000000	0.000096	0.000000	0.000000	0.000000	0.000000
0.000000	0.000000	-0.000001	0.000000	0.000000	0.000000	0.000000
0.000000	0.000000	0.000005	0.000000	0.000000	0.000000	0.000000
0.000000	0.000000	0.000000	0.000000	0.000000	0.000000	0.000000
0.000000	0.000000	0.000006	0.000000	0.000000	0.000000	0.000000
0.000000	0.000000	-0.000002	0.000000	0.000000	0.000000	0.000000
0.000000	0.000000	0.000021	0.000000	0.000000	0.000000	0.000000
0.000000	0.000000	0.000724	0.000000	0.000000	0.000000	0.000000
0.000000	0.000000	0.000000	0.000000	0.000000	0.000000	0.000000
0.000000	0.000000	-0.000000	0.000000	0.000000	0.000000	0.000000
0.000000	0.000000	0.000001	0.000000	0.000000	0.000000	0.000000
0.000000	0.000000	0.000001	0.000000	0.000000	0.000000	0.000000
0.000000	0.000000	0.000022	0.000000	0.000000	0.000000	0.000000
0.000000	0.000000	0.000201	0.000000	0.000000	0.000000	0.000000
0.000000	0.000000	0.000021	0.000000	0.000000	0.000000	0.000000
0.000000	0.000000	0.000422	0.000000	0.000000	0.000000	0.000000
0.000000	0.000000	0.000003	0.000000	0.000000	0.000000	0.000000
0.000000	0.000000	0.000002	0.000000	0.000000	0.000000	0.000000
0.000000	0.000000	-0.000000	0.000000	0.000000	0.000000	0.000000
0.000000	0.000000	-0.000001	0.000000	0.000000	0.000000	0.000000
0.000000	0.000000	0.000024	0.000000	0.000000	0.000000	0.000000
0.000000	0.000000	0.000002	0.000000	0.000000	0.000000	0.000000
0.000000	0.000000	-0.000001	0.000000	0.000000	0.000000	0.000000
0.000000	0.000000	-0.000003	0.000000	0.000000	0.000000	0.000000
0.000000	0.000000	0.000593	0.000000	0.000000	0.000000	0.000000
0.000000	0.000000	0.000000	0.000000	0.000000	0.000000	0.000000
0.000000	0.000000	0.000012	0.000000	0.000000	0.000000	0.000000
0.000000	0.000000	0.000002	0.000000	0.000000	0.000000	0.000000
0.000000	0.000000	0.000010	0.000000	0.000000	0.000000	0.000000
0.000000	0.000000	0.000002	0.000000	0.000000	0.000000	0.000000
0.000000	0.000000	-0.000000	0.000000	0.000000	0.000000	0.000000
0.000000	0.000000	0.000003	0.000000	0.000000	0.000000	0.000000
0.000000	0.000000	0.000094	0.000000	0.000000	0.000000	0.000000
0.000000	0.000000	0.000001	0.000000	0.000000	0.000000	0.000000
0.000000	0.000000	0.000045	0.000000	0.000000	0.000000	0.000000
0.000000	0.000000	0.000003	0.000000	0.000000	0.000000	0.000000
0.000000	0.000000	0.000408	0.000000	0.000000	0.000000	0.000000
0.000000	0.000000	-0.000001	0.000000	0.000000	0.000000	0.000000
0.000000	0.000000	0.000000	0.000000	0.000000	0.000000	0.000000
0.000000	0.000000	0.000001	0.000000	0.000000	0.000000	0.000000
0.000000	0.000000	0.000005	0.000000	0.000000	0.000000	0.000000
0.000000	0.000000	0.000017	0.000000	0.000000	0.000000	0.000000
0.000000	0.000000	0.000102	0.000000	0.000000	0.000000	0.000000
0.000000	0.000000	0.000144	0.000000	0.000000	0.000000	0.000000
0.000000	0.000000	0.000174	0.000000	0.000000	0.000000	0.000000
0.000000	0.000000	-0.000004	0.000000	0.000000	0.000000	0.000000
0.000000	0.000000	-0.000001	0.000000	0.000000	0.000000	0.000000
0.000000	0.000000	0.000009	0.000000	0.000000	0.000000	0.000000
0.000000	0.000000	0.000025	0.000000	0.000000	0.000000	0.000000
0.000000	0.000000	0.000039	0.000000	0.000000	0.000000	0.000000
0.000000	0.000000	0.000940	0.000000	0.000000	0.000000	0.000000
0.000000	0.000000	-0.000010	0.000000	0.000000	0.000000	0.000000
0.000000	0.000000	-0.000001	0.000000	0.000000	0.000000	0.000000
0.000000	0.000000	0.000045	0.000000	0.000000	0.000000	0.000000
0.000000	0.000000	0.000003	0.000000	0.000000	0.000000	0.000000
0.000000	0.000000	0.000005	0.000000	0.000000	0.000000	0.000000
0.000000	0.000000	0.000004	0.000000	0.000000	0.000000	0.000000
0.000000	0.000000	0.000100	0.000000	0.000000	0.000000	0.000000
0.000000	0.000000	0.000027	0.000000	0.000000	0.000000	0.000000
0.000000	0.000000	-0.000002	0.000000	0.000000	0.000000	0.000000
0.000000	0.000000	0.000413	0.000000	0.000000	0.000000	0.000000
0.000000	0.000000	0.000124	0.000000	0.000000	0.000000	0.000000
0.000000	0.000000	-0.000054	0.000000	0.000000	0.000000	0.000000
0.000000	0.000000	0.000011	0.000000	0.000000	0.000000	0.000000
0.000000	0.000000	0.000789	0.000000	0.000000	0.000000	0.000000
0.000000	0.000000	0.000002	0.000000	0.000000	0.000000	0.000000
0.000000	0.000000	-0.000000	0.000000	0.000000	0.000000	0.000000
0.000000	0.000000	0.000076	0.000000	0.000000	0.000000	0.000000
0.000000	0.000000	0.000009	0.000000	0.000000	0.000000	0.000000
0.000000	0.000000	0.000413	0.000000	0.000000	0.000000	0.000000
0.000000	0.000000	0.000018	0.000000	0.000000	0.000000	0.000000
0.000000	0.000000	0.000014	0.000000	0.000000	0.000000	0.000000
0.000000	0.000000	0.000006	0.000000	0.000000	0.000000	0.000000
0.000000	0.000000	-0.000001	0.000000	0.000000	0.000000	0.000000
0.000000	0.000000	-0.000002	0.000000	0.000000	0.000000	0.000000
0.000000	0.000000	0.000244	0.000000	0.000000	0.000000	0.000000
0.000000	0.000000	-0.000000	0.000000	0.000000	0.000000	0.000000
0.000000	0.000000	-0.000000	0.000000	0.000000	0.000000	0.000000
0.000000	0.000000	0.000003	0.000000	0.000000	0.000000	0.000000
0.000000	0.000000	0.000460	0.000000	0.000000	0.000000	0.000000
0.000000	0.000000	-0.000022	0.000000	0.000000	0.000000	0.000000
0.000000	0.000000	0.000105	0.000000	0.000000	0.000000	0.000000
0.000000	0.000000	-0.000001	0.000000	0.000000	0.000000	0.000000
0.000000	0.000000	0.000183	0.000000	0.000000	0.000000	0.000000
0.000000	0.000000	0.000150	0.000000	0.000000	0.000000	0.000000
0.000000	0.000000	0.000141	0.000000	0.000000	0.000000	0.000000
0.000000	0.000000	0.000006	0.000000	0.000000	0.000000	0.000000
0.000000	0.000000	0.000013	0.000000	0.000000	0.000000	0.000000
0.000000	0.000000	0.000004	0.000000	0.000000	0.000000	0.000000
0.000000	0.000000	0.000072	0.000000	0.000000	0.000000	0.000000
0.000000	0.000000	0.000006	0.000000	0.000000	0.000000	0.000000
0.000000	0.000000	0.001546	0.000000	0.000000	0.000000	0.000000
0.000000	0.000000	-0.000007	0.000000	0.000000	0.000000	0.000000
0.000000	0.000000	0.000005	0.000000	0.000000	0.000000	0.000000
0.000000	0.000000	0.000020	0.000000	0.000000	0.000000	0.000000
0.000000	0.000000	0.000001	0.000000	0.000000	0.000000	0.000000
0.000000	0.000000	0.002789	0.000000	0.000000	0.000000	0.000000
0.000000	0.000000	0.000004	0.000000	0.000000	0.000000	0.000000
0.000000	0.000000	0.003700	0.000000	0.000000	0.000000	0.000000
0.000000	0.000000	0.000489	0.000000	0.000000	0.000000	0.000000
0.000000	0.000000	-0.000001	0.000000	0.000000	0.000000	0.000000
0.000000	0.000000	0.000034	0.000000	0.000000	0.000000	0.000000
0.000000	0.000000	-0.000001	0.000000	0.000000	0.000000	0.000000
0.000000	0.000000	-0.000001	0.000000	0.000000	0.000000	0.000000
0.000000	0.000000	0.000184	0.000000	0.000000	0.000000	0.000000
0.000000	0.000000	0.000003	0.000000	0.000000	0.000000	0.000000
0.000000	0.000000	0.000007	0.000000	0.000000	0.000000	0.000000
0.000000	0.000000	0.347176	0.000000	0.000000	0.000000	0.000000
0.000000	0.000000	-0.000001	0.000000	0.000000	0.000000	0.000000
0.000000	0.000000	0.000014	0.000000	0.000000	0.000000	0.000000
0.000000	0.000000	-0.000000	0.000000	0.000000	0.000000	0.000000
0.000000	0.000000	0.000156	0.000000	0.000000	0.000000	0.000000
0.000000	0.000000	-0.000001	0.000000	0.000000	0.000000	0.000000
0.000000	0.000000	0.000000	0.000000	0.000000	0.000000	0.000000
0.000000	0.000000	0.000039	0.000000	0.000000	0.000000	0.000000
0.000000	0.000000	0.000075	0.000000	0.000000	0.000000	0.000000
0.000000	0.000000	0.000002	0.000000	0.000000	0.000000	0.000000
0.000000	0.000000	0.000001	0.000000	0.000000	0.000000	0.000000
0.000000	0.000000	0.000010	0.000000	0.000000	0.000000	0.000000
0.000000	0.000000	0.000002	0.000000	0.000000	0.000000	0.000000
0.000000	0.000000	0.000005	0.000000	0.000000	0.000000	0.000000
0.000000	0.000000	0.000042	0.000000	0.000000	0.000000	0.000000
0.000000	0.000000	0.000006	0.000000	0.000000	0.000000	0.000000
0.000000	0.000000	0.000017	0.000000	0.000000	0.000000	0.000000
0.000000	0.000000	0.000003	0.000000	0.000000	0.000000	0.000000
0.000000	0.000000	0.000013	0.000000	0.000000	0.000000	0.000000
0.000000	0.000000	0.000864	0.000000	0.000000	0.000000	0.000000
0.000000	0.000000	0.003645	0.000000	0.000000	0.000000	0.000000
0.000000	0.000000	0.000003	0.000000	0.000000	0.000000	0.000000
0.000000	0.000000	0.000000	0.000000	0.000000	0.000000	0.000000
0.000000	0.000000	0.000003	0.000000	0.000000	0.000000	0.000000
0.000000	0.000000	0.000001	0.000000	0.000000	0.000000	0.000000
0.000000	0.000000	0.000002	0.000000	0.000000	0.000000	0.000000
0.000000	0.000000	0.000002	0.000000	0.000000	0.000000	0.000000
0.000000	0.000000	0.000001	0.000000	0.000000	0.000000	0.000000
0.000000	0.000000	0.000028	0.000000	0.000000	0.000000	0.000000
0.000000	0.000000	0.000003	0.000000	0.000000	0.000000	0.000000
0.000000	0.000000	0.000008	0.000000	0.000000	0.000000	0.000000
0.000000	0.000000	0.000003	0.000000	0.000000	0.000000	0.000000
0.000000	0.000000	0.000003	0.000000	0.000000	0.000000	0.000000
0.000000	0.000000	0.000039	0.000000	0.000000	0.000000	0.000000
0.000000	0.000000	0.000001	0.000000	0.000000	0.000000	0.000000
0.000000	0.000000	-0.000001	0.000000	0.000000	0.000000	0.000000
0.000000	0.000000	-0.000000	0.000000	0.000000	0.000000	0.000000
0.000000	0.000000	-0.000002	0.000000	0.000000	0.000000	0.000000
0.000000	0.000000	0.000040	0.000000	0.000000	0.000000	0.000000
0.000000	0.000000	-0.000008	0.000000	0.000000	0.000000	0.000000
0.000000	0.000000	0.000020	0.000000	0.000000	0.000000	0.000000
0.000000	0.000000	0.000004	0.000000	0.000000	0.000000	0.000000
0.000000	0.000000	0.000066	0.000000	0.000000	0.000000	0.000000
0.000000	0.000000	0.071699	0.000000	0.000000	0.000000	0.000000
0.000000	0.000000	0.000000	0.000000	0.000000	0.000000	0.000000
0.000000	0.000000	0.000003	0.000000	0.000000	0.000000	0.000000
0.000000	0.000000	0.000009	0.000000	0.000000	0.000000	0.000000
0.000000	0.000000	0.000147	0.000000	0.000000	0.000000	0.000000
0.000000	0.000000	0.000614	0.000000	0.000000	0.000000	0.000000
0.000000	0.000000	-0.000015	0.000000	0.000000	0.000000	0.000000
0.000000	0.000000	0.000017	0.000000	0.000000	0.000000	0.000000
0.000000	0.000000	-0.000008	0.000000	0.000000	0.000000	0.000000
0.000000	0.000000	-0.000001	0.000000	0.000000	0.000000	0.000000
0.000000	0.000000	0.000118	0.000000	0.000000	0.000000	0.000000
0.000000	0.000000	0.000001	0.000000	0.000000	0.000000	0.000000
0.000000	0.000000	0.000009	0.000000	0.000000	0.000000	0.000000
0.000000	0.000000	0.000005	0.000000	0.000000	0.000000	0.000000
0.000000	0.000000	0.000003	0.000000	0.000000	0.000000	0.000000
0.000000	0.000000	0.000056	0.000000	0.000000	0.000000	0.000000
0.000000	0.000000	0.000002	0.000000	0.000000	0.000000	0.000000
0.000000	0.000000	0.000008	0.000000	0.000000	0.000000	0.000000
0.000000	0.000000	0.000007	0.000000	0.000000	0.000000	0.000000
0.000000	0.000000	-0.000034	0.000000	0.000000	0.000000	0.000000
0.000000	0.000000	0.000038	0.000000	0.000000	0.000000	0.000000
0.000000	0.000000	0.000001	0.000000	0.000000	0.000000	0.000000
0.000000	0.000000	-0.000000	0.000000	0.000000	0.000000	0.000000
0.000000	0.000000	0.001475	0.000000	0.000000	0.000000	0.000000
0.000000	0.000000	0.000000	0.000000	0.000000	0.000000	0.000000
0.000000	0.000000	0.000003	0.000000	0.000000	0.000000	0.000000
0.000000	0.000000	0.000007	0.000000	0.000000	0.000000	0.000000
0.000000	0.000000	0.000000	0.000000	0.000000	0.000000	0.000000
0.000000	0.000000	0.000002	0.000000	0.000000	0.000000	0.000000
0.000000	0.000000	0.000075	0.000000	0.000000	0.000000	0.000000
0.000000	0.000000	0.000180	0.000000	0.000000	0.000000	0.000000
0.000000	0.000000	-0.000003	0.000000	0.000000	0.000000	0.000000
0.000000	0.000000	0.000001	0.000000	0.000000	0.000000	0.000000
0.000000	0.000000	-0.000002	0.000000	0.000000	0.000000	0.000000
0.000000	0.000000	0.000076	0.000000	0.000000	0.000000	0.000000
0.000000	0.000000	-0.000006	0.000000	0.000000	0.000000	0.000000
0.000000	0.000000	0.000035	0.000000	0.000000	0.000000	0.000000
0.000000	0.000000	0.000002	0.000000	0.000000	0.000000	0.000000
0.000000	0.000000	0.000005	0.000000	0.000000	0.000000	0.000000
0.000000	0.000000	0.000002	0.000000	0.000000	0.000000	0.000000
0.000000	0.000000	-0.000001	0.000000	0.000000	0.000000	0.000000
0.000000	0.000000	0.000010	0.000000	0.000000	0.000000	0.000000
0.000000	0.000000	0.000034	0.000000	0.000000	0.000000	0.000000
0.000000	0.000000	0.000004	0.000000	0.000000	0.000000	0.000000
0.000000	0.000000	0.000017	0.000000	0.000000	0.000000	0.000000
0.000000	0.000000	0.000009	0.000000	0.000000	0.000000	0.000000
0.000000	0.000000	0.000266	0.000000	0.000000	0.000000	0.000000
0.000000	0.000000	0.000050	0.000000	0.000000	0.000000	0.000000
0.000000	0.000000	-0.000005	0.000000	0.000000	0.000000	0.000000
0.000000	0.000000	0.000092	0.000000	0.000000	0.000000	0.000000
0.000000	0.000000	0.000002	0.000000	0.000000	0.000000	0.000000
0.000000	0.000000	-0.000005	0.000000	0.000000	0.000000	0.000000
0.000000	0.000000	0.000008	0.000000	0.000000	0.000000	0.000000
0.000000	0.000000	0.000000	0.000000	0.000000	0.000000	0.000000
0.000000	0.000000	0.001452	0.000000	0.000000	0.000000	0.000000
0.000000	0.000000	0.000013	0.000000	0.000000	0.000000	0.000000
0.000000	0.000000	-0.000001	0.000000	0.000000	0.000000	0.000000
0.000000	0.000000	-0.000013	0.000000	0.000000	0.000000	0.000000
0.000000	0.000000	0.000000	0.000000	0.000000	0.000000	0.000000
0.000000	0.000000	0.000003	0.000000	0.000000	0.000000	0.000000
0.000000	0.000000	0.000023	0.000000	0.000000	0.000000	0.000000
0.000000	0.000000	0.000003	0.000000	0.000000	0.000000	0.000000
0.000000	0.000000	-0.000004	0.000000	0.000000	0.000000	0.000000
0.000000	0.000000	0.000065	0.000000	0.000000	0.000000	0.000000
0.000000	0.000000	-0.000001	0.000000	0.000000	0.000000	0.000000
0.000000	0.000000	-0.000004	0.000000	0.000000	0.000000	0.000000
0.000000	0.000000	0.000140	0.000000	0.000000	0.000000	0.000000
0.000000	0.000000	-0.000006	0.000000	0.000000	0.000000	0.000000
0.000000	0.000000	0.000006	0.000000	0.000000	0.000000	0.000000
0.000000	0.000000	-0.000004	0.000000	0.000000	0.000000	0.000000
0.000000	0.000000	0.000000	0.000000	0.000000	0.000000	0.000000
0.000000	0.000000	0.000584	0.000000	0.000000	0.000000	0.000000
0.000000	0.000000	0.000002	0.000000	0.000000	0.000000	0.000000
0.000000	0.000000	0.000065	0.000000	0.000000	0.000000	0.000000
0.000000	0.000000	0.000021	0.000000	0.000000	0.000000	0.000000
0.000000	0.000000	0.001171	0.000000	0.000000	0.000000	0.000000
0.000000	0.000000	0.000002	0.000000	0.000000	0.000000	0.000000
0.000000	0.000000	-0.000006	0.000000	0.000000	0.000000	0.000000
0.000000	0.000000	-0.000004	0.000000	0.000000	0.000000	0.000000
0.000000	0.000000	0.000005	0.000000	0.000000	0.000000	0.000000
0.000000	0.000000	0.000021	0.000000	0.000000	0.000000	0.000000
0.000000	0.000000	0.000392	0.000000	0.000000	0.000000	0.000000
0.000000	0.000000	0.000007	0.000000	0.000000	0.000000	0.000000
0.000000	0.000000	0.000032	0.000000	0.000000	0.000000	0.000000
0.000000	0.000000	0.000000	0.000000	0.000000	0.000000	0.000000
0.000000	0.000000	-0.000008	0.000000	0.000000	0.000000	0.000000
0.000000	0.000000	-0.000000	0.000000	0.000000	0.000000	0.000000
0.000000	0.000000	0.000004	0.000000	0.000000	0.000000	0.000000
0.000000	0.000000	-0.000002	0.000000	0.000000	0.000000	0.000000
0.000000	0.000000	0.000067	0.000000	0.000000	0.000000	0.000000
0.000000	0.000000	0.000009	0.000000	0.000000	0.000000	0.000000
0.000000	0.000000	-0.000006	0.000000	0.000000	0.000000	0.000000
0.000000	0.000000	0.000000	0.000000	0.000000	0.000000	0.000000
0.000000	0.000000	0.000000	0.000000	0.000000	0.000000	0.000000
0.000000	0.000000	0.000060	0.000000	0.000000	0.000000	0.000000
0.000000	0.000000	0.000004	0.000000	0.000000	0.000000	0.000000
0.000000	0.000000	-0.000000	0.000000	0.000000	0.000000	0.000000
0.000000	0.000000	0.001000	0.000000	0.000000	0.000000	0.000000
0.000000	0.000000	0.000076	0.000000	0.000000	0.000000	0.000000
0.000000	0.000000	0.000011	0.000000	0.000000	0.000000	0.000000
0.000000	0.000000	-0.000002	0.000000	0.000000	0.000000	0.000000
0.000000	0.000000	-0.000000	0.000000	0.000000	0.000000	0.000000
0.000000	0.000000	0.000001	0.000000	0.000000	0.000000	0.000000
0.000000	0.000000	0.000033	0.000000	0.000000	0.000000	0.000000
0.000000	0.000000	0.000010	0.000000	0.000000	0.000000	0.000000
0.000000	0.000000	0.000031	0.000000	0.000000	0.000000	0.000000
0.000000	0.000000	0.000002	0.000000	0.000000	0.000000	0.000000
0.000000	0.000000	-0.000000	0.000000	0.000000	0.000000	0.000000
0.000000	0.000000	0.000007	0.000000	0.000000	0.000000	0.000000
0.000000	0.000000	-0.000024	0.000000	0.000000	0.000000	0.000000
0.000000	0.000000	0.000009	0.000000	0.000000	0.000000	0.000000
0.000000	0.000000	-0.000001	0.000000	0.000000	0.000000	0.000000
0.000000	0.000000	0.000637	0.000000	0.000000	0.000000	0.000000
0.000000	0.000000	0.000038	0.000000	0.000000	0.000000	0.000000
0.000000	0.000000	0.000008	0.000000	0.000000	0.000000	0.000000
0.000000	0.000000	0.000416	0.000000	0.000000	0.000000	0.000000
0.000000	0.000000	0.000003	0.000000	0.000000	0.000000	0.000000
0.000000	0.000000	0.000100	0.000000	0.000000	0.000000	0.000000
0.000000	0.000000	0.000002	0.000000	0.000000	0.000000	0.000000
0.000000	0.000000	-0.000001	0.000000	0.000000	0.000000	0.000000
0.000000	0.000000	0.000011	0.000000	0.000000	0.000000	0.000000
0.000000	0.000000	0.000058	0.000000	0.000000	0.000000	0.000000
0.000000	0.000000	-0.000000	0.000000	0.000000	0.000000	0.000000
0.000000	0.000000	0.000072	0.000000	0.000000	0.000000	0.000000
0.000000	0.000000	-0.000001	0.000000	0.000000	0.000000	0.000000
0.000000	0.000000	0.005356	0.000000	0.000000	0.000000	0.000000
0.000000	0.000000	0.000001	0.000000	0.000000	0.000000	0.000000
0.000000	0.000000	0.000018	0.000000	0.000000	0.000000	0.000000
0.000000	0.000000	0.000011	0.000000	0.000000	0.000000	0.000000
0.000000	0.000000	0.000005	0.000000	0.000000	0.000000	0.000000
0.000000	0.000000	0.000007	0.000000	0.000000	0.000000	0.000000
0.000000	0.000000	-0.000001	0.000000	0.000000	0.000000	0.000000
0.000000	0.000000	-0.000000	0.000000	0.000000	0.000000	0.000000
0.000000	0.000000	0.000006	0.000000	0.000000	0.000000	0.000000
0.000000	0.000000	0.000001	0.000000	0.000000	0.000000	0.000000
0.000000	0.000000	-0.000000	0.000000	0.000000	0.000000	0.000000
0.000000	0.000000	0.000024	0.000000	0.000000	0.000000	0.000000
0.000000	0.000000	0.000006	0.000000	0.000000	0.000000	0.000000
0.000000	0.000000	0.000793	0.000000	0.000000	0.000000	0.000000
0.000000	0.000000	0.000003	0.000000	0.000000	0.000000	0.000000
0.000000	0.000000	0.000047	0.000000	0.000000	0.000000	0.000000
0.000000	0.000000	0.913039	0.000000	0.000000	0.000000	0.000000
0.000000	0.000000	-0.000001	0.000000	0.000000	0.000000	0.000000
0.000000	0.000000	0.000001	0.000000	0.000000	0.000000	0.000000
0.000000	0.000000	0.000000	0.000000	0.000000	0.000000	0.000000
0.000000	0.000000	0.000022	0.000000	0.000000	0.000000	0.000000
0.000000	0.000000	0.000011	0.000000	0.000000	0.000000	0.000000
0.000000	0.000000	0.000193	0.000000	0.000000	0.000000	0.000000
0.000000	0.000000	0.000009	0.000000	0.000000	0.000000	0.000000
0.000000	0.000000	-0.000001	0.000000	0.000000	0.000000	0.000000
0.000000	0.000000	0.000091	0.000000	0.000000	0.000000	0.000000
0.000000	0.000000	-0.000002	0.000000	0.000000	0.000000	0.000000
0.000000	0.000000	0.000001	0.000000	0.000000	0.000000	0.000000
0.000000	0.000000	0.000004	0.000000	0.000000	0.000000	0.000000
0.000000	0.000000	0.003927	0.000000	0.000000	0.000000	0.000000
0.000000	0.000000	0.000017	0.000000	0.000000	0.000000	0.000000
0.000000	0.000000	0.000018	0.000000	0.000000	0.000000	0.000000
0.000000	0.000000	0.004343	0.000000	0.000000	0.000000	0.000000
0.000000	0.000000	0.000009	0.000000	0.000000	0.000000	0.000000
0.000000	0.000000	0.000001	0.000000	0.000000	0.000000	0.000000
0.000000	0.000000	0.000075	0.000000	0.000000	0.000000	0.000000
0.000000	0.000000	-0.000001	0.000000	0.000000	0.000000	0.000000
0.000000	0.000000	-0.000000	0.000000	0.000000	0.000000	0.000000
0.000000	0.000000	-0.000001	0.000000	0.000000	0.000000	0.000000
0.000000	0.000000	0.000735	0.000000	0.000000	0.000000	0.000000
0.000000	0.000000	0.000002	0.000000	0.000000	0.000000	0.000000
0.000000	0.000000	0.000126	0.000000	0.000000	0.000000	0.000000
0.000000	0.000000	0.000003	0.000000	0.000000	0.000000	0.000000
0.000000	0.000000	0.000649	0.000000	0.000000	0.000000	0.000000
0.000000	0.000000	-0.000002	0.000000	0.000000	0.000000	0.000000
0.000000	0.000000	0.000002	0.000000	0.000000	0.000000	0.000000
0.000000	0.000000	0.000004	0.000000	0.000000	0.000000	0.000000
0.000000	0.000000	0.000048	0.000000	0.000000	0.000000	0.000000
0.000000	0.000000	0.000033	0.000000	0.000000	0.000000	0.000000
0.000000	0.000000	0.000168	0.000000	0.000000	0.000000	0.000000
0.000000	0.000000	0.000036	0.000000	0.000000	0.000000	0.000000
0.000000	0.000000	0.000335	0.000000	0.000000	0.000000	0.000000
0.000000	0.000000	-0.000001	0.000000	0.000000	0.000000	0.000000
0.000000	0.000000	0.000071	0.000000	0.000000	0.000000	0.000000
0.000000	0.000000	0.044975	0.000000	0.000000	0.000000	0.000000
0.000000	0.000000	0.000032	0.000000	0.000000	0.000000	0.000000
0.000000	0.000000	-0.000000	0.000000	0.000000	0.000000	0.000000
0.000000	0.000000	0.000017	0.000000	0.000000	0.000000	0.000000
0.000000	0.000000	0.000092	0.000000	0.000000	0.000000	0.000000
0.000000	0.000000	0.000008	0.000000	0.000000	0.000000	0.000000
0.000000	0.000000	0.000419	0.000000	0.000000	0.000000	0.000000
0.000000	0.000000	0.000000	0.000000	0.000000	0.000000	0.000000
0.000000	0.000000	-0.000001	0.000000	0.000000	0.000000	0.000000
0.000000	0.000000	-0.000002	0.000000	0.000000	0.000000	0.000000
0.000000	0.000000	-0.000001	0.000000	0.000000	0.000000	0.000000
0.000000	0.000000	0.000003	0.000000	0.000000	0.000000	0.000000
0.000000	0.000000	0.000017	0.000000	0.000000	0.000000	0.000000
0.000000	0.000000	0.003268	0.000000	0.000000	0.000000	0.000000
0.000000	0.000000	-0.000020	0.000000	0.000000	0.000000	0.000000
0.000000	0.000000	0.000057	0.000000	0.000000	0.000000	0.000000
0.000000	0.000000	0.000315	0.000000	0.000000	0.000000	0.000000
0.000000	0.000000	0.000000	0.000000	0.000000	0.000000	0.000000
0.000000	0.000000	-0.000001	0.000000	0.000000	0.000000	0.000000
0.000000	0.000000	0.000006	0.000000	0.000000	0.000000	0.000000
0.000000	0.000000	-0.000001	0.000000	0.000000	0.000000	0.000000
0.000000	0.000000	0.000001	0.000000	0.000000	0.000000	0.000000
0.000000	0.000000	0.006796	0.000000	0.000000	0.000000	0.000000
0.000000	0.000000	0.964050	0.000000	0.000000	0.000000	0.000000
0.000000	0.000000	0.000124	0.000000	0.000000	0.000000	0.000000
0.000000	0.000000	0.000005	0.000000	0.000000	0.000000	0.000000
0.000000	0.000000	-0.000005	0.000000	0.000000	0.000000	0.000000
0.000000	0.000000	0.000409	0.000000	0.000000	0.000000	0.000000
0.000000	0.000000	0.000158	0.000000	0.000000	0.000000	0.000000
0.000000	0.000000	0.000027	0.000000	0.000000	0.000000	0.000000
0.000000	0.000000	0.000044	0.000000	0.000000	0.000000	0.000000
0.000000	0.000000	0.000006	0.000000	0.000000	0.000000	0.000000
0.000000	0.000000	0.000000	0.000000	0.000000	0.000000	0.000000
0.000000	0.000000	0.000030	0.000000	0.000000	0.000000	0.000000
0.000000	0.000000	0.000376	0.000000	0.000000	0.000000	0.000000
0.000000	0.000000	0.000021	0.000000	0.000000	0.000000	0.000000
0.000000	0.000000	-0.000004	0.000000	0.000000	0.000000	0.000000
0.000000	0.000000	0.000124	0.000000	0.000000	0.000000	0.000000
0.000000	0.000000	0.000594	0.000000	0.000000	0.000000	0.000000
0.000000	0.000000	-0.000002	0.000000	0.000000	0.000000	0.000000
0.000000	0.000000	0.000000	0.000000	0.000000	0.000000	0.000000
0.000000	0.000000	0.000001	0.000000	0.000000	0.000000	0.000000
0.000000	0.000000	0.000002	0.000000	0.000000	0.000000	0.000000
0.000000	0.000000	0.000012	0.000000	0.000000	0.000000	0.000000
0.000000	0.000000	-0.000000	0.000000	0.000000	0.000000	0.000000
0.000000	0.000000	-0.000001	0.000000	0.000000	0.000000	0.000000
0.000000	0.000000	0.000120	0.000000	0.000000	0.000000	0.000000
0.000000	0.000000	0.000006	0.000000	0.000000	0.000000	0.000000
0.000000	0.000000	0.000000	0.000000	0.000000	0.000000	0.000000
0.000000	0.000000	-0.000011	0.000000	0.000000	0.000000	0.000000
0.000000	0.000000	0.000001	0.000000	0.000000	0.000000	0.000000
0.000000	0.000000	0.000010	0.000000	0.000000	0.000000	0.000000
0.000000	0.000000	-0.000001	0.000000	0.000000	0.000000	0.000000
0.000000	0.000000	0.000004	0.000000	0.000000	0.000000	0.000000
0.000000	0.000000	0.003334	0.000000	0.000000	0.000000	0.000000
0.000000	0.000000	-0.000005	0.000000	0.000000	0.000000	0.000000
0.000000	0.000000	-0.000010	0.000000	0.000000	0.000000	0.000000
0.000000	0.000000	-0.000003	0.000000	0.000000	0.000000	0.000000
0.000000	0.000000	0.000003	0.000000	0.000000	0.000000	0.000000
0.000000	0.000000	-0.000004	0.000000	0.000000	0.000000	0.000000
0.000000	0.000000	0.000068	0.000000	0.000000	0.000000	0.000000
0.000000	0.000000	0.000005	0.000000	0.000000	0.000000	0.000000
0.000000	0.000000	-0.000000	0.000000	0.000000	0.000000	0.000000
0.000000	0.000000	0.000002	0.000000	0.000000	0.000000	0.000000
0.000000	0.000000	0.000015	0.000000	0.000000	0.000000	0.000000
0.000000	0.000000	0.000003	0.000000	0.000000	0.000000	0.000000
0.000000	0.000000	0.000001	0.000000	0.000000	0.000000	0.000000
0.000000	0.000000	0.000004	0.000000	0.000000	0.000000	0.000000
0.000000	0.000000	0.000005	0.000000	0.000000	0.000000	0.000000
0.000000	0.000000	0.000085	0.000000	0.000000	0.000000	0.000000
0.000000	0.000000	0.000001	0.000000	0.000000	0.000000	0.000000
0.000000	0.000000	0.004409	0.000000	0.000000	0.000000	0.000000
0.000000	0.000000	0.000003	0.000000	0.000000	0.000000	0.000000
0.000000	0.000000	0.000011	0.000000	0.000000	0.000000	0.000000
0.000000	0.000000	0.000014	0.000000	0.000000	0.000000	0.000000
0.000000	0.000000	0.000014	0.000000	0.000000	0.000000	0.000000
0.000000	0.000000	0.000074	0.000000	0.000000	0.000000	0.000000
0.000000	0.000000	0.000003	0.000000	0.000000	0.000000	0.000000
0.000000	0.000000	-0.000001	0.000000	0.000000	0.000000	0.000000
0.000000	0.000000	0.000144	0.000000	0.000000	0.000000	0.000000
0.000000	0.000000	0.000001	0.000000	0.000000	0.000000	0.000000
0.000000	0.000000	-0.000001	0.000000	0.000000	0.000000	0.000000
0.000000	0.000000	0.000000	0.000000	0.000000	0.000000	0.000000
0.000000	0.000000	0.000026	0.000000	0.000000	0.000000	0.000000
0.000000	0.000000	0.000065	0.000000	0.000000	0.000000	0.000000
0.000000	0.000000	0.000009	0.000000	0.000000	0.000000	0.000000
0.000000	0.000000	0.000002	0.000000	0.000000	0.000000	0.000000
0.000000	0.000000	0.000056	0.000000	0.000000	0.000000	0.000000
0.000000	0.000000	0.000001	0.000000	0.000000	0.000000	0.000000
0.000000	0.000000	0.000000	0.000000	0.000000	0.000000	0.000000
0.000000	0.000000	0.000009	0.000000	0.000000	0.000000	0.000000
0.000000	0.000000	0.000013	0.000000	0.000000	0.000000	0.000000
0.000000	0.000000	0.000002	0.000000	0.000000	0.000000	0.000000
0.000000	0.000000	-0.000000	0.000000	0.000000	0.000000	0.000000
0.000000	0.000000	0.000011	0.000000	0.000000	0.000000	0.000000
0.000000	0.000000	0.000003	0.000000	0.000000	0.000000	0.000000
0.000000	0.000000	-0.000003	0.000000	0.000000	0.000000	0.000000
0.000000	0.000000	-0.000001	0.000000	0.000000	0.000000	0.000000
0.000000	0.000000	0.000014	0.000000	0.000000	0.000000	0.000000
0.000000	0.000000	0.000017	0.000000	0.000000	0.000000	0.000000
0.000000	0.000000	0.000000	0.000000	0.000000	0.000000	0.000000
0.000000	0.000000	0.000005	0.000000	0.000000	0.000000	0.000000
0.000000	0.000000	0.000116	0.000000	0.000000	0.000000	0.000000
0.000000	0.000000	-0.000001	0.000000	0.000000	0.000000	0.000000
0.000000	0.000000	0.001020	0.000000	0.000000	0.000000	0.000000
0.000000	0.000000	0.001692	0.000000	0.000000	0.000000	0.000000
0.000000	0.000000	0.000000	0.000000	0.000000	0.000000	0.000000
0.000000	0.000000	0.000015	0.000000	0.000000	0.000000	0.000000
0.000000	0.000000	0.000161	0.000000	0.000000	0.000000	0.000000
0.000000	0.000000	-0.000002	0.000000	0.000000	0.000000	0.000000
0.000000	0.000000	0.745300	0.000000	0.000000	0.000000	0.000000
0.000000	0.000000	0.000051	0.000000	0.000000	0.000000	0.000000
0.000000	0.000000	0.611570	0.000000	0.000000	0.000000	0.000000
0.000000	0.000000	0.000189	0.000000	0.000000	0.000000	0.000000
0.000000	0.000000	-0.000004	0.000000	0.000000	0.000000	0.000000
0.000000	0.000000	0.000471	0.000000	0.000000	0.000000	0.000000
0.000000	0.000000	-0.000001	0.000000	0.000000	0.000000	0.000000
0.000000	0.000000	0.000008	0.000000	0.000000	0.000000	0.000000
0.000000	0.000000	0.000036	0.000000	0.000000	0.000000	0.000000
0.000000	0.000000	0.000207	0.000000	0.000000	0.000000	0.000000
0.000000	0.000000	-0.000010	0.000000	0.000000	0.000000	0.000000
0.000000	0.000000	0.000029	0.000000	0.000000	0.000000	0.000000
0.000000	0.000000	0.001607	0.000000	0.000000	0.000000	0.000000
0.000000	0.000000	0.000303	0.000000	0.000000	0.000000	0.000000
0.000000	0.000000	0.000012	0.000000	0.000000	0.000000	0.000000
0.000000	0.000000	0.000173	0.000000	0.000000	0.000000	0.000000
0.000000	0.000000	-0.000001	0.000000	0.000000	0.000000	0.000000
0.000000	0.000000	0.000006	0.000000	0.000000	0.000000	0.000000
0.000000	0.000000	0.000000	0.000000	0.000000	0.000000	0.000000
0.000000	0.000000	-0.000001	0.000000	0.000000	0.000000	0.000000
0.000000	0.000000	0.000657	0.000000	0.000000	0.000000	0.000000
0.000000	0.000000	0.000063	0.000000	0.000000	0.000000	0.000000
0.000000	0.000000	0.000002	0.000000	0.000000	0.000000	0.000000
0.000000	0.000000	0.000015	0.000000	0.000000	0.000000	0.000000
0.000000	0.000000	0.000073	0.000000	0.000000	0.000000	0.000000
0.000000	0.000000	0.000128	0.000000	0.000000	0.000000	0.000000
0.000000	0.000000	0.000010	0.000000	0.000000	0.000000	0.000000
0.000000	0.000000	0.000050	0.000000	0.000000	0.000000	0.000000
0.000000	0.000000	-0.000003	0.000000	0.000000	0.000000	0.000000
0.000000	0.000000	0.000019	0.000000	0.000000	0.000000	0.000000
0.000000	0.000000	0.000007	0.000000	0.000000	0.000000	0.000000
0.000000	0.000000	0.000000	0.000000	0.000000	0.000000	0.000000
0.000000	0.000000	0.000004	0.000000	0.000000	0.000000	0.000000
0.000000	0.000000	0.000010	0.000000	0.000000	0.000000	0.000000
0.000000	0.000000	-0.000003	0.000000	0.000000	0.000000	0.000000
0.000000	0.000000	0.000001	0.000000	0.000000	0.000000	0.000000
0.000000	0.000000	0.000001	0.000000	0.000000	0.000000	0.000000
0.000000	0.000000	0.000062	0.000000	0.000000	0.000000	0.000000
0.000000	0.000000	0.000007	0.000000	0.000000	0.000000	0.000000
0.000000	0.000000	0.010053	0.000000	0.000000	0.000000	0.000000
0.000000	0.000000	0.000182	0.000000	0.000000	0.000000	0.000000
0.000000	0.000000	-0.000021	0.000000	0.000000	0.000000	0.000000
0.000000	0.000000	0.000002	0.000000	0.000000	0.000000	0.000000
0.000000	0.000000	-0.000000	0.000000	0.000000	0.000000	0.000000
0.000000	0.000000	0.000028	0.000000	0.000000	0.000000	0.000000
0.000000	0.000000	0.000001	0.000000	0.000000	0.000000	0.000000
0.000000	0.000000	0.000000	0.000000	0.000000	0.000000	0.000000
0.000000	0.000000	0.000001	0.000000	0.000000	0.000000	0.000000
0.000000	0.000000	0.000090	0.000000	0.000000	0.000000	0.000000
0.000000	0.000000	0.000024	0.000000	0.000000	0.000000	0.000000
0.000000	0.000000	-0.000000	0.000000	0.000000	0.000000	0.000000
0.000000	0.000000	0.000002	0.000000	0.000000	0.000000	0.000000
0.000000	0.000000	-0.000039	0.000000	0.000000	0.000000	0.000000
0.000000	0.000000	-0.000001	0.000000	0.000000	0.000000	0.000000
0.000000	0.000000	0.000006	0.000000	0.000000	0.000000	0.000000
0.000000	0.000000	0.000126	0.000000	0.000000	0.000000	0.000000
0.000000	0.000000	-0.000000	0.000000	0.000000	0.000000	0.000000
0.000000	0.000000	0.000039	0.000000	0.000000	0.000000	0.000000
0.000000	0.000000	0.000002	0.000000	0.000000	0.000000	0.000000
0.000000	0.000000	0.000005	0.000000	0.000000	0.000000	0.000000
0.000000	0.000000	0.000128	0.000000	0.000000	0.000000	0.000000
0.000000	0.000000	0.000048	0.000000	0.000000	0.000000	0.000000
0.000000	0.000000	-0.000001	0.000000	0.000000	0.000000	0.000000
0.000000	0.000000	0.000002	0.000000	0.000000	0.000000	0.000000
0.000000	0.000000	0.000004	0.000000	0.000000	0.000000	0.000000
0.000000	0.000000	0.000017	0.000000	0.000000	0.000000	0.000000
0.000000	0.000000	0.000006	0.000000	0.000000	0.000000	0.000000
0.000000	0.000000	-0.000001	0.000000	0.000000	0.000000	0.000000
0.000000	0.000000	-0.000000	0.000000	0.000000	0.000000	0.000000
0.000000	0.000000	0.000003	0.000000	0.000000	0.000000	0.000000
0.000000	0.000000	-0.000000	0.000000	0.000000	0.000000	0.000000
0.000000	0.000000	0.000001	0.000000	0.000000	0.000000	0.000000
0.000000	0.000000	0.000001	0.000000	0.000000	0.000000	0.000000
0.000000	0.000000	0.000153	0.000000	0.000000	0.000000	0.000000
0.000000	0.000000	-0.000001	0.000000	0.000000	0.000000	0.000000
0.000000	0.000000	-0.000004	0.000000	0.000000	0.000000	0.000000
0.000000	0.000000	-0.000001	0.000000	0.000000	0.000000	0.000000
0.000000	0.000000	0.000384	0.000000	0.000000	0.000000	0.000000
0.000000	0.000000	-0.000001	0.000000	0.000000	0.000000	0.000000
0.000000	0.000000	0.000847	0.000000	0.000000	0.000000	0.000000
0.000000	0.000000	0.000248	0.000000	0.000000	0.000000	0.000000
0.000000	0.000000	0.000368	0.000000	0.000000	0.000000	0.000000
0.000000	0.000000	0.000006	0.000000	0.000000	0.000000	0.000000
0.000000	0.000000	-0.000002	0.000000	0.000000	0.000000	0.000000
0.000000	0.000000	-0.000002	0.000000	0.000000	0.000000	0.000000
0.000000	0.000000	-0.000000	0.000000	0.000000	0.000000	0.000000
0.000000	0.000000	0.000067	0.000000	0.000000	0.000000	0.000000
0.000000	0.000000	0.000005	0.000000	0.000000	0.000000	0.000000
0.000000	0.000000	-0.000000	0.000000	0.000000	0.000000	0.000000
0.000000	0.000000	0.000003	0.000000	0.000000	0.000000	0.000000
0.000000	0.000000	0.000003	0.000000	0.000000	0.000000	0.000000
0.000000	0.000000	0.000010	0.000000	0.000000	0.000000	0.000000
0.000000	0.000000	-0.000001	0.000000	0.000000	0.000000	0.000000
0.000000	0.000000	0.000001	0.000000	0.000000	0.000000	0.000000
0.000000	0.000000	0.000196	0.000000	0.000000	0.000000	0.000000
0.000000	0.000000	0.000012	0.000000	0.000000	0.000000	0.000000
0.000000	0.000000	0.000001	0.000000	0.000000	0.000000	0.000000
0.000000	0.000000	0.000011	0.000000	0.000000	0.000000	0.000000
0.000000	0.000000	-0.000001	0.000000	0.000000	0.000000	0.000000
0.000000	0.000000	-0.000002	0.000000	0.000000	0.000000	0.000000
0.000000	0.000000	0.000282	0.000000	0.000000	0.000000	0.000000
0.000000	0.000000	0.000037	0.000000	0.000000	0.000000	0.000000
0.000000	0.000000	-0.000001	0.000000	0.000000	0.000000	0.000000
0.000000	0.000000	0.000099	0.000000	0.000000	0.000000	0.000000
0.000000	0.000000	0.000014	0.000000	0.000000	0.000000	0.000000
0.000000	0.000000	0.000001	0.000000	0.000000	0.000000	0.000000
0.000000	0.000000	0.000402	0.000000	0.000000	0.000000	0.000000
0.000000	0.000000	0.015891	0.000000	0.000000	0.000000	0.000000
0.000000	0.000000	-0.000003	0.000000	0.000000	0.000000	0.000000
0.000000	0.000000	0.000008	0.000000	0.000000	0.000000	0.000000
0.000000	0.000000	0.006983	0.000000	0.000000	0.000000	0.000000
0.000000	0.000000	0.000000	0.000000	0.000000	0.000000	0.000000
0.000000	0.000000	-0.000001	0.000000	0.000000	0.000000	0.000000
0.000000	0.000000	0.018396	0.000000	0.000000	0.000000	0.000000
0.000000	0.000000	-0.000004	0.000000	0.000000	0.000000	0.000000
0.000000	0.000000	0.000149	0.000000	0.000000	0.000000	0.000000
0.000000	0.000000	0.000040	0.000000	0.000000	0.000000	0.000000
0.000000	0.000000	0.000006	0.000000	0.000000	0.000000	0.000000
0.000000	0.000000	0.000001	0.000000	0.000000	0.000000	0.000000
0.000000	0.000000	0.000005	0.000000	0.000000	0.000000	0.000000
0.000000	0.000000	-0.000007	0.000000	0.000000	0.000000	0.000000
0.000000	0.000000	0.000039	0.000000	0.000000	0.000000	0.000000
0.000000	0.000000	0.000001	0.000000	0.000000	0.000000	0.000000
0.000000	0.000000	-0.000001	0.000000	0.000000	0.000000	0.000000
0.000000	0.000000	0.000007	0.000000	0.000000	0.000000	0.000000
0.000000	0.000000	0.000001	0.000000	0.000000	0.000000	0.000000
0.000000	0.000000	0.056577	0.000000	0.000000	0.000000	0.000000
0.000000	0.000000	0.003960	0.000000	0.000000	0.000000	0.000000
0.000000	0.000000	0.000028	0.000000	0.000000	0.000000	0.000000
0.000000	0.000000	0.000079	0.000000	0.000000	0.000000	0.000000
0.000000	0.000000	0.000079	0.000000	0.000000	0.000000	0.000000
0.000000	0.000000	0.000029	0.000000	0.000000	0.000000	0.000000
0.000000	0.000000	0.000080	0.000000	0.000000	0.000000	0.000000
0.000000	0.000000	0.000010	0.000000	0.000000	0.000000	0.000000
0.000000	0.000000	-0.000004	0.000000	0.000000	0.000000	0.000000
0.000000	0.000000	0.000010	0.000000	0.000000	0.000000	0.000000
0.000000	0.000000	-0.000006	0.000000	0.000000	0.000000	0.000000
0.000000	0.000000	0.000049	0.000000	0.000000	0.000000	0.000000
0.000000	0.000000	0.000014	0.000000	0.000000	0.000000	0.000000
0.000000	0.000000	0.000093	0.000000	0.000000	0.000000	0.000000
0.000000	0.000000	0.000004	0.000000	0.000000	0.000000	0.000000
0.000000	0.000000	-0.000003	0.000000	0.000000	0.000000	0.000000
0.000000	0.000000	0.000027	0.000000	0.000000	0.000000	0.000000
0.000000	0.000000	0.000003	0.000000	0.000000	0.000000	0.000000
0.000000	0.000000	-0.000001	0.000000	0.000000	0.000000	0.000000
0.000000	0.000000	0.000000	0.000000	0.000000	0.000000	0.000000
0.000000	0.000000	0.000045	0.000000	0.000000	0.000000	0.000000
0.000000	0.000000	-0.000001	0.000000	0.000000	0.000000	0.000000
0.000000	0.000000	-0.000002	0.000000	0.000000	0.000000	0.000000
0.000000	0.000000	0.000003	0.000000	0.000000	0.000000	0.000000
0.000000	0.000000	0.000006	0.000000	0.000000	0.000000	0.000000
0.000000	0.000000	0.000004	0.000000	0.000000	0.000000	0.000000
0.000000	0.000000	0.000003	0.000000	0.000000	0.000000	0.000000
0.000000	0.000000	0.000006	0.000000	0.000000	0.000000	0.000000
0.000000	0.000000	0.000010	0.000000	0.000000	0.000000	0.000000
0.000000	0.000000	0.000003	0.000000	0.000000	0.000000	0.000000
0.000000	0.000000	0.000003	0.000000	0.000000	0.000000	0.000000
0.000000	0.000000	0.000000	0.000000	0.000000	0.000000	0.000000
0.000000	0.000000	0.000006	0.000000	0.000000	0.000000	0.000000
0.000000	0.000000	0.000021	0.000000	0.000000	0.000000	0.000000
0.000000	0.000000	-0.000001	0.000000	0.000000	0.000000	0.000000
0.000000	0.000000	0.000016	0.000000	0.000000	0.000000	0.000000
0.000000	0.000000	0.000003	0.000000	0.000000	0.000000	0.000000
0.000000	0.000000	-0.000056	0.000000	0.000000	0.000000	0.000000
0.000000	0.000000	0.000002	0.000000	0.000000	0.000000	0.000000
0.000000	0.000000	-0.000002	0.000000	0.000000	0.000000	0.000000
0.000000	0.000000	0.000064	0.000000	0.000000	0.000000	0.000000
0.000000	0.000000	-0.000001	0.000000	0.000000	0.000000	0.000000
0.000000	0.000000	-0.000001	0.000000	0.000000	0.000000	0.000000
0.000000	0.000000	-0.000000	0.000000	0.000000	0.000000	0.000000
0.000000	0.000000	0.000004	0.000000	0.000000	0.000000	0.000000
0.000000	0.000000	0.000001	0.000000	0.000000	0.000000	0.000000
0.000000	0.000000	0.000000	0.000000	0.000000	0.000000	0.000000
0.000000	0.000000	0.000138	0.000000	0.000000	0.000000	0.000000
0.000000	0.000000	0.000002	0.000000	0.000000	0.000000	0.000000
0.000000	0.000000	0.001170	0.000000	0.000000	0.000000	0.000000
0.000000	0.000000	0.000484	0.000000	0.000000	0.000000	0.000000
0.000000	0.000000	0.000009	0.000000	0.000000	0.000000	0.000000
0.000000	0.000000	0.002133	0.000000	0.000000	0.000000	0.000000
0.000000	0.000000	0.004264	0.000000	0.000000	0.000000	0.000000
0.000000	0.000000	-0.000001	0.000000	0.000000	0.000000	0.000000
0.000000	0.000000	0.000007	0.000000	0.000000	0.000000	0.000000
0.000000	0.000000	0.000004	0.000000	0.000000	0.000000	0.000000
0.000000	0.000000	-0.000000	0.000000	0.000000	0.000000	0.000000
0.000000	0.000000	0.001004	0.000000	0.000000	0.000000	0.000000
0.000000	0.000000	0.000004	0.000000	0.000000	0.000000	0.000000
0.000000	0.000000	0.000005	0.000000	0.000000	0.000000	0.000000
0.000000	0.000000	0.000005	0.000000	0.000000	0.000000	0.000000
0.000000	0.000000	0.000002	0.000000	0.000000	0.000000	0.000000
0.000000	0.000000	0.000134	0.000000	0.000000	0.000000	0.000000
0.000000	0.000000	0.000005	0.000000	0.000000	0.000000	0.000000
0.000000	0.000000	-0.000001	0.000000	0.000000	0.000000	0.000000
0.000000	0.000000	0.000079	0.000000	0.000000	0.000000	0.000000
0.000000	0.000000	0.000000	0.000000	0.000000	0.000000	0.000000
0.000000	0.000000	0.000000	0.000000	0.000000	0.000000	0.000000
0.000000	0.000000	0.000340	0.000000	0.000000	0.000000	0.000000
0.000000	0.000000	0.000006	0.000000	0.000000	0.000000	0.000000
0.000000	0.000000	0.000001	0.000000	0.000000	0.000000	0.000000
0.000000	0.000000	0.000001	0.000000	0.000000	0.000000	0.000000
0.000000	0.000000	-0.000001	0.000000	0.000000	0.000000	0.000000
0.000000	0.000000	-0.000002	0.000000	0.000000	0.000000	0.000000
0.000000	0.000000	0.000004	0.000000	0.000000	0.000000	0.000000
0.000000	0.000000	0.001178	0.000000	0.000000	0.000000	0.000000
0.000000	0.000000	0.000001	0.000000	0.000000	0.000000	0.000000
0.000000	0.000000	0.000007	0.000000	0.000000	0.000000	0.000000
0.000000	0.000000	0.000028	0.000000	0.000000	0.000000	0.000000
0.000000	0.000000	-0.000005	0.000000	0.000000	0.000000	0.000000
0.000000	0.000000	0.000008	0.000000	0.000000	0.000000	0.000000
0.000000	0.000000	0.809819	0.000000	0.000000	0.000000	0.000000
0.000000	0.000000	0.001024	0.000000	0.000000	0.000000	0.000000
0.000000	0.000000	0.000002	0.000000	0.000000	0.000000	0.000000
0.000000	0.000000	0.000001	0.000000	0.000000	0.000000	0.000000
0.000000	0.000000	0.000001	0.000000	0.000000	0.000000	0.000000
0.000000	0.000000	0.000001	0.000000	0.000000	0.000000	0.000000
0.000000	0.000000	0.000000	0.000000	0.000000	0.000000	0.000000
0.000000	0.000000	-0.000008	0.000000	0.000000	0.000000	0.000000
0.000000	0.000000	0.000010	0.000000	0.000000	0.000000	0.000000
0.000000	0.000000	0.000009	0.000000	0.000000	0.000000	0.000000
0.000000	0.000000	0.000010	0.000000	0.000000	0.000000	0.000000
0.000000	0.000000	0.000003	0.000000	0.000000	0.000000	0.000000
0.000000	0.000000	-0.000002	0.000000	0.000000	0.000000	0.000000
0.000000	0.000000	0.000004	0.000000	0.000000	0.000000	0.000000
0.000000	0.000000	0.000008	0.000000	0.000000	0.000000	0.000000
0.000000	0.000000	0.000177	0.000000	0.000000	0.000000	0.000000
0.000000	0.000000	0.000001	0.000000	0.000000	0.000000	0.000000
0.000000	0.000000	-0.000001	0.000000	0.000000	0.000000	0.000000
0.000000	0.000000	0.000001	0.000000	0.000000	0.000000	0.000000
0.000000	0.000000	0.000015	0.000000	0.000000	0.000000	0.000000
0.000000	0.000000	0.000004	0.000000	0.000000	0.000000	0.000000
0.000000	0.000000	0.000015	0.000000	0.000000	0.000000	0.000000
0.000000	0.000000	0.000043	0.000000	0.000000	0.000000	0.000000
0.000000	0.000000	0.000004	0.000000	0.000000	0.000000	0.000000
0.000000	0.000000	-0.000001	0.000000	0.000000	0.000000	0.000000
0.000000	0.000000	0.000001	0.000000	0.000000	0.000000	0.000000
0.000000	0.000000	0.000115	0.000000	0.000000	0.000000	0.000000
0.000000	0.000000	0.000612	0.000000	0.000000	0.000000	0.000000
0.000000	0.000000	0.001925	0.000000	0.000000	0.000000	0.000000
0.000000	0.000000	0.000032	0.000000	0.000000	0.000000	0.000000
0.000000	0.000000	0.000378	0.000000	0.000000	0.000000	0.000000
0.000000	0.000000	0.000001	0.000000	0.000000	0.000000	0.000000
0.000000	0.000000	-0.000000	0.000000	0.000000	0.000000	0.000000
0.000000	0.000000	0.000005	0.000000	0.000000	0.000000	0.000000
0.000000	0.000000	0.000035	0.000000	0.000000	0.000000	0.000000
0.000000	0.000000	0.000001	0.000000	0.000000	0.000000	0.000000
0.000000	0.000000	0.000004	0.000000	0.000000	0.000000	0.000000
0.000000	0.000000	0.000002	0.000000	0.000000	0.000000	0.000000
0.000000	0.000000	0.000074	0.000000	0.000000	0.000000	0.000000
0.000000	0.000000	0.000237	0.000000	0.000000	0.000000	0.000000
0.000000	0.000000	-0.000001	0.000000	0.000000	0.000000	0.000000
0.000000	0.000000	0.000056	0.000000	0.000000	0.000000	0.000000
0.000000	0.000000	0.000001	0.000000	0.000000	0.000000	0.000000
0.000000	0.000000	0.000012	0.000000	0.000000	0.000000	0.000000
0.000000	0.000000	-0.000002	0.000000	0.000000	0.000000	0.000000
0.000000	0.000000	0.000003	0.000000	0.000000	0.000000	0.000000
0.000000	0.000000	0.000003	0.000000	0.000000	0.000000	0.000000
0.000000	0.000000	-0.000000	0.000000	0.000000	0.000000	0.000000
0.000000	0.000000	0.000026	0.000000	0.000000	0.000000	0.000000
0.000000	0.000000	0.000002	0.000000	0.000000	0.000000	0.000000
0.000000	0.000000	-0.000000	0.000000	0.000000	0.000000	0.000000
0.000000	0.000000	-0.000001	0.000000	0.000000	0.000000	0.000000
0.000000	0.000000	0.000003	0.000000	0.000000	0.000000	0.000000
0.000000	0.000000	0.000018	0.000000	0.000000	0.000000	0.000000
0.000000	0.000000	0.001685	0.000000	0.000000	0.000000	0.000000
0.000000	0.000000	0.000004	0.000000	0.000000	0.000000	0.000000
0.000000	0.000000	0.000009	0.000000	0.000000	0.000000	0.000000
0.000000	0.000000	0.953926	0.000000	0.000000	0.000000	0.000000
0.000000	0.000000	-0.000000	0.000000	0.000000	0.000000	0.000000
0.000000	0.000000	0.000005	0.000000	0.000000	0.000000	0.000000
0.000000	0.000000	0.000010	0.000000	0.000000	0.000000	0.000000
0.000000	0.000000	-0.000000	0.000000	0.000000	0.000000	0.000000
0.000000	0.000000	-0.000059	0.000000	0.000000	0.000000	0.000000
0.000000	0.000000	-0.000011	0.000000	0.000000	0.000000	0.000000
0.000000	0.000000	-0.000004	0.000000	0.000000	0.000000	0.000000
0.000000	0.000000	0.007445	0.000000	0.000000	0.000000	0.000000
0.000000	0.000000	0.000043	0.000000	0.000000	0.000000	0.000000
0.000000	0.000000	0.000780	0.000000	0.000000	0.000000	0.000000
0.000000	0.000000	-0.000001	0.000000	0.000000	0.000000	0.000000
0.000000	0.000000	0.000004	0.000000	0.000000	0.000000	0.000000
0.000000	0.000000	0.000022	0.000000	0.000000	0.000000	0.000000
0.000000	0.000000	0.000004	0.000000	0.000000	0.000000	0.000000
0.000000	0.000000	0.008076	0.000000	0.000000	0.000000	0.000000
0.000000	0.000000	0.000046	0.000000	0.000000	0.000000	0.000000
0.000000	0.000000	0.000002	0.000000	0.000000	0.000000	0.000000
0.000000	0.000000	0.000261	0.000000	0.000000	0.000000	0.000000
0.000000	0.000000	-0.000001	0.000000	0.000000	0.000000	0.000000
0.000000	0.000000	0.000044	0.000000	0.000000	0.000000	0.000000
0.000000	0.000000	0.000089	0.000000	0.000000	0.000000	0.000000
0.000000	0.000000	0.000004	0.000000	0.000000	0.000000	0.000000
0.000000	0.000000	0.000140	0.000000	0.000000	0.000000	0.000000
0.000000	0.000000	0.000003	0.000000	0.000000	0.000000	0.000000
0.000000	0.000000	0.000000	0.000000	0.000000	0.000000	0.000000
0.000000	0.000000	0.899351	0.000000	0.000000	0.000000	0.000000
0.000000	0.000000	0.000028	0.000000	0.000000	0.000000	0.000000
0.000000	0.000000	0.000547	0.000000	0.000000	0.000000	0.000000
0.000000	0.000000	0.000002	0.000000	0.000000	0.000000	0.000000
0.000000	0.000000	0.000003	0.000000	0.000000	0.000000	0.000000
0.000000	0.000000	-0.000000	0.000000	0.000000	0.000000	0.000000
0.000000	0.000000	-0.000002	0.000000	0.000000	0.000000	0.000000
0.000000	0.000000	0.000081	0.000000	0.000000	0.000000	0.000000
0.000000	0.000000	-0.000005	0.000000	0.000000	0.000000	0.000000
0.000000	0.000000	0.000056	0.000000	0.000000	0.000000	0.000000
0.000000	0.000000	0.000001	0.000000	0.000000	0.000000	0.000000
0.000000	0.000000	-0.000001	0.000000	0.000000	0.000000	0.000000
0.000000	0.000000	0.003045	0.000000	0.000000	0.000000	0.000000
0.000000	0.000000	-0.000000	0.000000	0.000000	0.000000	0.000000
0.000000	0.000000	0.000003	0.000000	0.000000	0.000000	0.000000
0.000000	0.000000	0.001359	0.000000	0.000000	0.000000	0.000000
0.000000	0.000000	0.000001	0.000000	0.000000	0.000000	0.000000
