-6.113408	-3.821944	3.297071	-3.999131	-4.141240	-3.805459	0.000000	0.000000	-0.000000	-0.000000
-7.433351	-5.413642	-2.788608	1.682201	3.871680	-0.029313	0.000000	0.000000	-0.000000	-0.000000
-7.863465	-5.293608	-3.407741	0.309595	3.973058	0.001835	0.000000	0.000000	-0.000000	-0.000000
-3.495371	-0.074464	3.602944	-0.044050	-5.817694	-3.530476	0.000000	0.000000	-0.000000	-0.000000
-7.699519	0.925295	5.130368	4.338493	3.354666	0.001621	0.000000	0.000000	-0.000000	-0.000000
-7.865956	0.450696	-0.093623	-4.701603	2.075813	-4.468694	0.000000	0.000000	-0.000000	-0.000000
-8.983730	-4.233935	0.047402	1.505382	3.930520	-4.272524	0.000000	0.000000	-0.000000	-0.000000
-10.720422	-4.848765	1.207986	1.662675	-1.150736	4.130174	0.000000	0.000000	-0.000000	-0.000000
-3.356249	4.262686	-4.039404	-1.648808	-5.077409	0.046537	0.000000	0.000000	-0.000000	-0.000000
-12.249824	0.070599	-3.188066	-0.061083	5.868345	3.688806	0.000000	0.000000	-0.000000	-0.000000
-12.456970	0.034488	-3.455502	-0.061216	5.846453	3.652798	0.000000	0.000000	-0.000000	-0.000000
-3.953875	0.047210	-3.508296	4.889745	2.188650	-0.007534	0.000000	0.000000	-0.000000	-0.000000
-10.256577	-4.577043	-0.100015	1.325473	-2.766896	-4.035269	0.000000	0.000000	-0.000000	-0.000000
-4.532209	-3.231715	3.724423	-3.372389	1.538224	-4.134669	0.000000	0.000000	-0.000000	-0.000000
-4.982831	-0.062455	-3.454794	-5.025373	2.457346	-0.001790	0.000000	0.000000	-0.000000	-0.000000
-14.640020	0.215662	0.032756	-0.129180	-0.425383	0.000136	0.000000	0.000000	-0.000000	-0.000000
-13.680487	0.125903	-3.414903	-0.095346	-0.080874	4.183715	0.000000	0.000000	-0.000000	-0.000000
-4.817814	4.783238	0.028645	-1.351162	-5.339201	-3.445183	0.000000	0.000000	-0.000000	-0.000000
-5.466153	-3.953147	3.459028	-3.546039	3.142225	4.266346	0.000000	0.000000	-0.000000	-0.000000
-9.045178	0.264496	-0.054582	-5.268249	-1.899942	4.285676	0.000000	0.000000	-0.000000	-0.000000
-8.459937	0.016015	4.290506	4.150716	4.398486	-0.007247	0.000000	0.000000	-0.000000	-0.000000
-2.055218	0.290743	3.871075	-0.062467	0.083079	-3.825176	0.000000	0.000000	-0.000000	-0.000000
-6.544389	0.038545	0.195834	4.887462	3.441707	3.624325	0.000000	0.000000	-0.000000	-0.000000
-7.596509	5.592628	3.554658	-1.611917	-4.182584	0.008522	0.000000	0.000000	-0.000000	-0.000000
-7.236901	-2.740416	6.849130	-3.272738	3.392600	0.002527	0.000000	0.000000	-0.000000	-0.000000
-4.892003	-0.077612	-3.817164	-4.957314	2.321111	-0.003755	0.000000	0.000000	-0.000000	-0.000000
-4.351250	0.026672	-3.492822	4.843811	2.602527	-0.018862	0.000000	0.000000	-0.000000	-0.000000
-9.123619	3.905508	-3.502635	3.719249	-3.336591	-3.889327	0.000000	0.000000	-0.000000	-0.000000
-4.898518	-5.094818	-1.292850	-3.420398	-2.097727	0.007175	0.000000	0.000000	-0.000000	-0.000000
-5.702155	-0.070568	-2.820451	4.637981	-3.427173	-0.141548	0.000000	0.000000	-0.000000	-0.000000
-5.866190	-4.084016	3.337326	-3.439720	3.150755	4.149078	0.000000	0.000000	-0.000000	-0.000000
-4.520660	-5.269097	0.071627	-3.501695	-3.752905	0.005409	0.000000	0.000000	-0.000000	-0.000000
-8.177129	0.747523	4.782063	4.671664	3.402842	0.001078	0.000000	0.000000	-0.000000	-0.000000
-7.773805	0.842170	-0.118981	-5.044208	3.585344	4.178237	0.000000	0.000000	-0.000000	-0.000000
-13.137096	-3.679002	3.657570	1.572517	-0.232788	0.002634	0.000000	0.000000	-0.000000	-0.000000
-8.475437	0.326961	4.054858	4.982334	3.635515	-0.000165	0.000000	0.000000	-0.000000	-0.000000
-6.394178	0.023068	0.000394	4.829130	3.374459	3.738740	0.000000	0.000000	-0.000000	-0.000000
-10.917243	-0.226149	2.940156	3.287567	4.514718	-0.002267	0.000000	0.000000	-0.000000	-0.000000
-11.107353	-4.799452	0.092228	1.250963	-0.866809	4.108139	0.000000	0.000000	-0.000000	-0.000000
-8.169984	0.098556	0.237861	-4.696450	3.514288	3.997668	0.000000	0.000000	-0.000000	-0.000000
-9.993454	4.154276	-2.921107	3.621872	-1.378840	3.922866	0.000000	0.000000	-0.000000	-0.000000
-12.477431	0.121406	-3.589718	-0.011148	5.867591	3.571249	0.000000	0.000000	-0.000000	-0.000000
-5.386687	7.753680	2.085216	-1.505739	0.282234	0.008571	0.000000	0.000000	-0.000000	-0.000000
-10.225012	1.542080	3.610814	5.206378	-0.638185	-0.001100	0.000000	0.000000	-0.000000	-0.000000
-4.803869	-5.021481	0.026021	-3.274503	-4.089753	0.088472	0.000000	0.000000	-0.000000	-0.000000
-11.116249	-5.016175	0.047742	1.241784	-0.363860	4.032352	0.000000	0.000000	-0.000000	-0.000000
-2.009338	0.081937	-0.000789	-0.063407	-6.408864	-0.023010	0.000000	0.000000	-0.000000	-0.000000
-5.035313	0.352177	-2.684952	-5.044477	2.804788	0.008423	0.000000	0.000000	-0.000000	-0.000000
-4.636885	-0.043922	-3.406052	4.807394	2.731378	-0.005425	0.000000	0.000000	-0.000000	-0.000000
-8.378000	-4.210568	-2.115855	0.000000	-3.022193	-0.000000	0.000000	0.000000	0.000000	-0.000000
-6.836983	-3.349325	2.189965	-3.562082	4.232029	-1.669665	0.000000	0.000000	-0.000000	-0.000000
-4.728637	-5.142936	-0.027584	-3.540668	-3.609151	-0.042056	0.000000	0.000000	-0.000000	-0.000000
-5.463432	-3.970179	3.445419	-3.539221	3.150493	4.263186	0.000000	0.000000	-0.000000	-0.000000
-11.666261	-3.239309	3.388022	1.339055	4.955526	0.002569	0.000000	0.000000	-0.000000	-0.000000
-3.231905	4.162647	-3.978894	-1.558652	-5.075879	-0.019099	0.000000	0.000000	-0.000000	-0.000000
-8.096360	4.830637	-3.894929	3.740175	2.436173	-4.166505	0.000000	0.000000	-0.000000	-0.000000
-5.812880	0.027035	-0.050417	4.974764	0.476854	-3.859217	0.000000	0.000000	-0.000000	-0.000000
-6.902306	-3.633917	3.517414	-3.541709	-2.860803	3.827051	0.000000	0.000000	-0.000000	-0.000000
-7.167334	-3.018352	6.349788	-3.284261	3.452268	0.004567	0.000000	0.000000	-0.000000	-0.000000
-7.822921	-2.700638	7.187707	-3.302873	3.443549	-0.002502	0.000000	0.000000	-0.000000	-0.000000
-6.060079	3.923940	-6.791431	3.239276	2.839426	-0.039838	0.000000	0.000000	-0.000000	-0.000000
-13.069060	-3.623930	3.654597	1.575753	-0.286065	0.001035	0.000000	0.000000	-0.000000	-0.000000
-2.738051	0.529177	3.848571	-0.181881	1.300125	-3.809727	0.000000	0.000000	-0.000000	-0.000000
-11.372981	-0.029176	-4.894091	-0.061778	5.631453	2.128428	0.000000	0.000000	-0.000000	-0.000000
-3.354860	4.111309	-4.021375	-1.892144	-5.082026	0.006048	0.000000	0.000000	-0.000000	-0.000000
-3.357088	-4.720713	0.118850	-3.508656	0.899346	0.000756	0.000000	0.000000	-0.000000	-0.000000
-4.630502	0.048972	-3.508235	4.780328	2.715988	0.001215	0.000000	0.000000	-0.000000	-0.000000
-10.569983	-4.376287	-0.142936	0.839245	-2.429096	-3.930713	0.000000	0.000000	-0.000000	-0.000000
-3.334051	-4.645771	0.123435	-3.598915	2.132259	-0.001384	0.000000	0.000000	-0.000000	-0.000000
-0.000015	0.021213	-0.740615	-0.085234	0.003221	-0.003673	0.000000	0.000000	-0.000000	-0.000000
-7.105135	-2.949300	6.537659	-3.289462	3.423910	0.004135	0.000000	0.000000	-0.000000	-0.000000
-5.653620	-0.631305	-3.424363	5.100531	-3.772289	-0.024769	0.000000	0.000000	-0.000000	-0.000000
-1.153296	0.115865	0.002120	-0.014255	-6.202870	-0.003571	0.000000	0.000000	-0.000000	-0.000000
-10.151284	-4.445540	1.022187	0.236239	-2.900351	-3.929190	0.000000	0.000000	-0.000000	-0.000000
-7.091498	-2.926419	6.582376	-3.291846	3.401309	0.000603	0.000000	0.000000	-0.000000	-0.000000
-8.035310	4.693369	-4.114093	3.772718	2.783129	-4.016147	0.000000	0.000000	-0.000000	-0.000000
-3.393950	4.207263	-4.144888	-1.529153	-5.084584	0.001876	0.000000	0.000000	-0.000000	-0.000000
-6.021465	-4.081946	3.142740	-3.598544	-4.181180	-3.877706	0.000000	0.000000	-0.000000	-0.000000
-9.497671	0.288085	3.761506	5.065984	-2.281991	0.005960	0.000000	0.000000	-0.000000	-0.000000
-10.811395	-4.854659	1.556504	0.689854	-0.295227	3.533791	0.000000	0.000000	-0.000000	-0.000000
-5.799462	0.098067	0.107298	4.882275	0.045685	-3.749416	0.000000	0.000000	-0.000000	-0.000000
-6.648460	-3.641234	3.392095	-3.496137	-2.864121	4.166234	0.000000	0.000000	-0.000000	-0.000000
-9.882716	0.467006	2.333409	-4.638565	-1.510833	2.367274	0.000000	0.000000	-0.000000	-0.000000
-13.430693	1.006229	0.001534	-0.083641	5.443598	0.001325	0.000000	0.000000	-0.000000	-0.000000
-12.684752	-3.806846	4.010092	1.034160	-0.768752	0.001290	0.000000	0.000000	-0.000000	-0.000000
-7.408514	-3.128858	6.762026	-3.249544	3.492898	0.003624	0.000000	0.000000	-0.000000	-0.000000
-5.661245	0.065180	-3.181546	-4.885942	2.495944	-0.018931	0.000000	0.000000	-0.000000	-0.000000
-7.186540	-0.002939	-0.044526	4.942747	-3.864801	-3.375059	0.000000	0.000000	-0.000000	-0.000000
-5.616252	7.489583	2.890123	-1.620912	0.485178	-0.001376	0.000000	0.000000	-0.000000	-0.000000
-3.370820	4.185101	-3.975286	-1.855175	-5.089014	0.097485	0.000000	0.000000	-0.000000	-0.000000
-9.347832	0.298582	3.815212	5.075895	-2.341363	0.006207	0.000000	0.000000	-0.000000	-0.000000
-7.146673	0.058918	-0.038873	4.938954	-3.815511	-3.373894	0.000000	0.000000	-0.000000	-0.000000
-6.438749	0.041782	0.168542	4.865286	3.404696	3.668543	0.000000	0.000000	-0.000000	-0.000000
-9.592432	0.044974	-7.117801	-0.728220	4.444977	-0.001630	0.000000	0.000000	-0.000000	-0.000000
-8.142545	-2.851406	6.702919	-3.616200	-3.267436	0.012338	0.000000	0.000000	-0.000000	-0.000000
-2.603278	5.165505	-4.010267	-1.581108	0.358533	0.004204	0.000000	0.000000	-0.000000	-0.000000
-3.299001	4.105427	-4.051073	-1.874079	-5.039450	0.005418	0.000000	0.000000	-0.000000	-0.000000
-10.187999	5.338886	0.041260	3.502009	3.659494	0.009578	0.000000	0.000000	-0.000000	-0.000000
-4.868317	-5.001338	-0.000085	-3.255739	-3.817076	0.045675	0.000000	0.000000	-0.000000	-0.000000
-9.476722	0.027398	-1.932065	-5.171119	-1.352920	2.167793	0.000000	0.000000	-0.000000	-0.000000
-12.871006	-0.231772	-3.781988	-0.060371	-0.419576	-4.225485	0.000000	0.000000	-0.000000	-0.000000
-11.857365	-3.599810	4.306975	0.400866	-0.499034	0.003581	0.000000	0.000000	-0.000000	-0.000000
-10.874042	-1.394484	-7.185807	0.002029	-0.129755	-0.009857	0.000000	0.000000	-0.000000	-0.000000
-9.016113	-5.676344	-3.450983	1.246120	-1.573467	-0.005306	0.000000	0.000000	-0.000000	-0.000000
-4.932764	-3.304066	3.454602	-3.531756	1.896811	-4.104231	0.000000	0.000000	-0.000000	-0.000000
-4.681173	-5.302197	-0.072352	-3.391093	-3.478749	-0.004542	0.000000	0.000000	-0.000000	-0.000000
-11.032884	-1.883664	-6.111619	-0.033559	-1.671565	-0.009353	0.000000	0.000000	-0.000000	-0.000000
-10.206951	5.249896	0.110578	3.522951	3.657408	0.023093	0.000000	0.000000	-0.000000	-0.000000
-9.341106	-4.286382	0.005795	0.743916	3.773532	-4.279834	0.000000	0.000000	-0.000000	-0.000000
-5.587383	-3.933445	3.340231	-3.527563	3.189036	4.272689	0.000000	0.000000	-0.000000	-0.000000
-5.420160	-0.815131	-3.207630	5.171851	-3.935597	-0.007485	0.000000	0.000000	-0.000000	-0.000000
-3.172009	4.100576	-4.003784	-1.789034	-5.018758	-0.017911	0.000000	0.000000	-0.000000	-0.000000
-2.743710	5.390185	-4.213080	-1.240911	0.991543	-0.015679	0.000000	0.000000	-0.000000	-0.000000
-5.233217	6.263471	3.810909	-1.389735	1.211900	0.016371	0.000000	0.000000	-0.000000	-0.000000
-3.538516	5.365067	-0.125571	-0.582306	1.324796	3.954087	0.000000	0.000000	-0.000000	-0.000000
-5.581326	-0.029649	-3.708065	5.136574	-3.947329	0.008353	0.000000	0.000000	-0.000000	-0.000000
-8.069745	4.738969	-4.036563	3.756434	2.708694	-4.029750	0.000000	0.000000	-0.000000	-0.000000
-4.904689	-3.235261	3.533801	-3.552381	2.062448	-4.070549	0.000000	0.000000	-0.000000	-0.000000
-3.445499	4.929642	0.078958	-1.259213	0.051315	-3.852115	0.000000	0.000000	-0.000000	-0.000000
-3.881036	-4.649563	-0.368935	-3.620803	2.094757	-0.003327	0.000000	0.000000	-0.000000	-0.000000
-14.748670	0.120322	0.016885	-0.026636	-0.431205	-0.000370	0.000000	0.000000	-0.000000	-0.000000
-9.923612	3.934488	-3.342448	3.684548	-1.320612	4.128201	0.000000	0.000000	-0.000000	-0.000000
-6.873311	3.426536	-6.801672	3.420827	-3.115459	-0.000184	0.000000	0.000000	-0.000000	-0.000000
-2.221311	5.401318	-3.870821	-1.393646	0.296977	-0.000957	0.000000	0.000000	-0.000000	-0.000000
-13.081506	-3.595682	3.652105	1.616273	-0.591709	0.001470	0.000000	0.000000	-0.000000	-0.000000
-12.254089	0.257994	-3.520864	-0.047263	5.815798	3.739822	0.000000	0.000000	-0.000000	-0.000000
-6.368680	-0.061401	-4.513402	-5.078485	-3.594340	-0.010466	0.000000	0.000000	-0.000000	-0.000000
-8.241736	0.699849	4.626904	4.763022	3.436513	0.000161	0.000000	0.000000	-0.000000	-0.000000
-11.755417	0.141321	-3.745071	-0.178823	3.774667	-4.163572	0.000000	0.000000	-0.000000	-0.000000
-13.033680	-3.732408	3.729173	1.317527	-0.535019	-0.001364	0.000000	0.000000	-0.000000	-0.000000
-0.012424	0.083927	-0.012204	-0.032266	-5.753917	-0.017886	0.000000	0.000000	-0.000000	-0.000000
-13.641025	0.132722	-3.418559	-0.081859	-0.277330	4.233149	0.000000	0.000000	-0.000000	-0.000000
-5.669127	-0.036315	-3.705973	5.120357	-3.864455	0.001957	0.000000	0.000000	-0.000000	-0.000000
-7.315867	0.512595	0.371065	-4.672804	2.541459	-4.437135	0.000000	0.000000	-0.000000	-0.000000
-14.313557	0.264171	0.011614	-0.046029	4.022650	-0.001065	0.000000	0.000000	-0.000000	-0.000000
-6.691318	-3.676687	3.318436	-3.518821	-2.829233	4.162700	0.000000	0.000000	-0.000000	-0.000000
-12.501185	0.159137	-3.476058	-0.066544	5.807800	3.666674	0.000000	0.000000	-0.000000	-0.000000
-9.109223	-5.390556	-3.775011	1.525060	-2.208304	-0.001718	0.000000	0.000000	-0.000000	-0.000000
-8.662354	0.034970	4.147023	4.732145	3.789954	-0.003324	0.000000	0.000000	-0.000000	-0.000000
-6.498794	-3.686519	3.327544	-3.524809	-2.991365	4.274854	0.000000	0.000000	-0.000000	-0.000000
-4.418031	-4.616011	0.095378	-3.631917	2.789580	0.008672	0.000000	0.000000	-0.000000	-0.000000
-3.561112	5.879651	-0.120324	-1.330134	1.360368	4.008573	0.000000	0.000000	-0.000000	-0.000000
-6.281890	3.939685	-6.767232	3.141504	2.911328	0.002576	0.000000	0.000000	-0.000000	-0.000000
-3.902282	0.125181	3.763540	-0.069663	-4.559719	4.495051	0.000000	0.000000	-0.000000	-0.000000
-4.748669	-4.898132	0.318149	-3.403411	-4.148830	-0.073920	0.000000	0.000000	-0.000000	-0.000000
-9.144572	-4.224607	-0.001092	1.166232	3.863766	-4.354046	0.000000	0.000000	-0.000000	-0.000000
-12.719337	0.027269	-3.553336	0.097385	-1.859643	-4.141162	0.000000	0.000000	-0.000000	-0.000000
-6.749207	-3.617113	3.272543	-3.477677	-2.856607	4.188107	0.000000	0.000000	-0.000000	-0.000000
-10.872737	-0.365799	-6.842240	-0.012887	-1.587418	-0.003765	0.000000	0.000000	-0.000000	-0.000000
-4.560240	4.784226	-0.019308	-1.316835	-5.218205	-3.470383	0.000000	0.000000	-0.000000	-0.000000
-11.106597	-4.713377	0.099090	1.046130	-0.692799	4.039082	0.000000	0.000000	-0.000000	-0.000000
-7.662017	0.038793	-0.207744	5.272112	-2.547700	3.680139	0.000000	0.000000	-0.000000	-0.000000
-12.201175	0.092060	-3.468186	-0.062899	5.847516	3.760003	0.000000	0.000000	-0.000000	-0.000000
-9.689034	0.237212	-7.627102	-0.116699	-2.185468	-0.005597	0.000000	0.000000	-0.000000	-0.000000
-9.739968	-4.025500	0.032668	1.300805	5.313521	3.912629	0.000000	0.000000	-0.000000	-0.000000
-6.352795	-4.374514	3.768763	-3.422608	0.019562	3.763001	0.000000	0.000000	-0.000000	-0.000000
-5.764692	-0.171914	-3.681125	5.109074	-3.863327	0.012886	0.000000	0.000000	-0.000000	-0.000000
-11.603725	-3.365565	3.499235	1.183633	4.945690	0.000316	0.000000	0.000000	-0.000000	-0.000000
-8.927012	-5.686727	-3.539498	1.303740	-1.834577	-0.002292	0.000000	0.000000	-0.000000	-0.000000
-11.122046	-5.073356	-0.090172	1.357052	-0.374857	4.082891	0.000000	0.000000	-0.000000	-0.000000
-4.569969	-5.400126	0.057573	-3.406748	-3.530696	0.007417	0.000000	0.000000	-0.000000	-0.000000
-6.652529	0.124173	-0.004540	4.858945	3.471138	3.615791	0.000000	0.000000	-0.000000	-0.000000
-4.540835	4.687836	0.014429	-1.193876	-5.208224	-3.490374	0.000000	0.000000	-0.000000	-0.000000
-12.670739	-3.896657	3.972970	1.086681	-1.246017	0.001360	0.000000	0.000000	-0.000000	-0.000000
-3.565224	-4.660536	0.035840	-3.572951	1.971433	0.001787	0.000000	0.000000	-0.000000	-0.000000
-9.488075	0.210040	3.682900	5.062595	-2.323956	0.024428	0.000000	0.000000	-0.000000	-0.000000
-0.086942	0.065595	3.171925	-0.004010	0.004842	-3.299546	0.000000	0.000000	-0.000000	-0.000000
-6.058865	-4.190586	3.256877	-3.634182	-4.133182	-3.853912	0.000000	0.000000	-0.000000	-0.000000
-2.949752	4.187891	-3.963628	-1.728760	-4.892462	0.053557	0.000000	0.000000	-0.000000	-0.000000
0.000016	0.010595	0.004432	-0.087234	0.133591	0.008896	0.000000	0.000000	-0.000000	-0.000000
-5.478482	0.262883	0.032381	5.082894	2.299917	-3.936225	0.000000	0.000000	-0.000000	-0.000000
-13.780917	-0.151867	-2.412064	0.034382	-0.333613	3.209017	0.000000	0.000000	-0.000000	-0.000000
-4.869655	-3.230844	3.604515	-3.470825	1.169927	-4.138046	0.000000	0.000000	-0.000000	-0.000000
-6.146947	0.036146	-0.121632	4.767845	3.261137	3.864929	0.000000	0.000000	-0.000000	-0.000000
-11.495342	-3.346730	3.545503	1.106340	4.938087	-0.010788	0.000000	0.000000	-0.000000	-0.000000
-2.513636	4.955245	-4.441311	-1.585682	0.359388	-0.007453	0.000000	0.000000	-0.000000	-0.000000
-3.812176	-4.610822	0.165611	-3.565206	2.034172	-0.004665	0.000000	0.000000	-0.000000	-0.000000
-2.263728	0.012227	0.021005	-0.069225	-6.464678	-0.053426	0.000000	0.000000	-0.000000	-0.000000
-11.675424	-3.287606	3.407614	1.286504	4.953970	-0.002167	0.000000	0.000000	-0.000000	-0.000000
-5.950749	3.940274	-6.896247	3.220769	2.793008	-0.004348	0.000000	0.000000	-0.000000	-0.000000
-13.011374	0.046610	-3.084893	-0.151884	-1.567209	4.491342	0.000000	0.000000	-0.000000	-0.000000
-1.865244	5.359418	-3.739742	-1.333320	0.052516	-0.000706	0.000000	0.000000	-0.000000	-0.000000
-6.162251	0.536199	-4.270923	5.046277	-3.746521	0.126429	0.000000	0.000000	-0.000000	-0.000000
-3.054255	0.248277	3.647223	-0.009379	-5.393882	-3.701322	0.000000	0.000000	-0.000000	-0.000000
-7.981967	4.381303	-3.262991	3.047185	3.800511	3.912974	0.000000	0.000000	-0.000000	-0.000000
-7.822664	0.970824	-0.312774	-5.007714	3.606296	4.204915	0.000000	0.000000	-0.000000	-0.000000
-2.985591	0.312614	3.492701	-0.071939	1.922705	4.148311	0.000000	0.000000	-0.000000	-0.000000
-9.524236	-4.042048	-0.314368	0.614597	5.281492	4.102583	0.000000	0.000000	-0.000000	-0.000000
-8.969386	-4.323763	-0.095053	1.513708	3.893127	-4.264206	0.000000	0.000000	-0.000000	-0.000000
-7.556885	5.624074	3.579545	-1.605261	-4.141402	-0.015380	0.000000	0.000000	-0.000000	-0.000000
-6.861983	-3.977539	3.261392	-3.583347	-4.248265	-3.643316	0.000000	0.000000	-0.000000	-0.000000
-5.458622	0.124274	0.397711	5.060399	2.248363	-3.887945	0.000000	0.000000	-0.000000	-0.000000
-4.054920	5.241532	0.004044	-0.840114	0.126965	-3.851324	0.000000	0.000000	-0.000000	-0.000000
-9.404834	0.171776	-7.287336	-0.531316	4.317440	-0.017572	0.000000	0.000000	-0.000000	-0.000000
-10.790878	-4.156075	-0.006282	0.744298	-2.286308	-3.842337	0.000000	0.000000	-0.000000	-0.000000
-4.633327	-3.299733	3.572006	-3.399878	0.944208	-4.244360	0.000000	0.000000	-0.000000	-0.000000
-8.684568	0.176111	4.160069	4.855692	3.732140	-0.001252	0.000000	0.000000	-0.000000	-0.000000
-10.291441	-3.634661	5.472980	-1.676724	-2.774841	0.000796	0.000000	0.000000	-0.000000	-0.000000
-12.995800	-3.773648	3.752779	1.467476	-0.260247	-0.004701	0.000000	0.000000	-0.000000	-0.000000
-10.547500	-4.569953	-0.001310	1.349172	-2.644834	-4.043363	0.000000	0.000000	-0.000000	-0.000000
-7.735950	4.387905	-3.207694	3.064480	3.751906	3.911140	0.000000	0.000000	-0.000000	-0.000000
-5.704409	0.043119	-0.362915	5.391243	3.236694	-0.092186	0.000000	0.000000	-0.000000	-0.000000
-8.282984	-2.892992	6.698146	-3.594460	-3.243497	0.012501	0.000000	0.000000	-0.000000	-0.000000
-5.407918	0.080008	0.293857	5.075470	2.307577	-3.910797	0.000000	0.000000	-0.000000	-0.000000
-8.959664	-5.511628	-2.965240	0.558042	-1.706622	0.005473	0.000000	0.000000	-0.000000	-0.000000
-4.725067	4.669499	-0.093495	-1.364027	-5.345739	-3.477443	0.000000	0.000000	-0.000000	-0.000000
-4.556059	4.430624	-0.022197	-0.938047	-5.243079	-3.476365	0.000000	0.000000	-0.000000	-0.000000
-5.695471	0.027798	-3.802140	5.113920	-3.927659	0.014350	0.000000	0.000000	-0.000000	-0.000000
-5.059315	4.673612	-0.227412	-1.475169	-5.444070	-3.497185	0.000000	0.000000	-0.000000	-0.000000
-8.861403	0.323016	0.130356	-5.326462	-2.122410	4.256341	0.000000	0.000000	-0.000000	-0.000000
-8.863770	-5.633275	-3.612144	1.492767	-2.214747	-0.004504	0.000000	0.000000	-0.000000	-0.000000
-2.727922	5.371151	-3.948884	-1.390473	0.183738	0.000442	0.000000	0.000000	-0.000000	-0.000000
-3.814201	5.045191	-0.035432	-1.310477	0.031881	-3.898309	0.000000	0.000000	-0.000000	-0.000000
-3.015564	0.456259	3.833629	-0.111042	0.265476	4.136818	0.000000	0.000000	-0.000000	-0.000000
-11.656366	0.063280	-3.663270	-0.175877	3.778404	-4.176127	0.000000	0.000000	-0.000000	-0.000000
-10.616858	0.815203	3.611146	-5.197004	-2.222413	0.001940	0.000000	0.000000	-0.000000	-0.000000
-4.727451	-4.958121	-0.018357	-3.343937	-4.073122	0.061060	0.000000	0.000000	-0.000000	-0.000000
-3.307095	-4.672180	-0.004484	-3.567320	1.747082	-0.003960	0.000000	0.000000	-0.000000	-0.000000
-5.066165	5.943537	3.921740	-1.302695	0.753805	0.007073	0.000000	0.000000	-0.000000	-0.000000
-9.771915	-0.003478	-7.360648	-0.207491	4.015197	0.002449	0.000000	0.000000	-0.000000	-0.000000
-6.887718	3.499330	-6.893598	3.391361	-2.884586	0.004226	0.000000	0.000000	-0.000000	-0.000000
-9.987306	5.211476	-0.015045	3.581690	3.695056	0.419665	0.000000	0.000000	-0.000000	-0.000000
-4.351098	0.042917	-3.129738	4.870539	2.613751	-0.015937	0.000000	0.000000	-0.000000	-0.000000
-6.042667	0.130085	-4.141823	-5.182748	-3.507833	-0.005492	0.000000	0.000000	-0.000000	-0.000000
-4.123466	5.351657	0.796377	-1.066185	0.280819	-3.537764	0.000000	0.000000	-0.000000	-0.000000
-8.605776	4.130843	-3.689281	3.253076	-3.832098	-3.095871	0.000000	0.000000	-0.000000	-0.000000
-5.506875	0.103117	0.008841	5.120670	2.342620	-3.899863	0.000000	0.000000	-0.000000	-0.000000
-7.886474	0.287384	0.210319	-4.895896	3.540757	4.119908	0.000000	0.000000	-0.000000	-0.000000
-0.003222	-0.021519	-1.975912	-0.034708	-5.563140	-0.001119	0.000000	0.000000	-0.000000	-0.000000
-6.503587	0.111103	-0.009140	4.846654	3.417702	3.670260	0.000000	0.000000	-0.000000	-0.000000
-9.055085	0.247257	-0.018096	-5.270023	-1.954352	4.257514	0.000000	0.000000	-0.000000	-0.000000
-11.755755	0.046868	-3.689669	-0.010932	3.795195	-4.169672	0.000000	0.000000	-0.000000	-0.000000
-5.711140	3.909359	-7.052896	3.220902	2.685703	-0.005855	0.000000	0.000000	-0.000000	-0.000000
-6.503736	0.186142	-0.039351	4.859569	3.423404	3.638280	0.000000	0.000000	-0.000000	-0.000000
-8.564568	0.136751	4.206821	4.723396	3.760581	0.001168	0.000000	0.000000	-0.000000	-0.000000
-0.272351	0.318445	3.456186	0.023608	0.368856	-3.237849	0.000000	0.000000	-0.000000	-0.000000
-13.843772	0.068610	-3.407228	-0.131220	-0.068553	4.099181	0.000000	0.000000	-0.000000	-0.000000
-10.052244	5.317206	-0.022468	3.521255	3.669613	0.010318	0.000000	0.000000	-0.000000	-0.000000
-9.491185	-4.129943	0.006514	1.510109	5.158551	4.155402	0.000000	0.000000	-0.000000	-0.000000
-11.166585	-4.931554	-0.108503	1.403670	-0.306780	4.114429	0.000000	0.000000	-0.000000	-0.000000
-6.933683	-3.787906	3.530801	-3.500453	-2.429308	3.873151	0.000000	0.000000	-0.000000	-0.000000
-11.005778	-5.029737	0.507354	1.489078	-0.771002	4.080548	0.000000	0.000000	-0.000000	-0.000000
-3.640297	-4.755853	0.005542	-3.510669	0.499759	-0.002993	0.000000	0.000000	-0.000000	-0.000000
-8.967888	2.238623	2.991729	-4.621460	3.421397	0.006414	0.000000	0.000000	-0.000000	-0.000000
-3.172249	4.279892	-3.700305	-1.690000	-5.083756	0.027077	0.000000	0.000000	-0.000000	-0.000000
-9.085976	3.914869	-3.593072	3.695718	-3.345134	-3.865185	0.000000	0.000000	-0.000000	-0.000000
-7.450602	-2.669978	6.984780	-3.278478	3.411075	-0.009336	0.000000	0.000000	-0.000000	-0.000000
-3.279399	0.044771	3.678761	-0.025848	-5.647711	-3.618285	0.000000	0.000000	-0.000000	-0.000000
-5.115387	0.024897	-0.006940	5.148786	2.187457	-3.941205	0.000000	0.000000	-0.000000	-0.000000
-8.069660	-3.233671	2.101039	-3.239601	-1.480297	4.214946	0.000000	0.000000	-0.000000	-0.000000
-9.350043	1.220756	3.764515	5.033504	-2.246292	-0.005591	0.000000	0.000000	-0.000000	-0.000000
-9.309180	-3.829927	0.012813	0.129468	3.615870	-4.381827	0.000000	0.000000	-0.000000	-0.000000
-7.844204	-5.535323	-3.176672	0.809150	3.894407	-0.002584	0.000000	0.000000	-0.000000	-0.000000
-8.594885	-2.665409	6.876839	-3.552065	-3.044094	-0.012755	0.000000	0.000000	-0.000000	-0.000000
-12.534904	0.046138	-3.708383	-0.179565	-1.898297	-3.946762	0.000000	0.000000	-0.000000	-0.000000
-3.282765	0.090453	3.352560	-0.005995	1.720715	4.193484	0.000000	0.000000	-0.000000	-0.000000
-9.435524	-0.007955	-7.453046	-0.232381	-3.242914	-0.003869	0.000000	0.000000	-0.000000	-0.000000
-8.344229	4.502692	-3.457317	2.847937	3.837680	3.920952	0.000000	0.000000	-0.000000	-0.000000
-9.568639	0.178678	-7.280965	-0.265336	4.343430	0.001193	0.000000	0.000000	-0.000000	-0.000000
-2.830171	4.928926	-4.442577	-1.547066	0.193630	0.000899	0.000000	0.000000	-0.000000	-0.000000
-10.969793	0.942012	2.733704	-4.516289	-0.450642	0.015148	0.000000	0.000000	-0.000000	-0.000000
-5.885386	0.010956	2.747734	0.000043	-2.256100	3.927058	0.000000	0.000000	-0.000000	-0.000000
-7.570193	-3.283084	6.555252	-3.397653	-0.092120	-0.003551	0.000000	0.000000	-0.000000	-0.000000
-5.838939	-0.053094	-3.704460	5.111883	-3.844873	-0.013293	0.000000	0.000000	-0.000000	-0.000000
-12.304679	0.044431	-3.492806	-0.002251	5.840816	3.747060	0.000000	0.000000	-0.000000	-0.000000
-6.854858	3.446918	-6.793065	3.402367	-3.132010	0.000596	0.000000	0.000000	-0.000000	-0.000000
-8.797928	-5.685954	-3.584076	1.453767	-2.212135	-0.014986	0.000000	0.000000	-0.000000	-0.000000
-13.595550	1.129997	0.009509	-0.031044	5.373075	0.005763	0.000000	0.000000	-0.000000	-0.000000
-2.964244	0.014412	3.636415	-0.016216	-5.530428	-3.656042	0.000000	0.000000	-0.000000	-0.000000
-4.695184	-5.136474	0.454024	-3.525081	-3.915761	0.282925	0.000000	0.000000	-0.000000	-0.000000
-14.670683	0.363346	0.100448	-0.220619	-0.285907	0.002204	0.000000	0.000000	-0.000000	-0.000000
-5.846714	-3.951509	3.406723	-3.489034	3.263687	4.152139	0.000000	0.000000	-0.000000	-0.000000
-8.111564	-3.090836	6.417060	-3.637300	-3.421361	0.010213	0.000000	0.000000	-0.000000	-0.000000
-3.735934	1.897244	6.549201	-0.152029	1.675017	-0.012572	0.000000	0.000000	-0.000000	-0.000000
-8.053798	0.700025	4.953985	4.548748	3.354973	0.000379	0.000000	0.000000	-0.000000	-0.000000
-14.597463	0.113602	0.013518	-0.088082	-0.644960	-0.000360	0.000000	0.000000	-0.000000	-0.000000
-8.919446	2.010802	3.076220	-4.729033	3.395336	0.015922	0.000000	0.000000	-0.000000	-0.000000
-4.067199	4.901414	0.476069	-1.342643	1.423260	-3.872397	0.000000	0.000000	-0.000000	-0.000000
-10.039136	5.295202	-0.027372	3.524669	3.672119	-0.001802	0.000000	0.000000	-0.000000	-0.000000
-13.348430	0.040652	-3.357212	-0.037949	-1.211498	4.439624	0.000000	0.000000	-0.000000	-0.000000
-4.889888	4.274272	0.014688	-0.873063	-3.051839	4.502130	0.000000	0.000000	-0.000000	-0.000000
-4.382277	5.654003	-0.384181	-1.421957	0.517496	4.209904	0.000000	0.000000	-0.000000	-0.000000
-11.507254	-0.163143	-3.673801	-0.119643	-0.196803	4.671330	0.000000	0.000000	-0.000000	-0.000000
-7.347260	0.225831	0.044723	-4.648030	2.554195	-4.453910	0.000000	0.000000	-0.000000	-0.000000
-6.766253	5.804826	3.702642	-1.073330	-3.891355	0.001719	0.000000	0.000000	-0.000000	-0.000000
-7.950467	4.391623	-3.378492	3.010997	3.769372	3.928511	0.000000	0.000000	-0.000000	-0.000000
-6.657410	-3.700503	3.363040	-3.482614	-2.768524	4.158017	0.000000	0.000000	-0.000000	-0.000000
-11.626057	5.268258	0.059393	3.707479	-2.192659	0.004740	0.000000	0.000000	-0.000000	-0.000000
-3.453228	4.049717	-2.890282	-0.638753	-5.530212	1.150162	0.000000	0.000000	-0.000000	-0.000000
-8.321627	4.076735	-4.430500	2.973594	-4.108368	-2.990633	0.000000	0.000000	-0.000000	-0.000000
-4.151105	-0.243405	-3.157574	3.436689	-4.057875	0.058346	0.000000	0.000000	-0.000000	-0.000000
-4.920534	-2.811532	3.559018	-3.481713	1.865514	-4.147354	0.000000	0.000000	-0.000000	-0.000000
-11.852407	-3.076441	3.364081	1.382977	4.914608	0.003095	0.000000	0.000000	-0.000000	-0.000000
-4.128552	5.860967	-1.029327	-1.524530	0.821702	4.126393	0.000000	0.000000	-0.000000	-0.000000
-5.432936	-3.956896	3.380803	-3.546783	3.146092	4.286565	0.000000	0.000000	-0.000000	-0.000000
-2.782319	0.283528	3.640548	-0.146603	1.718178	4.192395	0.000000	0.000000	-0.000000	-0.000000
-5.947680	3.919038	-6.888321	3.227375	2.793486	-0.009927	0.000000	0.000000	-0.000000	-0.000000
-8.016605	4.736047	-4.034521	3.769748	2.730152	-4.060139	0.000000	0.000000	-0.000000	-0.000000
-10.719418	0.385171	3.762977	-5.160213	-2.250713	0.005832	0.000000	0.000000	-0.000000	-0.000000
-2.985767	4.109747	-4.088138	-1.678353	-4.893594	-0.009470	0.000000	0.000000	-0.000000	-0.000000
-2.374981	5.405335	-3.742917	-1.450232	0.012873	0.014998	0.000000	0.000000	-0.000000	-0.000000
-13.221586	0.667687	0.006084	-0.066522	5.569148	0.020478	0.000000	0.000000	-0.000000	-0.000000
-5.264738	0.045678	-4.717622	-4.841136	-0.188087	0.007641	0.000000	0.000000	-0.000000	-0.000000
-11.061336	-4.766893	-0.034136	1.630381	-1.143695	4.329553	0.000000	0.000000	-0.000000	-0.000000
-2.668493	1.384061	3.869478	-0.041841	0.984231	4.162191	0.000000	0.000000	-0.000000	-0.000000
-10.446744	-4.550383	0.079989	1.258250	-2.744370	-4.070690	0.000000	0.000000	-0.000000	-0.000000
-7.599694	5.322826	3.802166	-1.610262	-4.263486	0.000916	0.000000	0.000000	-0.000000	-0.000000
-8.950917	0.341362	0.022656	-5.318950	-1.414880	4.280595	0.000000	0.000000	-0.000000	-0.000000
-5.979905	-4.247386	2.814588	-3.786123	-3.744093	-3.082547	0.000000	0.000000	-0.000000	-0.000000
-1.977976	0.236591	4.090542	-0.142822	0.458894	-3.743671	0.000000	0.000000	-0.000000	-0.000000
-0.003727	0.160011	3.117259	-0.012957	0.023668	-3.240731	0.000000	0.000000	-0.000000	-0.000000
-10.088770	5.315958	0.011215	3.519380	3.660209	0.005789	0.000000	0.000000	-0.000000	-0.000000
-5.511782	4.819406	-0.099521	-1.034101	-4.140740	4.072672	0.000000	0.000000	-0.000000	-0.000000
-3.643739	5.055544	-0.034791	-1.078858	0.027337	-3.853580	0.000000	0.000000	-0.000000	-0.000000
-5.395512	0.061453	-3.629366	-4.856307	2.540401	-0.002833	0.000000	0.000000	-0.000000	-0.000000
-9.275537	3.931268	-3.485581	3.650887	-3.314194	-3.881971	0.000000	0.000000	-0.000000	-0.000000
-7.526639	0.223928	0.055050	5.238475	-1.465806	3.991648	0.000000	0.000000	-0.000000	-0.000000
-13.064465	0.447546	-0.029890	-0.072902	5.673440	0.028703	0.000000	0.000000	-0.000000	-0.000000
-14.663605	0.123576	-0.003580	-0.051227	-0.493469	0.007475	0.000000	0.000000	-0.000000	-0.000000
-9.283361	3.917393	-3.509926	3.642492	-3.315829	-3.909605	0.000000	0.000000	-0.000000	-0.000000
-4.838547	1.001953	6.627278	-0.051154	-5.054730	0.058138	0.000000	0.000000	-0.000000	-0.000000
-0.001586	0.085127	0.000693	-0.116379	0.773426	-0.017744	0.000000	0.000000	-0.000000	-0.000000
-7.140965	-2.971298	6.601091	-3.284309	3.403335	0.003020	0.000000	0.000000	-0.000000	-0.000000
-9.286770	-4.252157	0.047217	0.760935	5.167009	4.129305	0.000000	0.000000	-0.000000	-0.000000
-5.716409	-3.996481	3.416206	-3.489010	3.216501	4.193195	0.000000	0.000000	-0.000000	-0.000000
-7.345180	-0.229251	0.211178	3.449067	-4.043255	-3.134940	0.000000	0.000000	-0.000000	-0.000000
-5.414210	4.979109	-0.865113	-1.153055	-4.201648	4.354331	0.000000	0.000000	-0.000000	-0.000000
-5.465281	0.012441	-4.055670	-5.074659	0.280134	-0.006070	0.000000	0.000000	-0.000000	-0.000000
-3.883333	5.911005	-0.066320	-1.423188	1.592370	3.989060	0.000000	0.000000	-0.000000	-0.000000
-3.777725	4.183697	-4.095474	-1.847461	-5.227776	-0.007507	0.000000	0.000000	-0.000000	-0.000000
-10.671969	0.820597	2.419457	-4.637607	-0.706468	0.027056	0.000000	0.000000	-0.000000	-0.000000
-7.813517	4.452281	-3.420162	3.007120	3.742946	3.904543	0.000000	0.000000	-0.000000	-0.000000
-8.272544	-2.838912	6.710296	-3.684331	-3.134046	-0.000427	0.000000	0.000000	-0.000000	-0.000000
0.000103	0.120429	0.018872	-0.042014	0.036294	-0.163179	0.000000	0.000000	-0.000000	-0.000000
-3.537570	0.566495	3.771715	-0.034413	-4.531266	4.372648	0.000000	0.000000	-0.000000	-0.000000
-7.404288	-5.352798	-2.980872	1.698463	3.848948	0.008281	0.000000	0.000000	-0.000000	-0.000000
-7.266754	5.797176	3.576651	-1.511925	-4.034429	0.001684	0.000000	0.000000	-0.000000	-0.000000
-7.626524	-5.511777	-3.222895	0.625678	3.855232	-0.000333	0.000000	0.000000	-0.000000	-0.000000
-12.798747	0.126344	-3.506594	0.015389	-1.830399	-4.206887	0.000000	0.000000	-0.000000	-0.000000
-6.097921	4.063123	-6.609118	3.239917	2.878547	0.005206	0.000000	0.000000	-0.000000	-0.000000
-8.919293	0.060231	-0.366688	-4.688766	-1.555781	2.751414	0.000000	0.000000	0.000000	0.000000
-11.275189	-3.233881	3.728261	0.988534	4.891249	-0.001744	0.000000	0.000000	-0.000000	-0.000000
-7.165174	0.816933	-0.003634	-4.700752	2.334304	-4.575753	0.000000	0.000000	-0.000000	-0.000000
-7.185225	-3.117502	6.473830	-3.277054	3.472973	0.002781	0.000000	0.000000	-0.000000	-0.000000
-11.436251	5.239354	0.643151	3.820506	-2.060015	-0.001652	0.000000	0.000000	-0.000000	-0.000000
-4.572468	-3.479261	3.501511	-3.432740	1.084133	-4.210718	0.000000	0.000000	-0.000000	-0.000000
-8.907035	-0.128537	-0.585768	-5.113116	-2.073048	4.480157	0.000000	0.000000	-0.000000	-0.000000
-7.203085	5.808527	3.221824	-0.522237	-4.202816	0.011224	0.000000	0.000000	-0.000000	-0.000000
-9.602171	3.996319	-2.993188	3.744718	-1.671805	4.023165	0.000000	0.000000	-0.000000	-0.000000
-9.209491	-4.166059	0.107846	1.395941	3.880910	-4.361111	0.000000	0.000000	-0.000000	-0.000000
-10.687781	-3.063123	-2.945495	1.249750	-0.285366	3.840526	0.000000	0.000000	-0.000000	-0.000000
-7.769035	0.363540	0.172769	5.202305	-2.497117	3.780573	0.000000	0.000000	-0.000000	-0.000000
-8.403512	-6.330627	-2.017319	0.151742	-1.563928	-0.023889	0.000000	0.000000	-0.000000	-0.000000
-3.987617	5.241035	-0.225670	-1.136717	0.369908	-3.741846	0.000000	0.000000	-0.000000	-0.000000
-8.905586	-5.949958	-3.310152	1.246141	-1.406536	-0.004711	0.000000	0.000000	-0.000000	-0.000000
-3.620883	0.023401	3.759420	0.001877	-5.774968	-3.513646	0.000000	0.000000	-0.000000	-0.000000
-6.813845	0.073243	0.150398	4.922937	1.160154	4.515796	0.000000	0.000000	-0.000000	-0.000000
-0.995966	0.258755	3.528944	-0.045548	0.103683	-3.727445	0.000000	0.000000	-0.000000	-0.000000
-12.554372	0.235607	-3.294589	-0.903092	-0.528890	4.028663	0.000000	0.000000	-0.000000	-0.000000
-5.383366	7.059039	3.339830	-1.463119	0.579940	0.000026	0.000000	0.000000	-0.000000	-0.000000
-5.381845	-0.135694	-2.689656	3.580983	-3.805293	0.015147	0.000000	0.000000	-0.000000	-0.000000
-6.784842	-3.707708	3.288163	-3.546489	-2.818083	4.116411	0.000000	0.000000	-0.000000	-0.000000
-5.988164	-3.905884	3.276978	-3.666042	-4.233599	-3.886559	0.000000	0.000000	-0.000000	-0.000000
-12.987794	-3.693210	3.777259	1.520566	-0.565737	0.002836	0.000000	0.000000	-0.000000	-0.000000
-6.544674	0.073877	0.088232	4.869140	3.437220	3.634032	0.000000	0.000000	-0.000000	-0.000000
-9.735468	-3.954369	0.035057	1.539232	5.241770	3.978456	0.000000	0.000000	-0.000000	-0.000000
-10.148009	5.280122	0.064700	3.526918	3.660575	0.105206	0.000000	0.000000	-0.000000	-0.000000
-0.046304	0.032275	-0.061502	-0.003749	-5.810524	0.010435	0.000000	0.000000	-0.000000	-0.000000
-9.228619	4.016529	-3.523463	3.646379	-3.298957	-3.902087	0.000000	0.000000	-0.000000	-0.000000
-3.972907	5.914598	-0.067614	-0.844480	1.344686	3.871658	0.000000	0.000000	-0.000000	-0.000000
-9.706296	4.186440	-2.520883	3.681911	-2.074172	3.836747	0.000000	0.000000	-0.000000	-0.000000
-12.327716	0.071114	-3.407206	-0.033574	5.842796	3.722687	0.000000	0.000000	-0.000000	-0.000000
-11.820840	-3.218713	3.401682	1.318692	4.917613	0.003442	0.000000	0.000000	-0.000000	-0.000000
-10.934391	5.534897	-0.034203	3.367031	-2.439753	0.248999	0.000000	0.000000	-0.000000	-0.000000
-7.359978	0.478650	0.000851	-4.747741	1.659819	-4.708490	0.000000	0.000000	-0.000000	-0.000000
-8.319859	0.262594	4.000243	4.967589	3.671798	0.003610	0.000000	0.000000	-0.000000	-0.000000
-3.842907	6.263800	-1.982205	-1.623234	1.685665	3.424098	0.000000	0.000000	-0.000000	-0.000000
-12.973111	0.084949	-3.147251	-0.085791	-1.605160	4.484963	0.000000	0.000000	-0.000000	-0.000000
-10.810509	-4.873361	0.445848	1.584736	-1.195412	4.301886	0.000000	0.000000	-0.000000	-0.000000
-10.230947	5.305905	0.090741	3.507296	3.656697	0.043599	0.000000	0.000000	-0.000000	-0.000000
-9.042507	0.084595	-0.489624	-4.493792	3.095474	3.316531	0.000000	0.000000	-0.000000	-0.000000
-7.063215	-3.078591	6.437896	-3.289801	3.437301	0.003439	0.000000	0.000000	-0.000000	-0.000000
-5.406926	-0.494981	-3.618565	3.880610	-3.215801	0.005637	0.000000	0.000000	-0.000000	-0.000000
-9.248602	3.963114	-3.500067	3.657904	-3.290003	-3.924971	0.000000	0.000000	-0.000000	-0.000000
-4.264447	1.342432	6.515262	0.005931	-5.017882	0.035668	0.000000	0.000000	-0.000000	-0.000000
-4.417778	4.623631	-0.000406	-1.118407	-5.140560	-3.500438	0.000000	0.000000	-0.000000	-0.000000
-7.797802	4.471607	-3.368730	2.974987	3.650717	3.964488	0.000000	0.000000	-0.000000	-0.000000
-11.103635	-5.113206	0.116965	1.337508	-0.267927	4.011396	0.000000	0.000000	-0.000000	-0.000000
-9.257446	1.279843	3.234874	5.136689	-2.459553	-0.001668	0.000000	0.000000	-0.000000	-0.000000
-8.327859	-2.931657	6.842925	-3.576027	-3.110320	0.003142	0.000000	0.000000	-0.000000	-0.000000
-13.157070	-3.699151	3.653035	1.545297	-0.567866	0.002693	0.000000	0.000000	-0.000000	-0.000000
-7.953175	4.302232	-3.279251	3.063505	3.797206	3.925282	0.000000	0.000000	-0.000000	-0.000000
-3.774268	6.012115	-0.002580	-1.060492	1.623558	3.865610	0.000000	0.000000	-0.000000	-0.000000
-4.818536	-3.533406	3.556465	-3.481659	1.364320	-4.088268	0.000000	0.000000	-0.000000	-0.000000
-5.893827	0.400502	-4.156034	5.055861	-3.809380	-0.001908	0.000000	0.000000	-0.000000	-0.000000
-11.601309	5.543399	0.091966	3.718920	-1.026888	-0.018148	0.000000	0.000000	-0.000000	-0.000000
-10.620480	-3.227092	-2.943123	1.049008	-1.340085	3.491091	0.000000	0.000000	-0.000000	-0.000000
-9.694368	-1.294768	-6.797415	0.185998	4.335246	-0.005199	0.000000	0.000000	-0.000000	-0.000000
-9.658553	5.014297	0.133823	2.032244	-3.821744	-0.253796	0.000000	0.000000	-0.000000	-0.000000
-2.831386	0.237670	3.750490	-0.090814	0.712680	4.229999	0.000000	0.000000	-0.000000	-0.000000
-9.352284	0.000176	-0.064538	-5.019011	-0.655846	2.875233	0.000000	0.000000	-0.000000	-0.000000
-3.663720	1.969543	6.853759	-0.044452	0.323237	0.089352	0.000000	0.000000	-0.000000	-0.000000
-10.096140	-2.036285	-6.256068	0.022934	-1.509869	-0.001968	0.000000	0.000000	-0.000000	-0.000000
-12.494971	-3.773118	4.097755	0.733246	-0.824017	0.003531	0.000000	0.000000	-0.000000	-0.000000
-3.544713	0.097784	3.750498	-0.028728	-5.727136	-3.540013	0.000000	0.000000	-0.000000	-0.000000
-10.814498	0.231793	3.740317	-5.131050	-2.150134	-0.001531	0.000000	0.000000	-0.000000	-0.000000
-10.212237	5.346625	0.037454	3.495257	3.661168	-0.002847	0.000000	0.000000	-0.000000	-0.000000
-13.690991	0.071153	1.904696	-0.000032	4.623566	0.041738	0.000000	0.000000	0.000000	-0.000000
-0.243333	0.083453	0.213348	-0.005185	-5.897087	-0.015235	0.000000	0.000000	-0.000000	-0.000000
-9.403134	0.996104	3.728148	5.158417	-2.162749	0.006461	0.000000	0.000000	-0.000000	-0.000000
-7.156953	-2.676156	6.374499	-3.363692	3.447454	0.001107	0.000000	0.000000	-0.000000	-0.000000
-4.226300	-5.120224	-0.044596	-3.261554	-3.907602	0.044003	0.000000	0.000000	-0.000000	-0.000000
-7.711978	0.050068	3.073127	4.395224	4.110931	0.040792	0.000000	0.000000	-0.000000	-0.000000
-9.780451	-0.195734	-7.139736	-0.255351	4.428865	-0.007058	0.000000	0.000000	-0.000000	-0.000000
-5.610194	-3.997653	3.478612	-3.505331	3.159199	4.213686	0.000000	0.000000	-0.000000	-0.000000
-9.375469	-4.313876	-0.100828	1.015067	3.802973	-4.308653	0.000000	0.000000	-0.000000	-0.000000
-2.643602	0.371110	3.341506	-0.016856	0.034676	-3.848237	0.000000	0.000000	-0.000000	-0.000000
-0.044665	0.029498	0.089281	0.013642	-5.822125	-0.000373	0.000000	0.000000	-0.000000	-0.000000
-7.875480	0.022365	-0.261440	5.300998	-2.235868	3.872363	0.000000	0.000000	-0.000000	-0.000000
-9.413351	0.010185	3.666058	5.042422	-2.289611	0.014702	0.000000	0.000000	-0.000000	-0.000000
-12.742713	-3.773512	3.826726	1.146415	-1.204323	0.001042	0.000000	0.000000	-0.000000	-0.000000
-12.532533	-0.332805	0.277087	-0.057556	5.772382	-0.002130	0.000000	0.000000	-0.000000	-0.000000
-3.733149	4.957226	0.141486	-1.205618	0.872257	-3.864669	0.000000	0.000000	-0.000000	-0.000000
-4.302249	4.670092	-6.534712	0.401384	2.213475	-0.002869	0.000000	0.000000	-0.000000	-0.000000
-12.068964	-2.281793	-1.202070	0.211322	-1.888250	-3.704803	0.000000	0.000000	-0.000000	-0.000000
-9.282270	1.760163	2.987440	-4.730973	3.228332	0.005600	0.000000	0.000000	-0.000000	-0.000000
-5.546041	-4.035188	3.439380	-3.502636	3.168235	4.240651	0.000000	0.000000	-0.000000	-0.000000
-11.112965	-4.312048	0.726832	0.528989	-0.232279	3.751701	0.000000	0.000000	-0.000000	-0.000000
-2.399479	0.717017	3.594263	-0.036031	0.053463	-3.883216	0.000000	0.000000	-0.000000	-0.000000
-11.105401	-1.651976	-6.823725	-0.077518	-1.087934	-0.005764	0.000000	0.000000	-0.000000	-0.000000
-11.222100	-3.519039	5.245082	0.040351	-1.216123	0.000688	0.000000	0.000000	-0.000000	-0.000000
-8.655951	0.273967	0.010173	-4.906030	-4.089603	-3.640715	0.000000	0.000000	-0.000000	-0.000000
-9.188977	0.082148	4.293949	4.207428	4.002542	-0.000727	0.000000	0.000000	-0.000000	-0.000000
-7.935843	4.769275	-3.998581	3.776073	2.699084	-4.055494	0.000000	0.000000	-0.000000	-0.000000
-5.791459	3.960072	-6.877916	3.253836	2.739761	-0.002227	0.000000	0.000000	-0.000000	-0.000000
-7.806502	-5.283498	-3.330877	0.301172	3.974441	0.002897	0.000000	0.000000	-0.000000	-0.000000
-13.268509	-3.508445	3.548944	1.651337	-0.302612	-0.001716	0.000000	0.000000	-0.000000	-0.000000
-4.587737	-3.419998	3.039841	-3.421173	0.557780	-4.405743	0.000000	0.000000	-0.000000	-0.000000
-9.001598	2.003173	3.044984	-4.708082	3.380853	0.014066	0.000000	0.000000	-0.000000	-0.000000
-8.031370	4.757613	-3.990367	3.765191	2.737434	-4.072115	0.000000	0.000000	-0.000000	-0.000000
-9.101390	-0.034299	4.596355	4.596755	-2.592705	-0.000117	0.000000	0.000000	-0.000000	-0.000000
-13.394025	1.510392	-0.010785	-0.061116	5.320581	-0.053888	0.000000	0.000000	-0.000000	-0.000000
-5.265361	-5.217736	-0.051136	-3.380122	-3.043044	0.010198	0.000000	0.000000	-0.000000	-0.000000
-3.781826	-4.262374	-0.454951	-3.746400	2.150872	-0.001546	0.000000	0.000000	-0.000000	-0.000000
-5.702882	5.069889	-0.098497	-1.386291	-4.316924	3.949063	0.000000	0.000000	-0.000000	-0.000000
-4.795797	-4.446310	1.573441	-2.940720	-2.933885	-0.490865	0.000000	0.000000	0.000000	0.000000
-11.792729	0.046511	-3.691207	-0.161235	3.778359	-4.159921	0.000000	0.000000	-0.000000	-0.000000
-4.234855	0.009118	2.813025	-0.025027	2.563330	3.974778	0.000000	0.000000	-0.000000	-0.000000
-9.778359	-4.006410	-0.070996	1.512421	5.240775	4.005180	0.000000	0.000000	-0.000000	-0.000000
-7.071961	0.721398	-0.016340	-4.717984	2.392598	-4.574709	0.000000	0.000000	-0.000000	-0.000000
-3.266044	-4.566857	0.036001	-3.626930	2.130948	-0.006724	0.000000	0.000000	-0.000000	-0.000000
-9.471369	-4.023829	-0.104240	0.848160	5.270560	4.067980	0.000000	0.000000	-0.000000	-0.000000
-5.125528	6.067543	3.883431	-1.295604	0.512210	0.011948	0.000000	0.000000	-0.000000	-0.000000
-5.585700	0.261810	0.604336	5.062968	2.247158	-3.794657	0.000000	0.000000	-0.000000	-0.000000
-9.010920	0.224493	3.619140	5.342188	-0.223624	0.025949	0.000000	0.000000	-0.000000	-0.000000
-10.319844	-4.439058	0.296222	1.014813	-2.819035	-4.058763	0.000000	0.000000	-0.000000	-0.000000
-9.064321	3.917937	-3.490330	3.739236	-3.327766	-3.847405	0.000000	0.000000	-0.000000	-0.000000
-3.733695	5.644925	-0.016885	-1.114944	0.709587	4.128652	0.000000	0.000000	-0.000000	-0.000000
-4.853975	-3.356973	3.450534	-3.529766	1.753013	-4.101699	0.000000	0.000000	-0.000000	-0.000000
-9.930879	-4.063535	0.012109	1.455596	5.292216	3.855153	0.000000	0.000000	-0.000000	-0.000000
-9.925145	-1.980609	-6.183775	0.039112	4.653713	0.005260	0.000000	0.000000	-0.000000	-0.000000
-6.265716	-3.934569	3.037904	-3.703938	-4.154280	-3.855460	0.000000	0.000000	-0.000000	-0.000000
-9.056584	-5.451605	-3.672048	1.501762	-2.141666	-0.001816	0.000000	0.000000	-0.000000	-0.000000
-12.341176	0.046767	-3.475515	-0.075918	5.825760	3.750089	0.000000	0.000000	-0.000000	-0.000000
-9.001506	2.125640	2.976108	-4.650315	3.416548	0.008958	0.000000	0.000000	-0.000000	-0.000000
-0.050592	3.948667	-3.717490	-0.637573	0.020738	-0.001790	0.000000	0.000000	-0.000000	-0.000000
-13.854352	0.236312	-0.029793	-0.581895	-1.883463	0.012571	0.000000	0.000000	-0.000000	-0.000000
-6.126308	0.003651	-4.216160	-5.163198	-3.624380	-0.005951	0.000000	0.000000	-0.000000	-0.000000
-12.720251	0.110212	-3.526240	-0.094044	-1.539164	-4.219878	0.000000	0.000000	-0.000000	-0.000000
-4.480934	-3.197433	3.570340	-3.358726	1.310198	-4.245974	0.000000	0.000000	-0.000000	-0.000000
-3.610536	1.956690	7.058443	0.020732	1.045940	0.050981	0.000000	0.000000	-0.000000	-0.000000
-8.932117	-5.626673	-3.543578	0.868819	-1.632449	0.000383	0.000000	0.000000	-0.000000	-0.000000
-4.592886	-3.405932	3.384226	-3.459873	1.733924	-4.188364	0.000000	0.000000	-0.000000	-0.000000
-6.067127	0.075776	-4.341425	-5.181965	-3.598183	-0.007293	0.000000	0.000000	-0.000000	-0.000000
-0.000061	-0.045450	-0.081705	-0.037405	0.014254	0.014569	0.000000	0.000000	-0.000000	-0.000000
-7.284917	-2.932019	6.705149	-3.273041	3.445662	-0.008785	0.000000	0.000000	-0.000000	-0.000000
-10.723813	1.527420	2.830360	-4.313627	2.634475	0.002639	0.000000	0.000000	-0.000000	-0.000000
-6.479128	0.018846	-0.097513	4.821707	3.418407	3.697088	0.000000	0.000000	-0.000000	-0.000000
-9.005432	-5.523540	-3.566851	1.518637	-2.128206	-0.002144	0.000000	0.000000	-0.000000	-0.000000
-3.415997	5.561261	0.299775	-1.121418	1.031024	4.110745	0.000000	0.000000	-0.000000	-0.000000
-5.469312	0.080545	0.200159	4.997293	1.765884	-4.031219	0.000000	0.000000	-0.000000	-0.000000
-7.704438	0.882657	0.124369	-5.127629	3.571084	4.156435	0.000000	0.000000	-0.000000	-0.000000
-5.379296	0.010843	7.197864	-0.593771	3.040752	0.008269	0.000000	0.000000	-0.000000	-0.000000
-12.642174	0.127886	-3.575205	-0.025151	-0.781158	-4.390215	0.000000	0.000000	-0.000000	-0.000000
-7.592708	-5.607336	-2.960005	1.032904	3.837096	-0.004252	0.000000	0.000000	-0.000000	-0.000000
-8.947062	-5.660107	-3.709606	1.166342	-1.658444	-0.002273	0.000000	0.000000	-0.000000	-0.000000
-8.220879	0.208734	-6.302032	-2.275822	3.993348	0.000191	0.000000	0.000000	-0.000000	-0.000000
-9.149339	-3.725390	-4.578066	-0.013346	4.630784	0.001552	0.000000	0.000000	-0.000000	-0.000000
-6.983083	3.488953	-6.704625	3.378030	-3.165666	-0.002526	0.000000	0.000000	-0.000000	-0.000000
-3.451137	-4.590042	-0.091184	-3.622070	2.181639	-0.001587	0.000000	0.000000	-0.000000	-0.000000
-5.322115	7.241261	3.137211	-1.498519	0.418618	0.015664	0.000000	0.000000	-0.000000	-0.000000
-4.959731	4.459570	0.036422	-1.020055	-2.936107	4.431728	0.000000	0.000000	-0.000000	-0.000000
-3.263619	-4.647078	0.054216	-3.606519	2.027691	-0.002640	0.000000	0.000000	-0.000000	-0.000000
-5.370934	0.117898	-3.693123	-4.899643	2.205041	-0.005102	0.000000	0.000000	-0.000000	-0.000000
-4.554264	0.000019	2.423019	0.000000	0.000073	-3.523813	0.000000	0.000000	0.000000	0.000000
-2.279089	0.199088	3.829013	-0.141537	0.051304	-3.678879	0.000000	0.000000	-0.000000	-0.000000
-12.991837	-3.806907	3.679044	1.405420	-0.828954	0.002798	0.000000	0.000000	-0.000000	-0.000000
-9.682097	-0.056939	-7.219744	-0.001740	4.315412	0.001868	0.000000	0.000000	-0.000000	-0.000000
-7.257809	0.940310	-0.276937	-4.572352	2.616584	-4.496041	0.000000	0.000000	-0.000000	-0.000000
-12.491155	0.303928	-3.491706	0.178942	-1.742958	-4.190496	0.000000	0.000000	-0.000000	-0.000000
-3.714187	2.058098	6.965921	-0.059397	1.569292	0.004461	0.000000	0.000000	-0.000000	-0.000000
-8.982595	-4.321434	-0.052019	1.397765	3.884228	-4.284547	0.000000	0.000000	-0.000000	-0.000000
-3.863490	-0.080205	3.533028	-0.124149	-5.903233	-3.510552	0.000000	0.000000	-0.000000	-0.000000
-5.622297	-0.342097	-3.409775	5.161735	-3.925238	0.016252	0.000000	0.000000	-0.000000	-0.000000
-10.626579	-4.341230	-0.051679	0.987770	-2.423038	-3.965040	0.000000	0.000000	-0.000000	-0.000000
-7.918533	4.386557	-3.359881	3.034356	3.817111	3.814934	0.000000	0.000000	-0.000000	-0.000000
-4.837913	5.457612	0.018518	-0.834876	0.152932	-3.730903	0.000000	0.000000	-0.000000	-0.000000
-2.562860	-0.005904	3.420900	-0.168146	0.086783	-3.854296	0.000000	0.000000	-0.000000	-0.000000
-12.265659	0.022483	-3.474987	-0.043490	5.839633	3.762871	0.000000	0.000000	-0.000000	-0.000000
-11.535241	-3.204544	3.527936	1.251307	4.934398	0.002884	0.000000	0.000000	-0.000000	-0.000000
-4.215303	-3.497267	3.522069	-3.381785	1.783042	-4.183195	0.000000	0.000000	-0.000000	-0.000000
-11.206623	-4.807909	-0.008461	1.186234	-0.480331	4.034295	0.000000	0.000000	-0.000000	-0.000000
-13.713656	0.037931	-3.452763	-0.056239	-0.261979	4.228003	0.000000	0.000000	-0.000000	-0.000000
-7.644512	0.111082	-0.040659	5.235668	-2.617048	3.772469	0.000000	0.000000	-0.000000	-0.000000
-3.531893	4.115683	-4.023349	-1.941684	-5.159142	0.055369	0.000000	0.000000	-0.000000	-0.000000
-10.760731	0.819546	3.898294	-5.171907	-2.251785	0.000077	0.000000	0.000000	-0.000000	-0.000000
-12.545244	0.091118	-3.502997	-0.026328	-1.929025	-4.143398	0.000000	0.000000	-0.000000	-0.000000
-13.750468	0.073556	-3.480186	-0.043032	-0.107712	4.206461	0.000000	0.000000	-0.000000	-0.000000
-3.634540	0.025005	0.011386	-0.869928	-7.412823	0.214328	0.000000	0.000000	-0.000000	-0.000000
-6.440542	-3.972205	3.287754	-3.636747	-4.190936	-3.801513	0.000000	0.000000	-0.000000	-0.000000
-4.980774	1.122099	6.469969	-0.015801	-5.078240	0.109598	0.000000	0.000000	-0.000000	-0.000000
-5.307040	7.155643	3.234790	-1.499797	0.207129	-0.006828	0.000000	0.000000	-0.000000	-0.000000
-4.481231	4.525451	2.538705	-0.480835	2.022232	-3.314776	0.000000	0.000000	-0.000000	-0.000000
-7.359389	5.704041	3.538111	-1.558842	-4.116065	0.009746	0.000000	0.000000	-0.000000	-0.000000
-14.783745	0.030443	0.017129	-0.024251	-0.373011	0.004977	0.000000	0.000000	-0.000000	-0.000000
-7.139860	-2.922582	6.288206	-3.336116	3.483504	0.006736	0.000000	0.000000	-0.000000	-0.000000
-8.579921	-2.659819	6.592852	-3.598919	-3.212444	-0.011895	0.000000	0.000000	-0.000000	-0.000000
-10.456749	-4.340456	-0.021587	1.125411	-2.657884	-4.049679	0.000000	0.000000	-0.000000	-0.000000
-3.177518	0.249337	3.628775	-0.018476	-4.488377	4.572174	0.000000	0.000000	-0.000000	-0.000000
-2.826317	1.483651	3.660411	-0.074633	1.487664	4.152640	0.000000	0.000000	-0.000000	-0.000000
-9.276957	-4.255203	-0.026457	1.000085	3.819012	-4.323034	0.000000	0.000000	-0.000000	-0.000000
-11.167990	-4.844445	-0.073880	1.240672	-0.572468	4.067938	0.000000	0.000000	-0.000000	-0.000000
-11.007107	-0.431900	-7.102309	-0.086336	-1.009556	-0.007944	0.000000	0.000000	-0.000000	-0.000000
-10.172928	5.303524	0.076839	3.512690	3.654978	0.012277	0.000000	0.000000	-0.000000	-0.000000
-4.217197	-3.257837	3.709441	-3.296799	1.635729	-4.214975	0.000000	0.000000	-0.000000	-0.000000
-12.793285	-0.065153	-0.009805	-0.004858	5.909298	0.001785	0.000000	0.000000	-0.000000	-0.000000
-9.833291	4.029610	-2.666667	3.708986	-1.728634	3.871107	0.000000	0.000000	-0.000000	-0.000000
-7.554977	-5.394203	-3.039006	1.570273	3.859090	0.003617	0.000000	0.000000	-0.000000	-0.000000
-11.618932	5.295724	-0.016498	3.670615	-2.214428	-0.008796	0.000000	0.000000	-0.000000	-0.000000
-12.755231	0.023575	-3.526626	-0.035095	-1.919714	-4.118532	0.000000	0.000000	-0.000000	-0.000000
-7.881706	4.303318	-2.999752	3.190609	3.843298	3.869209	0.000000	0.000000	-0.000000	-0.000000
0.000322	0.029577	-0.099708	-0.013645	0.060800	0.061641	0.000000	0.000000	-0.000000	-0.000000
-13.005175	-3.973164	3.656730	1.382679	-0.925261	0.000962	0.000000	0.000000	-0.000000	-0.000000
-5.198559	-3.911165	-2.480144	-4.066812	-2.233474	0.003615	0.000000	0.000000	-0.000000	-0.000000
-5.685876	0.102410	0.059940	5.111264	2.412228	-3.850813	0.000000	0.000000	-0.000000	-0.000000
-5.574606	-0.067904	-3.277712	-4.933860	2.337227	0.010776	0.000000	0.000000	-0.000000	-0.000000
-2.725410	0.042577	3.484360	-0.328179	0.432800	-3.836934	0.000000	0.000000	-0.000000	-0.000000
-10.086255	-0.586408	-7.171988	-0.269519	-2.987716	-0.006879	0.000000	0.000000	-0.000000	-0.000000
-9.222686	-4.366505	-0.138798	1.297196	3.831876	-4.321297	0.000000	0.000000	-0.000000	-0.000000
-7.783864	4.712471	-4.018703	3.802756	2.719719	-3.952812	0.000000	0.000000	-0.000000	-0.000000
-8.914275	3.929069	-3.695776	3.673687	-3.431270	-3.742955	0.000000	0.000000	-0.000000	-0.000000
-4.716506	-3.299189	3.495866	-3.449453	1.359834	-4.176850	0.000000	0.000000	-0.000000	-0.000000
-7.535293	0.927544	0.045111	-5.110113	3.574360	4.244450	0.000000	0.000000	-0.000000	-0.000000
-3.035006	4.150159	-4.077108	-1.476928	-4.917951	0.022480	0.000000	0.000000	-0.000000	-0.000000
-7.803811	0.449513	-0.146042	-4.741755	0.767505	-4.729909	0.000000	0.000000	-0.000000	-0.000000
-5.987052	0.026675	-4.388258	-5.201793	-3.581695	-0.007854	0.000000	0.000000	-0.000000	-0.000000
-15.643392	0.208090	-0.163329	-0.027213	-0.575053	-0.000725	0.000000	0.000000	-0.000000	-0.000000
-7.119642	3.604856	-6.614402	3.301907	-3.225939	0.006650	0.000000	0.000000	-0.000000	-0.000000
-6.898775	3.461565	-6.777151	3.397124	-3.120214	-0.000840	0.000000	0.000000	-0.000000	-0.000000
-4.031357	5.881212	-0.641788	-0.619883	0.896876	3.947940	0.000000	0.000000	-0.000000	-0.000000
-8.905238	-4.227798	-0.007992	1.502856	3.925494	-4.272033	0.000000	0.000000	-0.000000	-0.000000
-5.104051	6.299524	3.750681	-1.353524	0.341703	-0.009098	0.000000	0.000000	-0.000000	-0.000000
-9.081075	2.052322	2.920880	-4.652828	3.384200	-0.042771	0.000000	0.000000	-0.000000	-0.000000
-0.446418	4.748716	-4.110047	-1.386921	0.327824	-0.004178	0.000000	0.000000	-0.000000	-0.000000
-6.900679	5.776178	3.645274	-1.377621	-4.029909	-0.005707	0.000000	0.000000	-0.000000	-0.000000
-6.601588	-3.686082	3.362384	-3.492865	-2.971291	4.199045	0.000000	0.000000	-0.000000	-0.000000
-3.126262	1.959018	6.241108	0.006068	1.011955	0.011790	0.000000	0.000000	-0.000000	-0.000000
-3.683587	-4.606443	-0.009304	-3.612786	2.302866	-0.005143	0.000000	0.000000	-0.000000	-0.000000
-8.941987	0.249633	0.133759	-5.354758	-0.684240	4.056175	0.000000	0.000000	-0.000000	-0.000000
-10.958338	-0.498265	-6.984726	-0.033006	-1.491443	-0.003152	0.000000	0.000000	-0.000000	-0.000000
-7.916455	4.409127	-3.483910	2.974243	3.766437	3.905380	0.000000	0.000000	-0.000000	-0.000000
-4.137657	-5.167130	0.034362	-3.257540	-3.776615	0.015101	0.000000	0.000000	-0.000000	-0.000000
-5.602231	-3.938425	3.412316	-3.531019	3.194256	4.245700	0.000000	0.000000	-0.000000	-0.000000
-13.142582	-3.769635	3.640212	1.539392	-0.550955	0.001022	0.000000	0.000000	-0.000000	-0.000000
-7.747604	4.752818	-3.965380	3.789290	2.627195	-4.061426	0.000000	0.000000	-0.000000	-0.000000
-8.674425	0.090599	4.088588	-5.133704	3.259329	0.007810	0.000000	0.000000	-0.000000	-0.000000
-12.734107	-0.268110	-3.556556	-0.005648	-1.567173	-4.101433	0.000000	0.000000	-0.000000	-0.000000
-12.340037	0.058244	-3.476574	-0.032778	5.831845	3.743002	0.000000	0.000000	-0.000000	-0.000000
-0.000431	0.118129	-0.032590	-0.086935	0.126239	0.004214	0.000000	0.000000	-0.000000	-0.000000
-8.966744	-3.953685	0.381268	1.613599	3.977549	-4.334989	0.000000	0.000000	-0.000000	-0.000000
-3.652093	3.880147	-5.293846	-0.045421	-4.616246	0.006724	0.000000	0.000000	-0.000000	-0.000000
-4.025600	5.239016	-0.047113	-0.657072	0.014217	-3.818380	0.000000	0.000000	-0.000000	-0.000000
-7.653487	1.131762	-0.038847	-5.116734	3.618883	4.191362	0.000000	0.000000	-0.000000	-0.000000
-9.628668	-4.005616	0.251023	1.639665	5.188859	3.982126	0.000000	0.000000	-0.000000	-0.000000
0.000155	0.303981	-1.212204	-0.306383	0.057636	-0.003310	0.000000	0.000000	-0.000000	-0.000000
-7.112061	-2.690930	6.682571	-3.359675	3.364536	0.003918	0.000000	0.000000	-0.000000	-0.000000
-7.068776	3.600724	-6.654632	3.298333	-3.207023	-0.003489	0.000000	0.000000	-0.000000	-0.000000
-11.766914	0.055095	-3.723108	0.045013	3.797690	-4.156239	0.000000	0.000000	-0.000000	-0.000000
-6.317836	0.105148	0.002290	4.829227	3.327386	3.760924	0.000000	0.000000	-0.000000	-0.000000
-7.874224	-5.319590	-3.351608	0.449770	3.975471	-0.002891	0.000000	0.000000	-0.000000	-0.000000
-9.223897	3.926142	-3.538717	3.656415	-3.304148	-3.923124	0.000000	0.000000	-0.000000	-0.000000
-6.704113	0.005453	-4.159854	-4.977041	-3.847777	-0.004534	0.000000	0.000000	-0.000000	-0.000000
0.000011	0.169740	-0.283150	-0.092334	0.050490	-0.186304	0.000000	0.000000	-0.000000	-0.000000
-5.575504	5.102480	-0.378207	-1.395589	-4.369038	3.990650	0.000000	0.000000	-0.000000	-0.000000
-6.787961	3.341179	-7.045020	3.473560	-2.952742	-0.008713	0.000000	0.000000	-0.000000	-0.000000
-1.350660	0.541375	4.031377	-0.046667	0.032777	-3.781052	0.000000	0.000000	-0.000000	-0.000000
-3.640443	-4.627612	-0.037047	-3.625322	2.284290	-0.017204	0.000000	0.000000	-0.000000	-0.000000
-5.112391	6.505145	3.529669	-1.511073	1.247639	-0.008213	0.000000	0.000000	-0.000000	-0.000000
-4.524416	3.851800	0.815870	-0.567147	-5.304285	-3.385645	0.000000	0.000000	-0.000000	-0.000000
-12.806181	0.111947	-3.620458	-0.036696	-0.637057	-4.391937	0.000000	0.000000	-0.000000	-0.000000
-9.319601	3.947598	-3.487646	3.624674	-3.236801	-3.947533	0.000000	0.000000	-0.000000	-0.000000
-5.704802	-3.431372	-2.987333	2.894441	-3.284114	0.011836	0.000000	0.000000	-0.000000	-0.000000
-6.953066	3.628380	-6.892982	3.330898	-2.682982	-0.004470	0.000000	0.000000	-0.000000	-0.000000
-4.098326	5.508054	0.048980	-1.331093	0.460307	4.236469	0.000000	0.000000	-0.000000	-0.000000
-10.249433	5.433523	-0.001714	3.494210	3.366941	0.002842	0.000000	0.000000	-0.000000	-0.000000
-5.037993	-5.132818	0.026797	-3.488707	-3.840698	0.023487	0.000000	0.000000	-0.000000	-0.000000
-4.144768	5.968172	-0.108352	-1.443414	1.829151	3.938588	0.000000	0.000000	-0.000000	-0.000000
-4.778070	4.759628	-0.011163	-1.236094	-5.316695	-3.463136	0.000000	0.000000	-0.000000	-0.000000
-6.154750	0.187947	-3.904933	-5.199085	-3.839390	-0.011326	0.000000	0.000000	-0.000000	-0.000000
-9.356742	0.347304	3.808060	5.087984	-2.252012	0.003627	0.000000	0.000000	-0.000000	-0.000000
-0.000443	0.044905	-0.045580	-0.046007	0.041828	-0.078313	0.000000	0.000000	-0.000000	-0.000000
-6.233509	0.091851	0.039929	4.817792	3.278011	3.811254	0.000000	0.000000	-0.000000	-0.000000
-8.901024	-4.224170	0.006561	1.644913	3.941859	-4.262678	0.000000	0.000000	-0.000000	-0.000000
-4.851630	-3.718466	3.739123	-3.492761	1.254320	-3.665369	0.000000	0.000000	-0.000000	-0.000000
-14.638265	0.110176	0.025483	-0.050510	-0.636955	0.003881	0.000000	0.000000	-0.000000	-0.000000
-9.854516	-0.006834	-0.475609	-0.008445	-3.003704	-3.752232	0.000000	0.000000	-0.000000	-0.000000
-6.912788	3.515129	-6.760697	3.351037	-3.147491	-0.008663	0.000000	0.000000	-0.000000	-0.000000
-10.117376	5.325329	0.005629	3.517859	3.668307	0.079157	0.000000	0.000000	-0.000000	-0.000000
-4.625086	-3.075379	3.527923	-3.433866	1.881707	-4.194777	0.000000	0.000000	-0.000000	-0.000000
-5.662301	0.039839	0.020269	5.123614	2.390930	-3.870513	0.000000	0.000000	-0.000000	-0.000000
-11.545534	5.309206	0.416999	3.797924	-1.837611	-0.009092	0.000000	0.000000	-0.000000	-0.000000
-8.784001	0.094741	-0.025320	-5.261349	-1.018421	4.391396	0.000000	0.000000	-0.000000	-0.000000
-7.356367	0.015750	-0.018825	4.914842	-3.838716	-3.375259	0.000000	0.000000	-0.000000	-0.000000
-4.496706	1.400201	6.738166	-0.002348	-4.881110	0.008379	0.000000	0.000000	-0.000000	-0.000000
-5.314958	-3.895308	2.666170	-3.019690	-2.817017	-2.661974	0.000000	0.000000	-0.000000	-0.000000
-13.438460	1.335415	0.090867	-0.109356	5.302023	-0.006467	0.000000	0.000000	-0.000000	-0.000000
-5.464246	0.007233	2.294733	-0.000019	-2.533668	5.804543	0.000000	0.000000	0.000000	-0.000000
-7.298791	6.151578	2.464159	-1.653146	-4.238214	0.050149	0.000000	0.000000	-0.000000	-0.000000
-14.670349	0.092834	0.609304	-0.044336	-0.192936	0.000189	0.000000	0.000000	-0.000000	-0.000000
-8.539353	0.158463	4.089080	4.870881	3.705146	-0.000014	0.000000	0.000000	-0.000000	-0.000000
-14.709805	0.041850	0.391762	-0.019165	-0.218830	0.000940	0.000000	0.000000	-0.000000	-0.000000
-9.281425	3.981082	-3.526029	3.625922	-3.263215	-3.914399	0.000000	0.000000	-0.000000	-0.000000
-5.680883	-3.834352	3.397461	-3.548556	3.221014	4.248276	0.000000	0.000000	-0.000000	-0.000000
-10.897137	-0.050204	3.893910	-4.054534	-0.458583	0.000000	0.000000	0.000000	-0.000000	-0.000000
-3.272116	0.093160	3.667077	-0.035971	-5.572531	-3.644193	0.000000	0.000000	-0.000000	-0.000000
-8.231038	0.164136	-0.492909	-5.124075	-4.137478	-3.241665	0.000000	0.000000	-0.000000	-0.000000
-14.061329	0.377193	-0.012023	-0.218976	-1.088896	-0.000995	0.000000	0.000000	-0.000000	-0.000000
-7.125090	4.912744	3.221635	-0.881541	2.237231	0.001848	0.000000	0.000000	-0.000000	-0.000000
-3.689246	-5.202069	0.118463	-3.172290	2.324479	-0.008887	0.000000	0.000000	-0.000000	-0.000000
-6.895144	3.471020	-6.759405	3.386323	-3.150286	0.004721	0.000000	0.000000	-0.000000	-0.000000
-8.807384	0.169256	1.736685	-5.266712	-4.325762	-3.334762	0.000000	0.000000	-0.000000	-0.000000
-9.282062	1.118154	3.862143	5.059277	-2.148249	0.005923	0.000000	0.000000	-0.000000	-0.000000
-6.135355	-0.037526	-4.235468	-5.166349	-3.603232	-0.004876	0.000000	0.000000	-0.000000	-0.000000
-3.814639	5.869595	-0.238549	-1.272757	1.187855	4.028506	0.000000	0.000000	-0.000000	-0.000000
-8.703435	-6.073092	-3.122333	0.965455	-1.531900	-0.015147	0.000000	0.000000	-0.000000	-0.000000
-3.994897	4.789421	1.019798	-1.100969	1.390989	-3.883211	0.000000	0.000000	-0.000000	-0.000000
-6.622241	0.036489	0.055970	4.852576	3.469816	3.620398	0.000000	0.000000	-0.000000	-0.000000
-11.736919	-3.229463	3.465905	1.296239	4.924666	0.002211	0.000000	0.000000	-0.000000	-0.000000
-3.395397	-4.729771	0.136594	-3.523434	0.851502	-0.003059	0.000000	0.000000	-0.000000	-0.000000
-12.877892	-0.066029	-3.579185	-0.096524	-1.943749	-4.053955	0.000000	0.000000	-0.000000	-0.000000
-10.175670	-3.181411	4.552935	0.084037	4.562520	0.000026	0.000000	0.000000	-0.000000	-0.000000
-7.546649	5.412425	3.758970	-1.583338	-4.226015	0.002003	0.000000	0.000000	-0.000000	-0.000000
-10.632333	-0.236117	-7.037584	-0.061979	-1.974043	-0.006309	0.000000	0.000000	-0.000000	-0.000000
-4.345921	-0.295543	-3.406124	4.804969	2.623445	0.000200	0.000000	0.000000	-0.000000	-0.000000
-6.374176	0.017601	-0.161008	4.804468	3.124484	3.914300	0.000000	0.000000	-0.000000	-0.000000
-3.854200	5.937600	-0.328348	-1.416080	1.598948	3.964942	0.000000	0.000000	-0.000000	-0.000000
-9.765711	0.096144	-7.241986	-0.026237	4.328343	0.006333	0.000000	0.000000	-0.000000	-0.000000
-12.183866	0.150539	-3.420529	-0.075323	5.849991	3.741585	0.000000	0.000000	-0.000000	-0.000000
-6.080336	-4.385260	3.849041	-3.483058	-5.055065	-1.278503	0.000000	0.000000	-0.000000	-0.000000
-3.510040	0.056456	3.690822	-0.044604	-4.656700	4.556040	0.000000	0.000000	-0.000000	-0.000000
-9.130523	1.863572	3.096239	-4.741375	3.348304	0.004010	0.000000	0.000000	-0.000000	-0.000000
-6.741029	0.074432	1.583987	3.864027	-2.000564	3.307855	0.000000	0.000000	-0.000000	-0.000000
-3.016195	0.777135	3.636647	-0.021653	-5.171662	-3.681669	0.000000	0.000000	-0.000000	-0.000000
-3.684347	-4.609591	-0.011480	-3.611609	2.318531	0.000098	0.000000	0.000000	-0.000000	-0.000000
-11.114371	-3.172822	3.922749	0.810859	4.828067	-0.002996	0.000000	0.000000	-0.000000	-0.000000
-7.051623	-0.178089	-1.101037	4.873143	-4.095809	-2.969635	0.000000	0.000000	-0.000000	-0.000000
-5.040817	5.330869	4.187778	-1.297684	1.777224	0.010337	0.000000	0.000000	-0.000000	-0.000000
-12.577608	0.032642	-3.564218	0.084104	-2.033442	-3.954393	0.000000	0.000000	-0.000000	-0.000000
-10.546898	1.327551	3.557917	-4.168036	2.607999	-0.001098	0.000000	0.000000	-0.000000	-0.000000
-13.473046	0.019459	-3.305268	-0.063169	-0.848877	4.349254	0.000000	0.000000	-0.000000	-0.000000
-7.128890	5.631620	3.867493	-0.628818	-4.095109	-0.007227	0.000000	0.000000	-0.000000	-0.000000
-4.762194	-3.391701	3.513931	-3.466272	1.024333	-4.148540	0.000000	0.000000	-0.000000	-0.000000
-4.862950	4.706660	-0.106614	-1.404466	-5.375386	-3.484800	0.000000	0.000000	-0.000000	-0.000000
-9.965642	4.235331	-3.027845	3.593920	-1.106375	4.054112	0.000000	0.000000	-0.000000	-0.000000
-4.725827	-3.150691	3.551540	-3.442475	2.019188	-4.108179	0.000000	0.000000	-0.000000	-0.000000
-7.916884	0.778651	-0.187680	-5.016214	3.513220	4.167194	0.000000	0.000000	-0.000000	-0.000000
-10.940643	0.832368	2.401659	-4.731409	-1.780291	0.134436	0.000000	0.000000	-0.000000	-0.000000
-9.224422	3.926638	-3.576804	3.640594	-3.312911	-3.915350	0.000000	0.000000	-0.000000	-0.000000
-10.857999	1.131468	2.738613	-4.464634	-0.619969	0.010946	0.000000	0.000000	-0.000000	-0.000000
-6.982369	3.577229	-6.853844	3.356858	-2.798230	0.001271	0.000000	0.000000	-0.000000	-0.000000
-6.813817	-3.933878	3.192296	-3.490330	-3.048318	3.583916	0.000000	0.000000	-0.000000	-0.000000
-0.003947	0.104339	0.006485	-0.069147	0.244223	0.041359	0.000000	0.000000	-0.000000	-0.000000
-5.680223	5.130518	-0.364183	-1.469562	-4.338196	4.041452	0.000000	0.000000	-0.000000	-0.000000
-6.048624	0.011418	-4.272098	-5.187109	-3.569102	-0.008470	0.000000	0.000000	-0.000000	-0.000000
-5.664926	-0.045440	-3.660691	5.136985	-3.900772	-0.001170	0.000000	0.000000	-0.000000	-0.000000
-6.980351	0.095340	0.449738	4.996150	-3.850017	-3.275196	0.000000	0.000000	-0.000000	-0.000000
-13.791067	0.217353	-3.361824	-0.071533	-0.020321	3.937323	0.000000	0.000000	-0.000000	-0.000000
-6.418334	-4.004153	3.275872	-3.629888	-4.196294	-3.821749	0.000000	0.000000	-0.000000	-0.000000
-6.354674	-3.696398	3.271925	-3.497863	-2.977991	4.375124	0.000000	0.000000	-0.000000	-0.000000
-7.239742	0.606970	0.033647	-4.651883	2.548346	-4.489783	0.000000	0.000000	-0.000000	-0.000000
-12.324227	0.037143	-3.311265	-0.012510	5.856522	3.706177	0.000000	0.000000	-0.000000	-0.000000
-12.764627	0.151009	-3.633446	-0.013244	-0.327504	-4.400461	0.000000	0.000000	-0.000000	-0.000000
-10.023339	4.125975	-2.715225	3.664078	-1.871007	3.886083	0.000000	0.000000	-0.000000	-0.000000
-8.449879	-2.689965	6.474289	-3.624197	-3.349447	-0.000026	0.000000	0.000000	-0.000000	-0.000000
-7.603809	0.174424	0.036421	5.295719	-2.715327	3.409418	0.000000	0.000000	-0.000000	-0.000000
-8.953958	-4.255682	-0.013200	1.602785	3.915266	-4.277389	0.000000	0.000000	-0.000000	-0.000000
-12.339662	0.041570	-3.534037	-0.069927	5.823011	3.760883	0.000000	0.000000	-0.000000	-0.000000
-10.042756	5.435652	-0.028726	3.427027	3.609953	-0.381050	0.000000	0.000000	-0.000000	-0.000000
-4.963235	1.913396	7.206737	-0.018666	-4.436932	0.002688	0.000000	0.000000	-0.000000	-0.000000
-10.885261	-4.899996	0.514870	1.561136	-1.082326	4.208765	0.000000	0.000000	-0.000000	-0.000000
-12.145919	0.046822	-3.393718	-0.108446	5.864607	3.761306	0.000000	0.000000	-0.000000	-0.000000
-5.846928	4.008681	-6.823638	3.251982	2.735891	0.000049	0.000000	0.000000	-0.000000	-0.000000
-6.309278	3.989182	-6.641630	3.155252	2.960608	0.000650	0.000000	0.000000	-0.000000	-0.000000
-7.804893	0.570582	-0.095113	-4.433031	2.538867	-4.387375	0.000000	0.000000	-0.000000	-0.000000
-7.042043	-2.800618	6.120149	-3.385741	3.489143	0.007504	0.000000	0.000000	-0.000000	-0.000000
-0.006905	0.014390	1.148818	0.014988	-5.900224	0.001029	0.000000	0.000000	-0.000000	-0.000000
-5.706988	-3.972582	3.426857	-3.496205	3.210853	4.197800	0.000000	0.000000	-0.000000	-0.000000
-6.154089	-4.755805	-1.392729	-3.096536	-2.521553	0.016663	0.000000	0.000000	-0.000000	-0.000000
-0.037148	0.025271	-0.015678	-0.003643	-5.804410	0.004942	0.000000	0.000000	-0.000000	-0.000000
-1.545571	0.119745	4.035438	-0.052497	0.221347	-3.804321	0.000000	0.000000	-0.000000	-0.000000
-7.747718	-5.429010	-2.842575	1.477740	3.942625	-0.050740	0.000000	0.000000	-0.000000	-0.000000
-3.607590	1.773004	6.832157	-0.034630	1.179169	0.064388	0.000000	0.000000	-0.000000	-0.000000
-4.197400	5.114202	0.076279	-0.792419	0.248002	4.140176	0.000000	0.000000	-0.000000	-0.000000
-5.416835	0.074993	0.154253	5.064470	2.239030	-3.965009	0.000000	0.000000	-0.000000	-0.000000
-6.508965	3.820893	-7.263741	3.025345	-0.013845	-0.001239	0.000000	0.000000	-0.000000	-0.000000
-11.176572	-4.085866	-0.124893	0.247856	-0.309998	4.015399	0.000000	0.000000	-0.000000	-0.000000
-7.141247	-2.922457	6.634702	-3.268204	3.418701	0.002338	0.000000	0.000000	-0.000000	-0.000000
-3.646814	4.128777	-4.047114	-1.983539	-5.189538	0.032392	0.000000	0.000000	-0.000000	-0.000000
-9.315908	-4.148295	0.033663	0.569483	5.187722	4.066484	0.000000	0.000000	-0.000000	-0.000000
-6.378386	4.256849	-6.413557	3.148914	2.582385	0.025212	0.000000	0.000000	-0.000000	-0.000000
-13.660570	0.036765	-3.365691	-0.087667	-0.748640	4.235295	0.000000	0.000000	-0.000000	-0.000000
-0.000790	0.025332	0.205332	-0.000800	-5.797876	-0.003786	0.000000	0.000000	-0.000000	-0.000000
-8.877340	0.125662	-0.047424	-4.837737	-3.986955	-3.601008	0.000000	0.000000	-0.000000	-0.000000
-3.508761	0.165096	3.793293	-0.030776	-4.674759	4.396322	0.000000	0.000000	-0.000000	-0.000000
-0.051872	0.560180	2.997203	-0.020387	0.009200	1.797505	0.000000	0.000000	-0.000000	-0.000000
-6.336789	0.018695	-0.024831	4.812799	3.354551	3.768597	0.000000	0.000000	-0.000000	-0.000000
-11.016970	-4.951381	0.726017	1.559917	-1.031899	4.057821	0.000000	0.000000	-0.000000	-0.000000
-6.051055	0.062728	-4.273721	-5.179046	-3.606318	-0.003880	0.000000	0.000000	-0.000000	-0.000000
-10.284797	-4.430594	0.606689	1.295919	-3.066798	-4.113713	0.000000	0.000000	-0.000000	-0.000000
-11.804646	5.272864	0.089766	3.795548	-1.811029	-0.037333	0.000000	0.000000	-0.000000	-0.000000
-9.161261	1.960554	2.948228	-4.677660	3.364079	0.008272	0.000000	0.000000	-0.000000	-0.000000
-8.058387	5.129482	-3.548058	3.551256	1.437347	-4.150961	0.000000	0.000000	-0.000000	-0.000000
-4.242972	-0.035614	-3.446454	4.835018	2.587512	-0.000490	0.000000	0.000000	-0.000000	-0.000000
-13.279646	-0.304230	1.181860	0.000196	-1.866878	-0.000588	0.000000	0.000000	-0.000000	-0.000000
-11.184999	-0.061323	-6.168550	-0.248381	-0.463842	-0.024461	0.000000	0.000000	-0.000000	0.000000
-8.903283	-5.621783	-3.627069	1.025146	-1.788776	-0.004954	0.000000	0.000000	-0.000000	-0.000000
-4.016771	5.815536	0.013034	-1.406288	1.281066	4.062993	0.000000	0.000000	-0.000000	-0.000000
-7.470632	0.130086	-0.068999	4.870826	-3.722174	-3.359349	0.000000	0.000000	-0.000000	-0.000000
-13.356765	0.324306	-2.957194	-0.129767	-0.338239	3.614045	0.000000	0.000000	-0.000000	-0.000000
-7.847461	-3.500431	1.729055	-3.172466	-1.887506	4.325435	0.000000	0.000000	-0.000000	-0.000000
-10.678782	-0.382104	-6.566201	-0.050537	-2.716238	0.002879	0.000000	0.000000	-0.000000	-0.000000
-5.084145	0.439117	-3.872080	-4.848450	2.566127	-0.005534	0.000000	0.000000	-0.000000	-0.000000
-7.073778	0.672166	-0.212047	-4.704518	2.351327	-4.612608	0.000000	0.000000	-0.000000	-0.000000
-8.489141	-2.554937	6.539340	-3.615386	-3.347669	0.010894	0.000000	0.000000	-0.000000	-0.000000
-8.130031	-0.091821	-0.038412	-4.583499	3.546018	4.100196	0.000000	0.000000	-0.000000	-0.000000
-13.470165	0.154086	-3.254104	-0.037246	-0.647737	4.239970	0.000000	0.000000	-0.000000	-0.000000
-6.656762	-2.249484	0.647059	-4.182668	2.286786	-4.195749	0.000000	0.000000	-0.000000	-0.000000
-11.245415	-0.947845	-6.054090	-0.099244	-2.177435	-0.001693	0.000000	0.000000	-0.000000	-0.000000
-7.358961	-5.460052	-2.991873	1.341757	3.823629	0.002042	0.000000	0.000000	-0.000000	-0.000000
-0.140381	-4.113100	-0.051722	-2.487200	0.775160	-0.003954	0.000000	0.000000	-0.000000	-0.000000
-8.677743	0.226912	0.009626	-5.320014	-1.619471	4.429083	0.000000	0.000000	-0.000000	-0.000000
-10.089422	5.374673	-0.012119	3.482618	3.648352	-0.089711	0.000000	0.000000	-0.000000	-0.000000
-4.688231	-0.981977	-0.639943	3.422549	-4.036093	2.079663	0.000000	0.000000	-0.000000	-0.000000
-3.769232	1.337984	6.953685	-0.030254	0.128305	0.019041	0.000000	0.000000	-0.000000	-0.000000
-9.816214	-0.072611	-7.175464	-0.049869	4.379938	0.006217	0.000000	0.000000	-0.000000	-0.000000
-6.147623	0.097537	-4.311965	-5.162576	-3.643862	-0.006494	0.000000	0.000000	-0.000000	-0.000000
-8.027213	4.755251	-3.995286	3.765663	2.702753	-4.106380	0.000000	0.000000	-0.000000	-0.000000
-6.555161	4.010804	-6.651513	3.042653	2.768684	0.007523	0.000000	0.000000	-0.000000	-0.000000
-10.518076	-4.456744	0.025391	0.871777	-2.506174	-3.848191	0.000000	0.000000	-0.000000	-0.000000
-12.894689	0.046676	-3.544970	-0.052705	-1.211733	-4.318841	0.000000	0.000000	-0.000000	-0.000000
-4.225669	0.007990	-3.482986	4.837280	2.544426	-0.000371	0.000000	0.000000	-0.000000	-0.000000
-5.029568	4.848808	0.198427	-1.350919	-5.410532	-3.400377	0.000000	0.000000	-0.000000	-0.000000
-7.946819	4.766770	-3.998177	3.775732	2.700837	-4.087320	0.000000	0.000000	-0.000000	-0.000000
-3.580071	4.222807	-3.910639	-1.900614	-5.212546	-0.029265	0.000000	0.000000	-0.000000	-0.000000
-6.048734	0.016281	-4.195397	-5.182637	-3.576731	-0.005188	0.000000	0.000000	-0.000000	-0.000000
-10.118281	5.305390	0.027138	3.520061	3.663664	0.029772	0.000000	0.000000	-0.000000	-0.000000
-5.789762	0.105521	-3.938168	-5.242422	-3.345576	-0.000235	0.000000	0.000000	-0.000000	-0.000000
-11.035265	-4.961862	-0.055911	1.424570	-0.464283	4.161794	0.000000	0.000000	-0.000000	-0.000000
-6.047313	0.277633	-4.529798	-5.170152	-3.709669	-0.002542	0.000000	0.000000	-0.000000	-0.000000
-9.243996	3.928770	-3.389633	3.705527	-3.302823	-3.897521	0.000000	0.000000	-0.000000	-0.000000
-5.986879	-3.884053	3.242246	-3.692908	-4.235882	-3.884675	0.000000	0.000000	-0.000000	-0.000000
-10.697768	-4.419172	0.095306	0.967939	-0.890109	-3.835434	0.000000	0.000000	-0.000000	-0.000000
-4.450362	-0.010721	-3.439146	4.858399	2.488870	-0.000195	0.000000	0.000000	-0.000000	-0.000000
-10.662057	-4.094536	-0.361088	0.201363	-1.805792	-3.713727	0.000000	0.000000	-0.000000	-0.000000
-4.493294	0.024474	-3.036537	5.026494	1.778598	0.002055	0.000000	0.000000	-0.000000	-0.000000
-4.148077	5.571805	-0.040291	-1.304249	0.512778	4.206087	0.000000	0.000000	-0.000000	-0.000000
-7.625804	0.063896	-0.048714	5.225852	-2.580201	3.832029	0.000000	0.000000	-0.000000	-0.000000
-2.332885	0.801941	3.712484	-0.052818	1.151392	4.329416	0.000000	0.000000	-0.000000	-0.000000
-7.951783	4.693347	-4.137087	3.782540	2.779988	-3.977899	0.000000	0.000000	-0.000000	-0.000000
-6.333220	-3.980027	3.318423	-3.629470	-4.234061	-3.819590	0.000000	0.000000	-0.000000	-0.000000
-4.519597	4.369499	-2.905764	-1.810327	-5.654479	-2.629153	0.000000	0.000000	-0.000000	-0.000000
-8.683809	-0.163684	-4.086917	-3.708034	-1.968298	0.003145	0.000000	0.000000	-0.000000	-0.000000
-5.489161	-0.017633	-4.322960	-4.957988	0.177758	-0.017320	0.000000	0.000000	-0.000000	-0.000000
-0.064149	0.123989	-0.113527	-0.008871	-5.770087	-0.007677	0.000000	0.000000	-0.000000	-0.000000
-7.487377	-5.442289	-3.037436	1.445865	3.833519	0.001713	0.000000	0.000000	-0.000000	-0.000000
-7.633293	0.153285	-0.100118	-4.369466	2.593512	-4.426472	0.000000	0.000000	-0.000000	-0.000000
-10.058124	5.299482	-0.019006	3.533171	3.678241	0.140109	0.000000	0.000000	-0.000000	-0.000000
-7.344793	0.005052	-0.001971	5.117814	-2.637541	3.908887	0.000000	0.000000	-0.000000	-0.000000
-10.864045	-4.089871	-0.795002	0.229738	-1.856864	-3.566973	0.000000	0.000000	-0.000000	-0.000000
-13.107176	-3.523460	3.239262	1.673558	-0.439818	0.002474	0.000000	0.000000	-0.000000	-0.000000
-11.694860	5.402208	0.017180	3.736825	-1.513716	0.008228	0.000000	0.000000	-0.000000	-0.000000
-6.812564	0.014173	-0.085743	4.423500	-1.759168	-3.451733	0.000000	0.000000	-0.000000	-0.000000
-11.407798	0.392505	-3.762526	0.148008	3.773512	-4.106077	0.000000	0.000000	-0.000000	-0.000000
-3.786186	1.252313	6.765616	-0.034238	0.102753	0.170014	0.000000	0.000000	-0.000000	-0.000000
-7.192862	5.637005	3.654859	-1.426952	-4.144718	0.001997	0.000000	0.000000	-0.000000	-0.000000
-6.456726	-4.126596	3.266226	-3.598587	-4.153300	-3.784077	0.000000	0.000000	-0.000000	-0.000000
-9.392652	0.683036	3.825891	5.141101	-2.209148	0.005136	0.000000	0.000000	-0.000000	-0.000000
-3.210548	5.268845	-4.397219	-1.119855	0.245514	0.013555	0.000000	0.000000	-0.000000	-0.000000
-4.769740	-4.926609	0.049131	-3.435054	-4.114209	0.171324	0.000000	0.000000	-0.000000	-0.000000
-9.707692	-4.093226	0.084969	1.542938	5.229502	3.978491	0.000000	0.000000	-0.000000	-0.000000
-5.648189	4.436153	0.061010	-1.120505	-2.671597	3.956992	0.000000	0.000000	-0.000000	-0.000000
-3.328079	4.155699	-4.056989	-1.884299	-5.043690	0.057512	0.000000	0.000000	-0.000000	-0.000000
-4.099649	7.023641	-0.046541	-1.488668	2.165707	0.800191	0.000000	0.000000	-0.000000	-0.000000
-0.000120	0.114656	0.109337	-0.063571	0.020169	-0.029651	0.000000	0.000000	-0.000000	-0.000000
-9.412428	4.208217	-3.362763	3.697040	-1.136573	4.270578	0.000000	0.000000	-0.000000	-0.000000
-5.901834	-3.812361	3.265224	-3.510728	3.278002	4.218298	0.000000	0.000000	-0.000000	-0.000000
-7.589843	0.121691	1.189718	4.827611	-2.827251	3.766338	0.000000	0.000000	-0.000000	-0.000000
-8.931399	0.052546	-0.063557	-5.227684	-1.403548	4.343939	0.000000	0.000000	-0.000000	-0.000000
-11.020892	0.275113	2.393397	-4.508555	-1.619184	0.120476	0.000000	0.000000	-0.000000	-0.000000
-6.886860	3.523158	-6.731478	3.338944	-3.187276	-0.000869	0.000000	0.000000	-0.000000	-0.000000
-0.035985	0.014724	-0.003763	0.010412	-5.805871	-0.003379	0.000000	0.000000	-0.000000	-0.000000
-9.777658	-2.054019	4.809311	0.049847	4.412209	0.004606	0.000000	0.000000	-0.000000	-0.000000
-6.727041	3.377170	-6.963184	3.410658	-3.026052	-0.003487	0.000000	0.000000	-0.000000	-0.000000
-9.304380	3.927009	-3.493362	3.635996	-3.296175	-3.921587	0.000000	0.000000	-0.000000	-0.000000
-3.423552	4.189071	-3.980029	-1.876997	-5.115151	0.022871	0.000000	0.000000	-0.000000	-0.000000
-6.431880	-4.044712	3.178452	-3.637295	-4.151817	-3.801718	0.000000	0.000000	-0.000000	-0.000000
-9.005630	2.044126	3.012784	-4.685796	3.402455	0.011224	0.000000	0.000000	-0.000000	-0.000000
-12.484827	-0.145446	-3.448712	0.232661	-1.968436	-4.043084	0.000000	0.000000	-0.000000	-0.000000
-3.583910	1.587488	6.687058	-0.024925	0.505617	0.066529	0.000000	0.000000	-0.000000	-0.000000
-4.722516	-3.183185	3.650557	-3.403906	1.137508	-4.175698	0.000000	0.000000	-0.000000	-0.000000
-9.336432	-0.000002	-4.842781	-0.000000	3.077764	0.003198	0.000000	0.000000	0.000000	0.000000
-11.704196	5.270493	-0.000588	3.711284	-2.123718	0.049910	0.000000	0.000000	-0.000000	-0.000000
-10.785920	0.190284	4.020575	-5.136285	-2.171224	0.001265	0.000000	0.000000	-0.000000	-0.000000
-4.667452	0.051597	0.142287	-4.989161	0.290568	-4.129477	0.000000	0.000000	-0.000000	-0.000000
-6.884443	-3.770555	3.338944	-3.453355	-2.794344	4.070292	0.000000	0.000000	-0.000000	-0.000000
-3.062027	0.018109	3.566022	-0.015275	-5.534495	-3.680560	0.000000	0.000000	-0.000000	-0.000000
-6.197610	0.110071	-4.155921	-5.155297	-3.709008	-0.009665	0.000000	0.000000	-0.000000	-0.000000
-5.570868	0.302993	0.037160	5.086933	2.312048	-3.903463	0.000000	0.000000	-0.000000	-0.000000
-7.516003	0.561592	-0.019579	-4.748125	2.640555	-4.355318	0.000000	0.000000	-0.000000	-0.000000
-12.885424	-3.852822	3.752156	1.163726	-0.700330	-0.005258	0.000000	0.000000	-0.000000	-0.000000
-6.644981	-3.763741	3.340078	-3.466204	-2.945769	4.200953	0.000000	0.000000	-0.000000	-0.000000
-5.630826	0.061399	0.005785	5.051869	2.087281	-3.973450	0.000000	0.000000	-0.000000	-0.000000
-8.197415	-0.117372	0.012713	-4.554665	3.535884	4.066135	0.000000	0.000000	-0.000000	-0.000000
-7.040579	-3.058511	6.184982	-3.321878	3.493508	0.005072	0.000000	0.000000	-0.000000	-0.000000
-8.996490	-4.182518	0.062693	1.478961	3.925866	-4.310194	0.000000	0.000000	-0.000000	-0.000000
-6.379676	4.867834	4.780215	-0.448649	-4.382164	-0.004325	0.000000	0.000000	-0.000000	-0.000000
-4.368111	-0.054901	-3.345207	4.844137	2.630147	0.000772	0.000000	0.000000	-0.000000	-0.000000
-6.159601	3.932275	-6.803643	3.188448	2.842650	-0.000652	0.000000	0.000000	-0.000000	-0.000000
-4.686277	-5.012253	-0.006391	-3.410210	-4.055866	0.220323	0.000000	0.000000	-0.000000	-0.000000
-3.823550	4.969391	-0.017700	-1.356928	0.275571	-3.922784	0.000000	0.000000	-0.000000	-0.000000
-6.951808	3.714127	-6.486959	3.158599	-3.397242	-0.013029	0.000000	0.000000	-0.000000	-0.000000
-9.087544	-4.198919	-0.023435	1.423650	3.897464	-4.331165	0.000000	0.000000	-0.000000	-0.000000
-2.955733	0.160338	2.877925	-0.206168	-0.017508	-3.931952	0.000000	0.000000	-0.000000	-0.000000
-4.778820	-0.740756	-2.460035	3.589064	-4.168522	-0.022500	0.000000	0.000000	-0.000000	-0.000000
-6.276513	-4.157914	1.832412	-3.384213	-3.700410	-2.447310	0.000000	0.000000	-0.000000	-0.000000
-9.363732	3.931031	-3.509538	3.601506	-3.287718	-3.939506	0.000000	0.000000	-0.000000	-0.000000
-5.165578	0.048834	-3.569201	-4.948673	2.476305	-0.002558	0.000000	0.000000	-0.000000	-0.000000
-11.339534	5.393967	0.053820	3.571729	-2.246999	0.073922	0.000000	0.000000	-0.000000	-0.000000
-13.834938	-0.018696	-3.546555	-0.045654	-0.142430	4.216227	0.000000	0.000000	-0.000000	-0.000000
-10.297711	-3.339246	5.456587	0.065858	-0.109299	0.003157	0.000000	0.000000	-0.000000	-0.000000
-11.300529	-4.772402	0.019672	1.091856	-0.471796	3.978456	0.000000	0.000000	-0.000000	-0.000000
-7.611393	0.092379	-0.008393	-4.376731	2.640831	-4.406408	0.000000	0.000000	-0.000000	-0.000000
-11.869022	0.003025	-2.728691	-1.069434	-2.363023	-4.069016	0.000000	0.000000	-0.000000	-0.000000
-6.230044	0.005113	0.027582	4.801060	3.305713	3.812322	0.000000	0.000000	-0.000000	-0.000000
-3.559717	1.630202	7.058032	-0.034534	0.603185	-0.281965	0.000000	0.000000	-0.000000	-0.000000
-3.222587	0.035764	3.839085	-0.056566	-5.926959	-3.283089	0.000000	0.000000	-0.000000	-0.000000
-13.444659	0.752365	0.051256	-0.039369	5.487472	-0.009379	0.000000	0.000000	-0.000000	-0.000000
-11.562835	-3.288740	3.535993	1.247661	4.935521	-0.001718	0.000000	0.000000	-0.000000	-0.000000
-14.703817	0.198814	0.292318	-0.113911	-0.145429	0.001429	0.000000	0.000000	-0.000000	-0.000000
-11.113618	5.526930	-0.057698	3.431640	-2.381846	-0.012806	0.000000	0.000000	-0.000000	-0.000000
-8.195289	-2.856911	6.634736	-3.620441	-3.323287	-0.001362	0.000000	0.000000	-0.000000	-0.000000
-10.078075	5.378766	-0.022948	3.486785	3.648535	-0.093396	0.000000	0.000000	-0.000000	-0.000000
-10.814524	0.380817	3.244744	-3.712833	2.715410	0.022120	0.000000	0.000000	-0.000000	-0.000000
-10.386067	0.001244	-6.182551	-0.002147	-3.314828	0.000000	0.000000	0.000000	-0.000000	-0.000000
-11.074580	5.510306	-0.010397	3.428198	-2.402507	0.004141	0.000000	0.000000	-0.000000	-0.000000
-11.186071	-5.036346	-0.086004	1.324120	-0.120700	4.035346	0.000000	0.000000	-0.000000	-0.000000
-3.541913	1.892836	6.906046	-0.039120	0.587159	-0.008556	0.000000	0.000000	-0.000000	-0.000000
-0.000993	0.148366	-0.022517	-0.081874	0.002457	-0.015323	0.000000	0.000000	-0.000000	-0.000000
-3.760103	0.117608	3.741860	-0.055032	-4.504430	4.516500	0.000000	0.000000	-0.000000	-0.000000
-8.636826	-6.001001	-3.386122	0.693016	-1.108283	-0.001913	0.000000	0.000000	-0.000000	-0.000000
-5.830871	-0.011536	-4.056706	-5.230997	-3.520845	-0.007094	0.000000	0.000000	-0.000000	-0.000000
-3.519211	-4.449905	-0.385736	-3.668600	2.104877	-0.003039	0.000000	0.000000	-0.000000	-0.000000
-11.857639	-0.001842	-3.877931	-0.036299	3.837432	-4.133145	0.000000	0.000000	-0.000000	-0.000000
-7.787238	1.192350	-0.038288	-5.130615	3.603124	4.152425	0.000000	0.000000	-0.000000	-0.000000
-4.262486	-1.878546	3.326970	-3.316486	1.509794	-4.538383	0.000000	0.000000	-0.000000	-0.000000
-9.000227	2.044638	2.998496	-4.685571	3.402572	0.005647	0.000000	0.000000	-0.000000	-0.000000
-9.741807	-4.124530	-0.017681	1.500258	5.233379	3.998708	0.000000	0.000000	-0.000000	-0.000000
-3.573586	-4.706670	0.002421	-3.553101	1.802416	-0.001195	0.000000	0.000000	-0.000000	-0.000000
-7.046732	3.532184	-6.650550	3.350215	-3.194716	0.003118	0.000000	0.000000	-0.000000	-0.000000
-7.137629	-2.821280	6.704634	-3.286446	3.393592	0.002659	0.000000	0.000000	-0.000000	-0.000000
-4.615876	4.545848	-0.030073	-1.034147	-5.249559	-3.492725	0.000000	0.000000	-0.000000	-0.000000
-7.625061	0.023122	0.277845	5.152355	-2.573333	3.887786	0.000000	0.000000	-0.000000	-0.000000
-11.468257	5.345870	0.001286	3.604109	-2.267419	0.007512	0.000000	0.000000	-0.000000	-0.000000
-8.913313	-5.687374	-3.503430	1.471397	-2.014733	-0.008231	0.000000	0.000000	-0.000000	-0.000000
-10.589096	0.849578	2.843196	-4.957030	-0.412916	0.005824	0.000000	0.000000	-0.000000	-0.000000
-7.547204	0.174471	0.128528	5.230750	-1.867724	3.894892	0.000000	0.000000	-0.000000	-0.000000
-9.698627	4.032123	-2.926147	3.707927	-1.608148	3.976624	0.000000	0.000000	-0.000000	-0.000000
-5.553512	-3.962493	3.501211	-3.597005	3.167288	4.200084	0.000000	0.000000	-0.000000	-0.000000
-10.257300	5.370907	0.060002	3.509176	3.401339	0.085930	0.000000	0.000000	-0.000000	-0.000000
-4.471632	0.118084	-3.581517	4.803903	2.674301	-0.006155	0.000000	0.000000	-0.000000	-0.000000
-8.681875	0.578601	-0.054829	-4.909509	-4.155282	-3.677512	0.000000	0.000000	-0.000000	-0.000000
-10.851854	-2.019461	-6.814958	-0.037001	-1.004386	-0.009842	0.000000	0.000000	-0.000000	-0.000000
-7.523242	0.026783	0.105093	5.176265	-2.552962	3.868779	0.000000	0.000000	-0.000000	-0.000000
-12.139295	0.146230	-3.119804	-0.013131	5.893610	3.683451	0.000000	0.000000	-0.000000	-0.000000
-4.611783	0.243664	-3.673047	-5.059903	2.333119	-0.003405	0.000000	0.000000	-0.000000	-0.000000
-8.870508	2.037602	2.888042	-4.713111	3.492297	0.009080	0.000000	0.000000	-0.000000	-0.000000
-7.560507	0.032439	0.085164	5.181510	-2.588983	3.865743	0.000000	0.000000	-0.000000	-0.000000
-7.978088	4.429440	-3.524551	2.939452	3.765902	3.915383	0.000000	0.000000	-0.000000	-0.000000
-9.726008	-0.039470	-7.220031	-0.153871	4.370620	-0.001534	0.000000	0.000000	-0.000000	-0.000000
-13.618055	0.116902	-3.201577	-0.083808	-0.244138	3.972246	0.000000	0.000000	-0.000000	-0.000000
-3.808734	-4.612862	0.016144	-3.680345	2.365857	-0.003791	0.000000	0.000000	-0.000000	-0.000000
-7.158128	-2.854370	6.699746	-3.305477	3.398064	0.003783	0.000000	0.000000	-0.000000	-0.000000
-9.650706	-0.240425	-7.229709	0.074406	4.281642	-0.011605	0.000000	0.000000	-0.000000	-0.000000
-4.779546	2.142529	6.593818	-0.034042	-4.692110	0.015257	0.000000	0.000000	-0.000000	-0.000000
-2.501513	1.161474	3.864990	-0.081191	1.209024	4.185986	0.000000	0.000000	-0.000000	-0.000000
-3.005205	0.120229	3.644359	0.010823	-5.464718	-3.666510	0.000000	0.000000	-0.000000	-0.000000
-12.278628	0.244419	-3.485540	-0.024447	5.822105	3.722886	0.000000	0.000000	-0.000000	-0.000000
-10.532875	-4.541133	0.051851	1.216463	-2.404041	-4.027867	0.000000	0.000000	-0.000000	-0.000000
-5.510550	-0.110167	-3.540386	5.130795	-3.984382	0.000656	0.000000	0.000000	-0.000000	-0.000000
-6.822874	3.422924	-6.796961	3.421012	-3.130759	0.023267	0.000000	0.000000	-0.000000	-0.000000
-13.568179	0.105083	-3.338546	-0.083460	-0.586149	4.241043	0.000000	0.000000	-0.000000	-0.000000
-9.289784	4.042266	-3.701479	3.498473	-2.702037	-4.044170	0.000000	0.000000	-0.000000	-0.000000
-9.929491	5.566597	-0.063670	3.312951	3.663805	0.038150	0.000000	0.000000	-0.000000	-0.000000
-8.634242	-1.362792	3.644347	-4.099993	3.053761	0.021808	0.000000	0.000000	-0.000000	-0.000000
-5.410122	0.051475	-0.029994	5.132783	2.299454	-3.896657	0.000000	0.000000	-0.000000	-0.000000
-8.808982	0.029287	0.309966	-4.910514	-4.056649	-3.573275	0.000000	0.000000	-0.000000	-0.000000
-4.986953	0.392074	-3.748158	-4.920051	2.542836	-0.005913	0.000000	0.000000	-0.000000	-0.000000
-4.933833	0.336003	2.196656	0.079318	-3.096728	4.663815	0.000000	0.000000	-0.000000	-0.000000
-4.676042	-5.106195	-0.342276	-3.376706	-3.200219	-0.002448	0.000000	0.000000	-0.000000	-0.000000
-8.298801	-3.028927	6.735327	-3.535657	-3.174133	0.008557	0.000000	0.000000	-0.000000	-0.000000
-10.213859	5.362203	-0.004412	3.490407	3.672815	0.006132	0.000000	0.000000	-0.000000	-0.000000
-3.021794	0.048726	3.643136	-0.009453	-5.500316	-3.703492	0.000000	0.000000	-0.000000	-0.000000
-5.578969	-0.063844	-3.686014	5.145311	-3.992442	0.013932	0.000000	0.000000	-0.000000	-0.000000
-0.734888	-0.017041	-0.009509	-0.003879	-6.067643	-0.035868	0.000000	0.000000	-0.000000	-0.000000
-12.286756	0.009675	-3.410676	-0.013524	5.849510	3.741244	0.000000	0.000000	-0.000000	-0.000000
-11.632886	-3.422767	3.343703	1.253632	4.976721	0.001948	0.000000	0.000000	-0.000000	-0.000000
-3.726337	5.372928	1.175926	-1.218641	1.398978	4.149964	0.000000	0.000000	-0.000000	-0.000000
-9.583821	4.003232	-3.134377	3.741718	-1.579045	4.095601	0.000000	0.000000	-0.000000	-0.000000
-4.680267	-3.502480	3.617417	-3.469271	1.259680	-4.106477	0.000000	0.000000	-0.000000	-0.000000
-10.951952	-4.832655	0.032454	1.610144	-1.160910	4.343682	0.000000	0.000000	-0.000000	-0.000000
-12.095774	-0.008556	-3.141934	-0.088615	-1.225066	4.116859	0.000000	0.000000	-0.000000	-0.000000
-6.054482	3.969411	-6.726337	3.248417	2.846009	-0.008255	0.000000	0.000000	-0.000000	-0.000000
-4.663061	-4.993825	0.058950	-3.351149	-4.105413	0.149660	0.000000	0.000000	-0.000000	-0.000000
-5.356973	7.207768	3.188546	-1.560092	0.669252	0.007820	0.000000	0.000000	-0.000000	-0.000000
-5.788164	-3.870285	3.386695	-3.514341	3.244221	4.209133	0.000000	0.000000	-0.000000	-0.000000
-5.966313	4.028611	-6.719070	3.265612	2.750698	-0.015662	0.000000	0.000000	-0.000000	-0.000000
-13.011064	1.149559	1.720987	0.396422	4.689839	-0.000245	0.000000	0.000000	-0.000000	-0.000000
-10.400941	0.034764	-5.704776	-0.000979	-0.271942	0.012043	0.000000	0.000000	-0.000000	0.000000
-9.378289	3.983622	-3.530905	3.580761	-3.287258	-3.926476	0.000000	0.000000	-0.000000	-0.000000
-3.684225	5.118163	0.036498	-0.979020	0.213840	-3.767740	0.000000	0.000000	-0.000000	-0.000000
-3.586601	0.958426	6.645467	-0.037774	0.479296	-0.771008	0.000000	0.000000	-0.000000	-0.000000
-5.734985	-3.839581	3.388266	-3.527114	3.235046	4.235551	0.000000	0.000000	-0.000000	-0.000000
-7.770940	0.056582	0.259066	5.268070	-1.817843	3.927433	0.000000	0.000000	-0.000000	-0.000000
-6.496005	0.064784	-0.021236	4.838228	3.418492	3.684876	0.000000	0.000000	-0.000000	-0.000000
-5.791416	-3.978842	3.421488	-3.492023	3.211450	4.166178	0.000000	0.000000	-0.000000	-0.000000
-4.937724	-3.572432	3.586041	-3.428977	1.201645	-4.032207	0.000000	0.000000	-0.000000	-0.000000
-7.611001	0.036423	0.955761	4.964787	-2.626001	3.850521	0.000000	0.000000	-0.000000	-0.000000
-2.905853	0.754603	3.888614	-0.036383	0.443321	4.185295	0.000000	0.000000	-0.000000	-0.000000
-11.287698	5.737981	-0.010338	3.558264	-0.959515	0.006222	0.000000	0.000000	-0.000000	-0.000000
-9.218457	3.955430	-3.509904	3.667696	-3.304871	-3.890128	0.000000	0.000000	-0.000000	-0.000000
-3.532323	4.786610	0.290071	-1.342120	1.200431	-3.880943	0.000000	0.000000	-0.000000	-0.000000
-3.611957	5.048575	0.000453	-1.169612	0.265368	-3.835752	0.000000	0.000000	-0.000000	-0.000000
-9.252655	0.038509	-0.919925	-4.982816	-1.733509	4.527860	0.000000	0.000000	-0.000000	-0.000000
-3.666375	-4.577813	-0.236735	-3.613220	2.025921	-0.007976	0.000000	0.000000	-0.000000	-0.000000
-8.502387	0.204393	4.034372	4.934806	3.692644	-0.000056	0.000000	0.000000	-0.000000	-0.000000
-5.425880	0.023666	0.071506	5.099813	2.267931	-3.922487	0.000000	0.000000	-0.000000	-0.000000
-3.895166	5.914546	-0.000826	-1.399569	1.576496	3.986470	0.000000	0.000000	-0.000000	-0.000000
-4.818890	4.793613	0.010536	-1.341467	-5.338521	-3.435580	0.000000	0.000000	-0.000000	-0.000000
-5.387572	-0.746753	-3.206242	5.171450	-3.955099	-0.000999	0.000000	0.000000	-0.000000	-0.000000
-3.909280	5.860082	0.021804	-1.426155	1.466260	4.026501	0.000000	0.000000	-0.000000	-0.000000
-3.147333	-4.693478	0.026453	-3.533388	0.780852	0.000589	0.000000	0.000000	-0.000000	-0.000000
-4.679811	-3.208407	3.557882	-3.471780	1.962557	-4.168889	0.000000	0.000000	-0.000000	-0.000000
-2.578568	5.182661	-3.970895	-1.551107	0.186160	0.012350	0.000000	0.000000	-0.000000	-0.000000
-12.357878	-0.056181	-3.332900	-0.011493	5.848684	3.726598	0.000000	0.000000	-0.000000	-0.000000
-6.772485	0.000412	1.231556	4.004806	-3.885292	-3.315658	0.000000	0.000000	-0.000000	-0.000000
-9.440455	0.350288	3.757811	5.080316	-2.337607	0.006065	0.000000	0.000000	-0.000000	-0.000000
-14.975438	0.379191	-0.024062	-0.082696	-0.561206	-0.003696	0.000000	0.000000	-0.000000	-0.000000
-13.092076	-3.737339	3.611877	1.535030	-0.669525	0.003248	0.000000	0.000000	-0.000000	-0.000000
-3.775033	5.009091	-0.387551	-1.343194	0.384401	-3.790448	0.000000	0.000000	-0.000000	-0.000000
-9.421805	4.196023	-3.166473	3.720577	-1.289279	4.095645	0.000000	0.000000	-0.000000	-0.000000
-5.331323	0.014251	2.415745	0.017804	-2.496492	4.033639	0.000000	0.000000	-0.000000	-0.000000
-9.032520	-5.597962	-3.525434	1.386173	-1.987484	-0.002762	0.000000	0.000000	-0.000000	-0.000000
-8.025803	4.393598	-3.306567	3.024631	3.795628	3.914688	0.000000	0.000000	-0.000000	-0.000000
-7.832666	-2.936310	0.886849	2.894421	4.069351	-3.878639	0.000000	0.000000	-0.000000	-0.000000
-7.600817	4.543834	-3.297752	2.921488	3.677560	3.907787	0.000000	0.000000	-0.000000	-0.000000
-5.971041	-4.056950	3.230164	-3.659205	-4.199642	-3.862680	0.000000	0.000000	-0.000000	-0.000000
-8.079518	-5.328214	-3.483342	2.243331	-2.874355	-0.002223	0.000000	0.000000	-0.000000	-0.000000
-7.440881	1.401599	0.065661	-5.115481	3.655325	4.228082	0.000000	0.000000	-0.000000	-0.000000
-0.000095	-0.004225	-0.019571	-0.050003	0.003434	0.015320	0.000000	0.000000	-0.000000	-0.000000
-3.631886	5.051671	0.074184	-1.137352	0.351494	-3.851269	0.000000	0.000000	-0.000000	-0.000000
-4.165038	-0.000328	-3.639672	4.829125	2.528231	-0.001815	0.000000	0.000000	-0.000000	-0.000000
-3.007471	0.078823	3.297945	-0.648575	0.057240	-4.016362	0.000000	0.000000	-0.000000	-0.000000
-8.367253	-2.648810	6.955009	-3.567937	-3.066514	0.001764	0.000000	0.000000	-0.000000	-0.000000
-8.972467	0.347184	0.005131	-5.296264	-1.869515	4.287704	0.000000	0.000000	-0.000000	-0.000000
-6.572226	-0.028234	0.021319	4.831454	3.438171	3.680108	0.000000	0.000000	-0.000000	-0.000000
-6.919361	-3.743089	3.438938	-3.456202	-2.852498	4.021764	0.000000	0.000000	-0.000000	-0.000000
-11.181043	-3.210938	3.944336	0.659771	4.808698	0.002281	0.000000	0.000000	-0.000000	-0.000000
-7.294476	4.334168	2.314871	0.000000	-3.444255	0.000000	0.000000	0.000000	0.000000	0.000000
-6.688491	-3.621501	3.378427	-3.487629	-2.889117	4.172302	0.000000	0.000000	-0.000000	-0.000000
-7.755924	-5.483821	-3.186741	0.866682	3.894048	-0.000486	0.000000	0.000000	-0.000000	-0.000000
-4.791383	-0.584344	-2.539566	3.558742	-4.118136	-0.035190	0.000000	0.000000	-0.000000	-0.000000
-5.129388	0.219922	-3.788843	-4.883584	2.541254	-0.006418	0.000000	0.000000	-0.000000	-0.000000
-6.789884	3.409383	-6.849169	3.420269	-3.104978	-0.003101	0.000000	0.000000	-0.000000	-0.000000
-4.053352	-0.148824	-3.259440	4.833910	2.518500	-0.007566	0.000000	0.000000	-0.000000	-0.000000
-11.632796	5.307885	0.040880	3.712595	-2.073917	-0.063541	0.000000	0.000000	-0.000000	-0.000000
-8.102503	0.351326	-0.401207	-4.757471	3.412905	4.218751	0.000000	0.000000	-0.000000	-0.000000
-11.571002	-3.391487	3.489052	1.200068	4.952384	0.013194	0.000000	0.000000	-0.000000	-0.000000
-13.151120	-3.599019	3.661087	1.619168	-0.449130	0.000960	0.000000	0.000000	-0.000000	-0.000000
-11.293162	5.445426	-0.061678	3.492855	-2.277688	0.303006	0.000000	0.000000	-0.000000	-0.000000
-7.965391	-2.890155	1.680852	-3.325816	-1.529403	4.451559	0.000000	0.000000	-0.000000	-0.000000
