-0.884984	-0.838209	0.000000	-0.781828	0.000000	0.000000	0.000000	0.000000	0.000000	0.000000
-0.884984	-0.838163	-0.000000	-0.781828	0.000000	0.000000	0.000000	0.000000	0.000000	0.000000
-0.884984	-0.838232	0.000000	-0.781828	0.000000	0.000000	0.000000	0.000000	0.000000	0.000000
-0.884984	-0.838227	0.000000	-0.781786	0.000000	0.000000	0.000000	0.000000	0.000000	0.000000
-0.884984	-0.838173	0.000000	-0.781828	0.000000	0.000000	0.000000	0.000000	0.000000	0.000000
-0.884984	-0.838204	-0.000000	-0.781828	0.000000	0.000000	0.000000	0.000000	0.000000	0.000000
-0.884984	-0.838210	-0.000000	-0.781827	0.000000	0.000000	0.000000	0.000000	0.000000	0.000000
-0.884984	-0.838206	-0.000000	-0.781829	0.000000	0.000000	0.000000	0.000000	0.000000	0.000000
-0.884984	-0.838183	-0.000000	-0.781828	0.000000	0.000000	0.000000	0.000000	0.000000	0.000000
-0.884984	-0.838189	-0.000000	-0.781825	0.000000	0.000000	0.000000	0.000000	0.000000	0.000000
-0.884984	-0.838222	0.000000	-0.781828	0.000000	0.000000	0.000000	0.000000	0.000000	0.000000
-0.884984	-0.838191	0.000000	-0.781805	0.000000	0.000000	0.000000	0.000000	0.000000	0.000000
-0.884984	-0.838216	-0.000000	-0.781828	0.000000	0.000000	0.000000	0.000000	0.000000	0.000000
-0.884984	-0.838167	-0.000000	-0.781829	0.000000	0.000000	0.000000	0.000000	0.000000	0.000000
-0.884984	-0.838272	0.000000	-0.781828	0.000000	0.000000	0.000000	0.000000	0.000000	0.000000
-0.884984	-0.838183	0.000000	-0.781829	0.000000	0.000000	0.000000	0.000000	0.000000	0.000000
-0.884984	-0.838201	-0.000000	-0.781828	0.000000	0.000000	0.000000	0.000000	0.000000	0.000000
-0.884984	-0.838270	0.000000	-0.781829	0.000000	0.000000	0.000000	0.000000	0.000000	0.000000
-0.884984	-0.838163	-0.000000	-0.781829	0.000000	0.000000	0.000000	0.000000	0.000000	0.000000
-0.884984	-0.838164	-0.000000	-0.781828	0.000000	0.000000	0.000000	0.000000	0.000000	0.000000
-0.884984	-0.838254	0.000000	-0.781796	0.000000	0.000000	0.000000	0.000000	0.000000	0.000000
-0.884984	-0.838239	-0.000000	-0.781828	0.000000	0.000000	0.000000	0.000000	0.000000	0.000000
-0.884984	-0.838203	0.000000	-0.781828	0.000000	0.000000	0.000000	0.000000	0.000000	0.000000
-0.884984	-0.838198	-0.000000	-0.781809	0.000000	0.000000	0.000000	0.000000	0.000000	0.000000
-0.884984	-0.838230	-0.000000	-0.781828	0.000000	0.000000	0.000000	0.000000	0.000000	0.000000
-0.884984	-0.838204	-0.000000	-0.781235	0.000000	0.000000	0.000000	0.000000	0.000000	0.000000
-0.884984	-0.838199	0.000000	-0.781300	0.000000	0.000000	0.000000	0.000000	0.000000	0.000000
-0.884984	-0.838195	-0.000000	-0.781828	0.000000	0.000000	0.000000	0.000000	0.000000	0.000000
-0.884984	-0.838219	0.000000	-0.781828	0.000000	0.000000	0.000000	0.000000	0.000000	0.000000
-0.884984	-0.838192	0.000000	-0.778291	0.000000	0.000000	0.000000	0.000000	0.000000	0.000000
-0.884984	-0.838197	-0.000000	-0.781828	0.000000	0.000000	0.000000	0.000000	0.000000	0.000000
-0.884984	-0.838227	0.000000	-0.781828	0.000000	0.000000	0.000000	0.000000	0.000000	0.000000
-0.884984	-0.838196	0.000000	-0.781823	0.000000	0.000000	0.000000	0.000000	0.000000	0.000000
-0.884984	-0.838203	0.000000	-0.781828	0.000000	0.000000	0.000000	0.000000	0.000000	0.000000
-0.884984	-0.838168	0.000000	-0.781829	0.000000	0.000000	0.000000	0.000000	0.000000	0.000000
-0.884984	-0.838129	-0.000000	-0.781828	0.000000	0.000000	0.000000	0.000000	0.000000	0.000000
-0.884984	-0.838170	-0.000000	-0.781828	0.000000	0.000000	0.000000	0.000000	0.000000	0.000000
-0.884984	-0.838172	-0.000000	-0.781828	0.000000	0.000000	0.000000	0.000000	0.000000	0.000000
-0.884984	-0.838145	0.000000	-0.781828	0.000000	0.000000	0.000000	0.000000	0.000000	0.000000
-0.884984	-0.838198	0.000000	-0.781828	0.000000	0.000000	0.000000	0.000000	0.000000	0.000000
-0.884984	-0.838199	0.000000	-0.781827	0.000000	0.000000	0.000000	0.000000	0.000000	0.000000
-0.884984	-0.838207	0.000000	-0.781828	0.000000	0.000000	0.000000	0.000000	0.000000	0.000000
-0.884984	-0.838237	0.000000	-0.781828	0.000000	0.000000	0.000000	0.000000	0.000000	0.000000
-0.884984	-0.838148	-0.000000	-0.781823	0.000000	0.000000	0.000000	0.000000	0.000000	0.000000
-0.884984	-0.838185	0.000000	-0.781828	0.000000	0.000000	0.000000	0.000000	0.000000	0.000000
-0.884984	-0.838214	-0.000000	-0.781825	0.000000	0.000000	0.000000	0.000000	0.000000	0.000000
-0.884984	-0.838217	-0.000000	-0.781828	0.000000	0.000000	0.000000	0.000000	0.000000	0.000000
-0.884984	-0.838157	-0.000000	-0.781828	0.000000	0.000000	0.000000	0.000000	0.000000	0.000000
-0.884984	-0.838246	0.000000	-0.781825	0.000000	0.000000	0.000000	0.000000	0.000000	0.000000
-0.884984	-0.838143	0.000000	-0.780800	0.000000	0.000000	0.000000	0.000000	0.000000	0.000000
-0.884984	-0.838161	-0.000000	-0.781828	0.000000	0.000000	0.000000	0.000000	0.000000	0.000000
-0.884984	-0.838211	-0.000000	-0.781824	0.000000	0.000000	0.000000	0.000000	0.000000	0.000000
-0.884984	-0.838150	0.000000	-0.781824	0.000000	0.000000	0.000000	0.000000	0.000000	0.000000
-0.884984	-0.838183	0.000000	-0.781822	0.000000	0.000000	0.000000	0.000000	0.000000	0.000000
-0.884984	-0.838108	0.000000	-0.781828	0.000000	0.000000	0.000000	0.000000	0.000000	0.000000
-0.884984	-0.838188	-0.000000	-0.781828	0.000000	0.000000	0.000000	0.000000	0.000000	0.000000
-0.884984	-0.838191	0.000000	-0.780980	0.000000	0.000000	0.000000	0.000000	0.000000	0.000000
-0.884984	-0.838187	-0.000000	-0.780753	0.000000	0.000000	0.000000	0.000000	0.000000	0.000000
-0.884984	-0.838201	0.000000	-0.781828	0.000000	0.000000	0.000000	0.000000	0.000000	0.000000
-0.884984	-0.838198	-0.000000	-0.781828	0.000000	0.000000	0.000000	0.000000	0.000000	0.000000
-0.884984	-0.838239	-0.000000	-0.781828	0.000000	0.000000	0.000000	0.000000	0.000000	0.000000
-0.884984	-0.838185	0.000000	-0.781826	0.000000	0.000000	0.000000	0.000000	0.000000	0.000000
-0.884984	-0.838270	0.000000	-0.781827	0.000000	0.000000	0.000000	0.000000	0.000000	0.000000
-0.884984	-0.838212	0.000000	-0.781828	0.000000	0.000000	0.000000	0.000000	0.000000	0.000000
-0.884984	-0.838225	0.000000	-0.781015	0.000000	0.000000	0.000000	0.000000	0.000000	0.000000
-0.884984	-0.838255	0.000000	-0.781828	0.000000	0.000000	0.000000	0.000000	0.000000	0.000000
-0.884984	-0.838133	-0.000000	-0.781828	0.000000	0.000000	0.000000	0.000000	0.000000	0.000000
-0.884984	-0.838221	-0.000000	-0.781829	0.000000	0.000000	0.000000	0.000000	0.000000	0.000000
-0.884984	-0.838197	0.000000	-0.781827	0.000000	0.000000	0.000000	0.000000	0.000000	0.000000
-0.884984	-0.838191	0.000000	-0.781828	0.000000	0.000000	0.000000	0.000000	0.000000	0.000000
-0.884984	-0.838218	0.000000	-0.781828	0.000000	0.000000	0.000000	0.000000	0.000000	0.000000
-0.884984	-0.838230	0.000000	-0.781828	0.000000	0.000000	0.000000	0.000000	0.000000	0.000000
-0.884984	-0.838223	-0.000000	-0.781828	0.000000	0.000000	0.000000	0.000000	0.000000	0.000000
-0.884984	-0.838232	-0.000000	-0.781828	0.000000	0.000000	0.000000	0.000000	0.000000	0.000000
-0.884984	-0.838175	0.000000	-0.781828	0.000000	0.000000	0.000000	0.000000	0.000000	0.000000
-0.884984	-0.838143	-0.000000	-0.781828	0.000000	0.000000	0.000000	0.000000	0.000000	0.000000
-0.884984	-0.838175	0.000000	-0.781828	0.000000	0.000000	0.000000	0.000000	0.000000	0.000000
-0.884984	-0.838235	-0.000000	-0.781789	0.000000	0.000000	0.000000	0.000000	0.000000	0.000000
-0.884984	-0.838209	0.000000	-0.781828	0.000000	0.000000	0.000000	0.000000	0.000000	0.000000
-0.884984	-0.838198	0.000000	-0.781828	0.000000	0.000000	0.000000	0.000000	0.000000	0.000000
-0.884984	-0.838159	-0.000000	-0.781828	0.000000	0.000000	0.000000	0.000000	0.000000	0.000000
-0.884984	-0.838170	-0.000000	-0.781828	0.000000	0.000000	0.000000	0.000000	0.000000	0.000000
-0.884984	-0.838195	0.000000	-0.781828	0.000000	0.000000	0.000000	0.000000	0.000000	0.000000
-0.884984	-0.838158	0.000000	-0.781828	0.000000	0.000000	0.000000	0.000000	0.000000	0.000000
-0.884984	-0.838145	0.000000	-0.686073	0.000000	0.000000	0.000000	0.000000	0.000000	0.000000
-0.884984	-0.838196	0.000000	-0.781828	0.000000	0.000000	0.000000	0.000000	0.000000	0.000000
-0.884984	-0.838199	0.000000	-0.781828	0.000000	0.000000	0.000000	0.000000	0.000000	0.000000
-0.884984	-0.838208	-0.000000	-0.781828	0.000000	0.000000	0.000000	0.000000	0.000000	0.000000
-0.884984	-0.838197	0.000000	-0.781828	0.000000	0.000000	0.000000	0.000000	0.000000	0.000000
-0.884984	-0.838164	-0.000000	-0.781828	0.000000	0.000000	0.000000	0.000000	0.000000	0.000000
-0.884984	-0.838239	0.000000	-0.781828	0.000000	0.000000	0.000000	0.000000	0.000000	0.000000
-0.884984	-0.838156	0.000000	-0.779603	0.000000	0.000000	0.000000	0.000000	0.000000	0.000000
-0.884984	-0.838195	0.000000	-0.781828	0.000000	0.000000	0.000000	0.000000	0.000000	0.000000
-0.884984	-0.838236	0.000000	-0.781828	0.000000	0.000000	0.000000	0.000000	0.000000	0.000000
-0.884984	-0.838218	-0.000000	-0.781828	0.000000	0.000000	0.000000	0.000000	0.000000	0.000000
-0.884984	-0.838215	-0.000000	-0.781828	0.000000	0.000000	0.000000	0.000000	0.000000	0.000000
-0.884984	-0.838241	-0.000000	-0.781828	0.000000	0.000000	0.000000	0.000000	0.000000	0.000000
-0.884984	-0.838207	0.000000	-0.781828	0.000000	0.000000	0.000000	0.000000	0.000000	0.000000
-0.884984	-0.838205	0.000000	-0.781828	0.000000	0.000000	0.000000	0.000000	0.000000	0.000000
-0.884984	-0.838127	-0.000000	-0.781823	0.000000	0.000000	0.000000	0.000000	0.000000	0.000000
-0.884984	-0.838206	0.000000	-0.781828	0.000000	0.000000	0.000000	0.000000	0.000000	0.000000
-0.884984	-0.838184	0.000000	-0.779595	0.000000	0.000000	0.000000	0.000000	0.000000	0.000000
-0.884984	-0.838160	0.000000	-0.781828	0.000000	0.000000	0.000000	0.000000	0.000000	0.000000
-0.884984	-0.838189	0.000000	-0.781824	0.000000	0.000000	0.000000	0.000000	0.000000	0.000000
-0.884984	-0.838211	-0.000000	-0.781826	0.000000	0.000000	0.000000	0.000000	0.000000	0.000000
-0.884984	-0.838189	-0.000000	-0.781828	0.000000	0.000000	0.000000	0.000000	0.000000	0.000000
-0.884984	-0.838143	-0.000000	-0.781828	0.000000	0.000000	0.000000	0.000000	0.000000	0.000000
-0.884984	-0.838180	0.000000	-0.781828	0.000000	0.000000	0.000000	0.000000	0.000000	0.000000
-0.884984	-0.838134	-0.000000	-0.781820	0.000000	0.000000	0.000000	0.000000	0.000000	0.000000
-0.884984	-0.838143	-0.000000	-0.781828	0.000000	0.000000	0.000000	0.000000	0.000000	0.000000
-0.884984	-0.838186	0.000000	-0.781828	0.000000	0.000000	0.000000	0.000000	0.000000	0.000000
-0.884984	-0.838251	0.000000	-0.781828	0.000000	0.000000	0.000000	0.000000	0.000000	0.000000
-0.884984	-0.838214	0.000000	-0.781829	0.000000	0.000000	0.000000	0.000000	0.000000	0.000000
-0.884984	-0.838163	0.000000	-0.781828	0.000000	0.000000	0.000000	0.000000	0.000000	0.000000
-0.884984	-0.838199	-0.000000	-0.781828	0.000000	0.000000	0.000000	0.000000	0.000000	0.000000
-0.884984	-0.838225	0.000000	-0.781828	0.000000	0.000000	0.000000	0.000000	0.000000	0.000000
-0.884984	-0.838240	0.000000	-0.781827	0.000000	0.000000	0.000000	0.000000	0.000000	0.000000
-0.884984	-0.838186	0.000000	-0.781094	0.000000	0.000000	0.000000	0.000000	0.000000	0.000000
-0.884984	-0.838157	-0.000000	-0.781828	0.000000	0.000000	0.000000	0.000000	0.000000	0.000000
-0.884984	-0.838186	-0.000000	-0.781819	0.000000	0.000000	0.000000	0.000000	0.000000	0.000000
-0.884984	-0.838217	0.000000	-0.781828	0.000000	0.000000	0.000000	0.000000	0.000000	0.000000
-0.884984	-0.838225	0.000000	-0.781828	0.000000	0.000000	0.000000	0.000000	0.000000	0.000000
-0.884984	-0.838172	0.000000	-0.769286	0.000000	0.000000	0.000000	0.000000	0.000000	0.000000
-0.884984	-0.838244	0.000000	-0.781768	0.000000	0.000000	0.000000	0.000000	0.000000	0.000000
-0.884984	-0.838135	-0.000000	-0.781731	0.000000	0.000000	0.000000	0.000000	0.000000	0.000000
-0.884984	-0.838234	0.000000	-0.781828	0.000000	0.000000	0.000000	0.000000	0.000000	0.000000
-0.884984	-0.838179	-0.000000	-0.781829	0.000000	0.000000	0.000000	0.000000	0.000000	0.000000
-0.884984	-0.838206	0.000000	-0.781828	0.000000	0.000000	0.000000	0.000000	0.000000	0.000000
-0.884984	-0.838173	0.000000	-0.781809	0.000000	0.000000	0.000000	0.000000	0.000000	0.000000
-0.884984	-0.838223	0.000000	-0.781828	0.000000	0.000000	0.000000	0.000000	0.000000	0.000000
-0.884984	-0.838193	-0.000000	-0.781828	0.000000	0.000000	0.000000	0.000000	0.000000	0.000000
-0.884984	-0.838208	0.000000	-0.781828	0.000000	0.000000	0.000000	0.000000	0.000000	0.000000
-0.884984	-0.838185	0.000000	-0.781828	0.000000	0.000000	0.000000	0.000000	0.000000	0.000000
-0.884984	-0.838161	-0.000000	-0.781828	0.000000	0.000000	0.000000	0.000000	0.000000	0.000000
-0.884984	-0.838198	-0.000000	-0.781829	0.000000	0.000000	0.000000	0.000000	0.000000	0.000000
-0.884984	-0.838226	0.000000	-0.781826	0.000000	0.000000	0.000000	0.000000	0.000000	0.000000
-0.884984	-0.838210	0.000000	-0.781829	0.000000	0.000000	0.000000	0.000000	0.000000	0.000000
-0.884984	-0.838211	0.000000	-0.781823	0.000000	0.000000	0.000000	0.000000	0.000000	0.000000
-0.884984	-0.838221	0.000000	-0.781828	0.000000	0.000000	0.000000	0.000000	0.000000	0.000000
-0.884984	-0.838139	0.000000	-0.781828	0.000000	0.000000	0.000000	0.000000	0.000000	0.000000
-0.884984	-0.838190	-0.000000	-0.781094	0.000000	0.000000	0.000000	0.000000	0.000000	0.000000
-0.884984	-0.838151	0.000000	-0.781829	0.000000	0.000000	0.000000	0.000000	0.000000	0.000000
-0.884984	-0.838166	0.000000	-0.781781	0.000000	0.000000	0.000000	0.000000	0.000000	0.000000
-0.884984	-0.838194	-0.000000	-0.781828	0.000000	0.000000	0.000000	0.000000	0.000000	0.000000
-0.884984	-0.838221	-0.000000	-0.781829	0.000000	0.000000	0.000000	0.000000	0.000000	0.000000
-0.884984	-0.838152	0.000000	-0.781828	0.000000	0.000000	0.000000	0.000000	0.000000	0.000000
-0.884984	-0.838125	0.000000	-0.781822	0.000000	0.000000	0.000000	0.000000	0.000000	0.000000
-0.884984	-0.838166	0.000000	-0.781828	0.000000	0.000000	0.000000	0.000000	0.000000	0.000000
-0.884984	-0.838164	-0.000000	-0.781829	0.000000	0.000000	0.000000	0.000000	0.000000	0.000000
-0.884984	-0.838227	0.000000	-0.781828	0.000000	0.000000	0.000000	0.000000	0.000000	0.000000
-0.884984	-0.838183	-0.000000	-0.781829	0.000000	0.000000	0.000000	0.000000	0.000000	0.000000
-0.884984	-0.838156	0.000000	-0.781828	0.000000	0.000000	0.000000	0.000000	0.000000	0.000000
-0.884984	-0.838166	-0.000000	-0.781828	0.000000	0.000000	0.000000	0.000000	0.000000	0.000000
-0.884984	-0.838123	0.000000	-0.781633	0.000000	0.000000	0.000000	0.000000	0.000000	0.000000
-0.884984	-0.838279	0.000000	-0.755159	0.000000	0.000000	0.000000	0.000000	0.000000	0.000000
-0.884984	-0.838148	-0.000000	-0.781828	0.000000	0.000000	0.000000	0.000000	0.000000	0.000000
-0.884984	-0.838181	-0.000000	-0.781828	0.000000	0.000000	0.000000	0.000000	0.000000	0.000000
-0.884984	-0.838234	-0.000000	-0.781783	0.000000	0.000000	0.000000	0.000000	0.000000	0.000000
-0.884984	-0.838199	-0.000000	-0.781827	0.000000	0.000000	0.000000	0.000000	0.000000	0.000000
-0.884984	-0.838199	0.000000	-0.781828	0.000000	0.000000	0.000000	0.000000	0.000000	0.000000
-0.884984	-0.838206	0.000000	-0.781808	0.000000	0.000000	0.000000	0.000000	0.000000	0.000000
-0.884984	-0.838231	-0.000000	-0.781828	0.000000	0.000000	0.000000	0.000000	0.000000	0.000000
-0.884984	-0.838181	0.000000	-0.781827	0.000000	0.000000	0.000000	0.000000	0.000000	0.000000
-0.884984	-0.838169	0.000000	-0.781828	0.000000	0.000000	0.000000	0.000000	0.000000	0.000000
-0.884984	-0.838221	-0.000000	-0.780248	0.000000	0.000000	0.000000	0.000000	0.000000	0.000000
-0.884984	-0.838210	0.000000	-0.781829	0.000000	0.000000	0.000000	0.000000	0.000000	0.000000
-0.884984	-0.838201	0.000000	-0.781829	0.000000	0.000000	0.000000	0.000000	0.000000	0.000000
-0.884984	-0.838191	0.000000	-0.781828	0.000000	0.000000	0.000000	0.000000	0.000000	0.000000
-0.884984	-0.838192	-0.000000	-0.781828	0.000000	0.000000	0.000000	0.000000	0.000000	0.000000
-0.884984	-0.838207	0.000000	-0.780847	0.000000	0.000000	0.000000	0.000000	0.000000	0.000000
-0.884984	-0.838138	0.000000	-0.781828	0.000000	0.000000	0.000000	0.000000	0.000000	0.000000
-0.884984	-0.838211	-0.000000	-0.781827	0.000000	0.000000	0.000000	0.000000	0.000000	0.000000
-0.884984	-0.838158	0.000000	-0.781787	0.000000	0.000000	0.000000	0.000000	0.000000	0.000000
-0.884984	-0.838141	-0.000000	-0.781826	0.000000	0.000000	0.000000	0.000000	0.000000	0.000000
-0.884984	-0.838227	0.000000	-0.781828	0.000000	0.000000	0.000000	0.000000	0.000000	0.000000
-0.884984	-0.838219	-0.000000	-0.781829	0.000000	0.000000	0.000000	0.000000	0.000000	0.000000
-0.884984	-0.838174	-0.000000	-0.781828	0.000000	0.000000	0.000000	0.000000	0.000000	0.000000
-0.884984	-0.838234	-0.000000	-0.781820	0.000000	0.000000	0.000000	0.000000	0.000000	0.000000
-0.884984	-0.838157	-0.000000	-0.781829	0.000000	0.000000	0.000000	0.000000	0.000000	0.000000
-0.884984	-0.838205	-0.000000	-0.781827	0.000000	0.000000	0.000000	0.000000	0.000000	0.000000
-0.884984	-0.838180	-0.000000	-0.781824	0.000000	0.000000	0.000000	0.000000	0.000000	0.000000
-0.884984	-0.838201	0.000000	-0.781819	0.000000	0.000000	0.000000	0.000000	0.000000	0.000000
-0.884984	-0.838162	-0.000000	-0.781819	0.000000	0.000000	0.000000	0.000000	0.000000	0.000000
-0.884984	-0.838180	-0.000000	-0.781815	0.000000	0.000000	0.000000	0.000000	0.000000	0.000000
-0.884984	-0.838192	0.000000	-0.781828	0.000000	0.000000	0.000000	0.000000	0.000000	0.000000
-0.884984	-0.838189	-0.000000	-0.781828	0.000000	0.000000	0.000000	0.000000	0.000000	0.000000
-0.884984	-0.838230	0.000000	-0.781828	0.000000	0.000000	0.000000	0.000000	0.000000	0.000000
-0.884984	-0.838162	0.000000	-0.781828	0.000000	0.000000	0.000000	0.000000	0.000000	0.000000
-0.884984	-0.838174	0.000000	-0.781828	0.000000	0.000000	0.000000	0.000000	0.000000	0.000000
-0.884984	-0.837891	0.000000	-0.781828	0.000000	0.000000	0.000000	0.000000	0.000000	0.000000
-0.884984	-0.838208	-0.000000	-0.781828	0.000000	0.000000	0.000000	0.000000	0.000000	0.000000
-0.884984	-0.838254	-0.000000	-0.781828	0.000000	0.000000	0.000000	0.000000	0.000000	0.000000
-0.884984	-0.838207	0.000000	-0.781828	0.000000	0.000000	0.000000	0.000000	0.000000	0.000000
-0.884984	-0.838198	0.000000	-0.781828	0.000000	0.000000	0.000000	0.000000	0.000000	0.000000
-0.884984	-0.838190	0.000000	-0.781828	0.000000	0.000000	0.000000	0.000000	0.000000	0.000000
-0.884984	-0.838159	-0.000000	-0.781811	0.000000	0.000000	0.000000	0.000000	0.000000	0.000000
-0.884984	-0.838207	0.000000	-0.781828	0.000000	0.000000	0.000000	0.000000	0.000000	0.000000
-0.884984	-0.838191	-0.000000	-0.781828	0.000000	0.000000	0.000000	0.000000	0.000000	0.000000
-0.884984	-0.838223	-0.000000	-0.781823	0.000000	0.000000	0.000000	0.000000	0.000000	0.000000
-0.884984	-0.838171	-0.000000	-0.781828	0.000000	0.000000	0.000000	0.000000	0.000000	0.000000
-0.884984	-0.838173	0.000000	-0.781826	0.000000	0.000000	0.000000	0.000000	0.000000	0.000000
-0.884984	-0.838206	0.000000	-0.781822	0.000000	0.000000	0.000000	0.000000	0.000000	0.000000
-0.884984	-0.838193	0.000000	-0.781828	0.000000	0.000000	0.000000	0.000000	0.000000	0.000000
-0.884984	-0.838220	-0.000000	-0.781828	0.000000	0.000000	0.000000	0.000000	0.000000	0.000000
-0.884984	-0.838198	0.000000	-0.781828	0.000000	0.000000	0.000000	0.000000	0.000000	0.000000
-0.884984	-0.838148	-0.000000	-0.781828	0.000000	0.000000	0.000000	0.000000	0.000000	0.000000
-0.884984	-0.838168	-0.000000	-0.781826	0.000000	0.000000	0.000000	0.000000	0.000000	0.000000
-0.884984	-0.838223	-0.000000	-0.781829	0.000000	0.000000	0.000000	0.000000	0.000000	0.000000
-0.884984	-0.838185	-0.000000	-0.781823	0.000000	0.000000	0.000000	0.000000	0.000000	0.000000
-0.884984	-0.838150	-0.000000	-0.781825	0.000000	0.000000	0.000000	0.000000	0.000000	0.000000
-0.884984	-0.838159	-0.000000	-0.781748	0.000000	0.000000	0.000000	0.000000	0.000000	0.000000
-0.884984	-0.838140	0.000000	-0.781829	0.000000	0.000000	0.000000	0.000000	0.000000	0.000000
-0.884984	-0.838215	-0.000000	-0.781828	0.000000	0.000000	0.000000	0.000000	0.000000	0.000000
-0.884984	-0.838173	0.000000	-0.781798	0.000000	0.000000	0.000000	0.000000	0.000000	0.000000
-0.884984	-0.838141	0.000000	-0.286173	0.000000	0.000000	0.000000	0.000000	0.000000	0.000000
-0.884984	-0.838159	0.000000	-0.781793	0.000000	0.000000	0.000000	0.000000	0.000000	0.000000
-0.884984	-0.838150	-0.000000	-0.781828	0.000000	0.000000	0.000000	0.000000	0.000000	0.000000
-0.884984	-0.838201	0.000000	-0.781828	0.000000	0.000000	0.000000	0.000000	0.000000	0.000000
-0.884984	-0.838188	0.000000	-0.781828	0.000000	0.000000	0.000000	0.000000	0.000000	0.000000
-0.884984	-0.838198	0.000000	-0.781829	0.000000	0.000000	0.000000	0.000000	0.000000	0.000000
-0.884984	-0.838129	-0.000000	-0.781829	0.000000	0.000000	0.000000	0.000000	0.000000	0.000000
-0.884984	-0.838207	0.000000	-0.781828	0.000000	0.000000	0.000000	0.000000	0.000000	0.000000
-0.884984	-0.838196	-0.000000	-0.781829	0.000000	0.000000	0.000000	0.000000	0.000000	0.000000
-0.884984	-0.838227	-0.000000	-0.781828	0.000000	0.000000	0.000000	0.000000	0.000000	0.000000
-0.884984	-0.838187	-0.000000	-0.781828	0.000000	0.000000	0.000000	0.000000	0.000000	0.000000
-0.884984	-0.838206	-0.000000	-0.781827	0.000000	0.000000	0.000000	0.000000	0.000000	0.000000
-0.884984	-0.838224	0.000000	-0.781829	0.000000	0.000000	0.000000	0.000000	0.000000	0.000000
-0.884984	-0.838216	0.000000	-0.781828	0.000000	0.000000	0.000000	0.000000	0.000000	0.000000
-0.884984	-0.838243	0.000000	-0.781813	0.000000	0.000000	0.000000	0.000000	0.000000	0.000000
-0.884984	-0.838172	0.000000	-0.781828	0.000000	0.000000	0.000000	0.000000	0.000000	0.000000
-0.884984	-0.838107	0.000000	-0.757315	0.000000	0.000000	0.000000	0.000000	0.000000	0.000000
-0.884984	-0.838152	-0.000000	-0.781826	0.000000	0.000000	0.000000	0.000000	0.000000	0.000000
-0.884984	-0.838268	-0.000000	-0.781829	0.000000	0.000000	0.000000	0.000000	0.000000	0.000000
-0.884984	-0.838269	0.000000	-0.781829	0.000000	0.000000	0.000000	0.000000	0.000000	0.000000
-0.884984	-0.838235	0.000000	-0.781825	0.000000	0.000000	0.000000	0.000000	0.000000	0.000000
-0.884984	-0.838155	0.000000	-0.781417	0.000000	0.000000	0.000000	0.000000	0.000000	0.000000
-0.884984	-0.838163	-0.000000	-0.781828	0.000000	0.000000	0.000000	0.000000	0.000000	0.000000
-0.884984	-0.838206	0.000000	-0.781828	0.000000	0.000000	0.000000	0.000000	0.000000	0.000000
-0.884984	-0.838214	-0.000000	-0.781820	0.000000	0.000000	0.000000	0.000000	0.000000	0.000000
-0.884984	-0.838234	-0.000000	-0.781828	0.000000	0.000000	0.000000	0.000000	0.000000	0.000000
-0.884984	-0.838239	0.000000	-0.781829	0.000000	0.000000	0.000000	0.000000	0.000000	0.000000
-0.884984	-0.838204	-0.000000	-0.781828	0.000000	0.000000	0.000000	0.000000	0.000000	0.000000
-0.884984	-0.838184	0.000000	-0.773949	0.000000	0.000000	0.000000	0.000000	0.000000	0.000000
-0.884984	-0.838212	0.000000	-0.781807	0.000000	0.000000	0.000000	0.000000	0.000000	0.000000
-0.884984	-0.838135	-0.000000	-0.781827	0.000000	0.000000	0.000000	0.000000	0.000000	0.000000
-0.884984	-0.838226	0.000000	-0.781827	0.000000	0.000000	0.000000	0.000000	0.000000	0.000000
-0.884984	-0.838158	0.000000	-0.781828	0.000000	0.000000	0.000000	0.000000	0.000000	0.000000
-0.884984	-0.838160	0.000000	-0.781800	0.000000	0.000000	0.000000	0.000000	0.000000	0.000000
-0.884984	-0.838184	0.000000	-0.781828	0.000000	0.000000	0.000000	0.000000	0.000000	0.000000
-0.884984	-0.838178	0.000000	-0.781828	0.000000	0.000000	0.000000	0.000000	0.000000	0.000000
-0.884984	-0.000000	0.000000	0.000000	0.000000	0.000000	0.000000	0.000000	0.000000	0.000000
-0.884984	-0.838151	0.000000	0.853522	0.000000	0.000000	0.000000	0.000000	0.000000	0.000000
-0.884984	-0.838146	0.000000	0.853024	0.000000	0.000000	0.000000	0.000000	0.000000	0.000000
-0.884984	-0.838215	0.000000	0.853329	0.000000	0.000000	0.000000	0.000000	0.000000	0.000000
-0.884984	-0.838192	0.000000	0.853461	0.000000	0.000000	0.000000	0.000000	0.000000	0.000000
-0.884984	-0.838146	0.000000	0.853868	0.000000	0.000000	0.000000	0.000000	0.000000	0.000000
-0.884984	-0.838185	0.000000	0.853035	0.000000	0.000000	0.000000	0.000000	0.000000	0.000000
-0.884984	-0.838225	-0.000000	0.852740	0.000000	0.000000	0.000000	0.000000	0.000000	0.000000
-0.884984	-0.838236	-0.000000	0.851142	0.000000	0.000000	0.000000	0.000000	0.000000	0.000000
-0.884984	-0.838134	-0.000000	0.853959	0.000000	0.000000	0.000000	0.000000	0.000000	0.000000
-0.884984	-0.838192	0.000000	0.854354	0.000000	0.000000	0.000000	0.000000	0.000000	0.000000
-0.884984	-0.838210	0.000000	0.852658	0.000000	0.000000	0.000000	0.000000	0.000000	0.000000
-0.884984	-0.838181	-0.000000	0.852600	0.000000	0.000000	0.000000	0.000000	0.000000	0.000000
-0.884984	-0.838182	0.000000	0.853213	0.000000	0.000000	0.000000	0.000000	0.000000	0.000000
-0.884984	-0.838161	-0.000000	0.853003	0.000000	0.000000	0.000000	0.000000	0.000000	0.000000
-0.884984	-0.838188	0.000000	0.853967	0.000000	0.000000	0.000000	0.000000	0.000000	0.000000
-0.884984	-0.838199	-0.000000	0.852619	0.000000	0.000000	0.000000	0.000000	0.000000	0.000000
-0.884984	-0.838248	-0.000000	0.853515	0.000000	0.000000	0.000000	0.000000	0.000000	0.000000
-0.884984	-0.838207	-0.000000	0.852599	0.000000	0.000000	0.000000	0.000000	0.000000	0.000000
-0.884984	-0.838172	0.000000	0.852662	0.000000	0.000000	0.000000	0.000000	0.000000	0.000000
-0.884984	-0.838197	0.000000	0.854041	0.000000	0.000000	0.000000	0.000000	0.000000	0.000000
-0.884984	-0.838236	-0.000000	0.853621	0.000000	0.000000	0.000000	0.000000	0.000000	0.000000
-0.884984	-0.838237	0.000000	0.853578	0.000000	0.000000	0.000000	0.000000	0.000000	0.000000
-0.884984	-0.838181	-0.000000	0.853287	0.000000	0.000000	0.000000	0.000000	0.000000	0.000000
-0.884984	-0.838172	0.000000	0.852418	0.000000	0.000000	0.000000	0.000000	0.000000	0.000000
-0.884984	-0.838220	0.000000	0.854085	0.000000	0.000000	0.000000	0.000000	0.000000	0.000000
-0.884984	-0.838213	0.000000	0.852013	0.000000	0.000000	0.000000	0.000000	0.000000	0.000000
-0.884984	-0.838171	0.000000	0.853301	0.000000	0.000000	0.000000	0.000000	0.000000	0.000000
-0.884984	-0.838162	0.000000	0.853308	0.000000	0.000000	0.000000	0.000000	0.000000	0.000000
-0.884984	-0.838188	0.000000	0.853674	0.000000	0.000000	0.000000	0.000000	0.000000	0.000000
-0.884984	-0.838209	0.000000	0.853364	0.000000	0.000000	0.000000	0.000000	0.000000	0.000000
-0.884984	-0.838189	0.000000	0.853560	0.000000	0.000000	0.000000	0.000000	0.000000	0.000000
-0.884984	-0.838238	0.000000	0.854134	0.000000	0.000000	0.000000	0.000000	0.000000	0.000000
-0.884984	-0.838150	-0.000000	0.853570	0.000000	0.000000	0.000000	0.000000	0.000000	0.000000
-0.884984	-0.838173	0.000000	0.853512	0.000000	0.000000	0.000000	0.000000	0.000000	0.000000
-0.884984	-0.838138	0.000000	0.853493	0.000000	0.000000	0.000000	0.000000	0.000000	0.000000
-0.884984	-0.838196	-0.000000	0.853668	0.000000	0.000000	0.000000	0.000000	0.000000	0.000000
-0.884984	-0.838226	0.000000	0.853552	0.000000	0.000000	0.000000	0.000000	0.000000	0.000000
-0.884984	-0.838147	0.000000	0.853516	0.000000	0.000000	0.000000	0.000000	0.000000	0.000000
-0.884984	-0.838195	-0.000000	0.853287	0.000000	0.000000	0.000000	0.000000	0.000000	0.000000
-0.884984	-0.838157	0.000000	0.852295	0.000000	0.000000	0.000000	0.000000	0.000000	0.000000
-0.884984	-0.838174	0.000000	0.852711	0.000000	0.000000	0.000000	0.000000	0.000000	0.000000
-0.884983	-0.838160	-0.000000	0.852492	0.000000	0.000000	0.000000	0.000000	0.000000	0.000000
-0.884984	-0.838169	0.000000	0.853966	0.000000	0.000000	0.000000	0.000000	0.000000	0.000000
-0.884984	-0.838215	-0.000000	0.852841	0.000000	0.000000	0.000000	0.000000	0.000000	0.000000
-0.884984	-0.838204	0.000000	0.854147	0.000000	0.000000	0.000000	0.000000	0.000000	0.000000
-0.884984	-0.838221	0.000000	0.854659	0.000000	0.000000	0.000000	0.000000	0.000000	0.000000
-0.884984	-0.838205	-0.000000	0.852777	0.000000	0.000000	0.000000	0.000000	0.000000	0.000000
-0.884984	-0.838225	0.000000	0.853250	0.000000	0.000000	0.000000	0.000000	0.000000	0.000000
-0.884984	-0.838223	0.000000	0.852630	0.000000	0.000000	0.000000	0.000000	0.000000	0.000000
-0.884984	-0.838116	-0.000000	0.853664	0.000000	0.000000	0.000000	0.000000	0.000000	0.000000
-0.884984	-0.838191	0.000000	0.852591	0.000000	0.000000	0.000000	0.000000	0.000000	0.000000
-0.884984	-0.838172	0.000000	0.853551	0.000000	0.000000	0.000000	0.000000	0.000000	0.000000
-0.884984	-0.838157	-0.000000	0.853596	0.000000	0.000000	0.000000	0.000000	0.000000	0.000000
-0.884984	-0.838130	0.000000	0.853848	0.000000	0.000000	0.000000	0.000000	0.000000	0.000000
-0.884984	-0.838248	-0.000000	0.852567	0.000000	0.000000	0.000000	0.000000	0.000000	0.000000
-0.884984	-0.838178	0.000000	0.853274	0.000000	0.000000	0.000000	0.000000	0.000000	0.000000
-0.884984	-0.838171	-0.000000	0.853387	0.000000	0.000000	0.000000	0.000000	0.000000	0.000000
-0.884984	-0.838277	-0.000000	0.853346	0.000000	0.000000	0.000000	0.000000	0.000000	0.000000
-0.884984	-0.838206	-0.000000	0.852782	0.000000	0.000000	0.000000	0.000000	0.000000	0.000000
-0.884984	-0.838175	-0.000000	0.853937	0.000000	0.000000	0.000000	0.000000	0.000000	0.000000
-0.884984	-0.838201	0.000000	0.853699	0.000000	0.000000	0.000000	0.000000	0.000000	0.000000
-0.884984	-0.838235	-0.000000	0.854002	0.000000	0.000000	0.000000	0.000000	0.000000	0.000000
-0.884984	-0.838190	-0.000000	0.853429	0.000000	0.000000	0.000000	0.000000	0.000000	0.000000
-0.884984	-0.838210	-0.000000	0.853459	0.000000	0.000000	0.000000	0.000000	0.000000	0.000000
-0.884984	-0.838177	-0.000000	0.852708	0.000000	0.000000	0.000000	0.000000	0.000000	0.000000
-0.884984	-0.838238	0.000000	0.853102	0.000000	0.000000	0.000000	0.000000	0.000000	0.000000
-0.884984	-0.838211	0.000000	0.854371	0.000000	0.000000	0.000000	0.000000	0.000000	0.000000
-0.884984	-0.838151	0.000000	0.853507	0.000000	0.000000	0.000000	0.000000	0.000000	0.000000
-0.884984	-0.838200	-0.000000	0.853163	0.000000	0.000000	0.000000	0.000000	0.000000	0.000000
-0.884984	-0.838209	-0.000000	0.852753	0.000000	0.000000	0.000000	0.000000	0.000000	0.000000
-0.884984	-0.838164	0.000000	0.853007	0.000000	0.000000	0.000000	0.000000	0.000000	0.000000
-0.884984	-0.838192	0.000000	0.853496	0.000000	0.000000	0.000000	0.000000	0.000000	0.000000
-0.884984	-0.838203	-0.000000	0.853476	0.000000	0.000000	0.000000	0.000000	0.000000	0.000000
-0.884984	-0.838215	0.000000	0.854095	0.000000	0.000000	0.000000	0.000000	0.000000	0.000000
-0.884984	-0.838197	-0.000000	0.853101	0.000000	0.000000	0.000000	0.000000	0.000000	0.000000
-0.884984	-0.838183	-0.000000	0.852983	0.000000	0.000000	0.000000	0.000000	0.000000	0.000000
-0.884984	-0.838195	0.000000	0.853452	0.000000	0.000000	0.000000	0.000000	0.000000	0.000000
-0.884984	-0.838153	0.000000	0.853484	0.000000	0.000000	0.000000	0.000000	0.000000	0.000000
-0.884984	-0.838202	-0.000000	0.853410	0.000000	0.000000	0.000000	0.000000	0.000000	0.000000
-0.884984	-0.838204	0.000000	0.853174	0.000000	0.000000	0.000000	0.000000	0.000000	0.000000
-0.884984	-0.838183	0.000000	0.853946	0.000000	0.000000	0.000000	0.000000	0.000000	0.000000
-0.884984	-0.838156	-0.000000	0.853140	0.000000	0.000000	0.000000	0.000000	0.000000	0.000000
-0.884984	-0.838115	-0.000000	0.853077	0.000000	0.000000	0.000000	0.000000	0.000000	0.000000
-0.884984	-0.838194	-0.000000	0.853444	0.000000	0.000000	0.000000	0.000000	0.000000	0.000000
-0.884984	-0.838207	0.000000	0.853771	0.000000	0.000000	0.000000	0.000000	0.000000	0.000000
-0.884984	-0.838189	0.000000	0.853222	0.000000	0.000000	0.000000	0.000000	0.000000	0.000000
-0.884984	-0.838199	0.000000	0.853160	0.000000	0.000000	0.000000	0.000000	0.000000	0.000000
-0.884984	-0.838234	-0.000000	0.853402	0.000000	0.000000	0.000000	0.000000	0.000000	0.000000
-0.884984	-0.838154	-0.000000	0.852817	0.000000	0.000000	0.000000	0.000000	0.000000	0.000000
-0.884984	-0.838151	-0.000000	0.853416	0.000000	0.000000	0.000000	0.000000	0.000000	0.000000
-0.884984	-0.838136	-0.000000	0.852655	0.000000	0.000000	0.000000	0.000000	0.000000	0.000000
-0.884984	-0.838175	0.000000	0.853414	0.000000	0.000000	0.000000	0.000000	0.000000	0.000000
-0.884984	-0.838206	0.000000	0.852747	0.000000	0.000000	0.000000	0.000000	0.000000	0.000000
-0.884984	-0.838203	-0.000000	0.853106	0.000000	0.000000	0.000000	0.000000	0.000000	0.000000
-0.884984	-0.838136	-0.000000	0.852258	0.000000	0.000000	0.000000	0.000000	0.000000	0.000000
-0.884984	-0.838167	0.000000	0.852667	0.000000	0.000000	0.000000	0.000000	0.000000	0.000000
-0.884984	-0.838171	-0.000000	0.851873	0.000000	0.000000	0.000000	0.000000	0.000000	0.000000
-0.884984	-0.838181	-0.000000	0.852277	0.000000	0.000000	0.000000	0.000000	0.000000	0.000000
-0.884984	-0.838300	0.000000	0.853593	0.000000	0.000000	0.000000	0.000000	0.000000	0.000000
-0.884984	-0.838220	0.000000	0.853044	0.000000	0.000000	0.000000	0.000000	0.000000	0.000000
-0.884984	-0.838213	0.000000	0.853032	0.000000	0.000000	0.000000	0.000000	0.000000	0.000000
-0.884984	-0.838220	0.000000	0.853120	0.000000	0.000000	0.000000	0.000000	0.000000	0.000000
-0.884984	-0.838142	-0.000000	0.853645	0.000000	0.000000	0.000000	0.000000	0.000000	0.000000
-0.884984	-0.838157	0.000000	0.853831	0.000000	0.000000	0.000000	0.000000	0.000000	0.000000
-0.884984	-0.838154	-0.000000	0.852966	0.000000	0.000000	0.000000	0.000000	0.000000	0.000000
-0.884984	-0.838210	-0.000000	0.852914	0.000000	0.000000	0.000000	0.000000	0.000000	0.000000
-0.884984	-0.838193	-0.000000	0.853173	0.000000	0.000000	0.000000	0.000000	0.000000	0.000000
-0.884984	-0.838196	0.000000	0.853502	0.000000	0.000000	0.000000	0.000000	0.000000	0.000000
-0.884984	-0.838229	0.000000	0.853294	0.000000	0.000000	0.000000	0.000000	0.000000	0.000000
-0.884984	-0.838201	0.000000	0.852855	0.000000	0.000000	0.000000	0.000000	0.000000	0.000000
-0.884984	-0.838226	0.000000	0.853897	0.000000	0.000000	0.000000	0.000000	0.000000	0.000000
-0.884984	-0.838203	-0.000000	0.853461	0.000000	0.000000	0.000000	0.000000	0.000000	0.000000
-0.884984	-0.838232	0.000000	0.853289	0.000000	0.000000	0.000000	0.000000	0.000000	0.000000
-0.884984	-0.838213	0.000000	0.853075	0.000000	0.000000	0.000000	0.000000	0.000000	0.000000
-0.884984	-0.838197	0.000000	0.853400	0.000000	0.000000	0.000000	0.000000	0.000000	0.000000
-0.884984	-0.838217	0.000000	0.853521	0.000000	0.000000	0.000000	0.000000	0.000000	0.000000
-0.884984	-0.838203	-0.000000	0.853319	0.000000	0.000000	0.000000	0.000000	0.000000	0.000000
-0.884984	-0.838151	-0.000000	0.854005	0.000000	0.000000	0.000000	0.000000	0.000000	0.000000
-0.884984	-0.838147	0.000000	0.853109	0.000000	0.000000	0.000000	0.000000	0.000000	0.000000
-0.884984	-0.838149	0.000000	0.853968	0.000000	0.000000	0.000000	0.000000	0.000000	0.000000
-0.884984	-0.838194	-0.000000	0.853136	0.000000	0.000000	0.000000	0.000000	0.000000	0.000000
-0.884984	-0.838216	-0.000000	0.853611	0.000000	0.000000	0.000000	0.000000	0.000000	0.000000
-0.884984	-0.838215	-0.000000	0.851889	0.000000	0.000000	0.000000	0.000000	0.000000	0.000000
-0.884984	-0.838192	0.000000	0.852929	0.000000	0.000000	0.000000	0.000000	0.000000	0.000000
-0.884984	-0.838201	0.000000	0.852668	0.000000	0.000000	0.000000	0.000000	0.000000	0.000000
-0.884984	-0.838179	0.000000	0.853191	0.000000	0.000000	0.000000	0.000000	0.000000	0.000000
-0.884984	-0.838234	-0.000000	0.851842	0.000000	0.000000	0.000000	0.000000	0.000000	0.000000
-0.884984	-0.838211	0.000000	0.853504	0.000000	0.000000	0.000000	0.000000	0.000000	0.000000
-0.884984	-0.838194	0.000000	0.853046	0.000000	0.000000	0.000000	0.000000	0.000000	0.000000
-0.884984	-0.838226	0.000000	0.853664	0.000000	0.000000	0.000000	0.000000	0.000000	0.000000
-0.884984	-0.838179	-0.000000	0.853181	0.000000	0.000000	0.000000	0.000000	0.000000	0.000000
-0.884984	-0.838203	0.000000	0.852973	0.000000	0.000000	0.000000	0.000000	0.000000	0.000000
-0.884984	-0.838180	0.000000	0.853151	0.000000	0.000000	0.000000	0.000000	0.000000	0.000000
-0.884984	-0.838184	-0.000000	0.852688	0.000000	0.000000	0.000000	0.000000	0.000000	0.000000
-0.884984	-0.838242	0.000000	0.852720	0.000000	0.000000	0.000000	0.000000	0.000000	0.000000
-0.884984	-0.838196	0.000000	0.854365	0.000000	0.000000	0.000000	0.000000	0.000000	0.000000
-0.884984	-0.838188	0.000000	0.853453	0.000000	0.000000	0.000000	0.000000	0.000000	0.000000
-0.884984	-0.838181	0.000000	0.852997	0.000000	0.000000	0.000000	0.000000	0.000000	0.000000
-0.884984	-0.838193	-0.000000	0.852599	0.000000	0.000000	0.000000	0.000000	0.000000	0.000000
-0.884984	-0.838243	-0.000000	0.852695	0.000000	0.000000	0.000000	0.000000	0.000000	0.000000
-0.884984	-0.838242	-0.000000	0.853332	0.000000	0.000000	0.000000	0.000000	0.000000	0.000000
-0.884984	-0.838211	0.000000	0.853404	0.000000	0.000000	0.000000	0.000000	0.000000	0.000000
-0.884984	-0.838146	-0.000000	0.848512	0.000000	0.000000	0.000000	0.000000	0.000000	0.000000
-0.884984	-0.838170	0.000000	0.853728	0.000000	0.000000	0.000000	0.000000	0.000000	0.000000
-0.884984	-0.838139	-0.000000	0.853245	0.000000	0.000000	0.000000	0.000000	0.000000	0.000000
-0.884984	-0.838199	0.000000	0.853564	0.000000	0.000000	0.000000	0.000000	0.000000	0.000000
-0.884984	-0.838206	0.000000	0.852919	0.000000	0.000000	0.000000	0.000000	0.000000	0.000000
-0.884984	-0.838174	0.000000	0.853355	0.000000	0.000000	0.000000	0.000000	0.000000	0.000000
-0.884984	-0.838179	0.000000	0.846504	0.000000	0.000000	0.000000	0.000000	0.000000	0.000000
-0.884984	-0.838149	-0.000000	0.853338	0.000000	0.000000	0.000000	0.000000	0.000000	0.000000
-0.884984	-0.838167	-0.000000	0.853126	0.000000	0.000000	0.000000	0.000000	0.000000	0.000000
-0.884984	-0.838220	-0.000000	0.852722	0.000000	0.000000	0.000000	0.000000	0.000000	0.000000
-0.884984	-0.838250	-0.000000	0.853787	0.000000	0.000000	0.000000	0.000000	0.000000	0.000000
-0.884984	-0.838186	0.000000	0.853168	0.000000	0.000000	0.000000	0.000000	0.000000	0.000000
-0.884984	-0.838220	-0.000000	0.852740	0.000000	0.000000	0.000000	0.000000	0.000000	0.000000
-0.884984	-0.838156	-0.000000	0.853709	0.000000	0.000000	0.000000	0.000000	0.000000	0.000000
-0.884984	-0.838197	0.000000	0.853486	0.000000	0.000000	0.000000	0.000000	0.000000	0.000000
-0.884984	-0.838177	-0.000000	0.853278	0.000000	0.000000	0.000000	0.000000	0.000000	0.000000
-0.884984	-0.838181	0.000000	0.853021	0.000000	0.000000	0.000000	0.000000	0.000000	0.000000
-0.884984	-0.838192	0.000000	0.852546	0.000000	0.000000	0.000000	0.000000	0.000000	0.000000
-0.884984	-0.838195	0.000000	0.853572	0.000000	0.000000	0.000000	0.000000	0.000000	0.000000
-0.884984	-0.838225	0.000000	0.853028	0.000000	0.000000	0.000000	0.000000	0.000000	0.000000
-0.884984	-0.838176	-0.000000	0.853025	0.000000	0.000000	0.000000	0.000000	0.000000	0.000000
-0.884984	-0.838182	-0.000000	0.853472	0.000000	0.000000	0.000000	0.000000	0.000000	0.000000
-0.884984	-0.838228	-0.000000	0.853262	0.000000	0.000000	0.000000	0.000000	0.000000	0.000000
-0.884984	-0.838202	-0.000000	0.853739	0.000000	0.000000	0.000000	0.000000	0.000000	0.000000
-0.884984	-0.838223	0.000000	0.852933	0.000000	0.000000	0.000000	0.000000	0.000000	0.000000
-0.884984	-0.838166	-0.000000	0.853004	0.000000	0.000000	0.000000	0.000000	0.000000	0.000000
-0.884984	-0.838182	-0.000000	0.853382	0.000000	0.000000	0.000000	0.000000	0.000000	0.000000
-0.884984	-0.838151	0.000000	0.852514	0.000000	0.000000	0.000000	0.000000	0.000000	0.000000
-0.884984	-0.838198	-0.000000	0.853678	0.000000	0.000000	0.000000	0.000000	0.000000	0.000000
-0.884984	-0.838209	0.000000	0.852751	0.000000	0.000000	0.000000	0.000000	0.000000	0.000000
-0.884984	-0.838265	-0.000000	0.852274	0.000000	0.000000	0.000000	0.000000	0.000000	0.000000
-0.884984	-0.838228	-0.000000	0.852749	0.000000	0.000000	0.000000	0.000000	0.000000	0.000000
-0.884984	-0.838216	-0.000000	0.853201	0.000000	0.000000	0.000000	0.000000	0.000000	0.000000
-0.884984	-0.838191	-0.000000	0.853756	0.000000	0.000000	0.000000	0.000000	0.000000	0.000000
-0.884984	-0.838194	0.000000	0.853359	0.000000	0.000000	0.000000	0.000000	0.000000	0.000000
-0.884984	-0.838178	0.000000	0.853320	0.000000	0.000000	0.000000	0.000000	0.000000	0.000000
-0.884984	-0.838192	0.000000	0.853458	0.000000	0.000000	0.000000	0.000000	0.000000	0.000000
-0.884984	-0.838125	-0.000000	0.853385	0.000000	0.000000	0.000000	0.000000	0.000000	0.000000
-0.884984	-0.838182	-0.000000	0.853258	0.000000	0.000000	0.000000	0.000000	0.000000	0.000000
-0.884984	-0.838165	-0.000000	0.852817	0.000000	0.000000	0.000000	0.000000	0.000000	0.000000
-0.884984	-0.838239	0.000000	0.852349	0.000000	0.000000	0.000000	0.000000	0.000000	0.000000
-0.884984	-0.838207	-0.000000	0.852528	0.000000	0.000000	0.000000	0.000000	0.000000	0.000000
-0.884984	-0.838166	0.000000	0.853419	0.000000	0.000000	0.000000	0.000000	0.000000	0.000000
-0.884984	-0.838219	-0.000000	0.853436	0.000000	0.000000	0.000000	0.000000	0.000000	0.000000
-0.884984	-0.838155	0.000000	0.854173	0.000000	0.000000	0.000000	0.000000	0.000000	0.000000
-0.884984	-0.838212	0.000000	0.852617	0.000000	0.000000	0.000000	0.000000	0.000000	0.000000
-0.884984	-0.838216	-0.000000	0.853282	0.000000	0.000000	0.000000	0.000000	0.000000	0.000000
-0.884984	-0.838143	0.000000	0.850843	0.000000	0.000000	0.000000	0.000000	0.000000	0.000000
-0.884984	-0.838201	0.000000	0.853172	0.000000	0.000000	0.000000	0.000000	0.000000	0.000000
-0.884984	-0.838177	0.000000	0.853573	0.000000	0.000000	0.000000	0.000000	0.000000	0.000000
-0.884984	-0.838168	0.000000	0.853050	0.000000	0.000000	0.000000	0.000000	0.000000	0.000000
-0.884984	-0.838181	0.000000	0.853242	0.000000	0.000000	0.000000	0.000000	0.000000	0.000000
-0.884984	-0.838177	0.000000	0.853685	0.000000	0.000000	0.000000	0.000000	0.000000	0.000000
-0.884984	-0.838203	-0.000000	0.854060	0.000000	0.000000	0.000000	0.000000	0.000000	0.000000
-0.884984	-0.838203	-0.000000	0.853019	0.000000	0.000000	0.000000	0.000000	0.000000	0.000000
-0.884984	-0.838207	-0.000000	0.854089	0.000000	0.000000	0.000000	0.000000	0.000000	0.000000
-0.884984	-0.838249	0.000000	0.853648	0.000000	0.000000	0.000000	0.000000	0.000000	0.000000
-0.884984	-0.838183	0.000000	0.853171	0.000000	0.000000	0.000000	0.000000	0.000000	0.000000
-0.884984	-0.838175	0.000000	0.853328	0.000000	0.000000	0.000000	0.000000	0.000000	0.000000
-0.884984	-0.838219	-0.000000	0.852901	0.000000	0.000000	0.000000	0.000000	0.000000	0.000000
-0.884984	-0.838219	-0.000000	0.853266	0.000000	0.000000	0.000000	0.000000	0.000000	0.000000
-0.884984	-0.838163	0.000000	0.852784	0.000000	0.000000	0.000000	0.000000	0.000000	0.000000
-0.884984	-0.838205	-0.000000	0.852906	0.000000	0.000000	0.000000	0.000000	0.000000	0.000000
-0.884984	-0.838194	-0.000000	0.852842	0.000000	0.000000	0.000000	0.000000	0.000000	0.000000
-0.884984	-0.838216	0.000000	0.853902	0.000000	0.000000	0.000000	0.000000	0.000000	0.000000
-0.884984	-0.838203	-0.000000	0.472364	0.000000	0.000000	0.000000	0.000000	0.000000	0.000000
-0.884984	-0.838203	-0.000000	0.853059	0.000000	0.000000	0.000000	0.000000	0.000000	0.000000
-0.884984	-0.838184	0.000000	0.852785	0.000000	0.000000	0.000000	0.000000	0.000000	0.000000
-0.884984	-0.838191	-0.000000	0.853403	0.000000	0.000000	0.000000	0.000000	0.000000	0.000000
-0.884984	-0.838183	0.000000	0.854071	0.000000	0.000000	0.000000	0.000000	0.000000	0.000000
-0.884984	-0.838105	-0.000000	0.853344	0.000000	0.000000	0.000000	0.000000	0.000000	0.000000
-0.884984	-0.838159	-0.000000	0.853482	0.000000	0.000000	0.000000	0.000000	0.000000	0.000000
-0.884984	-0.838211	0.000000	0.851431	0.000000	0.000000	0.000000	0.000000	0.000000	0.000000
-0.884984	-0.838179	0.000000	0.853047	0.000000	0.000000	0.000000	0.000000	0.000000	0.000000
-0.884984	-0.838160	0.000000	0.853581	0.000000	0.000000	0.000000	0.000000	0.000000	0.000000
-0.884984	-0.838229	0.000000	0.853866	0.000000	0.000000	0.000000	0.000000	0.000000	0.000000
-0.884984	-0.838227	-0.000000	0.852552	0.000000	0.000000	0.000000	0.000000	0.000000	0.000000
-0.884984	-0.838208	0.000000	0.854371	0.000000	0.000000	0.000000	0.000000	0.000000	0.000000
-0.884984	-0.838269	0.000000	0.853627	0.000000	0.000000	0.000000	0.000000	0.000000	0.000000
-0.884984	-0.838227	-0.000000	0.853955	0.000000	0.000000	0.000000	0.000000	0.000000	0.000000
-0.884984	-0.838183	-0.000000	0.853002	0.000000	0.000000	0.000000	0.000000	0.000000	0.000000
-0.884984	-0.838226	0.000000	0.853464	0.000000	0.000000	0.000000	0.000000	0.000000	0.000000
-0.884984	-0.759662	-0.000000	0.852551	0.000000	0.000000	0.000000	0.000000	0.000000	0.000000
-0.884984	-0.838197	0.000000	0.853255	0.000000	0.000000	0.000000	0.000000	0.000000	0.000000
-0.884984	-0.838192	0.000000	0.852865	0.000000	0.000000	0.000000	0.000000	0.000000	0.000000
-0.884984	-0.838169	-0.000000	0.852873	0.000000	0.000000	0.000000	0.000000	0.000000	0.000000
-0.884984	-0.838263	0.000000	0.853144	0.000000	0.000000	0.000000	0.000000	0.000000	0.000000
-0.884984	-0.838179	-0.000000	0.853044	0.000000	0.000000	0.000000	0.000000	0.000000	0.000000
-0.884984	-0.838220	-0.000000	0.853671	0.000000	0.000000	0.000000	0.000000	0.000000	0.000000
-0.884984	-0.838149	0.000000	0.854174	0.000000	0.000000	0.000000	0.000000	0.000000	0.000000
-0.884984	-0.838168	0.000000	0.853516	0.000000	0.000000	0.000000	0.000000	0.000000	0.000000
-0.884984	-0.838212	-0.000000	0.852785	0.000000	0.000000	0.000000	0.000000	0.000000	0.000000
-0.884984	-0.838207	-0.000000	0.853229	0.000000	0.000000	0.000000	0.000000	0.000000	0.000000
-0.884984	-0.838157	0.000000	0.851951	0.000000	0.000000	0.000000	0.000000	0.000000	0.000000
-0.884984	-0.838163	-0.000000	0.853751	0.000000	0.000000	0.000000	0.000000	0.000000	0.000000
-0.884984	-0.838215	-0.000000	0.853345	0.000000	0.000000	0.000000	0.000000	0.000000	0.000000
-0.884984	-0.838164	0.000000	0.853274	0.000000	0.000000	0.000000	0.000000	0.000000	0.000000
-0.884984	-0.838134	0.000000	0.853612	0.000000	0.000000	0.000000	0.000000	0.000000	0.000000
-0.884984	-0.838276	0.000000	0.853155	0.000000	0.000000	0.000000	0.000000	0.000000	0.000000
-0.884984	-0.838238	0.000000	0.853278	0.000000	0.000000	0.000000	0.000000	0.000000	0.000000
-0.884984	-0.838192	0.000000	0.852875	0.000000	0.000000	0.000000	0.000000	0.000000	0.000000
-0.884984	-0.838181	0.000000	0.853661	0.000000	0.000000	0.000000	0.000000	0.000000	0.000000
-0.884984	-0.838164	-0.000000	0.853370	0.000000	0.000000	0.000000	0.000000	0.000000	0.000000
-0.884984	-0.838205	0.000000	0.853601	0.000000	0.000000	0.000000	0.000000	0.000000	0.000000
-0.884984	-0.838161	-0.000000	0.854081	0.000000	0.000000	0.000000	0.000000	0.000000	0.000000
-0.884984	-0.838172	-0.000000	0.853267	0.000000	0.000000	0.000000	0.000000	0.000000	0.000000
-0.884984	-0.838184	0.000000	0.853715	0.000000	0.000000	0.000000	0.000000	0.000000	0.000000
-0.884984	0.840865	0.000001	0.000000	0.000000	0.000000	0.000000	0.000000	0.000000	0.000000
-0.884984	0.870220	0.801209	-0.000000	0.000000	0.000000	0.000000	0.000000	0.000000	0.000000
-0.884984	0.869945	0.803504	-0.000000	0.000000	0.000000	0.000000	0.000000	0.000000	0.000000
-0.884984	0.870035	0.803572	0.000000	0.000000	0.000000	0.000000	0.000000	0.000000	0.000000
-0.884984	0.870247	0.803475	0.000000	0.000000	0.000000	0.000000	0.000000	0.000000	0.000000
-0.884984	0.870067	0.803757	-0.000000	0.000000	0.000000	0.000000	0.000000	0.000000	0.000000
-0.884984	0.870300	0.803445	-0.000000	0.000000	0.000000	0.000000	0.000000	0.000000	0.000000
-0.884984	0.870211	0.803579	0.000000	0.000000	0.000000	0.000000	0.000000	0.000000	0.000000
-0.884984	0.870299	0.803399	-0.000000	0.000000	0.000000	0.000000	0.000000	0.000000	0.000000
-0.884984	0.870113	0.803620	-0.000000	0.000000	0.000000	0.000000	0.000000	0.000000	0.000000
-0.884984	0.870176	0.803951	0.000000	0.000000	0.000000	0.000000	0.000000	0.000000	0.000000
-0.884984	0.870300	0.801004	-0.000000	0.000000	0.000000	0.000000	0.000000	0.000000	0.000000
-0.884984	0.870110	0.803400	0.000000	0.000000	0.000000	0.000000	0.000000	0.000000	0.000000
-0.884984	0.870204	0.803553	-0.000000	0.000000	0.000000	0.000000	0.000000	0.000000	0.000000
-0.884984	0.870381	0.688252	-0.000000	0.000000	0.000000	0.000000	0.000000	0.000000	0.000000
-0.884984	0.868005	0.803715	-0.000000	0.000000	0.000000	0.000000	0.000000	0.000000	0.000000
-0.884984	0.870301	0.803658	-0.000000	0.000000	0.000000	0.000000	0.000000	0.000000	0.000000
-0.884984	0.870214	0.803853	0.000000	0.000000	0.000000	0.000000	0.000000	0.000000	0.000000
-0.884984	0.870138	0.803730	-0.000000	0.000000	0.000000	0.000000	0.000000	0.000000	0.000000
-0.884984	0.870294	0.803769	-0.000000	0.000000	0.000000	0.000000	0.000000	0.000000	0.000000
-0.884984	0.870246	0.803548	-0.000000	0.000000	0.000000	0.000000	0.000000	0.000000	0.000000
-0.884984	0.870104	0.803609	0.000000	0.000000	0.000000	0.000000	0.000000	0.000000	0.000000
-0.884984	0.870203	0.803700	-0.000000	0.000000	0.000000	0.000000	0.000000	0.000000	0.000000
-0.884984	0.870225	0.803644	0.000000	0.000000	0.000000	0.000000	0.000000	0.000000	0.000000
-0.884984	0.870178	0.803822	0.000000	0.000000	0.000000	0.000000	0.000000	0.000000	0.000000
-0.884984	0.870158	0.803654	0.000000	0.000000	0.000000	0.000000	0.000000	0.000000	0.000000
-0.884984	0.870142	0.803778	0.000000	0.000000	0.000000	0.000000	0.000000	0.000000	0.000000
-0.884984	0.870071	0.803651	-0.000000	0.000000	0.000000	0.000000	0.000000	0.000000	0.000000
-0.884984	0.870291	0.803562	-0.000000	0.000000	0.000000	0.000000	0.000000	0.000000	0.000000
-0.884984	0.870161	0.803778	-0.000000	0.000000	0.000000	0.000000	0.000000	0.000000	0.000000
-0.884984	0.870019	0.803514	-0.000000	0.000000	0.000000	0.000000	0.000000	0.000000	0.000000
-0.884984	0.870107	0.803847	0.000000	0.000000	0.000000	0.000000	0.000000	0.000000	0.000000
-0.884984	0.870180	0.803496	0.000000	0.000000	0.000000	0.000000	0.000000	0.000000	0.000000
-0.884984	0.870144	0.803565	0.000000	0.000000	0.000000	0.000000	0.000000	0.000000	0.000000
-0.884984	0.870334	0.803429	0.000000	0.000000	0.000000	0.000000	0.000000	0.000000	0.000000
-0.884984	0.870325	0.803698	0.000000	0.000000	0.000000	0.000000	0.000000	0.000000	0.000000
-0.884984	0.870159	0.803610	-0.000000	0.000000	0.000000	0.000000	0.000000	0.000000	0.000000
-0.884984	0.870218	0.803557	0.000000	0.000000	0.000000	0.000000	0.000000	0.000000	0.000000
-0.884984	0.870189	0.803801	0.000000	0.000000	0.000000	0.000000	0.000000	0.000000	0.000000
-0.884984	0.870149	0.803291	-0.000000	0.000000	0.000000	0.000000	0.000000	0.000000	0.000000
-0.884984	0.870175	0.804010	0.000000	0.000000	0.000000	0.000000	0.000000	0.000000	0.000000
-0.884984	0.870187	0.804043	0.000000	0.000000	0.000000	0.000000	0.000000	0.000000	0.000000
-0.884984	0.870212	0.803582	-0.000000	0.000000	0.000000	0.000000	0.000000	0.000000	0.000000
-0.884984	0.870173	0.803649	-0.000000	0.000000	0.000000	0.000000	0.000000	0.000000	0.000000
-0.884984	0.870200	0.803696	-0.000000	0.000000	0.000000	0.000000	0.000000	0.000000	0.000000
-0.884984	0.870090	0.803415	-0.000000	0.000000	0.000000	0.000000	0.000000	0.000000	0.000000
-0.884984	0.870260	0.803891	-0.000000	0.000000	0.000000	0.000000	0.000000	0.000000	0.000000
-0.884984	0.870189	0.803509	-0.000000	0.000000	0.000000	0.000000	0.000000	0.000000	0.000000
-0.884984	0.870260	0.803839	0.000000	0.000000	0.000000	0.000000	0.000000	0.000000	0.000000
-0.884984	0.870354	0.803657	0.000000	0.000000	0.000000	0.000000	0.000000	0.000000	0.000000
-0.884984	0.870204	0.803557	0.000000	0.000000	0.000000	0.000000	0.000000	0.000000	0.000000
-0.884984	0.870156	0.803548	-0.000000	0.000000	0.000000	0.000000	0.000000	0.000000	0.000000
-0.884984	0.870253	0.803739	0.000000	0.000000	0.000000	0.000000	0.000000	0.000000	0.000000
-0.884984	0.870304	0.803764	-0.000000	0.000000	0.000000	0.000000	0.000000	0.000000	0.000000
-0.884984	0.870147	0.803553	0.000000	0.000000	0.000000	0.000000	0.000000	0.000000	0.000000
-0.884984	0.870130	0.803665	-0.000000	0.000000	0.000000	0.000000	0.000000	0.000000	0.000000
-0.884984	0.870153	0.803692	0.000000	0.000000	0.000000	0.000000	0.000000	0.000000	0.000000
-0.884984	0.870206	0.803829	-0.000000	0.000000	0.000000	0.000000	0.000000	0.000000	0.000000
-0.884984	0.870123	0.803545	-0.000000	0.000000	0.000000	0.000000	0.000000	0.000000	0.000000
-0.884984	0.870301	0.803373	-0.000000	0.000000	0.000000	0.000000	0.000000	0.000000	0.000000
-0.884984	0.870050	0.803655	0.000000	0.000000	0.000000	0.000000	0.000000	0.000000	0.000000
-0.884984	0.870217	0.803717	0.000000	0.000000	0.000000	0.000000	0.000000	0.000000	0.000000
-0.884984	0.870165	0.803759	0.000000	0.000000	0.000000	0.000000	0.000000	0.000000	0.000000
-0.884984	0.870385	0.803537	-0.000000	0.000000	0.000000	0.000000	0.000000	0.000000	0.000000
-0.884984	0.870094	0.803557	0.000000	0.000000	0.000000	0.000000	0.000000	0.000000	0.000000
-0.884984	0.870226	0.803469	-0.000000	0.000000	0.000000	0.000000	0.000000	0.000000	0.000000
-0.884984	0.870158	0.800192	-0.000000	0.000000	0.000000	0.000000	0.000000	0.000000	0.000000
-0.884984	0.870272	0.803594	-0.000000	0.000000	0.000000	0.000000	0.000000	0.000000	0.000000
-0.884984	0.870397	0.803513	0.000000	0.000000	0.000000	0.000000	0.000000	0.000000	0.000000
-0.884984	0.870090	0.803819	-0.000000	0.000000	0.000000	0.000000	0.000000	0.000000	0.000000
-0.884984	0.870317	0.803092	0.000000	0.000000	0.000000	0.000000	0.000000	0.000000	0.000000
-0.884984	0.870242	0.803665	-0.000000	0.000000	0.000000	0.000000	0.000000	0.000000	0.000000
-0.884984	0.870277	0.803611	0.000000	0.000000	0.000000	0.000000	0.000000	0.000000	0.000000
-0.884984	0.870165	0.803527	-0.000000	0.000000	0.000000	0.000000	0.000000	0.000000	0.000000
-0.884984	0.870210	0.803558	0.000000	0.000000	0.000000	0.000000	0.000000	0.000000	0.000000
-0.884984	0.870046	0.803801	0.000000	0.000000	0.000000	0.000000	0.000000	0.000000	0.000000
-0.884984	0.870299	0.803692	-0.000000	0.000000	0.000000	0.000000	0.000000	0.000000	0.000000
-0.884984	0.870313	0.803382	0.000000	0.000000	0.000000	0.000000	0.000000	0.000000	0.000000
-0.884984	0.870153	0.803762	0.000000	0.000000	0.000000	0.000000	0.000000	0.000000	0.000000
-0.884984	0.870138	0.803548	0.000000	0.000000	0.000000	0.000000	0.000000	0.000000	0.000000
-0.884984	0.870203	0.803620	-0.000000	0.000000	0.000000	0.000000	0.000000	0.000000	0.000000
-0.884984	0.870205	0.803664	-0.000000	0.000000	0.000000	0.000000	0.000000	0.000000	0.000000
-0.884984	0.870105	0.803991	0.000000	0.000000	0.000000	0.000000	0.000000	0.000000	0.000000
-0.884984	0.870325	0.804035	-0.000000	0.000000	0.000000	0.000000	0.000000	0.000000	0.000000
-0.884984	0.870187	0.803638	0.000000	0.000000	0.000000	0.000000	0.000000	0.000000	0.000000
-0.884984	0.870224	0.803543	0.000000	0.000000	0.000000	0.000000	0.000000	0.000000	0.000000
-0.884984	0.870384	0.803822	-0.000000	0.000000	0.000000	0.000000	0.000000	0.000000	0.000000
-0.884984	0.870149	0.803905	-0.000000	0.000000	0.000000	0.000000	0.000000	0.000000	0.000000
-0.884984	0.870198	0.803849	0.000000	0.000000	0.000000	0.000000	0.000000	0.000000	0.000000
-0.884984	0.870307	0.803803	-0.000000	0.000000	0.000000	0.000000	0.000000	0.000000	0.000000
-0.884984	0.870198	0.803824	-0.000000	0.000000	0.000000	0.000000	0.000000	0.000000	0.000000
-0.884984	0.870380	0.803725	-0.000000	0.000000	0.000000	0.000000	0.000000	0.000000	0.000000
-0.884984	0.870416	0.803812	-0.000000	0.000000	0.000000	0.000000	0.000000	0.000000	0.000000
-0.884984	0.870191	0.803788	0.000000	0.000000	0.000000	0.000000	0.000000	0.000000	0.000000
-0.884984	0.870248	0.803573	-0.000000	0.000000	0.000000	0.000000	0.000000	0.000000	0.000000
-0.884984	0.870367	0.803996	-0.000000	0.000000	0.000000	0.000000	0.000000	0.000000	0.000000
-0.884984	0.870086	0.803683	-0.000000	0.000000	0.000000	0.000000	0.000000	0.000000	0.000000
-0.884984	0.870125	0.803649	-0.000000	0.000000	0.000000	0.000000	0.000000	0.000000	0.000000
-0.884984	0.870327	0.803702	-0.000000	0.000000	0.000000	0.000000	0.000000	0.000000	0.000000
-0.884984	0.870136	0.803597	-0.000000	0.000000	0.000000	0.000000	0.000000	0.000000	0.000000
-0.884984	0.870107	0.803689	0.000000	0.000000	0.000000	0.000000	0.000000	0.000000	0.000000
-0.884984	0.870160	0.803593	0.000000	0.000000	0.000000	0.000000	0.000000	0.000000	0.000000
-0.884984	0.870208	0.803333	-0.000000	0.000000	0.000000	0.000000	0.000000	0.000000	0.000000
-0.884984	0.870126	0.803447	-0.000000	0.000000	0.000000	0.000000	0.000000	0.000000	0.000000
-0.884984	0.870129	0.803723	0.000000	0.000000	0.000000	0.000000	0.000000	0.000000	0.000000
-0.884984	0.870097	0.803557	-0.000000	0.000000	0.000000	0.000000	0.000000	0.000000	0.000000
-0.884984	0.870131	0.803728	-0.000000	0.000000	0.000000	0.000000	0.000000	0.000000	0.000000
-0.884984	0.870280	0.803634	-0.000000	0.000000	0.000000	0.000000	0.000000	0.000000	0.000000
-0.884984	0.870185	0.803622	-0.000000	0.000000	0.000000	0.000000	0.000000	0.000000	0.000000
-0.884984	0.870177	0.803783	0.000000	0.000000	0.000000	0.000000	0.000000	0.000000	0.000000
-0.884984	0.870023	0.803723	-0.000000	0.000000	0.000000	0.000000	0.000000	0.000000	0.000000
-0.884984	0.870422	0.803368	0.000000	0.000000	0.000000	0.000000	0.000000	0.000000	0.000000
-0.884984	0.870197	0.803567	0.000000	0.000000	0.000000	0.000000	0.000000	0.000000	0.000000
-0.884984	0.870228	0.803698	0.000000	0.000000	0.000000	0.000000	0.000000	0.000000	0.000000
-0.884984	0.870186	0.803454	-0.000000	0.000000	0.000000	0.000000	0.000000	0.000000	0.000000
-0.884984	0.870161	0.803568	0.000000	0.000000	0.000000	0.000000	0.000000	0.000000	0.000000
-0.884984	0.870325	0.803735	-0.000000	0.000000	0.000000	0.000000	0.000000	0.000000	0.000000
-0.884984	0.870199	0.803682	-0.000000	0.000000	0.000000	0.000000	0.000000	0.000000	0.000000
-0.884984	0.870211	0.803488	0.000000	0.000000	0.000000	0.000000	0.000000	0.000000	0.000000
-0.884984	0.869535	0.803703	0.000000	0.000000	0.000000	0.000000	0.000000	0.000000	0.000000
-0.884984	0.870271	0.803943	0.000000	0.000000	0.000000	0.000000	0.000000	0.000000	0.000000
-0.884984	0.870277	0.803429	-0.000000	0.000000	0.000000	0.000000	0.000000	0.000000	0.000000
-0.884984	0.870298	0.803735	0.000000	0.000000	0.000000	0.000000	0.000000	0.000000	0.000000
-0.884984	0.870210	0.803429	0.000000	0.000000	0.000000	0.000000	0.000000	0.000000	0.000000
-0.884984	0.870314	0.803629	-0.000000	0.000000	0.000000	0.000000	0.000000	0.000000	0.000000
-0.884984	0.870153	0.803598	-0.000000	0.000000	0.000000	0.000000	0.000000	0.000000	0.000000
-0.884984	0.870331	0.803380	0.000000	0.000000	0.000000	0.000000	0.000000	0.000000	0.000000
-0.884984	0.869977	0.803624	0.000000	0.000000	0.000000	0.000000	0.000000	0.000000	0.000000
-0.884984	0.870146	0.803636	-0.000000	0.000000	0.000000	0.000000	0.000000	0.000000	0.000000
-0.884984	0.870288	0.803446	-0.000000	0.000000	0.000000	0.000000	0.000000	0.000000	0.000000
-0.884984	0.870203	0.803607	-0.000000	0.000000	0.000000	0.000000	0.000000	0.000000	0.000000
-0.884984	0.870295	0.803548	0.000000	0.000000	0.000000	0.000000	0.000000	0.000000	0.000000
-0.884984	0.870288	0.803594	-0.000000	0.000000	0.000000	0.000000	0.000000	0.000000	0.000000
-0.884984	0.870035	0.803648	-0.000000	0.000000	0.000000	0.000000	0.000000	0.000000	0.000000
-0.884951	0.870258	0.803585	-0.000000	0.000000	0.000000	0.000000	0.000000	0.000000	0.000000
-0.884984	0.870179	0.803496	-0.000000	0.000000	0.000000	0.000000	0.000000	0.000000	0.000000
-0.884984	0.869884	0.803629	0.000000	0.000000	0.000000	0.000000	0.000000	0.000000	0.000000
-0.884984	0.870088	0.803557	-0.000000	0.000000	0.000000	0.000000	0.000000	0.000000	0.000000
-0.884984	0.870186	0.803807	0.000000	0.000000	0.000000	0.000000	0.000000	0.000000	0.000000
-0.884984	0.870274	0.803438	-0.000000	0.000000	0.000000	0.000000	0.000000	0.000000	0.000000
-0.884984	0.870127	0.803733	0.000000	0.000000	0.000000	0.000000	0.000000	0.000000	0.000000
-0.884984	0.870158	0.803689	-0.000000	0.000000	0.000000	0.000000	0.000000	0.000000	0.000000
-0.884984	0.870195	0.803495	-0.000000	0.000000	0.000000	0.000000	0.000000	0.000000	0.000000
-0.884984	0.870185	0.803640	0.000000	0.000000	0.000000	0.000000	0.000000	0.000000	0.000000
-0.884984	0.870275	0.803483	0.000000	0.000000	0.000000	0.000000	0.000000	0.000000	0.000000
-0.884984	0.870280	0.803468	0.000000	0.000000	0.000000	0.000000	0.000000	0.000000	0.000000
-0.884984	0.870088	0.803594	-0.000000	0.000000	0.000000	0.000000	0.000000	0.000000	0.000000
-0.884984	0.870301	0.803531	0.000000	0.000000	0.000000	0.000000	0.000000	0.000000	0.000000
-0.884984	0.870357	0.803638	0.000000	0.000000	0.000000	0.000000	0.000000	0.000000	0.000000
-0.884984	0.870210	0.803459	-0.000000	0.000000	0.000000	0.000000	0.000000	0.000000	0.000000
-0.884984	0.870205	0.803582	-0.000000	0.000000	0.000000	0.000000	0.000000	0.000000	0.000000
-0.884984	0.870268	0.803938	-0.000000	0.000000	0.000000	0.000000	0.000000	0.000000	0.000000
-0.884984	0.870115	0.803877	0.000000	0.000000	0.000000	0.000000	0.000000	0.000000	0.000000
-0.884984	0.870168	0.803957	0.000000	0.000000	0.000000	0.000000	0.000000	0.000000	0.000000
-0.884984	0.870127	0.803641	0.000000	0.000000	0.000000	0.000000	0.000000	0.000000	0.000000
-0.884984	0.870059	0.803445	-0.000000	0.000000	0.000000	0.000000	0.000000	0.000000	0.000000
-0.884984	0.870272	0.803571	0.000000	0.000000	0.000000	0.000000	0.000000	0.000000	0.000000
-0.884984	0.870202	0.803670	-0.000000	0.000000	0.000000	0.000000	0.000000	0.000000	0.000000
-0.884984	0.870224	0.803700	0.000000	0.000000	0.000000	0.000000	0.000000	0.000000	0.000000
-0.884984	0.870295	0.803903	0.000000	0.000000	0.000000	0.000000	0.000000	0.000000	0.000000
-0.884984	0.870191	0.803670	-0.000000	0.000000	0.000000	0.000000	0.000000	0.000000	0.000000
-0.884984	0.870184	0.803454	-0.000000	0.000000	0.000000	0.000000	0.000000	0.000000	0.000000
-0.884984	0.870204	0.803449	-0.000000	0.000000	0.000000	0.000000	0.000000	0.000000	0.000000
-0.884984	0.870200	0.803484	-0.000000	0.000000	0.000000	0.000000	0.000000	0.000000	0.000000
-0.884984	0.870091	0.803588	0.000000	0.000000	0.000000	0.000000	0.000000	0.000000	0.000000
-0.884984	0.870158	0.803602	0.000000	0.000000	0.000000	0.000000	0.000000	0.000000	0.000000
-0.884984	0.870154	0.803425	-0.000000	0.000000	0.000000	0.000000	0.000000	0.000000	0.000000
-0.884984	0.870164	0.803471	-0.000000	0.000000	0.000000	0.000000	0.000000	0.000000	0.000000
-0.884984	0.870346	0.803790	-0.000000	0.000000	0.000000	0.000000	0.000000	0.000000	0.000000
-0.884984	0.870305	0.803729	0.000000	0.000000	0.000000	0.000000	0.000000	0.000000	0.000000
-0.884984	0.870185	0.803597	-0.000000	0.000000	0.000000	0.000000	0.000000	0.000000	0.000000
-0.884984	0.870156	0.803495	0.000000	0.000000	0.000000	0.000000	0.000000	0.000000	0.000000
-0.884984	0.870236	0.803783	-0.000000	0.000000	0.000000	0.000000	0.000000	0.000000	0.000000
-0.884984	0.870171	0.803572	-0.000000	0.000000	0.000000	0.000000	0.000000	0.000000	0.000000
-0.884984	0.870208	0.803621	-0.000000	0.000000	0.000000	0.000000	0.000000	0.000000	0.000000
-0.884984	0.870012	0.803770	-0.000000	0.000000	0.000000	0.000000	0.000000	0.000000	0.000000
-0.884984	0.870141	0.803183	0.000000	0.000000	0.000000	0.000000	0.000000	0.000000	0.000000
-0.884984	0.870299	0.803538	-0.000000	0.000000	0.000000	0.000000	0.000000	0.000000	0.000000
-0.884984	0.870283	0.803513	-0.000000	0.000000	0.000000	0.000000	0.000000	0.000000	0.000000
-0.884984	0.870130	0.803625	-0.000000	0.000000	0.000000	0.000000	0.000000	0.000000	0.000000
-0.884984	0.870205	0.803547	0.000000	0.000000	0.000000	0.000000	0.000000	0.000000	0.000000
-0.884984	0.870321	0.803757	-0.000000	0.000000	0.000000	0.000000	0.000000	0.000000	0.000000
-0.884984	0.870201	0.803556	-0.000000	0.000000	0.000000	0.000000	0.000000	0.000000	0.000000
-0.884984	0.870289	0.803507	0.000000	0.000000	0.000000	0.000000	0.000000	0.000000	0.000000
-0.884984	0.870307	0.803432	-0.000000	0.000000	0.000000	0.000000	0.000000	0.000000	0.000000
-0.884984	0.870112	0.803519	0.000000	0.000000	0.000000	0.000000	0.000000	0.000000	0.000000
-0.884984	0.870268	0.803529	-0.000000	0.000000	0.000000	0.000000	0.000000	0.000000	0.000000
-0.884984	0.870300	0.803424	0.000000	0.000000	0.000000	0.000000	0.000000	0.000000	0.000000
-0.884984	0.870120	0.803390	-0.000000	0.000000	0.000000	0.000000	0.000000	0.000000	0.000000
-0.884984	0.870060	0.803774	0.000000	0.000000	0.000000	0.000000	0.000000	0.000000	0.000000
-0.884984	0.870361	0.803701	0.000000	0.000000	0.000000	0.000000	0.000000	0.000000	0.000000
-0.884984	0.870392	0.803501	0.000000	0.000000	0.000000	0.000000	0.000000	0.000000	0.000000
-0.884984	0.870104	0.803428	0.000000	0.000000	0.000000	0.000000	0.000000	0.000000	0.000000
-0.884984	0.870180	0.803191	0.000000	0.000000	0.000000	0.000000	0.000000	0.000000	0.000000
-0.884984	0.870150	0.803725	0.000000	0.000000	0.000000	0.000000	0.000000	0.000000	0.000000
-0.884984	0.870203	0.803386	-0.000000	0.000000	0.000000	0.000000	0.000000	0.000000	0.000000
-0.884984	0.870164	0.803723	-0.000000	0.000000	0.000000	0.000000	0.000000	0.000000	0.000000
-0.884984	0.870190	0.803581	0.000000	0.000000	0.000000	0.000000	0.000000	0.000000	0.000000
-0.884984	0.870178	0.803492	-0.000000	0.000000	0.000000	0.000000	0.000000	0.000000	0.000000
-0.884984	0.870174	0.803843	-0.000000	0.000000	0.000000	0.000000	0.000000	0.000000	0.000000
-0.884984	0.870081	0.803607	0.000000	0.000000	0.000000	0.000000	0.000000	0.000000	0.000000
-0.884984	0.870150	0.803716	-0.000000	0.000000	0.000000	0.000000	0.000000	0.000000	0.000000
-0.884984	0.870398	0.803729	0.000000	0.000000	0.000000	0.000000	0.000000	0.000000	0.000000
-0.884984	0.870224	0.803379	0.000000	0.000000	0.000000	0.000000	0.000000	0.000000	0.000000
-0.884984	0.870224	0.803623	-0.000000	0.000000	0.000000	0.000000	0.000000	0.000000	0.000000
-0.884984	0.870172	0.803620	-0.000000	0.000000	0.000000	0.000000	0.000000	0.000000	0.000000
-0.884984	0.870360	0.803446	-0.000000	0.000000	0.000000	0.000000	0.000000	0.000000	0.000000
-0.884984	0.870286	0.803729	0.000000	0.000000	0.000000	0.000000	0.000000	0.000000	0.000000
-0.884984	0.870315	0.803461	-0.000000	0.000000	0.000000	0.000000	0.000000	0.000000	0.000000
-0.884984	0.870189	0.803752	0.000000	0.000000	0.000000	0.000000	0.000000	0.000000	0.000000
-0.884984	0.870128	0.803758	0.000000	0.000000	0.000000	0.000000	0.000000	0.000000	0.000000
-0.884984	0.870061	0.803376	-0.000000	0.000000	0.000000	0.000000	0.000000	0.000000	0.000000
-0.884984	0.870199	0.803639	-0.000000	0.000000	0.000000	0.000000	0.000000	0.000000	0.000000
-0.884984	0.870163	0.803608	0.000000	0.000000	0.000000	0.000000	0.000000	0.000000	0.000000
-0.884984	0.870134	0.803632	-0.000000	0.000000	0.000000	0.000000	0.000000	0.000000	0.000000
-0.884984	0.870071	0.803475	-0.000000	0.000000	0.000000	0.000000	0.000000	0.000000	0.000000
-0.884984	0.870113	0.803783	0.000000	0.000000	0.000000	0.000000	0.000000	0.000000	0.000000
-0.884984	0.870076	0.803747	-0.000000	0.000000	0.000000	0.000000	0.000000	0.000000	0.000000
-0.884984	0.870397	0.803592	0.000000	0.000000	0.000000	0.000000	0.000000	0.000000	0.000000
-0.884984	0.870144	0.803775	-0.000000	0.000000	0.000000	0.000000	0.000000	0.000000	0.000000
-0.884984	0.870213	0.803615	-0.000000	0.000000	0.000000	0.000000	0.000000	0.000000	0.000000
-0.884984	0.870026	0.803728	-0.000000	0.000000	0.000000	0.000000	0.000000	0.000000	0.000000
-0.884984	0.870383	0.803498	0.000000	0.000000	0.000000	0.000000	0.000000	0.000000	0.000000
-0.884984	0.870093	0.803699	-0.000000	0.000000	0.000000	0.000000	0.000000	0.000000	0.000000
-0.884984	0.870180	0.803426	0.000000	0.000000	0.000000	0.000000	0.000000	0.000000	0.000000
-0.884984	0.870205	0.803777	-0.000000	0.000000	0.000000	0.000000	0.000000	0.000000	0.000000
-0.884984	0.870259	0.803532	-0.000000	0.000000	0.000000	0.000000	0.000000	0.000000	0.000000
-0.884984	0.870302	0.803691	-0.000000	0.000000	0.000000	0.000000	0.000000	0.000000	0.000000
-0.884984	0.870256	0.803509	-0.000000	0.000000	0.000000	0.000000	0.000000	0.000000	0.000000
-0.884984	0.870358	0.803296	0.000000	0.000000	0.000000	0.000000	0.000000	0.000000	0.000000
-0.884984	0.870114	0.803476	-0.000000	0.000000	0.000000	0.000000	0.000000	0.000000	0.000000
-0.884984	0.870205	0.803664	-0.000000	0.000000	0.000000	0.000000	0.000000	0.000000	0.000000
-0.884984	0.870287	0.803805	-0.000000	0.000000	0.000000	0.000000	0.000000	0.000000	0.000000
-0.884984	0.870175	0.803796	0.000000	0.000000	0.000000	0.000000	0.000000	0.000000	0.000000
-0.884984	0.870175	0.803300	-0.000000	0.000000	0.000000	0.000000	0.000000	0.000000	0.000000
-0.884984	0.870136	0.803558	0.000000	0.000000	0.000000	0.000000	0.000000	0.000000	0.000000
-0.884984	0.870211	0.803650	-0.000000	0.000000	0.000000	0.000000	0.000000	0.000000	0.000000
-0.884984	0.870143	0.803540	-0.000000	0.000000	0.000000	0.000000	0.000000	0.000000	0.000000
-0.884984	0.870008	0.803538	-0.000000	0.000000	0.000000	0.000000	0.000000	0.000000	0.000000
-0.884984	0.870243	0.803798	0.000000	0.000000	0.000000	0.000000	0.000000	0.000000	0.000000
-0.884984	0.870296	0.803935	-0.000000	0.000000	0.000000	0.000000	0.000000	0.000000	0.000000
-0.884984	0.870300	0.803527	-0.000000	0.000000	0.000000	0.000000	0.000000	0.000000	0.000000
-0.884984	0.870080	0.803533	-0.000000	0.000000	0.000000	0.000000	0.000000	0.000000	0.000000
-0.884984	0.870131	0.803684	-0.000000	0.000000	0.000000	0.000000	0.000000	0.000000	0.000000
-0.884984	0.870290	0.803488	0.000000	0.000000	0.000000	0.000000	0.000000	0.000000	0.000000
-0.884984	0.870154	0.803274	-0.000000	0.000000	0.000000	0.000000	0.000000	0.000000	0.000000
-0.884984	0.870103	0.803603	0.000000	0.000000	0.000000	0.000000	0.000000	0.000000	0.000000
-0.884984	0.870171	0.803437	0.000000	0.000000	0.000000	0.000000	0.000000	0.000000	0.000000
-0.884984	0.870144	0.803639	0.000000	0.000000	0.000000	0.000000	0.000000	0.000000	0.000000
-0.884984	0.870261	0.803694	-0.000000	0.000000	0.000000	0.000000	0.000000	0.000000	0.000000
-0.884984	0.870056	0.013235	-0.000000	0.000000	0.000000	0.000000	0.000000	0.000000	0.000000
-0.884984	0.870429	-0.850505	-0.000000	0.000000	0.000000	0.000000	0.000000	0.000000	0.000000
-0.884984	0.870264	-0.850505	0.000000	0.000000	0.000000	0.000000	0.000000	0.000000	0.000000
-0.884984	0.870070	-0.850505	-0.000000	0.000000	0.000000	0.000000	0.000000	0.000000	0.000000
-0.884984	0.870157	-0.850505	-0.000000	0.000000	0.000000	0.000000	0.000000	0.000000	0.000000
-0.884984	0.870183	-0.850505	-0.000000	0.000000	0.000000	0.000000	0.000000	0.000000	0.000000
-0.884984	0.870022	-0.850505	-0.000000	0.000000	0.000000	0.000000	0.000000	0.000000	0.000000
-0.884984	0.870187	-0.850505	-0.000000	0.000000	0.000000	0.000000	0.000000	0.000000	0.000000
-0.884984	0.870267	-0.850505	-0.000000	0.000000	0.000000	0.000000	0.000000	0.000000	0.000000
-0.884984	0.870216	-0.850505	-0.000000	0.000000	0.000000	0.000000	0.000000	0.000000	0.000000
-0.884984	0.870327	-0.850505	-0.000000	0.000000	0.000000	0.000000	0.000000	0.000000	0.000000
-0.884984	0.870261	-0.850505	-0.000000	0.000000	0.000000	0.000000	0.000000	0.000000	0.000000
-0.884984	0.870175	-0.850270	-0.000000	0.000000	0.000000	0.000000	0.000000	0.000000	0.000000
-0.884984	0.870317	-0.850505	0.000000	0.000000	0.000000	0.000000	0.000000	0.000000	0.000000
-0.884984	0.870301	-0.850505	-0.000000	0.000000	0.000000	0.000000	0.000000	0.000000	0.000000
-0.884984	0.870456	-0.850505	0.000000	0.000000	0.000000	0.000000	0.000000	0.000000	0.000000
-0.884984	0.870107	-0.850505	-0.000000	0.000000	0.000000	0.000000	0.000000	0.000000	0.000000
-0.884984	0.870057	-0.850505	0.000000	0.000000	0.000000	0.000000	0.000000	0.000000	0.000000
-0.884984	0.870198	-0.850505	0.000000	0.000000	0.000000	0.000000	0.000000	0.000000	0.000000
-0.884984	0.870288	-0.850505	0.000000	0.000000	0.000000	0.000000	0.000000	0.000000	0.000000
-0.884984	0.870132	-0.850505	-0.000000	0.000000	0.000000	0.000000	0.000000	0.000000	0.000000
-0.884984	0.870147	-0.850505	-0.000000	0.000000	0.000000	0.000000	0.000000	0.000000	0.000000
-0.884984	0.870195	-0.850505	-0.000000	0.000000	0.000000	0.000000	0.000000	0.000000	0.000000
-0.884984	0.870205	-0.850505	0.000000	0.000000	0.000000	0.000000	0.000000	0.000000	0.000000
-0.884984	0.870224	-0.850505	0.000000	0.000000	0.000000	0.000000	0.000000	0.000000	0.000000
-0.884984	0.869736	-0.850505	-0.000000	0.000000	0.000000	0.000000	0.000000	0.000000	0.000000
-0.884984	0.870147	-0.850505	0.000000	0.000000	0.000000	0.000000	0.000000	0.000000	0.000000
-0.884984	0.870179	-0.850505	-0.000000	0.000000	0.000000	0.000000	0.000000	0.000000	0.000000
-0.884984	0.870330	-0.850505	-0.000000	0.000000	0.000000	0.000000	0.000000	0.000000	0.000000
-0.884984	0.870364	-0.850505	0.000000	0.000000	0.000000	0.000000	0.000000	0.000000	0.000000
-0.884984	0.870245	-0.850505	-0.000000	0.000000	0.000000	0.000000	0.000000	0.000000	0.000000
-0.884984	0.870159	-0.850505	0.000000	0.000000	0.000000	0.000000	0.000000	0.000000	0.000000
-0.884984	0.870162	-0.850505	-0.000000	0.000000	0.000000	0.000000	0.000000	0.000000	0.000000
-0.884984	0.870241	-0.850505	0.000000	0.000000	0.000000	0.000000	0.000000	0.000000	0.000000
-0.884984	0.870260	-0.850505	0.000000	0.000000	0.000000	0.000000	0.000000	0.000000	0.000000
-0.884984	0.870144	-0.850491	0.000000	0.000000	0.000000	0.000000	0.000000	0.000000	0.000000
-0.884984	0.870154	-0.850505	-0.000000	0.000000	0.000000	0.000000	0.000000	0.000000	0.000000
-0.884984	0.870223	-0.850505	-0.000000	0.000000	0.000000	0.000000	0.000000	0.000000	0.000000
-0.884984	0.870228	-0.850504	0.000000	0.000000	0.000000	0.000000	0.000000	0.000000	0.000000
-0.884984	0.870331	-0.850505	-0.000000	0.000000	0.000000	0.000000	0.000000	0.000000	0.000000
-0.884984	0.870233	-0.850505	0.000000	0.000000	0.000000	0.000000	0.000000	0.000000	0.000000
-0.884984	0.870225	-0.850505	-0.000000	0.000000	0.000000	0.000000	0.000000	0.000000	0.000000
-0.884984	0.870026	-0.850505	-0.000000	0.000000	0.000000	0.000000	0.000000	0.000000	0.000000
-0.884984	0.870188	-0.850505	0.000000	0.000000	0.000000	0.000000	0.000000	0.000000	0.000000
-0.884984	0.870281	-0.850505	-0.000000	0.000000	0.000000	0.000000	0.000000	0.000000	0.000000
-0.884984	0.870268	-0.850505	-0.000000	0.000000	0.000000	0.000000	0.000000	0.000000	0.000000
-0.884984	0.870296	-0.850505	0.000000	0.000000	0.000000	0.000000	0.000000	0.000000	0.000000
-0.884984	0.870351	-0.850504	-0.000000	0.000000	0.000000	0.000000	0.000000	0.000000	0.000000
-0.884984	0.870155	-0.850505	-0.000000	0.000000	0.000000	0.000000	0.000000	0.000000	0.000000
-0.884984	0.870052	-0.850505	-0.000000	0.000000	0.000000	0.000000	0.000000	0.000000	0.000000
-0.884984	0.870226	-0.850505	0.000000	0.000000	0.000000	0.000000	0.000000	0.000000	0.000000
-0.884984	0.870222	-0.850503	0.000000	0.000000	0.000000	0.000000	0.000000	0.000000	0.000000
-0.884984	0.870170	-0.850505	0.000000	0.000000	0.000000	0.000000	0.000000	0.000000	0.000000
-0.884984	0.870340	-0.850505	-0.000000	0.000000	0.000000	0.000000	0.000000	0.000000	0.000000
-0.884984	0.870257	-0.850505	-0.000000	0.000000	0.000000	0.000000	0.000000	0.000000	0.000000
-0.884984	0.870162	-0.850505	-0.000000	0.000000	0.000000	0.000000	0.000000	0.000000	0.000000
-0.884984	0.870086	-0.850505	0.000000	0.000000	0.000000	0.000000	0.000000	0.000000	0.000000
-0.884984	0.870242	-0.850505	0.000000	0.000000	0.000000	0.000000	0.000000	0.000000	0.000000
-0.884984	0.870177	-0.850505	0.000000	0.000000	0.000000	0.000000	0.000000	0.000000	0.000000
-0.884984	0.870149	-0.850464	-0.000000	0.000000	0.000000	0.000000	0.000000	0.000000	0.000000
-0.884984	0.870168	-0.850505	0.000000	0.000000	0.000000	0.000000	0.000000	0.000000	0.000000
-0.884984	0.870276	-0.850505	-0.000000	0.000000	0.000000	0.000000	0.000000	0.000000	0.000000
-0.884984	0.870342	-0.850505	-0.000000	0.000000	0.000000	0.000000	0.000000	0.000000	0.000000
-0.884984	0.870178	-0.850489	-0.000000	0.000000	0.000000	0.000000	0.000000	0.000000	0.000000
-0.884984	0.870108	-0.850505	-0.000000	0.000000	0.000000	0.000000	0.000000	0.000000	0.000000
-0.884984	0.870053	-0.850505	-0.000000	0.000000	0.000000	0.000000	0.000000	0.000000	0.000000
-0.884984	0.870134	-0.850505	-0.000000	0.000000	0.000000	0.000000	0.000000	0.000000	0.000000
-0.884984	0.870242	-0.850505	-0.000000	0.000000	0.000000	0.000000	0.000000	0.000000	0.000000
-0.884984	0.870330	-0.850505	-0.000000	0.000000	0.000000	0.000000	0.000000	0.000000	0.000000
-0.884984	0.870081	-0.850505	0.000000	0.000000	0.000000	0.000000	0.000000	0.000000	0.000000
-0.884984	0.870194	-0.850505	-0.000000	0.000000	0.000000	0.000000	0.000000	0.000000	0.000000
-0.884984	0.870212	-0.850505	-0.000000	0.000000	0.000000	0.000000	0.000000	0.000000	0.000000
-0.884984	0.870095	-0.850505	0.000000	0.000000	0.000000	0.000000	0.000000	0.000000	0.000000
-0.884984	0.870225	-0.850505	0.000000	0.000000	0.000000	0.000000	0.000000	0.000000	0.000000
-0.884984	0.870337	-0.850505	-0.000000	0.000000	0.000000	0.000000	0.000000	0.000000	0.000000
-0.884984	0.870130	-0.850505	-0.000000	0.000000	0.000000	0.000000	0.000000	0.000000	0.000000
-0.884984	0.870241	-0.850505	-0.000000	0.000000	0.000000	0.000000	0.000000	0.000000	0.000000
-0.884984	0.870385	-0.850505	0.000000	0.000000	0.000000	0.000000	0.000000	0.000000	0.000000
-0.884984	0.870261	-0.850505	-0.000000	0.000000	0.000000	0.000000	0.000000	0.000000	0.000000
-0.884984	0.870080	-0.850505	0.000000	0.000000	0.000000	0.000000	0.000000	0.000000	0.000000
-0.884984	0.870323	-0.850505	-0.000000	0.000000	0.000000	0.000000	0.000000	0.000000	0.000000
-0.884984	0.870279	-0.850505	0.000000	0.000000	0.000000	0.000000	0.000000	0.000000	0.000000
-0.884984	0.870275	-0.850505	-0.000000	0.000000	0.000000	0.000000	0.000000	0.000000	0.000000
-0.884984	0.870148	-0.850505	-0.000000	0.000000	0.000000	0.000000	0.000000	0.000000	0.000000
-0.884984	0.870295	-0.850505	0.000000	0.000000	0.000000	0.000000	0.000000	0.000000	0.000000
-0.884984	0.870050	-0.850505	-0.000000	0.000000	0.000000	0.000000	0.000000	0.000000	0.000000
-0.884984	0.870062	-0.850505	-0.000000	0.000000	0.000000	0.000000	0.000000	0.000000	0.000000
-0.884984	0.870219	-0.850505	0.000000	0.000000	0.000000	0.000000	0.000000	0.000000	0.000000
-0.884984	0.870373	-0.850505	0.000000	0.000000	0.000000	0.000000	0.000000	0.000000	0.000000
-0.884984	0.870218	-0.850505	0.000000	0.000000	0.000000	0.000000	0.000000	0.000000	0.000000
-0.884984	0.870297	-0.850505	-0.000000	0.000000	0.000000	0.000000	0.000000	0.000000	0.000000
-0.884984	0.870103	-0.850505	0.000000	0.000000	0.000000	0.000000	0.000000	0.000000	0.000000
-0.884984	0.870230	-0.850505	-0.000000	0.000000	0.000000	0.000000	0.000000	0.000000	0.000000
-0.884984	0.870079	-0.850505	-0.000000	0.000000	0.000000	0.000000	0.000000	0.000000	0.000000
-0.884984	0.870106	-0.850505	-0.000000	0.000000	0.000000	0.000000	0.000000	0.000000	0.000000
-0.884982	0.870288	-0.850494	-0.000000	0.000000	0.000000	0.000000	0.000000	0.000000	0.000000
-0.884984	0.870076	-0.850505	0.000000	0.000000	0.000000	0.000000	0.000000	0.000000	0.000000
-0.884984	0.870049	-0.850505	-0.000000	0.000000	0.000000	0.000000	0.000000	0.000000	0.000000
-0.884984	0.870325	-0.850505	-0.000000	0.000000	0.000000	0.000000	0.000000	0.000000	0.000000
-0.884984	0.870284	-0.850505	-0.000000	0.000000	0.000000	0.000000	0.000000	0.000000	0.000000
-0.884984	0.870162	-0.850505	0.000000	0.000000	0.000000	0.000000	0.000000	0.000000	0.000000
-0.884984	0.870252	-0.850505	-0.000000	0.000000	0.000000	0.000000	0.000000	0.000000	0.000000
-0.884984	0.870246	-0.850505	0.000000	0.000000	0.000000	0.000000	0.000000	0.000000	0.000000
-0.884984	0.870208	-0.850505	-0.000000	0.000000	0.000000	0.000000	0.000000	0.000000	0.000000
-0.884984	0.870341	-0.850505	-0.000000	0.000000	0.000000	0.000000	0.000000	0.000000	0.000000
-0.884984	0.870223	-0.850505	-0.000000	0.000000	0.000000	0.000000	0.000000	0.000000	0.000000
-0.884984	0.870306	-0.850505	0.000000	0.000000	0.000000	0.000000	0.000000	0.000000	0.000000
-0.884984	0.870178	-0.850505	0.000000	0.000000	0.000000	0.000000	0.000000	0.000000	0.000000
-0.884984	0.870345	-0.850505	-0.000000	0.000000	0.000000	0.000000	0.000000	0.000000	0.000000
-0.884984	0.870272	-0.850505	-0.000000	0.000000	0.000000	0.000000	0.000000	0.000000	0.000000
-0.884984	0.870076	-0.850505	0.000000	0.000000	0.000000	0.000000	0.000000	0.000000	0.000000
-0.884984	0.870233	-0.850505	0.000000	0.000000	0.000000	0.000000	0.000000	0.000000	0.000000
-0.884984	0.870269	-0.850505	-0.000000	0.000000	0.000000	0.000000	0.000000	0.000000	0.000000
-0.884984	0.870232	-0.850505	-0.000000	0.000000	0.000000	0.000000	0.000000	0.000000	0.000000
-0.884984	0.870267	-0.850505	0.000000	0.000000	0.000000	0.000000	0.000000	0.000000	0.000000
-0.882423	0.870345	-0.850505	-0.000000	0.000000	0.000000	0.000000	0.000000	0.000000	0.000000
-0.884984	0.870138	-0.850505	0.000000	0.000000	0.000000	0.000000	0.000000	0.000000	0.000000
-0.884984	0.870056	-0.850505	-0.000000	0.000000	0.000000	0.000000	0.000000	0.000000	0.000000
-0.884984	0.870083	-0.850505	0.000000	0.000000	0.000000	0.000000	0.000000	0.000000	0.000000
-0.884984	0.870252	-0.850505	0.000000	0.000000	0.000000	0.000000	0.000000	0.000000	0.000000
-0.884984	0.870101	-0.850505	0.000000	0.000000	0.000000	0.000000	0.000000	0.000000	0.000000
-0.884984	0.870139	-0.850505	0.000000	0.000000	0.000000	0.000000	0.000000	0.000000	0.000000
-0.884973	0.870248	-0.850505	0.000000	0.000000	0.000000	0.000000	0.000000	0.000000	0.000000
-0.884984	0.870132	-0.850505	-0.000000	0.000000	0.000000	0.000000	0.000000	0.000000	0.000000
-0.884984	0.870259	-0.850505	0.000000	0.000000	0.000000	0.000000	0.000000	0.000000	0.000000
-0.884984	0.870153	-0.850505	-0.000000	0.000000	0.000000	0.000000	0.000000	0.000000	0.000000
-0.884984	0.870305	-0.850505	-0.000000	0.000000	0.000000	0.000000	0.000000	0.000000	0.000000
-0.884984	0.870156	-0.850505	-0.000000	0.000000	0.000000	0.000000	0.000000	0.000000	0.000000
-0.884984	0.870334	-0.850502	0.000000	0.000000	0.000000	0.000000	0.000000	0.000000	0.000000
-0.884984	0.870236	-0.850505	-0.000000	0.000000	0.000000	0.000000	0.000000	0.000000	0.000000
-0.884984	0.870164	-0.850505	-0.000000	0.000000	0.000000	0.000000	0.000000	0.000000	0.000000
-0.884984	0.870103	-0.850505	0.000000	0.000000	0.000000	0.000000	0.000000	0.000000	0.000000
-0.884984	0.870308	-0.850505	0.000000	0.000000	0.000000	0.000000	0.000000	0.000000	0.000000
-0.884984	0.870323	-0.850505	-0.000000	0.000000	0.000000	0.000000	0.000000	0.000000	0.000000
-0.884984	0.870120	-0.850505	-0.000000	0.000000	0.000000	0.000000	0.000000	0.000000	0.000000
-0.884984	0.870214	-0.850505	0.000000	0.000000	0.000000	0.000000	0.000000	0.000000	0.000000
-0.884984	0.870149	-0.850505	-0.000000	0.000000	0.000000	0.000000	0.000000	0.000000	0.000000
-0.884984	0.870118	-0.850505	-0.000000	0.000000	0.000000	0.000000	0.000000	0.000000	0.000000
-0.884984	0.870399	-0.850505	-0.000000	0.000000	0.000000	0.000000	0.000000	0.000000	0.000000
-0.884984	0.870268	-0.850505	-0.000000	0.000000	0.000000	0.000000	0.000000	0.000000	0.000000
-0.884984	0.870119	-0.850505	0.000000	0.000000	0.000000	0.000000	0.000000	0.000000	0.000000
-0.884984	0.870083	-0.850505	0.000000	0.000000	0.000000	0.000000	0.000000	0.000000	0.000000
-0.884984	0.870120	-0.850505	0.000000	0.000000	0.000000	0.000000	0.000000	0.000000	0.000000
-0.884984	0.870188	-0.850504	0.000000	0.000000	0.000000	0.000000	0.000000	0.000000	0.000000
-0.884984	0.870228	-0.850505	0.000000	0.000000	0.000000	0.000000	0.000000	0.000000	0.000000
-0.884984	0.870211	-0.850505	-0.000000	0.000000	0.000000	0.000000	0.000000	0.000000	0.000000
-0.884984	0.870249	-0.850505	0.000000	0.000000	0.000000	0.000000	0.000000	0.000000	0.000000
-0.884984	0.870148	-0.850505	-0.000000	0.000000	0.000000	0.000000	0.000000	0.000000	0.000000
-0.884984	0.870335	-0.850505	0.000000	0.000000	0.000000	0.000000	0.000000	0.000000	0.000000
-0.884984	0.870314	-0.850505	0.000000	0.000000	0.000000	0.000000	0.000000	0.000000	0.000000
-0.884984	0.870231	-0.850505	0.000000	0.000000	0.000000	0.000000	0.000000	0.000000	0.000000
-0.884984	0.870155	-0.850505	0.000000	0.000000	0.000000	0.000000	0.000000	0.000000	0.000000
-0.884984	0.870182	-0.850505	-0.000000	0.000000	0.000000	0.000000	0.000000	0.000000	0.000000
-0.884984	0.870387	-0.850505	-0.000000	0.000000	0.000000	0.000000	0.000000	0.000000	0.000000
-0.884984	0.870254	-0.850502	-0.000000	0.000000	0.000000	0.000000	0.000000	0.000000	0.000000
-0.884984	0.870298	-0.850505	-0.000000	0.000000	0.000000	0.000000	0.000000	0.000000	0.000000
-0.884984	0.870173	-0.850505	0.000000	0.000000	0.000000	0.000000	0.000000	0.000000	0.000000
-0.884984	0.870197	-0.850505	0.000000	0.000000	0.000000	0.000000	0.000000	0.000000	0.000000
-0.884984	0.870025	-0.850505	-0.000000	0.000000	0.000000	0.000000	0.000000	0.000000	0.000000
-0.884984	0.870052	-0.850505	-0.000000	0.000000	0.000000	0.000000	0.000000	0.000000	0.000000
-0.884984	0.870243	-0.850505	0.000000	0.000000	0.000000	0.000000	0.000000	0.000000	0.000000
-0.884984	0.870045	-0.850505	-0.000000	0.000000	0.000000	0.000000	0.000000	0.000000	0.000000
-0.884984	0.870040	-0.850505	-0.000000	0.000000	0.000000	0.000000	0.000000	0.000000	0.000000
-0.884984	0.870041	-0.850505	-0.000000	0.000000	0.000000	0.000000	0.000000	0.000000	0.000000
-0.884984	0.870129	-0.850505	0.000000	0.000000	0.000000	0.000000	0.000000	0.000000	0.000000
-0.884984	0.870226	-0.850505	-0.000000	0.000000	0.000000	0.000000	0.000000	0.000000	0.000000
-0.884984	0.870278	-0.850505	0.000000	0.000000	0.000000	0.000000	0.000000	0.000000	0.000000
-0.884984	0.870212	-0.850505	-0.000000	0.000000	0.000000	0.000000	0.000000	0.000000	0.000000
-0.884984	0.870274	-0.850505	-0.000000	0.000000	0.000000	0.000000	0.000000	0.000000	0.000000
-0.884983	0.870264	-0.850505	0.000000	0.000000	0.000000	0.000000	0.000000	0.000000	0.000000
-0.884984	0.870146	-0.850505	0.000000	0.000000	0.000000	0.000000	0.000000	0.000000	0.000000
-0.884984	0.870204	-0.850505	0.000000	0.000000	0.000000	0.000000	0.000000	0.000000	0.000000
-0.884984	0.870173	-0.850505	0.000000	0.000000	0.000000	0.000000	0.000000	0.000000	0.000000
-0.884984	0.870244	-0.850505	0.000000	0.000000	0.000000	0.000000	0.000000	0.000000	0.000000
-0.884984	0.870069	-0.850505	-0.000000	0.000000	0.000000	0.000000	0.000000	0.000000	0.000000
-0.884984	0.870323	-0.850505	-0.000000	0.000000	0.000000	0.000000	0.000000	0.000000	0.000000
-0.884984	0.870112	-0.850505	-0.000000	0.000000	0.000000	0.000000	0.000000	0.000000	0.000000
-0.884984	0.870236	-0.850401	-0.000000	0.000000	0.000000	0.000000	0.000000	0.000000	0.000000
-0.884984	0.870288	-0.850505	0.000000	0.000000	0.000000	0.000000	0.000000	0.000000	0.000000
-0.884984	0.870089	-0.850505	-0.000000	0.000000	0.000000	0.000000	0.000000	0.000000	0.000000
-0.884984	0.870182	-0.850505	0.000000	0.000000	0.000000	0.000000	0.000000	0.000000	0.000000
-0.884984	0.870422	-0.850505	0.000000	0.000000	0.000000	0.000000	0.000000	0.000000	0.000000
-0.884984	0.870126	-0.850505	0.000000	0.000000	0.000000	0.000000	0.000000	0.000000	0.000000
-0.884984	0.870173	-0.850505	-0.000000	0.000000	0.000000	0.000000	0.000000	0.000000	0.000000
-0.884984	0.870188	-0.850505	0.000000	0.000000	0.000000	0.000000	0.000000	0.000000	0.000000
-0.884984	0.870272	-0.850505	0.000000	0.000000	0.000000	0.000000	0.000000	0.000000	0.000000
-0.884984	0.870371	-0.850505	0.000000	0.000000	0.000000	0.000000	0.000000	0.000000	0.000000
-0.884984	0.870202	-0.850505	-0.000000	0.000000	0.000000	0.000000	0.000000	0.000000	0.000000
-0.884984	0.870354	-0.850505	0.000000	0.000000	0.000000	0.000000	0.000000	0.000000	0.000000
-0.884984	0.870114	-0.850505	-0.000000	0.000000	0.000000	0.000000	0.000000	0.000000	0.000000
-0.884984	0.870192	-0.850505	-0.000000	0.000000	0.000000	0.000000	0.000000	0.000000	0.000000
-0.884984	0.870021	-0.850505	-0.000000	0.000000	0.000000	0.000000	0.000000	0.000000	0.000000
-0.884984	0.870233	-0.850505	-0.000000	0.000000	0.000000	0.000000	0.000000	0.000000	0.000000
-0.884984	0.870276	-0.850505	-0.000000	0.000000	0.000000	0.000000	0.000000	0.000000	0.000000
-0.884984	0.870174	-0.850505	-0.000000	0.000000	0.000000	0.000000	0.000000	0.000000	0.000000
-0.884984	0.870285	-0.850505	-0.000000	0.000000	0.000000	0.000000	0.000000	0.000000	0.000000
-0.884984	0.870234	-0.850505	-0.000000	0.000000	0.000000	0.000000	0.000000	0.000000	0.000000
-0.884984	0.870158	-0.850505	-0.000000	0.000000	0.000000	0.000000	0.000000	0.000000	0.000000
-0.884984	0.870094	-0.686957	0.000000	0.000000	0.000000	0.000000	0.000000	0.000000	0.000000
-0.884984	0.870247	-0.850505	-0.000000	0.000000	0.000000	0.000000	0.000000	0.000000	0.000000
-0.884984	0.870217	-0.850505	-0.000000	0.000000	0.000000	0.000000	0.000000	0.000000	0.000000
-0.884984	0.870357	-0.850505	-0.000000	0.000000	0.000000	0.000000	0.000000	0.000000	0.000000
-0.884984	0.870173	-0.850505	-0.000000	0.000000	0.000000	0.000000	0.000000	0.000000	0.000000
-0.884984	0.870174	-0.850505	-0.000000	0.000000	0.000000	0.000000	0.000000	0.000000	0.000000
-0.884984	0.870223	-0.850505	-0.000000	0.000000	0.000000	0.000000	0.000000	0.000000	0.000000
-0.884984	0.870148	-0.850505	-0.000000	0.000000	0.000000	0.000000	0.000000	0.000000	0.000000
-0.884984	0.870211	-0.850505	-0.000000	0.000000	0.000000	0.000000	0.000000	0.000000	0.000000
-0.884984	0.870085	-0.850505	-0.000000	0.000000	0.000000	0.000000	0.000000	0.000000	0.000000
-0.884984	0.870317	-0.850505	0.000000	0.000000	0.000000	0.000000	0.000000	0.000000	0.000000
-0.884984	0.870219	-0.850505	-0.000000	0.000000	0.000000	0.000000	0.000000	0.000000	0.000000
-0.884984	0.870289	-0.850505	0.000000	0.000000	0.000000	0.000000	0.000000	0.000000	0.000000
-0.884984	0.870149	-0.850505	-0.000000	0.000000	0.000000	0.000000	0.000000	0.000000	0.000000
-0.884984	0.870179	-0.850505	-0.000000	0.000000	0.000000	0.000000	0.000000	0.000000	0.000000
-0.884984	0.870180	-0.850505	-0.000000	0.000000	0.000000	0.000000	0.000000	0.000000	0.000000
-0.884984	0.870109	-0.850505	-0.000000	0.000000	0.000000	0.000000	0.000000	0.000000	0.000000
-0.884984	0.870253	-0.850505	-0.000000	0.000000	0.000000	0.000000	0.000000	0.000000	0.000000
-0.884984	0.870158	-0.850505	0.000000	0.000000	0.000000	0.000000	0.000000	0.000000	0.000000
-0.884984	0.870272	-0.850505	-0.000000	0.000000	0.000000	0.000000	0.000000	0.000000	0.000000
-0.884984	0.870151	-0.850505	-0.000000	0.000000	0.000000	0.000000	0.000000	0.000000	0.000000
-0.884984	0.870267	-0.850505	0.000000	0.000000	0.000000	0.000000	0.000000	0.000000	0.000000
-0.884984	0.870125	-0.850505	-0.000000	0.000000	0.000000	0.000000	0.000000	0.000000	0.000000
-0.884984	0.870177	-0.850505	0.000000	0.000000	0.000000	0.000000	0.000000	0.000000	0.000000
-0.884984	0.870332	-0.850505	-0.000000	0.000000	0.000000	0.000000	0.000000	0.000000	0.000000
-0.884984	0.870189	-0.850505	-0.000000	0.000000	0.000000	0.000000	0.000000	0.000000	0.000000
-0.884984	0.870115	-0.850505	0.000000	0.000000	0.000000	0.000000	0.000000	0.000000	0.000000
-0.884984	0.870369	-0.850505	-0.000000	0.000000	0.000000	0.000000	0.000000	0.000000	0.000000
-0.884984	0.870192	-0.850505	-0.000000	0.000000	0.000000	0.000000	0.000000	0.000000	0.000000
-0.884984	0.870248	-0.850505	0.000000	0.000000	0.000000	0.000000	0.000000	0.000000	0.000000
-0.884984	0.870162	-0.850505	-0.000000	0.000000	0.000000	0.000000	0.000000	0.000000	0.000000
-0.884984	0.870136	-0.850505	-0.000000	0.000000	0.000000	0.000000	0.000000	0.000000	0.000000
-0.884984	0.870161	-0.850505	0.000000	0.000000	0.000000	0.000000	0.000000	0.000000	0.000000
-0.884984	0.870319	-0.850505	-0.000000	0.000000	0.000000	0.000000	0.000000	0.000000	0.000000
-0.884984	0.870249	-0.850505	0.000000	0.000000	0.000000	0.000000	0.000000	0.000000	0.000000
-0.884984	0.870270	-0.850505	0.000000	0.000000	0.000000	0.000000	0.000000	0.000000	0.000000
-0.884984	0.870209	-0.850505	0.000000	0.000000	0.000000	0.000000	0.000000	0.000000	0.000000
-0.884984	0.870109	-0.850505	-0.000000	0.000000	0.000000	0.000000	0.000000	0.000000	0.000000
-0.884984	0.870061	-0.850501	0.000000	0.000000	0.000000	0.000000	0.000000	0.000000	0.000000
-0.884984	0.870192	-0.850505	0.000000	0.000000	0.000000	0.000000	0.000000	0.000000	0.000000
-0.884984	0.870143	-0.850505	-0.000000	0.000000	0.000000	0.000000	0.000000	0.000000	0.000000
-0.884984	0.870160	-0.850484	0.000000	0.000000	0.000000	0.000000	0.000000	0.000000	0.000000
-0.884984	0.870285	-0.850505	0.000000	0.000000	0.000000	0.000000	0.000000	0.000000	0.000000
-0.884984	0.870200	-0.850505	-0.000000	0.000000	0.000000	0.000000	0.000000	0.000000	0.000000
-0.884984	0.870159	-0.850505	0.000000	0.000000	0.000000	0.000000	0.000000	0.000000	0.000000
-0.884984	0.870331	-0.850505	-0.000000	0.000000	0.000000	0.000000	0.000000	0.000000	0.000000
-0.884984	0.870172	-0.850505	-0.000000	0.000000	0.000000	0.000000	0.000000	0.000000	0.000000
-0.884984	0.870266	-0.850505	-0.000000	0.000000	0.000000	0.000000	0.000000	0.000000	0.000000
-0.884984	0.870124	-0.850505	-0.000000	0.000000	0.000000	0.000000	0.000000	0.000000	0.000000
-0.884984	0.870281	-0.850505	0.000000	0.000000	0.000000	0.000000	0.000000	0.000000	0.000000
-0.884984	0.869994	-0.850505	-0.000000	0.000000	0.000000	0.000000	0.000000	0.000000	0.000000
-0.884984	0.870003	-0.850505	-0.000000	0.000000	0.000000	0.000000	0.000000	0.000000	0.000000
