-0.915993	0.857801	0.796864	-0.000000	0.000000	0.000000	0.000000	0.000000	0.000000	0.000000
-0.916037	0.858020	0.796415	0.000000	0.000000	0.000000	0.000000	0.000000	0.000000	0.000000
-0.915985	0.858047	0.796700	-0.000000	0.000000	0.000000	0.000000	0.000000	0.000000	0.000000
-0.916082	0.857894	0.796006	0.000000	0.000000	0.000000	0.000000	0.000000	0.000000	0.000000
-0.916053	0.858236	0.796681	0.000000	0.000000	0.000000	0.000000	0.000000	0.000000	0.000000
-0.916035	0.857802	0.796849	-0.000000	0.000000	0.000000	0.000000	0.000000	0.000000	0.000000
-0.916030	0.857947	0.796931	0.000000	0.000000	0.000000	0.000000	0.000000	0.000000	0.000000
-0.916038	0.858080	0.796683	0.000000	0.000000	0.000000	0.000000	0.000000	0.000000	0.000000
-0.916036	0.857647	0.797298	-0.000000	0.000000	0.000000	0.000000	0.000000	0.000000	0.000000
-0.916071	0.857749	0.796605	-0.000000	0.000000	0.000000	0.000000	0.000000	0.000000	0.000000
-0.916025	0.857790	0.796321	-0.000000	0.000000	0.000000	0.000000	0.000000	0.000000	0.000000
-0.916022	0.857462	0.796429	-0.000000	0.000000	0.000000	0.000000	0.000000	0.000000	0.000000
-0.916036	0.857768	0.796866	-0.000000	0.000000	0.000000	0.000000	0.000000	0.000000	0.000000
-0.916065	0.857883	0.797139	-0.000000	0.000000	0.000000	0.000000	0.000000	0.000000	0.000000
-0.916000	0.857976	0.796784	0.000000	0.000000	0.000000	0.000000	0.000000	0.000000	0.000000
-0.916047	0.857496	0.796846	-0.000000	0.000000	0.000000	0.000000	0.000000	0.000000	0.000000
-0.916022	0.857285	0.796928	0.000000	0.000000	0.000000	0.000000	0.000000	0.000000	0.000000
-0.916069	0.858050	0.796579	0.000000	0.000000	0.000000	0.000000	0.000000	0.000000	0.000000
-0.916065	0.857314	0.796446	0.000000	0.000000	0.000000	0.000000	0.000000	0.000000	0.000000
-0.916078	0.857890	0.796081	-0.000000	0.000000	0.000000	0.000000	0.000000	0.000000	0.000000
-0.916028	0.858363	0.795359	-0.000000	0.000000	0.000000	0.000000	0.000000	0.000000	0.000000
-0.916043	0.857400	0.796531	-0.000000	0.000000	0.000000	0.000000	0.000000	0.000000	0.000000
-0.916069	0.858047	0.797130	0.000000	0.000000	0.000000	0.000000	0.000000	0.000000	0.000000
-0.916021	0.858091	0.797047	-0.000000	0.000000	0.000000	0.000000	0.000000	0.000000	0.000000
-0.916035	0.857848	0.796735	0.000000	0.000000	0.000000	0.000000	0.000000	0.000000	0.000000
-0.916010	0.858101	0.796639	0.000000	0.000000	0.000000	0.000000	0.000000	0.000000	0.000000
-0.916033	0.857336	0.796384	0.000000	0.000000	0.000000	0.000000	0.000000	0.000000	0.000000
-0.916025	0.858232	0.796677	0.000000	0.000000	0.000000	0.000000	0.000000	0.000000	0.000000
-0.916025	0.857758	0.796584	0.000000	0.000000	0.000000	0.000000	0.000000	0.000000	0.000000
-0.915977	0.857833	0.796789	0.000000	0.000000	0.000000	0.000000	0.000000	0.000000	0.000000
-0.916043	0.857718	0.796478	0.000000	0.000000	0.000000	0.000000	0.000000	0.000000	0.000000
-0.916042	0.858454	0.796835	-0.000000	0.000000	0.000000	0.000000	0.000000	0.000000	0.000000
-0.916070	0.857681	0.796817	-0.000000	0.000000	0.000000	0.000000	0.000000	0.000000	0.000000
-0.916063	0.857801	0.796609	0.000000	0.000000	0.000000	0.000000	0.000000	0.000000	0.000000
-0.916036	0.857348	0.796635	-0.000000	0.000000	0.000000	0.000000	0.000000	0.000000	0.000000
-0.916003	0.858003	0.796829	0.000000	0.000000	0.000000	0.000000	0.000000	0.000000	0.000000
-0.916044	0.857981	0.796662	-0.000000	0.000000	0.000000	0.000000	0.000000	0.000000	0.000000
-0.916049	0.857544	0.797085	-0.000000	0.000000	0.000000	0.000000	0.000000	0.000000	0.000000
-0.916057	0.858020	0.796297	0.000000	0.000000	0.000000	0.000000	0.000000	0.000000	0.000000
-0.916030	0.857810	0.796952	-0.000000	0.000000	0.000000	0.000000	0.000000	0.000000	0.000000
-0.916029	0.858184	0.796399	0.000000	0.000000	0.000000	0.000000	0.000000	0.000000	0.000000
-0.916097	0.857905	0.796572	0.000000	0.000000	0.000000	0.000000	0.000000	0.000000	0.000000
-0.916051	0.858224	0.796558	-0.000000	0.000000	0.000000	0.000000	0.000000	0.000000	0.000000
-0.916055	0.857759	0.796563	0.000000	0.000000	0.000000	0.000000	0.000000	0.000000	0.000000
-0.916098	0.857621	0.796658	0.000000	0.000000	0.000000	0.000000	0.000000	0.000000	0.000000
-0.916050	0.858069	0.796202	0.000000	0.000000	0.000000	0.000000	0.000000	0.000000	0.000000
-0.916037	0.857727	0.796405	0.000000	0.000000	0.000000	0.000000	0.000000	0.000000	0.000000
-0.916028	0.857833	0.796925	-0.000000	0.000000	0.000000	0.000000	0.000000	0.000000	0.000000
-0.916055	0.857886	0.796615	0.000000	0.000000	0.000000	0.000000	0.000000	0.000000	0.000000
-0.916045	0.857604	0.796898	-0.000000	0.000000	0.000000	0.000000	0.000000	0.000000	0.000000
-0.916040	0.857977	0.796332	0.000000	0.000000	0.000000	0.000000	0.000000	0.000000	0.000000
-0.916029	0.857973	0.796505	-0.000000	0.000000	0.000000	0.000000	0.000000	0.000000	0.000000
-0.916027	0.857794	0.797027	-0.000000	0.000000	0.000000	0.000000	0.000000	0.000000	0.000000
-0.916030	0.857701	0.796678	-0.000000	0.000000	0.000000	0.000000	0.000000	0.000000	0.000000
-0.916041	0.857475	0.796952	-0.000000	0.000000	0.000000	0.000000	0.000000	0.000000	0.000000
-0.916008	0.857486	0.796380	-0.000000	0.000000	0.000000	0.000000	0.000000	0.000000	0.000000
-0.915981	0.857617	0.796900	-0.000000	0.000000	0.000000	0.000000	0.000000	0.000000	0.000000
-0.915991	0.858295	0.796918	-0.000000	0.000000	0.000000	0.000000	0.000000	0.000000	0.000000
-0.916017	0.858011	0.797047	0.000000	0.000000	0.000000	0.000000	0.000000	0.000000	0.000000
-0.916026	0.857749	0.796656	0.000000	0.000000	0.000000	0.000000	0.000000	0.000000	0.000000
-0.916080	0.857883	0.797209	-0.000000	0.000000	0.000000	0.000000	0.000000	0.000000	0.000000
-0.916046	0.857767	0.796660	0.000000	0.000000	0.000000	0.000000	0.000000	0.000000	0.000000
-0.916083	0.857928	0.796627	0.000000	0.000000	0.000000	0.000000	0.000000	0.000000	0.000000
-0.916040	0.857494	0.796998	-0.000000	0.000000	0.000000	0.000000	0.000000	0.000000	0.000000
-0.916015	0.858091	0.796888	-0.000000	0.000000	0.000000	0.000000	0.000000	0.000000	0.000000
-0.916041	0.857772	0.796753	-0.000000	0.000000	0.000000	0.000000	0.000000	0.000000	0.000000
-0.916029	0.858142	0.796698	0.000000	0.000000	0.000000	0.000000	0.000000	0.000000	0.000000
-0.916097	0.857447	0.796690	0.000000	0.000000	0.000000	0.000000	0.000000	0.000000	0.000000
-0.916050	0.857910	0.796817	0.000000	0.000000	0.000000	0.000000	0.000000	0.000000	0.000000
-0.916041	0.857978	0.796947	-0.000000	0.000000	0.000000	0.000000	0.000000	0.000000	0.000000
-0.916006	0.857823	0.796442	-0.000000	0.000000	0.000000	0.000000	0.000000	0.000000	0.000000
-0.915994	0.857669	0.796502	0.000000	0.000000	0.000000	0.000000	0.000000	0.000000	0.000000
-0.916072	0.857772	0.796640	0.000000	0.000000	0.000000	0.000000	0.000000	0.000000	0.000000
-0.916030	0.858577	0.796443	0.000000	0.000000	0.000000	0.000000	0.000000	0.000000	0.000000
-0.916027	0.857271	0.796677	0.000000	0.000000	0.000000	0.000000	0.000000	0.000000	0.000000
-0.916080	0.857490	0.796542	0.000000	0.000000	0.000000	0.000000	0.000000	0.000000	0.000000
-0.916032	0.857831	0.796545	0.000000	0.000000	0.000000	0.000000	0.000000	0.000000	0.000000
-0.916010	0.858373	0.796493	0.000000	0.000000	0.000000	0.000000	0.000000	0.000000	0.000000
-0.916051	0.858130	0.796672	0.000000	0.000000	0.000000	0.000000	0.000000	0.000000	0.000000
-0.916041	0.857690	0.795618	0.000000	0.000000	0.000000	0.000000	0.000000	0.000000	0.000000
-0.916039	0.857834	0.796766	0.000000	0.000000	0.000000	0.000000	0.000000	0.000000	0.000000
-0.916052	0.857829	0.796582	-0.000000	0.000000	0.000000	0.000000	0.000000	0.000000	0.000000
-0.916046	0.857613	0.796434	0.000000	0.000000	0.000000	0.000000	0.000000	0.000000	0.000000
-0.916026	0.857851	0.795990	0.000000	0.000000	0.000000	0.000000	0.000000	0.000000	0.000000
-0.916034	0.857861	0.796646	-0.000000	0.000000	0.000000	0.000000	0.000000	0.000000	0.000000
-0.916045	0.857820	0.796792	0.000000	0.000000	0.000000	0.000000	0.000000	0.000000	0.000000
-0.916047	0.857890	0.796750	0.000000	0.000000	0.000000	0.000000	0.000000	0.000000	0.000000
-0.916005	0.858052	0.796635	-0.000000	0.000000	0.000000	0.000000	0.000000	0.000000	0.000000
-0.916068	0.857974	0.796729	-0.000000	0.000000	0.000000	0.000000	0.000000	0.000000	0.000000
-0.916039	0.857472	0.796476	0.000000	0.000000	0.000000	0.000000	0.000000	0.000000	0.000000
-0.916115	0.858256	0.796833	-0.000000	0.000000	0.000000	0.000000	0.000000	0.000000	0.000000
-0.916049	0.857862	0.796962	-0.000000	0.000000	0.000000	0.000000	0.000000	0.000000	0.000000
-0.916061	0.857596	0.796587	-0.000000	0.000000	0.000000	0.000000	0.000000	0.000000	0.000000
-0.916057	0.857415	0.796425	-0.000000	0.000000	0.000000	0.000000	0.000000	0.000000	0.000000
-0.916021	0.858133	0.796492	-0.000000	0.000000	0.000000	0.000000	0.000000	0.000000	0.000000
-0.916052	0.858048	0.796589	0.000000	0.000000	0.000000	0.000000	0.000000	0.000000	0.000000
-0.916009	0.858235	0.796880	0.000000	0.000000	0.000000	0.000000	0.000000	0.000000	0.000000
-0.916017	0.858023	0.796881	-0.000000	0.000000	0.000000	0.000000	0.000000	0.000000	0.000000
-0.916059	0.857525	0.796866	0.000000	0.000000	0.000000	0.000000	0.000000	0.000000	0.000000
-0.916067	0.857832	0.797031	-0.000000	0.000000	0.000000	0.000000	0.000000	0.000000	0.000000
-0.916019	0.857894	0.796688	-0.000000	0.000000	0.000000	0.000000	0.000000	0.000000	0.000000
-0.916085	0.857402	0.796928	0.000000	0.000000	0.000000	0.000000	0.000000	0.000000	0.000000
-0.916072	0.857370	0.796837	-0.000000	0.000000	0.000000	0.000000	0.000000	0.000000	0.000000
-0.916032	0.857934	0.796478	0.000000	0.000000	0.000000	0.000000	0.000000	0.000000	0.000000
-0.916074	0.857540	0.796680	-0.000000	0.000000	0.000000	0.000000	0.000000	0.000000	0.000000
-0.916010	0.857718	0.796874	0.000000	0.000000	0.000000	0.000000	0.000000	0.000000	0.000000
-0.916036	0.857765	0.796533	-0.000000	0.000000	0.000000	0.000000	0.000000	0.000000	0.000000
-0.916034	0.857955	0.796180	-0.000000	0.000000	0.000000	0.000000	0.000000	0.000000	0.000000
-0.916053	0.857583	0.796914	-0.000000	0.000000	0.000000	0.000000	0.000000	0.000000	0.000000
-0.916033	0.857899	0.796550	-0.000000	0.000000	0.000000	0.000000	0.000000	0.000000	0.000000
-0.916014	0.857886	0.796470	0.000000	0.000000	0.000000	0.000000	0.000000	0.000000	0.000000
-0.916039	0.858136	0.796943	-0.000000	0.000000	0.000000	0.000000	0.000000	0.000000	0.000000
-0.916056	0.858234	0.797000	0.000000	0.000000	0.000000	0.000000	0.000000	0.000000	0.000000
-0.916001	0.858052	0.796648	0.000000	0.000000	0.000000	0.000000	0.000000	0.000000	0.000000
-0.916064	0.857520	0.796278	0.000000	0.000000	0.000000	0.000000	0.000000	0.000000	0.000000
-0.916050	0.857799	0.796613	-0.000000	0.000000	0.000000	0.000000	0.000000	0.000000	0.000000
-0.916072	0.857477	0.796683	0.000000	0.000000	0.000000	0.000000	0.000000	0.000000	0.000000
-0.916047	0.858215	0.796727	-0.000000	0.000000	0.000000	0.000000	0.000000	0.000000	0.000000
-0.916011	0.857911	0.796940	0.000000	0.000000	0.000000	0.000000	0.000000	0.000000	0.000000
-0.916061	0.857790	0.796686	0.000000	0.000000	0.000000	0.000000	0.000000	0.000000	0.000000
-0.916042	0.857138	0.796640	-0.000000	0.000000	0.000000	0.000000	0.000000	0.000000	0.000000
-0.916048	0.857900	0.796481	0.000000	0.000000	0.000000	0.000000	0.000000	0.000000	0.000000
-0.916018	0.857678	0.796260	-0.000000	0.000000	0.000000	0.000000	0.000000	0.000000	0.000000
-0.916018	0.858165	0.796775	0.000000	0.000000	0.000000	0.000000	0.000000	0.000000	0.000000
-0.916063	0.858026	0.795644	0.000000	0.000000	0.000000	0.000000	0.000000	0.000000	0.000000
-0.916049	0.857705	0.796686	-0.000000	0.000000	0.000000	0.000000	0.000000	0.000000	0.000000
-0.916036	0.858374	0.796834	0.000000	0.000000	0.000000	0.000000	0.000000	0.000000	0.000000
-0.916042	0.857818	0.796445	0.000000	0.000000	0.000000	0.000000	0.000000	0.000000	0.000000
-0.916039	0.857979	0.796415	-0.000000	0.000000	0.000000	0.000000	0.000000	0.000000	0.000000
-0.916027	0.858064	0.796591	0.000000	0.000000	0.000000	0.000000	0.000000	0.000000	0.000000
-0.916013	0.858132	0.797023	0.000000	0.000000	0.000000	0.000000	0.000000	0.000000	0.000000
-0.916048	0.857694	0.796683	-0.000000	0.000000	0.000000	0.000000	0.000000	0.000000	0.000000
-0.916056	0.857342	0.796535	0.000000	0.000000	0.000000	0.000000	0.000000	0.000000	0.000000
-0.916041	0.857764	0.796917	0.000000	0.000000	0.000000	0.000000	0.000000	0.000000	0.000000
-0.916008	0.858230	0.796567	-0.000000	0.000000	0.000000	0.000000	0.000000	0.000000	0.000000
-0.916084	0.857668	0.797025	0.000000	0.000000	0.000000	0.000000	0.000000	0.000000	0.000000
-0.915998	0.857934	0.796835	0.000000	0.000000	0.000000	0.000000	0.000000	0.000000	0.000000
-0.916025	0.858453	0.796335	0.000000	0.000000	0.000000	0.000000	0.000000	0.000000	0.000000
-0.916090	0.857786	0.796568	0.000000	0.000000	0.000000	0.000000	0.000000	0.000000	0.000000
-0.916066	0.857982	0.796657	-0.000000	0.000000	0.000000	0.000000	0.000000	0.000000	0.000000
-0.916042	0.857943	0.796869	0.000000	0.000000	0.000000	0.000000	0.000000	0.000000	0.000000
-0.916069	0.858069	0.796655	-0.000000	0.000000	0.000000	0.000000	0.000000	0.000000	0.000000
-0.916084	0.857572	0.796697	-0.000000	0.000000	0.000000	0.000000	0.000000	0.000000	0.000000
-0.916049	0.857988	0.796676	0.000000	0.000000	0.000000	0.000000	0.000000	0.000000	0.000000
-0.916018	0.857628	0.796731	-0.000000	0.000000	0.000000	0.000000	0.000000	0.000000	0.000000
-0.915983	0.858108	0.796473	-0.000000	0.000000	0.000000	0.000000	0.000000	0.000000	0.000000
-0.916103	0.857789	0.796676	0.000000	0.000000	0.000000	0.000000	0.000000	0.000000	0.000000
-0.916046	0.857632	0.796592	-0.000000	0.000000	0.000000	0.000000	0.000000	0.000000	0.000000
-0.916052	0.857823	0.796696	-0.000000	0.000000	0.000000	0.000000	0.000000	0.000000	0.000000
-0.916080	0.857752	0.797009	-0.000000	0.000000	0.000000	0.000000	0.000000	0.000000	0.000000
-0.916063	0.857933	0.796609	0.000000	0.000000	0.000000	0.000000	0.000000	0.000000	0.000000
-0.916039	0.858210	0.796484	-0.000000	0.000000	0.000000	0.000000	0.000000	0.000000	0.000000
-0.916046	0.857875	0.796322	0.000000	0.000000	0.000000	0.000000	0.000000	0.000000	0.000000
-0.915994	0.858006	0.796284	0.000000	0.000000	0.000000	0.000000	0.000000	0.000000	0.000000
-0.916044	0.858403	0.796818	-0.000000	0.000000	0.000000	0.000000	0.000000	0.000000	0.000000
-0.916085	0.857825	0.796366	0.000000	0.000000	0.000000	0.000000	0.000000	0.000000	0.000000
-0.916044	0.858305	0.796973	-0.000000	0.000000	0.000000	0.000000	0.000000	0.000000	0.000000
-0.916047	0.857406	0.796579	0.000000	0.000000	0.000000	0.000000	0.000000	0.000000	0.000000
-0.916023	0.857685	0.797033	0.000000	0.000000	0.000000	0.000000	0.000000	0.000000	0.000000
-0.916018	0.858067	0.797177	-0.000000	0.000000	0.000000	0.000000	0.000000	0.000000	0.000000
-0.916042	0.857601	0.797027	-0.000000	0.000000	0.000000	0.000000	0.000000	0.000000	0.000000
-0.916025	0.857886	0.796746	0.000000	0.000000	0.000000	0.000000	0.000000	0.000000	0.000000
-0.916032	0.857722	0.796316	-0.000000	0.000000	0.000000	0.000000	0.000000	0.000000	0.000000
-0.916059	0.857851	0.796394	0.000000	0.000000	0.000000	0.000000	0.000000	0.000000	0.000000
-0.916042	0.857808	0.796465	0.000000	0.000000	0.000000	0.000000	0.000000	0.000000	0.000000
-0.916040	0.857712	0.796991	0.000000	0.000000	0.000000	0.000000	0.000000	0.000000	0.000000
-0.916027	0.857906	0.796469	-0.000000	0.000000	0.000000	0.000000	0.000000	0.000000	0.000000
-0.916071	0.857978	0.796640	0.000000	0.000000	0.000000	0.000000	0.000000	0.000000	0.000000
-0.916062	0.858194	0.796977	0.000000	0.000000	0.000000	0.000000	0.000000	0.000000	0.000000
-0.916026	0.857664	0.796658	0.000000	0.000000	0.000000	0.000000	0.000000	0.000000	0.000000
-0.916045	0.858310	0.796786	-0.000000	0.000000	0.000000	0.000000	0.000000	0.000000	0.000000
-0.916024	0.857792	0.797058	0.000000	0.000000	0.000000	0.000000	0.000000	0.000000	0.000000
-0.916034	0.857686	0.796953	-0.000000	0.000000	0.000000	0.000000	0.000000	0.000000	0.000000
-0.916070	0.857935	0.796330	0.000000	0.000000	0.000000	0.000000	0.000000	0.000000	0.000000
-0.916045	0.857958	0.796248	0.000000	0.000000	0.000000	0.000000	0.000000	0.000000	0.000000
-0.916051	0.857925	0.796414	0.000000	0.000000	0.000000	0.000000	0.000000	0.000000	0.000000
-0.916014	0.857649	0.796859	-0.000000	0.000000	0.000000	0.000000	0.000000	0.000000	0.000000
-0.916045	0.857935	0.796463	0.000000	0.000000	0.000000	0.000000	0.000000	0.000000	0.000000
-0.916027	0.857523	0.796354	0.000000	0.000000	0.000000	0.000000	0.000000	0.000000	0.000000
-0.916035	0.857494	0.796435	-0.000000	0.000000	0.000000	0.000000	0.000000	0.000000	0.000000
-0.916069	0.858103	0.796424	-0.000000	0.000000	0.000000	0.000000	0.000000	0.000000	0.000000
-0.916071	0.857651	0.796482	-0.000000	0.000000	0.000000	0.000000	0.000000	0.000000	0.000000
-0.916076	0.857845	0.796837	0.000000	0.000000	0.000000	0.000000	0.000000	0.000000	0.000000
-0.916075	0.857974	0.796823	0.000000	0.000000	0.000000	0.000000	0.000000	0.000000	0.000000
-0.916042	0.857567	0.797014	-0.000000	0.000000	0.000000	0.000000	0.000000	0.000000	0.000000
-0.916047	0.857697	0.796765	-0.000000	0.000000	0.000000	0.000000	0.000000	0.000000	0.000000
-0.916064	0.857870	0.796440	0.000000	0.000000	0.000000	0.000000	0.000000	0.000000	0.000000
-0.916052	0.857812	0.796608	0.000000	0.000000	0.000000	0.000000	0.000000	0.000000	0.000000
-0.916032	0.858052	0.796779	-0.000000	0.000000	0.000000	0.000000	0.000000	0.000000	0.000000
-0.916035	0.858273	0.783270	-0.000000	0.000000	0.000000	0.000000	0.000000	0.000000	0.000000
-0.916028	0.858466	0.796543	-0.000000	0.000000	0.000000	0.000000	0.000000	0.000000	0.000000
-0.915977	0.857988	0.796658	0.000000	0.000000	0.000000	0.000000	0.000000	0.000000	0.000000
-0.916026	0.857676	0.796935	-0.000000	0.000000	0.000000	0.000000	0.000000	0.000000	0.000000
-0.916007	0.857589	0.796559	-0.000000	0.000000	0.000000	0.000000	0.000000	0.000000	0.000000
-0.915997	0.858285	0.796664	-0.000000	0.000000	0.000000	0.000000	0.000000	0.000000	0.000000
-0.916045	0.857937	0.797041	0.000000	0.000000	0.000000	0.000000	0.000000	0.000000	0.000000
-0.916057	0.858036	0.796934	0.000000	0.000000	0.000000	0.000000	0.000000	0.000000	0.000000
-0.916059	0.855949	0.796584	-0.000000	0.000000	0.000000	0.000000	0.000000	0.000000	0.000000
-0.916056	0.857619	0.797001	0.000000	0.000000	0.000000	0.000000	0.000000	0.000000	0.000000
-0.916056	0.857915	0.797046	0.000000	0.000000	0.000000	0.000000	0.000000	0.000000	0.000000
-0.916067	0.857849	0.796595	-0.000000	0.000000	0.000000	0.000000	0.000000	0.000000	0.000000
-0.915985	0.857509	0.796280	-0.000000	0.000000	0.000000	0.000000	0.000000	0.000000	0.000000
-0.916060	0.857657	0.795534	0.000000	0.000000	0.000000	0.000000	0.000000	0.000000	0.000000
-0.916056	0.858106	0.796705	-0.000000	0.000000	0.000000	0.000000	0.000000	0.000000	0.000000
-0.916070	0.858340	0.796837	0.000000	0.000000	0.000000	0.000000	0.000000	0.000000	0.000000
-0.916047	0.857909	0.796642	0.000000	0.000000	0.000000	0.000000	0.000000	0.000000	0.000000
-0.916035	0.857670	0.796547	-0.000000	0.000000	0.000000	0.000000	0.000000	0.000000	0.000000
-0.916073	0.858359	0.796431	-0.000000	0.000000	0.000000	0.000000	0.000000	0.000000	0.000000
-0.915994	0.858207	0.796786	0.000000	0.000000	0.000000	0.000000	0.000000	0.000000	0.000000
-0.916082	0.857572	0.796461	0.000000	0.000000	0.000000	0.000000	0.000000	0.000000	0.000000
-0.916049	0.857577	0.796665	0.000000	0.000000	0.000000	0.000000	0.000000	0.000000	0.000000
-0.916036	0.857749	0.796608	0.000000	0.000000	0.000000	0.000000	0.000000	0.000000	0.000000
-0.916024	0.858203	0.796882	0.000000	0.000000	0.000000	0.000000	0.000000	0.000000	0.000000
-0.916039	0.857719	0.796688	-0.000000	0.000000	0.000000	0.000000	0.000000	0.000000	0.000000
-0.915997	0.857917	0.793544	-0.000000	0.000000	0.000000	0.000000	0.000000	0.000000	0.000000
-0.916025	0.857786	0.796888	-0.000000	0.000000	0.000000	0.000000	0.000000	0.000000	0.000000
-0.916067	0.858362	0.796731	0.000000	0.000000	0.000000	0.000000	0.000000	0.000000	0.000000
-0.916011	0.857944	0.796481	0.000000	0.000000	0.000000	0.000000	0.000000	0.000000	0.000000
-0.916017	0.858063	0.796669	0.000000	0.000000	0.000000	0.000000	0.000000	0.000000	0.000000
-0.916021	0.857845	0.796343	-0.000000	0.000000	0.000000	0.000000	0.000000	0.000000	0.000000
-0.916058	0.858123	0.796922	-0.000000	0.000000	0.000000	0.000000	0.000000	0.000000	0.000000
-0.916044	0.858294	0.796836	0.000000	0.000000	0.000000	0.000000	0.000000	0.000000	0.000000
-0.916051	0.857505	0.797203	-0.000000	0.000000	0.000000	0.000000	0.000000	0.000000	0.000000
-0.916086	0.857734	0.796885	0.000000	0.000000	0.000000	0.000000	0.000000	0.000000	0.000000
-0.916012	0.858043	0.796800	-0.000000	0.000000	0.000000	0.000000	0.000000	0.000000	0.000000
-0.916062	0.857901	0.796281	-0.000000	0.000000	0.000000	0.000000	0.000000	0.000000	0.000000
-0.916008	0.857928	0.796731	0.000000	0.000000	0.000000	0.000000	0.000000	0.000000	0.000000
-0.916032	0.857945	0.796765	0.000000	0.000000	0.000000	0.000000	0.000000	0.000000	0.000000
-0.916034	0.857811	0.796707	0.000000	0.000000	0.000000	0.000000	0.000000	0.000000	0.000000
-0.916027	0.857836	0.796894	-0.000000	0.000000	0.000000	0.000000	0.000000	0.000000	0.000000
-0.916046	0.857730	0.795382	0.000000	0.000000	0.000000	0.000000	0.000000	0.000000	0.000000
-0.916014	0.858072	0.796341	0.000000	0.000000	0.000000	0.000000	0.000000	0.000000	0.000000
-0.916050	0.857916	0.796521	-0.000000	0.000000	0.000000	0.000000	0.000000	0.000000	0.000000
-0.916048	0.858442	0.796732	0.000000	0.000000	0.000000	0.000000	0.000000	0.000000	0.000000
-0.916060	0.857737	0.796700	0.000000	0.000000	0.000000	0.000000	0.000000	0.000000	0.000000
-0.916053	0.857580	0.796859	-0.000000	0.000000	0.000000	0.000000	0.000000	0.000000	0.000000
-0.915978	0.857440	0.797154	0.000000	0.000000	0.000000	0.000000	0.000000	0.000000	0.000000
-0.916018	0.857890	0.796848	0.000000	0.000000	0.000000	0.000000	0.000000	0.000000	0.000000
-0.916074	0.857363	0.796713	-0.000000	0.000000	0.000000	0.000000	0.000000	0.000000	0.000000
-0.916047	0.858208	0.796912	-0.000000	0.000000	0.000000	0.000000	0.000000	0.000000	0.000000
-0.916054	0.858076	0.796657	0.000000	0.000000	0.000000	0.000000	0.000000	0.000000	0.000000
-0.916029	0.857852	0.796532	-0.000000	0.000000	0.000000	0.000000	0.000000	0.000000	0.000000
-0.916055	0.857974	0.796747	0.000000	0.000000	0.000000	0.000000	0.000000	0.000000	0.000000
-0.916040	0.857766	0.796961	-0.000000	0.000000	0.000000	0.000000	0.000000	0.000000	0.000000
-0.916022	0.858415	0.796758	0.000000	0.000000	0.000000	0.000000	0.000000	0.000000	0.000000
-0.916016	0.857826	0.796490	0.000000	0.000000	0.000000	0.000000	0.000000	0.000000	0.000000
-0.916057	0.857655	0.796695	-0.000000	0.000000	0.000000	0.000000	0.000000	0.000000	0.000000
-0.916017	0.857579	0.796916	0.000000	0.000000	0.000000	0.000000	0.000000	0.000000	0.000000
-0.916057	0.857908	0.796634	-0.000000	0.000000	0.000000	0.000000	0.000000	0.000000	0.000000
-0.916017	0.857919	0.796830	-0.000000	0.000000	0.000000	0.000000	0.000000	0.000000	0.000000
-0.915901	0.857619	0.000000	-0.000000	0.000000	0.000000	0.000000	0.000000	0.000000	0.000000
-0.916010	0.858398	-0.833178	0.000000	0.000000	0.000000	0.000000	0.000000	0.000000	0.000000
-0.916028	0.857769	-0.833178	0.000000	0.000000	0.000000	0.000000	0.000000	0.000000	0.000000
-0.916020	0.858028	-0.833178	0.000000	0.000000	0.000000	0.000000	0.000000	0.000000	0.000000
-0.916019	0.857662	-0.833178	0.000000	0.000000	0.000000	0.000000	0.000000	0.000000	0.000000
-0.916080	0.857671	-0.832924	-0.000000	0.000000	0.000000	0.000000	0.000000	0.000000	0.000000
-0.916006	0.857715	-0.833178	0.000000	0.000000	0.000000	0.000000	0.000000	0.000000	0.000000
-0.916027	0.857989	-0.833176	0.000000	0.000000	0.000000	0.000000	0.000000	0.000000	0.000000
-0.916031	0.857421	-0.833178	0.000000	0.000000	0.000000	0.000000	0.000000	0.000000	0.000000
-0.916063	0.857986	-0.833178	0.000000	0.000000	0.000000	0.000000	0.000000	0.000000	0.000000
-0.916017	0.858096	-0.833178	-0.000000	0.000000	0.000000	0.000000	0.000000	0.000000	0.000000
-0.916024	0.857863	-0.833178	0.000000	0.000000	0.000000	0.000000	0.000000	0.000000	0.000000
-0.916045	0.858097	-0.833178	0.000000	0.000000	0.000000	0.000000	0.000000	0.000000	0.000000
-0.916022	0.857917	-0.833178	0.000000	0.000000	0.000000	0.000000	0.000000	0.000000	0.000000
-0.916027	0.858041	-0.833178	0.000000	0.000000	0.000000	0.000000	0.000000	0.000000	0.000000
-0.916040	0.858114	-0.833178	0.000000	0.000000	0.000000	0.000000	0.000000	0.000000	0.000000
-0.916029	0.858157	-0.833178	0.000000	0.000000	0.000000	0.000000	0.000000	0.000000	0.000000
-0.916039	0.857501	-0.833176	-0.000000	0.000000	0.000000	0.000000	0.000000	0.000000	0.000000
-0.916041	0.857829	-0.833167	-0.000000	0.000000	0.000000	0.000000	0.000000	0.000000	0.000000
-0.916047	0.857789	-0.833178	0.000000	0.000000	0.000000	0.000000	0.000000	0.000000	0.000000
-0.916009	0.857753	-0.833079	-0.000000	0.000000	0.000000	0.000000	0.000000	0.000000	0.000000
-0.916044	0.858094	-0.833176	-0.000000	0.000000	0.000000	0.000000	0.000000	0.000000	0.000000
-0.916021	0.858137	-0.833176	-0.000000	0.000000	0.000000	0.000000	0.000000	0.000000	0.000000
-0.916010	0.857916	-0.833178	0.000000	0.000000	0.000000	0.000000	0.000000	0.000000	0.000000
-0.916025	0.857731	-0.833178	-0.000000	0.000000	0.000000	0.000000	0.000000	0.000000	0.000000
-0.916013	0.857645	-0.832252	0.000000	0.000000	0.000000	0.000000	0.000000	0.000000	0.000000
-0.916042	0.857896	-0.833178	0.000000	0.000000	0.000000	0.000000	0.000000	0.000000	0.000000
-0.916042	0.857932	-0.833178	-0.000000	0.000000	0.000000	0.000000	0.000000	0.000000	0.000000
-0.916026	0.857921	-0.833176	-0.000000	0.000000	0.000000	0.000000	0.000000	0.000000	0.000000
-0.916022	0.858072	-0.833178	-0.000000	0.000000	0.000000	0.000000	0.000000	0.000000	0.000000
-0.916024	0.857813	-0.833178	-0.000000	0.000000	0.000000	0.000000	0.000000	0.000000	0.000000
-0.916042	0.857307	-0.833178	-0.000000	0.000000	0.000000	0.000000	0.000000	0.000000	0.000000
-0.916016	0.858336	-0.833178	0.000000	0.000000	0.000000	0.000000	0.000000	0.000000	0.000000
-0.916035	0.858040	-0.833178	-0.000000	0.000000	0.000000	0.000000	0.000000	0.000000	0.000000
-0.916025	0.857846	-0.833178	-0.000000	0.000000	0.000000	0.000000	0.000000	0.000000	0.000000
-0.916010	0.857418	-0.833178	0.000000	0.000000	0.000000	0.000000	0.000000	0.000000	0.000000
-0.916027	0.857471	-0.833178	0.000000	0.000000	0.000000	0.000000	0.000000	0.000000	0.000000
-0.916028	0.857498	-0.833174	0.000000	0.000000	0.000000	0.000000	0.000000	0.000000	0.000000
-0.916028	0.857569	-0.833178	0.000000	0.000000	0.000000	0.000000	0.000000	0.000000	0.000000
-0.916038	0.857998	-0.833178	-0.000000	0.000000	0.000000	0.000000	0.000000	0.000000	0.000000
-0.916051	0.857609	-0.833174	-0.000000	0.000000	0.000000	0.000000	0.000000	0.000000	0.000000
-0.916040	0.857699	-0.833178	0.000000	0.000000	0.000000	0.000000	0.000000	0.000000	0.000000
-0.916031	0.858003	-0.833171	-0.000000	0.000000	0.000000	0.000000	0.000000	0.000000	0.000000
-0.916091	0.858136	-0.833178	0.000000	0.000000	0.000000	0.000000	0.000000	0.000000	0.000000
-0.916092	0.857662	-0.833178	-0.000000	0.000000	0.000000	0.000000	0.000000	0.000000	0.000000
-0.916072	0.857997	-0.833178	-0.000000	0.000000	0.000000	0.000000	0.000000	0.000000	0.000000
-0.916021	0.857787	-0.833178	0.000000	0.000000	0.000000	0.000000	0.000000	0.000000	0.000000
-0.916038	0.857657	-0.833178	0.000000	0.000000	0.000000	0.000000	0.000000	0.000000	0.000000
-0.916040	0.857355	-0.833178	0.000000	0.000000	0.000000	0.000000	0.000000	0.000000	0.000000
-0.916064	0.857577	-0.833177	-0.000000	0.000000	0.000000	0.000000	0.000000	0.000000	0.000000
-0.916074	0.857952	-0.833177	0.000000	0.000000	0.000000	0.000000	0.000000	0.000000	0.000000
-0.916054	0.857742	-0.833178	-0.000000	0.000000	0.000000	0.000000	0.000000	0.000000	0.000000
-0.916034	0.857991	-0.833178	0.000000	0.000000	0.000000	0.000000	0.000000	0.000000	0.000000
-0.916067	0.857878	-0.833032	-0.000000	0.000000	0.000000	0.000000	0.000000	0.000000	0.000000
-0.916024	0.858048	-0.833177	-0.000000	0.000000	0.000000	0.000000	0.000000	0.000000	0.000000
-0.916027	0.857995	-0.833178	0.000000	0.000000	0.000000	0.000000	0.000000	0.000000	0.000000
-0.916050	0.857690	-0.833178	-0.000000	0.000000	0.000000	0.000000	0.000000	0.000000	0.000000
-0.916037	0.857792	-0.833178	0.000000	0.000000	0.000000	0.000000	0.000000	0.000000	0.000000
-0.916055	0.857484	-0.833178	-0.000000	0.000000	0.000000	0.000000	0.000000	0.000000	0.000000
-0.916018	0.858237	-0.833178	0.000000	0.000000	0.000000	0.000000	0.000000	0.000000	0.000000
-0.916069	0.857871	-0.833178	0.000000	0.000000	0.000000	0.000000	0.000000	0.000000	0.000000
-0.916031	0.857907	-0.830951	-0.000000	0.000000	0.000000	0.000000	0.000000	0.000000	0.000000
-0.916012	0.858074	-0.833178	0.000000	0.000000	0.000000	0.000000	0.000000	0.000000	0.000000
-0.916001	0.858367	-0.833178	0.000000	0.000000	0.000000	0.000000	0.000000	0.000000	0.000000
-0.916023	0.857696	-0.833178	0.000000	0.000000	0.000000	0.000000	0.000000	0.000000	0.000000
-0.916066	0.857485	-0.833178	0.000000	0.000000	0.000000	0.000000	0.000000	0.000000	0.000000
-0.916011	0.858028	-0.833178	0.000000	0.000000	0.000000	0.000000	0.000000	0.000000	0.000000
-0.916068	0.857668	-0.833139	-0.000000	0.000000	0.000000	0.000000	0.000000	0.000000	0.000000
-0.916051	0.857648	-0.833178	0.000000	0.000000	0.000000	0.000000	0.000000	0.000000	0.000000
-0.916045	0.857756	-0.833178	0.000000	0.000000	0.000000	0.000000	0.000000	0.000000	0.000000
-0.916069	0.857942	-0.833178	-0.000000	0.000000	0.000000	0.000000	0.000000	0.000000	0.000000
-0.916062	0.857660	-0.833178	0.000000	0.000000	0.000000	0.000000	0.000000	0.000000	0.000000
-0.916087	0.858201	-0.833178	-0.000000	0.000000	0.000000	0.000000	0.000000	0.000000	0.000000
-0.916054	0.857909	-0.833178	0.000000	0.000000	0.000000	0.000000	0.000000	0.000000	0.000000
-0.916089	0.857961	-0.833178	0.000000	0.000000	0.000000	0.000000	0.000000	0.000000	0.000000
-0.916042	0.857413	-0.833176	-0.000000	0.000000	0.000000	0.000000	0.000000	0.000000	0.000000
-0.916057	0.857355	-0.833032	0.000000	0.000000	0.000000	0.000000	0.000000	0.000000	0.000000
-0.916097	0.857887	-0.833178	0.000000	0.000000	0.000000	0.000000	0.000000	0.000000	0.000000
-0.916042	0.857716	-0.833178	-0.000000	0.000000	0.000000	0.000000	0.000000	0.000000	0.000000
-0.916098	0.857458	-0.833157	-0.000000	0.000000	0.000000	0.000000	0.000000	0.000000	0.000000
-0.915994	0.858242	-0.833178	-0.000000	0.000000	0.000000	0.000000	0.000000	0.000000	0.000000
-0.916049	0.857545	-0.833173	-0.000000	0.000000	0.000000	0.000000	0.000000	0.000000	0.000000
-0.916033	0.857619	-0.833178	-0.000000	0.000000	0.000000	0.000000	0.000000	0.000000	0.000000
-0.916024	0.857813	-0.833177	0.000000	0.000000	0.000000	0.000000	0.000000	0.000000	0.000000
-0.916018	0.858052	-0.833178	0.000000	0.000000	0.000000	0.000000	0.000000	0.000000	0.000000
-0.916085	0.857632	-0.833178	-0.000000	0.000000	0.000000	0.000000	0.000000	0.000000	0.000000
-0.916060	0.857762	-0.833178	-0.000000	0.000000	0.000000	0.000000	0.000000	0.000000	0.000000
-0.916038	0.857670	-0.833177	0.000000	0.000000	0.000000	0.000000	0.000000	0.000000	0.000000
-0.916007	0.857846	-0.833177	-0.000000	0.000000	0.000000	0.000000	0.000000	0.000000	0.000000
-0.916061	0.857870	-0.833115	-0.000000	0.000000	0.000000	0.000000	0.000000	0.000000	0.000000
-0.916061	0.857741	-0.833168	-0.000000	0.000000	0.000000	0.000000	0.000000	0.000000	0.000000
-0.916056	0.858443	-0.833178	-0.000000	0.000000	0.000000	0.000000	0.000000	0.000000	0.000000
-0.916005	0.858237	-0.833178	-0.000000	0.000000	0.000000	0.000000	0.000000	0.000000	0.000000
-0.916016	0.858112	-0.833178	-0.000000	0.000000	0.000000	0.000000	0.000000	0.000000	0.000000
-0.916022	0.857107	-0.833178	0.000000	0.000000	0.000000	0.000000	0.000000	0.000000	0.000000
-0.916056	0.858277	-0.833178	0.000000	0.000000	0.000000	0.000000	0.000000	0.000000	0.000000
-0.916055	0.857867	-0.833148	-0.000000	0.000000	0.000000	0.000000	0.000000	0.000000	0.000000
-0.916039	0.857539	-0.833178	-0.000000	0.000000	0.000000	0.000000	0.000000	0.000000	0.000000
-0.916056	0.857862	-0.833178	-0.000000	0.000000	0.000000	0.000000	0.000000	0.000000	0.000000
-0.916017	0.858131	-0.833178	-0.000000	0.000000	0.000000	0.000000	0.000000	0.000000	0.000000
-0.916011	0.857972	-0.833178	0.000000	0.000000	0.000000	0.000000	0.000000	0.000000	0.000000
-0.916035	0.857628	-0.833178	-0.000000	0.000000	0.000000	0.000000	0.000000	0.000000	0.000000
-0.916018	0.858056	-0.833178	-0.000000	0.000000	0.000000	0.000000	0.000000	0.000000	0.000000
-0.916081	0.858104	-0.833176	0.000000	0.000000	0.000000	0.000000	0.000000	0.000000	0.000000
-0.916031	0.857992	-0.833178	0.000000	0.000000	0.000000	0.000000	0.000000	0.000000	0.000000
-0.916028	0.857700	-0.833171	0.000000	0.000000	0.000000	0.000000	0.000000	0.000000	0.000000
-0.916089	0.857874	-0.833178	0.000000	0.000000	0.000000	0.000000	0.000000	0.000000	0.000000
-0.916028	0.857789	-0.833178	-0.000000	0.000000	0.000000	0.000000	0.000000	0.000000	0.000000
-0.916035	0.857834	-0.833178	-0.000000	0.000000	0.000000	0.000000	0.000000	0.000000	0.000000
-0.916080	0.857991	-0.833178	0.000000	0.000000	0.000000	0.000000	0.000000	0.000000	0.000000
-0.916027	0.857788	-0.833178	0.000000	0.000000	0.000000	0.000000	0.000000	0.000000	0.000000
-0.915996	0.857938	-0.833178	0.000000	0.000000	0.000000	0.000000	0.000000	0.000000	0.000000
-0.916066	0.857421	-0.833178	0.000000	0.000000	0.000000	0.000000	0.000000	0.000000	0.000000
-0.916063	0.857848	-0.833178	-0.000000	0.000000	0.000000	0.000000	0.000000	0.000000	0.000000
-0.916056	0.858126	-0.833178	0.000000	0.000000	0.000000	0.000000	0.000000	0.000000	0.000000
-0.916058	0.857885	-0.833178	0.000000	0.000000	0.000000	0.000000	0.000000	0.000000	0.000000
-0.916032	0.857732	-0.833178	0.000000	0.000000	0.000000	0.000000	0.000000	0.000000	0.000000
-0.916031	0.857925	-0.833175	0.000000	0.000000	0.000000	0.000000	0.000000	0.000000	0.000000
-0.916103	0.858110	-0.833178	0.000000	0.000000	0.000000	0.000000	0.000000	0.000000	0.000000
-0.916092	0.858209	-0.833178	0.000000	0.000000	0.000000	0.000000	0.000000	0.000000	0.000000
-0.916008	0.857965	-0.832547	-0.000000	0.000000	0.000000	0.000000	0.000000	0.000000	0.000000
-0.916048	0.857872	-0.833178	0.000000	0.000000	0.000000	0.000000	0.000000	0.000000	0.000000
-0.916037	0.858008	-0.833178	-0.000000	0.000000	0.000000	0.000000	0.000000	0.000000	0.000000
-0.916011	0.857797	-0.833178	0.000000	0.000000	0.000000	0.000000	0.000000	0.000000	0.000000
-0.916033	0.857452	-0.833178	0.000000	0.000000	0.000000	0.000000	0.000000	0.000000	0.000000
-0.916042	0.857338	-0.833178	0.000000	0.000000	0.000000	0.000000	0.000000	0.000000	0.000000
-0.916042	0.857778	-0.833178	0.000000	0.000000	0.000000	0.000000	0.000000	0.000000	0.000000
-0.915993	0.857483	-0.833178	-0.000000	0.000000	0.000000	0.000000	0.000000	0.000000	0.000000
-0.916056	0.857924	-0.833176	0.000000	0.000000	0.000000	0.000000	0.000000	0.000000	0.000000
-0.916046	0.857950	-0.833178	0.000000	0.000000	0.000000	0.000000	0.000000	0.000000	0.000000
-0.916040	0.857684	-0.833164	-0.000000	0.000000	0.000000	0.000000	0.000000	0.000000	0.000000
-0.916029	0.858168	-0.833178	-0.000000	0.000000	0.000000	0.000000	0.000000	0.000000	0.000000
-0.916050	0.857809	-0.833176	-0.000000	0.000000	0.000000	0.000000	0.000000	0.000000	0.000000
-0.916035	0.857995	-0.833178	0.000000	0.000000	0.000000	0.000000	0.000000	0.000000	0.000000
-0.916063	0.857087	-0.833178	0.000000	0.000000	0.000000	0.000000	0.000000	0.000000	0.000000
-0.916069	0.858005	-0.833178	-0.000000	0.000000	0.000000	0.000000	0.000000	0.000000	0.000000
-0.916083	0.857956	-0.833178	-0.000000	0.000000	0.000000	0.000000	0.000000	0.000000	0.000000
-0.916020	0.858051	-0.833178	0.000000	0.000000	0.000000	0.000000	0.000000	0.000000	0.000000
-0.916008	0.857772	-0.833178	0.000000	0.000000	0.000000	0.000000	0.000000	0.000000	0.000000
-0.916055	0.857409	-0.833177	-0.000000	0.000000	0.000000	0.000000	0.000000	0.000000	0.000000
-0.916024	0.858122	-0.833022	0.000000	0.000000	0.000000	0.000000	0.000000	0.000000	0.000000
-0.916086	0.857889	-0.833178	0.000000	0.000000	0.000000	0.000000	0.000000	0.000000	0.000000
-0.916038	0.857881	-0.833178	-0.000000	0.000000	0.000000	0.000000	0.000000	0.000000	0.000000
-0.916082	0.858156	-0.833173	0.000000	0.000000	0.000000	0.000000	0.000000	0.000000	0.000000
-0.916073	0.857737	-0.833178	-0.000000	0.000000	0.000000	0.000000	0.000000	0.000000	0.000000
-0.915988	0.858137	-0.833178	-0.000000	0.000000	0.000000	0.000000	0.000000	0.000000	0.000000
-0.916027	0.858195	-0.833178	0.000000	0.000000	0.000000	0.000000	0.000000	0.000000	0.000000
-0.916035	0.858076	-0.833178	0.000000	0.000000	0.000000	0.000000	0.000000	0.000000	0.000000
-0.915991	0.857976	-0.833178	0.000000	0.000000	0.000000	0.000000	0.000000	0.000000	0.000000
-0.915993	0.858020	-0.833178	-0.000000	0.000000	0.000000	0.000000	0.000000	0.000000	0.000000
-0.916034	0.858003	-0.833178	-0.000000	0.000000	0.000000	0.000000	0.000000	0.000000	0.000000
-0.916025	0.857952	-0.833178	0.000000	0.000000	0.000000	0.000000	0.000000	0.000000	0.000000
-0.916055	0.858026	-0.833178	0.000000	0.000000	0.000000	0.000000	0.000000	0.000000	0.000000
-0.916010	0.857971	-0.833178	-0.000000	0.000000	0.000000	0.000000	0.000000	0.000000	0.000000
-0.916054	0.857918	-0.833178	0.000000	0.000000	0.000000	0.000000	0.000000	0.000000	0.000000
-0.916015	0.857849	-0.833178	0.000000	0.000000	0.000000	0.000000	0.000000	0.000000	0.000000
-0.916040	0.857451	-0.833154	-0.000000	0.000000	0.000000	0.000000	0.000000	0.000000	0.000000
-0.916025	0.858313	-0.833178	-0.000000	0.000000	0.000000	0.000000	0.000000	0.000000	0.000000
-0.916030	0.857494	-0.833178	-0.000000	0.000000	0.000000	0.000000	0.000000	0.000000	0.000000
-0.916010	0.857999	-0.833178	0.000000	0.000000	0.000000	0.000000	0.000000	0.000000	0.000000
-0.916039	0.857731	-0.833178	-0.000000	0.000000	0.000000	0.000000	0.000000	0.000000	0.000000
-0.916079	0.857749	-0.833177	-0.000000	0.000000	0.000000	0.000000	0.000000	0.000000	0.000000
-0.916049	0.857962	-0.833178	-0.000000	0.000000	0.000000	0.000000	0.000000	0.000000	0.000000
-0.916044	0.858352	-0.833178	0.000000	0.000000	0.000000	0.000000	0.000000	0.000000	0.000000
-0.916062	0.857939	-0.833178	-0.000000	0.000000	0.000000	0.000000	0.000000	0.000000	0.000000
-0.916071	0.857504	-0.833178	-0.000000	0.000000	0.000000	0.000000	0.000000	0.000000	0.000000
-0.916065	0.857664	-0.833178	0.000000	0.000000	0.000000	0.000000	0.000000	0.000000	0.000000
-0.916075	0.857845	-0.833178	0.000000	0.000000	0.000000	0.000000	0.000000	0.000000	0.000000
-0.916004	0.857617	-0.833178	-0.000000	0.000000	0.000000	0.000000	0.000000	0.000000	0.000000
-0.916037	0.857825	-0.833178	-0.000000	0.000000	0.000000	0.000000	0.000000	0.000000	0.000000
-0.916027	0.857884	-0.833178	0.000000	0.000000	0.000000	0.000000	0.000000	0.000000	0.000000
-0.916045	0.858038	-0.833178	0.000000	0.000000	0.000000	0.000000	0.000000	0.000000	0.000000
-0.916024	0.858094	-0.833175	-0.000000	0.000000	0.000000	0.000000	0.000000	0.000000	0.000000
-0.916053	0.857690	-0.833178	0.000000	0.000000	0.000000	0.000000	0.000000	0.000000	0.000000
-0.916044	0.857855	-0.833178	0.000000	0.000000	0.000000	0.000000	0.000000	0.000000	0.000000
-0.915987	0.858282	-0.833178	-0.000000	0.000000	0.000000	0.000000	0.000000	0.000000	0.000000
-0.915990	0.857846	-0.833178	-0.000000	0.000000	0.000000	0.000000	0.000000	0.000000	0.000000
-0.916056	0.858221	-0.833176	0.000000	0.000000	0.000000	0.000000	0.000000	0.000000	0.000000
-0.916049	0.857780	-0.833178	-0.000000	0.000000	0.000000	0.000000	0.000000	0.000000	0.000000
-0.916036	0.857894	-0.833178	-0.000000	0.000000	0.000000	0.000000	0.000000	0.000000	0.000000
-0.916026	0.857633	-0.833178	0.000000	0.000000	0.000000	0.000000	0.000000	0.000000	0.000000
-0.916044	0.857956	-0.833178	0.000000	0.000000	0.000000	0.000000	0.000000	0.000000	0.000000
-0.916022	0.857793	-0.833178	-0.000000	0.000000	0.000000	0.000000	0.000000	0.000000	0.000000
-0.916049	0.857566	-0.833178	-0.000000	0.000000	0.000000	0.000000	0.000000	0.000000	0.000000
-0.916044	0.858181	-0.833178	-0.000000	0.000000	0.000000	0.000000	0.000000	0.000000	0.000000
-0.916072	0.858295	-0.833178	-0.000000	0.000000	0.000000	0.000000	0.000000	0.000000	0.000000
-0.916035	0.857672	-0.833178	-0.000000	0.000000	0.000000	0.000000	0.000000	0.000000	0.000000
-0.916060	0.857442	-0.833178	-0.000000	0.000000	0.000000	0.000000	0.000000	0.000000	0.000000
-0.916057	0.857660	-0.833178	-0.000000	0.000000	0.000000	0.000000	0.000000	0.000000	0.000000
-0.916054	0.857336	-0.833178	0.000000	0.000000	0.000000	0.000000	0.000000	0.000000	0.000000
-0.916043	0.857779	-0.833177	0.000000	0.000000	0.000000	0.000000	0.000000	0.000000	0.000000
-0.916032	0.858073	-0.833178	0.000000	0.000000	0.000000	0.000000	0.000000	0.000000	0.000000
-0.916043	0.858429	-0.833178	0.000000	0.000000	0.000000	0.000000	0.000000	0.000000	0.000000
-0.916057	0.858162	-0.833163	-0.000000	0.000000	0.000000	0.000000	0.000000	0.000000	0.000000
-0.916062	0.857986	-0.833178	-0.000000	0.000000	0.000000	0.000000	0.000000	0.000000	0.000000
-0.916061	0.857680	-0.833178	-0.000000	0.000000	0.000000	0.000000	0.000000	0.000000	0.000000
-0.916049	0.857887	-0.833178	0.000000	0.000000	0.000000	0.000000	0.000000	0.000000	0.000000
-0.916032	0.857923	-0.833178	0.000000	0.000000	0.000000	0.000000	0.000000	0.000000	0.000000
-0.916004	0.858024	-0.833178	0.000000	0.000000	0.000000	0.000000	0.000000	0.000000	0.000000
-0.916007	0.857577	-0.833178	0.000000	0.000000	0.000000	0.000000	0.000000	0.000000	0.000000
-0.916025	0.858487	-0.833178	-0.000000	0.000000	0.000000	0.000000	0.000000	0.000000	0.000000
-0.916085	0.857739	-0.833178	-0.000000	0.000000	0.000000	0.000000	0.000000	0.000000	0.000000
-0.916035	0.858115	-0.833178	-0.000000	0.000000	0.000000	0.000000	0.000000	0.000000	0.000000
-0.916010	0.858151	-0.833178	0.000000	0.000000	0.000000	0.000000	0.000000	0.000000	0.000000
-0.916053	0.857894	-0.833178	0.000000	0.000000	0.000000	0.000000	0.000000	0.000000	0.000000
-0.916054	0.857769	-0.833177	0.000000	0.000000	0.000000	0.000000	0.000000	0.000000	0.000000
-0.916017	0.857641	-0.833175	-0.000000	0.000000	0.000000	0.000000	0.000000	0.000000	0.000000
-0.916036	0.857852	-0.833178	-0.000000	0.000000	0.000000	0.000000	0.000000	0.000000	0.000000
-0.916009	0.857850	-0.833176	-0.000000	0.000000	0.000000	0.000000	0.000000	0.000000	0.000000
-0.916051	0.858228	-0.833174	0.000000	0.000000	0.000000	0.000000	0.000000	0.000000	0.000000
-0.916036	0.858022	-0.833127	-0.000000	0.000000	0.000000	0.000000	0.000000	0.000000	0.000000
-0.916024	0.857686	-0.833178	0.000000	0.000000	0.000000	0.000000	0.000000	0.000000	0.000000
-0.916016	0.857857	-0.833178	-0.000000	0.000000	0.000000	0.000000	0.000000	0.000000	0.000000
-0.916039	0.857991	-0.833178	-0.000000	0.000000	0.000000	0.000000	0.000000	0.000000	0.000000
-0.916043	0.858008	-0.833178	0.000000	0.000000	0.000000	0.000000	0.000000	0.000000	0.000000
-0.916046	0.857936	-0.833178	0.000000	0.000000	0.000000	0.000000	0.000000	0.000000	0.000000
-0.915997	0.857874	-0.833177	-0.000000	0.000000	0.000000	0.000000	0.000000	0.000000	0.000000
-0.916059	0.857517	-0.833178	-0.000000	0.000000	0.000000	0.000000	0.000000	0.000000	0.000000
-0.916048	0.857787	-0.833178	0.000000	0.000000	0.000000	0.000000	0.000000	0.000000	0.000000
-0.916062	0.858053	-0.833174	-0.000000	0.000000	0.000000	0.000000	0.000000	0.000000	0.000000
-0.916040	0.858051	-0.833178	-0.000000	0.000000	0.000000	0.000000	0.000000	0.000000	0.000000
-0.916053	0.857748	-0.833178	-0.000000	0.000000	0.000000	0.000000	0.000000	0.000000	0.000000
-0.916038	0.858086	-0.833155	-0.000000	0.000000	0.000000	0.000000	0.000000	0.000000	0.000000
-0.916053	0.857708	-0.833178	0.000000	0.000000	0.000000	0.000000	0.000000	0.000000	0.000000
-0.916055	0.857984	-0.833178	-0.000000	0.000000	0.000000	0.000000	0.000000	0.000000	0.000000
-0.916025	0.857518	-0.833178	-0.000000	0.000000	0.000000	0.000000	0.000000	0.000000	0.000000
-0.916067	0.858045	-0.833177	-0.000000	0.000000	0.000000	0.000000	0.000000	0.000000	0.000000
-0.916039	0.858157	-0.833178	0.000000	0.000000	0.000000	0.000000	0.000000	0.000000	0.000000
-0.916042	0.858026	-0.833178	0.000000	0.000000	0.000000	0.000000	0.000000	0.000000	0.000000
-0.916025	0.858236	-0.833174	0.000000	0.000000	0.000000	0.000000	0.000000	0.000000	0.000000
-0.916055	0.857838	-0.833178	-0.000000	0.000000	0.000000	0.000000	0.000000	0.000000	0.000000
-0.916059	0.857687	-0.833178	0.000000	0.000000	0.000000	0.000000	0.000000	0.000000	0.000000
-0.916019	0.857689	-0.833178	0.000000	0.000000	0.000000	0.000000	0.000000	0.000000	0.000000
-0.916081	0.857878	-0.833175	0.000000	0.000000	0.000000	0.000000	0.000000	0.000000	0.000000
-0.916051	0.857954	-0.833178	-0.000000	0.000000	0.000000	0.000000	0.000000	0.000000	0.000000
-0.916027	0.857904	-0.833177	-0.000000	0.000000	0.000000	0.000000	0.000000	0.000000	0.000000
-0.916063	0.857893	-0.833178	0.000000	0.000000	0.000000	0.000000	0.000000	0.000000	0.000000
-0.916046	0.857500	-0.833178	0.000000	0.000000	0.000000	0.000000	0.000000	0.000000	0.000000
-0.915997	0.858006	-0.833178	0.000000	0.000000	0.000000	0.000000	0.000000	0.000000	0.000000
-0.916068	0.857714	-0.833178	0.000000	0.000000	0.000000	0.000000	0.000000	0.000000	0.000000
-0.916036	0.857746	-0.833178	-0.000000	0.000000	0.000000	0.000000	0.000000	0.000000	0.000000
-0.915998	0.857937	-0.833178	-0.000000	0.000000	0.000000	0.000000	0.000000	0.000000	0.000000
-0.916041	0.857924	-0.833178	0.000000	0.000000	0.000000	0.000000	0.000000	0.000000	0.000000
-0.916076	0.857993	-0.833178	0.000000	0.000000	0.000000	0.000000	0.000000	0.000000	0.000000
-0.916062	0.858107	-0.833178	-0.000000	0.000000	0.000000	0.000000	0.000000	0.000000	0.000000
-0.916025	0.857748	-0.833178	-0.000000	0.000000	0.000000	0.000000	0.000000	0.000000	0.000000
-0.915999	0.857935	-0.833178	0.000000	0.000000	0.000000	0.000000	0.000000	0.000000	0.000000
-0.916068	0.858059	-0.833176	0.000000	0.000000	0.000000	0.000000	0.000000	0.000000	0.000000
-0.916029	0.857403	-0.833178	-0.000000	0.000000	0.000000	0.000000	0.000000	0.000000	0.000000
-0.916025	0.857732	-0.833178	-0.000000	0.000000	0.000000	0.000000	0.000000	0.000000	0.000000
-0.916022	-0.001099	0.000000	0.000000	0.000000	0.000000	0.000000	0.000000	0.000000	0.000000
-0.916009	-0.829531	0.000000	-0.812303	0.000000	0.000000	0.000000	0.000000	0.000000	0.000000
-0.916002	-0.829545	-0.000000	-0.812305	0.000000	0.000000	0.000000	0.000000	0.000000	0.000000
-0.916029	-0.829531	-0.000000	-0.812232	0.000000	0.000000	0.000000	0.000000	0.000000	0.000000
-0.916041	-0.829540	0.000000	-0.811789	0.000000	0.000000	0.000000	0.000000	0.000000	0.000000
-0.916056	-0.829543	-0.000000	-0.812305	0.000000	0.000000	0.000000	0.000000	0.000000	0.000000
-0.916044	-0.829540	-0.000000	-0.812302	0.000000	0.000000	0.000000	0.000000	0.000000	0.000000
-0.916062	-0.829549	-0.000000	-0.812306	0.000000	0.000000	0.000000	0.000000	0.000000	0.000000
-0.916070	-0.829539	0.000000	-0.812306	0.000000	0.000000	0.000000	0.000000	0.000000	0.000000
-0.916060	-0.829542	-0.000000	-0.812092	0.000000	0.000000	0.000000	0.000000	0.000000	0.000000
-0.916032	-0.829525	0.000000	-0.812299	0.000000	0.000000	0.000000	0.000000	0.000000	0.000000
-0.916027	-0.829546	0.000000	-0.812306	0.000000	0.000000	0.000000	0.000000	0.000000	0.000000
-0.916044	-0.829535	-0.000000	-0.812306	0.000000	0.000000	0.000000	0.000000	0.000000	0.000000
-0.916055	-0.829537	-0.000000	-0.812305	0.000000	0.000000	0.000000	0.000000	0.000000	0.000000
-0.916074	-0.829525	0.000000	-0.812306	0.000000	0.000000	0.000000	0.000000	0.000000	0.000000
-0.916039	-0.829539	-0.000000	-0.812306	0.000000	0.000000	0.000000	0.000000	0.000000	0.000000
-0.916063	-0.829540	0.000000	-0.812305	0.000000	0.000000	0.000000	0.000000	0.000000	0.000000
-0.916047	-0.829554	-0.000000	-0.812237	0.000000	0.000000	0.000000	0.000000	0.000000	0.000000
-0.916066	-0.829540	-0.000000	-0.782848	0.000000	0.000000	0.000000	0.000000	0.000000	0.000000
-0.916000	-0.829534	-0.000000	-0.812306	0.000000	0.000000	0.000000	0.000000	0.000000	0.000000
-0.916042	-0.829532	0.000000	-0.812292	0.000000	0.000000	0.000000	0.000000	0.000000	0.000000
-0.916067	-0.829539	0.000000	-0.812305	0.000000	0.000000	0.000000	0.000000	0.000000	0.000000
-0.916027	-0.829525	0.000000	-0.812306	0.000000	0.000000	0.000000	0.000000	0.000000	0.000000
-0.916057	-0.829543	0.000000	-0.812306	0.000000	0.000000	0.000000	0.000000	0.000000	0.000000
-0.916093	-0.829540	0.000000	-0.812306	0.000000	0.000000	0.000000	0.000000	0.000000	0.000000
-0.916026	-0.829538	0.000000	-0.812306	0.000000	0.000000	0.000000	0.000000	0.000000	0.000000
-0.916041	-0.829534	0.000000	-0.784835	0.000000	0.000000	0.000000	0.000000	0.000000	0.000000
-0.916080	-0.829540	-0.000000	-0.812166	0.000000	0.000000	0.000000	0.000000	0.000000	0.000000
-0.916041	-0.829539	0.000000	-0.812306	0.000000	0.000000	0.000000	0.000000	0.000000	0.000000
-0.916047	-0.829534	-0.000000	-0.812305	0.000000	0.000000	0.000000	0.000000	0.000000	0.000000
-0.916015	-0.829534	0.000000	-0.812304	0.000000	0.000000	0.000000	0.000000	0.000000	0.000000
-0.916017	-0.829535	-0.000000	-0.811722	0.000000	0.000000	0.000000	0.000000	0.000000	0.000000
-0.916062	-0.829540	0.000000	-0.812303	0.000000	0.000000	0.000000	0.000000	0.000000	0.000000
-0.916053	-0.829534	0.000000	-0.812305	0.000000	0.000000	0.000000	0.000000	0.000000	0.000000
-0.916032	-0.829538	0.000000	-0.812306	0.000000	0.000000	0.000000	0.000000	0.000000	0.000000
-0.916006	-0.829512	0.000000	-0.812306	0.000000	0.000000	0.000000	0.000000	0.000000	0.000000
-0.916066	-0.829535	-0.000000	-0.812294	0.000000	0.000000	0.000000	0.000000	0.000000	0.000000
-0.916021	-0.829551	-0.000000	-0.812306	0.000000	0.000000	0.000000	0.000000	0.000000	0.000000
-0.916068	-0.829541	0.000000	-0.812306	0.000000	0.000000	0.000000	0.000000	0.000000	0.000000
-0.916081	-0.829543	-0.000000	-0.812295	0.000000	0.000000	0.000000	0.000000	0.000000	0.000000
-0.916013	-0.829541	-0.000000	-0.812306	0.000000	0.000000	0.000000	0.000000	0.000000	0.000000
-0.916018	-0.829541	-0.000000	-0.812284	0.000000	0.000000	0.000000	0.000000	0.000000	0.000000
-0.916034	-0.829542	0.000000	-0.812305	0.000000	0.000000	0.000000	0.000000	0.000000	0.000000
-0.916032	-0.829537	-0.000000	-0.812256	0.000000	0.000000	0.000000	0.000000	0.000000	0.000000
-0.916087	-0.829539	0.000000	-0.806457	0.000000	0.000000	0.000000	0.000000	0.000000	0.000000
-0.916026	-0.829548	0.000000	-0.812306	0.000000	0.000000	0.000000	0.000000	0.000000	0.000000
-0.916054	-0.829551	0.000000	-0.812305	0.000000	0.000000	0.000000	0.000000	0.000000	0.000000
-0.916064	-0.829534	-0.000000	-0.812305	0.000000	0.000000	0.000000	0.000000	0.000000	0.000000
-0.916016	-0.829535	0.000000	-0.812306	0.000000	0.000000	0.000000	0.000000	0.000000	0.000000
-0.916010	-0.829549	-0.000000	-0.812199	0.000000	0.000000	0.000000	0.000000	0.000000	0.000000
-0.916031	-0.829545	0.000000	-0.812300	0.000000	0.000000	0.000000	0.000000	0.000000	0.000000
-0.916064	-0.829538	-0.000000	-0.812305	0.000000	0.000000	0.000000	0.000000	0.000000	0.000000
-0.916097	-0.829539	-0.000000	-0.812306	0.000000	0.000000	0.000000	0.000000	0.000000	0.000000
-0.916066	-0.829546	0.000000	-0.812305	0.000000	0.000000	0.000000	0.000000	0.000000	0.000000
-0.916030	-0.829536	-0.000000	-0.812306	0.000000	0.000000	0.000000	0.000000	0.000000	0.000000
-0.916034	-0.829535	-0.000000	-0.812273	0.000000	0.000000	0.000000	0.000000	0.000000	0.000000
-0.916048	-0.829535	0.000000	-0.812306	0.000000	0.000000	0.000000	0.000000	0.000000	0.000000
-0.916022	-0.829540	-0.000000	-0.812302	0.000000	0.000000	0.000000	0.000000	0.000000	0.000000
-0.916076	-0.829533	0.000000	-0.812251	0.000000	0.000000	0.000000	0.000000	0.000000	0.000000
-0.916071	-0.829541	-0.000000	-0.332895	0.000000	0.000000	0.000000	0.000000	0.000000	0.000000
-0.916037	-0.829538	0.000000	-0.812306	0.000000	0.000000	0.000000	0.000000	0.000000	0.000000
-0.916015	-0.829534	-0.000000	-0.812306	0.000000	0.000000	0.000000	0.000000	0.000000	0.000000
-0.916028	-0.829542	0.000000	-0.812306	0.000000	0.000000	0.000000	0.000000	0.000000	0.000000
-0.916034	-0.829543	-0.000000	-0.812303	0.000000	0.000000	0.000000	0.000000	0.000000	0.000000
-0.916012	-0.829541	-0.000000	-0.812306	0.000000	0.000000	0.000000	0.000000	0.000000	0.000000
-0.916069	-0.829540	0.000000	-0.812306	0.000000	0.000000	0.000000	0.000000	0.000000	0.000000
-0.916026	-0.829541	0.000000	-0.812099	0.000000	0.000000	0.000000	0.000000	0.000000	0.000000
-0.916063	-0.829551	-0.000000	-0.812292	0.000000	0.000000	0.000000	0.000000	0.000000	0.000000
-0.916002	-0.829537	0.000000	-0.812306	0.000000	0.000000	0.000000	0.000000	0.000000	0.000000
-0.916050	-0.829537	0.000000	-0.812306	0.000000	0.000000	0.000000	0.000000	0.000000	0.000000
-0.916063	-0.829542	-0.000000	-0.812306	0.000000	0.000000	0.000000	0.000000	0.000000	0.000000
-0.916066	-0.829537	-0.000000	-0.812306	0.000000	0.000000	0.000000	0.000000	0.000000	0.000000
-0.916070	-0.829536	0.000000	-0.812306	0.000000	0.000000	0.000000	0.000000	0.000000	0.000000
-0.916046	-0.829548	-0.000000	-0.812306	0.000000	0.000000	0.000000	0.000000	0.000000	0.000000
-0.916040	-0.829538	-0.000000	-0.812305	0.000000	0.000000	0.000000	0.000000	0.000000	0.000000
-0.916082	-0.829543	0.000000	-0.812306	0.000000	0.000000	0.000000	0.000000	0.000000	0.000000
-0.916049	-0.829548	0.000000	-0.812306	0.000000	0.000000	0.000000	0.000000	0.000000	0.000000
-0.916047	-0.829538	-0.000000	-0.812306	0.000000	0.000000	0.000000	0.000000	0.000000	0.000000
-0.915991	-0.829532	-0.000000	-0.812306	0.000000	0.000000	0.000000	0.000000	0.000000	0.000000
-0.916072	-0.829532	0.000000	-0.812300	0.000000	0.000000	0.000000	0.000000	0.000000	0.000000
-0.916034	-0.829534	0.000000	-0.812306	0.000000	0.000000	0.000000	0.000000	0.000000	0.000000
-0.916027	-0.829538	0.000000	-0.812306	0.000000	0.000000	0.000000	0.000000	0.000000	0.000000
-0.916071	-0.829541	0.000000	-0.812306	0.000000	0.000000	0.000000	0.000000	0.000000	0.000000
-0.916012	-0.829529	0.000000	-0.812306	0.000000	0.000000	0.000000	0.000000	0.000000	0.000000
-0.916053	-0.829544	0.000000	-0.812306	0.000000	0.000000	0.000000	0.000000	0.000000	0.000000
-0.915967	-0.829538	0.000000	-0.812306	0.000000	0.000000	0.000000	0.000000	0.000000	0.000000
-0.916057	-0.829540	0.000000	-0.812306	0.000000	0.000000	0.000000	0.000000	0.000000	0.000000
-0.916055	-0.829535	0.000000	-0.812249	0.000000	0.000000	0.000000	0.000000	0.000000	0.000000
-0.916034	-0.829534	-0.000000	-0.812305	0.000000	0.000000	0.000000	0.000000	0.000000	0.000000
-0.916019	-0.829530	0.000000	-0.812303	0.000000	0.000000	0.000000	0.000000	0.000000	0.000000
-0.916023	-0.829532	0.000000	-0.812299	0.000000	0.000000	0.000000	0.000000	0.000000	0.000000
-0.916085	-0.829543	0.000000	-0.812306	0.000000	0.000000	0.000000	0.000000	0.000000	0.000000
-0.916100	-0.829529	-0.000000	-0.812306	0.000000	0.000000	0.000000	0.000000	0.000000	0.000000
-0.916044	-0.829547	-0.000000	-0.812219	0.000000	0.000000	0.000000	0.000000	0.000000	0.000000
-0.916023	-0.829536	0.000000	-0.812306	0.000000	0.000000	0.000000	0.000000	0.000000	0.000000
-0.916039	-0.829539	0.000000	-0.812287	0.000000	0.000000	0.000000	0.000000	0.000000	0.000000
-0.916059	-0.829520	0.000000	-0.812294	0.000000	0.000000	0.000000	0.000000	0.000000	0.000000
-0.916003	-0.829545	-0.000000	-0.812306	0.000000	0.000000	0.000000	0.000000	0.000000	0.000000
-0.916042	-0.829540	0.000000	-0.812304	0.000000	0.000000	0.000000	0.000000	0.000000	0.000000
-0.916044	-0.829541	0.000000	-0.812306	0.000000	0.000000	0.000000	0.000000	0.000000	0.000000
-0.916062	-0.829534	0.000000	-0.027914	0.000000	0.000000	0.000000	0.000000	0.000000	0.000000
-0.916062	-0.829540	0.000000	-0.812306	0.000000	0.000000	0.000000	0.000000	0.000000	0.000000
-0.916016	-0.829539	0.000000	-0.812305	0.000000	0.000000	0.000000	0.000000	0.000000	0.000000
-0.916039	-0.829537	0.000000	-0.812306	0.000000	0.000000	0.000000	0.000000	0.000000	0.000000
-0.916038	-0.829529	0.000000	-0.757711	0.000000	0.000000	0.000000	0.000000	0.000000	0.000000
-0.916099	-0.829545	0.000000	-0.812303	0.000000	0.000000	0.000000	0.000000	0.000000	0.000000
-0.916069	-0.829542	0.000000	-0.812305	0.000000	0.000000	0.000000	0.000000	0.000000	0.000000
-0.916079	-0.829539	-0.000000	-0.812306	0.000000	0.000000	0.000000	0.000000	0.000000	0.000000
-0.916052	-0.829539	-0.000000	-0.812292	0.000000	0.000000	0.000000	0.000000	0.000000	0.000000
-0.916025	-0.829542	-0.000000	-0.812302	0.000000	0.000000	0.000000	0.000000	0.000000	0.000000
-0.916023	-0.829530	-0.000000	-0.812306	0.000000	0.000000	0.000000	0.000000	0.000000	0.000000
-0.915999	-0.829527	0.000000	-0.812305	0.000000	0.000000	0.000000	0.000000	0.000000	0.000000
-0.916054	-0.829542	0.000000	-0.812299	0.000000	0.000000	0.000000	0.000000	0.000000	0.000000
-0.916008	-0.829548	-0.000000	-0.803924	0.000000	0.000000	0.000000	0.000000	0.000000	0.000000
-0.916082	-0.829532	0.000000	-0.812305	0.000000	0.000000	0.000000	0.000000	0.000000	0.000000
-0.916012	-0.829535	0.000000	-0.812306	0.000000	0.000000	0.000000	0.000000	0.000000	0.000000
-0.916013	-0.829530	0.000000	-0.812306	0.000000	0.000000	0.000000	0.000000	0.000000	0.000000
-0.916007	-0.829546	-0.000000	-0.812306	0.000000	0.000000	0.000000	0.000000	0.000000	0.000000
-0.916059	-0.829539	-0.000000	-0.811548	0.000000	0.000000	0.000000	0.000000	0.000000	0.000000
-0.916051	-0.829535	0.000000	-0.812306	0.000000	0.000000	0.000000	0.000000	0.000000	0.000000
-0.916032	-0.829536	0.000000	-0.812306	0.000000	0.000000	0.000000	0.000000	0.000000	0.000000
-0.916027	-0.829540	-0.000000	-0.812303	0.000000	0.000000	0.000000	0.000000	0.000000	0.000000
-0.916043	-0.829536	-0.000000	-0.812306	0.000000	0.000000	0.000000	0.000000	0.000000	0.000000
-0.916006	-0.829547	0.000000	-0.812306	0.000000	0.000000	0.000000	0.000000	0.000000	0.000000
-0.916031	-0.829547	-0.000000	-0.812103	0.000000	0.000000	0.000000	0.000000	0.000000	0.000000
-0.916058	-0.829542	0.000000	-0.812306	0.000000	0.000000	0.000000	0.000000	0.000000	0.000000
-0.916059	-0.829538	0.000000	-0.812306	0.000000	0.000000	0.000000	0.000000	0.000000	0.000000
-0.916008	-0.829530	-0.000000	-0.812306	0.000000	0.000000	0.000000	0.000000	0.000000	0.000000
-0.916034	-0.827895	-0.000000	-0.812254	0.000000	0.000000	0.000000	0.000000	0.000000	0.000000
-0.916021	-0.829538	-0.000000	-0.812306	0.000000	0.000000	0.000000	0.000000	0.000000	0.000000
-0.916065	-0.829528	-0.000000	-0.812305	0.000000	0.000000	0.000000	0.000000	0.000000	0.000000
-0.916058	-0.829540	-0.000000	-0.812305	0.000000	0.000000	0.000000	0.000000	0.000000	0.000000
-0.916007	-0.829536	-0.000000	-0.812263	0.000000	0.000000	0.000000	0.000000	0.000000	0.000000
-0.916044	-0.829536	0.000000	-0.812248	0.000000	0.000000	0.000000	0.000000	0.000000	0.000000
-0.916054	-0.829538	0.000000	-0.812305	0.000000	0.000000	0.000000	0.000000	0.000000	0.000000
-0.916041	-0.829530	-0.000000	-0.812304	0.000000	0.000000	0.000000	0.000000	0.000000	0.000000
-0.916064	-0.829539	0.000000	-0.812120	0.000000	0.000000	0.000000	0.000000	0.000000	0.000000
-0.915994	-0.829534	0.000000	-0.812113	0.000000	0.000000	0.000000	0.000000	0.000000	0.000000
-0.916048	-0.829540	-0.000000	-0.812305	0.000000	0.000000	0.000000	0.000000	0.000000	0.000000
-0.916059	-0.829538	0.000000	-0.812306	0.000000	0.000000	0.000000	0.000000	0.000000	0.000000
-0.916034	-0.829539	-0.000000	-0.811999	0.000000	0.000000	0.000000	0.000000	0.000000	0.000000
-0.916012	-0.829534	-0.000000	-0.812306	0.000000	0.000000	0.000000	0.000000	0.000000	0.000000
-0.916052	-0.829536	-0.000000	-0.812300	0.000000	0.000000	0.000000	0.000000	0.000000	0.000000
-0.915997	-0.829534	0.000000	-0.812305	0.000000	0.000000	0.000000	0.000000	0.000000	0.000000
-0.916023	-0.829540	0.000000	-0.812306	0.000000	0.000000	0.000000	0.000000	0.000000	0.000000
-0.916040	-0.829538	0.000000	-0.812305	0.000000	0.000000	0.000000	0.000000	0.000000	0.000000
-0.916026	-0.829538	0.000000	-0.812306	0.000000	0.000000	0.000000	0.000000	0.000000	0.000000
-0.916062	-0.829534	0.000000	-0.812304	0.000000	0.000000	0.000000	0.000000	0.000000	0.000000
-0.916002	-0.829536	0.000000	-0.812262	0.000000	0.000000	0.000000	0.000000	0.000000	0.000000
-0.916062	-0.829550	-0.000000	-0.812306	0.000000	0.000000	0.000000	0.000000	0.000000	0.000000
-0.915992	-0.829532	-0.000000	-0.811699	0.000000	0.000000	0.000000	0.000000	0.000000	0.000000
-0.916022	-0.829543	-0.000000	-0.812306	0.000000	0.000000	0.000000	0.000000	0.000000	0.000000
-0.916067	-0.829529	0.000000	-0.807286	0.000000	0.000000	0.000000	0.000000	0.000000	0.000000
-0.916054	-0.829533	0.000000	-0.812306	0.000000	0.000000	0.000000	0.000000	0.000000	0.000000
-0.916047	-0.829540	0.000000	-0.812269	0.000000	0.000000	0.000000	0.000000	0.000000	0.000000
-0.916010	-0.829552	-0.000000	-0.812306	0.000000	0.000000	0.000000	0.000000	0.000000	0.000000
-0.916007	-0.829533	0.000000	-0.812306	0.000000	0.000000	0.000000	0.000000	0.000000	0.000000
-0.916052	-0.829534	-0.000000	-0.812306	0.000000	0.000000	0.000000	0.000000	0.000000	0.000000
-0.916006	-0.829534	0.000000	-0.812305	0.000000	0.000000	0.000000	0.000000	0.000000	0.000000
-0.916067	-0.829545	-0.000000	-0.812279	0.000000	0.000000	0.000000	0.000000	0.000000	0.000000
-0.916053	-0.829540	-0.000000	-0.812306	0.000000	0.000000	0.000000	0.000000	0.000000	0.000000
-0.916081	-0.829549	-0.000000	-0.812303	0.000000	0.000000	0.000000	0.000000	0.000000	0.000000
-0.916021	-0.829537	0.000000	-0.812304	0.000000	0.000000	0.000000	0.000000	0.000000	0.000000
-0.916021	-0.829532	-0.000000	-0.811780	0.000000	0.000000	0.000000	0.000000	0.000000	0.000000
-0.916034	-0.829535	0.000000	-0.811604	0.000000	0.000000	0.000000	0.000000	0.000000	0.000000
-0.916021	-0.829548	0.000000	-0.812306	0.000000	0.000000	0.000000	0.000000	0.000000	0.000000
-0.916041	-0.829539	-0.000000	-0.812306	0.000000	0.000000	0.000000	0.000000	0.000000	0.000000
-0.916033	-0.829540	0.000000	-0.812306	0.000000	0.000000	0.000000	0.000000	0.000000	0.000000
-0.916059	-0.828914	-0.000000	-0.812305	0.000000	0.000000	0.000000	0.000000	0.000000	0.000000
-0.916036	-0.829530	-0.000000	-0.811493	0.000000	0.000000	0.000000	0.000000	0.000000	0.000000
-0.916002	-0.829533	0.000000	-0.812306	0.000000	0.000000	0.000000	0.000000	0.000000	0.000000
-0.916074	-0.829543	0.000000	-0.812305	0.000000	0.000000	0.000000	0.000000	0.000000	0.000000
-0.916038	-0.829537	0.000000	-0.812306	0.000000	0.000000	0.000000	0.000000	0.000000	0.000000
-0.916065	-0.829538	0.000000	-0.812306	0.000000	0.000000	0.000000	0.000000	0.000000	0.000000
-0.916059	-0.829548	0.000000	-0.812208	0.000000	0.000000	0.000000	0.000000	0.000000	0.000000
-0.916050	-0.829540	0.000000	-0.750970	0.000000	0.000000	0.000000	0.000000	0.000000	0.000000
-0.916032	-0.829542	0.000000	-0.812306	0.000000	0.000000	0.000000	0.000000	0.000000	0.000000
-0.916029	-0.829542	0.000000	-0.812296	0.000000	0.000000	0.000000	0.000000	0.000000	0.000000
-0.916015	-0.829537	0.000000	-0.812306	0.000000	0.000000	0.000000	0.000000	0.000000	0.000000
-0.916028	-0.829542	0.000000	-0.812306	0.000000	0.000000	0.000000	0.000000	0.000000	0.000000
-0.916025	-0.829535	-0.000000	-0.812306	0.000000	0.000000	0.000000	0.000000	0.000000	0.000000
-0.916058	-0.829550	0.000000	-0.812306	0.000000	0.000000	0.000000	0.000000	0.000000	0.000000
-0.916033	-0.829532	-0.000000	-0.812305	0.000000	0.000000	0.000000	0.000000	0.000000	0.000000
-0.916107	-0.829539	0.000000	-0.812305	0.000000	0.000000	0.000000	0.000000	0.000000	0.000000
-0.916003	-0.829523	0.000000	-0.812305	0.000000	0.000000	0.000000	0.000000	0.000000	0.000000
-0.916061	-0.829531	-0.000000	-0.812305	0.000000	0.000000	0.000000	0.000000	0.000000	0.000000
-0.916029	-0.829541	0.000000	-0.812304	0.000000	0.000000	0.000000	0.000000	0.000000	0.000000
-0.916045	-0.829547	-0.000000	-0.812306	0.000000	0.000000	0.000000	0.000000	0.000000	0.000000
-0.915996	-0.829531	-0.000000	-0.812306	0.000000	0.000000	0.000000	0.000000	0.000000	0.000000
-0.916017	-0.829539	0.000000	-0.812305	0.000000	0.000000	0.000000	0.000000	0.000000	0.000000
-0.916044	-0.829541	-0.000000	-0.812306	0.000000	0.000000	0.000000	0.000000	0.000000	0.000000
-0.916017	-0.829535	0.000000	-0.812301	0.000000	0.000000	0.000000	0.000000	0.000000	0.000000
-0.916017	-0.829533	0.000000	-0.812305	0.000000	0.000000	0.000000	0.000000	0.000000	0.000000
-0.916063	-0.829455	-0.000000	-0.812306	0.000000	0.000000	0.000000	0.000000	0.000000	0.000000
-0.916073	-0.829534	0.000000	-0.812306	0.000000	0.000000	0.000000	0.000000	0.000000	0.000000
-0.916027	-0.829542	0.000000	-0.812299	0.000000	0.000000	0.000000	0.000000	0.000000	0.000000
-0.916016	-0.829545	-0.000000	-0.812301	0.000000	0.000000	0.000000	0.000000	0.000000	0.000000
-0.916078	-0.829525	-0.000000	-0.812305	0.000000	0.000000	0.000000	0.000000	0.000000	0.000000
-0.916050	-0.829533	-0.000000	-0.812305	0.000000	0.000000	0.000000	0.000000	0.000000	0.000000
-0.916033	-0.829540	0.000000	-0.812306	0.000000	0.000000	0.000000	0.000000	0.000000	0.000000
-0.915987	-0.829538	-0.000000	-0.798537	0.000000	0.000000	0.000000	0.000000	0.000000	0.000000
-0.916060	-0.829535	-0.000000	-0.812306	0.000000	0.000000	0.000000	0.000000	0.000000	0.000000
-0.916023	-0.829543	0.000000	-0.812302	0.000000	0.000000	0.000000	0.000000	0.000000	0.000000
-0.916071	-0.829543	-0.000000	-0.812300	0.000000	0.000000	0.000000	0.000000	0.000000	0.000000
-0.916093	-0.829535	0.000000	-0.812306	0.000000	0.000000	0.000000	0.000000	0.000000	0.000000
-0.916057	-0.829540	0.000000	-0.812271	0.000000	0.000000	0.000000	0.000000	0.000000	0.000000
-0.916024	-0.829542	0.000000	-0.812153	0.000000	0.000000	0.000000	0.000000	0.000000	0.000000
-0.916041	-0.829547	-0.000000	-0.812306	0.000000	0.000000	0.000000	0.000000	0.000000	0.000000
-0.916032	-0.829530	-0.000000	-0.812305	0.000000	0.000000	0.000000	0.000000	0.000000	0.000000
-0.916033	-0.829538	0.000000	-0.812306	0.000000	0.000000	0.000000	0.000000	0.000000	0.000000
-0.916066	-0.829544	0.000000	-0.812203	0.000000	0.000000	0.000000	0.000000	0.000000	0.000000
-0.916017	-0.829537	-0.000000	-0.812306	0.000000	0.000000	0.000000	0.000000	0.000000	0.000000
-0.916096	-0.829537	0.000000	-0.812306	0.000000	0.000000	0.000000	0.000000	0.000000	0.000000
-0.916054	-0.829534	-0.000000	-0.812305	0.000000	0.000000	0.000000	0.000000	0.000000	0.000000
-0.916019	-0.829542	-0.000000	-0.812305	0.000000	0.000000	0.000000	0.000000	0.000000	0.000000
-0.916027	-0.829535	-0.000000	-0.812305	0.000000	0.000000	0.000000	0.000000	0.000000	0.000000
-0.916018	-0.829543	-0.000000	-0.812306	0.000000	0.000000	0.000000	0.000000	0.000000	0.000000
-0.916058	-0.829543	0.000000	-0.812306	0.000000	0.000000	0.000000	0.000000	0.000000	0.000000
-0.916097	-0.829534	0.000000	-0.812305	0.000000	0.000000	0.000000	0.000000	0.000000	0.000000
-0.916043	-0.829546	0.000000	-0.812300	0.000000	0.000000	0.000000	0.000000	0.000000	0.000000
-0.916025	-0.829537	-0.000000	-0.812305	0.000000	0.000000	0.000000	0.000000	0.000000	0.000000
-0.916009	-0.829543	-0.000000	-0.812300	0.000000	0.000000	0.000000	0.000000	0.000000	0.000000
-0.916034	-0.829534	0.000000	-0.812299	0.000000	0.000000	0.000000	0.000000	0.000000	0.000000
-0.916023	-0.829529	-0.000000	-0.811592	0.000000	0.000000	0.000000	0.000000	0.000000	0.000000
-0.916011	-0.829533	-0.000000	-0.812306	0.000000	0.000000	0.000000	0.000000	0.000000	0.000000
-0.916058	-0.829538	0.000000	-0.812301	0.000000	0.000000	0.000000	0.000000	0.000000	0.000000
-0.916037	-0.829541	-0.000000	-0.812294	0.000000	0.000000	0.000000	0.000000	0.000000	0.000000
-0.916026	-0.829531	0.000000	-0.812303	0.000000	0.000000	0.000000	0.000000	0.000000	0.000000
-0.916004	-0.829537	0.000000	-0.812306	0.000000	0.000000	0.000000	0.000000	0.000000	0.000000
-0.916031	-0.829543	-0.000000	-0.812306	0.000000	0.000000	0.000000	0.000000	0.000000	0.000000
-0.916000	-0.829537	0.000000	-0.812306	0.000000	0.000000	0.000000	0.000000	0.000000	0.000000
-0.916087	-0.829540	0.000000	-0.812306	0.000000	0.000000	0.000000	0.000000	0.000000	0.000000
-0.916027	-0.829543	0.000000	-0.812306	0.000000	0.000000	0.000000	0.000000	0.000000	0.000000
-0.916090	-0.829537	0.000000	-0.812306	0.000000	0.000000	0.000000	0.000000	0.000000	0.000000
-0.916003	-0.829533	-0.000000	-0.812305	0.000000	0.000000	0.000000	0.000000	0.000000	0.000000
-0.916091	-0.829543	0.000000	-0.812306	0.000000	0.000000	0.000000	0.000000	0.000000	0.000000
-0.916039	-0.829544	0.000000	-0.812306	0.000000	0.000000	0.000000	0.000000	0.000000	0.000000
-0.916039	-0.829532	0.000000	-0.812294	0.000000	0.000000	0.000000	0.000000	0.000000	0.000000
-0.916034	-0.829541	0.000000	-0.812301	0.000000	0.000000	0.000000	0.000000	0.000000	0.000000
-0.916003	-0.829533	0.000000	-0.812306	0.000000	0.000000	0.000000	0.000000	0.000000	0.000000
-0.916026	-0.829538	0.000000	-0.812306	0.000000	0.000000	0.000000	0.000000	0.000000	0.000000
-0.916061	-0.829537	-0.000000	-0.812305	0.000000	0.000000	0.000000	0.000000	0.000000	0.000000
-0.916077	-0.829539	0.000000	-0.811257	0.000000	0.000000	0.000000	0.000000	0.000000	0.000000
-0.916051	-0.829532	0.000000	-0.812305	0.000000	0.000000	0.000000	0.000000	0.000000	0.000000
-0.916075	-0.829532	-0.000000	-0.812306	0.000000	0.000000	0.000000	0.000000	0.000000	0.000000
-0.916006	-0.829539	0.000000	-0.812303	0.000000	0.000000	0.000000	0.000000	0.000000	0.000000
-0.916023	-0.829532	-0.000000	-0.812306	0.000000	0.000000	0.000000	0.000000	0.000000	0.000000
-0.916051	-0.829536	-0.000000	-0.811922	0.000000	0.000000	0.000000	0.000000	0.000000	0.000000
-0.916040	-0.829536	0.000000	-0.812305	0.000000	0.000000	0.000000	0.000000	0.000000	0.000000
-0.916022	-0.829542	-0.000000	-0.812306	0.000000	0.000000	0.000000	0.000000	0.000000	0.000000
-0.915960	-0.828093	0.000000	-0.000009	0.000000	0.000000	0.000000	0.000000	0.000000	0.000000
-0.916038	-0.829535	0.000000	0.806539	0.000000	0.000000	0.000000	0.000000	0.000000	0.000000
-0.916056	-0.829543	0.000000	0.806539	0.000000	0.000000	0.000000	0.000000	0.000000	0.000000
-0.916032	-0.829535	0.000000	0.806302	0.000000	0.000000	0.000000	0.000000	0.000000	0.000000
-0.916035	-0.829545	0.000000	0.806539	0.000000	0.000000	0.000000	0.000000	0.000000	0.000000
-0.916030	-0.829532	0.000000	0.806530	0.000000	0.000000	0.000000	0.000000	0.000000	0.000000
-0.916040	-0.828443	-0.000000	0.805543	0.000000	0.000000	0.000000	0.000000	0.000000	0.000000
-0.916023	-0.829536	-0.000000	0.806534	0.000000	0.000000	0.000000	0.000000	0.000000	0.000000
-0.916034	-0.829544	-0.000000	0.806539	0.000000	0.000000	0.000000	0.000000	0.000000	0.000000
-0.916048	-0.829538	0.000000	0.806535	0.000000	0.000000	0.000000	0.000000	0.000000	0.000000
-0.916048	-0.829535	0.000000	0.806538	0.000000	0.000000	0.000000	0.000000	0.000000	0.000000
-0.915998	-0.829530	-0.000000	0.806539	0.000000	0.000000	0.000000	0.000000	0.000000	0.000000
-0.915980	-0.829533	0.000000	0.806539	0.000000	0.000000	0.000000	0.000000	0.000000	0.000000
-0.916079	-0.829533	-0.000000	0.806539	0.000000	0.000000	0.000000	0.000000	0.000000	0.000000
-0.916062	-0.829537	0.000000	0.806539	0.000000	0.000000	0.000000	0.000000	0.000000	0.000000
-0.916052	-0.829549	-0.000000	0.806537	0.000000	0.000000	0.000000	0.000000	0.000000	0.000000
-0.916007	-0.829538	0.000000	0.806538	0.000000	0.000000	0.000000	0.000000	0.000000	0.000000
-0.915999	-0.829538	0.000000	0.806539	0.000000	0.000000	0.000000	0.000000	0.000000	0.000000
-0.916037	-0.829542	0.000000	0.806539	0.000000	0.000000	0.000000	0.000000	0.000000	0.000000
-0.916007	-0.829538	-0.000000	0.804907	0.000000	0.000000	0.000000	0.000000	0.000000	0.000000
-0.916042	-0.829539	0.000000	0.806539	0.000000	0.000000	0.000000	0.000000	0.000000	0.000000
-0.916049	-0.829539	-0.000000	0.806539	0.000000	0.000000	0.000000	0.000000	0.000000	0.000000
-0.916065	-0.829541	-0.000000	0.806473	0.000000	0.000000	0.000000	0.000000	0.000000	0.000000
-0.916006	-0.829537	0.000000	0.806539	0.000000	0.000000	0.000000	0.000000	0.000000	0.000000
-0.916001	-0.829538	0.000000	0.806539	0.000000	0.000000	0.000000	0.000000	0.000000	0.000000
-0.916068	-0.829540	-0.000000	0.806539	0.000000	0.000000	0.000000	0.000000	0.000000	0.000000
-0.916067	-0.829539	0.000000	0.806539	0.000000	0.000000	0.000000	0.000000	0.000000	0.000000
-0.916034	-0.829543	-0.000000	0.806537	0.000000	0.000000	0.000000	0.000000	0.000000	0.000000
-0.916037	-0.829541	-0.000000	0.806539	0.000000	0.000000	0.000000	0.000000	0.000000	0.000000
-0.916052	-0.829533	-0.000000	0.806435	0.000000	0.000000	0.000000	0.000000	0.000000	0.000000
-0.916012	-0.829542	-0.000000	0.806539	0.000000	0.000000	0.000000	0.000000	0.000000	0.000000
-0.916019	-0.829547	0.000000	0.796780	0.000000	0.000000	0.000000	0.000000	0.000000	0.000000
-0.916039	-0.829544	0.000000	0.806211	0.000000	0.000000	0.000000	0.000000	0.000000	0.000000
-0.916049	-0.829538	-0.000000	0.806539	0.000000	0.000000	0.000000	0.000000	0.000000	0.000000
-0.915985	-0.829526	-0.000000	0.806539	0.000000	0.000000	0.000000	0.000000	0.000000	0.000000
-0.916018	-0.829536	-0.000000	0.806538	0.000000	0.000000	0.000000	0.000000	0.000000	0.000000
-0.916030	-0.829541	-0.000000	0.806539	0.000000	0.000000	0.000000	0.000000	0.000000	0.000000
-0.916071	-0.829550	-0.000000	0.806360	0.000000	0.000000	0.000000	0.000000	0.000000	0.000000
-0.916077	-0.829552	0.000000	0.806537	0.000000	0.000000	0.000000	0.000000	0.000000	0.000000
-0.916046	-0.829534	-0.000000	0.806539	0.000000	0.000000	0.000000	0.000000	0.000000	0.000000
-0.916015	-0.829537	-0.000000	0.806538	0.000000	0.000000	0.000000	0.000000	0.000000	0.000000
-0.916019	-0.829530	-0.000000	0.806537	0.000000	0.000000	0.000000	0.000000	0.000000	0.000000
-0.916029	-0.829542	0.000000	0.806538	0.000000	0.000000	0.000000	0.000000	0.000000	0.000000
-0.916014	-0.829530	-0.000000	0.806539	0.000000	0.000000	0.000000	0.000000	0.000000	0.000000
-0.916030	-0.829538	-0.000000	0.806538	0.000000	0.000000	0.000000	0.000000	0.000000	0.000000
-0.916079	-0.829475	0.000000	0.806538	0.000000	0.000000	0.000000	0.000000	0.000000	0.000000
-0.916031	-0.829537	-0.000000	0.806539	0.000000	0.000000	0.000000	0.000000	0.000000	0.000000
-0.916064	-0.829539	0.000000	0.806440	0.000000	0.000000	0.000000	0.000000	0.000000	0.000000
-0.916045	-0.829531	-0.000000	0.806539	0.000000	0.000000	0.000000	0.000000	0.000000	0.000000
-0.916047	-0.829542	0.000000	0.806539	0.000000	0.000000	0.000000	0.000000	0.000000	0.000000
-0.916015	-0.829540	-0.000000	0.806539	0.000000	0.000000	0.000000	0.000000	0.000000	0.000000
-0.916050	-0.829540	0.000000	0.806539	0.000000	0.000000	0.000000	0.000000	0.000000	0.000000
-0.916007	-0.829533	-0.000000	0.805213	0.000000	0.000000	0.000000	0.000000	0.000000	0.000000
-0.916049	-0.829538	-0.000000	0.805850	0.000000	0.000000	0.000000	0.000000	0.000000	0.000000
-0.916078	-0.829545	0.000000	0.798692	0.000000	0.000000	0.000000	0.000000	0.000000	0.000000
-0.916025	-0.829530	-0.000000	0.806532	0.000000	0.000000	0.000000	0.000000	0.000000	0.000000
-0.915995	-0.829537	-0.000000	0.806539	0.000000	0.000000	0.000000	0.000000	0.000000	0.000000
-0.916037	-0.829540	-0.000000	0.806538	0.000000	0.000000	0.000000	0.000000	0.000000	0.000000
-0.916084	-0.829546	-0.000000	0.806539	0.000000	0.000000	0.000000	0.000000	0.000000	0.000000
-0.916061	-0.829537	0.000000	0.806539	0.000000	0.000000	0.000000	0.000000	0.000000	0.000000
-0.916066	-0.829536	0.000000	0.806539	0.000000	0.000000	0.000000	0.000000	0.000000	0.000000
-0.916027	-0.829537	0.000000	0.806539	0.000000	0.000000	0.000000	0.000000	0.000000	0.000000
-0.916016	-0.829534	-0.000000	0.806539	0.000000	0.000000	0.000000	0.000000	0.000000	0.000000
-0.916079	-0.829540	-0.000000	0.806511	0.000000	0.000000	0.000000	0.000000	0.000000	0.000000
-0.916043	-0.829500	0.000000	0.801808	0.000000	0.000000	0.000000	0.000000	0.000000	0.000000
-0.916012	-0.829537	0.000000	0.806539	0.000000	0.000000	0.000000	0.000000	0.000000	0.000000
-0.916054	-0.829537	-0.000000	0.806539	0.000000	0.000000	0.000000	0.000000	0.000000	0.000000
-0.916007	-0.829533	-0.000000	0.806539	0.000000	0.000000	0.000000	0.000000	0.000000	0.000000
-0.916064	-0.829541	0.000000	0.806539	0.000000	0.000000	0.000000	0.000000	0.000000	0.000000
-0.916076	-0.829539	0.000000	0.806538	0.000000	0.000000	0.000000	0.000000	0.000000	0.000000
-0.916033	-0.829530	0.000000	0.806539	0.000000	0.000000	0.000000	0.000000	0.000000	0.000000
-0.916048	-0.829536	-0.000000	0.806344	0.000000	0.000000	0.000000	0.000000	0.000000	0.000000
-0.916007	-0.771541	-0.000000	0.806539	0.000000	0.000000	0.000000	0.000000	0.000000	0.000000
-0.916061	-0.829520	0.000000	0.806539	0.000000	0.000000	0.000000	0.000000	0.000000	0.000000
-0.915981	-0.829535	-0.000000	0.806539	0.000000	0.000000	0.000000	0.000000	0.000000	0.000000
-0.916068	-0.829530	0.000000	0.806539	0.000000	0.000000	0.000000	0.000000	0.000000	0.000000
-0.916013	-0.829539	0.000000	0.805528	0.000000	0.000000	0.000000	0.000000	0.000000	0.000000
-0.916036	-0.829530	0.000000	0.806535	0.000000	0.000000	0.000000	0.000000	0.000000	0.000000
-0.916014	-0.829530	-0.000000	0.806539	0.000000	0.000000	0.000000	0.000000	0.000000	0.000000
-0.916018	-0.829533	0.000000	0.806539	0.000000	0.000000	0.000000	0.000000	0.000000	0.000000
-0.916009	-0.829538	0.000000	0.806531	0.000000	0.000000	0.000000	0.000000	0.000000	0.000000
-0.916065	-0.829536	-0.000000	0.806539	0.000000	0.000000	0.000000	0.000000	0.000000	0.000000
-0.916035	-0.829540	-0.000000	0.806539	0.000000	0.000000	0.000000	0.000000	0.000000	0.000000
-0.916063	-0.829532	-0.000000	0.806537	0.000000	0.000000	0.000000	0.000000	0.000000	0.000000
-0.916042	-0.829541	-0.000000	0.806539	0.000000	0.000000	0.000000	0.000000	0.000000	0.000000
-0.916063	-0.829539	0.000000	0.806539	0.000000	0.000000	0.000000	0.000000	0.000000	0.000000
-0.916087	-0.829534	0.000000	0.806539	0.000000	0.000000	0.000000	0.000000	0.000000	0.000000
-0.916041	-0.829536	0.000000	0.806535	0.000000	0.000000	0.000000	0.000000	0.000000	0.000000
-0.916034	-0.829543	-0.000000	0.806507	0.000000	0.000000	0.000000	0.000000	0.000000	0.000000
-0.916050	-0.829530	0.000000	0.806539	0.000000	0.000000	0.000000	0.000000	0.000000	0.000000
-0.916040	-0.829548	-0.000000	0.806538	0.000000	0.000000	0.000000	0.000000	0.000000	0.000000
-0.916010	-0.829541	-0.000000	0.806539	0.000000	0.000000	0.000000	0.000000	0.000000	0.000000
-0.916064	-0.829543	-0.000000	0.800061	0.000000	0.000000	0.000000	0.000000	0.000000	0.000000
-0.916067	-0.829542	-0.000000	0.806539	0.000000	0.000000	0.000000	0.000000	0.000000	0.000000
-0.916068	-0.829524	-0.000000	0.806539	0.000000	0.000000	0.000000	0.000000	0.000000	0.000000
-0.916082	-0.829539	0.000000	0.806539	0.000000	0.000000	0.000000	0.000000	0.000000	0.000000
-0.916078	-0.829546	-0.000000	0.806539	0.000000	0.000000	0.000000	0.000000	0.000000	0.000000
-0.916070	-0.829506	-0.000000	0.806539	0.000000	0.000000	0.000000	0.000000	0.000000	0.000000
-0.916030	-0.829542	0.000000	0.806539	0.000000	0.000000	0.000000	0.000000	0.000000	0.000000
-0.916044	-0.829538	0.000000	0.806538	0.000000	0.000000	0.000000	0.000000	0.000000	0.000000
-0.916083	-0.829529	-0.000000	0.806519	0.000000	0.000000	0.000000	0.000000	0.000000	0.000000
-0.916011	-0.829540	0.000000	0.806539	0.000000	0.000000	0.000000	0.000000	0.000000	0.000000
-0.916071	-0.829545	0.000000	0.806539	0.000000	0.000000	0.000000	0.000000	0.000000	0.000000
-0.916034	-0.829541	0.000000	0.806523	0.000000	0.000000	0.000000	0.000000	0.000000	0.000000
-0.916013	-0.829537	0.000000	0.806539	0.000000	0.000000	0.000000	0.000000	0.000000	0.000000
-0.916053	-0.829540	-0.000000	0.806539	0.000000	0.000000	0.000000	0.000000	0.000000	0.000000
-0.916020	-0.829535	-0.000000	0.806539	0.000000	0.000000	0.000000	0.000000	0.000000	0.000000
-0.916019	-0.829536	-0.000000	0.806539	0.000000	0.000000	0.000000	0.000000	0.000000	0.000000
-0.916074	-0.829534	-0.000000	0.806539	0.000000	0.000000	0.000000	0.000000	0.000000	0.000000
-0.916031	-0.829534	0.000000	0.806539	0.000000	0.000000	0.000000	0.000000	0.000000	0.000000
-0.916052	-0.829539	0.000000	0.806508	0.000000	0.000000	0.000000	0.000000	0.000000	0.000000
-0.916029	-0.829541	-0.000000	0.806539	0.000000	0.000000	0.000000	0.000000	0.000000	0.000000
-0.916012	-0.829546	0.000000	0.806535	0.000000	0.000000	0.000000	0.000000	0.000000	0.000000
-0.916012	-0.829547	0.000000	0.806539	0.000000	0.000000	0.000000	0.000000	0.000000	0.000000
-0.916029	-0.829542	0.000000	0.806539	0.000000	0.000000	0.000000	0.000000	0.000000	0.000000
-0.916050	-0.829494	0.000000	0.806539	0.000000	0.000000	0.000000	0.000000	0.000000	0.000000
-0.916071	-0.829534	0.000000	0.806539	0.000000	0.000000	0.000000	0.000000	0.000000	0.000000
-0.916051	-0.829534	0.000000	0.806333	0.000000	0.000000	0.000000	0.000000	0.000000	0.000000
-0.916091	-0.829539	-0.000000	0.806533	0.000000	0.000000	0.000000	0.000000	0.000000	0.000000
-0.916044	-0.829541	0.000000	0.806536	0.000000	0.000000	0.000000	0.000000	0.000000	0.000000
-0.916011	-0.829547	0.000000	0.802258	0.000000	0.000000	0.000000	0.000000	0.000000	0.000000
-0.916006	-0.829540	-0.000000	0.806531	0.000000	0.000000	0.000000	0.000000	0.000000	0.000000
-0.916026	-0.829541	0.000000	0.806528	0.000000	0.000000	0.000000	0.000000	0.000000	0.000000
-0.916058	-0.829539	0.000000	0.806539	0.000000	0.000000	0.000000	0.000000	0.000000	0.000000
-0.916038	-0.829539	0.000000	0.806539	0.000000	0.000000	0.000000	0.000000	0.000000	0.000000
-0.916079	-0.829382	0.000000	0.806538	0.000000	0.000000	0.000000	0.000000	0.000000	0.000000
-0.916064	-0.829536	0.000000	0.801960	0.000000	0.000000	0.000000	0.000000	0.000000	0.000000
-0.916057	-0.829535	0.000000	0.806539	0.000000	0.000000	0.000000	0.000000	0.000000	0.000000
-0.916026	-0.829535	-0.000000	0.806539	0.000000	0.000000	0.000000	0.000000	0.000000	0.000000
-0.915981	-0.829530	-0.000000	0.806536	0.000000	0.000000	0.000000	0.000000	0.000000	0.000000
-0.916046	-0.829533	-0.000000	0.806483	0.000000	0.000000	0.000000	0.000000	0.000000	0.000000
-0.916049	-0.829539	0.000000	0.806539	0.000000	0.000000	0.000000	0.000000	0.000000	0.000000
-0.916027	-0.829544	0.000000	0.806468	0.000000	0.000000	0.000000	0.000000	0.000000	0.000000
-0.916026	-0.829537	-0.000000	0.806539	0.000000	0.000000	0.000000	0.000000	0.000000	0.000000
-0.916039	-0.829533	0.000000	0.806539	0.000000	0.000000	0.000000	0.000000	0.000000	0.000000
-0.916001	-0.829541	0.000000	0.806539	0.000000	0.000000	0.000000	0.000000	0.000000	0.000000
-0.916067	-0.829543	0.000000	0.806533	0.000000	0.000000	0.000000	0.000000	0.000000	0.000000
-0.915975	-0.829538	0.000000	0.806535	0.000000	0.000000	0.000000	0.000000	0.000000	0.000000
-0.916015	-0.829544	0.000000	0.806530	0.000000	0.000000	0.000000	0.000000	0.000000	0.000000
-0.916018	-0.829524	0.000000	0.806539	0.000000	0.000000	0.000000	0.000000	0.000000	0.000000
-0.916021	-0.829544	0.000000	0.806536	0.000000	0.000000	0.000000	0.000000	0.000000	0.000000
-0.916056	-0.829546	0.000000	0.806539	0.000000	0.000000	0.000000	0.000000	0.000000	0.000000
-0.916009	-0.829538	0.000000	0.806539	0.000000	0.000000	0.000000	0.000000	0.000000	0.000000
-0.916059	-0.829540	0.000000	0.806520	0.000000	0.000000	0.000000	0.000000	0.000000	0.000000
-0.916029	-0.829543	0.000000	0.806539	0.000000	0.000000	0.000000	0.000000	0.000000	0.000000
-0.916076	-0.829531	-0.000000	0.806539	0.000000	0.000000	0.000000	0.000000	0.000000	0.000000
-0.916052	-0.829541	-0.000000	0.806539	0.000000	0.000000	0.000000	0.000000	0.000000	0.000000
-0.916062	-0.829541	-0.000000	0.806539	0.000000	0.000000	0.000000	0.000000	0.000000	0.000000
-0.916070	-0.829542	0.000000	0.806539	0.000000	0.000000	0.000000	0.000000	0.000000	0.000000
-0.916060	-0.829536	-0.000000	0.806539	0.000000	0.000000	0.000000	0.000000	0.000000	0.000000
-0.916024	-0.829537	0.000000	0.806539	0.000000	0.000000	0.000000	0.000000	0.000000	0.000000
-0.915992	-0.829527	-0.000000	0.806538	0.000000	0.000000	0.000000	0.000000	0.000000	0.000000
-0.916036	-0.829537	-0.000000	0.806539	0.000000	0.000000	0.000000	0.000000	0.000000	0.000000
-0.916051	-0.829533	-0.000000	0.806537	0.000000	0.000000	0.000000	0.000000	0.000000	0.000000
-0.915982	-0.829534	-0.000000	0.806512	0.000000	0.000000	0.000000	0.000000	0.000000	0.000000
-0.916070	-0.829543	-0.000000	0.806539	0.000000	0.000000	0.000000	0.000000	0.000000	0.000000
-0.916042	-0.829541	-0.000000	0.806539	0.000000	0.000000	0.000000	0.000000	0.000000	0.000000
-0.916022	-0.829541	-0.000000	0.805844	0.000000	0.000000	0.000000	0.000000	0.000000	0.000000
-0.916037	-0.829546	0.000000	0.806533	0.000000	0.000000	0.000000	0.000000	0.000000	0.000000
-0.916049	-0.829538	-0.000000	0.797523	0.000000	0.000000	0.000000	0.000000	0.000000	0.000000
-0.916087	-0.829543	-0.000000	0.806539	0.000000	0.000000	0.000000	0.000000	0.000000	0.000000
-0.916026	-0.829532	0.000000	0.806453	0.000000	0.000000	0.000000	0.000000	0.000000	0.000000
-0.916000	-0.829534	0.000000	0.806532	0.000000	0.000000	0.000000	0.000000	0.000000	0.000000
-0.916017	-0.829537	-0.000000	0.806539	0.000000	0.000000	0.000000	0.000000	0.000000	0.000000
-0.916060	-0.829550	0.000000	0.806529	0.000000	0.000000	0.000000	0.000000	0.000000	0.000000
-0.916011	-0.829533	-0.000000	0.806006	0.000000	0.000000	0.000000	0.000000	0.000000	0.000000
-0.916096	-0.829532	0.000000	0.806530	0.000000	0.000000	0.000000	0.000000	0.000000	0.000000
-0.916006	-0.829537	0.000000	0.806539	0.000000	0.000000	0.000000	0.000000	0.000000	0.000000
-0.916030	-0.829542	0.000000	0.806536	0.000000	0.000000	0.000000	0.000000	0.000000	0.000000
-0.916030	-0.829546	0.000000	0.806537	0.000000	0.000000	0.000000	0.000000	0.000000	0.000000
-0.916039	-0.829533	-0.000000	0.806539	0.000000	0.000000	0.000000	0.000000	0.000000	0.000000
-0.916041	-0.829545	0.000000	0.806539	0.000000	0.000000	0.000000	0.000000	0.000000	0.000000
-0.916064	-0.829546	0.000000	0.806522	0.000000	0.000000	0.000000	0.000000	0.000000	0.000000
-0.916051	-0.829533	-0.000000	0.806539	0.000000	0.000000	0.000000	0.000000	0.000000	0.000000
-0.916029	-0.829541	-0.000000	0.806539	0.000000	0.000000	0.000000	0.000000	0.000000	0.000000
-0.916025	-0.829533	0.000000	0.806539	0.000000	0.000000	0.000000	0.000000	0.000000	0.000000
-0.916066	-0.829543	0.000000	0.806537	0.000000	0.000000	0.000000	0.000000	0.000000	0.000000
-0.916034	-0.829525	0.000000	0.806539	0.000000	0.000000	0.000000	0.000000	0.000000	0.000000
-0.916066	-0.829534	0.000000	0.749939	0.000000	0.000000	0.000000	0.000000	0.000000	0.000000
-0.916050	-0.829538	0.000000	0.806534	0.000000	0.000000	0.000000	0.000000	0.000000	0.000000
-0.916057	-0.829532	-0.000000	0.806538	0.000000	0.000000	0.000000	0.000000	0.000000	0.000000
-0.916043	-0.829540	0.000000	0.806536	0.000000	0.000000	0.000000	0.000000	0.000000	0.000000
-0.916035	-0.829548	0.000000	0.806539	0.000000	0.000000	0.000000	0.000000	0.000000	0.000000
-0.916000	-0.829537	-0.000000	0.806539	0.000000	0.000000	0.000000	0.000000	0.000000	0.000000
-0.916034	-0.829534	-0.000000	0.806534	0.000000	0.000000	0.000000	0.000000	0.000000	0.000000
-0.916098	-0.829550	0.000000	0.806539	0.000000	0.000000	0.000000	0.000000	0.000000	0.000000
-0.916014	-0.829530	0.000000	0.806539	0.000000	0.000000	0.000000	0.000000	0.000000	0.000000
-0.916059	-0.829530	0.000000	0.806539	0.000000	0.000000	0.000000	0.000000	0.000000	0.000000
-0.916031	-0.829549	0.000000	0.806539	0.000000	0.000000	0.000000	0.000000	0.000000	0.000000
-0.916067	-0.829525	-0.000000	0.806539	0.000000	0.000000	0.000000	0.000000	0.000000	0.000000
-0.916069	-0.829540	0.000000	0.805259	0.000000	0.000000	0.000000	0.000000	0.000000	0.000000
-0.916065	-0.829531	-0.000000	0.806445	0.000000	0.000000	0.000000	0.000000	0.000000	0.000000
-0.916053	-0.829541	-0.000000	0.806539	0.000000	0.000000	0.000000	0.000000	0.000000	0.000000
-0.916027	-0.829537	0.000000	0.806539	0.000000	0.000000	0.000000	0.000000	0.000000	0.000000
-0.916061	-0.829530	0.000000	0.806508	0.000000	0.000000	0.000000	0.000000	0.000000	0.000000
-0.916055	-0.827603	0.000000	0.806539	0.000000	0.000000	0.000000	0.000000	0.000000	0.000000
-0.915997	-0.829532	0.000000	0.806539	0.000000	0.000000	0.000000	0.000000	0.000000	0.000000
-0.916054	-0.829532	0.000000	0.806538	0.000000	0.000000	0.000000	0.000000	0.000000	0.000000
-0.916052	-0.829546	-0.000000	0.806538	0.000000	0.000000	0.000000	0.000000	0.000000	0.000000
-0.916074	-0.829536	0.000000	0.806539	0.000000	0.000000	0.000000	0.000000	0.000000	0.000000
-0.916065	-0.829543	0.000000	0.806538	0.000000	0.000000	0.000000	0.000000	0.000000	0.000000
-0.916071	-0.829546	-0.000000	0.805875	0.000000	0.000000	0.000000	0.000000	0.000000	0.000000
-0.916050	-0.829543	0.000000	0.806539	0.000000	0.000000	0.000000	0.000000	0.000000	0.000000
-0.916015	-0.829540	0.000000	0.806538	0.000000	0.000000	0.000000	0.000000	0.000000	0.000000
-0.916072	-0.829533	0.000000	0.804460	0.000000	0.000000	0.000000	0.000000	0.000000	0.000000
-0.916009	-0.829541	0.000000	0.806539	0.000000	0.000000	0.000000	0.000000	0.000000	0.000000
-0.915989	-0.829535	0.000000	0.806329	0.000000	0.000000	0.000000	0.000000	0.000000	0.000000
-0.916026	-0.829544	-0.000000	0.806515	0.000000	0.000000	0.000000	0.000000	0.000000	0.000000
-0.916079	-0.829530	0.000000	0.806515	0.000000	0.000000	0.000000	0.000000	0.000000	0.000000
-0.916061	-0.829525	0.000000	0.806439	0.000000	0.000000	0.000000	0.000000	0.000000	0.000000
-0.916038	-0.829541	0.000000	0.806531	0.000000	0.000000	0.000000	0.000000	0.000000	0.000000
-0.916065	-0.829539	-0.000000	0.806539	0.000000	0.000000	0.000000	0.000000	0.000000	0.000000
-0.916047	-0.829541	-0.000000	0.806539	0.000000	0.000000	0.000000	0.000000	0.000000	0.000000
-0.915987	-0.829534	-0.000000	0.806538	0.000000	0.000000	0.000000	0.000000	0.000000	0.000000
-0.916110	-0.829541	-0.000000	0.806539	0.000000	0.000000	0.000000	0.000000	0.000000	0.000000
-0.916003	-0.829538	-0.000000	0.806539	0.000000	0.000000	0.000000	0.000000	0.000000	0.000000
-0.916024	-0.829543	-0.000000	0.806539	0.000000	0.000000	0.000000	0.000000	0.000000	0.000000
-0.916016	-0.829535	-0.000000	0.806472	0.000000	0.000000	0.000000	0.000000	0.000000	0.000000
-0.916031	-0.829530	0.000000	0.806539	0.000000	0.000000	0.000000	0.000000	0.000000	0.000000
-0.916079	-0.829539	-0.000000	0.806533	0.000000	0.000000	0.000000	0.000000	0.000000	0.000000
-0.916073	-0.829541	0.000000	0.806248	0.000000	0.000000	0.000000	0.000000	0.000000	0.000000
-0.916057	-0.829514	0.000000	0.806537	0.000000	0.000000	0.000000	0.000000	0.000000	0.000000
-0.916047	-0.829540	-0.000000	0.806539	0.000000	0.000000	0.000000	0.000000	0.000000	0.000000
-0.916105	-0.829542	-0.000000	0.806539	0.000000	0.000000	0.000000	0.000000	0.000000	0.000000
-0.916016	-0.829540	-0.000000	0.806534	0.000000	0.000000	0.000000	0.000000	0.000000	0.000000
-0.916049	-0.829541	-0.000000	0.806539	0.000000	0.000000	0.000000	0.000000	0.000000	0.000000
-0.916038	-0.829533	-0.000000	0.806539	0.000000	0.000000	0.000000	0.000000	0.000000	0.000000
-0.916024	-0.829545	-0.000000	0.806539	0.000000	0.000000	0.000000	0.000000	0.000000	0.000000
-0.916085	-0.829537	-0.000000	0.805796	0.000000	0.000000	0.000000	0.000000	0.000000	0.000000
-0.916103	-0.829538	0.000000	0.806538	0.000000	0.000000	0.000000	0.000000	0.000000	0.000000
-0.916052	-0.829534	0.000000	0.806539	0.000000	0.000000	0.000000	0.000000	0.000000	0.000000
-0.916040	-0.828979	0.000000	0.806539	0.000000	0.000000	0.000000	0.000000	0.000000	0.000000
-0.916003	-0.829538	0.000000	0.806539	0.000000	0.000000	0.000000	0.000000	0.000000	0.000000
-0.916039	-0.829536	0.000000	0.806412	0.000000	0.000000	0.000000	0.000000	0.000000	0.000000
-0.916044	-0.829541	0.000000	0.806539	0.000000	0.000000	0.000000	0.000000	0.000000	0.000000
-0.916014	-0.829525	0.000000	0.806470	0.000000	0.000000	0.000000	0.000000	0.000000	0.000000
-0.915988	-0.829544	-0.000000	0.806539	0.000000	0.000000	0.000000	0.000000	0.000000	0.000000
-0.916017	-0.829545	-0.000000	0.806539	0.000000	0.000000	0.000000	0.000000	0.000000	0.000000
-0.916040	-0.829538	0.000000	0.805714	0.000000	0.000000	0.000000	0.000000	0.000000	0.000000
-0.916016	-0.829542	0.000000	0.806539	0.000000	0.000000	0.000000	0.000000	0.000000	0.000000
-0.916056	-0.829533	0.000000	0.806537	0.000000	0.000000	0.000000	0.000000	0.000000	0.000000
-0.916012	-0.829541	-0.000000	0.806539	0.000000	0.000000	0.000000	0.000000	0.000000	0.000000
-0.916031	-0.829543	-0.000000	0.806539	0.000000	0.000000	0.000000	0.000000	0.000000	0.000000
-0.916098	-0.829545	0.000000	0.806538	0.000000	0.000000	0.000000	0.000000	0.000000	0.000000
-0.916017	-0.829541	-0.000000	0.806404	0.000000	0.000000	0.000000	0.000000	0.000000	0.000000
-0.916053	-0.829534	-0.000000	0.806533	0.000000	0.000000	0.000000	0.000000	0.000000	0.000000
-0.916091	-0.829530	0.000000	0.806538	0.000000	0.000000	0.000000	0.000000	0.000000	0.000000
-0.916032	-0.829548	-0.000000	0.806516	0.000000	0.000000	0.000000	0.000000	0.000000	0.000000
-0.916036	-0.829542	-0.000000	0.805259	0.000000	0.000000	0.000000	0.000000	0.000000	0.000000
-0.916068	-0.829538	0.000000	0.806539	0.000000	0.000000	0.000000	0.000000	0.000000	0.000000
