-1.003817	-0.870282	-0.000000	0.804229	0.000000	0.000000	0.000000	0.000000	0.000000	0.000000
-1.003807	-0.870281	-0.000000	0.804468	0.000000	0.000000	0.000000	0.000000	0.000000	0.000000
-1.003782	-0.870282	-0.000000	0.804339	0.000000	0.000000	0.000000	0.000000	0.000000	0.000000
-1.003810	-0.870282	0.000010	0.804459	0.000000	0.000000	0.000000	0.000000	0.000000	0.000000
-1.003806	-0.870282	0.000000	0.804393	0.000000	0.000000	0.000000	0.000000	0.000000	0.000000
-1.003799	-0.870282	-0.000000	0.801081	0.000000	0.000000	0.000000	0.000000	0.000000	0.000000
-1.003816	-0.870282	-0.000000	0.804403	0.000000	0.000000	0.000000	0.000000	0.000000	0.000000
-1.003799	-0.870282	0.000000	0.804115	0.000000	0.000000	0.000000	0.000000	0.000000	0.000000
-1.003790	-0.870282	0.000000	0.804251	0.000000	0.000000	0.000000	0.000000	0.000000	0.000000
-1.003799	-0.870282	0.000000	0.804452	0.000000	0.000000	0.000000	0.000000	0.000000	0.000000
-1.003806	-0.870282	0.000000	0.804452	0.000000	0.000000	0.000000	0.000000	0.000000	0.000000
-1.003809	-0.870282	-0.000000	0.804405	0.000000	0.000000	0.000000	0.000000	0.000000	0.000000
-1.003811	-0.870281	-0.000000	0.802657	0.000000	0.000000	0.000000	0.000000	0.000000	0.000000
-1.003800	-0.870282	0.000000	0.804369	0.000000	0.000000	0.000000	0.000000	0.000000	0.000000
-1.003808	-0.870282	-0.000000	0.775505	0.000000	0.000000	0.000000	0.000000	0.000000	0.000000
-1.003804	-0.870282	0.000000	0.804199	0.000000	0.000000	0.000000	0.000000	0.000000	0.000000
-1.003788	-0.870282	-0.000000	0.804483	0.000000	0.000000	0.000000	0.000000	0.000000	0.000000
-1.003792	-0.870282	-0.000000	0.804254	0.000000	0.000000	0.000000	0.000000	0.000000	0.000000
-1.003794	-0.870282	0.000000	0.804406	0.000000	0.000000	0.000000	0.000000	0.000000	0.000000
-1.003827	-0.870282	-0.000000	0.804461	0.000000	0.000000	0.000000	0.000000	0.000000	0.000000
-1.003804	-0.870282	-0.000000	0.803130	0.000000	0.000000	0.000000	0.000000	0.000000	0.000000
-1.003815	-0.870282	-0.000000	0.804522	0.000000	0.000000	0.000000	0.000000	0.000000	0.000000
-1.003810	-0.870282	-0.000000	0.804475	0.000000	0.000000	0.000000	0.000000	0.000000	0.000000
-1.003812	-0.870282	0.000000	0.804522	0.000000	0.000000	0.000000	0.000000	0.000000	0.000000
-1.003816	-0.870282	0.000000	0.804341	0.000000	0.000000	0.000000	0.000000	0.000000	0.000000
-1.003811	-0.870282	-0.000000	0.804027	0.000000	0.000000	0.000000	0.000000	0.000000	0.000000
-1.003815	-0.870282	-0.000000	0.804409	0.000000	0.000000	0.000000	0.000000	0.000000	0.000000
-1.003808	-0.870282	0.000000	0.804419	0.000000	0.000000	0.000000	0.000000	0.000000	0.000000
-1.003810	-0.870282	-0.000000	0.804413	0.000000	0.000000	0.000000	0.000000	0.000000	0.000000
-1.003809	-0.870282	-0.000000	0.804394	0.000000	0.000000	0.000000	0.000000	0.000000	0.000000
-1.003804	-0.870282	-0.000000	0.804458	0.000000	0.000000	0.000000	0.000000	0.000000	0.000000
-1.003815	-0.870282	-0.000000	0.804346	0.000000	0.000000	0.000000	0.000000	0.000000	0.000000
-1.003803	-0.870282	0.000000	0.804437	0.000000	0.000000	0.000000	0.000000	0.000000	0.000000
-1.003825	-0.870282	-0.000000	0.804444	0.000000	0.000000	0.000000	0.000000	0.000000	0.000000
-1.003800	-0.870282	-0.000000	0.804377	0.000000	0.000000	0.000000	0.000000	0.000000	0.000000
-1.003797	-0.870282	0.000000	0.804303	0.000000	0.000000	0.000000	0.000000	0.000000	0.000000
-1.003816	-0.870282	-0.000000	0.804389	0.000000	0.000000	0.000000	0.000000	0.000000	0.000000
-1.003811	-0.870282	-0.000000	0.804524	0.000000	0.000000	0.000000	0.000000	0.000000	0.000000
-1.003815	-0.870282	0.000000	0.804409	0.000000	0.000000	0.000000	0.000000	0.000000	0.000000
-1.003808	-0.870282	-0.000000	0.804367	0.000000	0.000000	0.000000	0.000000	0.000000	0.000000
-1.003820	-0.870282	-0.000000	0.804427	0.000000	0.000000	0.000000	0.000000	0.000000	0.000000
-1.003805	-0.870282	0.000000	0.804467	0.000000	0.000000	0.000000	0.000000	0.000000	0.000000
-1.003807	-0.870282	-0.000000	0.804482	0.000000	0.000000	0.000000	0.000000	0.000000	0.000000
-1.003799	-0.870282	-0.000000	0.804473	0.000000	0.000000	0.000000	0.000000	0.000000	0.000000
-1.003818	-0.870282	-0.000000	0.804204	0.000000	0.000000	0.000000	0.000000	0.000000	0.000000
-1.003813	-0.870281	0.000000	0.804312	0.000000	0.000000	0.000000	0.000000	0.000000	0.000000
-1.003806	-0.870281	0.000000	0.804477	0.000000	0.000000	0.000000	0.000000	0.000000	0.000000
-1.003806	-0.870282	-0.000000	0.804283	0.000000	0.000000	0.000000	0.000000	0.000000	0.000000
-1.003803	-0.870281	0.000000	0.804462	0.000000	0.000000	0.000000	0.000000	0.000000	0.000000
-1.003813	-0.870282	-0.000000	0.804490	0.000000	0.000000	0.000000	0.000000	0.000000	0.000000
-1.003819	-0.870282	0.000000	0.803685	0.000000	0.000000	0.000000	0.000000	0.000000	0.000000
-1.003836	-0.870282	-0.000000	0.804513	0.000000	0.000000	0.000000	0.000000	0.000000	0.000000
-1.003822	-0.870282	-0.000000	0.804539	0.000000	0.000000	0.000000	0.000000	0.000000	0.000000
-1.003797	-0.870282	0.000000	0.804411	0.000000	0.000000	0.000000	0.000000	0.000000	0.000000
-1.003795	-0.870282	-0.000000	0.804338	0.000000	0.000000	0.000000	0.000000	0.000000	0.000000
-1.003816	-0.870282	-0.000000	0.804403	0.000000	0.000000	0.000000	0.000000	0.000000	0.000000
-1.003802	-0.870281	-0.000000	0.804491	0.000000	0.000000	0.000000	0.000000	0.000000	0.000000
-1.003815	-0.870282	-0.000000	0.719849	0.000000	0.000000	0.000000	0.000000	0.000000	0.000000
-1.003808	-0.870282	-0.000000	0.804442	0.000000	0.000000	0.000000	0.000000	0.000000	0.000000
-1.003807	-0.870282	0.000000	0.804362	0.000000	0.000000	0.000000	0.000000	0.000000	0.000000
-1.003829	-0.870282	0.000000	0.804438	0.000000	0.000000	0.000000	0.000000	0.000000	0.000000
-1.003803	-0.870282	0.000000	0.804306	0.000000	0.000000	0.000000	0.000000	0.000000	0.000000
-1.003803	-0.870282	-0.000000	0.682681	0.000000	0.000000	0.000000	0.000000	0.000000	0.000000
-1.003826	-0.870282	-0.000000	0.804409	0.000000	0.000000	0.000000	0.000000	0.000000	0.000000
-1.003796	-0.870282	-0.000000	0.804263	0.000000	0.000000	0.000000	0.000000	0.000000	0.000000
-1.003812	-0.870282	-0.000000	0.804410	0.000000	0.000000	0.000000	0.000000	0.000000	0.000000
-1.003813	-0.870282	-0.000000	0.804408	0.000000	0.000000	0.000000	0.000000	0.000000	0.000000
-1.003817	-0.870282	-0.000000	0.804449	0.000000	0.000000	0.000000	0.000000	0.000000	0.000000
-1.003800	-0.870282	-0.000000	0.804406	0.000000	0.000000	0.000000	0.000000	0.000000	0.000000
-1.003810	-0.870282	-0.000000	0.804420	0.000000	0.000000	0.000000	0.000000	0.000000	0.000000
-1.003788	-0.870282	-0.000000	0.804369	0.000000	0.000000	0.000000	0.000000	0.000000	0.000000
-1.003811	-0.870282	0.000000	0.804400	0.000000	0.000000	0.000000	0.000000	0.000000	0.000000
-1.003804	-0.870282	0.000000	0.804468	0.000000	0.000000	0.000000	0.000000	0.000000	0.000000
-1.003817	-0.870282	-0.000000	0.804531	0.000000	0.000000	0.000000	0.000000	0.000000	0.000000
-1.003801	-0.870282	-0.000000	0.804526	0.000000	0.000000	0.000000	0.000000	0.000000	0.000000
-1.003827	-0.870282	-0.000000	0.804461	0.000000	0.000000	0.000000	0.000000	0.000000	0.000000
-1.003805	-0.870281	-0.000000	0.804477	0.000000	0.000000	0.000000	0.000000	0.000000	0.000000
-1.003800	-0.870282	0.000000	0.804443	0.000000	0.000000	0.000000	0.000000	0.000000	0.000000
-1.003831	-0.870282	-0.000000	0.803900	0.000000	0.000000	0.000000	0.000000	0.000000	0.000000
-1.003806	-0.870282	-0.000000	0.804441	0.000000	0.000000	0.000000	0.000000	0.000000	0.000000
-1.003807	-0.870282	0.000000	0.804301	0.000000	0.000000	0.000000	0.000000	0.000000	0.000000
-1.003803	-0.870282	0.000000	0.804407	0.000000	0.000000	0.000000	0.000000	0.000000	0.000000
-1.003806	-0.870281	-0.000000	0.804417	0.000000	0.000000	0.000000	0.000000	0.000000	0.000000
-1.003816	-0.870282	0.000000	0.804496	0.000000	0.000000	0.000000	0.000000	0.000000	0.000000
-1.003804	-0.870282	0.000000	0.804424	0.000000	0.000000	0.000000	0.000000	0.000000	0.000000
-1.003815	-0.870282	-0.000000	0.804368	0.000000	0.000000	0.000000	0.000000	0.000000	0.000000
-1.003816	-0.870282	-0.000000	0.804448	0.000000	0.000000	0.000000	0.000000	0.000000	0.000000
-1.003798	-0.870281	-0.000000	0.804471	0.000000	0.000000	0.000000	0.000000	0.000000	0.000000
-1.003787	-0.870282	-0.000000	0.804352	0.000000	0.000000	0.000000	0.000000	0.000000	0.000000
-1.003804	-0.870282	0.000000	0.804427	0.000000	0.000000	0.000000	0.000000	0.000000	0.000000
-1.003818	-0.870282	-0.000000	0.804389	0.000000	0.000000	0.000000	0.000000	0.000000	0.000000
-1.003803	-0.870282	0.000000	0.803916	0.000000	0.000000	0.000000	0.000000	0.000000	0.000000
-1.003806	-0.870282	-0.000000	0.798297	0.000000	0.000000	0.000000	0.000000	0.000000	0.000000
-1.003803	-0.870282	0.000000	0.804277	0.000000	0.000000	0.000000	0.000000	0.000000	0.000000
-1.003827	-0.870282	-0.000000	0.804480	0.000000	0.000000	0.000000	0.000000	0.000000	0.000000
-1.003816	-0.870282	-0.000000	0.804497	0.000000	0.000000	0.000000	0.000000	0.000000	0.000000
-1.003787	-0.870282	0.000000	0.804453	0.000000	0.000000	0.000000	0.000000	0.000000	0.000000
-1.003803	-0.870282	0.000000	0.804336	0.000000	0.000000	0.000000	0.000000	0.000000	0.000000
-1.003820	-0.870282	-0.000000	0.804361	0.000000	0.000000	0.000000	0.000000	0.000000	0.000000
-1.003809	-0.870282	-0.000000	0.804429	0.000000	0.000000	0.000000	0.000000	0.000000	0.000000
-1.003814	-0.870282	0.000000	0.804467	0.000000	0.000000	0.000000	0.000000	0.000000	0.000000
-1.003809	-0.870282	-0.000000	0.804501	0.000000	0.000000	0.000000	0.000000	0.000000	0.000000
-1.003803	-0.870281	-0.000000	0.804415	0.000000	0.000000	0.000000	0.000000	0.000000	0.000000
-1.003805	-0.870282	-0.000000	0.804399	0.000000	0.000000	0.000000	0.000000	0.000000	0.000000
-1.003812	-0.870281	-0.000000	0.804504	0.000000	0.000000	0.000000	0.000000	0.000000	0.000000
-1.003803	-0.870282	0.000000	0.804415	0.000000	0.000000	0.000000	0.000000	0.000000	0.000000
-1.003813	-0.870281	-0.000000	0.804519	0.000000	0.000000	0.000000	0.000000	0.000000	0.000000
-1.003801	-0.870282	-0.000000	0.804431	0.000000	0.000000	0.000000	0.000000	0.000000	0.000000
-1.003779	-0.870282	0.000000	0.804408	0.000000	0.000000	0.000000	0.000000	0.000000	0.000000
-1.003807	-0.870282	-0.000000	0.804408	0.000000	0.000000	0.000000	0.000000	0.000000	0.000000
-1.003792	-0.870282	-0.000000	0.804334	0.000000	0.000000	0.000000	0.000000	0.000000	0.000000
-1.003808	-0.870282	0.000000	0.804452	0.000000	0.000000	0.000000	0.000000	0.000000	0.000000
-1.003803	-0.870282	0.000000	0.804454	0.000000	0.000000	0.000000	0.000000	0.000000	0.000000
-1.003806	-0.870282	-0.000000	0.804062	0.000000	0.000000	0.000000	0.000000	0.000000	0.000000
-1.003814	-0.870282	0.000000	0.804042	0.000000	0.000000	0.000000	0.000000	0.000000	0.000000
-1.003804	-0.870282	0.000000	0.804381	0.000000	0.000000	0.000000	0.000000	0.000000	0.000000
-1.003809	-0.870281	-0.000000	0.804519	0.000000	0.000000	0.000000	0.000000	0.000000	0.000000
-1.003813	-0.870282	-0.000000	0.804360	0.000000	0.000000	0.000000	0.000000	0.000000	0.000000
-1.003797	-0.870281	-0.000000	0.804432	0.000000	0.000000	0.000000	0.000000	0.000000	0.000000
-1.003813	-0.870282	-0.000000	0.804439	0.000000	0.000000	0.000000	0.000000	0.000000	0.000000
-1.003819	-0.870282	0.000000	0.804386	0.000000	0.000000	0.000000	0.000000	0.000000	0.000000
-1.003813	-0.870282	-0.000000	0.804470	0.000000	0.000000	0.000000	0.000000	0.000000	0.000000
-1.003820	-0.870281	0.000000	0.804521	0.000000	0.000000	0.000000	0.000000	0.000000	0.000000
-1.003817	-0.870281	0.000000	0.804448	0.000000	0.000000	0.000000	0.000000	0.000000	0.000000
-1.003826	-0.870282	0.000000	0.804395	0.000000	0.000000	0.000000	0.000000	0.000000	0.000000
-1.003811	-0.870282	-0.000000	0.802830	0.000000	0.000000	0.000000	0.000000	0.000000	0.000000
-1.003795	-0.870282	0.000000	0.804468	0.000000	0.000000	0.000000	0.000000	0.000000	0.000000
-1.003831	-0.870282	-0.000000	0.804323	0.000000	0.000000	0.000000	0.000000	0.000000	0.000000
-1.003803	-0.870282	-0.000000	0.804495	0.000000	0.000000	0.000000	0.000000	0.000000	0.000000
-1.003799	-0.870282	0.000000	0.804417	0.000000	0.000000	0.000000	0.000000	0.000000	0.000000
-1.003816	-0.870282	-0.000000	0.804455	0.000000	0.000000	0.000000	0.000000	0.000000	0.000000
-1.003803	-0.870282	-0.000000	0.804435	0.000000	0.000000	0.000000	0.000000	0.000000	0.000000
-1.003803	-0.870282	-0.000000	0.804465	0.000000	0.000000	0.000000	0.000000	0.000000	0.000000
-1.003802	-0.870281	-0.000000	0.804317	0.000000	0.000000	0.000000	0.000000	0.000000	0.000000
-1.003808	-0.870282	-0.000000	0.803530	0.000000	0.000000	0.000000	0.000000	0.000000	0.000000
-1.003814	-0.870281	-0.000000	0.804467	0.000000	0.000000	0.000000	0.000000	0.000000	0.000000
-1.003792	-0.870282	0.000000	0.804392	0.000000	0.000000	0.000000	0.000000	0.000000	0.000000
-1.003824	-0.870282	0.000000	0.804463	0.000000	0.000000	0.000000	0.000000	0.000000	0.000000
-1.003803	-0.870282	-0.000000	0.802655	0.000000	0.000000	0.000000	0.000000	0.000000	0.000000
-1.003815	-0.870282	-0.000000	0.803238	0.000000	0.000000	0.000000	0.000000	0.000000	0.000000
-1.003796	-0.870281	-0.000000	0.804396	0.000000	0.000000	0.000000	0.000000	0.000000	0.000000
-1.003802	-0.870282	0.000000	0.804317	0.000000	0.000000	0.000000	0.000000	0.000000	0.000000
-1.003812	-0.870282	-0.000000	0.804512	0.000000	0.000000	0.000000	0.000000	0.000000	0.000000
-1.003811	-0.870282	0.000000	0.804381	0.000000	0.000000	0.000000	0.000000	0.000000	0.000000
-1.003791	-0.870282	-0.000000	0.804380	0.000000	0.000000	0.000000	0.000000	0.000000	0.000000
-1.003815	-0.870282	0.000000	0.804443	0.000000	0.000000	0.000000	0.000000	0.000000	0.000000
-1.003807	-0.870282	0.000000	0.804502	0.000000	0.000000	0.000000	0.000000	0.000000	0.000000
-1.003812	-0.870282	-0.000000	0.801164	0.000000	0.000000	0.000000	0.000000	0.000000	0.000000
-1.003800	-0.870282	0.000000	0.804466	0.000000	0.000000	0.000000	0.000000	0.000000	0.000000
-1.003809	-0.870282	0.000000	0.804439	0.000000	0.000000	0.000000	0.000000	0.000000	0.000000
-1.003812	-0.870281	-0.000000	0.804430	0.000000	0.000000	0.000000	0.000000	0.000000	0.000000
-1.003807	-0.870282	-0.000000	0.804518	0.000000	0.000000	0.000000	0.000000	0.000000	0.000000
-1.003811	-0.870282	-0.000000	0.804442	0.000000	0.000000	0.000000	0.000000	0.000000	0.000000
-1.003822	-0.870282	-0.000000	0.804500	0.000000	0.000000	0.000000	0.000000	0.000000	0.000000
-1.003818	-0.870282	-0.000000	0.804424	0.000000	0.000000	0.000000	0.000000	0.000000	0.000000
-1.003811	-0.870282	0.000000	0.804343	0.000000	0.000000	0.000000	0.000000	0.000000	0.000000
-1.003810	-0.870282	-0.000000	0.804463	0.000000	0.000000	0.000000	0.000000	0.000000	0.000000
-1.003803	-0.870281	-0.000000	0.804521	0.000000	0.000000	0.000000	0.000000	0.000000	0.000000
-1.003816	-0.870282	-0.000000	0.804434	0.000000	0.000000	0.000000	0.000000	0.000000	0.000000
-1.003809	-0.870282	0.000000	0.804403	0.000000	0.000000	0.000000	0.000000	0.000000	0.000000
-1.003800	-0.870282	0.000000	0.804495	0.000000	0.000000	0.000000	0.000000	0.000000	0.000000
-1.003804	-0.870281	-0.000000	0.804460	0.000000	0.000000	0.000000	0.000000	0.000000	0.000000
-1.003804	-0.870282	-0.000000	0.804420	0.000000	0.000000	0.000000	0.000000	0.000000	0.000000
-1.003810	-0.870282	-0.000000	0.804523	0.000000	0.000000	0.000000	0.000000	0.000000	0.000000
-1.003820	-0.870282	-0.000000	0.804422	0.000000	0.000000	0.000000	0.000000	0.000000	0.000000
-1.003825	-0.870282	-0.000000	0.804390	0.000000	0.000000	0.000000	0.000000	0.000000	0.000000
-1.003803	-0.870282	-0.000000	0.804292	0.000000	0.000000	0.000000	0.000000	0.000000	0.000000
-1.003787	-0.870282	0.000000	0.803988	0.000000	0.000000	0.000000	0.000000	0.000000	0.000000
-1.003805	-0.870282	0.000000	0.804405	0.000000	0.000000	0.000000	0.000000	0.000000	0.000000
-1.003788	-0.870282	-0.000000	0.804500	0.000000	0.000000	0.000000	0.000000	0.000000	0.000000
-1.003798	-0.870282	-0.000000	0.804431	0.000000	0.000000	0.000000	0.000000	0.000000	0.000000
-1.003800	-0.870282	0.000000	0.804436	0.000000	0.000000	0.000000	0.000000	0.000000	0.000000
-1.003800	-0.870281	0.000000	0.796538	0.000000	0.000000	0.000000	0.000000	0.000000	0.000000
-1.003813	-0.870281	-0.000000	0.804461	0.000000	0.000000	0.000000	0.000000	0.000000	0.000000
-1.003811	-0.870282	-0.000000	0.804309	0.000000	0.000000	0.000000	0.000000	0.000000	0.000000
-1.003797	-0.870282	0.000000	0.804522	0.000000	0.000000	0.000000	0.000000	0.000000	0.000000
-1.003802	-0.870282	0.000000	0.804539	0.000000	0.000000	0.000000	0.000000	0.000000	0.000000
-1.003803	-0.870282	-0.000000	0.804425	0.000000	0.000000	0.000000	0.000000	0.000000	0.000000
-1.003815	-0.870282	-0.000000	0.804485	0.000000	0.000000	0.000000	0.000000	0.000000	0.000000
-1.003818	-0.870282	-0.000000	0.804143	0.000000	0.000000	0.000000	0.000000	0.000000	0.000000
-1.003797	-0.870282	-0.000000	0.804406	0.000000	0.000000	0.000000	0.000000	0.000000	0.000000
-1.003818	-0.870282	0.000000	0.804239	0.000000	0.000000	0.000000	0.000000	0.000000	0.000000
-1.003807	-0.870282	0.000000	0.804433	0.000000	0.000000	0.000000	0.000000	0.000000	0.000000
-1.003806	-0.870282	-0.000000	0.804399	0.000000	0.000000	0.000000	0.000000	0.000000	0.000000
-1.003815	-0.870282	-0.000000	0.804502	0.000000	0.000000	0.000000	0.000000	0.000000	0.000000
-1.003814	-0.870282	0.000000	0.804423	0.000000	0.000000	0.000000	0.000000	0.000000	0.000000
-1.003818	-0.870282	-0.000000	0.804444	0.000000	0.000000	0.000000	0.000000	0.000000	0.000000
-1.003805	-0.870282	0.000000	0.804395	0.000000	0.000000	0.000000	0.000000	0.000000	0.000000
-1.003817	-0.870282	-0.000000	0.804428	0.000000	0.000000	0.000000	0.000000	0.000000	0.000000
-1.003818	-0.870282	-0.000000	0.804487	0.000000	0.000000	0.000000	0.000000	0.000000	0.000000
-1.003794	-0.870282	-0.000000	0.804385	0.000000	0.000000	0.000000	0.000000	0.000000	0.000000
-1.003828	-0.870282	-0.000000	0.804175	0.000000	0.000000	0.000000	0.000000	0.000000	0.000000
-1.003808	-0.870282	0.000000	0.804372	0.000000	0.000000	0.000000	0.000000	0.000000	0.000000
-1.003805	-0.870282	0.000000	0.804413	0.000000	0.000000	0.000000	0.000000	0.000000	0.000000
-1.003800	-0.870282	-0.000000	0.804484	0.000000	0.000000	0.000000	0.000000	0.000000	0.000000
-1.003811	-0.870282	-0.000000	0.804403	0.000000	0.000000	0.000000	0.000000	0.000000	0.000000
-1.003798	-0.870282	-0.000000	0.804475	0.000000	0.000000	0.000000	0.000000	0.000000	0.000000
-1.003818	-0.870282	-0.000000	0.804430	0.000000	0.000000	0.000000	0.000000	0.000000	0.000000
-1.003802	-0.870282	-0.000000	0.804200	0.000000	0.000000	0.000000	0.000000	0.000000	0.000000
-1.003824	-0.870282	-0.000000	0.804394	0.000000	0.000000	0.000000	0.000000	0.000000	0.000000
-1.003819	-0.870282	-0.000000	0.804429	0.000000	0.000000	0.000000	0.000000	0.000000	0.000000
-1.003809	-0.870282	-0.000000	0.804206	0.000000	0.000000	0.000000	0.000000	0.000000	0.000000
-1.003788	-0.870282	0.000000	0.804427	0.000000	0.000000	0.000000	0.000000	0.000000	0.000000
-1.003815	-0.870282	-0.000000	0.804446	0.000000	0.000000	0.000000	0.000000	0.000000	0.000000
-1.003811	-0.870282	0.000000	0.804211	0.000000	0.000000	0.000000	0.000000	0.000000	0.000000
-1.003808	-0.870282	0.000000	0.804435	0.000000	0.000000	0.000000	0.000000	0.000000	0.000000
-1.003814	-0.870281	-0.000000	0.804448	0.000000	0.000000	0.000000	0.000000	0.000000	0.000000
-1.003801	-0.870282	0.000000	0.804412	0.000000	0.000000	0.000000	0.000000	0.000000	0.000000
-1.003820	-0.870282	-0.000000	0.804369	0.000000	0.000000	0.000000	0.000000	0.000000	0.000000
-1.003796	-0.870282	0.000000	0.804416	0.000000	0.000000	0.000000	0.000000	0.000000	0.000000
-1.003819	-0.870282	-0.000000	0.804396	0.000000	0.000000	0.000000	0.000000	0.000000	0.000000
-1.003807	-0.870282	0.000000	0.804391	0.000000	0.000000	0.000000	0.000000	0.000000	0.000000
-1.003801	-0.870282	0.000000	0.804465	0.000000	0.000000	0.000000	0.000000	0.000000	0.000000
-1.003792	-0.870282	-0.000000	0.804401	0.000000	0.000000	0.000000	0.000000	0.000000	0.000000
-1.003819	-0.870282	0.000000	0.804521	0.000000	0.000000	0.000000	0.000000	0.000000	0.000000
-1.003786	-0.870282	-0.000000	0.804232	0.000000	0.000000	0.000000	0.000000	0.000000	0.000000
-1.003802	-0.870282	-0.000000	0.804323	0.000000	0.000000	0.000000	0.000000	0.000000	0.000000
-1.003797	-0.870282	0.000000	0.804365	0.000000	0.000000	0.000000	0.000000	0.000000	0.000000
-1.003809	-0.870282	-0.000000	0.804458	0.000000	0.000000	0.000000	0.000000	0.000000	0.000000
-1.003790	-0.870281	-0.000000	0.804056	0.000000	0.000000	0.000000	0.000000	0.000000	0.000000
-1.003820	-0.870282	-0.000000	0.804411	0.000000	0.000000	0.000000	0.000000	0.000000	0.000000
-1.003797	-0.870282	-0.000000	0.804458	0.000000	0.000000	0.000000	0.000000	0.000000	0.000000
-1.003832	-0.870282	0.000000	0.804425	0.000000	0.000000	0.000000	0.000000	0.000000	0.000000
-1.003798	-0.870282	-0.000000	0.804404	0.000000	0.000000	0.000000	0.000000	0.000000	0.000000
-1.003810	-0.870281	0.000000	0.804507	0.000000	0.000000	0.000000	0.000000	0.000000	0.000000
-1.003807	-0.870282	-0.000000	0.804459	0.000000	0.000000	0.000000	0.000000	0.000000	0.000000
-1.003813	-0.870282	-0.000000	0.799219	0.000000	0.000000	0.000000	0.000000	0.000000	0.000000
-1.003801	-0.870282	-0.000000	0.804515	0.000000	0.000000	0.000000	0.000000	0.000000	0.000000
-1.003793	-0.870282	-0.000000	0.804401	0.000000	0.000000	0.000000	0.000000	0.000000	0.000000
-1.003798	-0.870282	-0.000000	0.804415	0.000000	0.000000	0.000000	0.000000	0.000000	0.000000
-1.003810	-0.870281	-0.000000	0.804459	0.000000	0.000000	0.000000	0.000000	0.000000	0.000000
-1.003804	-0.870282	-0.000000	0.804390	0.000000	0.000000	0.000000	0.000000	0.000000	0.000000
-1.003802	-0.870282	0.000000	0.804448	0.000000	0.000000	0.000000	0.000000	0.000000	0.000000
-1.003811	-0.870282	-0.000000	0.804410	0.000000	0.000000	0.000000	0.000000	0.000000	0.000000
-1.003798	-0.870282	0.000000	0.804414	0.000000	0.000000	0.000000	0.000000	0.000000	0.000000
-1.003801	-0.870282	0.000000	0.804426	0.000000	0.000000	0.000000	0.000000	0.000000	0.000000
-1.003809	-0.870282	0.000000	0.804412	0.000000	0.000000	0.000000	0.000000	0.000000	0.000000
-1.003819	-0.870282	0.000000	0.804430	0.000000	0.000000	0.000000	0.000000	0.000000	0.000000
-1.003819	-0.870282	0.000000	0.804387	0.000000	0.000000	0.000000	0.000000	0.000000	0.000000
-1.003820	-0.870282	-0.000000	0.801180	0.000000	0.000000	0.000000	0.000000	0.000000	0.000000
-1.003792	-0.870282	-0.000000	0.804434	0.000000	0.000000	0.000000	0.000000	0.000000	0.000000
-1.003812	-0.870281	-0.000000	0.804456	0.000000	0.000000	0.000000	0.000000	0.000000	0.000000
-1.003804	-0.870281	0.000000	0.804387	0.000000	0.000000	0.000000	0.000000	0.000000	0.000000
-1.003809	-0.870282	-0.000000	0.804344	0.000000	0.000000	0.000000	0.000000	0.000000	0.000000
-1.003804	-0.870282	-0.000000	0.804417	0.000000	0.000000	0.000000	0.000000	0.000000	0.000000
-1.003825	-0.870282	-0.000000	0.803063	0.000000	0.000000	0.000000	0.000000	0.000000	0.000000
-1.003816	-0.870282	-0.000000	0.804423	0.000000	0.000000	0.000000	0.000000	0.000000	0.000000
-1.003811	-0.870282	-0.000000	0.804265	0.000000	0.000000	0.000000	0.000000	0.000000	0.000000
-1.003814	-0.870282	0.000000	0.804451	0.000000	0.000000	0.000000	0.000000	0.000000	0.000000
-1.003811	-0.870282	0.000000	0.804575	0.000000	0.000000	0.000000	0.000000	0.000000	0.000000
-1.003786	-0.870282	0.000000	0.046736	0.000000	0.000000	0.000000	0.000000	0.000000	0.000000
-1.003801	-0.870281	0.000000	-0.823217	0.000000	0.000000	0.000000	0.000000	0.000000	0.000000
-1.003804	-0.870282	0.000000	-0.823217	0.000000	0.000000	0.000000	0.000000	0.000000	0.000000
-1.003807	-0.870282	-0.000000	-0.823218	0.000000	0.000000	0.000000	0.000000	0.000000	0.000000
-1.003818	-0.870282	0.000000	-0.823217	0.000000	0.000000	0.000000	0.000000	0.000000	0.000000
-1.003803	-0.870281	-0.000000	-0.823218	0.000000	0.000000	0.000000	0.000000	0.000000	0.000000
-1.003799	-0.870282	0.000000	-0.823218	0.000000	0.000000	0.000000	0.000000	0.000000	0.000000
-1.003819	-0.870282	0.000000	-0.823218	0.000000	0.000000	0.000000	0.000000	0.000000	0.000000
-1.003792	-0.870282	-0.000000	-0.823218	0.000000	0.000000	0.000000	0.000000	0.000000	0.000000
-1.003812	-0.870281	-0.000000	-0.823218	0.000000	0.000000	0.000000	0.000000	0.000000	0.000000
-1.003800	-0.870282	0.000000	-0.823218	0.000000	0.000000	0.000000	0.000000	0.000000	0.000000
-1.003825	-0.870282	-0.000000	-0.822913	0.000000	0.000000	0.000000	0.000000	0.000000	0.000000
-1.003785	-0.870282	0.000000	-0.823217	0.000000	0.000000	0.000000	0.000000	0.000000	0.000000
-1.003815	-0.870282	-0.000000	-0.823218	0.000000	0.000000	0.000000	0.000000	0.000000	0.000000
-1.003820	-0.870282	0.000000	-0.823218	0.000000	0.000000	0.000000	0.000000	0.000000	0.000000
-1.003795	-0.870282	0.000000	-0.823218	0.000000	0.000000	0.000000	0.000000	0.000000	0.000000
-1.003817	-0.870281	-0.000000	-0.821968	0.000000	0.000000	0.000000	0.000000	0.000000	0.000000
-1.003805	-0.870282	-0.000000	-0.820556	0.000000	0.000000	0.000000	0.000000	0.000000	0.000000
-1.003805	-0.870282	-0.000000	-0.823212	0.000000	0.000000	0.000000	0.000000	0.000000	0.000000
-1.003815	-0.870282	0.000000	-0.823218	0.000000	0.000000	0.000000	0.000000	0.000000	0.000000
-1.003819	-0.870282	0.000000	-0.823218	0.000000	0.000000	0.000000	0.000000	0.000000	0.000000
-1.003799	-0.870282	-0.000000	-0.823008	0.000000	0.000000	0.000000	0.000000	0.000000	0.000000
-1.003795	-0.870282	0.000000	-0.823217	0.000000	0.000000	0.000000	0.000000	0.000000	0.000000
-1.003809	-0.870282	-0.000000	-0.823218	0.000000	0.000000	0.000000	0.000000	0.000000	0.000000
-1.003807	-0.870282	-0.000000	-0.823211	0.000000	0.000000	0.000000	0.000000	0.000000	0.000000
-1.003805	-0.870282	-0.000000	-0.823191	0.000000	0.000000	0.000000	0.000000	0.000000	0.000000
-1.003823	-0.870282	0.000000	-0.823218	0.000000	0.000000	0.000000	0.000000	0.000000	0.000000
-1.003826	-0.870282	-0.000000	-0.823217	0.000000	0.000000	0.000000	0.000000	0.000000	0.000000
-1.003806	-0.870282	0.000000	-0.823209	0.000000	0.000000	0.000000	0.000000	0.000000	0.000000
-1.003786	-0.870282	-0.000000	-0.823218	0.000000	0.000000	0.000000	0.000000	0.000000	0.000000
-1.003794	-0.870282	0.000000	-0.823218	0.000000	0.000000	0.000000	0.000000	0.000000	0.000000
-1.003808	-0.870282	0.000000	-0.823143	0.000000	0.000000	0.000000	0.000000	0.000000	0.000000
-1.003813	-0.870282	0.000000	-0.823213	0.000000	0.000000	0.000000	0.000000	0.000000	0.000000
-1.003820	-0.870282	0.000000	-0.823217	0.000000	0.000000	0.000000	0.000000	0.000000	0.000000
-1.003806	-0.870282	-0.000000	-0.823218	0.000000	0.000000	0.000000	0.000000	0.000000	0.000000
-1.003808	-0.870282	-0.000000	-0.823218	0.000000	0.000000	0.000000	0.000000	0.000000	0.000000
-1.003811	-0.870281	0.000000	-0.823028	0.000000	0.000000	0.000000	0.000000	0.000000	0.000000
-1.003814	-0.870282	-0.000000	-0.823218	0.000000	0.000000	0.000000	0.000000	0.000000	0.000000
-1.003784	-0.870282	0.000000	-0.823218	0.000000	0.000000	0.000000	0.000000	0.000000	0.000000
-1.003841	-0.870282	0.000000	-0.823218	0.000000	0.000000	0.000000	0.000000	0.000000	0.000000
-1.003807	-0.870282	-0.000000	-0.823218	0.000000	0.000000	0.000000	0.000000	0.000000	0.000000
-1.003797	-0.870281	-0.000000	-0.823218	0.000000	0.000000	0.000000	0.000000	0.000000	0.000000
-1.003769	-0.870282	-0.000000	-0.819241	0.000000	0.000000	0.000000	0.000000	0.000000	0.000000
-1.003807	-0.870282	-0.000000	-0.823215	0.000000	0.000000	0.000000	0.000000	0.000000	0.000000
-1.003808	-0.870282	-0.000000	-0.821929	0.000000	0.000000	0.000000	0.000000	0.000000	0.000000
-1.003811	-0.870282	0.000000	-0.823218	0.000000	0.000000	0.000000	0.000000	0.000000	0.000000
-1.003813	-0.870282	-0.000000	-0.823217	0.000000	0.000000	0.000000	0.000000	0.000000	0.000000
-1.003805	-0.870282	-0.000000	-0.823217	0.000000	0.000000	0.000000	0.000000	0.000000	0.000000
-1.003805	-0.870282	0.000000	-0.823218	0.000000	0.000000	0.000000	0.000000	0.000000	0.000000
-1.003795	-0.870282	0.000000	-0.823214	0.000000	0.000000	0.000000	0.000000	0.000000	0.000000
-1.003820	-0.870282	0.000000	-0.823218	0.000000	0.000000	0.000000	0.000000	0.000000	0.000000
-1.003814	-0.870282	-0.000000	-0.823217	0.000000	0.000000	0.000000	0.000000	0.000000	0.000000
-1.003820	-0.870282	-0.000000	-0.823200	0.000000	0.000000	0.000000	0.000000	0.000000	0.000000
-1.003811	-0.870281	0.000000	-0.822347	0.000000	0.000000	0.000000	0.000000	0.000000	0.000000
-1.003804	-0.870282	0.000000	-0.823197	0.000000	0.000000	0.000000	0.000000	0.000000	0.000000
-1.003803	-0.870282	-0.000000	-0.823218	0.000000	0.000000	0.000000	0.000000	0.000000	0.000000
-1.003806	-0.870282	0.000000	-0.823216	0.000000	0.000000	0.000000	0.000000	0.000000	0.000000
-1.003810	-0.870282	0.000000	-0.823218	0.000000	0.000000	0.000000	0.000000	0.000000	0.000000
-1.003802	-0.870282	-0.000000	-0.823218	0.000000	0.000000	0.000000	0.000000	0.000000	0.000000
-1.003806	-0.870282	-0.000000	-0.823218	0.000000	0.000000	0.000000	0.000000	0.000000	0.000000
-1.003826	-0.870282	0.000000	-0.823201	0.000000	0.000000	0.000000	0.000000	0.000000	0.000000
-1.003817	-0.870282	-0.000000	-0.823052	0.000000	0.000000	0.000000	0.000000	0.000000	0.000000
-1.003810	-0.870282	-0.000000	-0.816732	0.000000	0.000000	0.000000	0.000000	0.000000	0.000000
-1.003805	-0.870281	0.000000	-0.823196	0.000000	0.000000	0.000000	0.000000	0.000000	0.000000
-1.003798	-0.870282	0.000000	-0.823145	0.000000	0.000000	0.000000	0.000000	0.000000	0.000000
-1.003819	-0.870282	-0.000000	-0.823215	0.000000	0.000000	0.000000	0.000000	0.000000	0.000000
-1.003793	-0.870282	-0.000000	-0.823169	0.000000	0.000000	0.000000	0.000000	0.000000	0.000000
-1.003822	-0.870282	0.000000	-0.823202	0.000000	0.000000	0.000000	0.000000	0.000000	0.000000
-1.003800	-0.870281	-0.000000	-0.823204	0.000000	0.000000	0.000000	0.000000	0.000000	0.000000
-1.003801	-0.870282	0.000000	-0.823217	0.000000	0.000000	0.000000	0.000000	0.000000	0.000000
-1.003790	-0.870282	0.000000	-0.823218	0.000000	0.000000	0.000000	0.000000	0.000000	0.000000
-1.003802	-0.870281	0.000000	-0.821078	0.000000	0.000000	0.000000	0.000000	0.000000	0.000000
-1.003803	-0.870282	-0.000000	-0.823098	0.000000	0.000000	0.000000	0.000000	0.000000	0.000000
-1.003796	-0.870282	-0.000000	-0.823083	0.000000	0.000000	0.000000	0.000000	0.000000	0.000000
-1.003810	-0.870282	-0.000000	-0.823205	0.000000	0.000000	0.000000	0.000000	0.000000	0.000000
-1.003806	-0.870281	-0.000000	-0.822953	0.000000	0.000000	0.000000	0.000000	0.000000	0.000000
-1.003811	-0.870282	-0.000000	-0.823218	0.000000	0.000000	0.000000	0.000000	0.000000	0.000000
-1.003811	-0.870282	-0.000000	-0.823215	0.000000	0.000000	0.000000	0.000000	0.000000	0.000000
-1.003811	-0.870281	-0.000000	-0.823218	0.000000	0.000000	0.000000	0.000000	0.000000	0.000000
-1.003811	-0.870282	-0.000000	-0.823218	0.000000	0.000000	0.000000	0.000000	0.000000	0.000000
-1.003830	-0.870281	-0.000000	-0.823218	0.000000	0.000000	0.000000	0.000000	0.000000	0.000000
-1.003819	-0.870282	-0.000000	-0.823216	0.000000	0.000000	0.000000	0.000000	0.000000	0.000000
-1.003812	-0.870282	0.000000	-0.823218	0.000000	0.000000	0.000000	0.000000	0.000000	0.000000
-1.003817	-0.870282	-0.000000	-0.823214	0.000000	0.000000	0.000000	0.000000	0.000000	0.000000
-1.003796	-0.870282	0.000000	-0.822959	0.000000	0.000000	0.000000	0.000000	0.000000	0.000000
-1.003817	-0.870282	-0.000000	-0.823218	0.000000	0.000000	0.000000	0.000000	0.000000	0.000000
-1.003810	-0.870282	-0.000000	-0.823218	0.000000	0.000000	0.000000	0.000000	0.000000	0.000000
-1.003814	-0.870282	0.000000	-0.823218	0.000000	0.000000	0.000000	0.000000	0.000000	0.000000
-1.003799	-0.870282	-0.000000	-0.823218	0.000000	0.000000	0.000000	0.000000	0.000000	0.000000
-1.003801	-0.870282	0.000000	-0.823218	0.000000	0.000000	0.000000	0.000000	0.000000	0.000000
-1.003811	-0.870282	0.000000	-0.823218	0.000000	0.000000	0.000000	0.000000	0.000000	0.000000
-1.003802	-0.870282	-0.000000	-0.823218	0.000000	0.000000	0.000000	0.000000	0.000000	0.000000
-1.003805	-0.870282	-0.000000	-0.823154	0.000000	0.000000	0.000000	0.000000	0.000000	0.000000
-1.003794	-0.870282	-0.000000	-0.823185	0.000000	0.000000	0.000000	0.000000	0.000000	0.000000
-1.003806	-0.870281	-0.000000	-0.823218	0.000000	0.000000	0.000000	0.000000	0.000000	0.000000
-1.003803	-0.870282	0.000000	-0.822892	0.000000	0.000000	0.000000	0.000000	0.000000	0.000000
-1.003812	-0.870282	0.000000	-0.823216	0.000000	0.000000	0.000000	0.000000	0.000000	0.000000
-1.003797	-0.870282	-0.000000	-0.823216	0.000000	0.000000	0.000000	0.000000	0.000000	0.000000
-1.003838	-0.870282	0.000000	-0.823218	0.000000	0.000000	0.000000	0.000000	0.000000	0.000000
-1.003806	-0.870282	0.000000	-0.820887	0.000000	0.000000	0.000000	0.000000	0.000000	0.000000
-1.003809	-0.870282	-0.000000	-0.823204	0.000000	0.000000	0.000000	0.000000	0.000000	0.000000
-1.003801	-0.870282	-0.000000	-0.823218	0.000000	0.000000	0.000000	0.000000	0.000000	0.000000
-1.003798	-0.870282	-0.000000	-0.823218	0.000000	0.000000	0.000000	0.000000	0.000000	0.000000
-1.003805	-0.870281	-0.000000	-0.823214	0.000000	0.000000	0.000000	0.000000	0.000000	0.000000
-1.003807	-0.870282	-0.000000	-0.823215	0.000000	0.000000	0.000000	0.000000	0.000000	0.000000
-1.003807	-0.870282	0.000000	-0.823209	0.000000	0.000000	0.000000	0.000000	0.000000	0.000000
-1.003808	-0.870282	0.000000	-0.823138	0.000000	0.000000	0.000000	0.000000	0.000000	0.000000
-1.003817	-0.870282	0.000000	-0.823025	0.000000	0.000000	0.000000	0.000000	0.000000	0.000000
-1.003810	-0.870282	-0.000000	-0.823157	0.000000	0.000000	0.000000	0.000000	0.000000	0.000000
-1.003809	-0.870282	-0.000000	-0.823217	0.000000	0.000000	0.000000	0.000000	0.000000	0.000000
-1.003812	-0.870281	-0.000000	-0.823204	0.000000	0.000000	0.000000	0.000000	0.000000	0.000000
-1.003806	-0.870282	-0.000000	-0.823053	0.000000	0.000000	0.000000	0.000000	0.000000	0.000000
-1.003811	-0.870282	-0.000000	-0.823218	0.000000	0.000000	0.000000	0.000000	0.000000	0.000000
-1.003812	-0.870282	-0.000000	-0.822614	0.000000	0.000000	0.000000	0.000000	0.000000	0.000000
-1.003794	-0.870281	0.000000	-0.823209	0.000000	0.000000	0.000000	0.000000	0.000000	0.000000
-1.003816	-0.870282	-0.000000	-0.823184	0.000000	0.000000	0.000000	0.000000	0.000000	0.000000
-1.003816	-0.870282	-0.000000	-0.823218	0.000000	0.000000	0.000000	0.000000	0.000000	0.000000
-1.003791	-0.870281	0.000000	-0.823212	0.000000	0.000000	0.000000	0.000000	0.000000	0.000000
-1.003821	-0.870282	0.000000	-0.823202	0.000000	0.000000	0.000000	0.000000	0.000000	0.000000
-1.003798	-0.870282	-0.000000	-0.823218	0.000000	0.000000	0.000000	0.000000	0.000000	0.000000
-1.003801	-0.870282	0.000000	-0.818945	0.000000	0.000000	0.000000	0.000000	0.000000	0.000000
-1.003789	-0.870282	-0.000000	-0.823218	0.000000	0.000000	0.000000	0.000000	0.000000	0.000000
-1.003809	-0.870282	-0.000000	-0.823218	0.000000	0.000000	0.000000	0.000000	0.000000	0.000000
-1.003801	-0.870281	0.000000	-0.823214	0.000000	0.000000	0.000000	0.000000	0.000000	0.000000
-1.003812	-0.870282	-0.000000	-0.823218	0.000000	0.000000	0.000000	0.000000	0.000000	0.000000
-1.003799	-0.870282	0.000000	-0.823218	0.000000	0.000000	0.000000	0.000000	0.000000	0.000000
-1.003806	-0.870282	0.000000	-0.823217	0.000000	0.000000	0.000000	0.000000	0.000000	0.000000
-1.003818	-0.870282	-0.000000	-0.823218	0.000000	0.000000	0.000000	0.000000	0.000000	0.000000
-1.003808	-0.870282	0.000000	-0.823182	0.000000	0.000000	0.000000	0.000000	0.000000	0.000000
-1.003799	-0.870281	-0.000000	-0.823212	0.000000	0.000000	0.000000	0.000000	0.000000	0.000000
-1.003812	-0.870282	-0.000000	-0.823218	0.000000	0.000000	0.000000	0.000000	0.000000	0.000000
-1.003807	-0.870282	0.000000	-0.823218	0.000000	0.000000	0.000000	0.000000	0.000000	0.000000
-1.003821	-0.870281	-0.000000	-0.823214	0.000000	0.000000	0.000000	0.000000	0.000000	0.000000
-1.003826	-0.870282	-0.000000	-0.823218	0.000000	0.000000	0.000000	0.000000	0.000000	0.000000
-1.003830	-0.870282	-0.000000	-0.823149	0.000000	0.000000	0.000000	0.000000	0.000000	0.000000
-1.003808	-0.870282	-0.000000	-0.823210	0.000000	0.000000	0.000000	0.000000	0.000000	0.000000
-1.003803	-0.870282	-0.000000	-0.823218	0.000000	0.000000	0.000000	0.000000	0.000000	0.000000
-1.003824	-0.870282	-0.000000	-0.823218	0.000000	0.000000	0.000000	0.000000	0.000000	0.000000
-1.003808	-0.870282	0.000000	-0.823216	0.000000	0.000000	0.000000	0.000000	0.000000	0.000000
-1.003804	-0.870282	-0.000000	-0.823218	0.000000	0.000000	0.000000	0.000000	0.000000	0.000000
-1.003782	-0.870282	-0.000000	-0.823215	0.000000	0.000000	0.000000	0.000000	0.000000	0.000000
-1.003821	-0.870282	0.000000	-0.823218	0.000000	0.000000	0.000000	0.000000	0.000000	0.000000
-1.003801	-0.870282	-0.000000	-0.823151	0.000000	0.000000	0.000000	0.000000	0.000000	0.000000
-1.003813	-0.870282	0.000000	-0.823218	0.000000	0.000000	0.000000	0.000000	0.000000	0.000000
-1.003820	-0.870282	-0.000000	-0.823218	0.000000	0.000000	0.000000	0.000000	0.000000	0.000000
-1.003823	-0.870282	-0.000000	-0.823218	0.000000	0.000000	0.000000	0.000000	0.000000	0.000000
-1.003794	-0.870282	0.000000	-0.823218	0.000000	0.000000	0.000000	0.000000	0.000000	0.000000
-1.003795	-0.870282	-0.000000	-0.822984	0.000000	0.000000	0.000000	0.000000	0.000000	0.000000
-1.003819	-0.870282	0.000000	-0.823218	0.000000	0.000000	0.000000	0.000000	0.000000	0.000000
-1.003817	-0.870282	0.000000	-0.823218	0.000000	0.000000	0.000000	0.000000	0.000000	0.000000
-1.003833	-0.870282	0.000000	-0.823218	0.000000	0.000000	0.000000	0.000000	0.000000	0.000000
-1.003799	-0.870282	-0.000000	-0.823218	0.000000	0.000000	0.000000	0.000000	0.000000	0.000000
-1.003796	-0.870282	-0.000000	-0.823178	0.000000	0.000000	0.000000	0.000000	0.000000	0.000000
-1.003797	-0.870282	-0.000000	-0.823209	0.000000	0.000000	0.000000	0.000000	0.000000	0.000000
-1.003805	-0.870282	-0.000000	-0.823213	0.000000	0.000000	0.000000	0.000000	0.000000	0.000000
-1.003800	-0.870282	0.000000	-0.800025	0.000000	0.000000	0.000000	0.000000	0.000000	0.000000
-1.003829	-0.870282	-0.000000	-0.823203	0.000000	0.000000	0.000000	0.000000	0.000000	0.000000
-1.003800	-0.870282	0.000000	-0.771860	0.000000	0.000000	0.000000	0.000000	0.000000	0.000000
-1.003816	-0.870282	0.000000	-0.823139	0.000000	0.000000	0.000000	0.000000	0.000000	0.000000
-1.003792	-0.870282	-0.000000	-0.819835	0.000000	0.000000	0.000000	0.000000	0.000000	0.000000
-1.003813	-0.870282	0.000000	-0.823218	0.000000	0.000000	0.000000	0.000000	0.000000	0.000000
-1.003811	-0.870282	0.000000	-0.823217	0.000000	0.000000	0.000000	0.000000	0.000000	0.000000
-1.003817	-0.870282	-0.000000	-0.823122	0.000000	0.000000	0.000000	0.000000	0.000000	0.000000
-1.003810	-0.870282	0.000000	-0.823217	0.000000	0.000000	0.000000	0.000000	0.000000	0.000000
-1.003805	-0.870282	0.000000	-0.823217	0.000000	0.000000	0.000000	0.000000	0.000000	0.000000
-1.003796	-0.870282	-0.000000	-0.823218	0.000000	0.000000	0.000000	0.000000	0.000000	0.000000
-1.003800	-0.870282	0.000000	-0.823218	0.000000	0.000000	0.000000	0.000000	0.000000	0.000000
-1.003810	-0.870282	-0.000000	-0.823209	0.000000	0.000000	0.000000	0.000000	0.000000	0.000000
-1.003785	-0.870282	-0.000000	-0.823086	0.000000	0.000000	0.000000	0.000000	0.000000	0.000000
-1.003801	-0.870281	0.000000	-0.823217	0.000000	0.000000	0.000000	0.000000	0.000000	0.000000
-1.003812	-0.870282	0.000000	-0.823218	0.000000	0.000000	0.000000	0.000000	0.000000	0.000000
-1.003821	-0.870282	-0.000000	-0.823218	0.000000	0.000000	0.000000	0.000000	0.000000	0.000000
-1.003806	-0.870282	-0.000000	-0.813448	0.000000	0.000000	0.000000	0.000000	0.000000	0.000000
-1.003800	-0.870282	-0.000000	-0.823218	0.000000	0.000000	0.000000	0.000000	0.000000	0.000000
-1.003807	-0.870282	-0.000000	-0.823218	0.000000	0.000000	0.000000	0.000000	0.000000	0.000000
-1.003787	-0.870282	0.000000	-0.823218	0.000000	0.000000	0.000000	0.000000	0.000000	0.000000
-1.003810	-0.870282	-0.000000	-0.823194	0.000000	0.000000	0.000000	0.000000	0.000000	0.000000
-1.003804	-0.870282	0.000000	-0.823209	0.000000	0.000000	0.000000	0.000000	0.000000	0.000000
-1.003794	-0.870282	-0.000000	-0.823201	0.000000	0.000000	0.000000	0.000000	0.000000	0.000000
-1.003801	-0.870282	0.000000	-0.823217	0.000000	0.000000	0.000000	0.000000	0.000000	0.000000
-1.003802	-0.870282	0.000000	-0.823216	0.000000	0.000000	0.000000	0.000000	0.000000	0.000000
-1.003807	-0.870281	0.000000	-0.823218	0.000000	0.000000	0.000000	0.000000	0.000000	0.000000
-1.003804	-0.870282	-0.000000	-0.823217	0.000000	0.000000	0.000000	0.000000	0.000000	0.000000
-1.003801	-0.870281	0.000000	-0.823217	0.000000	0.000000	0.000000	0.000000	0.000000	0.000000
-1.003807	-0.870282	-0.000000	-0.823217	0.000000	0.000000	0.000000	0.000000	0.000000	0.000000
-1.003807	-0.870282	-0.000000	-0.823217	0.000000	0.000000	0.000000	0.000000	0.000000	0.000000
-1.003819	-0.870282	0.000000	-0.823217	0.000000	0.000000	0.000000	0.000000	0.000000	0.000000
-1.003808	-0.870282	-0.000000	-0.823218	0.000000	0.000000	0.000000	0.000000	0.000000	0.000000
-1.003821	-0.870282	0.000000	-0.823218	0.000000	0.000000	0.000000	0.000000	0.000000	0.000000
-1.003814	-0.870282	-0.000000	-0.823218	0.000000	0.000000	0.000000	0.000000	0.000000	0.000000
-1.003811	-0.870282	-0.000000	-0.823053	0.000000	0.000000	0.000000	0.000000	0.000000	0.000000
-1.003816	-0.870282	0.000000	-0.823217	0.000000	0.000000	0.000000	0.000000	0.000000	0.000000
-1.003794	-0.870282	0.000000	-0.823217	0.000000	0.000000	0.000000	0.000000	0.000000	0.000000
-1.003804	-0.870282	0.000000	-0.823218	0.000000	0.000000	0.000000	0.000000	0.000000	0.000000
-1.003798	-0.870282	-0.000000	-0.823217	0.000000	0.000000	0.000000	0.000000	0.000000	0.000000
-1.003794	-0.870282	-0.000000	-0.823218	0.000000	0.000000	0.000000	0.000000	0.000000	0.000000
-1.003813	-0.870282	-0.000000	-0.823218	0.000000	0.000000	0.000000	0.000000	0.000000	0.000000
-1.003790	-0.870282	-0.000000	-0.823217	0.000000	0.000000	0.000000	0.000000	0.000000	0.000000
-1.003803	-0.870282	-0.000000	-0.823178	0.000000	0.000000	0.000000	0.000000	0.000000	0.000000
-1.003806	-0.870282	0.000000	-0.823218	0.000000	0.000000	0.000000	0.000000	0.000000	0.000000
-1.003798	-0.870282	0.000000	-0.823216	0.000000	0.000000	0.000000	0.000000	0.000000	0.000000
-1.003808	-0.870281	0.000000	-0.823218	0.000000	0.000000	0.000000	0.000000	0.000000	0.000000
-1.003804	-0.870282	0.000000	-0.823218	0.000000	0.000000	0.000000	0.000000	0.000000	0.000000
-1.003810	-0.870282	-0.000000	-0.823217	0.000000	0.000000	0.000000	0.000000	0.000000	0.000000
-1.003803	-0.870282	-0.000000	-0.823218	0.000000	0.000000	0.000000	0.000000	0.000000	0.000000
-1.003814	-0.870282	-0.000000	-0.816049	0.000000	0.000000	0.000000	0.000000	0.000000	0.000000
-1.003794	-0.870282	-0.000000	-0.823178	0.000000	0.000000	0.000000	0.000000	0.000000	0.000000
-1.003813	-0.870282	0.000000	-0.823204	0.000000	0.000000	0.000000	0.000000	0.000000	0.000000
-1.003801	-0.870282	-0.000000	-0.823211	0.000000	0.000000	0.000000	0.000000	0.000000	0.000000
-1.003796	-0.870282	0.000000	-0.823218	0.000000	0.000000	0.000000	0.000000	0.000000	0.000000
-1.003807	-0.870282	0.000000	-0.823218	0.000000	0.000000	0.000000	0.000000	0.000000	0.000000
-1.003799	-0.870282	0.000000	-0.823216	0.000000	0.000000	0.000000	0.000000	0.000000	0.000000
-1.003792	-0.870282	0.000000	-0.823190	0.000000	0.000000	0.000000	0.000000	0.000000	0.000000
-1.003820	-0.870282	-0.000000	-0.823218	0.000000	0.000000	0.000000	0.000000	0.000000	0.000000
-1.003807	-0.870282	-0.000000	-0.823218	0.000000	0.000000	0.000000	0.000000	0.000000	0.000000
-1.003828	-0.870282	-0.000000	-0.823217	0.000000	0.000000	0.000000	0.000000	0.000000	0.000000
-1.003823	-0.870282	0.000000	-0.823218	0.000000	0.000000	0.000000	0.000000	0.000000	0.000000
-1.003798	-0.869879	0.000000	-0.823217	0.000000	0.000000	0.000000	0.000000	0.000000	0.000000
-1.003826	-0.870282	-0.000000	-0.823217	0.000000	0.000000	0.000000	0.000000	0.000000	0.000000
-1.003817	-0.870282	0.000000	-0.823205	0.000000	0.000000	0.000000	0.000000	0.000000	0.000000
-1.003794	-0.870282	0.000000	-0.823194	0.000000	0.000000	0.000000	0.000000	0.000000	0.000000
-1.003804	-0.870282	0.000000	-0.823218	0.000000	0.000000	0.000000	0.000000	0.000000	0.000000
-1.003785	-0.870262	0.000000	-0.823198	0.000000	0.000000	0.000000	0.000000	0.000000	0.000000
-1.003808	-0.870282	-0.000000	-0.823214	0.000000	0.000000	0.000000	0.000000	0.000000	0.000000
-1.003807	-0.870281	0.000000	-0.823216	0.000000	0.000000	0.000000	0.000000	0.000000	0.000000
-1.003816	-0.870282	-0.000000	-0.821992	0.000000	0.000000	0.000000	0.000000	0.000000	0.000000
-1.003826	-0.870282	0.000000	-0.823218	0.000000	0.000000	0.000000	0.000000	0.000000	0.000000
-1.003805	-0.870280	-0.000000	-0.823218	0.000000	0.000000	0.000000	0.000000	0.000000	0.000000
-1.003786	-0.870282	0.000000	-0.823217	0.000000	0.000000	0.000000	0.000000	0.000000	0.000000
-1.003833	-0.870282	0.000000	-0.823218	0.000000	0.000000	0.000000	0.000000	0.000000	0.000000
-1.003796	-0.870282	-0.000000	-0.823215	0.000000	0.000000	0.000000	0.000000	0.000000	0.000000
-1.003815	-0.870282	-0.000000	-0.823211	0.000000	0.000000	0.000000	0.000000	0.000000	0.000000
-1.003804	-0.870282	-0.000000	-0.823218	0.000000	0.000000	0.000000	0.000000	0.000000	0.000000
-1.003806	-0.870282	-0.000000	-0.823216	0.000000	0.000000	0.000000	0.000000	0.000000	0.000000
-1.003795	-0.870282	-0.000000	-0.823216	0.000000	0.000000	0.000000	0.000000	0.000000	0.000000
-1.003826	-0.870282	-0.000000	-0.823218	0.000000	0.000000	0.000000	0.000000	0.000000	0.000000
-1.003823	-0.870282	0.000000	-0.823218	0.000000	0.000000	0.000000	0.000000	0.000000	0.000000
-1.003805	-0.870282	-0.000000	-0.823217	0.000000	0.000000	0.000000	0.000000	0.000000	0.000000
-1.003788	-0.870282	0.000000	-0.823215	0.000000	0.000000	0.000000	0.000000	0.000000	0.000000
-1.003804	-0.870282	-0.000000	-0.823217	0.000000	0.000000	0.000000	0.000000	0.000000	0.000000
-1.003819	-0.870282	-0.000000	-0.823191	0.000000	0.000000	0.000000	0.000000	0.000000	0.000000
-1.003824	-0.870282	-0.000000	-0.823218	0.000000	0.000000	0.000000	0.000000	0.000000	0.000000
-1.003821	-0.870282	-0.000000	-0.822971	0.000000	0.000000	0.000000	0.000000	0.000000	0.000000
-1.003814	-0.870282	-0.000000	-0.823218	0.000000	0.000000	0.000000	0.000000	0.000000	0.000000
-1.003800	-0.870282	-0.000000	-0.823216	0.000000	0.000000	0.000000	0.000000	0.000000	0.000000
-1.003814	-0.870282	-0.000000	-0.823218	0.000000	0.000000	0.000000	0.000000	0.000000	0.000000
-1.003818	-0.870282	-0.000000	-0.823218	0.000000	0.000000	0.000000	0.000000	0.000000	0.000000
-1.003803	-0.870282	-0.000000	-0.823213	0.000000	0.000000	0.000000	0.000000	0.000000	0.000000
-1.003816	-0.870280	0.000000	-0.823213	0.000000	0.000000	0.000000	0.000000	0.000000	0.000000
-1.003820	-0.870282	-0.000000	-0.823218	0.000000	0.000000	0.000000	0.000000	0.000000	0.000000
-1.003784	0.841423	-0.000679	-0.000000	0.000000	0.000000	0.000000	0.000000	0.000000	0.000000
-1.003802	0.841423	0.848201	-0.000000	0.000000	0.000000	0.000000	0.000000	0.000000	0.000000
-1.003826	0.841423	0.848201	-0.000000	0.000000	0.000000	0.000000	0.000000	0.000000	0.000000
-1.003799	0.841423	0.848201	0.000000	0.000000	0.000000	0.000000	0.000000	0.000000	0.000000
-1.003814	0.841423	0.848201	-0.000000	0.000000	0.000000	0.000000	0.000000	0.000000	0.000000
-1.003806	0.841423	0.848201	-0.000000	0.000000	0.000000	0.000000	0.000000	0.000000	0.000000
-1.003793	0.841423	0.848144	-0.000000	0.000000	0.000000	0.000000	0.000000	0.000000	0.000000
-1.003808	0.841423	0.848111	-0.000000	0.000000	0.000000	0.000000	0.000000	0.000000	0.000000
-1.003814	0.841423	0.848201	0.000000	0.000000	0.000000	0.000000	0.000000	0.000000	0.000000
-1.003805	0.841423	0.848201	-0.000000	0.000000	0.000000	0.000000	0.000000	0.000000	0.000000
-1.003802	0.841423	0.848191	-0.000000	0.000000	0.000000	0.000000	0.000000	0.000000	0.000000
-1.003834	0.841423	0.848201	0.000000	0.000000	0.000000	0.000000	0.000000	0.000000	0.000000
-1.003798	0.841423	0.848201	0.000000	0.000000	0.000000	0.000000	0.000000	0.000000	0.000000
-1.003809	0.841423	0.848201	0.000000	0.000000	0.000000	0.000000	0.000000	0.000000	0.000000
-1.003826	0.841423	0.765018	0.000000	0.000000	0.000000	0.000000	0.000000	0.000000	0.000000
-1.003799	0.841423	0.848201	0.000000	0.000000	0.000000	0.000000	0.000000	0.000000	0.000000
-1.003842	0.841423	0.848201	-0.000000	0.000000	0.000000	0.000000	0.000000	0.000000	0.000000
-1.003832	0.841423	0.848201	0.000000	0.000000	0.000000	0.000000	0.000000	0.000000	0.000000
-1.003815	0.841423	0.848200	-0.000000	0.000000	0.000000	0.000000	0.000000	0.000000	0.000000
-1.003819	0.841423	0.848201	-0.000000	0.000000	0.000000	0.000000	0.000000	0.000000	0.000000
-1.003822	0.841423	0.848201	-0.000000	0.000000	0.000000	0.000000	0.000000	0.000000	0.000000
-1.003800	0.841423	0.848189	0.000000	0.000000	0.000000	0.000000	0.000000	0.000000	0.000000
-1.003811	0.841423	0.848201	-0.000000	0.000000	0.000000	0.000000	0.000000	0.000000	0.000000
-1.003791	0.841423	0.848201	0.000000	0.000000	0.000000	0.000000	0.000000	0.000000	0.000000
-1.003793	0.841423	0.848201	-0.000000	0.000000	0.000000	0.000000	0.000000	0.000000	0.000000
-1.003792	0.841423	0.848201	-0.000000	0.000000	0.000000	0.000000	0.000000	0.000000	0.000000
-1.003814	0.841423	0.848201	0.000000	0.000000	0.000000	0.000000	0.000000	0.000000	0.000000
-1.003802	0.841423	0.848201	0.000000	0.000000	0.000000	0.000000	0.000000	0.000000	0.000000
-1.003805	0.841423	0.848201	-0.000000	0.000000	0.000000	0.000000	0.000000	0.000000	0.000000
-1.003806	0.841423	0.848169	0.000000	0.000000	0.000000	0.000000	0.000000	0.000000	0.000000
-1.003811	0.841423	0.848201	-0.000000	0.000000	0.000000	0.000000	0.000000	0.000000	0.000000
-1.003809	0.841423	0.848201	0.000000	0.000000	0.000000	0.000000	0.000000	0.000000	0.000000
-1.003813	0.841423	0.848201	-0.000000	0.000000	0.000000	0.000000	0.000000	0.000000	0.000000
-1.003813	0.841423	0.848005	0.000000	0.000000	0.000000	0.000000	0.000000	0.000000	0.000000
-1.003793	0.841423	0.848201	0.000000	0.000000	0.000000	0.000000	0.000000	0.000000	0.000000
-1.003807	0.841423	0.848201	-0.000000	0.000000	0.000000	0.000000	0.000000	0.000000	0.000000
-1.003804	0.841423	0.848187	0.000000	0.000000	0.000000	0.000000	0.000000	0.000000	0.000000
-1.003796	0.841423	0.846549	-0.000000	0.000000	0.000000	0.000000	0.000000	0.000000	0.000000
-1.003812	0.841423	0.848201	0.000000	0.000000	0.000000	0.000000	0.000000	0.000000	0.000000
-1.003811	0.841423	0.848201	0.000000	0.000000	0.000000	0.000000	0.000000	0.000000	0.000000
-1.003801	0.841423	0.848201	-0.000000	0.000000	0.000000	0.000000	0.000000	0.000000	0.000000
-1.003797	0.841423	0.848201	-0.000000	0.000000	0.000000	0.000000	0.000000	0.000000	0.000000
-1.003812	0.841423	0.848200	-0.000000	0.000000	0.000000	0.000000	0.000000	0.000000	0.000000
-1.003791	0.841423	0.848201	0.000000	0.000000	0.000000	0.000000	0.000000	0.000000	0.000000
-1.003788	0.841423	0.848192	-0.000000	0.000000	0.000000	0.000000	0.000000	0.000000	0.000000
-1.003785	0.841423	0.846148	0.000000	0.000000	0.000000	0.000000	0.000000	0.000000	0.000000
-1.003793	0.841423	0.848200	0.000000	0.000000	0.000000	0.000000	0.000000	0.000000	0.000000
-1.003806	0.841423	0.848201	-0.000000	0.000000	0.000000	0.000000	0.000000	0.000000	0.000000
-1.003809	0.841423	0.848188	0.000000	0.000000	0.000000	0.000000	0.000000	0.000000	0.000000
-1.003809	0.841423	0.848201	0.000000	0.000000	0.000000	0.000000	0.000000	0.000000	0.000000
-1.003813	0.841423	0.848201	0.000000	0.000000	0.000000	0.000000	0.000000	0.000000	0.000000
-1.003810	0.841423	0.848198	-0.000000	0.000000	0.000000	0.000000	0.000000	0.000000	0.000000
-1.003792	0.841423	0.848201	0.000000	0.000000	0.000000	0.000000	0.000000	0.000000	0.000000
-1.003813	0.841423	0.848201	0.000000	0.000000	0.000000	0.000000	0.000000	0.000000	0.000000
-1.003817	0.841423	0.848201	0.000000	0.000000	0.000000	0.000000	0.000000	0.000000	0.000000
-1.003822	0.841423	0.848201	0.000000	0.000000	0.000000	0.000000	0.000000	0.000000	0.000000
-1.003825	0.841423	0.848182	-0.000000	0.000000	0.000000	0.000000	0.000000	0.000000	0.000000
-1.003805	0.841423	0.848193	0.000000	0.000000	0.000000	0.000000	0.000000	0.000000	0.000000
-1.003829	0.841423	0.848201	0.000000	0.000000	0.000000	0.000000	0.000000	0.000000	0.000000
-1.003804	0.841423	0.848123	-0.000000	0.000000	0.000000	0.000000	0.000000	0.000000	0.000000
-1.003824	0.841423	0.848201	-0.000000	0.000000	0.000000	0.000000	0.000000	0.000000	0.000000
-1.003813	0.841423	0.848200	-0.000000	0.000000	0.000000	0.000000	0.000000	0.000000	0.000000
-1.003796	0.841423	0.848201	-0.000000	0.000000	0.000000	0.000000	0.000000	0.000000	0.000000
-1.003803	0.841423	0.848201	-0.000000	0.000000	0.000000	0.000000	0.000000	0.000000	0.000000
-1.003797	0.841423	0.848201	0.000000	0.000000	0.000000	0.000000	0.000000	0.000000	0.000000
-1.003802	0.841422	0.848201	-0.000000	0.000000	0.000000	0.000000	0.000000	0.000000	0.000000
-1.003811	0.841423	0.848201	0.000000	0.000000	0.000000	0.000000	0.000000	0.000000	0.000000
-1.003799	0.841423	0.848201	0.000000	0.000000	0.000000	0.000000	0.000000	0.000000	0.000000
-1.003790	0.841423	0.848201	0.000000	0.000000	0.000000	0.000000	0.000000	0.000000	0.000000
-1.003805	0.841423	0.848201	0.000000	0.000000	0.000000	0.000000	0.000000	0.000000	0.000000
-1.003794	0.841423	0.848201	0.000000	0.000000	0.000000	0.000000	0.000000	0.000000	0.000000
-1.003805	0.841423	0.848201	0.000000	0.000000	0.000000	0.000000	0.000000	0.000000	0.000000
-1.003810	0.841423	0.848201	0.000000	0.000000	0.000000	0.000000	0.000000	0.000000	0.000000
-1.003818	0.841423	0.848201	0.000000	0.000000	0.000000	0.000000	0.000000	0.000000	0.000000
-1.003795	0.841423	0.848201	0.000000	0.000000	0.000000	0.000000	0.000000	0.000000	0.000000
-1.003840	0.841423	0.848171	0.000000	0.000000	0.000000	0.000000	0.000000	0.000000	0.000000
-1.003807	0.841423	0.848200	-0.000000	0.000000	0.000000	0.000000	0.000000	0.000000	0.000000
-1.003797	0.841421	0.848201	0.000000	0.000000	0.000000	0.000000	0.000000	0.000000	0.000000
-1.003806	0.841423	0.848201	0.000000	0.000000	0.000000	0.000000	0.000000	0.000000	0.000000
-1.003818	0.841423	0.848201	0.000000	0.000000	0.000000	0.000000	0.000000	0.000000	0.000000
-1.003805	0.841423	0.847671	0.000000	0.000000	0.000000	0.000000	0.000000	0.000000	0.000000
-1.003812	0.841423	0.848201	-0.000000	0.000000	0.000000	0.000000	0.000000	0.000000	0.000000
-1.003808	0.841423	0.848201	-0.000000	0.000000	0.000000	0.000000	0.000000	0.000000	0.000000
-1.003796	0.841418	0.848200	-0.000000	0.000000	0.000000	0.000000	0.000000	0.000000	0.000000
-1.003814	0.841423	0.848201	0.000000	0.000000	0.000000	0.000000	0.000000	0.000000	0.000000
-1.003793	0.841423	0.848201	-0.000000	0.000000	0.000000	0.000000	0.000000	0.000000	0.000000
-1.003811	0.841423	0.848201	0.000000	0.000000	0.000000	0.000000	0.000000	0.000000	0.000000
-1.003797	0.841423	0.848201	0.000000	0.000000	0.000000	0.000000	0.000000	0.000000	0.000000
-1.003831	0.841423	0.848056	-0.000000	0.000000	0.000000	0.000000	0.000000	0.000000	0.000000
-1.003819	0.841423	0.848201	0.000000	0.000000	0.000000	0.000000	0.000000	0.000000	0.000000
-1.003821	0.841423	0.848201	0.000000	0.000000	0.000000	0.000000	0.000000	0.000000	0.000000
-1.003805	0.841423	0.848201	-0.000000	0.000000	0.000000	0.000000	0.000000	0.000000	0.000000
-1.003817	0.841423	0.848201	0.000000	0.000000	0.000000	0.000000	0.000000	0.000000	0.000000
-1.003797	0.841423	0.848201	-0.000000	0.000000	0.000000	0.000000	0.000000	0.000000	0.000000
-1.003814	0.841423	0.848200	-0.000000	0.000000	0.000000	0.000000	0.000000	0.000000	0.000000
-1.003817	0.841423	0.848174	0.000000	0.000000	0.000000	0.000000	0.000000	0.000000	0.000000
-1.003810	0.841423	0.848201	0.000000	0.000000	0.000000	0.000000	0.000000	0.000000	0.000000
-1.003804	0.841423	0.848201	-0.000000	0.000000	0.000000	0.000000	0.000000	0.000000	0.000000
-1.003803	0.841423	0.848124	0.000000	0.000000	0.000000	0.000000	0.000000	0.000000	0.000000
-1.003796	0.841423	0.848200	-0.000000	0.000000	0.000000	0.000000	0.000000	0.000000	0.000000
-1.003823	0.841423	0.848201	-0.000000	0.000000	0.000000	0.000000	0.000000	0.000000	0.000000
-1.003819	0.841423	0.848201	0.000000	0.000000	0.000000	0.000000	0.000000	0.000000	0.000000
-1.003820	0.841423	0.848201	0.000000	0.000000	0.000000	0.000000	0.000000	0.000000	0.000000
-1.003812	0.841423	0.848201	-0.000000	0.000000	0.000000	0.000000	0.000000	0.000000	0.000000
-1.003800	0.841423	0.848201	-0.000000	0.000000	0.000000	0.000000	0.000000	0.000000	0.000000
-1.003802	0.841423	0.848201	-0.000000	0.000000	0.000000	0.000000	0.000000	0.000000	0.000000
-1.003821	0.841411	0.848201	0.000000	0.000000	0.000000	0.000000	0.000000	0.000000	0.000000
-1.003801	0.841423	0.848200	0.000000	0.000000	0.000000	0.000000	0.000000	0.000000	0.000000
-1.003800	0.841423	0.848098	0.000000	0.000000	0.000000	0.000000	0.000000	0.000000	0.000000
-1.003808	0.841423	0.848201	-0.000000	0.000000	0.000000	0.000000	0.000000	0.000000	0.000000
-1.003800	0.841423	0.846796	0.000000	0.000000	0.000000	0.000000	0.000000	0.000000	0.000000
-1.003816	0.841423	0.848077	-0.000000	0.000000	0.000000	0.000000	0.000000	0.000000	0.000000
-1.003804	0.841423	0.848201	-0.000000	0.000000	0.000000	0.000000	0.000000	0.000000	0.000000
-1.003842	0.841423	0.848201	0.000000	0.000000	0.000000	0.000000	0.000000	0.000000	0.000000
-1.003794	0.841423	0.848201	0.000000	0.000000	0.000000	0.000000	0.000000	0.000000	0.000000
-1.003802	0.841423	0.848201	-0.000000	0.000000	0.000000	0.000000	0.000000	0.000000	0.000000
-1.003805	0.841423	0.848201	0.000000	0.000000	0.000000	0.000000	0.000000	0.000000	0.000000
-1.003826	0.841423	0.848201	-0.000000	0.000000	0.000000	0.000000	0.000000	0.000000	0.000000
-1.003810	0.841423	0.848181	0.000000	0.000000	0.000000	0.000000	0.000000	0.000000	0.000000
-1.003807	0.841423	0.848201	0.000000	0.000000	0.000000	0.000000	0.000000	0.000000	0.000000
-1.003809	0.841423	0.848192	-0.000000	0.000000	0.000000	0.000000	0.000000	0.000000	0.000000
-1.003801	0.841423	0.848201	0.000000	0.000000	0.000000	0.000000	0.000000	0.000000	0.000000
-1.003804	0.841423	0.848200	-0.000000	0.000000	0.000000	0.000000	0.000000	0.000000	0.000000
-1.003809	0.841423	0.848201	-0.000000	0.000000	0.000000	0.000000	0.000000	0.000000	0.000000
-1.003828	0.841423	0.848201	-0.000000	0.000000	0.000000	0.000000	0.000000	0.000000	0.000000
-1.003820	0.841415	0.848193	0.000000	0.000000	0.000000	0.000000	0.000000	0.000000	0.000000
-1.003799	0.841423	0.848201	0.000000	0.000000	0.000000	0.000000	0.000000	0.000000	0.000000
-1.003819	0.841423	0.848201	0.000000	0.000000	0.000000	0.000000	0.000000	0.000000	0.000000
-1.003796	0.841423	0.848198	0.000000	0.000000	0.000000	0.000000	0.000000	0.000000	0.000000
-1.003806	0.841423	0.848200	0.000000	0.000000	0.000000	0.000000	0.000000	0.000000	0.000000
-1.003813	0.841423	0.848201	-0.000000	0.000000	0.000000	0.000000	0.000000	0.000000	0.000000
-1.003788	0.841423	0.848201	-0.000000	0.000000	0.000000	0.000000	0.000000	0.000000	0.000000
-1.003812	0.841423	0.848201	0.000000	0.000000	0.000000	0.000000	0.000000	0.000000	0.000000
-1.003785	0.841423	0.842639	-0.000000	0.000000	0.000000	0.000000	0.000000	0.000000	0.000000
-1.003825	0.841423	0.844277	0.000000	0.000000	0.000000	0.000000	0.000000	0.000000	0.000000
-1.003815	0.841423	0.846494	0.000000	0.000000	0.000000	0.000000	0.000000	0.000000	0.000000
-1.003820	0.841422	0.848184	-0.000000	0.000000	0.000000	0.000000	0.000000	0.000000	0.000000
-1.003810	0.841423	0.848200	-0.000000	0.000000	0.000000	0.000000	0.000000	0.000000	0.000000
-1.003809	0.841423	0.848201	0.000000	0.000000	0.000000	0.000000	0.000000	0.000000	0.000000
-1.003823	0.841423	0.848201	0.000000	0.000000	0.000000	0.000000	0.000000	0.000000	0.000000
-1.003830	0.841423	0.848201	0.000000	0.000000	0.000000	0.000000	0.000000	0.000000	0.000000
-1.003801	0.841423	0.848201	0.000000	0.000000	0.000000	0.000000	0.000000	0.000000	0.000000
-1.003816	0.841423	0.848199	-0.000000	0.000000	0.000000	0.000000	0.000000	0.000000	0.000000
-1.003802	0.841423	0.848201	0.000000	0.000000	0.000000	0.000000	0.000000	0.000000	0.000000
-1.003798	0.841423	0.848201	-0.000000	0.000000	0.000000	0.000000	0.000000	0.000000	0.000000
-1.003800	0.841423	0.848201	-0.000000	0.000000	0.000000	0.000000	0.000000	0.000000	0.000000
-1.003816	0.841423	0.848201	-0.000000	0.000000	0.000000	0.000000	0.000000	0.000000	0.000000
-1.003823	0.841423	0.848199	0.000000	0.000000	0.000000	0.000000	0.000000	0.000000	0.000000
-1.003822	0.841423	0.848201	-0.000000	0.000000	0.000000	0.000000	0.000000	0.000000	0.000000
-1.003798	0.841423	0.848201	-0.000000	0.000000	0.000000	0.000000	0.000000	0.000000	0.000000
-1.003799	0.841423	0.848120	-0.000000	0.000000	0.000000	0.000000	0.000000	0.000000	0.000000
-1.003808	0.841423	0.848201	0.000000	0.000000	0.000000	0.000000	0.000000	0.000000	0.000000
-1.003798	0.841423	0.848197	0.000000	0.000000	0.000000	0.000000	0.000000	0.000000	0.000000
-1.003811	0.841423	0.848201	0.000000	0.000000	0.000000	0.000000	0.000000	0.000000	0.000000
-1.003812	0.841423	0.848201	0.000000	0.000000	0.000000	0.000000	0.000000	0.000000	0.000000
-1.003822	0.841423	0.847791	-0.000000	0.000000	0.000000	0.000000	0.000000	0.000000	0.000000
-1.003798	0.841423	0.848201	0.000000	0.000000	0.000000	0.000000	0.000000	0.000000	0.000000
-1.003825	0.841423	0.848201	0.000000	0.000000	0.000000	0.000000	0.000000	0.000000	0.000000
-1.003808	0.841423	0.848201	0.000000	0.000000	0.000000	0.000000	0.000000	0.000000	0.000000
-1.003822	0.841423	0.848201	0.000000	0.000000	0.000000	0.000000	0.000000	0.000000	0.000000
-1.003803	0.841423	0.848155	-0.000000	0.000000	0.000000	0.000000	0.000000	0.000000	0.000000
-1.003808	0.841423	0.848201	0.000000	0.000000	0.000000	0.000000	0.000000	0.000000	0.000000
-1.003803	0.841423	0.848201	-0.000000	0.000000	0.000000	0.000000	0.000000	0.000000	0.000000
-1.003815	0.841423	0.848201	-0.000000	0.000000	0.000000	0.000000	0.000000	0.000000	0.000000
-1.003808	0.841423	0.848201	0.000000	0.000000	0.000000	0.000000	0.000000	0.000000	0.000000
-1.003817	0.841423	0.848201	-0.000000	0.000000	0.000000	0.000000	0.000000	0.000000	0.000000
-1.003804	0.841423	0.848201	0.000000	0.000000	0.000000	0.000000	0.000000	0.000000	0.000000
-1.003799	0.841423	0.848201	-0.000000	0.000000	0.000000	0.000000	0.000000	0.000000	0.000000
-1.003812	0.841423	0.848201	-0.000000	0.000000	0.000000	0.000000	0.000000	0.000000	0.000000
-1.003788	0.841423	0.848201	0.000000	0.000000	0.000000	0.000000	0.000000	0.000000	0.000000
-1.003801	0.841423	0.848200	-0.000000	0.000000	0.000000	0.000000	0.000000	0.000000	0.000000
-1.003816	0.841423	0.848201	0.000000	0.000000	0.000000	0.000000	0.000000	0.000000	0.000000
-1.003814	0.841423	0.848195	-0.000000	0.000000	0.000000	0.000000	0.000000	0.000000	0.000000
-1.003817	0.841423	0.848201	0.000000	0.000000	0.000000	0.000000	0.000000	0.000000	0.000000
-1.003819	0.841423	0.847273	-0.000000	0.000000	0.000000	0.000000	0.000000	0.000000	0.000000
-1.003790	0.841423	0.848201	-0.000000	0.000000	0.000000	0.000000	0.000000	0.000000	0.000000
-1.003828	0.841423	0.848201	0.000000	0.000000	0.000000	0.000000	0.000000	0.000000	0.000000
-1.003808	0.841423	0.848201	-0.000000	0.000000	0.000000	0.000000	0.000000	0.000000	0.000000
-1.003824	0.841423	0.783096	-0.000000	0.000000	0.000000	0.000000	0.000000	0.000000	0.000000
-1.003804	0.841423	0.848188	-0.000000	0.000000	0.000000	0.000000	0.000000	0.000000	0.000000
-1.003817	0.841423	0.848201	0.000000	0.000000	0.000000	0.000000	0.000000	0.000000	0.000000
-1.003814	0.841423	0.848195	-0.000000	0.000000	0.000000	0.000000	0.000000	0.000000	0.000000
-1.003825	0.841423	0.848201	0.000000	0.000000	0.000000	0.000000	0.000000	0.000000	0.000000
-1.003821	0.252287	0.848201	0.000000	0.000000	0.000000	0.000000	0.000000	0.000000	0.000000
-1.003806	0.841423	0.848201	-0.000000	0.000000	0.000000	0.000000	0.000000	0.000000	0.000000
-1.003806	0.841423	0.848199	-0.000000	0.000000	0.000000	0.000000	0.000000	0.000000	0.000000
-1.003806	0.841423	0.848201	0.000000	0.000000	0.000000	0.000000	0.000000	0.000000	0.000000
-1.003822	0.841423	0.848201	-0.000000	0.000000	0.000000	0.000000	0.000000	0.000000	0.000000
-1.003813	0.841423	0.848196	0.000000	0.000000	0.000000	0.000000	0.000000	0.000000	0.000000
-1.003809	0.841422	0.825772	-0.000000	0.000000	0.000000	0.000000	0.000000	0.000000	0.000000
-1.003812	0.841423	0.848197	-0.000000	0.000000	0.000000	0.000000	0.000000	0.000000	0.000000
-1.003801	0.841423	0.848201	0.000000	0.000000	0.000000	0.000000	0.000000	0.000000	0.000000
-1.003768	0.841423	0.848201	-0.000000	0.000000	0.000000	0.000000	0.000000	0.000000	0.000000
-1.003809	0.841423	0.848201	-0.000000	0.000000	0.000000	0.000000	0.000000	0.000000	0.000000
-1.003814	0.841423	0.848191	-0.000000	0.000000	0.000000	0.000000	0.000000	0.000000	0.000000
-1.003810	0.841423	0.848201	-0.000000	0.000000	0.000000	0.000000	0.000000	0.000000	0.000000
-1.003817	0.841423	0.848201	-0.000000	0.000000	0.000000	0.000000	0.000000	0.000000	0.000000
-1.003813	0.841423	0.848156	0.000000	0.000000	0.000000	0.000000	0.000000	0.000000	0.000000
-1.003798	0.841423	0.848201	0.000000	0.000000	0.000000	0.000000	0.000000	0.000000	0.000000
-1.003791	0.841423	0.848201	0.000000	0.000000	0.000000	0.000000	0.000000	0.000000	0.000000
-1.003802	0.841423	0.848184	0.000000	0.000000	0.000000	0.000000	0.000000	0.000000	0.000000
-1.003802	0.841423	0.848201	-0.000000	0.000000	0.000000	0.000000	0.000000	0.000000	0.000000
-1.003821	0.841423	0.848201	0.000000	0.000000	0.000000	0.000000	0.000000	0.000000	0.000000
-1.003793	0.841423	0.848201	-0.000000	0.000000	0.000000	0.000000	0.000000	0.000000	0.000000
-1.003810	0.841423	0.848201	-0.000000	0.000000	0.000000	0.000000	0.000000	0.000000	0.000000
-1.003793	0.841421	0.848201	-0.000000	0.000000	0.000000	0.000000	0.000000	0.000000	0.000000
-1.003804	0.841423	0.848201	0.000000	0.000000	0.000000	0.000000	0.000000	0.000000	0.000000
-1.003802	0.841423	0.848201	-0.000000	0.000000	0.000000	0.000000	0.000000	0.000000	0.000000
-1.003812	0.841423	0.848201	0.000000	0.000000	0.000000	0.000000	0.000000	0.000000	0.000000
-1.003805	0.841423	0.848201	0.000000	0.000000	0.000000	0.000000	0.000000	0.000000	0.000000
-1.003795	0.841423	0.848200	-0.000000	0.000000	0.000000	0.000000	0.000000	0.000000	0.000000
-1.003800	0.841423	0.848200	0.000000	0.000000	0.000000	0.000000	0.000000	0.000000	0.000000
-1.003788	0.841423	0.848201	0.000000	0.000000	0.000000	0.000000	0.000000	0.000000	0.000000
-1.003814	0.841423	0.848201	0.000000	0.000000	0.000000	0.000000	0.000000	0.000000	0.000000
-1.003805	0.841423	0.848201	0.000000	0.000000	0.000000	0.000000	0.000000	0.000000	0.000000
-1.003806	0.841423	0.848201	0.000000	0.000000	0.000000	0.000000	0.000000	0.000000	0.000000
-1.003803	0.841423	0.848201	0.000000	0.000000	0.000000	0.000000	0.000000	0.000000	0.000000
-1.003808	0.841423	0.848201	0.000000	0.000000	0.000000	0.000000	0.000000	0.000000	0.000000
-1.003802	0.841423	0.848200	0.000000	0.000000	0.000000	0.000000	0.000000	0.000000	0.000000
-1.003817	0.841423	0.848201	-0.000000	0.000000	0.000000	0.000000	0.000000	0.000000	0.000000
-1.003830	0.841423	0.848201	0.000000	0.000000	0.000000	0.000000	0.000000	0.000000	0.000000
-1.003817	0.841423	0.848201	0.000000	0.000000	0.000000	0.000000	0.000000	0.000000	0.000000
-1.003813	0.841423	0.848201	-0.000000	0.000000	0.000000	0.000000	0.000000	0.000000	0.000000
-1.003791	0.841423	0.848017	0.000000	0.000000	0.000000	0.000000	0.000000	0.000000	0.000000
-1.003780	0.841423	0.848099	-0.000000	0.000000	0.000000	0.000000	0.000000	0.000000	0.000000
-1.003797	0.841423	0.848201	-0.000000	0.000000	0.000000	0.000000	0.000000	0.000000	0.000000
-1.003798	0.841423	0.847423	0.000000	0.000000	0.000000	0.000000	0.000000	0.000000	0.000000
-1.003809	0.841423	0.848201	0.000000	0.000000	0.000000	0.000000	0.000000	0.000000	0.000000
-1.003803	0.841423	0.848201	-0.000000	0.000000	0.000000	0.000000	0.000000	0.000000	0.000000
-1.003819	0.841423	0.848159	0.000000	0.000000	0.000000	0.000000	0.000000	0.000000	0.000000
-1.003814	0.841423	0.846670	-0.000000	0.000000	0.000000	0.000000	0.000000	0.000000	0.000000
-1.003795	0.841423	0.848188	0.000000	0.000000	0.000000	0.000000	0.000000	0.000000	0.000000
-1.003815	0.841423	0.848201	0.000000	0.000000	0.000000	0.000000	0.000000	0.000000	0.000000
-1.003816	0.841423	0.848201	0.000000	0.000000	0.000000	0.000000	0.000000	0.000000	0.000000
-1.003800	0.841423	0.844945	0.000000	0.000000	0.000000	0.000000	0.000000	0.000000	0.000000
-1.003792	0.841423	0.848201	-0.000000	0.000000	0.000000	0.000000	0.000000	0.000000	0.000000
-1.003816	0.841423	0.848201	-0.000000	0.000000	0.000000	0.000000	0.000000	0.000000	0.000000
-1.003824	0.841423	0.848201	0.000000	0.000000	0.000000	0.000000	0.000000	0.000000	0.000000
-1.003786	0.841423	0.848201	-0.000000	0.000000	0.000000	0.000000	0.000000	0.000000	0.000000
-1.003832	0.841423	0.847837	-0.000000	0.000000	0.000000	0.000000	0.000000	0.000000	0.000000
-1.003806	0.841423	0.848201	0.000000	0.000000	0.000000	0.000000	0.000000	0.000000	0.000000
-1.003799	0.841423	0.848201	-0.000000	0.000000	0.000000	0.000000	0.000000	0.000000	0.000000
-1.003804	0.841423	0.848201	0.000000	0.000000	0.000000	0.000000	0.000000	0.000000	0.000000
-1.003800	0.841423	0.848197	0.000000	0.000000	0.000000	0.000000	0.000000	0.000000	0.000000
-1.003815	0.841423	0.848201	0.000000	0.000000	0.000000	0.000000	0.000000	0.000000	0.000000
-1.003798	0.841423	0.848201	0.000000	0.000000	0.000000	0.000000	0.000000	0.000000	0.000000
-1.003831	0.841423	0.848119	-0.000000	0.000000	0.000000	0.000000	0.000000	0.000000	0.000000
-1.003809	0.841423	0.848155	0.000000	0.000000	0.000000	0.000000	0.000000	0.000000	0.000000
-1.003801	0.841423	0.848201	0.000000	0.000000	0.000000	0.000000	0.000000	0.000000	0.000000
-1.003815	0.841423	0.848201	0.000000	0.000000	0.000000	0.000000	0.000000	0.000000	0.000000
-1.003785	0.841423	-0.000038	0.000000	0.000000	0.000000	0.000000	0.000000	0.000000	0.000000
-1.003825	0.841423	-0.780394	-0.000000	0.000000	0.000000	0.000000	0.000000	0.000000	0.000000
-1.003815	0.841423	-0.780509	-0.000000	0.000000	0.000000	0.000000	0.000000	0.000000	0.000000
-1.003804	0.841423	-0.780512	0.000000	0.000000	0.000000	0.000000	0.000000	0.000000	0.000000
-1.003808	0.841423	-0.780513	0.000000	0.000000	0.000000	0.000000	0.000000	0.000000	0.000000
-1.003814	0.841423	-0.780505	-0.000000	0.000000	0.000000	0.000000	0.000000	0.000000	0.000000
-1.003826	0.841423	-0.714340	0.000000	0.000000	0.000000	0.000000	0.000000	0.000000	0.000000
-1.003814	0.841423	-0.780498	-0.000000	0.000000	0.000000	0.000000	0.000000	0.000000	0.000000
-1.003802	0.841423	-0.780401	-0.000000	0.000000	0.000000	0.000000	0.000000	0.000000	0.000000
-1.003793	0.841423	-0.780512	0.000000	0.000000	0.000000	0.000000	0.000000	0.000000	0.000000
-1.003797	0.841423	-0.780445	0.000000	0.000000	0.000000	0.000000	0.000000	0.000000	0.000000
-1.003797	0.841423	-0.780513	-0.000000	0.000000	0.000000	0.000000	0.000000	0.000000	0.000000
-1.003803	0.841423	-0.779847	-0.000000	0.000000	0.000000	0.000000	0.000000	0.000000	0.000000
-1.003802	0.841423	-0.780513	0.000000	0.000000	0.000000	0.000000	0.000000	0.000000	0.000000
-1.003807	0.841423	-0.780513	0.000000	0.000000	0.000000	0.000000	0.000000	0.000000	0.000000
-1.003810	0.841423	-0.780512	0.000000	0.000000	0.000000	0.000000	0.000000	0.000000	0.000000
-1.003819	0.841423	-0.780513	-0.000000	0.000000	0.000000	0.000000	0.000000	0.000000	0.000000
-1.003820	0.841423	-0.780512	-0.000000	0.000000	0.000000	0.000000	0.000000	0.000000	0.000000
-1.003790	0.841423	-0.780513	0.000000	0.000000	0.000000	0.000000	0.000000	0.000000	0.000000
-1.003807	0.841420	-0.780513	-0.000000	0.000000	0.000000	0.000000	0.000000	0.000000	0.000000
-1.003815	0.841423	-0.780513	-0.000000	0.000000	0.000000	0.000000	0.000000	0.000000	0.000000
-1.003814	0.841423	-0.780212	-0.000000	0.000000	0.000000	0.000000	0.000000	0.000000	0.000000
-1.003815	0.841423	-0.183544	-0.000000	0.000000	0.000000	0.000000	0.000000	0.000000	0.000000
-1.003813	0.841423	-0.780492	-0.000000	0.000000	0.000000	0.000000	0.000000	0.000000	0.000000
-1.003804	0.841423	-0.780164	0.000000	0.000000	0.000000	0.000000	0.000000	0.000000	0.000000
-1.003799	0.841423	-0.780511	-0.000000	0.000000	0.000000	0.000000	0.000000	0.000000	0.000000
-1.003806	0.841423	-0.780513	0.000000	0.000000	0.000000	0.000000	0.000000	0.000000	0.000000
-1.003814	0.841423	-0.780513	-0.000000	0.000000	0.000000	0.000000	0.000000	0.000000	0.000000
-1.003811	0.841423	-0.780456	-0.000000	0.000000	0.000000	0.000000	0.000000	0.000000	0.000000
-1.003801	0.841423	-0.780508	-0.000000	0.000000	0.000000	0.000000	0.000000	0.000000	0.000000
-1.003795	0.841423	-0.750270	-0.000000	0.000000	0.000000	0.000000	0.000000	0.000000	0.000000
-1.003797	0.841423	-0.769892	-0.000000	0.000000	0.000000	0.000000	0.000000	0.000000	0.000000
-1.003811	0.841423	-0.780511	-0.000000	0.000000	0.000000	0.000000	0.000000	0.000000	0.000000
-1.003794	0.841423	-0.780513	-0.000000	0.000000	0.000000	0.000000	0.000000	0.000000	0.000000
-1.003810	0.841423	-0.780513	-0.000000	0.000000	0.000000	0.000000	0.000000	0.000000	0.000000
-1.003839	0.841423	-0.780512	0.000000	0.000000	0.000000	0.000000	0.000000	0.000000	0.000000
-1.003812	0.841423	-0.780486	-0.000000	0.000000	0.000000	0.000000	0.000000	0.000000	0.000000
-1.003814	0.841423	-0.780512	-0.000000	0.000000	0.000000	0.000000	0.000000	0.000000	0.000000
-1.003820	0.841423	-0.780513	-0.000000	0.000000	0.000000	0.000000	0.000000	0.000000	0.000000
-1.003812	0.841423	-0.780506	0.000000	0.000000	0.000000	0.000000	0.000000	0.000000	0.000000
-1.003793	0.841423	-0.780513	0.000000	0.000000	0.000000	0.000000	0.000000	0.000000	0.000000
-1.003804	0.841423	-0.757208	-0.000000	0.000000	0.000000	0.000000	0.000000	0.000000	0.000000
-1.003816	0.841423	-0.780505	-0.000000	0.000000	0.000000	0.000000	0.000000	0.000000	0.000000
-1.003820	0.841423	-0.780505	-0.000000	0.000000	0.000000	0.000000	0.000000	0.000000	0.000000
-1.003838	0.841423	-0.780511	0.000000	0.000000	0.000000	0.000000	0.000000	0.000000	0.000000
-1.003810	0.841423	-0.780513	-0.000000	0.000000	0.000000	0.000000	0.000000	0.000000	0.000000
-1.003800	0.841423	-0.780513	0.000000	0.000000	0.000000	0.000000	0.000000	0.000000	0.000000
-1.003810	0.841423	-0.780512	0.000000	0.000000	0.000000	0.000000	0.000000	0.000000	0.000000
-1.003814	0.841423	-0.780513	-0.000000	0.000000	0.000000	0.000000	0.000000	0.000000	0.000000
-1.003797	0.841423	-0.780513	0.000000	0.000000	0.000000	0.000000	0.000000	0.000000	0.000000
-1.003813	0.841423	-0.780109	-0.000000	0.000000	0.000000	0.000000	0.000000	0.000000	0.000000
-1.003818	0.841423	-0.780512	0.000000	0.000000	0.000000	0.000000	0.000000	0.000000	0.000000
-1.003811	0.841423	-0.780510	0.000000	0.000000	0.000000	0.000000	0.000000	0.000000	0.000000
-1.003786	0.841423	-0.746405	-0.000000	0.000000	0.000000	0.000000	0.000000	0.000000	0.000000
-1.003798	0.841423	-0.780314	0.000000	0.000000	0.000000	0.000000	0.000000	0.000000	0.000000
-1.003809	0.841423	-0.780512	0.000000	0.000000	0.000000	0.000000	0.000000	0.000000	0.000000
-1.003801	0.841423	-0.780511	-0.000000	0.000000	0.000000	0.000000	0.000000	0.000000	0.000000
-1.003807	0.841423	-0.780506	-0.000000	0.000000	0.000000	0.000000	0.000000	0.000000	0.000000
-1.003805	0.841423	-0.780510	0.000000	0.000000	0.000000	0.000000	0.000000	0.000000	0.000000
-1.003792	0.841421	-0.780498	0.000000	0.000000	0.000000	0.000000	0.000000	0.000000	0.000000
-1.003788	0.841423	-0.780513	0.000000	0.000000	0.000000	0.000000	0.000000	0.000000	0.000000
-1.003820	0.841423	-0.780505	-0.000000	0.000000	0.000000	0.000000	0.000000	0.000000	0.000000
-1.003822	0.841423	-0.780513	-0.000000	0.000000	0.000000	0.000000	0.000000	0.000000	0.000000
-1.003801	0.841423	-0.780512	0.000000	0.000000	0.000000	0.000000	0.000000	0.000000	0.000000
-1.003800	0.841423	-0.780507	0.000000	0.000000	0.000000	0.000000	0.000000	0.000000	0.000000
-1.003813	0.841423	-0.772295	-0.000000	0.000000	0.000000	0.000000	0.000000	0.000000	0.000000
-1.003814	0.841423	-0.780513	0.000000	0.000000	0.000000	0.000000	0.000000	0.000000	0.000000
-1.003785	0.841423	-0.780508	-0.000000	0.000000	0.000000	0.000000	0.000000	0.000000	0.000000
-1.003812	0.841423	-0.780512	-0.000000	0.000000	0.000000	0.000000	0.000000	0.000000	0.000000
-1.003813	0.841423	-0.780513	0.000000	0.000000	0.000000	0.000000	0.000000	0.000000	0.000000
-1.003816	0.841423	-0.780513	-0.000000	0.000000	0.000000	0.000000	0.000000	0.000000	0.000000
-1.003790	0.841423	-0.780511	0.000000	0.000000	0.000000	0.000000	0.000000	0.000000	0.000000
-1.003803	0.841423	-0.780511	-0.000000	0.000000	0.000000	0.000000	0.000000	0.000000	0.000000
-1.003797	0.841423	-0.780476	0.000000	0.000000	0.000000	0.000000	0.000000	0.000000	0.000000
-1.003817	0.841423	-0.780512	-0.000000	0.000000	0.000000	0.000000	0.000000	0.000000	0.000000
-1.003818	0.841423	-0.773733	0.000000	0.000000	0.000000	0.000000	0.000000	0.000000	0.000000
-1.003790	0.841423	-0.780513	-0.000000	0.000000	0.000000	0.000000	0.000000	0.000000	0.000000
-1.003809	0.841423	-0.780513	0.000000	0.000000	0.000000	0.000000	0.000000	0.000000	0.000000
-1.003791	0.841423	-0.780513	-0.000000	0.000000	0.000000	0.000000	0.000000	0.000000	0.000000
-1.003810	0.841423	-0.780513	0.000000	0.000000	0.000000	0.000000	0.000000	0.000000	0.000000
-1.003802	0.841423	-0.780461	-0.000000	0.000000	0.000000	0.000000	0.000000	0.000000	0.000000
-1.003790	0.841423	-0.780276	0.000000	0.000000	0.000000	0.000000	0.000000	0.000000	0.000000
-1.003822	0.841423	-0.780513	-0.000000	0.000000	0.000000	0.000000	0.000000	0.000000	0.000000
-1.003807	0.841423	-0.780512	-0.000000	0.000000	0.000000	0.000000	0.000000	0.000000	0.000000
-1.003809	0.841423	-0.780512	-0.000000	0.000000	0.000000	0.000000	0.000000	0.000000	0.000000
-1.003801	0.841423	-0.779692	-0.000000	0.000000	0.000000	0.000000	0.000000	0.000000	0.000000
-1.003813	0.841423	-0.780511	-0.000000	0.000000	0.000000	0.000000	0.000000	0.000000	0.000000
-1.003806	0.841423	-0.780509	0.000000	0.000000	0.000000	0.000000	0.000000	0.000000	0.000000
-1.003807	0.841423	-0.780513	0.000000	0.000000	0.000000	0.000000	0.000000	0.000000	0.000000
-1.003809	0.841423	-0.780512	0.000000	0.000000	0.000000	0.000000	0.000000	0.000000	0.000000
-1.003817	0.841423	-0.780505	0.000000	0.000000	0.000000	0.000000	0.000000	0.000000	0.000000
-1.003814	0.841423	-0.013361	-0.000000	0.000000	0.000000	0.000000	0.000000	0.000000	0.000000
-1.003808	0.841423	-0.780512	-0.000000	0.000000	0.000000	0.000000	0.000000	0.000000	0.000000
-1.003815	0.841423	-0.780474	0.000000	0.000000	0.000000	0.000000	0.000000	0.000000	0.000000
-1.003820	0.841423	-0.780512	-0.000000	0.000000	0.000000	0.000000	0.000000	0.000000	0.000000
-1.003788	0.841423	-0.780503	-0.000000	0.000000	0.000000	0.000000	0.000000	0.000000	0.000000
-1.003817	0.841423	-0.780492	0.000000	0.000000	0.000000	0.000000	0.000000	0.000000	0.000000
-1.003815	0.841423	-0.780512	0.000000	0.000000	0.000000	0.000000	0.000000	0.000000	0.000000
-1.003810	0.841423	-0.780513	0.000000	0.000000	0.000000	0.000000	0.000000	0.000000	0.000000
-1.003800	0.841423	-0.780511	0.000000	0.000000	0.000000	0.000000	0.000000	0.000000	0.000000
-1.003811	0.841423	-0.780427	0.000000	0.000000	0.000000	0.000000	0.000000	0.000000	0.000000
-1.003812	0.841413	-0.780510	0.000000	0.000000	0.000000	0.000000	0.000000	0.000000	0.000000
-1.003805	0.841423	-0.780512	-0.000000	0.000000	0.000000	0.000000	0.000000	0.000000	0.000000
-1.003816	0.841423	-0.780512	0.000000	0.000000	0.000000	0.000000	0.000000	0.000000	0.000000
-1.003800	0.841423	-0.780512	0.000000	0.000000	0.000000	0.000000	0.000000	0.000000	0.000000
-1.003804	0.841423	-0.780513	0.000000	0.000000	0.000000	0.000000	0.000000	0.000000	0.000000
-1.003805	0.841423	-0.780513	0.000000	0.000000	0.000000	0.000000	0.000000	0.000000	0.000000
-1.003808	0.841423	-0.780474	0.000000	0.000000	0.000000	0.000000	0.000000	0.000000	0.000000
-1.003808	0.841423	-0.780512	0.000000	0.000000	0.000000	0.000000	0.000000	0.000000	0.000000
-1.003801	0.841423	-0.780513	0.000000	0.000000	0.000000	0.000000	0.000000	0.000000	0.000000
-1.003816	0.841423	-0.780512	0.000000	0.000000	0.000000	0.000000	0.000000	0.000000	0.000000
-1.003812	0.841423	-0.780513	0.000000	0.000000	0.000000	0.000000	0.000000	0.000000	0.000000
-1.003800	0.841423	-0.780513	0.000000	0.000000	0.000000	0.000000	0.000000	0.000000	0.000000
-1.003798	0.841423	-0.780512	0.000000	0.000000	0.000000	0.000000	0.000000	0.000000	0.000000
-1.003823	0.841423	-0.777603	-0.000000	0.000000	0.000000	0.000000	0.000000	0.000000	0.000000
-1.003802	0.841423	-0.780513	0.000000	0.000000	0.000000	0.000000	0.000000	0.000000	0.000000
-1.003815	0.841423	-0.780463	-0.000000	0.000000	0.000000	0.000000	0.000000	0.000000	0.000000
-1.003800	0.841423	-0.780512	0.000000	0.000000	0.000000	0.000000	0.000000	0.000000	0.000000
-1.003819	0.841423	-0.780513	-0.000000	0.000000	0.000000	0.000000	0.000000	0.000000	0.000000
-1.003798	0.841423	-0.780512	-0.000000	0.000000	0.000000	0.000000	0.000000	0.000000	0.000000
-1.003819	0.841423	-0.780511	0.000000	0.000000	0.000000	0.000000	0.000000	0.000000	0.000000
-1.003800	0.841423	-0.780512	-0.000000	0.000000	0.000000	0.000000	0.000000	0.000000	0.000000
-1.003796	0.841423	-0.780512	-0.000000	0.000000	0.000000	0.000000	0.000000	0.000000	0.000000
-1.003832	0.841423	-0.745306	-0.000000	0.000000	0.000000	0.000000	0.000000	0.000000	0.000000
-1.003813	0.841423	-0.780513	0.000000	0.000000	0.000000	0.000000	0.000000	0.000000	0.000000
-1.003802	0.841423	-0.780507	-0.000000	0.000000	0.000000	0.000000	0.000000	0.000000	0.000000
-1.003816	0.841423	-0.780469	0.000000	0.000000	0.000000	0.000000	0.000000	0.000000	0.000000
-1.003815	0.841423	-0.747255	0.000000	0.000000	0.000000	0.000000	0.000000	0.000000	0.000000
-1.003820	0.841423	-0.780485	0.000000	0.000000	0.000000	0.000000	0.000000	0.000000	0.000000
-1.003821	0.841423	-0.780513	0.000000	0.000000	0.000000	0.000000	0.000000	0.000000	0.000000
-1.003799	0.841423	-0.780513	0.000000	0.000000	0.000000	0.000000	0.000000	0.000000	0.000000
-1.003786	0.841423	-0.780513	0.000000	0.000000	0.000000	0.000000	0.000000	0.000000	0.000000
-1.003792	0.841423	-0.780513	0.000000	0.000000	0.000000	0.000000	0.000000	0.000000	0.000000
-1.003794	0.841423	-0.780513	-0.000000	0.000000	0.000000	0.000000	0.000000	0.000000	0.000000
-1.003804	0.841423	-0.780510	0.000000	0.000000	0.000000	0.000000	0.000000	0.000000	0.000000
-1.003804	0.841422	-0.780508	-0.000000	0.000000	0.000000	0.000000	0.000000	0.000000	0.000000
-1.003815	0.841423	-0.780512	-0.000000	0.000000	0.000000	0.000000	0.000000	0.000000	0.000000
-1.003801	0.841423	-0.780513	-0.000000	0.000000	0.000000	0.000000	0.000000	0.000000	0.000000
-1.003805	0.841423	-0.780511	-0.000000	0.000000	0.000000	0.000000	0.000000	0.000000	0.000000
-1.003822	0.841423	-0.779743	0.000000	0.000000	0.000000	0.000000	0.000000	0.000000	0.000000
-1.003810	0.841423	-0.780511	-0.000000	0.000000	0.000000	0.000000	0.000000	0.000000	0.000000
-1.003813	0.841423	-0.780512	-0.000000	0.000000	0.000000	0.000000	0.000000	0.000000	0.000000
-1.003797	0.841423	-0.780511	0.000000	0.000000	0.000000	0.000000	0.000000	0.000000	0.000000
-1.003806	0.841423	-0.780513	0.000000	0.000000	0.000000	0.000000	0.000000	0.000000	0.000000
-1.003789	0.841423	-0.780513	0.000000	0.000000	0.000000	0.000000	0.000000	0.000000	0.000000
-1.003817	0.841423	-0.780512	0.000000	0.000000	0.000000	0.000000	0.000000	0.000000	0.000000
-1.003814	0.841423	-0.780513	-0.000000	0.000000	0.000000	0.000000	0.000000	0.000000	0.000000
-1.003807	0.841423	-0.780512	0.000000	0.000000	0.000000	0.000000	0.000000	0.000000	0.000000
-1.003804	0.841423	-0.780512	0.000000	0.000000	0.000000	0.000000	0.000000	0.000000	0.000000
-1.003800	0.841423	-0.780513	0.000000	0.000000	0.000000	0.000000	0.000000	0.000000	0.000000
-1.003821	0.841423	-0.669192	0.000000	0.000000	0.000000	0.000000	0.000000	0.000000	0.000000
-1.003807	0.841423	-0.780512	-0.000000	0.000000	0.000000	0.000000	0.000000	0.000000	0.000000
-1.003812	0.841423	-0.780513	-0.000000	0.000000	0.000000	0.000000	0.000000	0.000000	0.000000
-1.003802	0.841423	-0.780511	-0.000000	0.000000	0.000000	0.000000	0.000000	0.000000	0.000000
-1.003815	0.841423	-0.780512	-0.000000	0.000000	0.000000	0.000000	0.000000	0.000000	0.000000
-1.003828	0.841391	-0.780512	-0.000000	0.000000	0.000000	0.000000	0.000000	0.000000	0.000000
-1.003819	0.841423	-0.780513	0.000000	0.000000	0.000000	0.000000	0.000000	0.000000	0.000000
-1.003797	0.841423	-0.780505	-0.000000	0.000000	0.000000	0.000000	0.000000	0.000000	0.000000
-1.003810	0.841423	-0.780512	0.000000	0.000000	0.000000	0.000000	0.000000	0.000000	0.000000
-1.003816	0.841423	-0.780422	0.000000	0.000000	0.000000	0.000000	0.000000	0.000000	0.000000
-1.003808	0.841423	-0.780481	-0.000000	0.000000	0.000000	0.000000	0.000000	0.000000	0.000000
-1.003798	0.841423	-0.780482	0.000000	0.000000	0.000000	0.000000	0.000000	0.000000	0.000000
-1.003804	0.841423	-0.780512	0.000000	0.000000	0.000000	0.000000	0.000000	0.000000	0.000000
-1.003827	0.841423	-0.780503	-0.000000	0.000000	0.000000	0.000000	0.000000	0.000000	0.000000
-1.003791	0.841423	-0.780506	0.000000	0.000000	0.000000	0.000000	0.000000	0.000000	0.000000
-1.003812	0.841423	-0.780496	0.000000	0.000000	0.000000	0.000000	0.000000	0.000000	0.000000
-1.003806	0.841423	-0.780512	0.000000	0.000000	0.000000	0.000000	0.000000	0.000000	0.000000
-1.003800	0.841423	-0.780512	-0.000000	0.000000	0.000000	0.000000	0.000000	0.000000	0.000000
-1.003787	0.841423	-0.780512	-0.000000	0.000000	0.000000	0.000000	0.000000	0.000000	0.000000
-1.003816	0.841423	-0.780512	0.000000	0.000000	0.000000	0.000000	0.000000	0.000000	0.000000
-1.003813	0.841423	-0.780513	-0.000000	0.000000	0.000000	0.000000	0.000000	0.000000	0.000000
-1.003816	0.841423	-0.780513	-0.000000	0.000000	0.000000	0.000000	0.000000	0.000000	0.000000
-1.003808	0.841423	-0.780513	-0.000000	0.000000	0.000000	0.000000	0.000000	0.000000	0.000000
-1.003816	0.841423	-0.780512	0.000000	0.000000	0.000000	0.000000	0.000000	0.000000	0.000000
-1.003783	0.841423	-0.780512	-0.000000	0.000000	0.000000	0.000000	0.000000	0.000000	0.000000
-1.003813	0.841423	-0.780506	0.000000	0.000000	0.000000	0.000000	0.000000	0.000000	0.000000
-1.003803	0.841423	-0.780423	-0.000000	0.000000	0.000000	0.000000	0.000000	0.000000	0.000000
-1.003792	0.841423	-0.780503	-0.000000	0.000000	0.000000	0.000000	0.000000	0.000000	0.000000
-1.003802	0.841423	-0.780512	-0.000000	0.000000	0.000000	0.000000	0.000000	0.000000	0.000000
-1.003788	0.841423	-0.780512	0.000000	0.000000	0.000000	0.000000	0.000000	0.000000	0.000000
-1.003799	0.841423	-0.780512	0.000000	0.000000	0.000000	0.000000	0.000000	0.000000	0.000000
-1.003807	0.841423	-0.780509	-0.000000	0.000000	0.000000	0.000000	0.000000	0.000000	0.000000
-1.003825	0.841423	-0.780509	0.000000	0.000000	0.000000	0.000000	0.000000	0.000000	0.000000
-1.003828	0.841423	-0.780508	0.000000	0.000000	0.000000	0.000000	0.000000	0.000000	0.000000
-1.003824	0.841423	-0.780512	-0.000000	0.000000	0.000000	0.000000	0.000000	0.000000	0.000000
-1.003820	0.841423	-0.780502	0.000000	0.000000	0.000000	0.000000	0.000000	0.000000	0.000000
-1.003828	0.841423	-0.780512	-0.000000	0.000000	0.000000	0.000000	0.000000	0.000000	0.000000
-1.003798	0.841423	-0.780513	0.000000	0.000000	0.000000	0.000000	0.000000	0.000000	0.000000
-1.003797	0.841423	-0.780513	-0.000000	0.000000	0.000000	0.000000	0.000000	0.000000	0.000000
-1.003815	0.841423	-0.780491	0.000000	0.000000	0.000000	0.000000	0.000000	0.000000	0.000000
-1.003789	0.841423	-0.780511	-0.000000	0.000000	0.000000	0.000000	0.000000	0.000000	0.000000
-1.003792	0.841423	-0.780512	0.000000	0.000000	0.000000	0.000000	0.000000	0.000000	0.000000
-1.003810	0.841423	-0.780513	-0.000000	0.000000	0.000000	0.000000	0.000000	0.000000	0.000000
-1.003812	0.841423	-0.780511	-0.000000	0.000000	0.000000	0.000000	0.000000	0.000000	0.000000
-1.003821	0.841423	-0.780513	0.000000	0.000000	0.000000	0.000000	0.000000	0.000000	0.000000
-1.003801	0.841423	-0.780513	-0.000000	0.000000	0.000000	0.000000	0.000000	0.000000	0.000000
-1.003831	0.841423	-0.780513	-0.000000	0.000000	0.000000	0.000000	0.000000	0.000000	0.000000
-1.003802	0.841423	-0.780080	-0.000000	0.000000	0.000000	0.000000	0.000000	0.000000	0.000000
-1.003822	0.841423	-0.780511	-0.000000	0.000000	0.000000	0.000000	0.000000	0.000000	0.000000
-1.003809	0.841423	-0.780513	0.000000	0.000000	0.000000	0.000000	0.000000	0.000000	0.000000
-1.003803	0.841423	-0.780293	-0.000000	0.000000	0.000000	0.000000	0.000000	0.000000	0.000000
-1.003793	0.841423	-0.780513	-0.000000	0.000000	0.000000	0.000000	0.000000	0.000000	0.000000
-1.003796	0.841423	-0.780512	0.000000	0.000000	0.000000	0.000000	0.000000	0.000000	0.000000
-1.003796	0.841423	-0.770607	0.000000	0.000000	0.000000	0.000000	0.000000	0.000000	0.000000
-1.003822	0.841423	-0.780513	-0.000000	0.000000	0.000000	0.000000	0.000000	0.000000	0.000000
-1.003817	0.841423	-0.780513	-0.000000	0.000000	0.000000	0.000000	0.000000	0.000000	0.000000
-1.003814	0.841423	-0.780512	-0.000000	0.000000	0.000000	0.000000	0.000000	0.000000	0.000000
-1.003803	0.841423	-0.780513	-0.000000	0.000000	0.000000	0.000000	0.000000	0.000000	0.000000
-1.003795	0.841423	-0.780513	-0.000000	0.000000	0.000000	0.000000	0.000000	0.000000	0.000000
-1.003816	0.841423	-0.780157	0.000000	0.000000	0.000000	0.000000	0.000000	0.000000	0.000000
-1.003809	0.841423	-0.777559	0.000000	0.000000	0.000000	0.000000	0.000000	0.000000	0.000000
-1.003818	0.841423	-0.780509	-0.000000	0.000000	0.000000	0.000000	0.000000	0.000000	0.000000
-1.003798	0.841423	-0.780512	0.000000	0.000000	0.000000	0.000000	0.000000	0.000000	0.000000
-1.003805	0.841423	-0.780512	-0.000000	0.000000	0.000000	0.000000	0.000000	0.000000	0.000000
-1.003801	0.841423	-0.780512	0.000000	0.000000	0.000000	0.000000	0.000000	0.000000	0.000000
-1.003800	0.841423	-0.780465	0.000000	0.000000	0.000000	0.000000	0.000000	0.000000	0.000000
-1.003813	0.841423	-0.780156	-0.000000	0.000000	0.000000	0.000000	0.000000	0.000000	0.000000
-1.003808	0.841423	-0.780512	0.000000	0.000000	0.000000	0.000000	0.000000	0.000000	0.000000
-1.003808	0.841423	-0.780404	0.000000	0.000000	0.000000	0.000000	0.000000	0.000000	0.000000
-1.003811	0.841423	-0.780512	0.000000	0.000000	0.000000	0.000000	0.000000	0.000000	0.000000
-1.003800	0.841423	-0.780513	-0.000000	0.000000	0.000000	0.000000	0.000000	0.000000	0.000000
-1.003812	0.841423	-0.780513	-0.000000	0.000000	0.000000	0.000000	0.000000	0.000000	0.000000
-1.003780	0.841423	-0.780512	-0.000000	0.000000	0.000000	0.000000	0.000000	0.000000	0.000000
-1.003805	0.841423	-0.780511	0.000000	0.000000	0.000000	0.000000	0.000000	0.000000	0.000000
-1.003805	0.841247	-0.779046	0.000000	0.000000	0.000000	0.000000	0.000000	0.000000	0.000000
-1.003817	0.841423	-0.780512	-0.000000	0.000000	0.000000	0.000000	0.000000	0.000000	0.000000
-1.003805	0.841423	-0.780509	-0.000000	0.000000	0.000000	0.000000	0.000000	0.000000	0.000000
-1.003806	0.841423	-0.780427	-0.000000	0.000000	0.000000	0.000000	0.000000	0.000000	0.000000
-1.003807	0.841423	-0.780513	0.000000	0.000000	0.000000	0.000000	0.000000	0.000000	0.000000
-1.003838	0.841423	-0.780512	-0.000000	0.000000	0.000000	0.000000	0.000000	0.000000	0.000000
-1.003814	0.841423	-0.780511	-0.000000	0.000000	0.000000	0.000000	0.000000	0.000000	0.000000
-1.003819	0.841423	-0.780491	0.000000	0.000000	0.000000	0.000000	0.000000	0.000000	0.000000
-1.003805	0.841423	-0.780379	0.000000	0.000000	0.000000	0.000000	0.000000	0.000000	0.000000
-1.003821	0.841423	-0.780513	0.000000	0.000000	0.000000	0.000000	0.000000	0.000000	0.000000
-1.003830	0.841423	-0.780513	0.000000	0.000000	0.000000	0.000000	0.000000	0.000000	0.000000
-1.003800	0.841423	-0.780512	0.000000	0.000000	0.000000	0.000000	0.000000	0.000000	0.000000
-1.003802	0.841423	-0.780508	-0.000000	0.000000	0.000000	0.000000	0.000000	0.000000	0.000000
-1.003807	0.841423	-0.780480	0.000000	0.000000	0.000000	0.000000	0.000000	0.000000	0.000000
-1.003799	0.841423	-0.780448	-0.000000	0.000000	0.000000	0.000000	0.000000	0.000000	0.000000
-1.003803	0.841423	-0.780508	0.000000	0.000000	0.000000	0.000000	0.000000	0.000000	0.000000
-1.003812	0.841423	-0.780464	0.000000	0.000000	0.000000	0.000000	0.000000	0.000000	0.000000
-1.003816	0.841423	-0.779832	0.000000	0.000000	0.000000	0.000000	0.000000	0.000000	0.000000
-1.003792	0.841423	-0.780512	0.000000	0.000000	0.000000	0.000000	0.000000	0.000000	0.000000
-1.003821	0.841423	-0.780512	0.000000	0.000000	0.000000	0.000000	0.000000	0.000000	0.000000
-1.003821	0.841423	-0.780513	0.000000	0.000000	0.000000	0.000000	0.000000	0.000000	0.000000
-1.003800	0.841423	-0.780512	-0.000000	0.000000	0.000000	0.000000	0.000000	0.000000	0.000000
-1.003804	0.841423	-0.780502	-0.000000	0.000000	0.000000	0.000000	0.000000	0.000000	0.000000
-1.003816	0.841423	-0.780512	-0.000000	0.000000	0.000000	0.000000	0.000000	0.000000	0.000000
-1.003828	0.841419	-0.780510	-0.000000	0.000000	0.000000	0.000000	0.000000	0.000000	0.000000
-1.003810	0.841423	-0.780513	-0.000000	0.000000	0.000000	0.000000	0.000000	0.000000	0.000000
