-0.920779	0.832677	0.926375	-0.000000	0.000000	0.000000	0.000000	0.000000	0.000000	0.000000
-0.920779	0.832847	0.926375	0.000000	0.000000	0.000000	0.000000	0.000000	0.000000	0.000000
-0.920779	0.832700	0.926375	-0.000000	0.000000	0.000000	0.000000	0.000000	0.000000	0.000000
-0.920779	0.832713	0.926375	0.000000	0.000000	0.000000	0.000000	0.000000	0.000000	0.000000
-0.920779	0.832767	0.926374	-0.000000	0.000000	0.000000	0.000000	0.000000	0.000000	0.000000
-0.920779	0.832600	0.926375	0.000000	0.000000	0.000000	0.000000	0.000000	0.000000	0.000000
-0.920779	0.832685	0.926375	-0.000000	0.000000	0.000000	0.000000	0.000000	0.000000	0.000000
-0.920779	0.832836	0.926375	0.000000	0.000000	0.000000	0.000000	0.000000	0.000000	0.000000
-0.920779	0.832664	0.926375	-0.000000	0.000000	0.000000	0.000000	0.000000	0.000000	0.000000
-0.920779	0.832805	0.926375	-0.000000	0.000000	0.000000	0.000000	0.000000	0.000000	0.000000
-0.920779	0.832720	0.926375	-0.000000	0.000000	0.000000	0.000000	0.000000	0.000000	0.000000
-0.920779	0.832713	0.926375	0.000000	0.000000	0.000000	0.000000	0.000000	0.000000	0.000000
-0.920779	0.832691	0.926375	0.000000	0.000000	0.000000	0.000000	0.000000	0.000000	0.000000
-0.920779	0.832703	0.926375	-0.000000	0.000000	0.000000	0.000000	0.000000	0.000000	0.000000
-0.920779	0.832707	0.926375	-0.000000	0.000000	0.000000	0.000000	0.000000	0.000000	0.000000
-0.920779	0.832618	0.926375	0.000000	0.000000	0.000000	0.000000	0.000000	0.000000	0.000000
-0.920779	0.832677	0.926375	-0.000000	0.000000	0.000000	0.000000	0.000000	0.000000	0.000000
-0.920779	0.832656	0.926375	0.000000	0.000000	0.000000	0.000000	0.000000	0.000000	0.000000
-0.920779	0.832667	0.926375	0.000000	0.000000	0.000000	0.000000	0.000000	0.000000	0.000000
-0.920779	0.832729	0.926375	0.000000	0.000000	0.000000	0.000000	0.000000	0.000000	0.000000
-0.920779	0.832605	0.926375	0.000000	0.000000	0.000000	0.000000	0.000000	0.000000	0.000000
-0.920779	0.832657	0.926375	-0.000000	0.000000	0.000000	0.000000	0.000000	0.000000	0.000000
-0.920779	0.832703	0.926375	-0.000000	0.000000	0.000000	0.000000	0.000000	0.000000	0.000000
-0.920779	0.832614	0.926375	-0.000000	0.000000	0.000000	0.000000	0.000000	0.000000	0.000000
-0.920779	0.832704	0.926375	-0.000000	0.000000	0.000000	0.000000	0.000000	0.000000	0.000000
-0.920779	0.832603	0.926375	-0.000000	0.000000	0.000000	0.000000	0.000000	0.000000	0.000000
-0.920779	0.832716	0.926375	-0.000000	0.000000	0.000000	0.000000	0.000000	0.000000	0.000000
-0.920779	0.832735	0.926375	0.000000	0.000000	0.000000	0.000000	0.000000	0.000000	0.000000
-0.920779	0.832698	0.926375	0.000000	0.000000	0.000000	0.000000	0.000000	0.000000	0.000000
-0.920779	0.832656	0.926375	-0.000000	0.000000	0.000000	0.000000	0.000000	0.000000	0.000000
-0.920779	0.832714	0.926375	0.000000	0.000000	0.000000	0.000000	0.000000	0.000000	0.000000
-0.920779	0.832845	0.926375	-0.000000	0.000000	0.000000	0.000000	0.000000	0.000000	0.000000
-0.920779	0.832741	0.926375	0.000000	0.000000	0.000000	0.000000	0.000000	0.000000	0.000000
-0.920779	0.832864	0.926375	0.000000	0.000000	0.000000	0.000000	0.000000	0.000000	0.000000
-0.920779	0.832715	0.926375	0.000000	0.000000	0.000000	0.000000	0.000000	0.000000	0.000000
-0.920779	0.832751	0.926288	-0.000000	0.000000	0.000000	0.000000	0.000000	0.000000	0.000000
-0.920779	0.832711	0.926375	0.000000	0.000000	0.000000	0.000000	0.000000	0.000000	0.000000
-0.920779	0.832593	0.926375	0.000000	0.000000	0.000000	0.000000	0.000000	0.000000	0.000000
-0.920779	0.832845	0.926375	0.000000	0.000000	0.000000	0.000000	0.000000	0.000000	0.000000
-0.920779	0.832671	0.926374	-0.000000	0.000000	0.000000	0.000000	0.000000	0.000000	0.000000
-0.920779	0.832559	0.926374	-0.000000	0.000000	0.000000	0.000000	0.000000	0.000000	0.000000
-0.920779	0.832679	0.926375	0.000000	0.000000	0.000000	0.000000	0.000000	0.000000	0.000000
-0.920779	0.832614	0.926375	0.000000	0.000000	0.000000	0.000000	0.000000	0.000000	0.000000
-0.920779	0.832545	0.926375	0.000000	0.000000	0.000000	0.000000	0.000000	0.000000	0.000000
-0.920779	0.832554	0.926375	-0.000000	0.000000	0.000000	0.000000	0.000000	0.000000	0.000000
-0.920779	0.832664	0.926375	0.000000	0.000000	0.000000	0.000000	0.000000	0.000000	0.000000
-0.920779	0.832794	0.926375	0.000000	0.000000	0.000000	0.000000	0.000000	0.000000	0.000000
-0.920779	0.832632	0.926375	-0.000000	0.000000	0.000000	0.000000	0.000000	0.000000	0.000000
-0.920779	0.832680	0.926375	0.000000	0.000000	0.000000	0.000000	0.000000	0.000000	0.000000
-0.920779	0.832667	0.926375	-0.000000	0.000000	0.000000	0.000000	0.000000	0.000000	0.000000
-0.920779	0.832665	0.926375	0.000000	0.000000	0.000000	0.000000	0.000000	0.000000	0.000000
-0.920779	0.832770	0.926375	0.000000	0.000000	0.000000	0.000000	0.000000	0.000000	0.000000
-0.920779	0.832788	0.926375	0.000000	0.000000	0.000000	0.000000	0.000000	0.000000	0.000000
-0.920779	0.832633	0.926375	0.000000	0.000000	0.000000	0.000000	0.000000	0.000000	0.000000
-0.920779	0.832743	0.926375	-0.000000	0.000000	0.000000	0.000000	0.000000	0.000000	0.000000
-0.920779	0.832655	0.926375	0.000000	0.000000	0.000000	0.000000	0.000000	0.000000	0.000000
-0.920779	0.832649	0.926375	0.000000	0.000000	0.000000	0.000000	0.000000	0.000000	0.000000
-0.920779	0.832550	0.926375	-0.000000	0.000000	0.000000	0.000000	0.000000	0.000000	0.000000
-0.920779	0.832588	0.926375	-0.000000	0.000000	0.000000	0.000000	0.000000	0.000000	0.000000
-0.920779	0.832705	0.926375	0.000000	0.000000	0.000000	0.000000	0.000000	0.000000	0.000000
-0.920779	0.832602	0.926375	-0.000000	0.000000	0.000000	0.000000	0.000000	0.000000	0.000000
-0.920779	0.832685	0.926375	-0.000000	0.000000	0.000000	0.000000	0.000000	0.000000	0.000000
-0.920779	0.832747	0.926375	0.000000	0.000000	0.000000	0.000000	0.000000	0.000000	0.000000
-0.920779	0.832766	0.926375	0.000000	0.000000	0.000000	0.000000	0.000000	0.000000	0.000000
-0.920779	0.832578	0.926366	-0.000000	0.000000	0.000000	0.000000	0.000000	0.000000	0.000000
-0.920779	0.832686	0.926375	0.000000	0.000000	0.000000	0.000000	0.000000	0.000000	0.000000
-0.920779	0.832715	0.926375	-0.000000	0.000000	0.000000	0.000000	0.000000	0.000000	0.000000
-0.920779	0.832742	0.926372	0.000000	0.000000	0.000000	0.000000	0.000000	0.000000	0.000000
-0.920779	0.832698	0.926375	-0.000000	0.000000	0.000000	0.000000	0.000000	0.000000	0.000000
-0.920779	0.832849	0.926375	0.000000	0.000000	0.000000	0.000000	0.000000	0.000000	0.000000
-0.920779	0.832788	0.926375	-0.000000	0.000000	0.000000	0.000000	0.000000	0.000000	0.000000
-0.920779	0.832756	0.926375	-0.000000	0.000000	0.000000	0.000000	0.000000	0.000000	0.000000
-0.920779	0.832562	0.926375	0.000000	0.000000	0.000000	0.000000	0.000000	0.000000	0.000000
-0.920779	0.832672	0.926341	-0.000000	0.000000	0.000000	0.000000	0.000000	0.000000	0.000000
-0.920779	0.832639	0.926375	-0.000000	0.000000	0.000000	0.000000	0.000000	0.000000	0.000000
-0.920779	0.832666	0.926375	0.000000	0.000000	0.000000	0.000000	0.000000	0.000000	0.000000
-0.920779	0.832765	0.926375	-0.000000	0.000000	0.000000	0.000000	0.000000	0.000000	0.000000
-0.920779	0.832756	0.926375	0.000000	0.000000	0.000000	0.000000	0.000000	0.000000	0.000000
-0.920779	0.832681	0.926375	0.000000	0.000000	0.000000	0.000000	0.000000	0.000000	0.000000
-0.920779	0.832719	0.926375	0.000000	0.000000	0.000000	0.000000	0.000000	0.000000	0.000000
-0.920779	0.832779	0.926375	0.000000	0.000000	0.000000	0.000000	0.000000	0.000000	0.000000
-0.920779	0.832800	0.926375	0.000000	0.000000	0.000000	0.000000	0.000000	0.000000	0.000000
-0.920779	0.832699	0.926375	-0.000000	0.000000	0.000000	0.000000	0.000000	0.000000	0.000000
-0.920779	0.832641	0.926375	-0.000000	0.000000	0.000000	0.000000	0.000000	0.000000	0.000000
-0.920779	0.832731	0.926375	0.000000	0.000000	0.000000	0.000000	0.000000	0.000000	0.000000
-0.920779	0.832694	0.926375	-0.000000	0.000000	0.000000	0.000000	0.000000	0.000000	0.000000
-0.920779	0.832701	0.926375	0.000000	0.000000	0.000000	0.000000	0.000000	0.000000	0.000000
-0.920779	0.832639	0.926375	0.000000	0.000000	0.000000	0.000000	0.000000	0.000000	0.000000
-0.920779	0.832702	0.926375	-0.000000	0.000000	0.000000	0.000000	0.000000	0.000000	0.000000
-0.920779	0.832621	0.926375	-0.000000	0.000000	0.000000	0.000000	0.000000	0.000000	0.000000
-0.920779	0.832654	0.926375	0.000000	0.000000	0.000000	0.000000	0.000000	0.000000	0.000000
-0.920779	0.832825	0.926375	-0.000000	0.000000	0.000000	0.000000	0.000000	0.000000	0.000000
-0.920779	0.832650	0.926245	-0.000000	0.000000	0.000000	0.000000	0.000000	0.000000	0.000000
-0.920779	0.832661	0.926375	-0.000000	0.000000	0.000000	0.000000	0.000000	0.000000	0.000000
-0.920779	0.832732	0.926375	-0.000000	0.000000	0.000000	0.000000	0.000000	0.000000	0.000000
-0.920779	0.832771	0.926375	0.000000	0.000000	0.000000	0.000000	0.000000	0.000000	0.000000
-0.920779	0.832669	0.926375	-0.000000	0.000000	0.000000	0.000000	0.000000	0.000000	0.000000
-0.920779	0.832633	0.926375	-0.000000	0.000000	0.000000	0.000000	0.000000	0.000000	0.000000
-0.920779	0.832781	0.926375	0.000000	0.000000	0.000000	0.000000	0.000000	0.000000	0.000000
-0.920779	0.832707	0.926375	0.000000	0.000000	0.000000	0.000000	0.000000	0.000000	0.000000
-0.920779	0.832722	0.926375	0.000000	0.000000	0.000000	0.000000	0.000000	0.000000	0.000000
-0.920779	0.832784	0.926375	-0.000000	0.000000	0.000000	0.000000	0.000000	0.000000	0.000000
-0.920779	0.832730	0.926375	0.000000	0.000000	0.000000	0.000000	0.000000	0.000000	0.000000
-0.920779	0.832776	0.926375	-0.000000	0.000000	0.000000	0.000000	0.000000	0.000000	0.000000
-0.920779	0.832513	0.926375	0.000000	0.000000	0.000000	0.000000	0.000000	0.000000	0.000000
-0.920779	0.832703	0.926370	-0.000000	0.000000	0.000000	0.000000	0.000000	0.000000	0.000000
-0.920779	0.832605	0.926375	0.000000	0.000000	0.000000	0.000000	0.000000	0.000000	0.000000
-0.920779	0.832709	0.926363	-0.000000	0.000000	0.000000	0.000000	0.000000	0.000000	0.000000
-0.920779	0.832817	0.926375	-0.000000	0.000000	0.000000	0.000000	0.000000	0.000000	0.000000
-0.920779	0.832644	0.926375	-0.000000	0.000000	0.000000	0.000000	0.000000	0.000000	0.000000
-0.920779	0.832731	0.926375	0.000000	0.000000	0.000000	0.000000	0.000000	0.000000	0.000000
-0.920779	0.832747	0.926375	0.000000	0.000000	0.000000	0.000000	0.000000	0.000000	0.000000
-0.920779	0.832564	0.926375	0.000000	0.000000	0.000000	0.000000	0.000000	0.000000	0.000000
-0.920779	0.832688	0.926375	0.000000	0.000000	0.000000	0.000000	0.000000	0.000000	0.000000
-0.920779	0.832617	0.926375	0.000000	0.000000	0.000000	0.000000	0.000000	0.000000	0.000000
-0.920779	0.832695	0.926375	0.000000	0.000000	0.000000	0.000000	0.000000	0.000000	0.000000
-0.920779	0.832673	0.926375	0.000000	0.000000	0.000000	0.000000	0.000000	0.000000	0.000000
-0.920779	0.832693	0.926375	-0.000000	0.000000	0.000000	0.000000	0.000000	0.000000	0.000000
-0.920779	0.832666	0.926375	-0.000000	0.000000	0.000000	0.000000	0.000000	0.000000	0.000000
-0.920779	0.832724	0.926375	-0.000000	0.000000	0.000000	0.000000	0.000000	0.000000	0.000000
-0.920779	0.832766	0.926375	0.000000	0.000000	0.000000	0.000000	0.000000	0.000000	0.000000
-0.920779	0.832526	0.926375	-0.000000	0.000000	0.000000	0.000000	0.000000	0.000000	0.000000
-0.920779	0.832714	0.926375	0.000000	0.000000	0.000000	0.000000	0.000000	0.000000	0.000000
-0.920779	0.832708	0.926375	0.000000	0.000000	0.000000	0.000000	0.000000	0.000000	0.000000
-0.920779	0.832601	0.926375	0.000000	0.000000	0.000000	0.000000	0.000000	0.000000	0.000000
-0.920779	0.832761	0.926375	0.000000	0.000000	0.000000	0.000000	0.000000	0.000000	0.000000
-0.920779	0.832748	0.926375	0.000000	0.000000	0.000000	0.000000	0.000000	0.000000	0.000000
-0.920779	0.832693	0.926375	-0.000000	0.000000	0.000000	0.000000	0.000000	0.000000	0.000000
-0.920779	0.832768	0.926375	-0.000000	0.000000	0.000000	0.000000	0.000000	0.000000	0.000000
-0.920779	0.832608	0.926375	0.000000	0.000000	0.000000	0.000000	0.000000	0.000000	0.000000
-0.920779	0.832860	0.926375	0.000000	0.000000	0.000000	0.000000	0.000000	0.000000	0.000000
-0.920779	0.832789	0.926375	0.000000	0.000000	0.000000	0.000000	0.000000	0.000000	0.000000
-0.920779	0.832609	0.926375	-0.000000	0.000000	0.000000	0.000000	0.000000	0.000000	0.000000
-0.920779	0.832711	0.926375	-0.000000	0.000000	0.000000	0.000000	0.000000	0.000000	0.000000
-0.920779	0.832742	0.926374	-0.000000	0.000000	0.000000	0.000000	0.000000	0.000000	0.000000
-0.920779	0.832653	0.926375	0.000000	0.000000	0.000000	0.000000	0.000000	0.000000	0.000000
-0.920779	0.832639	0.926375	0.000000	0.000000	0.000000	0.000000	0.000000	0.000000	0.000000
-0.920779	0.832571	0.926375	0.000000	0.000000	0.000000	0.000000	0.000000	0.000000	0.000000
-0.920779	0.832760	0.926207	-0.000000	0.000000	0.000000	0.000000	0.000000	0.000000	0.000000
-0.920779	0.832702	0.926375	0.000000	0.000000	0.000000	0.000000	0.000000	0.000000	0.000000
-0.920779	0.832704	0.926375	0.000000	0.000000	0.000000	0.000000	0.000000	0.000000	0.000000
-0.920779	0.832613	0.926375	-0.000000	0.000000	0.000000	0.000000	0.000000	0.000000	0.000000
-0.920779	0.832594	0.926375	0.000000	0.000000	0.000000	0.000000	0.000000	0.000000	0.000000
-0.920779	0.832710	0.926375	0.000000	0.000000	0.000000	0.000000	0.000000	0.000000	0.000000
-0.920779	0.832717	0.926375	-0.000000	0.000000	0.000000	0.000000	0.000000	0.000000	0.000000
-0.920779	0.832708	0.926375	0.000000	0.000000	0.000000	0.000000	0.000000	0.000000	0.000000
-0.920779	0.832787	0.926375	0.000000	0.000000	0.000000	0.000000	0.000000	0.000000	0.000000
-0.920779	0.832689	0.926375	0.000000	0.000000	0.000000	0.000000	0.000000	0.000000	0.000000
-0.920779	0.832594	0.926375	0.000000	0.000000	0.000000	0.000000	0.000000	0.000000	0.000000
-0.920779	0.832777	0.926375	0.000000	0.000000	0.000000	0.000000	0.000000	0.000000	0.000000
-0.920779	0.832717	0.926375	-0.000000	0.000000	0.000000	0.000000	0.000000	0.000000	0.000000
-0.920779	0.832763	0.926375	-0.000000	0.000000	0.000000	0.000000	0.000000	0.000000	0.000000
-0.920779	0.832662	0.926375	-0.000000	0.000000	0.000000	0.000000	0.000000	0.000000	0.000000
-0.920779	0.832626	0.926375	0.000000	0.000000	0.000000	0.000000	0.000000	0.000000	0.000000
-0.920779	0.832701	0.926375	0.000000	0.000000	0.000000	0.000000	0.000000	0.000000	0.000000
-0.920779	0.832771	0.926375	0.000000	0.000000	0.000000	0.000000	0.000000	0.000000	0.000000
-0.920779	0.832830	0.926375	-0.000000	0.000000	0.000000	0.000000	0.000000	0.000000	0.000000
-0.920779	0.832761	0.926375	0.000000	0.000000	0.000000	0.000000	0.000000	0.000000	0.000000
-0.920779	0.832725	0.926375	0.000000	0.000000	0.000000	0.000000	0.000000	0.000000	0.000000
-0.920779	0.832770	0.926375	-0.000000	0.000000	0.000000	0.000000	0.000000	0.000000	0.000000
-0.920779	0.832673	0.926375	-0.000000	0.000000	0.000000	0.000000	0.000000	0.000000	0.000000
-0.920779	0.832751	0.926375	0.000000	0.000000	0.000000	0.000000	0.000000	0.000000	0.000000
-0.920779	0.832675	0.926375	0.000000	0.000000	0.000000	0.000000	0.000000	0.000000	0.000000
-0.920779	0.832676	0.926375	-0.000000	0.000000	0.000000	0.000000	0.000000	0.000000	0.000000
-0.920779	0.832581	0.926375	0.000000	0.000000	0.000000	0.000000	0.000000	0.000000	0.000000
-0.920779	0.832756	0.926375	-0.000000	0.000000	0.000000	0.000000	0.000000	0.000000	0.000000
-0.920779	0.832695	0.926375	0.000000	0.000000	0.000000	0.000000	0.000000	0.000000	0.000000
-0.920779	0.832722	0.926375	0.000000	0.000000	0.000000	0.000000	0.000000	0.000000	0.000000
-0.920779	0.832774	0.926375	0.000000	0.000000	0.000000	0.000000	0.000000	0.000000	0.000000
-0.920779	0.832546	0.926375	-0.000000	0.000000	0.000000	0.000000	0.000000	0.000000	0.000000
-0.920779	0.832760	0.926375	-0.000000	0.000000	0.000000	0.000000	0.000000	0.000000	0.000000
-0.920779	0.832688	0.926375	0.000000	0.000000	0.000000	0.000000	0.000000	0.000000	0.000000
-0.920779	0.832710	0.926375	0.000000	0.000000	0.000000	0.000000	0.000000	0.000000	0.000000
-0.920779	0.832805	0.926375	-0.000000	0.000000	0.000000	0.000000	0.000000	0.000000	0.000000
-0.920779	0.832664	0.926375	-0.000000	0.000000	0.000000	0.000000	0.000000	0.000000	0.000000
-0.920779	0.832825	0.926375	0.000000	0.000000	0.000000	0.000000	0.000000	0.000000	0.000000
-0.920779	0.832718	0.926375	0.000000	0.000000	0.000000	0.000000	0.000000	0.000000	0.000000
-0.920779	0.832554	0.926375	-0.000000	0.000000	0.000000	0.000000	0.000000	0.000000	0.000000
-0.920779	0.832613	0.926375	0.000000	0.000000	0.000000	0.000000	0.000000	0.000000	0.000000
-0.920779	0.832685	0.926375	0.000000	0.000000	0.000000	0.000000	0.000000	0.000000	0.000000
-0.920779	0.832713	0.926375	-0.000000	0.000000	0.000000	0.000000	0.000000	0.000000	0.000000
-0.920779	0.832692	0.926311	-0.000000	0.000000	0.000000	0.000000	0.000000	0.000000	0.000000
-0.920779	0.832691	0.926375	-0.000000	0.000000	0.000000	0.000000	0.000000	0.000000	0.000000
-0.920779	0.832653	0.926375	0.000000	0.000000	0.000000	0.000000	0.000000	0.000000	0.000000
-0.920779	0.832642	0.926375	-0.000000	0.000000	0.000000	0.000000	0.000000	0.000000	0.000000
-0.920779	0.832712	0.926375	0.000000	0.000000	0.000000	0.000000	0.000000	0.000000	0.000000
-0.920779	0.832583	0.926375	0.000000	0.000000	0.000000	0.000000	0.000000	0.000000	0.000000
-0.920779	0.832778	0.926375	-0.000000	0.000000	0.000000	0.000000	0.000000	0.000000	0.000000
-0.920779	0.832618	0.926375	-0.000000	0.000000	0.000000	0.000000	0.000000	0.000000	0.000000
-0.920779	0.832720	0.926375	-0.000000	0.000000	0.000000	0.000000	0.000000	0.000000	0.000000
-0.920779	0.832710	0.926375	-0.000000	0.000000	0.000000	0.000000	0.000000	0.000000	0.000000
-0.920779	0.832684	0.926375	-0.000000	0.000000	0.000000	0.000000	0.000000	0.000000	0.000000
-0.920779	0.832821	0.926375	-0.000000	0.000000	0.000000	0.000000	0.000000	0.000000	0.000000
-0.920779	0.832658	0.926375	-0.000000	0.000000	0.000000	0.000000	0.000000	0.000000	0.000000
-0.920779	0.832700	0.926375	0.000000	0.000000	0.000000	0.000000	0.000000	0.000000	0.000000
-0.920779	0.832698	0.926375	-0.000000	0.000000	0.000000	0.000000	0.000000	0.000000	0.000000
-0.920779	0.832728	0.926375	0.000000	0.000000	0.000000	0.000000	0.000000	0.000000	0.000000
-0.920779	0.832553	0.926375	-0.000000	0.000000	0.000000	0.000000	0.000000	0.000000	0.000000
-0.920779	0.832685	0.926375	-0.000000	0.000000	0.000000	0.000000	0.000000	0.000000	0.000000
-0.920779	0.832724	0.926372	-0.000000	0.000000	0.000000	0.000000	0.000000	0.000000	0.000000
-0.920779	0.832717	0.926374	-0.000000	0.000000	0.000000	0.000000	0.000000	0.000000	0.000000
-0.920779	0.832698	0.926375	0.000000	0.000000	0.000000	0.000000	0.000000	0.000000	0.000000
-0.920779	0.832678	0.926375	0.000000	0.000000	0.000000	0.000000	0.000000	0.000000	0.000000
-0.920779	0.832785	0.926367	-0.000000	0.000000	0.000000	0.000000	0.000000	0.000000	0.000000
-0.920779	0.832605	0.926375	-0.000000	0.000000	0.000000	0.000000	0.000000	0.000000	0.000000
-0.920779	0.832754	0.926375	0.000000	0.000000	0.000000	0.000000	0.000000	0.000000	0.000000
-0.920779	0.832619	0.926375	-0.000000	0.000000	0.000000	0.000000	0.000000	0.000000	0.000000
-0.920779	0.832518	0.926375	0.000000	0.000000	0.000000	0.000000	0.000000	0.000000	0.000000
-0.920779	0.832728	0.926375	-0.000000	0.000000	0.000000	0.000000	0.000000	0.000000	0.000000
-0.920779	0.832660	0.926375	0.000000	0.000000	0.000000	0.000000	0.000000	0.000000	0.000000
-0.920779	0.832684	0.926375	0.000000	0.000000	0.000000	0.000000	0.000000	0.000000	0.000000
-0.920779	0.832660	0.926375	0.000000	0.000000	0.000000	0.000000	0.000000	0.000000	0.000000
-0.920779	0.832656	0.926375	0.000000	0.000000	0.000000	0.000000	0.000000	0.000000	0.000000
-0.920779	0.832645	0.926375	0.000000	0.000000	0.000000	0.000000	0.000000	0.000000	0.000000
-0.920779	0.832528	0.926375	-0.000000	0.000000	0.000000	0.000000	0.000000	0.000000	0.000000
-0.920779	0.832715	0.926375	-0.000000	0.000000	0.000000	0.000000	0.000000	0.000000	0.000000
-0.920779	0.832685	0.926375	0.000000	0.000000	0.000000	0.000000	0.000000	0.000000	0.000000
-0.920779	0.832646	0.926375	0.000000	0.000000	0.000000	0.000000	0.000000	0.000000	0.000000
-0.920779	0.832778	0.926375	-0.000000	0.000000	0.000000	0.000000	0.000000	0.000000	0.000000
-0.920779	0.832783	0.926375	0.000000	0.000000	0.000000	0.000000	0.000000	0.000000	0.000000
-0.920779	0.832724	0.926375	-0.000000	0.000000	0.000000	0.000000	0.000000	0.000000	0.000000
-0.920779	0.832709	0.926375	-0.000000	0.000000	0.000000	0.000000	0.000000	0.000000	0.000000
-0.920779	0.832703	0.926375	0.000000	0.000000	0.000000	0.000000	0.000000	0.000000	0.000000
-0.920779	0.832729	0.926375	-0.000000	0.000000	0.000000	0.000000	0.000000	0.000000	0.000000
-0.920779	0.832609	0.926375	0.000000	0.000000	0.000000	0.000000	0.000000	0.000000	0.000000
-0.920779	0.832675	0.926375	-0.000000	0.000000	0.000000	0.000000	0.000000	0.000000	0.000000
-0.920779	0.832633	0.926368	-0.000000	0.000000	0.000000	0.000000	0.000000	0.000000	0.000000
-0.920779	0.832743	0.926375	0.000000	0.000000	0.000000	0.000000	0.000000	0.000000	0.000000
-0.920779	0.832642	0.926375	-0.000000	0.000000	0.000000	0.000000	0.000000	0.000000	0.000000
-0.920779	0.832778	0.926375	-0.000000	0.000000	0.000000	0.000000	0.000000	0.000000	0.000000
-0.920779	0.832665	0.926375	-0.000000	0.000000	0.000000	0.000000	0.000000	0.000000	0.000000
-0.920779	0.832683	0.926375	0.000000	0.000000	0.000000	0.000000	0.000000	0.000000	0.000000
-0.920779	0.832726	0.926374	-0.000000	0.000000	0.000000	0.000000	0.000000	0.000000	0.000000
-0.920779	0.832668	0.926375	-0.000000	0.000000	0.000000	0.000000	0.000000	0.000000	0.000000
-0.920779	0.832712	0.926375	-0.000000	0.000000	0.000000	0.000000	0.000000	0.000000	0.000000
-0.920779	0.832633	0.926375	0.000000	0.000000	0.000000	0.000000	0.000000	0.000000	0.000000
-0.920779	0.832765	0.926375	-0.000000	0.000000	0.000000	0.000000	0.000000	0.000000	0.000000
-0.920779	0.832717	0.926375	0.000000	0.000000	0.000000	0.000000	0.000000	0.000000	0.000000
-0.920779	0.832844	0.926375	-0.000000	0.000000	0.000000	0.000000	0.000000	0.000000	0.000000
-0.920779	0.832663	0.926375	-0.000000	0.000000	0.000000	0.000000	0.000000	0.000000	0.000000
-0.920779	0.832615	0.926375	0.000000	0.000000	0.000000	0.000000	0.000000	0.000000	0.000000
-0.920779	0.832668	0.926375	0.000000	0.000000	0.000000	0.000000	0.000000	0.000000	0.000000
-0.920779	0.832717	0.926375	0.000000	0.000000	0.000000	0.000000	0.000000	0.000000	0.000000
-0.920779	0.832743	0.926375	-0.000000	0.000000	0.000000	0.000000	0.000000	0.000000	0.000000
-0.920779	0.832778	0.926375	0.000000	0.000000	0.000000	0.000000	0.000000	0.000000	0.000000
-0.920779	0.832616	0.926375	-0.000000	0.000000	0.000000	0.000000	0.000000	0.000000	0.000000
-0.920779	0.832732	0.926375	-0.000000	0.000000	0.000000	0.000000	0.000000	0.000000	0.000000
-0.920779	0.832614	0.926375	-0.000000	0.000000	0.000000	0.000000	0.000000	0.000000	0.000000
-0.920779	0.832573	0.926375	-0.000000	0.000000	0.000000	0.000000	0.000000	0.000000	0.000000
-0.920779	0.832729	0.926375	0.000000	0.000000	0.000000	0.000000	0.000000	0.000000	0.000000
-0.920779	0.000000	-0.815892	0.000000	0.000000	0.000000	0.000000	0.000000	0.000000	0.000000
-0.920779	0.832688	-0.833461	-0.000000	0.000000	0.000000	0.000000	0.000000	0.000000	0.000000
-0.920779	0.832634	-0.833658	0.000000	0.000000	0.000000	0.000000	0.000000	0.000000	0.000000
-0.920779	0.832636	-0.833162	0.000000	0.000000	0.000000	0.000000	0.000000	0.000000	0.000000
-0.920779	0.832797	-0.833222	0.000000	0.000000	0.000000	0.000000	0.000000	0.000000	0.000000
-0.920779	0.832657	-0.833165	-0.000000	0.000000	0.000000	0.000000	0.000000	0.000000	0.000000
-0.920779	0.832618	-0.833288	0.000000	0.000000	0.000000	0.000000	0.000000	0.000000	0.000000
-0.920779	0.832730	-0.833438	-0.000000	0.000000	0.000000	0.000000	0.000000	0.000000	0.000000
-0.920779	0.832698	-0.833413	0.000000	0.000000	0.000000	0.000000	0.000000	0.000000	0.000000
-0.920779	0.832753	-0.833268	0.000000	0.000000	0.000000	0.000000	0.000000	0.000000	0.000000
-0.920779	0.832730	-0.833530	-0.000000	0.000000	0.000000	0.000000	0.000000	0.000000	0.000000
-0.920779	0.832698	-0.833442	-0.000000	0.000000	0.000000	0.000000	0.000000	0.000000	0.000000
-0.920779	0.832595	-0.833439	-0.000000	0.000000	0.000000	0.000000	0.000000	0.000000	0.000000
-0.920779	0.832708	-0.833534	0.000000	0.000000	0.000000	0.000000	0.000000	0.000000	0.000000
-0.920779	0.832579	-0.833272	0.000000	0.000000	0.000000	0.000000	0.000000	0.000000	0.000000
-0.920779	0.832618	-0.833439	-0.000000	0.000000	0.000000	0.000000	0.000000	0.000000	0.000000
-0.920779	0.832722	-0.833250	0.000000	0.000000	0.000000	0.000000	0.000000	0.000000	0.000000
-0.920779	0.832745	-0.833278	0.000000	0.000000	0.000000	0.000000	0.000000	0.000000	0.000000
-0.920779	0.832687	-0.833373	-0.000000	0.000000	0.000000	0.000000	0.000000	0.000000	0.000000
-0.920779	0.832740	-0.833494	-0.000000	0.000000	0.000000	0.000000	0.000000	0.000000	0.000000
-0.920779	0.832643	-0.833255	0.000000	0.000000	0.000000	0.000000	0.000000	0.000000	0.000000
-0.920779	0.832652	-0.833385	-0.000000	0.000000	0.000000	0.000000	0.000000	0.000000	0.000000
-0.920779	0.832704	-0.833095	0.000000	0.000000	0.000000	0.000000	0.000000	0.000000	0.000000
-0.920779	0.832812	-0.833365	-0.000000	0.000000	0.000000	0.000000	0.000000	0.000000	0.000000
-0.920779	0.832727	-0.833254	0.000000	0.000000	0.000000	0.000000	0.000000	0.000000	0.000000
-0.920779	0.832771	-0.833422	-0.000000	0.000000	0.000000	0.000000	0.000000	0.000000	0.000000
-0.920779	0.832765	-0.833490	0.000000	0.000000	0.000000	0.000000	0.000000	0.000000	0.000000
-0.920779	0.832724	-0.833135	0.000000	0.000000	0.000000	0.000000	0.000000	0.000000	0.000000
-0.920779	0.832664	-0.833203	0.000000	0.000000	0.000000	0.000000	0.000000	0.000000	0.000000
-0.920779	0.832729	-0.833477	-0.000000	0.000000	0.000000	0.000000	0.000000	0.000000	0.000000
-0.920779	0.832825	-0.833455	-0.000000	0.000000	0.000000	0.000000	0.000000	0.000000	0.000000
-0.920779	0.832721	-0.833359	-0.000000	0.000000	0.000000	0.000000	0.000000	0.000000	0.000000
-0.920779	0.832713	-0.833114	-0.000000	0.000000	0.000000	0.000000	0.000000	0.000000	0.000000
-0.920779	0.832601	-0.833435	0.000000	0.000000	0.000000	0.000000	0.000000	0.000000	0.000000
-0.920779	0.832827	-0.833576	-0.000000	0.000000	0.000000	0.000000	0.000000	0.000000	0.000000
-0.920779	0.832688	-0.833278	0.000000	0.000000	0.000000	0.000000	0.000000	0.000000	0.000000
-0.920779	0.832824	-0.833591	-0.000000	0.000000	0.000000	0.000000	0.000000	0.000000	0.000000
-0.920779	0.832535	-0.833376	0.000000	0.000000	0.000000	0.000000	0.000000	0.000000	0.000000
-0.920779	0.832586	-0.833399	-0.000000	0.000000	0.000000	0.000000	0.000000	0.000000	0.000000
-0.920779	0.832630	-0.833287	-0.000000	0.000000	0.000000	0.000000	0.000000	0.000000	0.000000
-0.920779	0.832784	-0.833544	0.000000	0.000000	0.000000	0.000000	0.000000	0.000000	0.000000
-0.920779	0.832585	-0.833168	0.000000	0.000000	0.000000	0.000000	0.000000	0.000000	0.000000
-0.920779	0.832716	-0.833344	-0.000000	0.000000	0.000000	0.000000	0.000000	0.000000	0.000000
-0.920779	0.832687	-0.833369	-0.000000	0.000000	0.000000	0.000000	0.000000	0.000000	0.000000
-0.920779	0.832790	-0.833514	-0.000000	0.000000	0.000000	0.000000	0.000000	0.000000	0.000000
-0.920779	0.832722	-0.833590	0.000000	0.000000	0.000000	0.000000	0.000000	0.000000	0.000000
-0.920779	0.832756	-0.833603	-0.000000	0.000000	0.000000	0.000000	0.000000	0.000000	0.000000
-0.920779	0.832728	-0.833458	0.000000	0.000000	0.000000	0.000000	0.000000	0.000000	0.000000
-0.920779	0.832783	-0.833032	0.000000	0.000000	0.000000	0.000000	0.000000	0.000000	0.000000
-0.920779	0.832581	-0.833546	-0.000000	0.000000	0.000000	0.000000	0.000000	0.000000	0.000000
-0.920779	0.832812	-0.832901	0.000000	0.000000	0.000000	0.000000	0.000000	0.000000	0.000000
-0.920779	0.832649	-0.833126	0.000000	0.000000	0.000000	0.000000	0.000000	0.000000	0.000000
-0.920779	0.832757	-0.833535	-0.000000	0.000000	0.000000	0.000000	0.000000	0.000000	0.000000
-0.920779	0.832706	-0.833180	0.000000	0.000000	0.000000	0.000000	0.000000	0.000000	0.000000
-0.920779	0.832715	-0.833313	-0.000000	0.000000	0.000000	0.000000	0.000000	0.000000	0.000000
-0.920779	0.832717	-0.833619	0.000000	0.000000	0.000000	0.000000	0.000000	0.000000	0.000000
-0.920779	0.832748	-0.833447	0.000000	0.000000	0.000000	0.000000	0.000000	0.000000	0.000000
-0.920779	0.832768	-0.833571	0.000000	0.000000	0.000000	0.000000	0.000000	0.000000	0.000000
-0.920779	0.832823	-0.833644	-0.000000	0.000000	0.000000	0.000000	0.000000	0.000000	0.000000
-0.920779	0.832683	-0.833545	-0.000000	0.000000	0.000000	0.000000	0.000000	0.000000	0.000000
-0.920779	0.832766	-0.833332	0.000000	0.000000	0.000000	0.000000	0.000000	0.000000	0.000000
-0.920779	0.832716	-0.833540	-0.000000	0.000000	0.000000	0.000000	0.000000	0.000000	0.000000
-0.920779	0.832736	-0.833583	0.000000	0.000000	0.000000	0.000000	0.000000	0.000000	0.000000
-0.920779	0.832705	-0.833354	-0.000000	0.000000	0.000000	0.000000	0.000000	0.000000	0.000000
-0.920779	0.832711	-0.833389	0.000000	0.000000	0.000000	0.000000	0.000000	0.000000	0.000000
-0.920779	0.832742	-0.833444	-0.000000	0.000000	0.000000	0.000000	0.000000	0.000000	0.000000
-0.920779	0.832614	-0.833364	-0.000000	0.000000	0.000000	0.000000	0.000000	0.000000	0.000000
-0.920779	0.832775	-0.833542	-0.000000	0.000000	0.000000	0.000000	0.000000	0.000000	0.000000
-0.920779	0.832711	-0.833347	-0.000000	0.000000	0.000000	0.000000	0.000000	0.000000	0.000000
-0.920779	0.832697	-0.833395	0.000000	0.000000	0.000000	0.000000	0.000000	0.000000	0.000000
-0.920779	0.832777	-0.833455	0.000000	0.000000	0.000000	0.000000	0.000000	0.000000	0.000000
-0.920779	0.832597	-0.833665	-0.000000	0.000000	0.000000	0.000000	0.000000	0.000000	0.000000
-0.920779	0.832699	-0.833369	-0.000000	0.000000	0.000000	0.000000	0.000000	0.000000	0.000000
-0.920779	0.832670	-0.833266	0.000000	0.000000	0.000000	0.000000	0.000000	0.000000	0.000000
-0.920779	0.832703	-0.833278	0.000000	0.000000	0.000000	0.000000	0.000000	0.000000	0.000000
-0.920779	0.832628	-0.833327	-0.000000	0.000000	0.000000	0.000000	0.000000	0.000000	0.000000
-0.920779	0.832646	-0.833527	0.000000	0.000000	0.000000	0.000000	0.000000	0.000000	0.000000
-0.920779	0.832668	-0.833475	0.000000	0.000000	0.000000	0.000000	0.000000	0.000000	0.000000
-0.920779	0.832769	-0.833337	0.000000	0.000000	0.000000	0.000000	0.000000	0.000000	0.000000
-0.920779	0.832643	-0.833402	-0.000000	0.000000	0.000000	0.000000	0.000000	0.000000	0.000000
-0.920779	0.832669	-0.833256	0.000000	0.000000	0.000000	0.000000	0.000000	0.000000	0.000000
-0.920779	0.832726	-0.833227	0.000000	0.000000	0.000000	0.000000	0.000000	0.000000	0.000000
-0.920779	0.832604	-0.833199	0.000000	0.000000	0.000000	0.000000	0.000000	0.000000	0.000000
-0.920779	0.832751	-0.833324	0.000000	0.000000	0.000000	0.000000	0.000000	0.000000	0.000000
-0.920779	0.832625	-0.833213	0.000000	0.000000	0.000000	0.000000	0.000000	0.000000	0.000000
-0.920779	0.832768	-0.833563	-0.000000	0.000000	0.000000	0.000000	0.000000	0.000000	0.000000
-0.920779	0.832662	-0.833467	-0.000000	0.000000	0.000000	0.000000	0.000000	0.000000	0.000000
-0.920779	0.832719	-0.833276	0.000000	0.000000	0.000000	0.000000	0.000000	0.000000	0.000000
-0.920779	0.832753	-0.833227	0.000000	0.000000	0.000000	0.000000	0.000000	0.000000	0.000000
-0.920779	0.832677	-0.833012	0.000000	0.000000	0.000000	0.000000	0.000000	0.000000	0.000000
-0.920779	0.832682	-0.833570	-0.000000	0.000000	0.000000	0.000000	0.000000	0.000000	0.000000
-0.920779	0.832746	-0.833542	-0.000000	0.000000	0.000000	0.000000	0.000000	0.000000	0.000000
-0.920779	0.832675	-0.833366	-0.000000	0.000000	0.000000	0.000000	0.000000	0.000000	0.000000
-0.920779	0.832746	-0.833202	-0.000000	0.000000	0.000000	0.000000	0.000000	0.000000	0.000000
-0.920779	0.832585	-0.833449	-0.000000	0.000000	0.000000	0.000000	0.000000	0.000000	0.000000
-0.920779	0.832685	-0.833309	-0.000000	0.000000	0.000000	0.000000	0.000000	0.000000	0.000000
-0.920779	0.832728	-0.833261	0.000000	0.000000	0.000000	0.000000	0.000000	0.000000	0.000000
-0.920779	0.832700	-0.833270	-0.000000	0.000000	0.000000	0.000000	0.000000	0.000000	0.000000
-0.920779	0.832651	-0.833193	0.000000	0.000000	0.000000	0.000000	0.000000	0.000000	0.000000
-0.920779	0.832621	-0.833350	0.000000	0.000000	0.000000	0.000000	0.000000	0.000000	0.000000
-0.920779	0.832727	-0.833320	0.000000	0.000000	0.000000	0.000000	0.000000	0.000000	0.000000
-0.920779	0.832733	-0.833351	0.000000	0.000000	0.000000	0.000000	0.000000	0.000000	0.000000
-0.920779	0.832559	-0.833198	0.000000	0.000000	0.000000	0.000000	0.000000	0.000000	0.000000
-0.920779	0.832695	-0.833315	0.000000	0.000000	0.000000	0.000000	0.000000	0.000000	0.000000
-0.920779	0.832728	-0.833620	-0.000000	0.000000	0.000000	0.000000	0.000000	0.000000	0.000000
-0.920779	0.832713	-0.833265	0.000000	0.000000	0.000000	0.000000	0.000000	0.000000	0.000000
-0.920779	0.832783	-0.833750	-0.000000	0.000000	0.000000	0.000000	0.000000	0.000000	0.000000
-0.920779	0.832699	-0.833406	0.000000	0.000000	0.000000	0.000000	0.000000	0.000000	0.000000
-0.920779	0.832622	-0.833232	0.000000	0.000000	0.000000	0.000000	0.000000	0.000000	0.000000
-0.920779	0.832650	-0.833116	-0.000000	0.000000	0.000000	0.000000	0.000000	0.000000	0.000000
-0.920779	0.832747	-0.833644	-0.000000	0.000000	0.000000	0.000000	0.000000	0.000000	0.000000
-0.920779	0.832755	-0.833373	-0.000000	0.000000	0.000000	0.000000	0.000000	0.000000	0.000000
-0.920779	0.832665	-0.833220	0.000000	0.000000	0.000000	0.000000	0.000000	0.000000	0.000000
-0.920779	0.832687	-0.833032	0.000000	0.000000	0.000000	0.000000	0.000000	0.000000	0.000000
-0.920779	0.832695	-0.833472	-0.000000	0.000000	0.000000	0.000000	0.000000	0.000000	0.000000
-0.920779	0.832703	-0.833288	0.000000	0.000000	0.000000	0.000000	0.000000	0.000000	0.000000
-0.920779	0.832888	-0.833255	0.000000	0.000000	0.000000	0.000000	0.000000	0.000000	0.000000
-0.920779	0.832643	-0.833408	-0.000000	0.000000	0.000000	0.000000	0.000000	0.000000	0.000000
-0.920779	0.832694	-0.833466	-0.000000	0.000000	0.000000	0.000000	0.000000	0.000000	0.000000
-0.920779	0.832769	-0.833542	-0.000000	0.000000	0.000000	0.000000	0.000000	0.000000	0.000000
-0.920779	0.832762	-0.833309	0.000000	0.000000	0.000000	0.000000	0.000000	0.000000	0.000000
-0.920779	0.832743	-0.833433	-0.000000	0.000000	0.000000	0.000000	0.000000	0.000000	0.000000
-0.920779	0.832691	-0.833340	-0.000000	0.000000	0.000000	0.000000	0.000000	0.000000	0.000000
-0.920779	0.832795	-0.833528	-0.000000	0.000000	0.000000	0.000000	0.000000	0.000000	0.000000
-0.920779	0.832772	-0.833551	-0.000000	0.000000	0.000000	0.000000	0.000000	0.000000	0.000000
-0.920779	0.832705	-0.833345	0.000000	0.000000	0.000000	0.000000	0.000000	0.000000	0.000000
-0.920779	0.832682	-0.833247	-0.000000	0.000000	0.000000	0.000000	0.000000	0.000000	0.000000
-0.920779	0.832707	-0.833578	0.000000	0.000000	0.000000	0.000000	0.000000	0.000000	0.000000
-0.920779	0.832669	-0.833362	-0.000000	0.000000	0.000000	0.000000	0.000000	0.000000	0.000000
-0.920779	0.832559	-0.833390	-0.000000	0.000000	0.000000	0.000000	0.000000	0.000000	0.000000
-0.920779	0.832766	-0.833635	-0.000000	0.000000	0.000000	0.000000	0.000000	0.000000	0.000000
-0.920779	0.832709	-0.833256	0.000000	0.000000	0.000000	0.000000	0.000000	0.000000	0.000000
-0.920779	0.832694	-0.833542	0.000000	0.000000	0.000000	0.000000	0.000000	0.000000	0.000000
-0.920779	0.832701	-0.833327	0.000000	0.000000	0.000000	0.000000	0.000000	0.000000	0.000000
-0.920779	0.832624	-0.833193	0.000000	0.000000	0.000000	0.000000	0.000000	0.000000	0.000000
-0.920779	0.832697	-0.833194	0.000000	0.000000	0.000000	0.000000	0.000000	0.000000	0.000000
-0.920779	0.832748	-0.833523	-0.000000	0.000000	0.000000	0.000000	0.000000	0.000000	0.000000
-0.920779	0.832768	-0.833414	-0.000000	0.000000	0.000000	0.000000	0.000000	0.000000	0.000000
-0.920779	0.832754	-0.833371	-0.000000	0.000000	0.000000	0.000000	0.000000	0.000000	0.000000
-0.920779	0.832694	-0.833577	0.000000	0.000000	0.000000	0.000000	0.000000	0.000000	0.000000
-0.920779	0.832665	-0.833354	0.000000	0.000000	0.000000	0.000000	0.000000	0.000000	0.000000
-0.920779	0.832772	-0.833689	0.000000	0.000000	0.000000	0.000000	0.000000	0.000000	0.000000
-0.920779	0.832657	-0.833345	0.000000	0.000000	0.000000	0.000000	0.000000	0.000000	0.000000
-0.920779	0.832765	-0.833358	0.000000	0.000000	0.000000	0.000000	0.000000	0.000000	0.000000
-0.920779	0.832820	-0.833477	0.000000	0.000000	0.000000	0.000000	0.000000	0.000000	0.000000
-0.920779	0.832691	-0.833259	-0.000000	0.000000	0.000000	0.000000	0.000000	0.000000	0.000000
-0.920779	0.832615	-0.833403	-0.000000	0.000000	0.000000	0.000000	0.000000	0.000000	0.000000
-0.920779	0.832709	-0.833484	-0.000000	0.000000	0.000000	0.000000	0.000000	0.000000	0.000000
-0.920779	0.832626	-0.833203	0.000000	0.000000	0.000000	0.000000	0.000000	0.000000	0.000000
-0.920779	0.832570	-0.833522	-0.000000	0.000000	0.000000	0.000000	0.000000	0.000000	0.000000
-0.920779	0.832783	-0.833512	-0.000000	0.000000	0.000000	0.000000	0.000000	0.000000	0.000000
-0.920779	0.832760	-0.833367	0.000000	0.000000	0.000000	0.000000	0.000000	0.000000	0.000000
-0.920779	0.832801	-0.833488	-0.000000	0.000000	0.000000	0.000000	0.000000	0.000000	0.000000
-0.920779	0.832631	-0.833287	-0.000000	0.000000	0.000000	0.000000	0.000000	0.000000	0.000000
-0.920779	0.832606	-0.833629	-0.000000	0.000000	0.000000	0.000000	0.000000	0.000000	0.000000
-0.920779	0.832696	-0.833375	-0.000000	0.000000	0.000000	0.000000	0.000000	0.000000	0.000000
-0.920779	0.832625	-0.833395	0.000000	0.000000	0.000000	0.000000	0.000000	0.000000	0.000000
-0.920779	0.832790	-0.833275	0.000000	0.000000	0.000000	0.000000	0.000000	0.000000	0.000000
-0.920779	0.832587	-0.833288	-0.000000	0.000000	0.000000	0.000000	0.000000	0.000000	0.000000
-0.920779	0.832742	-0.833408	-0.000000	0.000000	0.000000	0.000000	0.000000	0.000000	0.000000
-0.920779	0.832775	-0.833500	0.000000	0.000000	0.000000	0.000000	0.000000	0.000000	0.000000
-0.920779	0.832689	-0.833446	-0.000000	0.000000	0.000000	0.000000	0.000000	0.000000	0.000000
-0.920779	0.832601	-0.833465	0.000000	0.000000	0.000000	0.000000	0.000000	0.000000	0.000000
-0.920779	0.832804	-0.833446	-0.000000	0.000000	0.000000	0.000000	0.000000	0.000000	0.000000
-0.920779	0.832677	-0.833334	0.000000	0.000000	0.000000	0.000000	0.000000	0.000000	0.000000
-0.920779	0.832626	-0.833163	-0.000000	0.000000	0.000000	0.000000	0.000000	0.000000	0.000000
-0.920779	0.832719	-0.833612	-0.000000	0.000000	0.000000	0.000000	0.000000	0.000000	0.000000
-0.920779	0.832698	-0.833283	-0.000000	0.000000	0.000000	0.000000	0.000000	0.000000	0.000000
-0.920779	0.832623	-0.833408	-0.000000	0.000000	0.000000	0.000000	0.000000	0.000000	0.000000
-0.920779	0.832762	-0.833258	0.000000	0.000000	0.000000	0.000000	0.000000	0.000000	0.000000
-0.920779	0.832794	-0.833525	-0.000000	0.000000	0.000000	0.000000	0.000000	0.000000	0.000000
-0.920779	0.832799	-0.833483	-0.000000	0.000000	0.000000	0.000000	0.000000	0.000000	0.000000
-0.920779	0.832757	-0.833435	-0.000000	0.000000	0.000000	0.000000	0.000000	0.000000	0.000000
-0.920779	0.832859	-0.833650	-0.000000	0.000000	0.000000	0.000000	0.000000	0.000000	0.000000
-0.920779	0.832661	-0.833656	-0.000000	0.000000	0.000000	0.000000	0.000000	0.000000	0.000000
-0.920779	0.832570	-0.833329	0.000000	0.000000	0.000000	0.000000	0.000000	0.000000	0.000000
-0.920779	0.832667	-0.833317	-0.000000	0.000000	0.000000	0.000000	0.000000	0.000000	0.000000
-0.920779	0.832608	-0.833324	-0.000000	0.000000	0.000000	0.000000	0.000000	0.000000	0.000000
-0.920779	0.832674	-0.833172	0.000000	0.000000	0.000000	0.000000	0.000000	0.000000	0.000000
-0.920779	0.832752	-0.833330	-0.000000	0.000000	0.000000	0.000000	0.000000	0.000000	0.000000
-0.920779	0.832747	-0.833401	0.000000	0.000000	0.000000	0.000000	0.000000	0.000000	0.000000
-0.920779	0.832825	-0.833592	-0.000000	0.000000	0.000000	0.000000	0.000000	0.000000	0.000000
-0.920779	0.832803	-0.833450	0.000000	0.000000	0.000000	0.000000	0.000000	0.000000	0.000000
-0.920779	0.832726	-0.833283	-0.000000	0.000000	0.000000	0.000000	0.000000	0.000000	0.000000
-0.920779	0.832750	-0.833403	-0.000000	0.000000	0.000000	0.000000	0.000000	0.000000	0.000000
-0.920779	0.832666	-0.833384	0.000000	0.000000	0.000000	0.000000	0.000000	0.000000	0.000000
-0.920779	0.832776	-0.833400	-0.000000	0.000000	0.000000	0.000000	0.000000	0.000000	0.000000
-0.920779	0.832470	-0.832814	0.000000	0.000000	0.000000	0.000000	0.000000	0.000000	0.000000
-0.920779	0.832625	-0.833307	-0.000000	0.000000	0.000000	0.000000	0.000000	0.000000	0.000000
-0.920779	0.832636	-0.833483	-0.000000	0.000000	0.000000	0.000000	0.000000	0.000000	0.000000
-0.920779	0.832723	-0.833398	-0.000000	0.000000	0.000000	0.000000	0.000000	0.000000	0.000000
-0.920779	0.832599	-0.833386	0.000000	0.000000	0.000000	0.000000	0.000000	0.000000	0.000000
-0.920779	0.832730	-0.833143	0.000000	0.000000	0.000000	0.000000	0.000000	0.000000	0.000000
-0.920779	0.832808	-0.833463	-0.000000	0.000000	0.000000	0.000000	0.000000	0.000000	0.000000
-0.920779	0.832726	-0.833240	0.000000	0.000000	0.000000	0.000000	0.000000	0.000000	0.000000
-0.920779	0.832755	-0.833373	0.000000	0.000000	0.000000	0.000000	0.000000	0.000000	0.000000
-0.920779	0.832786	-0.833267	0.000000	0.000000	0.000000	0.000000	0.000000	0.000000	0.000000
-0.920779	0.832674	-0.833519	-0.000000	0.000000	0.000000	0.000000	0.000000	0.000000	0.000000
-0.920779	0.832721	-0.833426	0.000000	0.000000	0.000000	0.000000	0.000000	0.000000	0.000000
-0.920779	0.832680	-0.833299	-0.000000	0.000000	0.000000	0.000000	0.000000	0.000000	0.000000
-0.920779	0.832714	-0.833440	-0.000000	0.000000	0.000000	0.000000	0.000000	0.000000	0.000000
-0.920779	0.832642	-0.833496	0.000000	0.000000	0.000000	0.000000	0.000000	0.000000	0.000000
-0.920779	0.832663	-0.833579	-0.000000	0.000000	0.000000	0.000000	0.000000	0.000000	0.000000
-0.920779	0.832687	-0.833248	0.000000	0.000000	0.000000	0.000000	0.000000	0.000000	0.000000
-0.920779	0.832572	-0.833277	-0.000000	0.000000	0.000000	0.000000	0.000000	0.000000	0.000000
-0.920779	0.832616	-0.833275	0.000000	0.000000	0.000000	0.000000	0.000000	0.000000	0.000000
-0.920779	0.832704	-0.833301	0.000000	0.000000	0.000000	0.000000	0.000000	0.000000	0.000000
-0.920779	0.832643	-0.833244	-0.000000	0.000000	0.000000	0.000000	0.000000	0.000000	0.000000
-0.920779	0.832767	-0.833351	-0.000000	0.000000	0.000000	0.000000	0.000000	0.000000	0.000000
-0.920779	0.832752	-0.833378	-0.000000	0.000000	0.000000	0.000000	0.000000	0.000000	0.000000
-0.920779	0.832684	-0.833173	0.000000	0.000000	0.000000	0.000000	0.000000	0.000000	0.000000
-0.920779	0.832719	-0.833454	-0.000000	0.000000	0.000000	0.000000	0.000000	0.000000	0.000000
-0.920779	0.832635	-0.833270	-0.000000	0.000000	0.000000	0.000000	0.000000	0.000000	0.000000
-0.920779	0.832603	-0.833202	0.000000	0.000000	0.000000	0.000000	0.000000	0.000000	0.000000
-0.920779	0.832599	-0.833333	0.000000	0.000000	0.000000	0.000000	0.000000	0.000000	0.000000
-0.920779	0.832684	-0.833263	0.000000	0.000000	0.000000	0.000000	0.000000	0.000000	0.000000
-0.920779	0.832647	-0.833430	0.000000	0.000000	0.000000	0.000000	0.000000	0.000000	0.000000
-0.920779	0.832638	-0.833472	-0.000000	0.000000	0.000000	0.000000	0.000000	0.000000	0.000000
-0.920779	0.832673	-0.833244	0.000000	0.000000	0.000000	0.000000	0.000000	0.000000	0.000000
-0.920779	0.832709	-0.833462	-0.000000	0.000000	0.000000	0.000000	0.000000	0.000000	0.000000
-0.920779	0.832663	-0.833450	-0.000000	0.000000	0.000000	0.000000	0.000000	0.000000	0.000000
-0.920779	0.832631	-0.833317	-0.000000	0.000000	0.000000	0.000000	0.000000	0.000000	0.000000
-0.920779	0.832743	-0.833366	-0.000000	0.000000	0.000000	0.000000	0.000000	0.000000	0.000000
-0.920779	0.832806	-0.833577	-0.000000	0.000000	0.000000	0.000000	0.000000	0.000000	0.000000
-0.920779	0.832603	-0.833232	-0.000000	0.000000	0.000000	0.000000	0.000000	0.000000	0.000000
-0.920779	0.832590	-0.833275	0.000000	0.000000	0.000000	0.000000	0.000000	0.000000	0.000000
-0.920779	0.832604	-0.833245	-0.000000	0.000000	0.000000	0.000000	0.000000	0.000000	0.000000
-0.920779	0.832819	-0.833324	-0.000000	0.000000	0.000000	0.000000	0.000000	0.000000	0.000000
-0.920779	0.832846	-0.833224	0.000000	0.000000	0.000000	0.000000	0.000000	0.000000	0.000000
-0.920779	0.832707	-0.833280	-0.000000	0.000000	0.000000	0.000000	0.000000	0.000000	0.000000
-0.920779	0.832739	-0.833397	0.000000	0.000000	0.000000	0.000000	0.000000	0.000000	0.000000
-0.920779	0.832755	-0.833243	0.000000	0.000000	0.000000	0.000000	0.000000	0.000000	0.000000
-0.920779	0.832686	-0.833358	-0.000000	0.000000	0.000000	0.000000	0.000000	0.000000	0.000000
-0.920779	0.832786	-0.833391	-0.000000	0.000000	0.000000	0.000000	0.000000	0.000000	0.000000
-0.920779	0.832654	-0.833445	0.000000	0.000000	0.000000	0.000000	0.000000	0.000000	0.000000
-0.920779	0.832642	-0.833220	0.000000	0.000000	0.000000	0.000000	0.000000	0.000000	0.000000
-0.920779	0.832816	-0.833396	0.000000	0.000000	0.000000	0.000000	0.000000	0.000000	0.000000
-0.920779	0.832672	-0.778082	0.000000	0.000000	0.000000	0.000000	0.000000	0.000000	0.000000
-0.920779	0.832723	-0.833512	0.000000	0.000000	0.000000	0.000000	0.000000	0.000000	0.000000
-0.920779	0.832812	-0.833453	0.000000	0.000000	0.000000	0.000000	0.000000	0.000000	0.000000
-0.920779	0.832677	-0.833338	0.000000	0.000000	0.000000	0.000000	0.000000	0.000000	0.000000
-0.920779	0.832633	-0.833425	-0.000000	0.000000	0.000000	0.000000	0.000000	0.000000	0.000000
-0.920779	0.832653	-0.833490	0.000000	0.000000	0.000000	0.000000	0.000000	0.000000	0.000000
-0.920779	0.832747	-0.833323	0.000000	0.000000	0.000000	0.000000	0.000000	0.000000	0.000000
-0.920779	0.832565	-0.833302	0.000000	0.000000	0.000000	0.000000	0.000000	0.000000	0.000000
-0.920779	0.832632	-0.833268	0.000000	0.000000	0.000000	0.000000	0.000000	0.000000	0.000000
-0.920779	0.832631	-0.833399	-0.000000	0.000000	0.000000	0.000000	0.000000	0.000000	0.000000
-0.920779	0.832621	-0.833444	-0.000000	0.000000	0.000000	0.000000	0.000000	0.000000	0.000000
-0.920779	0.832646	-0.832735	0.000000	0.000000	0.000000	0.000000	0.000000	0.000000	0.000000
-0.920779	0.832799	-0.833505	-0.000000	0.000000	0.000000	0.000000	0.000000	0.000000	0.000000
-0.920779	-0.900065	-0.833444	0.767594	0.000000	0.000000	0.000000	0.000000	0.000000	0.000000
-0.920779	-0.900162	-0.833220	0.846802	0.000000	0.000000	0.000000	0.000000	0.000000	0.000000
-0.920779	-0.900113	-0.833221	0.846802	0.000000	0.000000	0.000000	0.000000	0.000000	0.000000
-0.920779	-0.900212	-0.833262	0.846802	0.000000	0.000000	0.000000	0.000000	0.000000	0.000000
-0.920779	-0.900106	-0.833337	0.846802	0.000000	0.000000	0.000000	0.000000	0.000000	0.000000
-0.920779	-0.900233	-0.833180	0.846802	0.000000	0.000000	0.000000	0.000000	0.000000	0.000000
-0.920779	-0.900025	-0.833353	0.846802	0.000000	0.000000	0.000000	0.000000	0.000000	0.000000
-0.920779	-0.900104	-0.833252	0.846802	0.000000	0.000000	0.000000	0.000000	0.000000	0.000000
-0.920779	-0.900093	-0.833344	0.846802	0.000000	0.000000	0.000000	0.000000	0.000000	0.000000
-0.920779	-0.900094	-0.833328	0.846802	0.000000	0.000000	0.000000	0.000000	0.000000	0.000000
-0.920779	-0.900160	-0.833429	0.846802	0.000000	0.000000	0.000000	0.000000	0.000000	0.000000
-0.920779	-0.900140	-0.833317	0.846802	0.000000	0.000000	0.000000	0.000000	0.000000	0.000000
-0.920779	-0.900049	-0.833263	0.846802	0.000000	0.000000	0.000000	0.000000	0.000000	0.000000
-0.920779	-0.900217	-0.833458	0.846802	0.000000	0.000000	0.000000	0.000000	0.000000	0.000000
-0.920779	-0.900154	-0.833275	0.846802	0.000000	0.000000	0.000000	0.000000	0.000000	0.000000
-0.920779	-0.900228	-0.833370	0.846802	0.000000	0.000000	0.000000	0.000000	0.000000	0.000000
-0.920779	-0.900101	-0.833335	0.846802	0.000000	0.000000	0.000000	0.000000	0.000000	0.000000
-0.920779	-0.900144	-0.833389	0.846802	0.000000	0.000000	0.000000	0.000000	0.000000	0.000000
-0.920779	-0.900160	-0.833406	0.846802	0.000000	0.000000	0.000000	0.000000	0.000000	0.000000
-0.920779	-0.900212	-0.833491	0.846802	0.000000	0.000000	0.000000	0.000000	0.000000	0.000000
-0.920779	-0.900252	-0.833427	0.846802	0.000000	0.000000	0.000000	0.000000	0.000000	0.000000
-0.920779	-0.900125	-0.833266	0.846802	0.000000	0.000000	0.000000	0.000000	0.000000	0.000000
-0.920779	-0.900213	-0.833148	0.846802	0.000000	0.000000	0.000000	0.000000	0.000000	0.000000
-0.920779	-0.900251	-0.833218	0.846802	0.000000	0.000000	0.000000	0.000000	0.000000	0.000000
-0.920779	-0.900137	-0.833226	0.846802	0.000000	0.000000	0.000000	0.000000	0.000000	0.000000
-0.920779	-0.900086	-0.833375	0.846802	0.000000	0.000000	0.000000	0.000000	0.000000	0.000000
-0.920779	-0.900180	-0.833389	0.846802	0.000000	0.000000	0.000000	0.000000	0.000000	0.000000
-0.920779	-0.900126	-0.833316	0.846802	0.000000	0.000000	0.000000	0.000000	0.000000	0.000000
-0.920779	-0.900234	-0.833480	0.846794	0.000000	0.000000	0.000000	0.000000	0.000000	0.000000
-0.920779	-0.900176	-0.833341	0.846802	0.000000	0.000000	0.000000	0.000000	0.000000	0.000000
-0.920779	-0.900196	-0.833600	0.846802	0.000000	0.000000	0.000000	0.000000	0.000000	0.000000
-0.920779	-0.900006	-0.833545	0.846802	0.000000	0.000000	0.000000	0.000000	0.000000	0.000000
-0.920779	-0.900123	-0.833123	0.846802	0.000000	0.000000	0.000000	0.000000	0.000000	0.000000
-0.920779	-0.900231	-0.833243	0.846802	0.000000	0.000000	0.000000	0.000000	0.000000	0.000000
-0.920779	-0.900057	-0.833292	0.846802	0.000000	0.000000	0.000000	0.000000	0.000000	0.000000
-0.920779	-0.900131	-0.833261	0.846802	0.000000	0.000000	0.000000	0.000000	0.000000	0.000000
-0.920779	-0.900151	-0.833243	0.846802	0.000000	0.000000	0.000000	0.000000	0.000000	0.000000
-0.920779	-0.900100	-0.833574	0.846601	0.000000	0.000000	0.000000	0.000000	0.000000	0.000000
-0.920779	-0.900215	-0.833206	0.846802	0.000000	0.000000	0.000000	0.000000	0.000000	0.000000
-0.920779	-0.900180	-0.833049	0.846802	0.000000	0.000000	0.000000	0.000000	0.000000	0.000000
-0.920779	-0.900176	-0.833438	0.846802	0.000000	0.000000	0.000000	0.000000	0.000000	0.000000
-0.920779	-0.900099	-0.833306	0.846802	0.000000	0.000000	0.000000	0.000000	0.000000	0.000000
-0.920779	-0.900245	-0.833189	0.846802	0.000000	0.000000	0.000000	0.000000	0.000000	0.000000
-0.920779	-0.900164	-0.833452	0.846802	0.000000	0.000000	0.000000	0.000000	0.000000	0.000000
-0.920779	-0.900150	-0.833190	0.846802	0.000000	0.000000	0.000000	0.000000	0.000000	0.000000
-0.920779	-0.900224	-0.833319	0.846802	0.000000	0.000000	0.000000	0.000000	0.000000	0.000000
-0.920779	-0.900225	-0.833331	0.846802	0.000000	0.000000	0.000000	0.000000	0.000000	0.000000
-0.920779	-0.900232	-0.833332	0.846802	0.000000	0.000000	0.000000	0.000000	0.000000	0.000000
-0.920779	-0.900152	-0.833374	0.846802	0.000000	0.000000	0.000000	0.000000	0.000000	0.000000
-0.920779	-0.900193	-0.833559	0.846802	0.000000	0.000000	0.000000	0.000000	0.000000	0.000000
-0.920779	-0.900207	-0.833262	0.846802	0.000000	0.000000	0.000000	0.000000	0.000000	0.000000
-0.920779	-0.900114	-0.833242	0.846802	0.000000	0.000000	0.000000	0.000000	0.000000	0.000000
-0.920779	-0.900115	-0.833269	0.846802	0.000000	0.000000	0.000000	0.000000	0.000000	0.000000
-0.920779	-0.900201	-0.833326	0.846802	0.000000	0.000000	0.000000	0.000000	0.000000	0.000000
-0.920779	-0.900190	-0.833321	0.846802	0.000000	0.000000	0.000000	0.000000	0.000000	0.000000
-0.920779	-0.900181	-0.833365	0.846802	0.000000	0.000000	0.000000	0.000000	0.000000	0.000000
-0.920779	-0.900178	-0.833264	0.846802	0.000000	0.000000	0.000000	0.000000	0.000000	0.000000
-0.920779	-0.900116	-0.833469	0.846802	0.000000	0.000000	0.000000	0.000000	0.000000	0.000000
-0.920779	-0.900105	-0.833534	0.846802	0.000000	0.000000	0.000000	0.000000	0.000000	0.000000
-0.920779	-0.900177	-0.833533	0.846802	0.000000	0.000000	0.000000	0.000000	0.000000	0.000000
-0.920779	-0.900070	-0.833449	0.846802	0.000000	0.000000	0.000000	0.000000	0.000000	0.000000
-0.920779	-0.900110	-0.833269	0.846802	0.000000	0.000000	0.000000	0.000000	0.000000	0.000000
-0.920779	-0.900261	-0.833210	0.846795	0.000000	0.000000	0.000000	0.000000	0.000000	0.000000
-0.920779	-0.900199	-0.833139	0.846802	0.000000	0.000000	0.000000	0.000000	0.000000	0.000000
-0.920779	-0.900239	-0.833584	0.846801	0.000000	0.000000	0.000000	0.000000	0.000000	0.000000
-0.920779	-0.900220	-0.828324	0.846802	0.000000	0.000000	0.000000	0.000000	0.000000	0.000000
-0.920779	-0.900160	-0.833310	0.846802	0.000000	0.000000	0.000000	0.000000	0.000000	0.000000
-0.920779	-0.900136	-0.833401	0.846802	0.000000	0.000000	0.000000	0.000000	0.000000	0.000000
-0.920779	-0.900205	-0.833640	0.846802	0.000000	0.000000	0.000000	0.000000	0.000000	0.000000
-0.920779	-0.900170	-0.833156	0.846802	0.000000	0.000000	0.000000	0.000000	0.000000	0.000000
-0.920779	-0.900158	-0.833473	0.846802	0.000000	0.000000	0.000000	0.000000	0.000000	0.000000
-0.920779	-0.900152	-0.833380	0.846802	0.000000	0.000000	0.000000	0.000000	0.000000	0.000000
-0.920779	-0.900156	-0.833133	0.846802	0.000000	0.000000	0.000000	0.000000	0.000000	0.000000
-0.920779	-0.900102	-0.833613	0.846802	0.000000	0.000000	0.000000	0.000000	0.000000	0.000000
-0.920779	-0.900111	-0.833139	0.846802	0.000000	0.000000	0.000000	0.000000	0.000000	0.000000
-0.920779	-0.900137	-0.833417	0.846802	0.000000	0.000000	0.000000	0.000000	0.000000	0.000000
-0.920779	-0.900172	-0.833589	0.846802	0.000000	0.000000	0.000000	0.000000	0.000000	0.000000
-0.920779	-0.900132	-0.833493	0.846802	0.000000	0.000000	0.000000	0.000000	0.000000	0.000000
-0.920779	-0.900182	-0.833360	0.846802	0.000000	0.000000	0.000000	0.000000	0.000000	0.000000
-0.920779	-0.900143	-0.833491	0.846802	0.000000	0.000000	0.000000	0.000000	0.000000	0.000000
-0.920779	-0.900197	-0.833216	0.846802	0.000000	0.000000	0.000000	0.000000	0.000000	0.000000
-0.920779	-0.900111	-0.833471	0.846802	0.000000	0.000000	0.000000	0.000000	0.000000	0.000000
-0.920779	-0.900205	-0.833130	0.846802	0.000000	0.000000	0.000000	0.000000	0.000000	0.000000
-0.920779	-0.900145	-0.833591	0.846802	0.000000	0.000000	0.000000	0.000000	0.000000	0.000000
-0.920779	-0.900256	-0.833342	0.846802	0.000000	0.000000	0.000000	0.000000	0.000000	0.000000
-0.920779	-0.900145	-0.833406	0.846430	0.000000	0.000000	0.000000	0.000000	0.000000	0.000000
-0.920779	-0.900151	-0.833578	0.846802	0.000000	0.000000	0.000000	0.000000	0.000000	0.000000
-0.920779	-0.900135	-0.833375	0.846802	0.000000	0.000000	0.000000	0.000000	0.000000	0.000000
-0.920779	-0.900157	-0.833172	0.846802	0.000000	0.000000	0.000000	0.000000	0.000000	0.000000
-0.920779	-0.900056	-0.833278	0.846802	0.000000	0.000000	0.000000	0.000000	0.000000	0.000000
-0.920779	-0.900128	-0.833290	0.846802	0.000000	0.000000	0.000000	0.000000	0.000000	0.000000
-0.920779	-0.900181	-0.833397	0.846802	0.000000	0.000000	0.000000	0.000000	0.000000	0.000000
-0.920779	-0.900177	-0.833548	0.846799	0.000000	0.000000	0.000000	0.000000	0.000000	0.000000
-0.920779	-0.900204	-0.833463	0.846800	0.000000	0.000000	0.000000	0.000000	0.000000	0.000000
-0.920779	-0.900117	-0.833446	0.846802	0.000000	0.000000	0.000000	0.000000	0.000000	0.000000
-0.920779	-0.900102	-0.833382	0.846802	0.000000	0.000000	0.000000	0.000000	0.000000	0.000000
-0.920779	-0.900172	-0.833350	0.846802	0.000000	0.000000	0.000000	0.000000	0.000000	0.000000
-0.920779	-0.900130	-0.833412	0.846802	0.000000	0.000000	0.000000	0.000000	0.000000	0.000000
-0.920779	-0.900164	-0.833447	0.846802	0.000000	0.000000	0.000000	0.000000	0.000000	0.000000
-0.920779	-0.900136	-0.833315	0.846802	0.000000	0.000000	0.000000	0.000000	0.000000	0.000000
-0.920779	-0.900151	-0.833654	0.846802	0.000000	0.000000	0.000000	0.000000	0.000000	0.000000
-0.920779	-0.900188	-0.833503	0.846802	0.000000	0.000000	0.000000	0.000000	0.000000	0.000000
-0.920779	-0.900154	-0.833419	0.846802	0.000000	0.000000	0.000000	0.000000	0.000000	0.000000
-0.920779	-0.900124	-0.833174	0.846802	0.000000	0.000000	0.000000	0.000000	0.000000	0.000000
-0.920779	-0.900074	-0.833507	0.846802	0.000000	0.000000	0.000000	0.000000	0.000000	0.000000
-0.920779	-0.900102	-0.833516	0.846797	0.000000	0.000000	0.000000	0.000000	0.000000	0.000000
-0.920779	-0.900152	-0.833350	0.846802	0.000000	0.000000	0.000000	0.000000	0.000000	0.000000
-0.920779	-0.900109	-0.833351	0.846802	0.000000	0.000000	0.000000	0.000000	0.000000	0.000000
-0.920779	-0.900161	-0.833444	0.846802	0.000000	0.000000	0.000000	0.000000	0.000000	0.000000
-0.920779	-0.900173	-0.833475	0.846751	0.000000	0.000000	0.000000	0.000000	0.000000	0.000000
-0.920779	-0.900179	-0.833290	0.846802	0.000000	0.000000	0.000000	0.000000	0.000000	0.000000
-0.920779	-0.900194	-0.833312	0.846802	0.000000	0.000000	0.000000	0.000000	0.000000	0.000000
-0.920779	-0.900216	-0.833399	0.846802	0.000000	0.000000	0.000000	0.000000	0.000000	0.000000
-0.920779	-0.900185	-0.833489	0.846802	0.000000	0.000000	0.000000	0.000000	0.000000	0.000000
-0.920779	-0.900247	-0.833224	0.846802	0.000000	0.000000	0.000000	0.000000	0.000000	0.000000
-0.920779	-0.900062	-0.833747	0.846782	0.000000	0.000000	0.000000	0.000000	0.000000	0.000000
-0.920779	-0.900056	-0.833393	0.846802	0.000000	0.000000	0.000000	0.000000	0.000000	0.000000
-0.920779	-0.900172	-0.833537	0.846802	0.000000	0.000000	0.000000	0.000000	0.000000	0.000000
-0.920779	-0.900174	-0.833637	0.831071	0.000000	0.000000	0.000000	0.000000	0.000000	0.000000
-0.920779	-0.900245	-0.833130	0.846802	0.000000	0.000000	0.000000	0.000000	0.000000	0.000000
-0.920779	-0.900076	-0.833154	0.846802	0.000000	0.000000	0.000000	0.000000	0.000000	0.000000
-0.920779	-0.900117	-0.833400	0.846802	0.000000	0.000000	0.000000	0.000000	0.000000	0.000000
-0.920779	-0.900158	-0.833231	0.846802	0.000000	0.000000	0.000000	0.000000	0.000000	0.000000
-0.920779	-0.900164	-0.833340	0.846802	0.000000	0.000000	0.000000	0.000000	0.000000	0.000000
-0.920779	-0.900160	-0.832834	0.846802	0.000000	0.000000	0.000000	0.000000	0.000000	0.000000
-0.920779	-0.900172	-0.833279	0.846802	0.000000	0.000000	0.000000	0.000000	0.000000	0.000000
-0.920779	-0.900223	-0.833431	0.846802	0.000000	0.000000	0.000000	0.000000	0.000000	0.000000
-0.920779	-0.900128	-0.833231	0.846802	0.000000	0.000000	0.000000	0.000000	0.000000	0.000000
-0.920779	-0.900186	-0.833585	0.846790	0.000000	0.000000	0.000000	0.000000	0.000000	0.000000
-0.920779	-0.900110	-0.833001	0.846802	0.000000	0.000000	0.000000	0.000000	0.000000	0.000000
-0.920779	-0.900191	-0.833614	0.846798	0.000000	0.000000	0.000000	0.000000	0.000000	0.000000
-0.920779	-0.900170	-0.833269	0.846802	0.000000	0.000000	0.000000	0.000000	0.000000	0.000000
-0.920779	-0.900210	-0.833583	0.846792	0.000000	0.000000	0.000000	0.000000	0.000000	0.000000
-0.920779	-0.900239	-0.833339	0.846802	0.000000	0.000000	0.000000	0.000000	0.000000	0.000000
-0.920779	-0.900124	-0.833437	0.846802	0.000000	0.000000	0.000000	0.000000	0.000000	0.000000
-0.920779	-0.900239	-0.833314	0.846802	0.000000	0.000000	0.000000	0.000000	0.000000	0.000000
-0.920779	-0.900247	-0.833189	0.846802	0.000000	0.000000	0.000000	0.000000	0.000000	0.000000
-0.920779	-0.900081	-0.833466	0.846802	0.000000	0.000000	0.000000	0.000000	0.000000	0.000000
-0.920779	-0.900141	-0.833527	0.846802	0.000000	0.000000	0.000000	0.000000	0.000000	0.000000
-0.920779	-0.900118	-0.833226	0.846802	0.000000	0.000000	0.000000	0.000000	0.000000	0.000000
-0.920779	-0.900091	-0.833550	0.846802	0.000000	0.000000	0.000000	0.000000	0.000000	0.000000
-0.920779	-0.900240	-0.833199	0.846802	0.000000	0.000000	0.000000	0.000000	0.000000	0.000000
-0.920779	-0.900237	-0.833288	0.846802	0.000000	0.000000	0.000000	0.000000	0.000000	0.000000
-0.920779	-0.900104	-0.833342	0.846802	0.000000	0.000000	0.000000	0.000000	0.000000	0.000000
-0.920779	-0.900291	-0.833186	0.846802	0.000000	0.000000	0.000000	0.000000	0.000000	0.000000
-0.920779	-0.900092	-0.833553	0.846802	0.000000	0.000000	0.000000	0.000000	0.000000	0.000000
-0.920779	-0.900101	-0.833542	0.846802	0.000000	0.000000	0.000000	0.000000	0.000000	0.000000
-0.920779	-0.900119	-0.833377	0.846802	0.000000	0.000000	0.000000	0.000000	0.000000	0.000000
-0.920779	-0.900217	-0.832941	0.846802	0.000000	0.000000	0.000000	0.000000	0.000000	0.000000
-0.920779	-0.900161	-0.833442	0.846802	0.000000	0.000000	0.000000	0.000000	0.000000	0.000000
-0.920779	-0.900119	-0.833187	0.846802	0.000000	0.000000	0.000000	0.000000	0.000000	0.000000
-0.920779	-0.900121	-0.833296	0.846802	0.000000	0.000000	0.000000	0.000000	0.000000	0.000000
-0.920779	-0.900167	-0.833078	0.846802	0.000000	0.000000	0.000000	0.000000	0.000000	0.000000
-0.920779	-0.900134	-0.833315	0.846802	0.000000	0.000000	0.000000	0.000000	0.000000	0.000000
-0.920779	-0.900137	-0.833416	0.846802	0.000000	0.000000	0.000000	0.000000	0.000000	0.000000
-0.920779	-0.900185	-0.833202	0.846802	0.000000	0.000000	0.000000	0.000000	0.000000	0.000000
-0.920779	-0.900074	-0.833330	0.846802	0.000000	0.000000	0.000000	0.000000	0.000000	0.000000
-0.920779	-0.900218	-0.833330	0.846802	0.000000	0.000000	0.000000	0.000000	0.000000	0.000000
-0.920779	-0.900145	-0.833306	0.846802	0.000000	0.000000	0.000000	0.000000	0.000000	0.000000
-0.920779	-0.900097	-0.833259	0.846802	0.000000	0.000000	0.000000	0.000000	0.000000	0.000000
-0.920779	-0.900192	-0.832946	0.846802	0.000000	0.000000	0.000000	0.000000	0.000000	0.000000
-0.920779	-0.900062	-0.833403	0.846802	0.000000	0.000000	0.000000	0.000000	0.000000	0.000000
-0.920779	-0.900156	-0.833264	0.846802	0.000000	0.000000	0.000000	0.000000	0.000000	0.000000
-0.920779	-0.900234	-0.833327	0.846802	0.000000	0.000000	0.000000	0.000000	0.000000	0.000000
-0.920779	-0.900230	-0.833421	0.846802	0.000000	0.000000	0.000000	0.000000	0.000000	0.000000
-0.920779	-0.900132	-0.833591	0.846802	0.000000	0.000000	0.000000	0.000000	0.000000	0.000000
-0.920779	-0.900256	-0.833250	0.846802	0.000000	0.000000	0.000000	0.000000	0.000000	0.000000
-0.920779	-0.900111	-0.833368	0.846802	0.000000	0.000000	0.000000	0.000000	0.000000	0.000000
-0.920779	-0.900086	-0.833425	0.846802	0.000000	0.000000	0.000000	0.000000	0.000000	0.000000
-0.920779	-0.900108	-0.833406	0.846802	0.000000	0.000000	0.000000	0.000000	0.000000	0.000000
-0.920779	-0.900186	-0.833431	0.846802	0.000000	0.000000	0.000000	0.000000	0.000000	0.000000
-0.920779	-0.900201	-0.833211	0.846802	0.000000	0.000000	0.000000	0.000000	0.000000	0.000000
-0.920779	-0.900063	-0.833273	0.846802	0.000000	0.000000	0.000000	0.000000	0.000000	0.000000
-0.920779	-0.900214	-0.833288	0.846802	0.000000	0.000000	0.000000	0.000000	0.000000	0.000000
-0.920779	-0.900196	-0.833390	0.846796	0.000000	0.000000	0.000000	0.000000	0.000000	0.000000
-0.920779	-0.900136	-0.833248	0.846802	0.000000	0.000000	0.000000	0.000000	0.000000	0.000000
-0.920779	-0.900116	-0.833478	0.846802	0.000000	0.000000	0.000000	0.000000	0.000000	0.000000
-0.920779	-0.900158	-0.833315	0.846802	0.000000	0.000000	0.000000	0.000000	0.000000	0.000000
-0.920779	-0.900182	-0.833530	0.846802	0.000000	0.000000	0.000000	0.000000	0.000000	0.000000
-0.920779	-0.900184	-0.833427	0.846802	0.000000	0.000000	0.000000	0.000000	0.000000	0.000000
-0.920779	-0.900077	-0.833368	0.846802	0.000000	0.000000	0.000000	0.000000	0.000000	0.000000
-0.920779	-0.900051	-0.833506	0.846802	0.000000	0.000000	0.000000	0.000000	0.000000	0.000000
-0.920779	-0.900155	-0.833262	0.846802	0.000000	0.000000	0.000000	0.000000	0.000000	0.000000
-0.920779	-0.900139	-0.833408	0.846802	0.000000	0.000000	0.000000	0.000000	0.000000	0.000000
-0.920779	-0.900127	-0.832825	0.846802	0.000000	0.000000	0.000000	0.000000	0.000000	0.000000
-0.920779	-0.900170	-0.833437	0.846802	0.000000	0.000000	0.000000	0.000000	0.000000	0.000000
-0.920779	-0.900146	-0.833155	0.846802	0.000000	0.000000	0.000000	0.000000	0.000000	0.000000
-0.920779	-0.900086	-0.833163	0.846802	0.000000	0.000000	0.000000	0.000000	0.000000	0.000000
-0.920779	-0.899970	-0.833571	0.846780	0.000000	0.000000	0.000000	0.000000	0.000000	0.000000
-0.920779	-0.900136	-0.833445	0.846802	0.000000	0.000000	0.000000	0.000000	0.000000	0.000000
-0.920779	-0.900176	-0.833166	0.846802	0.000000	0.000000	0.000000	0.000000	0.000000	0.000000
-0.920779	-0.900116	-0.833440	0.846802	0.000000	0.000000	0.000000	0.000000	0.000000	0.000000
-0.920779	-0.900050	-0.833664	0.846802	0.000000	0.000000	0.000000	0.000000	0.000000	0.000000
-0.920779	-0.900143	-0.833238	0.846802	0.000000	0.000000	0.000000	0.000000	0.000000	0.000000
-0.920779	-0.900201	-0.833226	0.846802	0.000000	0.000000	0.000000	0.000000	0.000000	0.000000
-0.920779	-0.900172	-0.833331	0.846802	0.000000	0.000000	0.000000	0.000000	0.000000	0.000000
-0.920779	-0.900139	-0.833300	0.846802	0.000000	0.000000	0.000000	0.000000	0.000000	0.000000
-0.920779	-0.900143	-0.833215	0.846802	0.000000	0.000000	0.000000	0.000000	0.000000	0.000000
-0.920779	-0.900210	-0.833660	0.846802	0.000000	0.000000	0.000000	0.000000	0.000000	0.000000
-0.920779	-0.900197	-0.833225	0.846802	0.000000	0.000000	0.000000	0.000000	0.000000	0.000000
-0.920779	-0.900137	-0.833318	0.846802	0.000000	0.000000	0.000000	0.000000	0.000000	0.000000
-0.920779	-0.900164	-0.833431	0.846802	0.000000	0.000000	0.000000	0.000000	0.000000	0.000000
-0.920779	-0.900123	-0.833311	0.846802	0.000000	0.000000	0.000000	0.000000	0.000000	0.000000
-0.920779	-0.900223	-0.833396	0.846802	0.000000	0.000000	0.000000	0.000000	0.000000	0.000000
-0.920779	-0.900183	-0.833336	0.846802	0.000000	0.000000	0.000000	0.000000	0.000000	0.000000
-0.920779	-0.900196	-0.833290	0.846802	0.000000	0.000000	0.000000	0.000000	0.000000	0.000000
-0.920779	-0.900159	-0.833435	0.846802	0.000000	0.000000	0.000000	0.000000	0.000000	0.000000
-0.920779	-0.900162	-0.833269	0.846802	0.000000	0.000000	0.000000	0.000000	0.000000	0.000000
-0.920779	-0.900094	-0.833324	0.846802	0.000000	0.000000	0.000000	0.000000	0.000000	0.000000
-0.920779	-0.900059	-0.833843	0.846558	0.000000	0.000000	0.000000	0.000000	0.000000	0.000000
-0.920779	-0.900145	-0.833522	0.846802	0.000000	0.000000	0.000000	0.000000	0.000000	0.000000
-0.920779	-0.900128	-0.833422	0.846802	0.000000	0.000000	0.000000	0.000000	0.000000	0.000000
-0.920779	-0.900030	-0.833335	0.846802	0.000000	0.000000	0.000000	0.000000	0.000000	0.000000
-0.920779	-0.900029	-0.833292	0.846802	0.000000	0.000000	0.000000	0.000000	0.000000	0.000000
-0.920779	-0.900144	-0.833295	0.846802	0.000000	0.000000	0.000000	0.000000	0.000000	0.000000
-0.920779	-0.900176	-0.833330	0.846802	0.000000	0.000000	0.000000	0.000000	0.000000	0.000000
-0.920779	-0.900161	-0.833542	0.846802	0.000000	0.000000	0.000000	0.000000	0.000000	0.000000
-0.920779	-0.900160	-0.833532	0.846474	0.000000	0.000000	0.000000	0.000000	0.000000	0.000000
-0.920779	-0.900052	-0.833427	0.846802	0.000000	0.000000	0.000000	0.000000	0.000000	0.000000
-0.920779	-0.900125	-0.833436	0.846802	0.000000	0.000000	0.000000	0.000000	0.000000	0.000000
-0.920779	-0.900093	-0.833717	0.846802	0.000000	0.000000	0.000000	0.000000	0.000000	0.000000
-0.920779	-0.900118	-0.833356	0.846802	0.000000	0.000000	0.000000	0.000000	0.000000	0.000000
-0.920779	-0.900159	-0.833425	0.846802	0.000000	0.000000	0.000000	0.000000	0.000000	0.000000
-0.920779	-0.900087	-0.833360	0.846802	0.000000	0.000000	0.000000	0.000000	0.000000	0.000000
-0.920779	-0.900172	-0.833370	0.846802	0.000000	0.000000	0.000000	0.000000	0.000000	0.000000
-0.920779	-0.900188	-0.833285	0.846802	0.000000	0.000000	0.000000	0.000000	0.000000	0.000000
-0.920779	-0.900144	-0.833764	0.846795	0.000000	0.000000	0.000000	0.000000	0.000000	0.000000
-0.920779	-0.900072	-0.833542	0.846802	0.000000	0.000000	0.000000	0.000000	0.000000	0.000000
-0.920779	-0.900210	-0.833295	0.846802	0.000000	0.000000	0.000000	0.000000	0.000000	0.000000
-0.920779	-0.900101	-0.833328	0.846802	0.000000	0.000000	0.000000	0.000000	0.000000	0.000000
-0.920779	-0.900102	-0.833407	0.846802	0.000000	0.000000	0.000000	0.000000	0.000000	0.000000
-0.920779	-0.900117	-0.833205	0.846802	0.000000	0.000000	0.000000	0.000000	0.000000	0.000000
-0.920779	-0.900145	-0.833384	0.846802	0.000000	0.000000	0.000000	0.000000	0.000000	0.000000
-0.920779	-0.900108	-0.833385	0.846802	0.000000	0.000000	0.000000	0.000000	0.000000	0.000000
-0.920779	-0.900110	-0.833344	0.846802	0.000000	0.000000	0.000000	0.000000	0.000000	0.000000
-0.920779	-0.900103	-0.833462	0.846802	0.000000	0.000000	0.000000	0.000000	0.000000	0.000000
-0.920779	-0.900160	-0.833237	0.846802	0.000000	0.000000	0.000000	0.000000	0.000000	0.000000
-0.920779	-0.900076	-0.833438	0.846802	0.000000	0.000000	0.000000	0.000000	0.000000	0.000000
-0.920779	-0.900096	-0.833455	0.846802	0.000000	0.000000	0.000000	0.000000	0.000000	0.000000
-0.920779	-0.900160	-0.833378	0.846802	0.000000	0.000000	0.000000	0.000000	0.000000	0.000000
-0.920779	-0.900124	-0.833304	0.846800	0.000000	0.000000	0.000000	0.000000	0.000000	0.000000
-0.920779	-0.900179	-0.833269	0.846802	0.000000	0.000000	0.000000	0.000000	0.000000	0.000000
-0.920779	-0.900166	-0.833357	0.846802	0.000000	0.000000	0.000000	0.000000	0.000000	0.000000
-0.920779	-0.900105	-0.833499	0.846802	0.000000	0.000000	0.000000	0.000000	0.000000	0.000000
-0.920779	-0.900165	-0.833611	0.846801	0.000000	0.000000	0.000000	0.000000	0.000000	0.000000
-0.920779	-0.900163	-0.833412	0.846802	0.000000	0.000000	0.000000	0.000000	0.000000	0.000000
-0.920779	-0.900102	-0.833177	0.846802	0.000000	0.000000	0.000000	0.000000	0.000000	0.000000
-0.920779	-0.900123	-0.833331	0.846802	0.000000	0.000000	0.000000	0.000000	0.000000	0.000000
-0.920779	-0.900086	-0.833210	0.846802	0.000000	0.000000	0.000000	0.000000	0.000000	0.000000
-0.920779	-0.900135	-0.833512	0.846802	0.000000	0.000000	0.000000	0.000000	0.000000	0.000000
-0.920779	-0.900003	-0.000001	-0.000678	0.000000	0.000000	0.000000	0.000000	0.000000	0.000000
-0.920779	-0.900142	-0.000000	-0.847183	0.000000	0.000000	0.000000	0.000000	0.000000	0.000000
-0.920779	-0.900141	-0.000000	-0.847183	0.000000	0.000000	0.000000	0.000000	0.000000	0.000000
-0.920779	-0.900154	-0.000000	-0.847183	0.000000	0.000000	0.000000	0.000000	0.000000	0.000000
-0.920779	-0.900198	0.000000	-0.847183	0.000000	0.000000	0.000000	0.000000	0.000000	0.000000
-0.920779	-0.900187	-0.000000	-0.847183	0.000000	0.000000	0.000000	0.000000	0.000000	0.000000
-0.920779	-0.900086	-0.000000	-0.847183	0.000000	0.000000	0.000000	0.000000	0.000000	0.000000
-0.920779	-0.900145	-0.000000	-0.847183	0.000000	0.000000	0.000000	0.000000	0.000000	0.000000
-0.920779	-0.900100	0.000000	-0.847183	0.000000	0.000000	0.000000	0.000000	0.000000	0.000000
-0.920779	-0.900070	0.000000	-0.847183	0.000000	0.000000	0.000000	0.000000	0.000000	0.000000
-0.920779	-0.900174	0.000000	-0.847183	0.000000	0.000000	0.000000	0.000000	0.000000	0.000000
-0.920779	-0.900143	-0.000000	-0.847183	0.000000	0.000000	0.000000	0.000000	0.000000	0.000000
-0.920779	-0.900188	-0.000000	-0.847183	0.000000	0.000000	0.000000	0.000000	0.000000	0.000000
-0.920779	-0.900081	0.000000	-0.847183	0.000000	0.000000	0.000000	0.000000	0.000000	0.000000
-0.920779	-0.900203	0.000000	-0.847183	0.000000	0.000000	0.000000	0.000000	0.000000	0.000000
-0.920779	-0.900171	-0.000000	-0.847183	0.000000	0.000000	0.000000	0.000000	0.000000	0.000000
-0.920779	-0.900058	-0.000000	-0.847183	0.000000	0.000000	0.000000	0.000000	0.000000	0.000000
-0.920779	-0.900122	-0.000000	-0.847183	0.000000	0.000000	0.000000	0.000000	0.000000	0.000000
-0.920779	-0.900104	-0.000000	-0.847183	0.000000	0.000000	0.000000	0.000000	0.000000	0.000000
-0.920779	-0.899970	-0.000000	-0.847183	0.000000	0.000000	0.000000	0.000000	0.000000	0.000000
-0.920779	-0.900241	-0.000000	-0.847183	0.000000	0.000000	0.000000	0.000000	0.000000	0.000000
-0.920779	-0.900145	0.000000	-0.847183	0.000000	0.000000	0.000000	0.000000	0.000000	0.000000
-0.920779	-0.900138	-0.000000	-0.847183	0.000000	0.000000	0.000000	0.000000	0.000000	0.000000
-0.920779	-0.900136	-0.000000	-0.847183	0.000000	0.000000	0.000000	0.000000	0.000000	0.000000
-0.920779	-0.900190	0.000000	-0.847183	0.000000	0.000000	0.000000	0.000000	0.000000	0.000000
-0.920779	-0.900199	0.000000	-0.847183	0.000000	0.000000	0.000000	0.000000	0.000000	0.000000
-0.920779	-0.900145	-0.000000	-0.847183	0.000000	0.000000	0.000000	0.000000	0.000000	0.000000
-0.920779	-0.900127	-0.000000	-0.847183	0.000000	0.000000	0.000000	0.000000	0.000000	0.000000
-0.920779	-0.900176	-0.000000	-0.847183	0.000000	0.000000	0.000000	0.000000	0.000000	0.000000
-0.920779	-0.900136	-0.000000	-0.847183	0.000000	0.000000	0.000000	0.000000	0.000000	0.000000
-0.920779	-0.900131	-0.000000	-0.847183	0.000000	0.000000	0.000000	0.000000	0.000000	0.000000
-0.920779	-0.900161	-0.000000	-0.847183	0.000000	0.000000	0.000000	0.000000	0.000000	0.000000
-0.920779	-0.900125	-0.000000	-0.847183	0.000000	0.000000	0.000000	0.000000	0.000000	0.000000
-0.920779	-0.900101	-0.000000	-0.847183	0.000000	0.000000	0.000000	0.000000	0.000000	0.000000
-0.920779	-0.900103	-0.000000	-0.847183	0.000000	0.000000	0.000000	0.000000	0.000000	0.000000
-0.920779	-0.900126	0.000000	-0.847183	0.000000	0.000000	0.000000	0.000000	0.000000	0.000000
-0.920779	-0.900243	0.000000	-0.847183	0.000000	0.000000	0.000000	0.000000	0.000000	0.000000
-0.920779	-0.900169	-0.000000	-0.847183	0.000000	0.000000	0.000000	0.000000	0.000000	0.000000
-0.920779	-0.900120	0.000000	-0.847183	0.000000	0.000000	0.000000	0.000000	0.000000	0.000000
-0.920779	-0.900113	0.000000	-0.847181	0.000000	0.000000	0.000000	0.000000	0.000000	0.000000
-0.920779	-0.900218	-0.000000	-0.847183	0.000000	0.000000	0.000000	0.000000	0.000000	0.000000
-0.920779	-0.900187	0.000000	-0.847183	0.000000	0.000000	0.000000	0.000000	0.000000	0.000000
-0.920779	-0.900169	0.000000	-0.847129	0.000000	0.000000	0.000000	0.000000	0.000000	0.000000
-0.920779	-0.900226	-0.000000	-0.847183	0.000000	0.000000	0.000000	0.000000	0.000000	0.000000
-0.920779	-0.900103	-0.000000	-0.847183	0.000000	0.000000	0.000000	0.000000	0.000000	0.000000
-0.920779	-0.900102	-0.000000	-0.847183	0.000000	0.000000	0.000000	0.000000	0.000000	0.000000
-0.920779	-0.900177	-0.000000	-0.847183	0.000000	0.000000	0.000000	0.000000	0.000000	0.000000
-0.920779	-0.900136	-0.000000	-0.847183	0.000000	0.000000	0.000000	0.000000	0.000000	0.000000
-0.920779	-0.900195	0.000000	-0.847183	0.000000	0.000000	0.000000	0.000000	0.000000	0.000000
-0.920779	-0.900084	0.000000	-0.847183	0.000000	0.000000	0.000000	0.000000	0.000000	0.000000
-0.920779	-0.900189	0.000000	-0.847183	0.000000	0.000000	0.000000	0.000000	0.000000	0.000000
-0.920779	-0.900206	0.000000	-0.847182	0.000000	0.000000	0.000000	0.000000	0.000000	0.000000
-0.920779	-0.900176	-0.000000	-0.847183	0.000000	0.000000	0.000000	0.000000	0.000000	0.000000
-0.920779	-0.900108	-0.000000	-0.847183	0.000000	0.000000	0.000000	0.000000	0.000000	0.000000
-0.920779	-0.900170	-0.000000	-0.847183	0.000000	0.000000	0.000000	0.000000	0.000000	0.000000
-0.920779	-0.900183	-0.000000	-0.847183	0.000000	0.000000	0.000000	0.000000	0.000000	0.000000
-0.920779	-0.900236	-0.000000	-0.847183	0.000000	0.000000	0.000000	0.000000	0.000000	0.000000
-0.920779	-0.900112	0.000000	-0.847183	0.000000	0.000000	0.000000	0.000000	0.000000	0.000000
-0.920779	-0.900176	-0.000000	-0.847183	0.000000	0.000000	0.000000	0.000000	0.000000	0.000000
-0.920779	-0.900172	0.000000	-0.847183	0.000000	0.000000	0.000000	0.000000	0.000000	0.000000
-0.920779	-0.900074	0.000000	-0.847183	0.000000	0.000000	0.000000	0.000000	0.000000	0.000000
-0.920779	-0.900093	-0.000000	-0.847183	0.000000	0.000000	0.000000	0.000000	0.000000	0.000000
-0.920779	-0.900077	-0.000000	-0.847183	0.000000	0.000000	0.000000	0.000000	0.000000	0.000000
-0.920779	-0.900223	0.000000	-0.847183	0.000000	0.000000	0.000000	0.000000	0.000000	0.000000
-0.920779	-0.900104	0.000000	-0.847183	0.000000	0.000000	0.000000	0.000000	0.000000	0.000000
-0.920779	-0.900148	-0.000000	-0.847183	0.000000	0.000000	0.000000	0.000000	0.000000	0.000000
-0.920779	-0.900059	-0.000000	-0.847183	0.000000	0.000000	0.000000	0.000000	0.000000	0.000000
-0.920779	-0.900186	-0.000000	-0.847183	0.000000	0.000000	0.000000	0.000000	0.000000	0.000000
-0.920779	-0.900169	-0.000000	-0.847183	0.000000	0.000000	0.000000	0.000000	0.000000	0.000000
-0.920779	-0.900182	-0.000000	-0.847183	0.000000	0.000000	0.000000	0.000000	0.000000	0.000000
-0.920779	-0.900146	-0.000000	-0.847183	0.000000	0.000000	0.000000	0.000000	0.000000	0.000000
-0.920779	-0.900231	0.000000	-0.847183	0.000000	0.000000	0.000000	0.000000	0.000000	0.000000
-0.920779	-0.900071	-0.000000	-0.847183	0.000000	0.000000	0.000000	0.000000	0.000000	0.000000
-0.920779	-0.900073	-0.000000	-0.847183	0.000000	0.000000	0.000000	0.000000	0.000000	0.000000
-0.920779	-0.900222	0.000000	-0.847183	0.000000	0.000000	0.000000	0.000000	0.000000	0.000000
-0.920779	-0.900222	-0.000000	-0.847183	0.000000	0.000000	0.000000	0.000000	0.000000	0.000000
-0.920779	-0.900115	-0.000000	-0.847183	0.000000	0.000000	0.000000	0.000000	0.000000	0.000000
-0.920779	-0.900087	-0.000000	-0.847183	0.000000	0.000000	0.000000	0.000000	0.000000	0.000000
-0.920779	-0.900080	-0.000000	-0.847183	0.000000	0.000000	0.000000	0.000000	0.000000	0.000000
-0.920779	-0.900205	-0.000000	-0.847183	0.000000	0.000000	0.000000	0.000000	0.000000	0.000000
-0.920779	-0.900056	-0.000000	-0.847183	0.000000	0.000000	0.000000	0.000000	0.000000	0.000000
-0.920779	-0.900146	-0.000000	-0.847183	0.000000	0.000000	0.000000	0.000000	0.000000	0.000000
-0.920779	-0.900082	-0.000000	-0.847183	0.000000	0.000000	0.000000	0.000000	0.000000	0.000000
-0.920779	-0.900065	-0.000000	-0.847183	0.000000	0.000000	0.000000	0.000000	0.000000	0.000000
-0.920779	-0.900115	0.000000	-0.847183	0.000000	0.000000	0.000000	0.000000	0.000000	0.000000
-0.920779	-0.900151	-0.000000	-0.847183	0.000000	0.000000	0.000000	0.000000	0.000000	0.000000
-0.920779	-0.900208	0.000000	-0.847183	0.000000	0.000000	0.000000	0.000000	0.000000	0.000000
-0.920779	-0.900273	0.000000	-0.847130	0.000000	0.000000	0.000000	0.000000	0.000000	0.000000
-0.920779	-0.900196	-0.000000	-0.847183	0.000000	0.000000	0.000000	0.000000	0.000000	0.000000
-0.920779	-0.900132	-0.000000	-0.847183	0.000000	0.000000	0.000000	0.000000	0.000000	0.000000
-0.920779	-0.900108	-0.000000	-0.847183	0.000000	0.000000	0.000000	0.000000	0.000000	0.000000
-0.920779	-0.900240	0.000000	-0.847183	0.000000	0.000000	0.000000	0.000000	0.000000	0.000000
-0.920779	-0.900162	-0.000000	-0.847183	0.000000	0.000000	0.000000	0.000000	0.000000	0.000000
-0.920779	-0.900185	0.000000	-0.847183	0.000000	0.000000	0.000000	0.000000	0.000000	0.000000
-0.920779	-0.900266	0.000000	-0.847183	0.000000	0.000000	0.000000	0.000000	0.000000	0.000000
-0.920779	-0.900151	-0.000000	-0.847183	0.000000	0.000000	0.000000	0.000000	0.000000	0.000000
-0.920779	-0.900046	-0.000000	-0.847183	0.000000	0.000000	0.000000	0.000000	0.000000	0.000000
-0.920779	-0.900183	-0.000000	-0.847183	0.000000	0.000000	0.000000	0.000000	0.000000	0.000000
-0.920779	-0.900203	0.000000	-0.847183	0.000000	0.000000	0.000000	0.000000	0.000000	0.000000
-0.920779	-0.900154	-0.000000	-0.847183	0.000000	0.000000	0.000000	0.000000	0.000000	0.000000
-0.920779	-0.900108	-0.000000	-0.847183	0.000000	0.000000	0.000000	0.000000	0.000000	0.000000
-0.920779	-0.900250	0.000000	-0.847183	0.000000	0.000000	0.000000	0.000000	0.000000	0.000000
-0.920779	-0.900162	-0.000000	-0.847183	0.000000	0.000000	0.000000	0.000000	0.000000	0.000000
-0.920779	-0.900134	-0.000000	-0.847183	0.000000	0.000000	0.000000	0.000000	0.000000	0.000000
-0.920779	-0.900060	0.000000	-0.847183	0.000000	0.000000	0.000000	0.000000	0.000000	0.000000
-0.920779	-0.900067	0.000000	-0.847183	0.000000	0.000000	0.000000	0.000000	0.000000	0.000000
-0.920779	-0.900234	0.000000	-0.847183	0.000000	0.000000	0.000000	0.000000	0.000000	0.000000
-0.920779	-0.900225	0.000000	-0.847183	0.000000	0.000000	0.000000	0.000000	0.000000	0.000000
-0.920779	-0.900120	0.000000	-0.847183	0.000000	0.000000	0.000000	0.000000	0.000000	0.000000
-0.920779	-0.900060	-0.000000	-0.847183	0.000000	0.000000	0.000000	0.000000	0.000000	0.000000
-0.920779	-0.900183	-0.000000	-0.847183	0.000000	0.000000	0.000000	0.000000	0.000000	0.000000
-0.920779	-0.900205	-0.000000	-0.847183	0.000000	0.000000	0.000000	0.000000	0.000000	0.000000
-0.920779	-0.900173	0.000000	-0.847183	0.000000	0.000000	0.000000	0.000000	0.000000	0.000000
-0.920779	-0.900145	-0.000000	-0.847183	0.000000	0.000000	0.000000	0.000000	0.000000	0.000000
-0.920779	-0.900215	0.000000	-0.847164	0.000000	0.000000	0.000000	0.000000	0.000000	0.000000
-0.920779	-0.900119	-0.000000	-0.847183	0.000000	0.000000	0.000000	0.000000	0.000000	0.000000
-0.920779	-0.900200	0.000000	-0.847180	0.000000	0.000000	0.000000	0.000000	0.000000	0.000000
-0.920779	-0.900196	-0.000000	-0.847183	0.000000	0.000000	0.000000	0.000000	0.000000	0.000000
-0.920779	-0.900148	-0.000000	-0.847183	0.000000	0.000000	0.000000	0.000000	0.000000	0.000000
-0.920779	-0.900179	-0.000000	-0.847183	0.000000	0.000000	0.000000	0.000000	0.000000	0.000000
-0.920779	-0.900075	-0.000000	-0.847183	0.000000	0.000000	0.000000	0.000000	0.000000	0.000000
-0.920779	-0.900147	0.000000	-0.847183	0.000000	0.000000	0.000000	0.000000	0.000000	0.000000
-0.920779	-0.900098	-0.000000	-0.847183	0.000000	0.000000	0.000000	0.000000	0.000000	0.000000
-0.920779	-0.900149	-0.000000	-0.847183	0.000000	0.000000	0.000000	0.000000	0.000000	0.000000
-0.920779	-0.900175	0.000000	-0.847183	0.000000	0.000000	0.000000	0.000000	0.000000	0.000000
-0.920779	-0.900136	0.000000	-0.847183	0.000000	0.000000	0.000000	0.000000	0.000000	0.000000
-0.920779	-0.900208	-0.000000	-0.847183	0.000000	0.000000	0.000000	0.000000	0.000000	0.000000
-0.920779	-0.900220	0.000000	-0.847183	0.000000	0.000000	0.000000	0.000000	0.000000	0.000000
-0.920779	-0.900186	-0.000000	-0.847183	0.000000	0.000000	0.000000	0.000000	0.000000	0.000000
-0.920779	-0.900104	0.000000	-0.847183	0.000000	0.000000	0.000000	0.000000	0.000000	0.000000
-0.920779	-0.900064	-0.000000	-0.847183	0.000000	0.000000	0.000000	0.000000	0.000000	0.000000
-0.920779	-0.900126	-0.000000	-0.847183	0.000000	0.000000	0.000000	0.000000	0.000000	0.000000
-0.920779	-0.900146	-0.000000	-0.847183	0.000000	0.000000	0.000000	0.000000	0.000000	0.000000
-0.920779	-0.900121	-0.000000	-0.847183	0.000000	0.000000	0.000000	0.000000	0.000000	0.000000
-0.920779	-0.900124	-0.000000	-0.847183	0.000000	0.000000	0.000000	0.000000	0.000000	0.000000
-0.920779	-0.900247	0.000000	-0.847183	0.000000	0.000000	0.000000	0.000000	0.000000	0.000000
-0.920779	-0.900124	-0.000000	-0.847183	0.000000	0.000000	0.000000	0.000000	0.000000	0.000000
-0.920779	-0.900096	0.000000	-0.847183	0.000000	0.000000	0.000000	0.000000	0.000000	0.000000
-0.920779	-0.900151	0.000000	-0.847183	0.000000	0.000000	0.000000	0.000000	0.000000	0.000000
-0.920779	-0.900210	0.000000	-0.847183	0.000000	0.000000	0.000000	0.000000	0.000000	0.000000
-0.920779	-0.900205	0.000000	-0.847183	0.000000	0.000000	0.000000	0.000000	0.000000	0.000000
-0.920779	-0.900111	0.000000	-0.847183	0.000000	0.000000	0.000000	0.000000	0.000000	0.000000
-0.920779	-0.900145	-0.000000	-0.847183	0.000000	0.000000	0.000000	0.000000	0.000000	0.000000
-0.920779	-0.900202	0.000000	-0.847183	0.000000	0.000000	0.000000	0.000000	0.000000	0.000000
-0.920779	-0.900144	-0.000000	-0.847183	0.000000	0.000000	0.000000	0.000000	0.000000	0.000000
-0.920779	-0.900187	-0.000000	-0.847183	0.000000	0.000000	0.000000	0.000000	0.000000	0.000000
-0.920779	-0.900235	-0.000000	-0.847183	0.000000	0.000000	0.000000	0.000000	0.000000	0.000000
-0.920779	-0.900174	0.000000	-0.847183	0.000000	0.000000	0.000000	0.000000	0.000000	0.000000
-0.920779	-0.900051	-0.000000	-0.847183	0.000000	0.000000	0.000000	0.000000	0.000000	0.000000
-0.920779	-0.900207	-0.000000	-0.847183	0.000000	0.000000	0.000000	0.000000	0.000000	0.000000
-0.920779	-0.900152	0.000000	-0.847183	0.000000	0.000000	0.000000	0.000000	0.000000	0.000000
-0.920779	-0.900024	-0.000000	-0.847183	0.000000	0.000000	0.000000	0.000000	0.000000	0.000000
-0.920779	-0.900160	-0.000000	-0.847183	0.000000	0.000000	0.000000	0.000000	0.000000	0.000000
-0.920779	-0.900147	-0.000000	-0.847183	0.000000	0.000000	0.000000	0.000000	0.000000	0.000000
-0.920779	-0.900154	0.000000	-0.847183	0.000000	0.000000	0.000000	0.000000	0.000000	0.000000
-0.920779	-0.900104	0.000000	-0.847183	0.000000	0.000000	0.000000	0.000000	0.000000	0.000000
-0.920779	-0.900152	-0.000000	-0.847183	0.000000	0.000000	0.000000	0.000000	0.000000	0.000000
-0.920779	-0.900040	-0.000000	-0.847183	0.000000	0.000000	0.000000	0.000000	0.000000	0.000000
-0.920779	-0.900124	-0.000000	-0.847183	0.000000	0.000000	0.000000	0.000000	0.000000	0.000000
-0.920779	-0.900095	-0.000000	-0.847183	0.000000	0.000000	0.000000	0.000000	0.000000	0.000000
-0.920779	-0.900090	0.000000	-0.847183	0.000000	0.000000	0.000000	0.000000	0.000000	0.000000
-0.920779	-0.900152	-0.000000	-0.847183	0.000000	0.000000	0.000000	0.000000	0.000000	0.000000
-0.920779	-0.900063	-0.000000	-0.847183	0.000000	0.000000	0.000000	0.000000	0.000000	0.000000
-0.920779	-0.900102	-0.000000	-0.847183	0.000000	0.000000	0.000000	0.000000	0.000000	0.000000
-0.920779	-0.900260	-0.000000	-0.847183	0.000000	0.000000	0.000000	0.000000	0.000000	0.000000
-0.920779	-0.900189	-0.000000	-0.847183	0.000000	0.000000	0.000000	0.000000	0.000000	0.000000
-0.920779	-0.900235	-0.000000	-0.847183	0.000000	0.000000	0.000000	0.000000	0.000000	0.000000
-0.920779	-0.900111	-0.000000	-0.847183	0.000000	0.000000	0.000000	0.000000	0.000000	0.000000
-0.920779	-0.900173	-0.000000	-0.847183	0.000000	0.000000	0.000000	0.000000	0.000000	0.000000
-0.920779	-0.900167	0.000000	-0.847183	0.000000	0.000000	0.000000	0.000000	0.000000	0.000000
-0.920779	-0.900135	-0.000000	-0.847183	0.000000	0.000000	0.000000	0.000000	0.000000	0.000000
-0.920779	-0.900206	0.000000	-0.847183	0.000000	0.000000	0.000000	0.000000	0.000000	0.000000
-0.920779	-0.900188	-0.000000	-0.847183	0.000000	0.000000	0.000000	0.000000	0.000000	0.000000
-0.920779	-0.900076	-0.000000	-0.847183	0.000000	0.000000	0.000000	0.000000	0.000000	0.000000
-0.920779	-0.900187	-0.000000	-0.847183	0.000000	0.000000	0.000000	0.000000	0.000000	0.000000
-0.920779	-0.900250	-0.000000	-0.847183	0.000000	0.000000	0.000000	0.000000	0.000000	0.000000
-0.920779	-0.900206	0.000000	-0.847183	0.000000	0.000000	0.000000	0.000000	0.000000	0.000000
-0.920779	-0.900274	0.000000	-0.847183	0.000000	0.000000	0.000000	0.000000	0.000000	0.000000
-0.920779	-0.900083	0.000000	-0.847183	0.000000	0.000000	0.000000	0.000000	0.000000	0.000000
-0.920779	-0.900194	0.000000	-0.847183	0.000000	0.000000	0.000000	0.000000	0.000000	0.000000
-0.920779	-0.900122	-0.000000	-0.847183	0.000000	0.000000	0.000000	0.000000	0.000000	0.000000
-0.920779	-0.900165	-0.000000	-0.847183	0.000000	0.000000	0.000000	0.000000	0.000000	0.000000
-0.920779	-0.900202	-0.000000	-0.847183	0.000000	0.000000	0.000000	0.000000	0.000000	0.000000
-0.920779	-0.900287	0.000000	-0.847183	0.000000	0.000000	0.000000	0.000000	0.000000	0.000000
-0.920779	-0.900109	-0.000000	-0.847183	0.000000	0.000000	0.000000	0.000000	0.000000	0.000000
-0.920779	-0.899985	-0.000000	-0.847183	0.000000	0.000000	0.000000	0.000000	0.000000	0.000000
-0.920779	-0.900114	0.000000	-0.847183	0.000000	0.000000	0.000000	0.000000	0.000000	0.000000
-0.920779	-0.900133	-0.000000	-0.847183	0.000000	0.000000	0.000000	0.000000	0.000000	0.000000
-0.920779	-0.900135	-0.000000	-0.847183	0.000000	0.000000	0.000000	0.000000	0.000000	0.000000
-0.920779	-0.900143	-0.000000	-0.847183	0.000000	0.000000	0.000000	0.000000	0.000000	0.000000
-0.920779	-0.900177	-0.000000	-0.847183	0.000000	0.000000	0.000000	0.000000	0.000000	0.000000
-0.920779	-0.900205	0.000000	-0.847183	0.000000	0.000000	0.000000	0.000000	0.000000	0.000000
-0.920779	-0.900075	-0.000000	-0.847183	0.000000	0.000000	0.000000	0.000000	0.000000	0.000000
-0.920779	-0.900147	0.000000	-0.847183	0.000000	0.000000	0.000000	0.000000	0.000000	0.000000
-0.920779	-0.900102	-0.000000	-0.847183	0.000000	0.000000	0.000000	0.000000	0.000000	0.000000
-0.920779	-0.900164	-0.000000	-0.847183	0.000000	0.000000	0.000000	0.000000	0.000000	0.000000
-0.920779	-0.900123	0.000000	-0.847183	0.000000	0.000000	0.000000	0.000000	0.000000	0.000000
-0.920779	-0.900128	0.000000	-0.847183	0.000000	0.000000	0.000000	0.000000	0.000000	0.000000
-0.920779	-0.900096	-0.000000	-0.847183	0.000000	0.000000	0.000000	0.000000	0.000000	0.000000
-0.920779	-0.900133	0.000000	-0.847183	0.000000	0.000000	0.000000	0.000000	0.000000	0.000000
-0.920779	-0.900058	-0.000000	-0.847183	0.000000	0.000000	0.000000	0.000000	0.000000	0.000000
-0.920779	-0.900200	-0.000000	-0.847183	0.000000	0.000000	0.000000	0.000000	0.000000	0.000000
-0.920779	-0.900212	0.000000	-0.847183	0.000000	0.000000	0.000000	0.000000	0.000000	0.000000
-0.920779	-0.900103	-0.000000	-0.847183	0.000000	0.000000	0.000000	0.000000	0.000000	0.000000
-0.920779	-0.900149	0.000000	-0.847183	0.000000	0.000000	0.000000	0.000000	0.000000	0.000000
-0.920779	-0.900250	0.000000	-0.847183	0.000000	0.000000	0.000000	0.000000	0.000000	0.000000
-0.920779	-0.900173	-0.000000	-0.847183	0.000000	0.000000	0.000000	0.000000	0.000000	0.000000
-0.920779	-0.900177	0.000000	-0.847183	0.000000	0.000000	0.000000	0.000000	0.000000	0.000000
-0.920779	-0.900126	-0.000000	-0.847183	0.000000	0.000000	0.000000	0.000000	0.000000	0.000000
-0.920779	-0.900196	-0.000000	-0.847183	0.000000	0.000000	0.000000	0.000000	0.000000	0.000000
-0.920779	-0.900109	-0.000000	-0.847183	0.000000	0.000000	0.000000	0.000000	0.000000	0.000000
-0.920779	-0.900121	-0.000000	-0.847183	0.000000	0.000000	0.000000	0.000000	0.000000	0.000000
-0.920779	-0.900097	0.000000	-0.847183	0.000000	0.000000	0.000000	0.000000	0.000000	0.000000
-0.920779	-0.900181	-0.000000	-0.847181	0.000000	0.000000	0.000000	0.000000	0.000000	0.000000
-0.920779	-0.900179	0.000000	-0.847183	0.000000	0.000000	0.000000	0.000000	0.000000	0.000000
-0.920779	-0.900167	-0.000000	-0.847183	0.000000	0.000000	0.000000	0.000000	0.000000	0.000000
-0.920779	-0.900080	0.000000	-0.847183	0.000000	0.000000	0.000000	0.000000	0.000000	0.000000
-0.920779	-0.899981	-0.000000	-0.847183	0.000000	0.000000	0.000000	0.000000	0.000000	0.000000
-0.920779	-0.900134	-0.000000	-0.847183	0.000000	0.000000	0.000000	0.000000	0.000000	0.000000
-0.920779	-0.900228	0.000000	-0.847183	0.000000	0.000000	0.000000	0.000000	0.000000	0.000000
-0.920779	-0.900272	0.000000	-0.847183	0.000000	0.000000	0.000000	0.000000	0.000000	0.000000
-0.920779	-0.900084	-0.000000	-0.847183	0.000000	0.000000	0.000000	0.000000	0.000000	0.000000
-0.920779	-0.900190	0.000000	-0.847183	0.000000	0.000000	0.000000	0.000000	0.000000	0.000000
-0.920779	-0.900148	0.000000	-0.847183	0.000000	0.000000	0.000000	0.000000	0.000000	0.000000
-0.920779	-0.900153	-0.000000	-0.847183	0.000000	0.000000	0.000000	0.000000	0.000000	0.000000
-0.920779	-0.900118	-0.000000	-0.847183	0.000000	0.000000	0.000000	0.000000	0.000000	0.000000
-0.920779	-0.899993	-0.000000	-0.847183	0.000000	0.000000	0.000000	0.000000	0.000000	0.000000
-0.920779	-0.900082	-0.000000	-0.847183	0.000000	0.000000	0.000000	0.000000	0.000000	0.000000
-0.920779	-0.900158	-0.000000	-0.847183	0.000000	0.000000	0.000000	0.000000	0.000000	0.000000
-0.920779	-0.900079	0.000000	-0.847183	0.000000	0.000000	0.000000	0.000000	0.000000	0.000000
-0.920779	-0.900203	-0.000000	-0.847183	0.000000	0.000000	0.000000	0.000000	0.000000	0.000000
-0.920779	-0.900115	-0.000000	-0.847183	0.000000	0.000000	0.000000	0.000000	0.000000	0.000000
-0.920779	-0.900195	-0.000000	-0.847183	0.000000	0.000000	0.000000	0.000000	0.000000	0.000000
-0.920779	-0.900146	-0.000000	-0.847183	0.000000	0.000000	0.000000	0.000000	0.000000	0.000000
-0.920779	-0.900106	0.000000	-0.847183	0.000000	0.000000	0.000000	0.000000	0.000000	0.000000
-0.920779	-0.900105	-0.000000	-0.847183	0.000000	0.000000	0.000000	0.000000	0.000000	0.000000
-0.920779	-0.900183	-0.000000	-0.847183	0.000000	0.000000	0.000000	0.000000	0.000000	0.000000
-0.920779	-0.900132	0.000000	-0.847183	0.000000	0.000000	0.000000	0.000000	0.000000	0.000000
-0.920779	-0.900152	0.000000	-0.847183	0.000000	0.000000	0.000000	0.000000	0.000000	0.000000
-0.920779	-0.900163	-0.000000	-0.847183	0.000000	0.000000	0.000000	0.000000	0.000000	0.000000
-0.920779	-0.900144	-0.000000	-0.847182	0.000000	0.000000	0.000000	0.000000	0.000000	0.000000
-0.920779	-0.900299	0.000000	-0.847081	0.000000	0.000000	0.000000	0.000000	0.000000	0.000000
-0.920779	-0.900186	-0.000000	-0.847183	0.000000	0.000000	0.000000	0.000000	0.000000	0.000000
-0.920779	-0.900139	-0.000000	-0.847183	0.000000	0.000000	0.000000	0.000000	0.000000	0.000000
-0.920779	-0.900181	-0.000000	-0.847183	0.000000	0.000000	0.000000	0.000000	0.000000	0.000000
-0.920779	-0.900242	-0.000000	-0.847183	0.000000	0.000000	0.000000	0.000000	0.000000	0.000000
-0.920779	-0.900206	0.000000	-0.847183	0.000000	0.000000	0.000000	0.000000	0.000000	0.000000
-0.920779	-0.900170	0.000000	-0.847183	0.000000	0.000000	0.000000	0.000000	0.000000	0.000000
-0.920779	-0.900151	-0.000000	-0.847183	0.000000	0.000000	0.000000	0.000000	0.000000	0.000000
-0.920779	-0.900249	-0.000000	-0.847183	0.000000	0.000000	0.000000	0.000000	0.000000	0.000000
