0.954670	0.869501	-0.000000	-0.791634	0.000000	0.000000	0.000000	0.000000	0.000000	0.000000
0.954361	0.869724	0.000000	-0.795550	0.000000	0.000000	0.000000	0.000000	0.000000	0.000000
0.954529	0.869435	0.000000	-0.795421	0.000000	0.000000	0.000000	0.000000	0.000000	0.000000
0.954619	0.869390	0.000000	-0.794398	0.000000	0.000000	0.000000	0.000000	0.000000	0.000000
0.954423	0.869110	-0.000000	-0.795610	0.000000	0.000000	0.000000	0.000000	0.000000	0.000000
0.954607	0.869243	0.000000	-0.795610	0.000000	0.000000	0.000000	0.000000	0.000000	0.000000
0.954413	0.869390	0.000000	-0.795610	0.000000	0.000000	0.000000	0.000000	0.000000	0.000000
0.954475	0.869450	0.000000	-0.795607	0.000000	0.000000	0.000000	0.000000	0.000000	0.000000
0.954347	0.868883	0.000000	-0.791035	0.000000	0.000000	0.000000	0.000000	0.000000	0.000000
0.954687	0.869469	-0.000000	-0.795607	0.000000	0.000000	0.000000	0.000000	0.000000	0.000000
0.954343	0.869546	-0.000000	-0.795610	0.000000	0.000000	0.000000	0.000000	0.000000	0.000000
0.954296	0.869710	-0.000000	-0.795592	0.000000	0.000000	0.000000	0.000000	0.000000	0.000000
0.954484	0.869730	0.000000	-0.795610	0.000000	0.000000	0.000000	0.000000	0.000000	0.000000
0.954414	0.869358	-0.000000	-0.784279	0.000000	0.000000	0.000000	0.000000	0.000000	0.000000
0.954445	0.869615	0.000000	-0.795593	0.000000	0.000000	0.000000	0.000000	0.000000	0.000000
0.954470	0.870004	0.000000	-0.795610	0.000000	0.000000	0.000000	0.000000	0.000000	0.000000
0.954360	0.869633	0.000000	-0.795605	0.000000	0.000000	0.000000	0.000000	0.000000	0.000000
0.954702	0.869486	-0.000000	-0.795604	0.000000	0.000000	0.000000	0.000000	0.000000	0.000000
0.954251	0.869373	-0.000000	-0.795610	0.000000	0.000000	0.000000	0.000000	0.000000	0.000000
0.954414	0.869585	0.000000	-0.795610	0.000000	0.000000	0.000000	0.000000	0.000000	0.000000
0.954300	0.869420	-0.000000	-0.795610	0.000000	0.000000	0.000000	0.000000	0.000000	0.000000
0.954278	0.869619	-0.000000	-0.795610	0.000000	0.000000	0.000000	0.000000	0.000000	0.000000
0.954575	0.869102	-0.000000	-0.795610	0.000000	0.000000	0.000000	0.000000	0.000000	0.000000
0.954452	0.869118	0.000000	-0.795610	0.000000	0.000000	0.000000	0.000000	0.000000	0.000000
0.954421	0.869373	-0.000000	-0.795610	0.000000	0.000000	0.000000	0.000000	0.000000	0.000000
0.954385	0.869287	0.000000	-0.795610	0.000000	0.000000	0.000000	0.000000	0.000000	0.000000
0.954292	0.870053	0.000000	-0.795609	0.000000	0.000000	0.000000	0.000000	0.000000	0.000000
0.954604	0.869685	-0.000000	-0.795600	0.000000	0.000000	0.000000	0.000000	0.000000	0.000000
0.954376	0.869519	-0.000000	-0.795610	0.000000	0.000000	0.000000	0.000000	0.000000	0.000000
0.954527	0.869323	-0.000000	-0.795610	0.000000	0.000000	0.000000	0.000000	0.000000	0.000000
0.954317	0.869697	0.000000	-0.793265	0.000000	0.000000	0.000000	0.000000	0.000000	0.000000
0.954228	0.869222	0.000000	-0.795529	0.000000	0.000000	0.000000	0.000000	0.000000	0.000000
0.954347	0.870115	0.000000	-0.795587	0.000000	0.000000	0.000000	0.000000	0.000000	0.000000
0.954402	0.868945	0.000000	-0.795610	0.000000	0.000000	0.000000	0.000000	0.000000	0.000000
0.954258	0.869814	-0.000000	-0.795334	0.000000	0.000000	0.000000	0.000000	0.000000	0.000000
0.954348	0.869464	0.000000	-0.795610	0.000000	0.000000	0.000000	0.000000	0.000000	0.000000
0.954154	0.869687	0.000000	-0.795611	0.000000	0.000000	0.000000	0.000000	0.000000	0.000000
0.954483	0.869659	0.000000	-0.795610	0.000000	0.000000	0.000000	0.000000	0.000000	0.000000
0.954284	0.869558	-0.000000	-0.794851	0.000000	0.000000	0.000000	0.000000	0.000000	0.000000
0.954414	0.869785	-0.000000	-0.795414	0.000000	0.000000	0.000000	0.000000	0.000000	0.000000
0.954558	0.869525	-0.000000	-0.795606	0.000000	0.000000	0.000000	0.000000	0.000000	0.000000
0.954205	0.869467	0.000000	-0.795610	0.000000	0.000000	0.000000	0.000000	0.000000	0.000000
0.954436	0.869563	0.000000	-0.795610	0.000000	0.000000	0.000000	0.000000	0.000000	0.000000
0.954490	0.869253	0.000000	-0.795609	0.000000	0.000000	0.000000	0.000000	0.000000	0.000000
0.954429	0.869581	0.000000	-0.795610	0.000000	0.000000	0.000000	0.000000	0.000000	0.000000
0.954536	0.869331	0.000000	-0.795602	0.000000	0.000000	0.000000	0.000000	0.000000	0.000000
0.954464	0.869175	-0.000000	-0.795534	0.000000	0.000000	0.000000	0.000000	0.000000	0.000000
0.954477	0.869822	0.000000	-0.795610	0.000000	0.000000	0.000000	0.000000	0.000000	0.000000
0.954655	0.869922	-0.000000	-0.795611	0.000000	0.000000	0.000000	0.000000	0.000000	0.000000
0.954276	0.869879	-0.000000	-0.795608	0.000000	0.000000	0.000000	0.000000	0.000000	0.000000
0.954644	0.869169	0.000000	-0.795591	0.000000	0.000000	0.000000	0.000000	0.000000	0.000000
0.954374	0.869834	-0.000000	-0.795543	0.000000	0.000000	0.000000	0.000000	0.000000	0.000000
0.954540	0.869365	0.000000	-0.795609	0.000000	0.000000	0.000000	0.000000	0.000000	0.000000
0.954356	0.869757	0.000000	-0.795610	0.000000	0.000000	0.000000	0.000000	0.000000	0.000000
0.954495	0.869627	-0.000000	-0.795610	0.000000	0.000000	0.000000	0.000000	0.000000	0.000000
0.954286	0.869624	-0.000000	-0.795597	0.000000	0.000000	0.000000	0.000000	0.000000	0.000000
0.954266	0.869864	-0.000000	-0.795599	0.000000	0.000000	0.000000	0.000000	0.000000	0.000000
0.954277	0.869394	-0.000000	-0.795610	0.000000	0.000000	0.000000	0.000000	0.000000	0.000000
0.954733	0.869022	0.000000	-0.795606	0.000000	0.000000	0.000000	0.000000	0.000000	0.000000
0.954225	0.869863	0.000000	-0.789373	0.000000	0.000000	0.000000	0.000000	0.000000	0.000000
0.954670	0.869598	-0.000000	-0.018255	0.000000	0.000000	0.000000	0.000000	0.000000	0.000000
0.954438	0.869505	-0.000000	-0.795577	0.000000	0.000000	0.000000	0.000000	0.000000	0.000000
0.954274	0.869629	-0.000000	-0.795611	0.000000	0.000000	0.000000	0.000000	0.000000	0.000000
0.954475	0.869836	0.000000	-0.795608	0.000000	0.000000	0.000000	0.000000	0.000000	0.000000
0.954407	0.869733	0.000000	-0.794406	0.000000	0.000000	0.000000	0.000000	0.000000	0.000000
0.954577	0.869389	-0.000000	-0.795610	0.000000	0.000000	0.000000	0.000000	0.000000	0.000000
0.954543	0.869343	-0.000000	-0.795610	0.000000	0.000000	0.000000	0.000000	0.000000	0.000000
0.954843	0.869042	0.000000	-0.795545	0.000000	0.000000	0.000000	0.000000	0.000000	0.000000
0.954430	0.869873	0.000000	-0.790855	0.000000	0.000000	0.000000	0.000000	0.000000	0.000000
0.954681	0.869526	0.000000	-0.795610	0.000000	0.000000	0.000000	0.000000	0.000000	0.000000
0.954670	0.869510	-0.000000	-0.789476	0.000000	0.000000	0.000000	0.000000	0.000000	0.000000
0.954118	0.869640	0.000000	-0.795599	0.000000	0.000000	0.000000	0.000000	0.000000	0.000000
0.954439	0.869771	-0.000000	-0.795529	0.000000	0.000000	0.000000	0.000000	0.000000	0.000000
0.954424	0.869991	-0.000000	-0.795611	0.000000	0.000000	0.000000	0.000000	0.000000	0.000000
0.954210	0.869621	0.000000	-0.795611	0.000000	0.000000	0.000000	0.000000	0.000000	0.000000
0.954756	0.869097	0.000000	-0.795610	0.000000	0.000000	0.000000	0.000000	0.000000	0.000000
0.954595	0.864597	-0.000000	-0.794419	0.000000	0.000000	0.000000	0.000000	0.000000	0.000000
0.954566	0.869601	0.000000	-0.795582	0.000000	0.000000	0.000000	0.000000	0.000000	0.000000
0.954363	0.869382	-0.000000	-0.795611	0.000000	0.000000	0.000000	0.000000	0.000000	0.000000
0.954471	0.869273	0.000000	-0.795607	0.000000	0.000000	0.000000	0.000000	0.000000	0.000000
0.954233	0.870193	-0.000000	-0.795610	0.000000	0.000000	0.000000	0.000000	0.000000	0.000000
0.954416	0.869651	-0.000000	-0.795610	0.000000	0.000000	0.000000	0.000000	0.000000	0.000000
0.954388	0.869792	-0.000000	-0.795610	0.000000	0.000000	0.000000	0.000000	0.000000	0.000000
0.954401	0.869592	-0.000000	-0.795610	0.000000	0.000000	0.000000	0.000000	0.000000	0.000000
0.954292	0.870055	-0.000000	-0.795610	0.000000	0.000000	0.000000	0.000000	0.000000	0.000000
0.954352	0.869506	0.000000	-0.795610	0.000000	0.000000	0.000000	0.000000	0.000000	0.000000
0.954331	0.869669	0.000000	-0.795576	0.000000	0.000000	0.000000	0.000000	0.000000	0.000000
0.954637	0.869366	0.000000	-0.795610	0.000000	0.000000	0.000000	0.000000	0.000000	0.000000
0.954251	0.869967	0.000000	-0.795610	0.000000	0.000000	0.000000	0.000000	0.000000	0.000000
0.954439	0.869299	-0.000000	-0.795590	0.000000	0.000000	0.000000	0.000000	0.000000	0.000000
0.954521	0.869600	0.000000	-0.795611	0.000000	0.000000	0.000000	0.000000	0.000000	0.000000
0.954350	0.869773	-0.000000	-0.795597	0.000000	0.000000	0.000000	0.000000	0.000000	0.000000
0.954722	0.869433	0.000000	-0.790753	0.000000	0.000000	0.000000	0.000000	0.000000	0.000000
0.954537	0.870194	-0.000000	-0.795592	0.000000	0.000000	0.000000	0.000000	0.000000	0.000000
0.954503	0.869574	-0.000000	-0.791172	0.000000	0.000000	0.000000	0.000000	0.000000	0.000000
0.954249	0.869920	-0.000000	-0.795583	0.000000	0.000000	0.000000	0.000000	0.000000	0.000000
0.954595	0.869724	-0.000000	-0.795611	0.000000	0.000000	0.000000	0.000000	0.000000	0.000000
0.954357	0.869945	0.000000	-0.795580	0.000000	0.000000	0.000000	0.000000	0.000000	0.000000
0.954370	0.869785	-0.000000	-0.795611	0.000000	0.000000	0.000000	0.000000	0.000000	0.000000
0.954319	0.869869	-0.000000	-0.795611	0.000000	0.000000	0.000000	0.000000	0.000000	0.000000
0.953969	0.869977	-0.000000	-0.795610	0.000000	0.000000	0.000000	0.000000	0.000000	0.000000
0.954228	0.869433	-0.000000	-0.795569	0.000000	0.000000	0.000000	0.000000	0.000000	0.000000
0.954352	0.869479	-0.000000	-0.795608	0.000000	0.000000	0.000000	0.000000	0.000000	0.000000
0.954566	0.869559	0.000000	-0.795610	0.000000	0.000000	0.000000	0.000000	0.000000	0.000000
0.954379	0.869510	0.000000	-0.795610	0.000000	0.000000	0.000000	0.000000	0.000000	0.000000
0.954393	0.869181	0.000000	-0.795609	0.000000	0.000000	0.000000	0.000000	0.000000	0.000000
0.954539	0.869106	0.000000	-0.795606	0.000000	0.000000	0.000000	0.000000	0.000000	0.000000
0.954529	0.869471	0.000000	-0.795608	0.000000	0.000000	0.000000	0.000000	0.000000	0.000000
0.954280	0.869144	0.000000	-0.795610	0.000000	0.000000	0.000000	0.000000	0.000000	0.000000
0.954396	0.869592	-0.000000	-0.795606	0.000000	0.000000	0.000000	0.000000	0.000000	0.000000
0.954282	0.869441	0.000000	-0.795610	0.000000	0.000000	0.000000	0.000000	0.000000	0.000000
0.954210	0.869764	0.000000	-0.795610	0.000000	0.000000	0.000000	0.000000	0.000000	0.000000
0.954526	0.869424	0.000000	-0.795610	0.000000	0.000000	0.000000	0.000000	0.000000	0.000000
0.954317	0.869313	0.000000	-0.795609	0.000000	0.000000	0.000000	0.000000	0.000000	0.000000
0.954403	0.869787	0.000000	-0.795610	0.000000	0.000000	0.000000	0.000000	0.000000	0.000000
0.954261	0.869701	-0.000000	-0.795611	0.000000	0.000000	0.000000	0.000000	0.000000	0.000000
0.954434	0.870023	-0.000000	-0.795610	0.000000	0.000000	0.000000	0.000000	0.000000	0.000000
0.954571	0.869360	-0.000000	-0.795609	0.000000	0.000000	0.000000	0.000000	0.000000	0.000000
0.954486	0.869627	-0.000000	-0.795609	0.000000	0.000000	0.000000	0.000000	0.000000	0.000000
0.954090	0.870024	-0.000000	-0.795610	0.000000	0.000000	0.000000	0.000000	0.000000	0.000000
0.954527	0.869448	0.000000	-0.795610	0.000000	0.000000	0.000000	0.000000	0.000000	0.000000
0.954539	0.869198	0.000000	-0.795604	0.000000	0.000000	0.000000	0.000000	0.000000	0.000000
0.954508	0.869764	-0.000000	-0.795594	0.000000	0.000000	0.000000	0.000000	0.000000	0.000000
0.954478	0.869821	-0.000000	-0.795610	0.000000	0.000000	0.000000	0.000000	0.000000	0.000000
0.954532	0.869710	0.000000	-0.795549	0.000000	0.000000	0.000000	0.000000	0.000000	0.000000
0.954739	0.869550	-0.000000	-0.795610	0.000000	0.000000	0.000000	0.000000	0.000000	0.000000
0.954262	0.869576	0.000000	-0.795610	0.000000	0.000000	0.000000	0.000000	0.000000	0.000000
0.954157	0.869562	0.000000	-0.795601	0.000000	0.000000	0.000000	0.000000	0.000000	0.000000
0.954460	0.869589	-0.000000	-0.795177	0.000000	0.000000	0.000000	0.000000	0.000000	0.000000
0.954413	0.869630	0.000000	-0.795610	0.000000	0.000000	0.000000	0.000000	0.000000	0.000000
0.954614	0.869291	-0.000000	-0.795599	0.000000	0.000000	0.000000	0.000000	0.000000	0.000000
0.954622	0.869829	-0.000000	-0.785264	0.000000	0.000000	0.000000	0.000000	0.000000	0.000000
0.954431	0.869789	0.000000	-0.795526	0.000000	0.000000	0.000000	0.000000	0.000000	0.000000
0.954505	0.868906	0.000000	-0.795577	0.000000	0.000000	0.000000	0.000000	0.000000	0.000000
0.954441	0.869520	-0.000000	-0.794866	0.000000	0.000000	0.000000	0.000000	0.000000	0.000000
0.954338	0.870007	-0.000000	-0.795048	0.000000	0.000000	0.000000	0.000000	0.000000	0.000000
0.954262	0.869840	-0.000000	-0.795605	0.000000	0.000000	0.000000	0.000000	0.000000	0.000000
0.954504	0.869497	-0.000000	-0.795610	0.000000	0.000000	0.000000	0.000000	0.000000	0.000000
0.954577	0.869344	-0.000000	-0.795611	0.000000	0.000000	0.000000	0.000000	0.000000	0.000000
0.954525	0.869396	0.000000	-0.795610	0.000000	0.000000	0.000000	0.000000	0.000000	0.000000
0.954455	0.869525	0.000000	-0.795587	0.000000	0.000000	0.000000	0.000000	0.000000	0.000000
0.954572	0.869623	0.000000	-0.795598	0.000000	0.000000	0.000000	0.000000	0.000000	0.000000
0.954379	0.869638	0.000000	-0.793530	0.000000	0.000000	0.000000	0.000000	0.000000	0.000000
0.954488	0.869338	0.000000	-0.795606	0.000000	0.000000	0.000000	0.000000	0.000000	0.000000
0.954429	0.869355	0.000000	-0.795610	0.000000	0.000000	0.000000	0.000000	0.000000	0.000000
0.954525	0.869571	-0.000000	-0.795611	0.000000	0.000000	0.000000	0.000000	0.000000	0.000000
0.954509	0.869616	-0.000000	-0.795606	0.000000	0.000000	0.000000	0.000000	0.000000	0.000000
0.954648	0.868937	0.000000	-0.795610	0.000000	0.000000	0.000000	0.000000	0.000000	0.000000
0.954429	0.869512	-0.000000	-0.795610	0.000000	0.000000	0.000000	0.000000	0.000000	0.000000
0.954576	0.869153	-0.000000	-0.795611	0.000000	0.000000	0.000000	0.000000	0.000000	0.000000
0.954289	0.869577	0.000000	-0.795610	0.000000	0.000000	0.000000	0.000000	0.000000	0.000000
0.954404	0.869499	-0.000000	-0.795611	0.000000	0.000000	0.000000	0.000000	0.000000	0.000000
0.954523	0.869208	0.000000	-0.795610	0.000000	0.000000	0.000000	0.000000	0.000000	0.000000
0.954209	0.870431	-0.000000	-0.792701	0.000000	0.000000	0.000000	0.000000	0.000000	0.000000
0.954392	0.869254	0.000000	-0.795609	0.000000	0.000000	0.000000	0.000000	0.000000	0.000000
0.954360	0.869449	-0.000000	-0.795583	0.000000	0.000000	0.000000	0.000000	0.000000	0.000000
0.954694	0.869126	-0.000000	-0.795610	0.000000	0.000000	0.000000	0.000000	0.000000	0.000000
0.954477	0.868898	-0.000000	-0.795585	0.000000	0.000000	0.000000	0.000000	0.000000	0.000000
0.954460	0.869914	0.000000	-0.795607	0.000000	0.000000	0.000000	0.000000	0.000000	0.000000
0.954390	0.869536	-0.000000	-0.795611	0.000000	0.000000	0.000000	0.000000	0.000000	0.000000
0.954469	0.869314	-0.000000	-0.795610	0.000000	0.000000	0.000000	0.000000	0.000000	0.000000
0.954623	0.870237	0.000000	-0.795610	0.000000	0.000000	0.000000	0.000000	0.000000	0.000000
0.954386	0.869374	0.000000	-0.795610	0.000000	0.000000	0.000000	0.000000	0.000000	0.000000
0.954185	0.869853	0.000000	-0.795610	0.000000	0.000000	0.000000	0.000000	0.000000	0.000000
0.954472	0.868994	-0.000000	-0.793582	0.000000	0.000000	0.000000	0.000000	0.000000	0.000000
0.954400	0.868863	0.000000	-0.795608	0.000000	0.000000	0.000000	0.000000	0.000000	0.000000
0.954220	0.869516	0.000000	-0.795598	0.000000	0.000000	0.000000	0.000000	0.000000	0.000000
0.954738	0.869739	0.000000	-0.795424	0.000000	0.000000	0.000000	0.000000	0.000000	0.000000
0.954419	0.869743	-0.000000	-0.795611	0.000000	0.000000	0.000000	0.000000	0.000000	0.000000
0.954304	0.869739	-0.000000	-0.795607	0.000000	0.000000	0.000000	0.000000	0.000000	0.000000
0.954642	0.869382	0.000000	-0.795608	0.000000	0.000000	0.000000	0.000000	0.000000	0.000000
0.955046	0.869217	-0.000000	-0.795608	0.000000	0.000000	0.000000	0.000000	0.000000	0.000000
0.954266	0.869664	0.000000	-0.795610	0.000000	0.000000	0.000000	0.000000	0.000000	0.000000
0.954446	0.869418	0.000000	-0.795610	0.000000	0.000000	0.000000	0.000000	0.000000	0.000000
0.954524	0.869651	0.000000	-0.795609	0.000000	0.000000	0.000000	0.000000	0.000000	0.000000
0.954665	0.869503	-0.000000	-0.795611	0.000000	0.000000	0.000000	0.000000	0.000000	0.000000
0.954497	0.869556	0.000000	-0.795610	0.000000	0.000000	0.000000	0.000000	0.000000	0.000000
0.954280	0.869791	0.000000	-0.795610	0.000000	0.000000	0.000000	0.000000	0.000000	0.000000
0.954512	0.869108	-0.000000	-0.795609	0.000000	0.000000	0.000000	0.000000	0.000000	0.000000
0.954557	0.869819	0.000000	-0.795610	0.000000	0.000000	0.000000	0.000000	0.000000	0.000000
0.954423	0.869619	-0.000000	-0.795610	0.000000	0.000000	0.000000	0.000000	0.000000	0.000000
0.954448	0.869395	0.000000	-0.788394	0.000000	0.000000	0.000000	0.000000	0.000000	0.000000
0.954222	0.869740	0.000000	-0.794895	0.000000	0.000000	0.000000	0.000000	0.000000	0.000000
0.954534	0.870030	-0.000000	-0.795611	0.000000	0.000000	0.000000	0.000000	0.000000	0.000000
0.954743	0.869566	0.000000	-0.795610	0.000000	0.000000	0.000000	0.000000	0.000000	0.000000
0.954294	0.869659	0.000000	-0.795610	0.000000	0.000000	0.000000	0.000000	0.000000	0.000000
0.954542	0.869610	-0.000000	-0.795611	0.000000	0.000000	0.000000	0.000000	0.000000	0.000000
0.954476	0.869195	0.000000	-0.795609	0.000000	0.000000	0.000000	0.000000	0.000000	0.000000
0.954422	0.869338	0.000000	-0.795320	0.000000	0.000000	0.000000	0.000000	0.000000	0.000000
0.954526	0.868876	-0.000000	-0.795610	0.000000	0.000000	0.000000	0.000000	0.000000	0.000000
0.954233	0.869367	-0.000000	-0.793831	0.000000	0.000000	0.000000	0.000000	0.000000	0.000000
0.954484	0.869660	-0.000000	-0.795610	0.000000	0.000000	0.000000	0.000000	0.000000	0.000000
0.954217	0.869643	-0.000000	-0.795604	0.000000	0.000000	0.000000	0.000000	0.000000	0.000000
0.954549	0.869425	0.000000	-0.795608	0.000000	0.000000	0.000000	0.000000	0.000000	0.000000
0.954550	0.868895	0.000000	-0.795610	0.000000	0.000000	0.000000	0.000000	0.000000	0.000000
0.954350	0.869093	-0.000000	-0.795611	0.000000	0.000000	0.000000	0.000000	0.000000	0.000000
0.954485	0.869457	-0.000000	-0.795610	0.000000	0.000000	0.000000	0.000000	0.000000	0.000000
0.954543	0.869548	0.000000	-0.795610	0.000000	0.000000	0.000000	0.000000	0.000000	0.000000
0.954239	0.869501	0.000000	-0.795610	0.000000	0.000000	0.000000	0.000000	0.000000	0.000000
0.954606	0.869826	-0.000000	-0.795610	0.000000	0.000000	0.000000	0.000000	0.000000	0.000000
0.954571	0.869877	0.000000	-0.795439	0.000000	0.000000	0.000000	0.000000	0.000000	0.000000
0.954398	0.869707	0.000000	-0.794485	0.000000	0.000000	0.000000	0.000000	0.000000	0.000000
0.954438	0.869956	-0.000000	-0.795544	0.000000	0.000000	0.000000	0.000000	0.000000	0.000000
0.954480	0.870205	-0.000000	-0.795610	0.000000	0.000000	0.000000	0.000000	0.000000	0.000000
0.954223	0.869898	0.000000	-0.795610	0.000000	0.000000	0.000000	0.000000	0.000000	0.000000
0.954468	0.869748	0.000000	-0.795610	0.000000	0.000000	0.000000	0.000000	0.000000	0.000000
0.954202	0.869999	-0.000000	-0.795607	0.000000	0.000000	0.000000	0.000000	0.000000	0.000000
0.954362	0.869779	-0.000000	-0.795610	0.000000	0.000000	0.000000	0.000000	0.000000	0.000000
0.954375	0.868470	-0.000000	-0.795609	0.000000	0.000000	0.000000	0.000000	0.000000	0.000000
0.954436	0.869218	-0.000000	-0.795609	0.000000	0.000000	0.000000	0.000000	0.000000	0.000000
0.954364	0.869533	-0.000000	-0.795610	0.000000	0.000000	0.000000	0.000000	0.000000	0.000000
0.954393	0.869406	0.000000	-0.795610	0.000000	0.000000	0.000000	0.000000	0.000000	0.000000
0.954789	0.869400	-0.000000	-0.795526	0.000000	0.000000	0.000000	0.000000	0.000000	0.000000
0.954406	0.869435	0.000000	-0.795586	0.000000	0.000000	0.000000	0.000000	0.000000	0.000000
0.954330	0.869754	0.000000	-0.795610	0.000000	0.000000	0.000000	0.000000	0.000000	0.000000
0.954391	0.869436	0.000000	-0.795604	0.000000	0.000000	0.000000	0.000000	0.000000	0.000000
0.954516	0.869144	0.000000	-0.795610	0.000000	0.000000	0.000000	0.000000	0.000000	0.000000
0.954442	0.869602	-0.000000	-0.795611	0.000000	0.000000	0.000000	0.000000	0.000000	0.000000
0.954552	0.869789	0.000000	-0.795601	0.000000	0.000000	0.000000	0.000000	0.000000	0.000000
0.954412	0.869537	0.000000	-0.795608	0.000000	0.000000	0.000000	0.000000	0.000000	0.000000
0.954210	0.869851	0.000000	-0.795610	0.000000	0.000000	0.000000	0.000000	0.000000	0.000000
0.954466	0.869414	0.000000	-0.795608	0.000000	0.000000	0.000000	0.000000	0.000000	0.000000
0.954238	0.869639	0.000000	-0.795605	0.000000	0.000000	0.000000	0.000000	0.000000	0.000000
0.954202	0.869465	-0.000000	-0.795582	0.000000	0.000000	0.000000	0.000000	0.000000	0.000000
0.954697	0.869451	0.000000	-0.795610	0.000000	0.000000	0.000000	0.000000	0.000000	0.000000
0.954637	0.869571	-0.000000	-0.795603	0.000000	0.000000	0.000000	0.000000	0.000000	0.000000
0.954654	0.869343	0.000000	-0.795610	0.000000	0.000000	0.000000	0.000000	0.000000	0.000000
0.954424	0.869329	-0.000000	-0.795610	0.000000	0.000000	0.000000	0.000000	0.000000	0.000000
0.954160	0.869346	0.000000	-0.795593	0.000000	0.000000	0.000000	0.000000	0.000000	0.000000
0.954737	0.869425	-0.000000	-0.795611	0.000000	0.000000	0.000000	0.000000	0.000000	0.000000
0.954571	0.869337	0.000000	-0.795607	0.000000	0.000000	0.000000	0.000000	0.000000	0.000000
0.954165	0.869465	0.000000	-0.795610	0.000000	0.000000	0.000000	0.000000	0.000000	0.000000
0.954864	0.869386	0.000000	-0.778640	0.000000	0.000000	0.000000	0.000000	0.000000	0.000000
0.954270	0.869590	0.000000	-0.795562	0.000000	0.000000	0.000000	0.000000	0.000000	0.000000
0.954285	0.869230	-0.000000	-0.795610	0.000000	0.000000	0.000000	0.000000	0.000000	0.000000
0.954367	0.869668	0.000000	-0.795601	0.000000	0.000000	0.000000	0.000000	0.000000	0.000000
0.954212	0.868918	-0.000000	-0.795610	0.000000	0.000000	0.000000	0.000000	0.000000	0.000000
0.954650	0.869413	-0.000000	-0.795462	0.000000	0.000000	0.000000	0.000000	0.000000	0.000000
0.954605	0.869527	-0.000000	-0.795611	0.000000	0.000000	0.000000	0.000000	0.000000	0.000000
0.954440	0.869575	-0.000000	-0.795609	0.000000	0.000000	0.000000	0.000000	0.000000	0.000000
0.954392	0.869760	-0.000000	-0.795610	0.000000	0.000000	0.000000	0.000000	0.000000	0.000000
0.954412	0.869124	-0.000000	-0.795610	0.000000	0.000000	0.000000	0.000000	0.000000	0.000000
0.954566	0.869746	-0.000000	-0.795610	0.000000	0.000000	0.000000	0.000000	0.000000	0.000000
0.954274	0.870122	-0.000000	-0.793595	0.000000	0.000000	0.000000	0.000000	0.000000	0.000000
0.954228	0.869722	0.000000	-0.795609	0.000000	0.000000	0.000000	0.000000	0.000000	0.000000
0.954388	0.869767	0.000000	-0.795601	0.000000	0.000000	0.000000	0.000000	0.000000	0.000000
0.954409	0.869356	0.000000	-0.795610	0.000000	0.000000	0.000000	0.000000	0.000000	0.000000
0.954350	0.869691	0.000000	-0.795603	0.000000	0.000000	0.000000	0.000000	0.000000	0.000000
0.954403	0.869488	0.000000	-0.795214	0.000000	0.000000	0.000000	0.000000	0.000000	0.000000
0.954554	0.869394	-0.000000	-0.795610	0.000000	0.000000	0.000000	0.000000	0.000000	0.000000
0.954367	0.001178	-0.000000	0.000000	0.000000	0.000000	0.000000	0.000000	0.000000	0.000000
0.954564	0.869363	-0.000000	0.821039	0.000000	0.000000	0.000000	0.000000	0.000000	0.000000
0.954395	0.869112	-0.000000	0.821114	0.000000	0.000000	0.000000	0.000000	0.000000	0.000000
0.954514	0.869125	-0.000000	0.820920	0.000000	0.000000	0.000000	0.000000	0.000000	0.000000
0.954162	0.869421	-0.000000	0.821001	0.000000	0.000000	0.000000	0.000000	0.000000	0.000000
0.954333	0.869434	0.000000	0.821219	0.000000	0.000000	0.000000	0.000000	0.000000	0.000000
0.954555	0.869299	-0.000000	0.821298	0.000000	0.000000	0.000000	0.000000	0.000000	0.000000
0.954524	0.869411	0.000000	0.821330	0.000000	0.000000	0.000000	0.000000	0.000000	0.000000
0.954407	0.869512	0.000000	0.821185	0.000000	0.000000	0.000000	0.000000	0.000000	0.000000
0.954334	0.869430	-0.000000	0.821081	0.000000	0.000000	0.000000	0.000000	0.000000	0.000000
0.954656	0.869339	-0.000000	0.821254	0.000000	0.000000	0.000000	0.000000	0.000000	0.000000
0.954559	0.869217	0.000000	0.821247	0.000000	0.000000	0.000000	0.000000	0.000000	0.000000
0.954318	0.869503	0.000000	0.821255	0.000000	0.000000	0.000000	0.000000	0.000000	0.000000
0.954695	0.869489	0.000000	0.821262	0.000000	0.000000	0.000000	0.000000	0.000000	0.000000
0.954514	0.869261	0.000000	0.821054	0.000000	0.000000	0.000000	0.000000	0.000000	0.000000
0.954501	0.869984	-0.000000	0.821207	0.000000	0.000000	0.000000	0.000000	0.000000	0.000000
0.954441	0.869877	-0.000000	0.820943	0.000000	0.000000	0.000000	0.000000	0.000000	0.000000
0.954562	0.869491	0.000000	0.821152	0.000000	0.000000	0.000000	0.000000	0.000000	0.000000
0.954493	0.869454	-0.000000	0.811989	0.000000	0.000000	0.000000	0.000000	0.000000	0.000000
0.954662	0.869434	-0.000000	0.821132	0.000000	0.000000	0.000000	0.000000	0.000000	0.000000
0.954723	0.869877	-0.000000	0.820315	0.000000	0.000000	0.000000	0.000000	0.000000	0.000000
0.954417	0.869277	-0.000000	0.821047	0.000000	0.000000	0.000000	0.000000	0.000000	0.000000
0.954516	0.869793	-0.000000	0.820954	0.000000	0.000000	0.000000	0.000000	0.000000	0.000000
0.954497	0.869484	-0.000000	0.821027	0.000000	0.000000	0.000000	0.000000	0.000000	0.000000
0.954303	0.869956	0.000000	0.821027	0.000000	0.000000	0.000000	0.000000	0.000000	0.000000
0.954564	0.869423	-0.000000	0.821130	0.000000	0.000000	0.000000	0.000000	0.000000	0.000000
0.954352	0.869653	0.000000	0.821412	0.000000	0.000000	0.000000	0.000000	0.000000	0.000000
0.954478	0.869817	-0.000000	0.821072	0.000000	0.000000	0.000000	0.000000	0.000000	0.000000
0.954398	0.869723	0.000000	0.821096	0.000000	0.000000	0.000000	0.000000	0.000000	0.000000
0.954132	0.869547	-0.000000	0.820870	0.000000	0.000000	0.000000	0.000000	0.000000	0.000000
0.954553	0.869730	-0.000000	0.820745	0.000000	0.000000	0.000000	0.000000	0.000000	0.000000
0.954370	0.869151	-0.000000	0.821116	0.000000	0.000000	0.000000	0.000000	0.000000	0.000000
0.954352	0.869600	-0.000000	0.820887	0.000000	0.000000	0.000000	0.000000	0.000000	0.000000
0.954280	0.869569	0.000000	0.821076	0.000000	0.000000	0.000000	0.000000	0.000000	0.000000
0.954414	0.868653	-0.000000	0.821419	0.000000	0.000000	0.000000	0.000000	0.000000	0.000000
0.954156	0.869658	0.000000	0.820911	0.000000	0.000000	0.000000	0.000000	0.000000	0.000000
0.954138	0.869781	0.000000	0.821028	0.000000	0.000000	0.000000	0.000000	0.000000	0.000000
0.954429	0.869269	-0.000000	0.820947	0.000000	0.000000	0.000000	0.000000	0.000000	0.000000
0.954347	0.869118	-0.000000	0.821186	0.000000	0.000000	0.000000	0.000000	0.000000	0.000000
0.954637	0.869532	0.000000	0.821394	0.000000	0.000000	0.000000	0.000000	0.000000	0.000000
0.954413	0.869820	0.000000	0.820062	0.000000	0.000000	0.000000	0.000000	0.000000	0.000000
0.954433	0.869603	-0.000000	0.821203	0.000000	0.000000	0.000000	0.000000	0.000000	0.000000
0.954509	0.869726	-0.000000	0.819956	0.000000	0.000000	0.000000	0.000000	0.000000	0.000000
0.954511	0.869739	-0.000000	0.821073	0.000000	0.000000	0.000000	0.000000	0.000000	0.000000
0.954444	0.869236	-0.000000	0.820985	0.000000	0.000000	0.000000	0.000000	0.000000	0.000000
0.954486	0.869206	-0.000000	0.821271	0.000000	0.000000	0.000000	0.000000	0.000000	0.000000
0.954543	0.869711	0.000000	0.821331	0.000000	0.000000	0.000000	0.000000	0.000000	0.000000
0.954381	0.869905	0.000000	0.820961	0.000000	0.000000	0.000000	0.000000	0.000000	0.000000
0.954463	0.869813	0.000000	0.821040	0.000000	0.000000	0.000000	0.000000	0.000000	0.000000
0.954281	0.869396	-0.000000	0.820745	0.000000	0.000000	0.000000	0.000000	0.000000	0.000000
0.954202	0.869833	-0.000000	0.821238	0.000000	0.000000	0.000000	0.000000	0.000000	0.000000
0.954297	0.869462	0.000000	0.820964	0.000000	0.000000	0.000000	0.000000	0.000000	0.000000
0.954596	0.868395	-0.000000	0.821088	0.000000	0.000000	0.000000	0.000000	0.000000	0.000000
0.954634	0.869536	-0.000000	0.820575	0.000000	0.000000	0.000000	0.000000	0.000000	0.000000
0.954565	0.869544	-0.000000	0.820747	0.000000	0.000000	0.000000	0.000000	0.000000	0.000000
0.954507	0.869755	-0.000000	0.821306	0.000000	0.000000	0.000000	0.000000	0.000000	0.000000
0.954159	0.869377	0.000000	0.820932	0.000000	0.000000	0.000000	0.000000	0.000000	0.000000
0.954258	0.869493	-0.000000	0.820925	0.000000	0.000000	0.000000	0.000000	0.000000	0.000000
0.954442	0.869375	-0.000000	0.821052	0.000000	0.000000	0.000000	0.000000	0.000000	0.000000
0.954332	0.870030	0.000000	0.821056	0.000000	0.000000	0.000000	0.000000	0.000000	0.000000
0.954226	0.869869	-0.000000	0.820848	0.000000	0.000000	0.000000	0.000000	0.000000	0.000000
0.954512	0.869285	-0.000000	0.820835	0.000000	0.000000	0.000000	0.000000	0.000000	0.000000
0.954487	0.869595	0.000000	0.821013	0.000000	0.000000	0.000000	0.000000	0.000000	0.000000
0.954439	0.869433	-0.000000	0.820986	0.000000	0.000000	0.000000	0.000000	0.000000	0.000000
0.954315	0.870018	0.000000	0.820802	0.000000	0.000000	0.000000	0.000000	0.000000	0.000000
0.954403	0.869160	-0.000000	0.821359	0.000000	0.000000	0.000000	0.000000	0.000000	0.000000
0.954444	0.869734	-0.000000	0.820956	0.000000	0.000000	0.000000	0.000000	0.000000	0.000000
0.954564	0.869397	-0.000000	0.820542	0.000000	0.000000	0.000000	0.000000	0.000000	0.000000
0.954442	0.869737	-0.000000	0.821249	0.000000	0.000000	0.000000	0.000000	0.000000	0.000000
0.954494	0.869473	-0.000000	0.820965	0.000000	0.000000	0.000000	0.000000	0.000000	0.000000
0.954408	0.869719	-0.000000	0.821061	0.000000	0.000000	0.000000	0.000000	0.000000	0.000000
0.954712	0.869108	0.000000	0.821174	0.000000	0.000000	0.000000	0.000000	0.000000	0.000000
0.954364	0.870002	0.000000	0.821064	0.000000	0.000000	0.000000	0.000000	0.000000	0.000000
0.954418	0.869425	0.000000	0.821194	0.000000	0.000000	0.000000	0.000000	0.000000	0.000000
0.954453	0.869660	0.000000	0.821227	0.000000	0.000000	0.000000	0.000000	0.000000	0.000000
0.954473	0.869367	0.000000	0.820920	0.000000	0.000000	0.000000	0.000000	0.000000	0.000000
0.954243	0.868986	0.000000	0.820490	0.000000	0.000000	0.000000	0.000000	0.000000	0.000000
0.954378	0.869483	-0.000000	0.820475	0.000000	0.000000	0.000000	0.000000	0.000000	0.000000
0.954247	0.869912	0.000000	0.820922	0.000000	0.000000	0.000000	0.000000	0.000000	0.000000
0.954354	0.869622	-0.000000	0.821149	0.000000	0.000000	0.000000	0.000000	0.000000	0.000000
0.954239	0.869713	-0.000000	0.820999	0.000000	0.000000	0.000000	0.000000	0.000000	0.000000
0.954368	0.869411	-0.000000	0.820856	0.000000	0.000000	0.000000	0.000000	0.000000	0.000000
0.954485	0.869566	0.000000	0.793578	0.000000	0.000000	0.000000	0.000000	0.000000	0.000000
0.954442	0.869536	0.000000	0.821299	0.000000	0.000000	0.000000	0.000000	0.000000	0.000000
0.954321	0.869283	-0.000000	0.821120	0.000000	0.000000	0.000000	0.000000	0.000000	0.000000
0.954406	0.869713	0.000000	0.820908	0.000000	0.000000	0.000000	0.000000	0.000000	0.000000
0.954341	0.869400	-0.000000	0.821464	0.000000	0.000000	0.000000	0.000000	0.000000	0.000000
0.954306	0.869550	-0.000000	0.821159	0.000000	0.000000	0.000000	0.000000	0.000000	0.000000
0.954354	0.869658	0.000000	0.821355	0.000000	0.000000	0.000000	0.000000	0.000000	0.000000
0.954619	0.869810	-0.000000	0.821213	0.000000	0.000000	0.000000	0.000000	0.000000	0.000000
0.954386	0.869760	-0.000000	0.821084	0.000000	0.000000	0.000000	0.000000	0.000000	0.000000
0.954573	0.869436	0.000000	0.821232	0.000000	0.000000	0.000000	0.000000	0.000000	0.000000
0.954374	0.869182	-0.000000	0.821174	0.000000	0.000000	0.000000	0.000000	0.000000	0.000000
0.954469	0.869514	0.000000	0.820845	0.000000	0.000000	0.000000	0.000000	0.000000	0.000000
0.954392	0.869150	0.000000	0.821308	0.000000	0.000000	0.000000	0.000000	0.000000	0.000000
0.954496	0.869564	0.000000	0.821122	0.000000	0.000000	0.000000	0.000000	0.000000	0.000000
0.954639	0.869499	-0.000000	0.821175	0.000000	0.000000	0.000000	0.000000	0.000000	0.000000
0.954367	0.869515	0.000000	0.821107	0.000000	0.000000	0.000000	0.000000	0.000000	0.000000
0.954261	0.869455	0.000000	0.821218	0.000000	0.000000	0.000000	0.000000	0.000000	0.000000
0.954492	0.869867	-0.000000	0.821158	0.000000	0.000000	0.000000	0.000000	0.000000	0.000000
0.954851	0.869703	0.000000	0.821219	0.000000	0.000000	0.000000	0.000000	0.000000	0.000000
0.954204	0.869789	0.000000	0.820964	0.000000	0.000000	0.000000	0.000000	0.000000	0.000000
0.954408	0.869874	0.000000	0.821117	0.000000	0.000000	0.000000	0.000000	0.000000	0.000000
0.954413	0.869095	-0.000000	0.821198	0.000000	0.000000	0.000000	0.000000	0.000000	0.000000
0.954385	0.869825	0.000000	0.821304	0.000000	0.000000	0.000000	0.000000	0.000000	0.000000
0.954314	0.870076	-0.000000	0.819331	0.000000	0.000000	0.000000	0.000000	0.000000	0.000000
0.954425	0.868956	0.000000	0.820573	0.000000	0.000000	0.000000	0.000000	0.000000	0.000000
0.954281	0.870124	0.000000	0.821191	0.000000	0.000000	0.000000	0.000000	0.000000	0.000000
0.954044	0.869297	0.000000	0.820759	0.000000	0.000000	0.000000	0.000000	0.000000	0.000000
0.954244	0.869868	-0.000000	0.820989	0.000000	0.000000	0.000000	0.000000	0.000000	0.000000
0.954338	0.869171	-0.000000	0.821031	0.000000	0.000000	0.000000	0.000000	0.000000	0.000000
0.954424	0.869553	0.000000	0.820949	0.000000	0.000000	0.000000	0.000000	0.000000	0.000000
0.954443	0.868396	-0.000000	0.820902	0.000000	0.000000	0.000000	0.000000	0.000000	0.000000
0.954360	0.869676	-0.000000	0.821186	0.000000	0.000000	0.000000	0.000000	0.000000	0.000000
0.954466	0.869543	-0.000000	0.821160	0.000000	0.000000	0.000000	0.000000	0.000000	0.000000
0.954417	0.869466	0.000000	0.820990	0.000000	0.000000	0.000000	0.000000	0.000000	0.000000
0.954445	0.869552	0.000000	0.821003	0.000000	0.000000	0.000000	0.000000	0.000000	0.000000
0.954464	0.869938	0.000000	0.820966	0.000000	0.000000	0.000000	0.000000	0.000000	0.000000
0.954346	0.869263	0.000000	0.821153	0.000000	0.000000	0.000000	0.000000	0.000000	0.000000
0.954230	0.869303	-0.000000	0.821150	0.000000	0.000000	0.000000	0.000000	0.000000	0.000000
0.954516	0.869540	-0.000000	0.820983	0.000000	0.000000	0.000000	0.000000	0.000000	0.000000
0.954408	0.869463	-0.000000	0.751389	0.000000	0.000000	0.000000	0.000000	0.000000	0.000000
0.954489	0.869600	-0.000000	0.820822	0.000000	0.000000	0.000000	0.000000	0.000000	0.000000
0.954587	0.869601	0.000000	0.821072	0.000000	0.000000	0.000000	0.000000	0.000000	0.000000
0.954386	0.869553	0.000000	0.820938	0.000000	0.000000	0.000000	0.000000	0.000000	0.000000
0.954381	0.869227	-0.000000	0.821270	0.000000	0.000000	0.000000	0.000000	0.000000	0.000000
0.954352	0.869187	0.000000	0.821243	0.000000	0.000000	0.000000	0.000000	0.000000	0.000000
0.954455	0.870035	-0.000000	0.821307	0.000000	0.000000	0.000000	0.000000	0.000000	0.000000
0.954249	0.869662	0.000000	0.820970	0.000000	0.000000	0.000000	0.000000	0.000000	0.000000
0.954259	0.870079	-0.000000	0.820919	0.000000	0.000000	0.000000	0.000000	0.000000	0.000000
0.954262	0.870041	-0.000000	0.821322	0.000000	0.000000	0.000000	0.000000	0.000000	0.000000
0.954254	0.869455	-0.000000	0.821211	0.000000	0.000000	0.000000	0.000000	0.000000	0.000000
0.954366	0.869373	0.000000	0.821006	0.000000	0.000000	0.000000	0.000000	0.000000	0.000000
0.954549	0.869619	-0.000000	0.820854	0.000000	0.000000	0.000000	0.000000	0.000000	0.000000
0.954103	0.869992	-0.000000	0.821005	0.000000	0.000000	0.000000	0.000000	0.000000	0.000000
0.954403	0.869274	-0.000000	0.820960	0.000000	0.000000	0.000000	0.000000	0.000000	0.000000
0.954452	0.869498	-0.000000	0.820903	0.000000	0.000000	0.000000	0.000000	0.000000	0.000000
0.954505	0.869690	-0.000000	0.248032	0.000000	0.000000	0.000000	0.000000	0.000000	0.000000
0.954545	0.869181	0.000000	0.821060	0.000000	0.000000	0.000000	0.000000	0.000000	0.000000
0.954606	0.869739	0.000000	0.821278	0.000000	0.000000	0.000000	0.000000	0.000000	0.000000
0.954674	0.869318	0.000000	0.820874	0.000000	0.000000	0.000000	0.000000	0.000000	0.000000
0.954367	0.869798	0.000000	0.820967	0.000000	0.000000	0.000000	0.000000	0.000000	0.000000
0.954385	0.869288	-0.000000	0.820790	0.000000	0.000000	0.000000	0.000000	0.000000	0.000000
0.954455	0.869078	-0.000000	0.820973	0.000000	0.000000	0.000000	0.000000	0.000000	0.000000
0.954481	0.869637	-0.000000	0.821234	0.000000	0.000000	0.000000	0.000000	0.000000	0.000000
0.954378	0.869820	-0.000000	0.820579	0.000000	0.000000	0.000000	0.000000	0.000000	0.000000
0.954035	0.870188	0.000000	0.820977	0.000000	0.000000	0.000000	0.000000	0.000000	0.000000
0.954128	0.869503	0.000000	0.820962	0.000000	0.000000	0.000000	0.000000	0.000000	0.000000
0.954358	0.869428	-0.000000	0.820875	0.000000	0.000000	0.000000	0.000000	0.000000	0.000000
0.954421	0.869592	-0.000000	0.821107	0.000000	0.000000	0.000000	0.000000	0.000000	0.000000
0.954401	0.869796	0.000000	0.821069	0.000000	0.000000	0.000000	0.000000	0.000000	0.000000
0.954582	0.869739	-0.000000	0.821343	0.000000	0.000000	0.000000	0.000000	0.000000	0.000000
0.954484	0.869719	0.000000	0.820999	0.000000	0.000000	0.000000	0.000000	0.000000	0.000000
0.954410	0.869332	-0.000000	0.820935	0.000000	0.000000	0.000000	0.000000	0.000000	0.000000
0.954220	0.869541	0.000000	0.821286	0.000000	0.000000	0.000000	0.000000	0.000000	0.000000
0.954347	0.869668	-0.000000	0.821066	0.000000	0.000000	0.000000	0.000000	0.000000	0.000000
0.954610	0.869539	-0.000000	0.821263	0.000000	0.000000	0.000000	0.000000	0.000000	0.000000
0.954313	0.869992	-0.000000	0.821099	0.000000	0.000000	0.000000	0.000000	0.000000	0.000000
0.954656	0.869477	0.000000	0.821381	0.000000	0.000000	0.000000	0.000000	0.000000	0.000000
0.954508	0.869878	0.000000	0.821288	0.000000	0.000000	0.000000	0.000000	0.000000	0.000000
0.954496	0.869066	-0.000000	0.821044	0.000000	0.000000	0.000000	0.000000	0.000000	0.000000
0.954461	0.869467	0.000000	0.821024	0.000000	0.000000	0.000000	0.000000	0.000000	0.000000
0.954554	0.869534	0.000000	0.821123	0.000000	0.000000	0.000000	0.000000	0.000000	0.000000
0.954437	0.869118	-0.000000	0.821025	0.000000	0.000000	0.000000	0.000000	0.000000	0.000000
0.954304	0.869661	0.000000	0.820837	0.000000	0.000000	0.000000	0.000000	0.000000	0.000000
0.954427	0.869473	-0.000000	0.820767	0.000000	0.000000	0.000000	0.000000	0.000000	0.000000
0.954495	0.869581	-0.000000	0.821354	0.000000	0.000000	0.000000	0.000000	0.000000	0.000000
0.954437	0.869405	0.000000	0.820969	0.000000	0.000000	0.000000	0.000000	0.000000	0.000000
0.954486	0.869645	0.000000	0.821406	0.000000	0.000000	0.000000	0.000000	0.000000	0.000000
0.954603	0.869463	-0.000000	0.819421	0.000000	0.000000	0.000000	0.000000	0.000000	0.000000
0.954152	0.869721	0.000000	0.816759	0.000000	0.000000	0.000000	0.000000	0.000000	0.000000
0.954569	0.869454	-0.000000	0.821242	0.000000	0.000000	0.000000	0.000000	0.000000	0.000000
0.954667	0.869290	-0.000000	0.819233	0.000000	0.000000	0.000000	0.000000	0.000000	0.000000
0.954359	0.870286	-0.000000	0.821088	0.000000	0.000000	0.000000	0.000000	0.000000	0.000000
0.954476	0.869521	-0.000000	0.821147	0.000000	0.000000	0.000000	0.000000	0.000000	0.000000
0.954359	0.869311	-0.000000	0.820988	0.000000	0.000000	0.000000	0.000000	0.000000	0.000000
0.954409	0.869293	-0.000000	0.820912	0.000000	0.000000	0.000000	0.000000	0.000000	0.000000
0.954255	0.869926	0.000000	0.818979	0.000000	0.000000	0.000000	0.000000	0.000000	0.000000
0.954626	0.869483	0.000000	0.820438	0.000000	0.000000	0.000000	0.000000	0.000000	0.000000
0.954337	0.869862	-0.000000	0.820985	0.000000	0.000000	0.000000	0.000000	0.000000	0.000000
0.954567	0.868971	-0.000000	0.821167	0.000000	0.000000	0.000000	0.000000	0.000000	0.000000
0.954363	0.869214	0.000000	0.820987	0.000000	0.000000	0.000000	0.000000	0.000000	0.000000
0.954247	0.869995	0.000000	0.821351	0.000000	0.000000	0.000000	0.000000	0.000000	0.000000
0.954344	0.870271	0.000000	0.821229	0.000000	0.000000	0.000000	0.000000	0.000000	0.000000
0.954323	0.869022	0.000000	0.821080	0.000000	0.000000	0.000000	0.000000	0.000000	0.000000
0.954587	0.869211	0.000000	0.790080	0.000000	0.000000	0.000000	0.000000	0.000000	0.000000
0.954230	0.869812	-0.000000	0.821025	0.000000	0.000000	0.000000	0.000000	0.000000	0.000000
0.954439	0.869593	0.000000	0.821106	0.000000	0.000000	0.000000	0.000000	0.000000	0.000000
0.954245	0.869769	0.000000	0.821089	0.000000	0.000000	0.000000	0.000000	0.000000	0.000000
0.954591	0.869073	-0.000000	0.821183	0.000000	0.000000	0.000000	0.000000	0.000000	0.000000
0.954544	0.869430	0.000000	0.821222	0.000000	0.000000	0.000000	0.000000	0.000000	0.000000
0.954253	0.869517	-0.000000	0.821182	0.000000	0.000000	0.000000	0.000000	0.000000	0.000000
0.954310	0.869772	0.000000	0.821107	0.000000	0.000000	0.000000	0.000000	0.000000	0.000000
0.954366	0.869673	0.000000	0.821250	0.000000	0.000000	0.000000	0.000000	0.000000	0.000000
0.954338	0.869283	0.000000	0.820920	0.000000	0.000000	0.000000	0.000000	0.000000	0.000000
0.954685	0.869501	-0.000000	0.821315	0.000000	0.000000	0.000000	0.000000	0.000000	0.000000
0.954402	0.869404	0.000000	0.820699	0.000000	0.000000	0.000000	0.000000	0.000000	0.000000
0.954131	0.869915	0.000000	0.821170	0.000000	0.000000	0.000000	0.000000	0.000000	0.000000
0.954579	0.869454	0.000000	0.820929	0.000000	0.000000	0.000000	0.000000	0.000000	0.000000
0.954481	0.869592	-0.000000	0.821001	0.000000	0.000000	0.000000	0.000000	0.000000	0.000000
0.954531	0.869040	0.000000	0.820998	0.000000	0.000000	0.000000	0.000000	0.000000	0.000000
0.954396	0.869744	0.000000	0.817138	0.000000	0.000000	0.000000	0.000000	0.000000	0.000000
0.954405	0.869516	0.000000	0.821269	0.000000	0.000000	0.000000	0.000000	0.000000	0.000000
0.954581	0.868927	-0.000000	0.821060	0.000000	0.000000	0.000000	0.000000	0.000000	0.000000
0.954461	0.870017	0.000000	0.820871	0.000000	0.000000	0.000000	0.000000	0.000000	0.000000
0.954306	0.869235	-0.000000	0.821159	0.000000	0.000000	0.000000	0.000000	0.000000	0.000000
0.954541	0.869789	0.000000	0.821220	0.000000	0.000000	0.000000	0.000000	0.000000	0.000000
0.954524	0.869352	-0.000000	0.820992	0.000000	0.000000	0.000000	0.000000	0.000000	0.000000
0.954311	0.869590	0.000000	0.820925	0.000000	0.000000	0.000000	0.000000	0.000000	0.000000
0.954591	0.869252	0.000000	0.821181	0.000000	0.000000	0.000000	0.000000	0.000000	0.000000
0.954223	0.869639	0.000000	0.821023	0.000000	0.000000	0.000000	0.000000	0.000000	0.000000
0.954536	0.869633	-0.000000	0.820937	0.000000	0.000000	0.000000	0.000000	0.000000	0.000000
0.954630	0.869351	-0.000000	0.821169	0.000000	0.000000	0.000000	0.000000	0.000000	0.000000
0.954590	0.869438	0.000000	0.820860	0.000000	0.000000	0.000000	0.000000	0.000000	0.000000
0.954440	0.869803	-0.000000	0.821009	0.000000	0.000000	0.000000	0.000000	0.000000	0.000000
0.954484	0.869364	-0.000000	0.821041	0.000000	0.000000	0.000000	0.000000	0.000000	0.000000
0.954193	0.869475	0.000000	0.821025	0.000000	0.000000	0.000000	0.000000	0.000000	0.000000
0.954464	0.869298	-0.000000	0.821128	0.000000	0.000000	0.000000	0.000000	0.000000	0.000000
0.954496	0.869285	0.000000	0.821059	0.000000	0.000000	0.000000	0.000000	0.000000	0.000000
0.954574	0.869775	-0.000000	0.820822	0.000000	0.000000	0.000000	0.000000	0.000000	0.000000
0.954411	0.869412	0.000000	0.821193	0.000000	0.000000	0.000000	0.000000	0.000000	0.000000
0.954744	0.869957	0.000000	0.821324	0.000000	0.000000	0.000000	0.000000	0.000000	0.000000
0.954620	0.869550	0.000000	0.821254	0.000000	0.000000	0.000000	0.000000	0.000000	0.000000
0.954487	0.869567	0.000000	0.821190	0.000000	0.000000	0.000000	0.000000	0.000000	0.000000
0.954299	0.869379	0.000000	0.821131	0.000000	0.000000	0.000000	0.000000	0.000000	0.000000
0.954394	0.869907	0.000000	0.821130	0.000000	0.000000	0.000000	0.000000	0.000000	0.000000
0.954597	0.868977	-0.000000	0.820959	0.000000	0.000000	0.000000	0.000000	0.000000	0.000000
0.954541	0.869257	-0.000000	0.820781	0.000000	0.000000	0.000000	0.000000	0.000000	0.000000
0.954292	0.869833	0.000000	0.821122	0.000000	0.000000	0.000000	0.000000	0.000000	0.000000
0.954456	0.869669	0.000000	0.820947	0.000000	0.000000	0.000000	0.000000	0.000000	0.000000
0.954707	0.869530	0.000000	0.821226	0.000000	0.000000	0.000000	0.000000	0.000000	0.000000
0.954424	0.869472	0.000000	0.821232	0.000000	0.000000	0.000000	0.000000	0.000000	0.000000
0.954660	0.869379	0.000000	0.820816	0.000000	0.000000	0.000000	0.000000	0.000000	0.000000
0.954218	0.869465	0.000000	0.821452	0.000000	0.000000	0.000000	0.000000	0.000000	0.000000
0.954431	0.869481	0.000000	0.821131	0.000000	0.000000	0.000000	0.000000	0.000000	0.000000
0.954481	0.869451	-0.000000	0.820986	0.000000	0.000000	0.000000	0.000000	0.000000	0.000000
0.954578	0.869349	-0.000000	0.821056	0.000000	0.000000	0.000000	0.000000	0.000000	0.000000
0.954444	0.869628	-0.000000	0.820921	0.000000	0.000000	0.000000	0.000000	0.000000	0.000000
0.954531	0.869491	0.000000	0.820969	0.000000	0.000000	0.000000	0.000000	0.000000	0.000000
0.954497	0.869864	0.000000	0.821304	0.000000	0.000000	0.000000	0.000000	0.000000	0.000000
0.954501	0.869117	0.000000	0.820559	0.000000	0.000000	0.000000	0.000000	0.000000	0.000000
0.954380	0.869616	0.000000	0.821010	0.000000	0.000000	0.000000	0.000000	0.000000	0.000000
0.954417	0.869260	0.000000	0.820985	0.000000	0.000000	0.000000	0.000000	0.000000	0.000000
0.954259	0.869967	0.000000	0.820713	0.000000	0.000000	0.000000	0.000000	0.000000	0.000000
0.954541	0.869179	-0.000000	0.821083	0.000000	0.000000	0.000000	0.000000	0.000000	0.000000
0.954354	0.869258	-0.000000	0.821085	0.000000	0.000000	0.000000	0.000000	0.000000	0.000000
0.954605	0.869176	-0.000000	0.821109	0.000000	0.000000	0.000000	0.000000	0.000000	0.000000
0.954438	0.869323	0.000000	0.820708	0.000000	0.000000	0.000000	0.000000	0.000000	0.000000
0.954506	0.869581	0.000000	0.821168	0.000000	0.000000	0.000000	0.000000	0.000000	0.000000
0.954175	0.869701	0.000000	0.820930	0.000000	0.000000	0.000000	0.000000	0.000000	0.000000
0.954193	-0.857652	-0.000003	-0.000000	0.000000	0.000000	0.000000	0.000000	0.000000	0.000000
0.954786	-0.857652	-0.830912	0.000000	0.000000	0.000000	0.000000	0.000000	0.000000	0.000000
0.954553	-0.857652	-0.830758	-0.000000	0.000000	0.000000	0.000000	0.000000	0.000000	0.000000
0.954590	-0.857652	-0.831153	0.000000	0.000000	0.000000	0.000000	0.000000	0.000000	0.000000
0.954365	-0.857652	-0.831266	-0.000000	0.000000	0.000000	0.000000	0.000000	0.000000	0.000000
0.954326	-0.857652	-0.831336	-0.000000	0.000000	0.000000	0.000000	0.000000	0.000000	0.000000
0.954686	-0.857652	-0.831496	0.000000	0.000000	0.000000	0.000000	0.000000	0.000000	0.000000
0.954536	-0.857652	-0.831095	-0.000000	0.000000	0.000000	0.000000	0.000000	0.000000	0.000000
0.954660	-0.857652	-0.831520	-0.000000	0.000000	0.000000	0.000000	0.000000	0.000000	0.000000
0.954485	-0.857651	-0.831010	0.000000	0.000000	0.000000	0.000000	0.000000	0.000000	0.000000
0.954242	-0.857652	-0.830805	-0.000000	0.000000	0.000000	0.000000	0.000000	0.000000	0.000000
0.954632	-0.857652	-0.830895	-0.000000	0.000000	0.000000	0.000000	0.000000	0.000000	0.000000
0.954439	-0.857652	-0.831712	0.000000	0.000000	0.000000	0.000000	0.000000	0.000000	0.000000
0.954329	-0.857652	-0.831652	-0.000000	0.000000	0.000000	0.000000	0.000000	0.000000	0.000000
0.954558	-0.857652	-0.831303	-0.000000	0.000000	0.000000	0.000000	0.000000	0.000000	0.000000
0.954087	-0.857652	-0.831726	-0.000000	0.000000	0.000000	0.000000	0.000000	0.000000	0.000000
0.954384	-0.857651	-0.831569	-0.000000	0.000000	0.000000	0.000000	0.000000	0.000000	0.000000
0.954203	-0.857652	-0.831563	0.000000	0.000000	0.000000	0.000000	0.000000	0.000000	0.000000
0.954602	-0.857652	-0.831155	0.000000	0.000000	0.000000	0.000000	0.000000	0.000000	0.000000
0.954874	-0.857652	-0.830904	-0.000000	0.000000	0.000000	0.000000	0.000000	0.000000	0.000000
0.954021	-0.857652	-0.831223	-0.000000	0.000000	0.000000	0.000000	0.000000	0.000000	0.000000
0.954583	-0.857652	-0.830916	-0.000000	0.000000	0.000000	0.000000	0.000000	0.000000	0.000000
0.954500	-0.857652	-0.831189	0.000000	0.000000	0.000000	0.000000	0.000000	0.000000	0.000000
0.954484	-0.857652	-0.830853	-0.000000	0.000000	0.000000	0.000000	0.000000	0.000000	0.000000
0.954477	-0.857652	-0.831103	-0.000000	0.000000	0.000000	0.000000	0.000000	0.000000	0.000000
0.954625	-0.857652	-0.831024	-0.000000	0.000000	0.000000	0.000000	0.000000	0.000000	0.000000
0.954510	-0.857652	-0.831455	0.000000	0.000000	0.000000	0.000000	0.000000	0.000000	0.000000
0.954833	-0.857652	-0.831249	0.000000	0.000000	0.000000	0.000000	0.000000	0.000000	0.000000
0.954358	-0.857652	-0.831383	-0.000000	0.000000	0.000000	0.000000	0.000000	0.000000	0.000000
0.954321	-0.857652	-0.831340	0.000000	0.000000	0.000000	0.000000	0.000000	0.000000	0.000000
0.954330	-0.857652	-0.831096	-0.000000	0.000000	0.000000	0.000000	0.000000	0.000000	0.000000
0.954403	-0.857652	-0.831406	-0.000000	0.000000	0.000000	0.000000	0.000000	0.000000	0.000000
0.954520	-0.857652	-0.831121	0.000000	0.000000	0.000000	0.000000	0.000000	0.000000	0.000000
0.954287	-0.857652	-0.830930	-0.000000	0.000000	0.000000	0.000000	0.000000	0.000000	0.000000
0.954301	-0.857652	-0.832082	-0.000000	0.000000	0.000000	0.000000	0.000000	0.000000	0.000000
0.954443	-0.857652	-0.830617	-0.000000	0.000000	0.000000	0.000000	0.000000	0.000000	0.000000
0.954504	-0.857652	-0.831247	-0.000000	0.000000	0.000000	0.000000	0.000000	0.000000	0.000000
0.954426	-0.857652	-0.829408	-0.000000	0.000000	0.000000	0.000000	0.000000	0.000000	0.000000
0.954429	-0.857638	-0.830713	0.000000	0.000000	0.000000	0.000000	0.000000	0.000000	0.000000
0.954669	-0.857652	-0.831438	0.000000	0.000000	0.000000	0.000000	0.000000	0.000000	0.000000
0.954400	-0.857652	-0.830910	0.000000	0.000000	0.000000	0.000000	0.000000	0.000000	0.000000
0.954300	-0.857652	-0.831708	-0.000000	0.000000	0.000000	0.000000	0.000000	0.000000	0.000000
0.954521	-0.857652	-0.831051	0.000000	0.000000	0.000000	0.000000	0.000000	0.000000	0.000000
0.954478	-0.857652	-0.831201	-0.000000	0.000000	0.000000	0.000000	0.000000	0.000000	0.000000
0.954674	-0.857652	-0.831400	0.000000	0.000000	0.000000	0.000000	0.000000	0.000000	0.000000
0.954429	-0.857652	-0.831403	-0.000000	0.000000	0.000000	0.000000	0.000000	0.000000	0.000000
0.954431	-0.857652	-0.831003	0.000000	0.000000	0.000000	0.000000	0.000000	0.000000	0.000000
0.954412	-0.857652	-0.830835	0.000000	0.000000	0.000000	0.000000	0.000000	0.000000	0.000000
0.954519	-0.857652	-0.831583	-0.000000	0.000000	0.000000	0.000000	0.000000	0.000000	0.000000
0.954431	-0.857652	-0.831746	0.000000	0.000000	0.000000	0.000000	0.000000	0.000000	0.000000
0.954748	-0.857652	-0.831553	0.000000	0.000000	0.000000	0.000000	0.000000	0.000000	0.000000
0.954294	-0.857652	-0.832025	-0.000000	0.000000	0.000000	0.000000	0.000000	0.000000	0.000000
0.954464	-0.857652	-0.831113	-0.000000	0.000000	0.000000	0.000000	0.000000	0.000000	0.000000
0.954336	-0.857652	-0.831434	-0.000000	0.000000	0.000000	0.000000	0.000000	0.000000	0.000000
0.954611	-0.857652	-0.830814	0.000000	0.000000	0.000000	0.000000	0.000000	0.000000	0.000000
0.954306	-0.857567	-0.830915	-0.000000	0.000000	0.000000	0.000000	0.000000	0.000000	0.000000
0.954327	-0.857652	-0.831586	0.000000	0.000000	0.000000	0.000000	0.000000	0.000000	0.000000
0.954356	-0.857652	-0.831600	0.000000	0.000000	0.000000	0.000000	0.000000	0.000000	0.000000
0.954383	-0.857652	-0.831327	0.000000	0.000000	0.000000	0.000000	0.000000	0.000000	0.000000
0.954359	-0.857652	-0.831234	-0.000000	0.000000	0.000000	0.000000	0.000000	0.000000	0.000000
0.954542	-0.857652	-0.831349	-0.000000	0.000000	0.000000	0.000000	0.000000	0.000000	0.000000
0.954772	-0.857652	-0.831649	-0.000000	0.000000	0.000000	0.000000	0.000000	0.000000	0.000000
0.954191	-0.857652	-0.831270	0.000000	0.000000	0.000000	0.000000	0.000000	0.000000	0.000000
0.954204	-0.857652	-0.831498	-0.000000	0.000000	0.000000	0.000000	0.000000	0.000000	0.000000
0.954408	-0.857652	-0.831510	0.000000	0.000000	0.000000	0.000000	0.000000	0.000000	0.000000
0.954621	-0.857652	-0.831502	-0.000000	0.000000	0.000000	0.000000	0.000000	0.000000	0.000000
0.954406	-0.857652	-0.831698	0.000000	0.000000	0.000000	0.000000	0.000000	0.000000	0.000000
0.954655	-0.857652	-0.831351	-0.000000	0.000000	0.000000	0.000000	0.000000	0.000000	0.000000
0.954373	-0.857652	-0.830934	-0.000000	0.000000	0.000000	0.000000	0.000000	0.000000	0.000000
0.954457	-0.857652	-0.831054	-0.000000	0.000000	0.000000	0.000000	0.000000	0.000000	0.000000
0.954705	-0.857652	-0.830970	0.000000	0.000000	0.000000	0.000000	0.000000	0.000000	0.000000
0.954491	-0.857652	-0.831860	-0.000000	0.000000	0.000000	0.000000	0.000000	0.000000	0.000000
0.954560	-0.857652	-0.831214	0.000000	0.000000	0.000000	0.000000	0.000000	0.000000	0.000000
0.954579	-0.857652	-0.830570	0.000000	0.000000	0.000000	0.000000	0.000000	0.000000	0.000000
0.954485	-0.857652	-0.831124	0.000000	0.000000	0.000000	0.000000	0.000000	0.000000	0.000000
0.954672	-0.857652	-0.831739	-0.000000	0.000000	0.000000	0.000000	0.000000	0.000000	0.000000
0.954349	-0.857652	-0.831689	0.000000	0.000000	0.000000	0.000000	0.000000	0.000000	0.000000
0.954284	-0.857652	-0.831059	-0.000000	0.000000	0.000000	0.000000	0.000000	0.000000	0.000000
0.954443	-0.857652	-0.831321	0.000000	0.000000	0.000000	0.000000	0.000000	0.000000	0.000000
0.954720	-0.857652	-0.831067	-0.000000	0.000000	0.000000	0.000000	0.000000	0.000000	0.000000
0.954356	-0.857652	-0.831131	-0.000000	0.000000	0.000000	0.000000	0.000000	0.000000	0.000000
0.954339	-0.857652	-0.831204	-0.000000	0.000000	0.000000	0.000000	0.000000	0.000000	0.000000
0.954328	-0.857652	-0.831503	0.000000	0.000000	0.000000	0.000000	0.000000	0.000000	0.000000
0.954524	-0.857652	-0.830994	-0.000000	0.000000	0.000000	0.000000	0.000000	0.000000	0.000000
0.954245	-0.857652	-0.831941	0.000000	0.000000	0.000000	0.000000	0.000000	0.000000	0.000000
0.954370	-0.857652	-0.831261	0.000000	0.000000	0.000000	0.000000	0.000000	0.000000	0.000000
0.954395	-0.857557	-0.831345	-0.000000	0.000000	0.000000	0.000000	0.000000	0.000000	0.000000
0.954298	-0.857652	-0.830977	-0.000000	0.000000	0.000000	0.000000	0.000000	0.000000	0.000000
0.954530	-0.857652	-0.831454	-0.000000	0.000000	0.000000	0.000000	0.000000	0.000000	0.000000
0.954461	-0.857652	-0.831359	-0.000000	0.000000	0.000000	0.000000	0.000000	0.000000	0.000000
0.954374	-0.857652	-0.831347	-0.000000	0.000000	0.000000	0.000000	0.000000	0.000000	0.000000
0.954159	-0.857652	-0.831499	-0.000000	0.000000	0.000000	0.000000	0.000000	0.000000	0.000000
0.954589	-0.857652	-0.831308	-0.000000	0.000000	0.000000	0.000000	0.000000	0.000000	0.000000
0.954622	-0.857652	-0.831370	0.000000	0.000000	0.000000	0.000000	0.000000	0.000000	0.000000
0.954401	-0.857652	-0.830986	-0.000000	0.000000	0.000000	0.000000	0.000000	0.000000	0.000000
0.954308	-0.857652	-0.831010	0.000000	0.000000	0.000000	0.000000	0.000000	0.000000	0.000000
0.954624	-0.857652	-0.831932	0.000000	0.000000	0.000000	0.000000	0.000000	0.000000	0.000000
0.954512	-0.857652	-0.830808	0.000000	0.000000	0.000000	0.000000	0.000000	0.000000	0.000000
0.954371	-0.857652	-0.831423	0.000000	0.000000	0.000000	0.000000	0.000000	0.000000	0.000000
0.954261	-0.857652	-0.831273	0.000000	0.000000	0.000000	0.000000	0.000000	0.000000	0.000000
0.954581	-0.857652	-0.831450	0.000000	0.000000	0.000000	0.000000	0.000000	0.000000	0.000000
0.954465	-0.857652	-0.830528	0.000000	0.000000	0.000000	0.000000	0.000000	0.000000	0.000000
0.954240	-0.857652	-0.831560	-0.000000	0.000000	0.000000	0.000000	0.000000	0.000000	0.000000
0.954464	-0.857652	-0.831402	-0.000000	0.000000	0.000000	0.000000	0.000000	0.000000	0.000000
0.954429	-0.857652	-0.831569	0.000000	0.000000	0.000000	0.000000	0.000000	0.000000	0.000000
0.954583	-0.857652	-0.831224	0.000000	0.000000	0.000000	0.000000	0.000000	0.000000	0.000000
0.954398	-0.857652	-0.831560	0.000000	0.000000	0.000000	0.000000	0.000000	0.000000	0.000000
0.954397	-0.857652	-0.831253	-0.000000	0.000000	0.000000	0.000000	0.000000	0.000000	0.000000
0.954512	-0.857652	-0.830945	0.000000	0.000000	0.000000	0.000000	0.000000	0.000000	0.000000
0.954478	-0.857652	-0.831287	-0.000000	0.000000	0.000000	0.000000	0.000000	0.000000	0.000000
0.954357	-0.857652	-0.830933	-0.000000	0.000000	0.000000	0.000000	0.000000	0.000000	0.000000
0.954502	-0.857652	-0.831110	0.000000	0.000000	0.000000	0.000000	0.000000	0.000000	0.000000
0.954399	-0.857652	-0.831313	-0.000000	0.000000	0.000000	0.000000	0.000000	0.000000	0.000000
0.954566	-0.857652	-0.828360	0.000000	0.000000	0.000000	0.000000	0.000000	0.000000	0.000000
0.954358	-0.857652	-0.831514	-0.000000	0.000000	0.000000	0.000000	0.000000	0.000000	0.000000
0.954547	-0.857652	-0.831908	-0.000000	0.000000	0.000000	0.000000	0.000000	0.000000	0.000000
0.954485	-0.857652	-0.831473	-0.000000	0.000000	0.000000	0.000000	0.000000	0.000000	0.000000
0.954414	-0.857652	-0.831017	0.000000	0.000000	0.000000	0.000000	0.000000	0.000000	0.000000
0.954528	-0.857652	-0.831663	-0.000000	0.000000	0.000000	0.000000	0.000000	0.000000	0.000000
0.954223	-0.857652	-0.831568	-0.000000	0.000000	0.000000	0.000000	0.000000	0.000000	0.000000
0.954382	-0.857652	-0.831665	0.000000	0.000000	0.000000	0.000000	0.000000	0.000000	0.000000
0.954371	-0.857652	-0.831242	0.000000	0.000000	0.000000	0.000000	0.000000	0.000000	0.000000
0.954518	-0.857652	-0.831294	0.000000	0.000000	0.000000	0.000000	0.000000	0.000000	0.000000
0.954532	-0.857652	-0.831472	-0.000000	0.000000	0.000000	0.000000	0.000000	0.000000	0.000000
0.954461	-0.857643	-0.831529	-0.000000	0.000000	0.000000	0.000000	0.000000	0.000000	0.000000
0.954464	-0.857652	-0.831619	-0.000000	0.000000	0.000000	0.000000	0.000000	0.000000	0.000000
0.954459	-0.857652	-0.831400	-0.000000	0.000000	0.000000	0.000000	0.000000	0.000000	0.000000
0.954399	-0.857652	-0.831750	0.000000	0.000000	0.000000	0.000000	0.000000	0.000000	0.000000
0.954415	-0.857652	-0.831144	-0.000000	0.000000	0.000000	0.000000	0.000000	0.000000	0.000000
0.954417	-0.857652	-0.831738	0.000000	0.000000	0.000000	0.000000	0.000000	0.000000	0.000000
0.954507	-0.857652	-0.831028	-0.000000	0.000000	0.000000	0.000000	0.000000	0.000000	0.000000
0.954446	-0.857652	-0.831378	0.000000	0.000000	0.000000	0.000000	0.000000	0.000000	0.000000
0.954586	-0.857652	-0.831449	-0.000000	0.000000	0.000000	0.000000	0.000000	0.000000	0.000000
0.954583	-0.857652	-0.831044	0.000000	0.000000	0.000000	0.000000	0.000000	0.000000	0.000000
0.954324	-0.857652	-0.831309	-0.000000	0.000000	0.000000	0.000000	0.000000	0.000000	0.000000
0.954528	-0.857652	-0.831058	0.000000	0.000000	0.000000	0.000000	0.000000	0.000000	0.000000
0.954440	-0.857650	-0.831296	0.000000	0.000000	0.000000	0.000000	0.000000	0.000000	0.000000
0.954499	-0.857652	-0.831286	-0.000000	0.000000	0.000000	0.000000	0.000000	0.000000	0.000000
0.954234	-0.857652	-0.831131	-0.000000	0.000000	0.000000	0.000000	0.000000	0.000000	0.000000
0.954470	-0.857652	-0.831210	-0.000000	0.000000	0.000000	0.000000	0.000000	0.000000	0.000000
0.954321	-0.857652	-0.831434	0.000000	0.000000	0.000000	0.000000	0.000000	0.000000	0.000000
0.954571	-0.857652	-0.830985	-0.000000	0.000000	0.000000	0.000000	0.000000	0.000000	0.000000
0.954614	-0.857652	-0.831070	-0.000000	0.000000	0.000000	0.000000	0.000000	0.000000	0.000000
0.954835	-0.857652	-0.831104	0.000000	0.000000	0.000000	0.000000	0.000000	0.000000	0.000000
0.954294	-0.857652	-0.831312	0.000000	0.000000	0.000000	0.000000	0.000000	0.000000	0.000000
0.954661	-0.857652	-0.830709	-0.000000	0.000000	0.000000	0.000000	0.000000	0.000000	0.000000
0.954384	-0.857652	-0.831364	-0.000000	0.000000	0.000000	0.000000	0.000000	0.000000	0.000000
0.954470	-0.857652	-0.831867	0.000000	0.000000	0.000000	0.000000	0.000000	0.000000	0.000000
0.954305	-0.857652	-0.830569	-0.000000	0.000000	0.000000	0.000000	0.000000	0.000000	0.000000
0.954561	-0.857652	-0.830769	0.000000	0.000000	0.000000	0.000000	0.000000	0.000000	0.000000
0.954332	-0.857652	-0.832179	0.000000	0.000000	0.000000	0.000000	0.000000	0.000000	0.000000
0.954540	-0.857652	-0.830877	-0.000000	0.000000	0.000000	0.000000	0.000000	0.000000	0.000000
0.954651	-0.857652	-0.831325	0.000000	0.000000	0.000000	0.000000	0.000000	0.000000	0.000000
0.954544	-0.857652	-0.831229	-0.000000	0.000000	0.000000	0.000000	0.000000	0.000000	0.000000
0.954499	-0.857652	-0.831031	0.000000	0.000000	0.000000	0.000000	0.000000	0.000000	0.000000
0.954483	-0.857652	-0.831332	0.000000	0.000000	0.000000	0.000000	0.000000	0.000000	0.000000
0.954468	-0.857652	-0.831276	-0.000000	0.000000	0.000000	0.000000	0.000000	0.000000	0.000000
0.954521	-0.857652	-0.831165	0.000000	0.000000	0.000000	0.000000	0.000000	0.000000	0.000000
0.954313	-0.857652	-0.830825	-0.000000	0.000000	0.000000	0.000000	0.000000	0.000000	0.000000
0.954759	-0.857652	-0.831400	-0.000000	0.000000	0.000000	0.000000	0.000000	0.000000	0.000000
0.954507	-0.857652	-0.832159	-0.000000	0.000000	0.000000	0.000000	0.000000	0.000000	0.000000
0.954482	-0.857652	-0.831746	0.000000	0.000000	0.000000	0.000000	0.000000	0.000000	0.000000
0.954112	-0.857652	-0.831697	0.000000	0.000000	0.000000	0.000000	0.000000	0.000000	0.000000
0.954387	-0.857652	-0.831221	-0.000000	0.000000	0.000000	0.000000	0.000000	0.000000	0.000000
0.954331	-0.857652	-0.831621	-0.000000	0.000000	0.000000	0.000000	0.000000	0.000000	0.000000
0.954647	-0.857652	-0.831167	-0.000000	0.000000	0.000000	0.000000	0.000000	0.000000	0.000000
0.954282	-0.857652	-0.831550	-0.000000	0.000000	0.000000	0.000000	0.000000	0.000000	0.000000
0.954410	-0.857652	-0.831764	0.000000	0.000000	0.000000	0.000000	0.000000	0.000000	0.000000
0.954301	-0.857652	-0.831203	-0.000000	0.000000	0.000000	0.000000	0.000000	0.000000	0.000000
0.954358	-0.857652	-0.831649	-0.000000	0.000000	0.000000	0.000000	0.000000	0.000000	0.000000
0.954543	-0.857652	-0.831099	0.000000	0.000000	0.000000	0.000000	0.000000	0.000000	0.000000
0.954629	-0.857652	-0.830893	-0.000000	0.000000	0.000000	0.000000	0.000000	0.000000	0.000000
0.954549	-0.857652	-0.831548	-0.000000	0.000000	0.000000	0.000000	0.000000	0.000000	0.000000
0.954215	-0.857652	-0.831365	0.000000	0.000000	0.000000	0.000000	0.000000	0.000000	0.000000
0.954150	-0.857652	-0.830993	0.000000	0.000000	0.000000	0.000000	0.000000	0.000000	0.000000
0.954556	-0.857652	-0.831196	-0.000000	0.000000	0.000000	0.000000	0.000000	0.000000	0.000000
0.954544	-0.857652	-0.831280	-0.000000	0.000000	0.000000	0.000000	0.000000	0.000000	0.000000
0.954789	-0.857652	-0.831075	-0.000000	0.000000	0.000000	0.000000	0.000000	0.000000	0.000000
0.954093	-0.857652	-0.831111	0.000000	0.000000	0.000000	0.000000	0.000000	0.000000	0.000000
0.954425	-0.857652	-0.831101	0.000000	0.000000	0.000000	0.000000	0.000000	0.000000	0.000000
0.954377	-0.857652	-0.831273	0.000000	0.000000	0.000000	0.000000	0.000000	0.000000	0.000000
0.954430	-0.857652	-0.831226	-0.000000	0.000000	0.000000	0.000000	0.000000	0.000000	0.000000
0.954343	-0.857652	-0.831581	-0.000000	0.000000	0.000000	0.000000	0.000000	0.000000	0.000000
0.954256	-0.857652	-0.831783	0.000000	0.000000	0.000000	0.000000	0.000000	0.000000	0.000000
0.954424	-0.857652	-0.831557	0.000000	0.000000	0.000000	0.000000	0.000000	0.000000	0.000000
0.954476	-0.857652	-0.831351	-0.000000	0.000000	0.000000	0.000000	0.000000	0.000000	0.000000
0.954718	-0.857652	-0.830919	0.000000	0.000000	0.000000	0.000000	0.000000	0.000000	0.000000
0.954068	-0.857649	-0.831754	-0.000000	0.000000	0.000000	0.000000	0.000000	0.000000	0.000000
0.954352	-0.857652	-0.831784	-0.000000	0.000000	0.000000	0.000000	0.000000	0.000000	0.000000
0.954372	-0.857652	-0.831518	0.000000	0.000000	0.000000	0.000000	0.000000	0.000000	0.000000
0.954465	-0.857652	-0.831107	0.000000	0.000000	0.000000	0.000000	0.000000	0.000000	0.000000
0.954383	-0.857652	-0.831745	0.000000	0.000000	0.000000	0.000000	0.000000	0.000000	0.000000
0.954282	-0.857652	-0.831684	-0.000000	0.000000	0.000000	0.000000	0.000000	0.000000	0.000000
0.954548	-0.857652	-0.831372	-0.000000	0.000000	0.000000	0.000000	0.000000	0.000000	0.000000
0.954399	-0.857652	-0.831406	0.000000	0.000000	0.000000	0.000000	0.000000	0.000000	0.000000
0.954259	-0.857652	-0.831312	0.000000	0.000000	0.000000	0.000000	0.000000	0.000000	0.000000
0.954491	-0.857652	-0.831307	-0.000000	0.000000	0.000000	0.000000	0.000000	0.000000	0.000000
0.954445	-0.857652	-0.830937	0.000000	0.000000	0.000000	0.000000	0.000000	0.000000	0.000000
0.954082	-0.857652	-0.831911	0.000000	0.000000	0.000000	0.000000	0.000000	0.000000	0.000000
0.954517	-0.857652	-0.831295	0.000000	0.000000	0.000000	0.000000	0.000000	0.000000	0.000000
0.954529	-0.857652	-0.831395	0.000000	0.000000	0.000000	0.000000	0.000000	0.000000	0.000000
0.954255	-0.857652	-0.831730	-0.000000	0.000000	0.000000	0.000000	0.000000	0.000000	0.000000
0.954251	-0.857652	-0.831479	-0.000000	0.000000	0.000000	0.000000	0.000000	0.000000	0.000000
0.954530	-0.857652	-0.831592	0.000000	0.000000	0.000000	0.000000	0.000000	0.000000	0.000000
0.954361	-0.857652	-0.831231	0.000000	0.000000	0.000000	0.000000	0.000000	0.000000	0.000000
0.954479	-0.857652	-0.827455	-0.000000	0.000000	0.000000	0.000000	0.000000	0.000000	0.000000
0.954254	-0.857562	-0.831071	-0.000000	0.000000	0.000000	0.000000	0.000000	0.000000	0.000000
0.954234	-0.857652	-0.831185	0.000000	0.000000	0.000000	0.000000	0.000000	0.000000	0.000000
0.954387	-0.857652	-0.831114	0.000000	0.000000	0.000000	0.000000	0.000000	0.000000	0.000000
0.954593	-0.857652	-0.831329	-0.000000	0.000000	0.000000	0.000000	0.000000	0.000000	0.000000
0.954408	-0.857652	-0.831740	-0.000000	0.000000	0.000000	0.000000	0.000000	0.000000	0.000000
0.954555	-0.857652	-0.831209	-0.000000	0.000000	0.000000	0.000000	0.000000	0.000000	0.000000
0.954401	-0.857652	-0.831468	0.000000	0.000000	0.000000	0.000000	0.000000	0.000000	0.000000
0.954185	-0.857652	-0.831268	-0.000000	0.000000	0.000000	0.000000	0.000000	0.000000	0.000000
0.954392	-0.857652	-0.831196	0.000000	0.000000	0.000000	0.000000	0.000000	0.000000	0.000000
0.954565	-0.857652	-0.830851	0.000000	0.000000	0.000000	0.000000	0.000000	0.000000	0.000000
0.954599	-0.857652	-0.830620	0.000000	0.000000	0.000000	0.000000	0.000000	0.000000	0.000000
0.954475	-0.857652	-0.831550	-0.000000	0.000000	0.000000	0.000000	0.000000	0.000000	0.000000
0.954433	-0.857652	-0.830964	0.000000	0.000000	0.000000	0.000000	0.000000	0.000000	0.000000
0.954390	-0.857652	-0.830733	-0.000000	0.000000	0.000000	0.000000	0.000000	0.000000	0.000000
0.954791	-0.857652	-0.831202	0.000000	0.000000	0.000000	0.000000	0.000000	0.000000	0.000000
0.954186	-0.857652	-0.831838	0.000000	0.000000	0.000000	0.000000	0.000000	0.000000	0.000000
0.954585	-0.857652	-0.830971	-0.000000	0.000000	0.000000	0.000000	0.000000	0.000000	0.000000
0.954749	-0.857652	-0.831752	0.000000	0.000000	0.000000	0.000000	0.000000	0.000000	0.000000
0.954467	-0.857652	-0.831054	-0.000000	0.000000	0.000000	0.000000	0.000000	0.000000	0.000000
0.954322	-0.857652	-0.831158	0.000000	0.000000	0.000000	0.000000	0.000000	0.000000	0.000000
0.954513	-0.857652	-0.830175	0.000000	0.000000	0.000000	0.000000	0.000000	0.000000	0.000000
0.954774	-0.857652	-0.831999	-0.000000	0.000000	0.000000	0.000000	0.000000	0.000000	0.000000
0.954330	-0.857652	-0.831598	0.000000	0.000000	0.000000	0.000000	0.000000	0.000000	0.000000
0.954118	-0.857652	-0.831488	-0.000000	0.000000	0.000000	0.000000	0.000000	0.000000	0.000000
0.954182	-0.857652	-0.831667	-0.000000	0.000000	0.000000	0.000000	0.000000	0.000000	0.000000
0.954664	-0.857652	-0.831534	0.000000	0.000000	0.000000	0.000000	0.000000	0.000000	0.000000
0.954547	-0.857652	-0.831422	-0.000000	0.000000	0.000000	0.000000	0.000000	0.000000	0.000000
0.954368	-0.857652	-0.831528	0.000000	0.000000	0.000000	0.000000	0.000000	0.000000	0.000000
0.954341	-0.857652	-0.831476	0.000000	0.000000	0.000000	0.000000	0.000000	0.000000	0.000000
0.954608	-0.857652	-0.831116	-0.000000	0.000000	0.000000	0.000000	0.000000	0.000000	0.000000
0.954734	-0.857652	-0.830565	0.000000	0.000000	0.000000	0.000000	0.000000	0.000000	0.000000
0.954554	-0.857652	-0.831429	0.000000	0.000000	0.000000	0.000000	0.000000	0.000000	0.000000
0.954351	-0.857652	-0.831838	-0.000000	0.000000	0.000000	0.000000	0.000000	0.000000	0.000000
0.954381	-0.857652	-0.831499	-0.000000	0.000000	0.000000	0.000000	0.000000	0.000000	0.000000
0.954288	-0.857652	-0.831478	-0.000000	0.000000	0.000000	0.000000	0.000000	0.000000	0.000000
0.953959	-0.857652	-0.830649	-0.000000	0.000000	0.000000	0.000000	0.000000	0.000000	0.000000
0.954052	-0.857648	-0.831190	-0.000000	0.000000	0.000000	0.000000	0.000000	0.000000	0.000000
0.954320	-0.857652	-0.832123	0.000000	0.000000	0.000000	0.000000	0.000000	0.000000	0.000000
0.954422	-0.857652	-0.831321	-0.000000	0.000000	0.000000	0.000000	0.000000	0.000000	0.000000
0.954469	-0.857652	-0.831749	0.000000	0.000000	0.000000	0.000000	0.000000	0.000000	0.000000
0.954346	-0.857652	-0.828266	-0.000000	0.000000	0.000000	0.000000	0.000000	0.000000	0.000000
0.954397	-0.857652	-0.831717	0.000000	0.000000	0.000000	0.000000	0.000000	0.000000	0.000000
0.954351	-0.857652	-0.832041	-0.000000	0.000000	0.000000	0.000000	0.000000	0.000000	0.000000
0.954229	-0.857652	-0.830497	-0.000000	0.000000	0.000000	0.000000	0.000000	0.000000	0.000000
0.954279	-0.857652	0.000001	0.000000	0.000000	0.000000	0.000000	0.000000	0.000000	0.000000
0.954281	-0.857652	0.813421	-0.000000	0.000000	0.000000	0.000000	0.000000	0.000000	0.000000
0.954566	-0.857652	0.813421	-0.000000	0.000000	0.000000	0.000000	0.000000	0.000000	0.000000
0.954655	-0.857652	0.813421	0.000000	0.000000	0.000000	0.000000	0.000000	0.000000	0.000000
0.954379	-0.857652	0.813421	-0.000000	0.000000	0.000000	0.000000	0.000000	0.000000	0.000000
0.954338	-0.857652	0.813421	-0.000000	0.000000	0.000000	0.000000	0.000000	0.000000	0.000000
0.954699	-0.857652	0.813421	0.000000	0.000000	0.000000	0.000000	0.000000	0.000000	0.000000
0.954470	-0.857652	0.813418	0.000000	0.000000	0.000000	0.000000	0.000000	0.000000	0.000000
0.954324	-0.857652	0.813421	0.000000	0.000000	0.000000	0.000000	0.000000	0.000000	0.000000
0.954290	-0.857652	0.813405	0.000000	0.000000	0.000000	0.000000	0.000000	0.000000	0.000000
0.954198	-0.857652	0.813421	0.000000	0.000000	0.000000	0.000000	0.000000	0.000000	0.000000
0.954213	-0.857652	0.813421	0.000000	0.000000	0.000000	0.000000	0.000000	0.000000	0.000000
0.954196	-0.857652	0.813421	-0.000000	0.000000	0.000000	0.000000	0.000000	0.000000	0.000000
0.954492	-0.857652	0.813421	0.000000	0.000000	0.000000	0.000000	0.000000	0.000000	0.000000
0.954641	-0.857652	0.813421	0.000000	0.000000	0.000000	0.000000	0.000000	0.000000	0.000000
0.954575	-0.857652	0.813421	-0.000000	0.000000	0.000000	0.000000	0.000000	0.000000	0.000000
0.954463	-0.857652	0.813421	-0.000000	0.000000	0.000000	0.000000	0.000000	0.000000	0.000000
0.954272	-0.857652	0.813421	0.000000	0.000000	0.000000	0.000000	0.000000	0.000000	0.000000
0.954550	-0.857652	0.813421	0.000000	0.000000	0.000000	0.000000	0.000000	0.000000	0.000000
0.954319	-0.857652	0.813421	0.000000	0.000000	0.000000	0.000000	0.000000	0.000000	0.000000
0.954551	-0.857652	0.813421	-0.000000	0.000000	0.000000	0.000000	0.000000	0.000000	0.000000
0.954489	-0.857652	0.813421	0.000000	0.000000	0.000000	0.000000	0.000000	0.000000	0.000000
0.954466	-0.857652	0.813420	0.000000	0.000000	0.000000	0.000000	0.000000	0.000000	0.000000
0.954330	-0.857652	0.813421	-0.000000	0.000000	0.000000	0.000000	0.000000	0.000000	0.000000
0.954184	-0.857652	0.813389	-0.000000	0.000000	0.000000	0.000000	0.000000	0.000000	0.000000
0.954457	-0.857652	0.813421	-0.000000	0.000000	0.000000	0.000000	0.000000	0.000000	0.000000
0.954419	-0.857652	0.813421	0.000000	0.000000	0.000000	0.000000	0.000000	0.000000	0.000000
0.954645	-0.857652	0.813414	-0.000000	0.000000	0.000000	0.000000	0.000000	0.000000	0.000000
0.954452	-0.857652	0.813421	-0.000000	0.000000	0.000000	0.000000	0.000000	0.000000	0.000000
0.954767	-0.857652	0.813421	-0.000000	0.000000	0.000000	0.000000	0.000000	0.000000	0.000000
0.954426	-0.857652	0.813420	0.000000	0.000000	0.000000	0.000000	0.000000	0.000000	0.000000
0.954397	-0.857652	0.813421	0.000000	0.000000	0.000000	0.000000	0.000000	0.000000	0.000000
0.954253	-0.857652	0.813421	-0.000000	0.000000	0.000000	0.000000	0.000000	0.000000	0.000000
0.954527	-0.857652	0.813421	-0.000000	0.000000	0.000000	0.000000	0.000000	0.000000	0.000000
0.954315	-0.857651	0.813421	-0.000000	0.000000	0.000000	0.000000	0.000000	0.000000	0.000000
0.954241	-0.857652	0.813421	-0.000000	0.000000	0.000000	0.000000	0.000000	0.000000	0.000000
0.954453	-0.857652	0.813421	-0.000000	0.000000	0.000000	0.000000	0.000000	0.000000	0.000000
0.954471	-0.857652	0.813421	-0.000000	0.000000	0.000000	0.000000	0.000000	0.000000	0.000000
0.954262	-0.857652	0.813421	0.000000	0.000000	0.000000	0.000000	0.000000	0.000000	0.000000
0.954527	-0.857652	0.813421	-0.000000	0.000000	0.000000	0.000000	0.000000	0.000000	0.000000
0.954440	-0.857652	0.813415	-0.000000	0.000000	0.000000	0.000000	0.000000	0.000000	0.000000
0.954683	-0.857652	0.813421	0.000000	0.000000	0.000000	0.000000	0.000000	0.000000	0.000000
0.954617	-0.857652	0.813366	-0.000000	0.000000	0.000000	0.000000	0.000000	0.000000	0.000000
0.954461	-0.857652	0.813421	-0.000000	0.000000	0.000000	0.000000	0.000000	0.000000	0.000000
0.954595	-0.857650	0.813421	-0.000000	0.000000	0.000000	0.000000	0.000000	0.000000	0.000000
0.954509	-0.857652	0.813421	0.000000	0.000000	0.000000	0.000000	0.000000	0.000000	0.000000
0.954345	-0.857652	0.813421	0.000000	0.000000	0.000000	0.000000	0.000000	0.000000	0.000000
0.954517	-0.857652	0.813419	0.000000	0.000000	0.000000	0.000000	0.000000	0.000000	0.000000
0.954317	-0.857652	0.813421	-0.000000	0.000000	0.000000	0.000000	0.000000	0.000000	0.000000
0.954356	-0.857652	0.813043	0.000000	0.000000	0.000000	0.000000	0.000000	0.000000	0.000000
0.954169	-0.857652	0.813419	0.000000	0.000000	0.000000	0.000000	0.000000	0.000000	0.000000
0.954379	-0.857652	0.813372	-0.000000	0.000000	0.000000	0.000000	0.000000	0.000000	0.000000
0.954394	-0.857652	0.813421	-0.000000	0.000000	0.000000	0.000000	0.000000	0.000000	0.000000
0.954444	-0.857652	0.813421	0.000000	0.000000	0.000000	0.000000	0.000000	0.000000	0.000000
0.954331	-0.857652	0.813421	-0.000000	0.000000	0.000000	0.000000	0.000000	0.000000	0.000000
0.954532	-0.857652	0.813405	-0.000000	0.000000	0.000000	0.000000	0.000000	0.000000	0.000000
0.954356	-0.857652	0.813421	0.000000	0.000000	0.000000	0.000000	0.000000	0.000000	0.000000
0.954235	-0.857652	0.813421	0.000000	0.000000	0.000000	0.000000	0.000000	0.000000	0.000000
0.954466	-0.857652	0.813421	-0.000000	0.000000	0.000000	0.000000	0.000000	0.000000	0.000000
0.954415	-0.857652	0.813421	-0.000000	0.000000	0.000000	0.000000	0.000000	0.000000	0.000000
0.954510	-0.857652	0.813421	-0.000000	0.000000	0.000000	0.000000	0.000000	0.000000	0.000000
0.954137	-0.857652	0.813337	-0.000000	0.000000	0.000000	0.000000	0.000000	0.000000	0.000000
0.954519	-0.857652	0.813421	-0.000000	0.000000	0.000000	0.000000	0.000000	0.000000	0.000000
0.954321	-0.857652	0.813421	-0.000000	0.000000	0.000000	0.000000	0.000000	0.000000	0.000000
0.954666	-0.857652	0.813421	0.000000	0.000000	0.000000	0.000000	0.000000	0.000000	0.000000
0.954448	-0.857652	0.813420	0.000000	0.000000	0.000000	0.000000	0.000000	0.000000	0.000000
0.954448	-0.857652	0.813421	-0.000000	0.000000	0.000000	0.000000	0.000000	0.000000	0.000000
0.954580	-0.857652	0.813421	0.000000	0.000000	0.000000	0.000000	0.000000	0.000000	0.000000
0.954523	-0.857652	0.813421	0.000000	0.000000	0.000000	0.000000	0.000000	0.000000	0.000000
0.954458	-0.857652	0.813421	-0.000000	0.000000	0.000000	0.000000	0.000000	0.000000	0.000000
0.954456	-0.857652	0.813421	0.000000	0.000000	0.000000	0.000000	0.000000	0.000000	0.000000
0.954390	-0.857652	0.813421	-0.000000	0.000000	0.000000	0.000000	0.000000	0.000000	0.000000
0.954228	-0.857641	0.813421	-0.000000	0.000000	0.000000	0.000000	0.000000	0.000000	0.000000
0.954452	-0.857652	0.813421	-0.000000	0.000000	0.000000	0.000000	0.000000	0.000000	0.000000
0.954400	-0.857652	0.813421	0.000000	0.000000	0.000000	0.000000	0.000000	0.000000	0.000000
0.954415	-0.857652	0.813421	-0.000000	0.000000	0.000000	0.000000	0.000000	0.000000	0.000000
0.954476	-0.857652	0.813421	-0.000000	0.000000	0.000000	0.000000	0.000000	0.000000	0.000000
0.954349	-0.857652	0.813421	-0.000000	0.000000	0.000000	0.000000	0.000000	0.000000	0.000000
0.954680	-0.857649	0.813421	0.000000	0.000000	0.000000	0.000000	0.000000	0.000000	0.000000
0.954533	-0.857652	0.813421	0.000000	0.000000	0.000000	0.000000	0.000000	0.000000	0.000000
0.954312	-0.857652	0.808760	-0.000000	0.000000	0.000000	0.000000	0.000000	0.000000	0.000000
0.954601	-0.857652	0.813421	0.000000	0.000000	0.000000	0.000000	0.000000	0.000000	0.000000
0.954465	-0.857652	0.813421	-0.000000	0.000000	0.000000	0.000000	0.000000	0.000000	0.000000
0.954676	-0.857652	0.813382	-0.000000	0.000000	0.000000	0.000000	0.000000	0.000000	0.000000
0.954524	-0.857652	0.813421	-0.000000	0.000000	0.000000	0.000000	0.000000	0.000000	0.000000
0.954558	-0.857652	0.813421	-0.000000	0.000000	0.000000	0.000000	0.000000	0.000000	0.000000
0.954299	-0.857652	0.813421	0.000000	0.000000	0.000000	0.000000	0.000000	0.000000	0.000000
0.954481	-0.857652	0.813421	-0.000000	0.000000	0.000000	0.000000	0.000000	0.000000	0.000000
0.954502	-0.857652	0.813421	-0.000000	0.000000	0.000000	0.000000	0.000000	0.000000	0.000000
0.954203	-0.857652	0.813421	0.000000	0.000000	0.000000	0.000000	0.000000	0.000000	0.000000
0.954692	-0.857652	0.813421	-0.000000	0.000000	0.000000	0.000000	0.000000	0.000000	0.000000
0.954468	-0.857652	0.813415	0.000000	0.000000	0.000000	0.000000	0.000000	0.000000	0.000000
0.954354	-0.857652	0.813421	-0.000000	0.000000	0.000000	0.000000	0.000000	0.000000	0.000000
0.954358	-0.857652	0.813421	0.000000	0.000000	0.000000	0.000000	0.000000	0.000000	0.000000
0.954292	-0.857652	0.813416	-0.000000	0.000000	0.000000	0.000000	0.000000	0.000000	0.000000
0.954149	-0.857652	0.813421	0.000000	0.000000	0.000000	0.000000	0.000000	0.000000	0.000000
0.954410	-0.857652	0.813421	0.000000	0.000000	0.000000	0.000000	0.000000	0.000000	0.000000
0.954380	-0.857650	0.813421	0.000000	0.000000	0.000000	0.000000	0.000000	0.000000	0.000000
0.954417	-0.857652	0.813421	0.000000	0.000000	0.000000	0.000000	0.000000	0.000000	0.000000
0.954234	-0.857652	0.813421	0.000000	0.000000	0.000000	0.000000	0.000000	0.000000	0.000000
0.954591	-0.857652	0.813421	0.000000	0.000000	0.000000	0.000000	0.000000	0.000000	0.000000
0.954353	-0.857652	0.812578	-0.000000	0.000000	0.000000	0.000000	0.000000	0.000000	0.000000
0.954405	-0.857652	0.813421	-0.000000	0.000000	0.000000	0.000000	0.000000	0.000000	0.000000
0.954247	-0.857652	0.813421	-0.000000	0.000000	0.000000	0.000000	0.000000	0.000000	0.000000
0.954024	-0.857652	0.813421	0.000000	0.000000	0.000000	0.000000	0.000000	0.000000	0.000000
0.954379	-0.857652	0.813392	-0.000000	0.000000	0.000000	0.000000	0.000000	0.000000	0.000000
0.954432	-0.857652	0.813267	0.000000	0.000000	0.000000	0.000000	0.000000	0.000000	0.000000
0.954432	-0.857652	0.813421	0.000000	0.000000	0.000000	0.000000	0.000000	0.000000	0.000000
0.954263	-0.857652	0.813421	0.000000	0.000000	0.000000	0.000000	0.000000	0.000000	0.000000
0.954679	-0.857652	0.813421	0.000000	0.000000	0.000000	0.000000	0.000000	0.000000	0.000000
0.954667	-0.857652	0.813421	0.000000	0.000000	0.000000	0.000000	0.000000	0.000000	0.000000
0.954596	-0.857652	0.813421	-0.000000	0.000000	0.000000	0.000000	0.000000	0.000000	0.000000
0.954382	-0.857652	0.813421	-0.000000	0.000000	0.000000	0.000000	0.000000	0.000000	0.000000
0.954283	-0.857652	0.813421	0.000000	0.000000	0.000000	0.000000	0.000000	0.000000	0.000000
0.954150	-0.857652	0.642829	-0.000000	0.000000	0.000000	0.000000	0.000000	0.000000	0.000000
0.954321	-0.857652	0.813421	0.000000	0.000000	0.000000	0.000000	0.000000	0.000000	0.000000
0.954370	-0.857652	0.813421	0.000000	0.000000	0.000000	0.000000	0.000000	0.000000	0.000000
0.954352	-0.857652	0.813421	-0.000000	0.000000	0.000000	0.000000	0.000000	0.000000	0.000000
0.954513	-0.857652	0.813421	0.000000	0.000000	0.000000	0.000000	0.000000	0.000000	0.000000
0.954321	-0.857652	0.813415	0.000000	0.000000	0.000000	0.000000	0.000000	0.000000	0.000000
0.954189	-0.857652	0.813415	0.000000	0.000000	0.000000	0.000000	0.000000	0.000000	0.000000
0.954598	-0.857652	0.813421	0.000000	0.000000	0.000000	0.000000	0.000000	0.000000	0.000000
0.954613	-0.857652	0.813421	0.000000	0.000000	0.000000	0.000000	0.000000	0.000000	0.000000
0.954518	-0.857652	0.813421	0.000000	0.000000	0.000000	0.000000	0.000000	0.000000	0.000000
0.954604	-0.857652	0.813419	-0.000000	0.000000	0.000000	0.000000	0.000000	0.000000	0.000000
0.954219	-0.857652	0.813420	0.000000	0.000000	0.000000	0.000000	0.000000	0.000000	0.000000
0.954641	-0.857652	0.813421	0.000000	0.000000	0.000000	0.000000	0.000000	0.000000	0.000000
0.954254	-0.857652	0.813421	-0.000000	0.000000	0.000000	0.000000	0.000000	0.000000	0.000000
0.954296	-0.857652	0.813421	0.000000	0.000000	0.000000	0.000000	0.000000	0.000000	0.000000
0.954380	-0.857652	0.808337	0.000000	0.000000	0.000000	0.000000	0.000000	0.000000	0.000000
0.954409	-0.857652	0.813421	-0.000000	0.000000	0.000000	0.000000	0.000000	0.000000	0.000000
0.954494	-0.857652	0.813421	-0.000000	0.000000	0.000000	0.000000	0.000000	0.000000	0.000000
0.954360	-0.857652	0.813421	0.000000	0.000000	0.000000	0.000000	0.000000	0.000000	0.000000
0.954309	-0.857588	0.813421	0.000000	0.000000	0.000000	0.000000	0.000000	0.000000	0.000000
0.954280	-0.857652	0.813421	-0.000000	0.000000	0.000000	0.000000	0.000000	0.000000	0.000000
0.954549	-0.857652	0.813421	-0.000000	0.000000	0.000000	0.000000	0.000000	0.000000	0.000000
0.954638	-0.857652	0.813421	-0.000000	0.000000	0.000000	0.000000	0.000000	0.000000	0.000000
0.954314	-0.857652	0.813421	-0.000000	0.000000	0.000000	0.000000	0.000000	0.000000	0.000000
0.954328	-0.857652	0.813421	-0.000000	0.000000	0.000000	0.000000	0.000000	0.000000	0.000000
0.954547	-0.857652	0.813421	-0.000000	0.000000	0.000000	0.000000	0.000000	0.000000	0.000000
0.954549	-0.857652	0.813421	0.000000	0.000000	0.000000	0.000000	0.000000	0.000000	0.000000
0.954601	-0.857652	0.813421	0.000000	0.000000	0.000000	0.000000	0.000000	0.000000	0.000000
0.954275	-0.857652	0.813417	0.000000	0.000000	0.000000	0.000000	0.000000	0.000000	0.000000
0.954524	-0.857652	0.813421	-0.000000	0.000000	0.000000	0.000000	0.000000	0.000000	0.000000
0.954313	-0.857652	0.813421	-0.000000	0.000000	0.000000	0.000000	0.000000	0.000000	0.000000
0.954692	-0.857652	0.813420	0.000000	0.000000	0.000000	0.000000	0.000000	0.000000	0.000000
0.954524	-0.857652	0.813421	-0.000000	0.000000	0.000000	0.000000	0.000000	0.000000	0.000000
0.954725	-0.857652	0.813421	-0.000000	0.000000	0.000000	0.000000	0.000000	0.000000	0.000000
0.954607	-0.857652	0.813414	-0.000000	0.000000	0.000000	0.000000	0.000000	0.000000	0.000000
0.954284	-0.857652	0.812912	-0.000000	0.000000	0.000000	0.000000	0.000000	0.000000	0.000000
0.954787	-0.857652	0.813421	-0.000000	0.000000	0.000000	0.000000	0.000000	0.000000	0.000000
0.954423	-0.857652	0.813199	-0.000000	0.000000	0.000000	0.000000	0.000000	0.000000	0.000000
0.954366	-0.857652	0.813421	0.000000	0.000000	0.000000	0.000000	0.000000	0.000000	0.000000
0.954391	-0.857652	0.813421	-0.000000	0.000000	0.000000	0.000000	0.000000	0.000000	0.000000
0.954501	-0.857652	0.813421	-0.000000	0.000000	0.000000	0.000000	0.000000	0.000000	0.000000
0.954379	-0.857652	0.813421	-0.000000	0.000000	0.000000	0.000000	0.000000	0.000000	0.000000
0.954598	-0.857652	0.813421	-0.000000	0.000000	0.000000	0.000000	0.000000	0.000000	0.000000
0.954464	-0.857652	0.813420	0.000000	0.000000	0.000000	0.000000	0.000000	0.000000	0.000000
0.954602	-0.857652	0.813421	-0.000000	0.000000	0.000000	0.000000	0.000000	0.000000	0.000000
0.954347	-0.857652	0.813421	-0.000000	0.000000	0.000000	0.000000	0.000000	0.000000	0.000000
0.954514	-0.857652	0.813421	-0.000000	0.000000	0.000000	0.000000	0.000000	0.000000	0.000000
0.954262	-0.857652	0.813421	0.000000	0.000000	0.000000	0.000000	0.000000	0.000000	0.000000
0.954463	-0.857652	0.813421	0.000000	0.000000	0.000000	0.000000	0.000000	0.000000	0.000000
0.954559	-0.857652	0.813421	-0.000000	0.000000	0.000000	0.000000	0.000000	0.000000	0.000000
0.954474	-0.857652	0.813340	0.000000	0.000000	0.000000	0.000000	0.000000	0.000000	0.000000
0.954371	-0.857652	0.813421	-0.000000	0.000000	0.000000	0.000000	0.000000	0.000000	0.000000
0.954398	-0.857652	0.813421	0.000000	0.000000	0.000000	0.000000	0.000000	0.000000	0.000000
0.954144	-0.857652	0.813421	-0.000000	0.000000	0.000000	0.000000	0.000000	0.000000	0.000000
0.954361	-0.857652	0.813421	-0.000000	0.000000	0.000000	0.000000	0.000000	0.000000	0.000000
0.954431	-0.857652	0.813421	-0.000000	0.000000	0.000000	0.000000	0.000000	0.000000	0.000000
0.954569	-0.857652	0.813421	-0.000000	0.000000	0.000000	0.000000	0.000000	0.000000	0.000000
0.954231	-0.857652	0.813420	-0.000000	0.000000	0.000000	0.000000	0.000000	0.000000	0.000000
0.954606	-0.857652	0.813421	0.000000	0.000000	0.000000	0.000000	0.000000	0.000000	0.000000
0.954417	-0.857652	0.813421	0.000000	0.000000	0.000000	0.000000	0.000000	0.000000	0.000000
0.954459	-0.857652	0.813421	0.000000	0.000000	0.000000	0.000000	0.000000	0.000000	0.000000
0.954622	-0.857652	0.813421	0.000000	0.000000	0.000000	0.000000	0.000000	0.000000	0.000000
0.954600	-0.857652	0.813418	-0.000000	0.000000	0.000000	0.000000	0.000000	0.000000	0.000000
0.954539	-0.857652	0.813421	0.000000	0.000000	0.000000	0.000000	0.000000	0.000000	0.000000
0.954311	-0.857652	0.813421	0.000000	0.000000	0.000000	0.000000	0.000000	0.000000	0.000000
0.954399	-0.857652	0.813419	-0.000000	0.000000	0.000000	0.000000	0.000000	0.000000	0.000000
0.954447	-0.857652	0.813421	-0.000000	0.000000	0.000000	0.000000	0.000000	0.000000	0.000000
0.954348	-0.857652	0.813421	-0.000000	0.000000	0.000000	0.000000	0.000000	0.000000	0.000000
0.954489	-0.857652	0.813421	0.000000	0.000000	0.000000	0.000000	0.000000	0.000000	0.000000
0.954415	-0.857652	0.813421	-0.000000	0.000000	0.000000	0.000000	0.000000	0.000000	0.000000
0.954277	-0.857652	0.813249	-0.000000	0.000000	0.000000	0.000000	0.000000	0.000000	0.000000
0.954350	-0.857652	0.813421	-0.000000	0.000000	0.000000	0.000000	0.000000	0.000000	0.000000
0.954296	-0.857652	0.813421	-0.000000	0.000000	0.000000	0.000000	0.000000	0.000000	0.000000
0.954529	-0.857652	0.813421	0.000000	0.000000	0.000000	0.000000	0.000000	0.000000	0.000000
0.954405	-0.857652	0.813411	-0.000000	0.000000	0.000000	0.000000	0.000000	0.000000	0.000000
0.954538	-0.857652	0.813421	0.000000	0.000000	0.000000	0.000000	0.000000	0.000000	0.000000
0.954352	-0.857652	0.813421	-0.000000	0.000000	0.000000	0.000000	0.000000	0.000000	0.000000
0.954505	-0.857652	0.813421	-0.000000	0.000000	0.000000	0.000000	0.000000	0.000000	0.000000
0.954633	-0.857652	0.813417	-0.000000	0.000000	0.000000	0.000000	0.000000	0.000000	0.000000
0.954524	-0.857652	0.813421	-0.000000	0.000000	0.000000	0.000000	0.000000	0.000000	0.000000
0.954681	-0.857652	0.813421	0.000000	0.000000	0.000000	0.000000	0.000000	0.000000	0.000000
0.954501	-0.857652	0.813421	-0.000000	0.000000	0.000000	0.000000	0.000000	0.000000	0.000000
0.954418	-0.857652	0.813421	-0.000000	0.000000	0.000000	0.000000	0.000000	0.000000	0.000000
0.954585	-0.857652	0.813421	-0.000000	0.000000	0.000000	0.000000	0.000000	0.000000	0.000000
0.954461	-0.857652	0.813421	-0.000000	0.000000	0.000000	0.000000	0.000000	0.000000	0.000000
0.954435	-0.857652	0.813420	-0.000000	0.000000	0.000000	0.000000	0.000000	0.000000	0.000000
0.954579	-0.857652	0.813421	-0.000000	0.000000	0.000000	0.000000	0.000000	0.000000	0.000000
0.954551	-0.857652	0.813421	-0.000000	0.000000	0.000000	0.000000	0.000000	0.000000	0.000000
0.954530	-0.857652	0.813421	-0.000000	0.000000	0.000000	0.000000	0.000000	0.000000	0.000000
0.954330	-0.857652	0.813421	-0.000000	0.000000	0.000000	0.000000	0.000000	0.000000	0.000000
0.954510	-0.857652	0.813421	-0.000000	0.000000	0.000000	0.000000	0.000000	0.000000	0.000000
0.954456	-0.857652	0.813421	-0.000000	0.000000	0.000000	0.000000	0.000000	0.000000	0.000000
0.954493	-0.857652	0.813421	0.000000	0.000000	0.000000	0.000000	0.000000	0.000000	0.000000
0.954315	-0.857652	0.813421	0.000000	0.000000	0.000000	0.000000	0.000000	0.000000	0.000000
0.954565	-0.857652	0.813421	-0.000000	0.000000	0.000000	0.000000	0.000000	0.000000	0.000000
0.954242	-0.857652	0.813421	0.000000	0.000000	0.000000	0.000000	0.000000	0.000000	0.000000
0.954572	-0.857652	0.813421	-0.000000	0.000000	0.000000	0.000000	0.000000	0.000000	0.000000
0.954625	-0.857652	0.813421	-0.000000	0.000000	0.000000	0.000000	0.000000	0.000000	0.000000
0.954436	-0.857652	0.813421	0.000000	0.000000	0.000000	0.000000	0.000000	0.000000	0.000000
0.954525	-0.857652	0.813421	0.000000	0.000000	0.000000	0.000000	0.000000	0.000000	0.000000
0.954359	-0.857652	0.813421	-0.000000	0.000000	0.000000	0.000000	0.000000	0.000000	0.000000
0.954374	-0.857652	0.813338	0.000000	0.000000	0.000000	0.000000	0.000000	0.000000	0.000000
0.954613	-0.857652	0.813421	0.000000	0.000000	0.000000	0.000000	0.000000	0.000000	0.000000
0.954415	-0.857652	0.813421	-0.000000	0.000000	0.000000	0.000000	0.000000	0.000000	0.000000
0.954367	-0.857652	0.813421	0.000000	0.000000	0.000000	0.000000	0.000000	0.000000	0.000000
0.954491	-0.857652	0.772786	-0.000000	0.000000	0.000000	0.000000	0.000000	0.000000	0.000000
0.954528	-0.857652	0.813421	0.000000	0.000000	0.000000	0.000000	0.000000	0.000000	0.000000
0.954499	-0.857652	0.813421	-0.000000	0.000000	0.000000	0.000000	0.000000	0.000000	0.000000
0.954432	-0.857652	0.813421	0.000000	0.000000	0.000000	0.000000	0.000000	0.000000	0.000000
0.954200	-0.857652	0.813421	0.000000	0.000000	0.000000	0.000000	0.000000	0.000000	0.000000
0.954323	-0.857652	0.813421	-0.000000	0.000000	0.000000	0.000000	0.000000	0.000000	0.000000
0.954409	-0.857652	0.813421	0.000000	0.000000	0.000000	0.000000	0.000000	0.000000	0.000000
0.954696	-0.857652	0.813415	0.000000	0.000000	0.000000	0.000000	0.000000	0.000000	0.000000
0.954520	-0.857652	0.813421	-0.000000	0.000000	0.000000	0.000000	0.000000	0.000000	0.000000
0.954384	-0.857652	0.813421	-0.000000	0.000000	0.000000	0.000000	0.000000	0.000000	0.000000
0.954487	-0.857652	0.813421	-0.000000	0.000000	0.000000	0.000000	0.000000	0.000000	0.000000
0.954463	-0.857652	0.813421	-0.000000	0.000000	0.000000	0.000000	0.000000	0.000000	0.000000
0.954371	-0.857652	0.813377	-0.000000	0.000000	0.000000	0.000000	0.000000	0.000000	0.000000
0.954482	-0.856803	0.813421	-0.000000	0.000000	0.000000	0.000000	0.000000	0.000000	0.000000
0.954290	-0.857652	0.813421	-0.000000	0.000000	0.000000	0.000000	0.000000	0.000000	0.000000
0.954360	-0.857652	0.813421	0.000000	0.000000	0.000000	0.000000	0.000000	0.000000	0.000000
0.954330	-0.857652	0.813421	-0.000000	0.000000	0.000000	0.000000	0.000000	0.000000	0.000000
0.954711	-0.857652	0.813362	-0.000000	0.000000	0.000000	0.000000	0.000000	0.000000	0.000000
0.954357	-0.857652	0.813394	0.000000	0.000000	0.000000	0.000000	0.000000	0.000000	0.000000
0.954497	-0.857652	0.813421	0.000000	0.000000	0.000000	0.000000	0.000000	0.000000	0.000000
0.954609	-0.857652	0.813421	-0.000000	0.000000	0.000000	0.000000	0.000000	0.000000	0.000000
0.954423	-0.857652	0.813302	-0.000000	0.000000	0.000000	0.000000	0.000000	0.000000	0.000000
0.954506	-0.857651	0.813421	-0.000000	0.000000	0.000000	0.000000	0.000000	0.000000	0.000000
0.954440	-0.857652	0.813420	-0.000000	0.000000	0.000000	0.000000	0.000000	0.000000	0.000000
0.954252	-0.857652	0.813420	-0.000000	0.000000	0.000000	0.000000	0.000000	0.000000	0.000000
0.954461	-0.857652	0.813421	0.000000	0.000000	0.000000	0.000000	0.000000	0.000000	0.000000
0.954440	-0.857652	0.813421	0.000000	0.000000	0.000000	0.000000	0.000000	0.000000	0.000000
0.954460	-0.857652	0.813421	0.000000	0.000000	0.000000	0.000000	0.000000	0.000000	0.000000
0.954507	-0.857652	0.813421	-0.000000	0.000000	0.000000	0.000000	0.000000	0.000000	0.000000
0.954509	-0.857652	0.813421	0.000000	0.000000	0.000000	0.000000	0.000000	0.000000	0.000000
0.954722	-0.857652	0.813421	-0.000000	0.000000	0.000000	0.000000	0.000000	0.000000	0.000000
