-0.916220	-0.854669	0.000000	-0.818556	0.000000	0.000000	0.000000	0.000000	0.000000	0.000000
-0.916220	-0.854669	0.000000	-0.819148	0.000000	0.000000	0.000000	0.000000	0.000000	0.000000
-0.916220	-0.854669	0.000000	-0.818977	0.000000	0.000000	0.000000	0.000000	0.000000	0.000000
-0.916220	-0.854669	-0.000000	-0.818879	0.000000	0.000000	0.000000	0.000000	0.000000	0.000000
-0.916219	-0.854669	0.000000	-0.818981	0.000000	0.000000	0.000000	0.000000	0.000000	0.000000
-0.916220	-0.854669	-0.000000	-0.818645	0.000000	0.000000	0.000000	0.000000	0.000000	0.000000
-0.916220	-0.854669	0.000000	-0.818858	0.000000	0.000000	0.000000	0.000000	0.000000	0.000000
-0.916220	-0.854669	-0.000000	-0.791553	0.000000	0.000000	0.000000	0.000000	0.000000	0.000000
-0.916220	-0.854669	0.000000	-0.818601	0.000000	0.000000	0.000000	0.000000	0.000000	0.000000
-0.916220	-0.854669	0.000000	-0.818695	0.000000	0.000000	0.000000	0.000000	0.000000	0.000000
-0.916220	-0.854669	0.000000	-0.818547	0.000000	0.000000	0.000000	0.000000	0.000000	0.000000
-0.916220	-0.854669	0.000000	-0.818765	0.000000	0.000000	0.000000	0.000000	0.000000	0.000000
-0.916220	-0.854669	0.000000	-0.818832	0.000000	0.000000	0.000000	0.000000	0.000000	0.000000
-0.916220	-0.854646	-0.000000	-0.818657	0.000000	0.000000	0.000000	0.000000	0.000000	0.000000
-0.916220	-0.854669	0.000000	-0.818581	0.000000	0.000000	0.000000	0.000000	0.000000	0.000000
-0.916220	-0.854668	-0.000000	-0.818695	0.000000	0.000000	0.000000	0.000000	0.000000	0.000000
-0.916220	-0.854669	-0.000000	-0.818604	0.000000	0.000000	0.000000	0.000000	0.000000	0.000000
-0.916220	-0.854669	-0.000000	-0.818748	0.000000	0.000000	0.000000	0.000000	0.000000	0.000000
-0.916220	-0.854669	0.000000	-0.818555	0.000000	0.000000	0.000000	0.000000	0.000000	0.000000
-0.916220	-0.854669	0.000000	-0.819119	0.000000	0.000000	0.000000	0.000000	0.000000	0.000000
-0.916220	-0.854669	-0.000000	-0.817906	0.000000	0.000000	0.000000	0.000000	0.000000	0.000000
-0.916220	-0.854669	-0.000000	-0.819046	0.000000	0.000000	0.000000	0.000000	0.000000	0.000000
-0.916220	-0.854669	-0.000000	-0.818678	0.000000	0.000000	0.000000	0.000000	0.000000	0.000000
-0.916220	-0.854669	-0.000000	-0.818697	0.000000	0.000000	0.000000	0.000000	0.000000	0.000000
-0.916220	-0.854669	0.000000	-0.819063	0.000000	0.000000	0.000000	0.000000	0.000000	0.000000
-0.916220	-0.854669	0.000000	-0.818776	0.000000	0.000000	0.000000	0.000000	0.000000	0.000000
-0.916220	-0.854669	-0.000000	-0.818769	0.000000	0.000000	0.000000	0.000000	0.000000	0.000000
-0.916220	-0.854669	0.000000	-0.818918	0.000000	0.000000	0.000000	0.000000	0.000000	0.000000
-0.916220	-0.854669	-0.000000	-0.818209	0.000000	0.000000	0.000000	0.000000	0.000000	0.000000
-0.916220	-0.854669	-0.000000	-0.818770	0.000000	0.000000	0.000000	0.000000	0.000000	0.000000
-0.916219	-0.854669	0.000000	-0.818291	0.000000	0.000000	0.000000	0.000000	0.000000	0.000000
-0.916219	-0.854669	-0.000000	-0.818051	0.000000	0.000000	0.000000	0.000000	0.000000	0.000000
-0.916219	-0.854669	-0.000000	-0.818814	0.000000	0.000000	0.000000	0.000000	0.000000	0.000000
-0.916220	-0.854669	-0.000000	-0.818846	0.000000	0.000000	0.000000	0.000000	0.000000	0.000000
-0.916219	-0.854669	-0.000000	-0.818840	0.000000	0.000000	0.000000	0.000000	0.000000	0.000000
-0.916220	-0.854669	0.000000	-0.818589	0.000000	0.000000	0.000000	0.000000	0.000000	0.000000
-0.916220	-0.854669	-0.000000	-0.818637	0.000000	0.000000	0.000000	0.000000	0.000000	0.000000
-0.916220	-0.854669	-0.000000	-0.818808	0.000000	0.000000	0.000000	0.000000	0.000000	0.000000
-0.916219	-0.854669	0.000000	-0.818882	0.000000	0.000000	0.000000	0.000000	0.000000	0.000000
-0.916220	-0.854669	0.000000	-0.818941	0.000000	0.000000	0.000000	0.000000	0.000000	0.000000
-0.916220	-0.854669	-0.000000	-0.818820	0.000000	0.000000	0.000000	0.000000	0.000000	0.000000
-0.916220	-0.854669	0.000000	-0.818702	0.000000	0.000000	0.000000	0.000000	0.000000	0.000000
-0.916219	-0.854668	-0.000000	-0.818591	0.000000	0.000000	0.000000	0.000000	0.000000	0.000000
-0.916220	-0.854669	-0.000000	-0.818522	0.000000	0.000000	0.000000	0.000000	0.000000	0.000000
-0.916220	-0.854669	-0.000000	-0.818901	0.000000	0.000000	0.000000	0.000000	0.000000	0.000000
-0.916219	-0.854669	-0.000000	-0.818796	0.000000	0.000000	0.000000	0.000000	0.000000	0.000000
-0.916220	-0.854669	0.000000	-0.819012	0.000000	0.000000	0.000000	0.000000	0.000000	0.000000
-0.916220	-0.854669	-0.000000	-0.818916	0.000000	0.000000	0.000000	0.000000	0.000000	0.000000
-0.916220	-0.854669	0.000000	-0.818724	0.000000	0.000000	0.000000	0.000000	0.000000	0.000000
-0.916220	-0.854668	-0.000000	-0.818687	0.000000	0.000000	0.000000	0.000000	0.000000	0.000000
-0.916220	-0.854669	0.000000	-0.818586	0.000000	0.000000	0.000000	0.000000	0.000000	0.000000
-0.916220	-0.854669	0.000000	-0.818703	0.000000	0.000000	0.000000	0.000000	0.000000	0.000000
-0.916220	-0.854669	-0.000000	-0.818772	0.000000	0.000000	0.000000	0.000000	0.000000	0.000000
-0.916220	-0.854669	-0.000000	-0.818923	0.000000	0.000000	0.000000	0.000000	0.000000	0.000000
-0.916220	-0.854669	0.000000	-0.818616	0.000000	0.000000	0.000000	0.000000	0.000000	0.000000
-0.916219	-0.854669	-0.000000	-0.817755	0.000000	0.000000	0.000000	0.000000	0.000000	0.000000
-0.916220	-0.854669	0.000000	-0.818781	0.000000	0.000000	0.000000	0.000000	0.000000	0.000000
-0.916220	-0.854669	0.000000	-0.819081	0.000000	0.000000	0.000000	0.000000	0.000000	0.000000
-0.916220	-0.854669	0.000000	-0.815431	0.000000	0.000000	0.000000	0.000000	0.000000	0.000000
-0.916219	-0.854669	-0.000000	-0.818585	0.000000	0.000000	0.000000	0.000000	0.000000	0.000000
-0.916220	-0.854669	-0.000000	-0.818745	0.000000	0.000000	0.000000	0.000000	0.000000	0.000000
-0.916219	-0.854669	-0.000000	-0.818826	0.000000	0.000000	0.000000	0.000000	0.000000	0.000000
-0.916220	-0.854669	-0.000000	-0.818594	0.000000	0.000000	0.000000	0.000000	0.000000	0.000000
-0.916220	-0.854669	0.000000	-0.818785	0.000000	0.000000	0.000000	0.000000	0.000000	0.000000
-0.916220	-0.854669	-0.000000	-0.818905	0.000000	0.000000	0.000000	0.000000	0.000000	0.000000
-0.916220	-0.854669	0.000000	-0.818940	0.000000	0.000000	0.000000	0.000000	0.000000	0.000000
-0.916220	-0.854665	-0.000000	-0.818821	0.000000	0.000000	0.000000	0.000000	0.000000	0.000000
-0.916220	-0.854661	0.000000	-0.818842	0.000000	0.000000	0.000000	0.000000	0.000000	0.000000
-0.916220	-0.854669	-0.000000	-0.818662	0.000000	0.000000	0.000000	0.000000	0.000000	0.000000
-0.916220	-0.854669	0.000000	-0.810878	0.000000	0.000000	0.000000	0.000000	0.000000	0.000000
-0.916220	-0.854669	-0.000000	-0.818587	0.000000	0.000000	0.000000	0.000000	0.000000	0.000000
-0.916220	-0.854669	-0.000000	-0.818871	0.000000	0.000000	0.000000	0.000000	0.000000	0.000000
-0.916220	-0.854669	-0.000000	-0.818858	0.000000	0.000000	0.000000	0.000000	0.000000	0.000000
-0.916220	-0.854669	-0.000000	-0.818917	0.000000	0.000000	0.000000	0.000000	0.000000	0.000000
-0.916220	-0.854669	0.000000	-0.818857	0.000000	0.000000	0.000000	0.000000	0.000000	0.000000
-0.916220	-0.854669	-0.000000	-0.818699	0.000000	0.000000	0.000000	0.000000	0.000000	0.000000
-0.916219	-0.854669	0.000000	-0.818778	0.000000	0.000000	0.000000	0.000000	0.000000	0.000000
-0.916219	-0.854669	0.000000	-0.818903	0.000000	0.000000	0.000000	0.000000	0.000000	0.000000
-0.916219	-0.854669	-0.000000	-0.818712	0.000000	0.000000	0.000000	0.000000	0.000000	0.000000
-0.916220	-0.854669	0.000000	-0.818726	0.000000	0.000000	0.000000	0.000000	0.000000	0.000000
-0.916220	-0.854669	-0.000000	-0.816484	0.000000	0.000000	0.000000	0.000000	0.000000	0.000000
-0.916219	-0.854669	0.000000	-0.818603	0.000000	0.000000	0.000000	0.000000	0.000000	0.000000
-0.916220	-0.854669	-0.000000	-0.818726	0.000000	0.000000	0.000000	0.000000	0.000000	0.000000
-0.916220	-0.854669	-0.000000	-0.818426	0.000000	0.000000	0.000000	0.000000	0.000000	0.000000
-0.916220	-0.854669	0.000000	-0.818944	0.000000	0.000000	0.000000	0.000000	0.000000	0.000000
-0.916219	-0.854669	-0.000000	-0.818659	0.000000	0.000000	0.000000	0.000000	0.000000	0.000000
-0.916220	-0.854669	0.000000	-0.819056	0.000000	0.000000	0.000000	0.000000	0.000000	0.000000
-0.916220	-0.854669	-0.000000	-0.818375	0.000000	0.000000	0.000000	0.000000	0.000000	0.000000
-0.916220	-0.854669	-0.000000	-0.818718	0.000000	0.000000	0.000000	0.000000	0.000000	0.000000
-0.916220	-0.854669	-0.000000	-0.818743	0.000000	0.000000	0.000000	0.000000	0.000000	0.000000
-0.916219	-0.854669	-0.000000	-0.818687	0.000000	0.000000	0.000000	0.000000	0.000000	0.000000
-0.916219	-0.854669	0.000000	-0.818537	0.000000	0.000000	0.000000	0.000000	0.000000	0.000000
-0.916220	-0.854669	-0.000000	-0.818520	0.000000	0.000000	0.000000	0.000000	0.000000	0.000000
-0.916220	-0.854669	-0.000000	-0.818786	0.000000	0.000000	0.000000	0.000000	0.000000	0.000000
-0.916220	-0.854669	0.000000	-0.818810	0.000000	0.000000	0.000000	0.000000	0.000000	0.000000
-0.916220	-0.854669	0.000000	-0.818788	0.000000	0.000000	0.000000	0.000000	0.000000	0.000000
-0.916220	-0.854669	-0.000000	-0.818907	0.000000	0.000000	0.000000	0.000000	0.000000	0.000000
-0.916220	-0.854660	-0.000000	-0.818712	0.000000	0.000000	0.000000	0.000000	0.000000	0.000000
-0.916220	-0.854669	-0.000000	-0.818645	0.000000	0.000000	0.000000	0.000000	0.000000	0.000000
-0.916220	-0.854669	-0.000000	-0.818832	0.000000	0.000000	0.000000	0.000000	0.000000	0.000000
-0.916219	-0.854669	0.000000	-0.818831	0.000000	0.000000	0.000000	0.000000	0.000000	0.000000
-0.916220	-0.854669	0.000000	-0.818529	0.000000	0.000000	0.000000	0.000000	0.000000	0.000000
-0.916220	-0.854669	0.000000	-0.818669	0.000000	0.000000	0.000000	0.000000	0.000000	0.000000
-0.916220	-0.854669	0.000000	-0.818771	0.000000	0.000000	0.000000	0.000000	0.000000	0.000000
-0.916220	-0.854669	0.000000	-0.818896	0.000000	0.000000	0.000000	0.000000	0.000000	0.000000
-0.916220	-0.854669	-0.000000	-0.818643	0.000000	0.000000	0.000000	0.000000	0.000000	0.000000
-0.916220	-0.854669	-0.000000	-0.818779	0.000000	0.000000	0.000000	0.000000	0.000000	0.000000
-0.916220	-0.854669	0.000000	-0.818795	0.000000	0.000000	0.000000	0.000000	0.000000	0.000000
-0.916220	-0.854649	-0.000000	-0.818708	0.000000	0.000000	0.000000	0.000000	0.000000	0.000000
-0.916220	-0.854669	-0.000000	-0.818973	0.000000	0.000000	0.000000	0.000000	0.000000	0.000000
-0.916219	-0.854669	0.000000	-0.818768	0.000000	0.000000	0.000000	0.000000	0.000000	0.000000
-0.916220	-0.854669	-0.000000	-0.818818	0.000000	0.000000	0.000000	0.000000	0.000000	0.000000
-0.916220	-0.854669	-0.000000	-0.818924	0.000000	0.000000	0.000000	0.000000	0.000000	0.000000
-0.916220	-0.854669	-0.000000	-0.818596	0.000000	0.000000	0.000000	0.000000	0.000000	0.000000
-0.916220	-0.854669	0.000000	-0.818695	0.000000	0.000000	0.000000	0.000000	0.000000	0.000000
-0.916220	-0.854669	0.000000	-0.818705	0.000000	0.000000	0.000000	0.000000	0.000000	0.000000
-0.916220	-0.854669	-0.000000	-0.818828	0.000000	0.000000	0.000000	0.000000	0.000000	0.000000
-0.916220	-0.854669	-0.000000	-0.818630	0.000000	0.000000	0.000000	0.000000	0.000000	0.000000
-0.916220	-0.854669	0.000000	-0.818988	0.000000	0.000000	0.000000	0.000000	0.000000	0.000000
-0.916220	-0.854668	-0.000000	-0.819058	0.000000	0.000000	0.000000	0.000000	0.000000	0.000000
-0.916220	-0.854669	-0.000000	-0.818549	0.000000	0.000000	0.000000	0.000000	0.000000	0.000000
-0.916219	-0.854669	-0.000000	-0.818698	0.000000	0.000000	0.000000	0.000000	0.000000	0.000000
-0.916220	-0.854669	-0.000000	-0.818749	0.000000	0.000000	0.000000	0.000000	0.000000	0.000000
-0.916220	-0.854669	0.000000	-0.818718	0.000000	0.000000	0.000000	0.000000	0.000000	0.000000
-0.916220	-0.854669	-0.000000	-0.818929	0.000000	0.000000	0.000000	0.000000	0.000000	0.000000
-0.916220	-0.854669	0.000000	-0.818571	0.000000	0.000000	0.000000	0.000000	0.000000	0.000000
-0.916220	-0.854669	-0.000000	-0.818396	0.000000	0.000000	0.000000	0.000000	0.000000	0.000000
-0.916220	-0.854669	-0.000000	-0.818761	0.000000	0.000000	0.000000	0.000000	0.000000	0.000000
-0.916220	-0.854669	0.000000	-0.818655	0.000000	0.000000	0.000000	0.000000	0.000000	0.000000
-0.916219	-0.854669	0.000000	-0.818351	0.000000	0.000000	0.000000	0.000000	0.000000	0.000000
-0.916219	-0.854669	-0.000000	-0.812684	0.000000	0.000000	0.000000	0.000000	0.000000	0.000000
-0.916220	-0.854669	0.000000	-0.818706	0.000000	0.000000	0.000000	0.000000	0.000000	0.000000
-0.916220	-0.854669	-0.000000	-0.818945	0.000000	0.000000	0.000000	0.000000	0.000000	0.000000
-0.916220	-0.854669	0.000000	-0.818681	0.000000	0.000000	0.000000	0.000000	0.000000	0.000000
-0.916220	-0.854669	-0.000000	-0.818659	0.000000	0.000000	0.000000	0.000000	0.000000	0.000000
-0.916220	-0.854669	0.000000	-0.818659	0.000000	0.000000	0.000000	0.000000	0.000000	0.000000
-0.916220	-0.854669	-0.000000	-0.818941	0.000000	0.000000	0.000000	0.000000	0.000000	0.000000
-0.916220	-0.854669	-0.000000	-0.818417	0.000000	0.000000	0.000000	0.000000	0.000000	0.000000
-0.916220	-0.854669	-0.000000	-0.818972	0.000000	0.000000	0.000000	0.000000	0.000000	0.000000
-0.916219	-0.854669	0.000000	-0.818690	0.000000	0.000000	0.000000	0.000000	0.000000	0.000000
-0.916220	-0.854669	0.000000	-0.818636	0.000000	0.000000	0.000000	0.000000	0.000000	0.000000
-0.916220	-0.854669	-0.000000	-0.818860	0.000000	0.000000	0.000000	0.000000	0.000000	0.000000
-0.916220	-0.854669	0.000000	-0.818723	0.000000	0.000000	0.000000	0.000000	0.000000	0.000000
-0.916220	-0.854669	-0.000000	-0.818788	0.000000	0.000000	0.000000	0.000000	0.000000	0.000000
-0.916220	-0.854669	-0.000000	-0.815623	0.000000	0.000000	0.000000	0.000000	0.000000	0.000000
-0.916220	-0.854669	0.000000	-0.818751	0.000000	0.000000	0.000000	0.000000	0.000000	0.000000
-0.916220	-0.854669	0.000000	-0.818751	0.000000	0.000000	0.000000	0.000000	0.000000	0.000000
-0.916220	-0.854669	-0.000000	-0.818664	0.000000	0.000000	0.000000	0.000000	0.000000	0.000000
-0.916220	-0.854668	-0.000000	-0.818796	0.000000	0.000000	0.000000	0.000000	0.000000	0.000000
-0.916220	-0.854669	0.000000	-0.818911	0.000000	0.000000	0.000000	0.000000	0.000000	0.000000
-0.916220	-0.854669	0.000000	-0.818729	0.000000	0.000000	0.000000	0.000000	0.000000	0.000000
-0.916220	-0.854669	-0.000000	-0.818769	0.000000	0.000000	0.000000	0.000000	0.000000	0.000000
-0.916220	-0.854669	0.000000	-0.818660	0.000000	0.000000	0.000000	0.000000	0.000000	0.000000
-0.916219	-0.854669	0.000000	-0.818541	0.000000	0.000000	0.000000	0.000000	0.000000	0.000000
-0.916219	-0.854669	0.000000	-0.818592	0.000000	0.000000	0.000000	0.000000	0.000000	0.000000
-0.916219	-0.854669	0.000000	-0.818782	0.000000	0.000000	0.000000	0.000000	0.000000	0.000000
-0.916220	-0.854669	-0.000000	-0.818640	0.000000	0.000000	0.000000	0.000000	0.000000	0.000000
-0.916220	-0.854669	-0.000000	-0.818569	0.000000	0.000000	0.000000	0.000000	0.000000	0.000000
-0.916220	-0.854669	-0.000000	-0.818485	0.000000	0.000000	0.000000	0.000000	0.000000	0.000000
-0.916220	-0.854669	-0.000000	-0.818520	0.000000	0.000000	0.000000	0.000000	0.000000	0.000000
-0.916220	-0.854669	-0.000000	-0.818888	0.000000	0.000000	0.000000	0.000000	0.000000	0.000000
-0.916220	-0.854669	-0.000000	-0.818690	0.000000	0.000000	0.000000	0.000000	0.000000	0.000000
-0.916220	-0.854669	-0.000000	-0.818756	0.000000	0.000000	0.000000	0.000000	0.000000	0.000000
-0.916220	-0.854669	0.000000	-0.818779	0.000000	0.000000	0.000000	0.000000	0.000000	0.000000
-0.916220	-0.854669	0.000000	-0.818904	0.000000	0.000000	0.000000	0.000000	0.000000	0.000000
-0.916220	-0.854669	-0.000000	-0.818624	0.000000	0.000000	0.000000	0.000000	0.000000	0.000000
-0.916220	-0.854669	0.000000	-0.818929	0.000000	0.000000	0.000000	0.000000	0.000000	0.000000
-0.916220	-0.854669	-0.000000	-0.818787	0.000000	0.000000	0.000000	0.000000	0.000000	0.000000
-0.916220	-0.854669	-0.000000	-0.818792	0.000000	0.000000	0.000000	0.000000	0.000000	0.000000
-0.916220	-0.854669	-0.000000	-0.818647	0.000000	0.000000	0.000000	0.000000	0.000000	0.000000
-0.916220	-0.854669	0.000000	-0.818911	0.000000	0.000000	0.000000	0.000000	0.000000	0.000000
-0.916220	-0.854669	0.000000	-0.818849	0.000000	0.000000	0.000000	0.000000	0.000000	0.000000
-0.916220	-0.854669	0.000000	-0.818994	0.000000	0.000000	0.000000	0.000000	0.000000	0.000000
-0.916220	-0.854669	-0.000000	-0.819050	0.000000	0.000000	0.000000	0.000000	0.000000	0.000000
-0.916220	-0.854669	-0.000000	-0.818989	0.000000	0.000000	0.000000	0.000000	0.000000	0.000000
-0.916220	-0.854669	0.000000	-0.818837	0.000000	0.000000	0.000000	0.000000	0.000000	0.000000
-0.916220	-0.854669	-0.000000	-0.818527	0.000000	0.000000	0.000000	0.000000	0.000000	0.000000
-0.916220	-0.854669	-0.000000	-0.818807	0.000000	0.000000	0.000000	0.000000	0.000000	0.000000
-0.916220	-0.854669	0.000000	-0.818667	0.000000	0.000000	0.000000	0.000000	0.000000	0.000000
-0.916220	-0.854669	0.000000	-0.818766	0.000000	0.000000	0.000000	0.000000	0.000000	0.000000
-0.916220	-0.854669	-0.000000	-0.818713	0.000000	0.000000	0.000000	0.000000	0.000000	0.000000
-0.916220	-0.854669	-0.000000	-0.818838	0.000000	0.000000	0.000000	0.000000	0.000000	0.000000
-0.916220	-0.854669	-0.000000	-0.818768	0.000000	0.000000	0.000000	0.000000	0.000000	0.000000
-0.916219	-0.854669	0.000000	-0.818751	0.000000	0.000000	0.000000	0.000000	0.000000	0.000000
-0.916220	-0.854669	-0.000000	-0.819032	0.000000	0.000000	0.000000	0.000000	0.000000	0.000000
-0.916220	-0.854669	0.000000	-0.818791	0.000000	0.000000	0.000000	0.000000	0.000000	0.000000
-0.916220	-0.854669	0.000000	-0.818797	0.000000	0.000000	0.000000	0.000000	0.000000	0.000000
-0.916220	-0.854669	-0.000000	-0.818612	0.000000	0.000000	0.000000	0.000000	0.000000	0.000000
-0.916220	-0.854669	0.000000	-0.818784	0.000000	0.000000	0.000000	0.000000	0.000000	0.000000
-0.916219	-0.854669	-0.000000	-0.818776	0.000000	0.000000	0.000000	0.000000	0.000000	0.000000
-0.916220	-0.854669	0.000000	-0.818552	0.000000	0.000000	0.000000	0.000000	0.000000	0.000000
-0.916220	-0.854669	0.000000	-0.818839	0.000000	0.000000	0.000000	0.000000	0.000000	0.000000
-0.916220	-0.854669	-0.000000	-0.818763	0.000000	0.000000	0.000000	0.000000	0.000000	0.000000
-0.916219	-0.854669	-0.000000	-0.818761	0.000000	0.000000	0.000000	0.000000	0.000000	0.000000
-0.916220	-0.854669	-0.000000	-0.818793	0.000000	0.000000	0.000000	0.000000	0.000000	0.000000
-0.916220	-0.854669	0.000000	-0.818436	0.000000	0.000000	0.000000	0.000000	0.000000	0.000000
-0.916220	-0.854665	-0.000000	-0.818966	0.000000	0.000000	0.000000	0.000000	0.000000	0.000000
-0.916220	-0.854669	-0.000000	-0.818886	0.000000	0.000000	0.000000	0.000000	0.000000	0.000000
-0.916220	-0.854669	-0.000000	-0.818500	0.000000	0.000000	0.000000	0.000000	0.000000	0.000000
-0.916220	-0.854669	-0.000000	-0.818820	0.000000	0.000000	0.000000	0.000000	0.000000	0.000000
-0.916220	-0.854669	-0.000000	-0.819009	0.000000	0.000000	0.000000	0.000000	0.000000	0.000000
-0.916220	-0.854669	-0.000000	-0.818802	0.000000	0.000000	0.000000	0.000000	0.000000	0.000000
-0.916220	-0.854669	0.000000	-0.818753	0.000000	0.000000	0.000000	0.000000	0.000000	0.000000
-0.916220	-0.854669	-0.000000	-0.818820	0.000000	0.000000	0.000000	0.000000	0.000000	0.000000
-0.916220	-0.854669	0.000000	-0.818642	0.000000	0.000000	0.000000	0.000000	0.000000	0.000000
-0.916220	-0.854669	-0.000000	-0.819032	0.000000	0.000000	0.000000	0.000000	0.000000	0.000000
-0.916220	-0.854669	0.000000	-0.818994	0.000000	0.000000	0.000000	0.000000	0.000000	0.000000
-0.916220	-0.854669	0.000000	-0.818862	0.000000	0.000000	0.000000	0.000000	0.000000	0.000000
-0.916220	-0.854669	-0.000000	-0.818902	0.000000	0.000000	0.000000	0.000000	0.000000	0.000000
-0.916219	-0.854669	-0.000000	-0.818887	0.000000	0.000000	0.000000	0.000000	0.000000	0.000000
-0.916219	-0.854669	0.000000	-0.818767	0.000000	0.000000	0.000000	0.000000	0.000000	0.000000
-0.916220	-0.854669	0.000000	-0.818724	0.000000	0.000000	0.000000	0.000000	0.000000	0.000000
-0.916220	-0.854669	0.000000	-0.818747	0.000000	0.000000	0.000000	0.000000	0.000000	0.000000
-0.916220	-0.854669	-0.000000	-0.818708	0.000000	0.000000	0.000000	0.000000	0.000000	0.000000
-0.916220	-0.854669	-0.000000	-0.818634	0.000000	0.000000	0.000000	0.000000	0.000000	0.000000
-0.916220	-0.854669	0.000000	-0.818716	0.000000	0.000000	0.000000	0.000000	0.000000	0.000000
-0.916220	-0.854669	-0.000000	-0.818984	0.000000	0.000000	0.000000	0.000000	0.000000	0.000000
-0.916220	-0.854669	-0.000000	-0.818749	0.000000	0.000000	0.000000	0.000000	0.000000	0.000000
-0.916219	-0.854669	0.000000	-0.818814	0.000000	0.000000	0.000000	0.000000	0.000000	0.000000
-0.916220	-0.854669	0.000000	-0.818718	0.000000	0.000000	0.000000	0.000000	0.000000	0.000000
-0.916220	-0.854669	-0.000000	-0.818782	0.000000	0.000000	0.000000	0.000000	0.000000	0.000000
-0.916220	-0.854669	0.000000	-0.818847	0.000000	0.000000	0.000000	0.000000	0.000000	0.000000
-0.916220	-0.854669	0.000000	-0.818761	0.000000	0.000000	0.000000	0.000000	0.000000	0.000000
-0.916219	-0.854669	-0.000000	-0.818522	0.000000	0.000000	0.000000	0.000000	0.000000	0.000000
-0.916220	-0.854669	0.000000	-0.818704	0.000000	0.000000	0.000000	0.000000	0.000000	0.000000
-0.916220	-0.854669	0.000000	-0.818886	0.000000	0.000000	0.000000	0.000000	0.000000	0.000000
-0.916220	-0.854669	-0.000000	-0.818894	0.000000	0.000000	0.000000	0.000000	0.000000	0.000000
-0.916220	-0.854669	-0.000000	-0.818727	0.000000	0.000000	0.000000	0.000000	0.000000	0.000000
-0.916220	-0.854669	0.000000	-0.818975	0.000000	0.000000	0.000000	0.000000	0.000000	0.000000
-0.916220	-0.854669	0.000000	-0.818800	0.000000	0.000000	0.000000	0.000000	0.000000	0.000000
-0.916220	-0.854669	-0.000000	-0.818843	0.000000	0.000000	0.000000	0.000000	0.000000	0.000000
-0.916219	-0.854669	0.000000	-0.818884	0.000000	0.000000	0.000000	0.000000	0.000000	0.000000
-0.916220	-0.854669	0.000000	-0.818599	0.000000	0.000000	0.000000	0.000000	0.000000	0.000000
-0.916220	-0.854669	-0.000000	-0.818690	0.000000	0.000000	0.000000	0.000000	0.000000	0.000000
-0.916220	-0.854669	-0.000000	-0.818834	0.000000	0.000000	0.000000	0.000000	0.000000	0.000000
-0.916219	-0.854669	-0.000000	-0.818383	0.000000	0.000000	0.000000	0.000000	0.000000	0.000000
-0.916220	-0.854669	0.000000	-0.818735	0.000000	0.000000	0.000000	0.000000	0.000000	0.000000
-0.916220	-0.854669	-0.000000	-0.818808	0.000000	0.000000	0.000000	0.000000	0.000000	0.000000
-0.916219	-0.854669	0.000000	-0.818662	0.000000	0.000000	0.000000	0.000000	0.000000	0.000000
-0.916219	-0.854669	-0.000000	-0.818714	0.000000	0.000000	0.000000	0.000000	0.000000	0.000000
-0.916220	-0.854669	-0.000000	-0.818559	0.000000	0.000000	0.000000	0.000000	0.000000	0.000000
-0.916220	-0.854669	0.000000	-0.818780	0.000000	0.000000	0.000000	0.000000	0.000000	0.000000
-0.916219	-0.854669	0.000000	-0.818874	0.000000	0.000000	0.000000	0.000000	0.000000	0.000000
-0.916220	-0.854669	0.000000	-0.818540	0.000000	0.000000	0.000000	0.000000	0.000000	0.000000
-0.916220	-0.854669	-0.000000	-0.818808	0.000000	0.000000	0.000000	0.000000	0.000000	0.000000
-0.916220	-0.854669	0.000000	-0.819073	0.000000	0.000000	0.000000	0.000000	0.000000	0.000000
-0.916220	-0.854669	-0.000000	-0.818838	0.000000	0.000000	0.000000	0.000000	0.000000	0.000000
-0.916220	-0.854669	0.000000	-0.818991	0.000000	0.000000	0.000000	0.000000	0.000000	0.000000
-0.916220	-0.854669	-0.000000	-0.818872	0.000000	0.000000	0.000000	0.000000	0.000000	0.000000
-0.916219	-0.854669	-0.000000	-0.818187	0.000000	0.000000	0.000000	0.000000	0.000000	0.000000
-0.916219	-0.854665	0.000000	0.000062	0.000000	0.000000	0.000000	0.000000	0.000000	0.000000
-0.916220	-0.854669	-0.000000	0.817711	0.000000	0.000000	0.000000	0.000000	0.000000	0.000000
-0.916219	-0.854669	0.000000	0.817712	0.000000	0.000000	0.000000	0.000000	0.000000	0.000000
-0.916220	-0.854669	0.000000	0.817711	0.000000	0.000000	0.000000	0.000000	0.000000	0.000000
-0.916220	-0.854669	-0.000000	0.817712	0.000000	0.000000	0.000000	0.000000	0.000000	0.000000
-0.916220	-0.854669	-0.000000	0.817712	0.000000	0.000000	0.000000	0.000000	0.000000	0.000000
-0.916219	-0.854669	0.000000	0.817712	0.000000	0.000000	0.000000	0.000000	0.000000	0.000000
-0.916219	-0.854669	-0.000000	0.817712	0.000000	0.000000	0.000000	0.000000	0.000000	0.000000
-0.916220	-0.854669	-0.000000	0.817711	0.000000	0.000000	0.000000	0.000000	0.000000	0.000000
-0.916220	-0.854669	0.000000	0.817712	0.000000	0.000000	0.000000	0.000000	0.000000	0.000000
-0.916220	-0.854669	0.000000	0.817711	0.000000	0.000000	0.000000	0.000000	0.000000	0.000000
-0.916220	-0.854669	0.000000	0.817712	0.000000	0.000000	0.000000	0.000000	0.000000	0.000000
-0.916220	-0.854669	0.000000	0.817709	0.000000	0.000000	0.000000	0.000000	0.000000	0.000000
-0.916220	-0.854669	-0.000000	0.817712	0.000000	0.000000	0.000000	0.000000	0.000000	0.000000
-0.916220	-0.854669	0.000000	0.817711	0.000000	0.000000	0.000000	0.000000	0.000000	0.000000
-0.916220	-0.854669	-0.000000	0.817712	0.000000	0.000000	0.000000	0.000000	0.000000	0.000000
-0.916219	-0.854669	-0.000000	0.817712	0.000000	0.000000	0.000000	0.000000	0.000000	0.000000
-0.916220	-0.854669	0.000000	0.817653	0.000000	0.000000	0.000000	0.000000	0.000000	0.000000
-0.916220	-0.854669	0.000000	0.817710	0.000000	0.000000	0.000000	0.000000	0.000000	0.000000
-0.916220	-0.854669	-0.000000	0.817712	0.000000	0.000000	0.000000	0.000000	0.000000	0.000000
-0.916220	-0.854669	0.000000	0.817712	0.000000	0.000000	0.000000	0.000000	0.000000	0.000000
-0.916219	-0.854669	-0.000000	0.817712	0.000000	0.000000	0.000000	0.000000	0.000000	0.000000
-0.916220	-0.854669	0.000000	0.817089	0.000000	0.000000	0.000000	0.000000	0.000000	0.000000
-0.916220	-0.854669	0.000000	0.817470	0.000000	0.000000	0.000000	0.000000	0.000000	0.000000
-0.916219	-0.854669	0.000000	0.817690	0.000000	0.000000	0.000000	0.000000	0.000000	0.000000
-0.916220	-0.854669	-0.000000	0.817712	0.000000	0.000000	0.000000	0.000000	0.000000	0.000000
-0.916220	-0.854669	0.000000	0.817361	0.000000	0.000000	0.000000	0.000000	0.000000	0.000000
-0.916220	-0.854669	0.000000	0.817712	0.000000	0.000000	0.000000	0.000000	0.000000	0.000000
-0.916220	-0.854669	0.000000	0.817711	0.000000	0.000000	0.000000	0.000000	0.000000	0.000000
-0.916220	-0.854669	0.000000	0.817712	0.000000	0.000000	0.000000	0.000000	0.000000	0.000000
-0.916220	-0.854668	-0.000000	0.817712	0.000000	0.000000	0.000000	0.000000	0.000000	0.000000
-0.916220	-0.854669	0.000000	0.817689	0.000000	0.000000	0.000000	0.000000	0.000000	0.000000
-0.916220	-0.854669	0.000000	0.817711	0.000000	0.000000	0.000000	0.000000	0.000000	0.000000
-0.916220	-0.854669	-0.000000	0.817711	0.000000	0.000000	0.000000	0.000000	0.000000	0.000000
-0.916220	-0.854669	-0.000000	0.817712	0.000000	0.000000	0.000000	0.000000	0.000000	0.000000
-0.916220	-0.854669	-0.000000	0.817685	0.000000	0.000000	0.000000	0.000000	0.000000	0.000000
-0.916220	-0.854669	-0.000000	0.817712	0.000000	0.000000	0.000000	0.000000	0.000000	0.000000
-0.916220	-0.854669	-0.000000	0.817712	0.000000	0.000000	0.000000	0.000000	0.000000	0.000000
-0.916220	-0.854669	-0.000000	0.817712	0.000000	0.000000	0.000000	0.000000	0.000000	0.000000
-0.916220	-0.854669	0.000000	0.815443	0.000000	0.000000	0.000000	0.000000	0.000000	0.000000
-0.916220	-0.854669	0.000000	0.817712	0.000000	0.000000	0.000000	0.000000	0.000000	0.000000
-0.916219	-0.854669	0.000000	0.817712	0.000000	0.000000	0.000000	0.000000	0.000000	0.000000
-0.916219	-0.854669	-0.000000	0.817712	0.000000	0.000000	0.000000	0.000000	0.000000	0.000000
-0.916220	-0.854669	0.000000	0.817711	0.000000	0.000000	0.000000	0.000000	0.000000	0.000000
-0.916220	-0.854669	-0.000000	0.817712	0.000000	0.000000	0.000000	0.000000	0.000000	0.000000
-0.916220	-0.854669	-0.000000	0.817712	0.000000	0.000000	0.000000	0.000000	0.000000	0.000000
-0.916219	-0.854669	0.000000	0.817712	0.000000	0.000000	0.000000	0.000000	0.000000	0.000000
-0.916220	-0.854669	0.000000	0.817711	0.000000	0.000000	0.000000	0.000000	0.000000	0.000000
-0.916220	-0.854669	0.000000	0.817712	0.000000	0.000000	0.000000	0.000000	0.000000	0.000000
-0.916220	-0.854669	-0.000000	0.817712	0.000000	0.000000	0.000000	0.000000	0.000000	0.000000
-0.916220	-0.854669	-0.000000	0.817712	0.000000	0.000000	0.000000	0.000000	0.000000	0.000000
-0.916220	-0.854669	-0.000000	0.817712	0.000000	0.000000	0.000000	0.000000	0.000000	0.000000
-0.916220	-0.854669	0.000000	0.817712	0.000000	0.000000	0.000000	0.000000	0.000000	0.000000
-0.916220	-0.854669	-0.000000	0.817712	0.000000	0.000000	0.000000	0.000000	0.000000	0.000000
-0.916220	-0.854669	-0.000000	0.817712	0.000000	0.000000	0.000000	0.000000	0.000000	0.000000
-0.916220	-0.854669	0.000000	0.817710	0.000000	0.000000	0.000000	0.000000	0.000000	0.000000
-0.916220	-0.854669	0.000000	0.817701	0.000000	0.000000	0.000000	0.000000	0.000000	0.000000
-0.916220	-0.854669	-0.000000	0.817712	0.000000	0.000000	0.000000	0.000000	0.000000	0.000000
-0.916220	-0.854669	-0.000000	0.817712	0.000000	0.000000	0.000000	0.000000	0.000000	0.000000
-0.916220	-0.854669	-0.000000	0.817712	0.000000	0.000000	0.000000	0.000000	0.000000	0.000000
-0.916220	-0.854669	-0.000000	0.817712	0.000000	0.000000	0.000000	0.000000	0.000000	0.000000
-0.916220	-0.854669	-0.000000	0.817712	0.000000	0.000000	0.000000	0.000000	0.000000	0.000000
-0.916220	-0.854669	-0.000000	0.817712	0.000000	0.000000	0.000000	0.000000	0.000000	0.000000
-0.916220	-0.854669	-0.000000	0.817712	0.000000	0.000000	0.000000	0.000000	0.000000	0.000000
-0.916220	-0.854668	-0.000000	0.817712	0.000000	0.000000	0.000000	0.000000	0.000000	0.000000
-0.916220	-0.854669	-0.000000	0.817712	0.000000	0.000000	0.000000	0.000000	0.000000	0.000000
-0.916220	-0.854669	0.000000	0.817700	0.000000	0.000000	0.000000	0.000000	0.000000	0.000000
-0.916220	-0.854669	0.000000	0.817712	0.000000	0.000000	0.000000	0.000000	0.000000	0.000000
-0.916219	-0.854669	-0.000000	0.817712	0.000000	0.000000	0.000000	0.000000	0.000000	0.000000
-0.916220	-0.854669	-0.000000	0.817712	0.000000	0.000000	0.000000	0.000000	0.000000	0.000000
-0.916219	-0.854669	-0.000000	0.817712	0.000000	0.000000	0.000000	0.000000	0.000000	0.000000
-0.916220	-0.854669	-0.000000	0.817712	0.000000	0.000000	0.000000	0.000000	0.000000	0.000000
-0.916220	-0.854669	-0.000000	0.817711	0.000000	0.000000	0.000000	0.000000	0.000000	0.000000
-0.916220	-0.854669	0.000000	0.817712	0.000000	0.000000	0.000000	0.000000	0.000000	0.000000
-0.916220	-0.854669	-0.000000	0.817712	0.000000	0.000000	0.000000	0.000000	0.000000	0.000000
-0.916220	-0.854669	0.000000	0.817712	0.000000	0.000000	0.000000	0.000000	0.000000	0.000000
-0.916220	-0.854669	0.000000	0.817712	0.000000	0.000000	0.000000	0.000000	0.000000	0.000000
-0.916220	-0.854669	0.000000	0.817712	0.000000	0.000000	0.000000	0.000000	0.000000	0.000000
-0.916220	-0.854669	-0.000000	0.817523	0.000000	0.000000	0.000000	0.000000	0.000000	0.000000
-0.916220	-0.854669	0.000000	0.817712	0.000000	0.000000	0.000000	0.000000	0.000000	0.000000
-0.916219	-0.854669	-0.000000	0.817712	0.000000	0.000000	0.000000	0.000000	0.000000	0.000000
-0.916220	-0.854669	0.000000	0.817711	0.000000	0.000000	0.000000	0.000000	0.000000	0.000000
-0.916219	-0.854669	0.000000	0.817712	0.000000	0.000000	0.000000	0.000000	0.000000	0.000000
-0.916220	-0.854669	-0.000000	0.817712	0.000000	0.000000	0.000000	0.000000	0.000000	0.000000
-0.916220	-0.854669	-0.000000	0.817711	0.000000	0.000000	0.000000	0.000000	0.000000	0.000000
-0.916220	-0.854669	-0.000000	0.814867	0.000000	0.000000	0.000000	0.000000	0.000000	0.000000
-0.916220	-0.854669	-0.000000	0.817569	0.000000	0.000000	0.000000	0.000000	0.000000	0.000000
-0.916219	-0.854669	0.000000	0.817712	0.000000	0.000000	0.000000	0.000000	0.000000	0.000000
-0.916220	-0.854669	0.000000	0.817710	0.000000	0.000000	0.000000	0.000000	0.000000	0.000000
-0.916220	-0.854669	-0.000000	0.817701	0.000000	0.000000	0.000000	0.000000	0.000000	0.000000
-0.916219	-0.854669	0.000000	0.817712	0.000000	0.000000	0.000000	0.000000	0.000000	0.000000
-0.916220	-0.854669	-0.000000	0.817712	0.000000	0.000000	0.000000	0.000000	0.000000	0.000000
-0.916220	-0.854668	-0.000000	0.817381	0.000000	0.000000	0.000000	0.000000	0.000000	0.000000
-0.916220	-0.854669	0.000000	0.817712	0.000000	0.000000	0.000000	0.000000	0.000000	0.000000
-0.916220	-0.854669	-0.000000	0.817712	0.000000	0.000000	0.000000	0.000000	0.000000	0.000000
-0.916220	-0.854669	0.000000	0.817712	0.000000	0.000000	0.000000	0.000000	0.000000	0.000000
-0.916220	-0.854669	-0.000000	0.817712	0.000000	0.000000	0.000000	0.000000	0.000000	0.000000
-0.916219	-0.854669	-0.000000	0.817710	0.000000	0.000000	0.000000	0.000000	0.000000	0.000000
-0.916219	-0.854669	-0.000000	0.817712	0.000000	0.000000	0.000000	0.000000	0.000000	0.000000
-0.916220	-0.854669	-0.000000	0.817082	0.000000	0.000000	0.000000	0.000000	0.000000	0.000000
-0.916220	-0.854669	-0.000000	0.817712	0.000000	0.000000	0.000000	0.000000	0.000000	0.000000
-0.916220	-0.854669	0.000000	0.817706	0.000000	0.000000	0.000000	0.000000	0.000000	0.000000
-0.916220	-0.854669	-0.000000	0.817703	0.000000	0.000000	0.000000	0.000000	0.000000	0.000000
-0.916220	-0.854669	0.000000	0.817712	0.000000	0.000000	0.000000	0.000000	0.000000	0.000000
-0.916220	-0.854669	0.000000	0.817712	0.000000	0.000000	0.000000	0.000000	0.000000	0.000000
-0.916220	-0.854669	0.000000	0.817712	0.000000	0.000000	0.000000	0.000000	0.000000	0.000000
-0.916220	-0.854669	0.000000	0.817636	0.000000	0.000000	0.000000	0.000000	0.000000	0.000000
-0.916220	-0.854669	0.000000	0.817712	0.000000	0.000000	0.000000	0.000000	0.000000	0.000000
-0.916219	-0.854669	0.000000	0.817712	0.000000	0.000000	0.000000	0.000000	0.000000	0.000000
-0.916220	-0.854669	-0.000000	0.817675	0.000000	0.000000	0.000000	0.000000	0.000000	0.000000
-0.916220	-0.854669	0.000000	0.817711	0.000000	0.000000	0.000000	0.000000	0.000000	0.000000
-0.916220	-0.854669	0.000000	0.817342	0.000000	0.000000	0.000000	0.000000	0.000000	0.000000
-0.916220	-0.854669	-0.000000	0.817712	0.000000	0.000000	0.000000	0.000000	0.000000	0.000000
-0.916220	-0.854669	-0.000000	0.817712	0.000000	0.000000	0.000000	0.000000	0.000000	0.000000
-0.916220	-0.854669	-0.000000	0.817712	0.000000	0.000000	0.000000	0.000000	0.000000	0.000000
-0.916220	-0.854669	-0.000000	0.817629	0.000000	0.000000	0.000000	0.000000	0.000000	0.000000
-0.916220	-0.854669	-0.000000	0.817699	0.000000	0.000000	0.000000	0.000000	0.000000	0.000000
-0.916220	-0.854669	0.000000	0.817712	0.000000	0.000000	0.000000	0.000000	0.000000	0.000000
-0.916220	-0.854669	0.000000	0.817710	0.000000	0.000000	0.000000	0.000000	0.000000	0.000000
-0.916220	-0.854669	-0.000000	0.817712	0.000000	0.000000	0.000000	0.000000	0.000000	0.000000
-0.916220	-0.854669	0.000000	0.817711	0.000000	0.000000	0.000000	0.000000	0.000000	0.000000
-0.916220	-0.854669	-0.000000	0.817712	0.000000	0.000000	0.000000	0.000000	0.000000	0.000000
-0.916219	-0.854669	-0.000000	0.817712	0.000000	0.000000	0.000000	0.000000	0.000000	0.000000
-0.916220	-0.854669	-0.000000	0.817712	0.000000	0.000000	0.000000	0.000000	0.000000	0.000000
-0.916220	-0.854669	-0.000000	0.817712	0.000000	0.000000	0.000000	0.000000	0.000000	0.000000
-0.916220	-0.854669	-0.000000	0.817712	0.000000	0.000000	0.000000	0.000000	0.000000	0.000000
-0.916220	-0.854669	0.000000	0.817712	0.000000	0.000000	0.000000	0.000000	0.000000	0.000000
-0.916219	-0.854669	-0.000000	0.817712	0.000000	0.000000	0.000000	0.000000	0.000000	0.000000
-0.916220	-0.854669	0.000000	0.817712	0.000000	0.000000	0.000000	0.000000	0.000000	0.000000
-0.916220	-0.854669	0.000000	0.817712	0.000000	0.000000	0.000000	0.000000	0.000000	0.000000
-0.916220	-0.854669	0.000000	0.817712	0.000000	0.000000	0.000000	0.000000	0.000000	0.000000
-0.916220	-0.854669	0.000000	0.817691	0.000000	0.000000	0.000000	0.000000	0.000000	0.000000
-0.916220	-0.854669	-0.000000	0.817712	0.000000	0.000000	0.000000	0.000000	0.000000	0.000000
-0.916220	-0.854669	-0.000000	0.817712	0.000000	0.000000	0.000000	0.000000	0.000000	0.000000
-0.916220	-0.854669	0.000000	0.817712	0.000000	0.000000	0.000000	0.000000	0.000000	0.000000
-0.916220	-0.854669	0.000000	0.817709	0.000000	0.000000	0.000000	0.000000	0.000000	0.000000
-0.916220	-0.854669	0.000000	0.817712	0.000000	0.000000	0.000000	0.000000	0.000000	0.000000
-0.916219	-0.854669	-0.000000	0.817712	0.000000	0.000000	0.000000	0.000000	0.000000	0.000000
-0.916220	-0.854669	0.000000	0.817712	0.000000	0.000000	0.000000	0.000000	0.000000	0.000000
-0.916220	-0.854669	0.000000	0.817712	0.000000	0.000000	0.000000	0.000000	0.000000	0.000000
-0.916220	-0.854669	-0.000000	0.817709	0.000000	0.000000	0.000000	0.000000	0.000000	0.000000
-0.916219	-0.854669	0.000000	0.817712	0.000000	0.000000	0.000000	0.000000	0.000000	0.000000
-0.916219	-0.854669	0.000000	0.817712	0.000000	0.000000	0.000000	0.000000	0.000000	0.000000
-0.916220	-0.854669	0.000000	0.817712	0.000000	0.000000	0.000000	0.000000	0.000000	0.000000
-0.916220	-0.854669	0.000000	0.817712	0.000000	0.000000	0.000000	0.000000	0.000000	0.000000
-0.916220	-0.854669	0.000000	0.817712	0.000000	0.000000	0.000000	0.000000	0.000000	0.000000
-0.916220	-0.854669	0.000000	0.817712	0.000000	0.000000	0.000000	0.000000	0.000000	0.000000
-0.916220	-0.854669	0.000000	0.817712	0.000000	0.000000	0.000000	0.000000	0.000000	0.000000
-0.916220	-0.854669	-0.000000	0.817712	0.000000	0.000000	0.000000	0.000000	0.000000	0.000000
-0.916220	-0.854669	0.000000	0.817712	0.000000	0.000000	0.000000	0.000000	0.000000	0.000000
-0.916220	-0.854613	0.000000	0.817711	0.000000	0.000000	0.000000	0.000000	0.000000	0.000000
-0.916219	-0.854669	-0.000000	0.817515	0.000000	0.000000	0.000000	0.000000	0.000000	0.000000
-0.916220	-0.854669	0.000000	0.817712	0.000000	0.000000	0.000000	0.000000	0.000000	0.000000
-0.916219	-0.854669	0.000000	0.817712	0.000000	0.000000	0.000000	0.000000	0.000000	0.000000
-0.916220	-0.854669	-0.000000	0.817678	0.000000	0.000000	0.000000	0.000000	0.000000	0.000000
-0.916220	-0.854669	-0.000000	0.817712	0.000000	0.000000	0.000000	0.000000	0.000000	0.000000
-0.916220	-0.854669	0.000000	0.817347	0.000000	0.000000	0.000000	0.000000	0.000000	0.000000
-0.916220	-0.854669	-0.000000	0.817712	0.000000	0.000000	0.000000	0.000000	0.000000	0.000000
-0.916219	-0.854669	-0.000000	0.817712	0.000000	0.000000	0.000000	0.000000	0.000000	0.000000
-0.916220	-0.854669	0.000000	0.817712	0.000000	0.000000	0.000000	0.000000	0.000000	0.000000
-0.916219	-0.854669	0.000000	0.817712	0.000000	0.000000	0.000000	0.000000	0.000000	0.000000
-0.916220	-0.854669	0.000000	0.817712	0.000000	0.000000	0.000000	0.000000	0.000000	0.000000
-0.916219	-0.854669	0.000000	0.817712	0.000000	0.000000	0.000000	0.000000	0.000000	0.000000
-0.916220	-0.854669	0.000000	0.817710	0.000000	0.000000	0.000000	0.000000	0.000000	0.000000
-0.916220	-0.854669	-0.000000	0.817712	0.000000	0.000000	0.000000	0.000000	0.000000	0.000000
-0.916220	-0.854669	0.000000	0.817712	0.000000	0.000000	0.000000	0.000000	0.000000	0.000000
-0.916220	-0.854669	0.000000	0.815877	0.000000	0.000000	0.000000	0.000000	0.000000	0.000000
-0.916220	-0.854669	0.000000	0.817709	0.000000	0.000000	0.000000	0.000000	0.000000	0.000000
-0.916220	-0.854669	-0.000000	0.817706	0.000000	0.000000	0.000000	0.000000	0.000000	0.000000
-0.916220	-0.854669	-0.000000	0.817712	0.000000	0.000000	0.000000	0.000000	0.000000	0.000000
-0.916219	-0.854669	-0.000000	0.817712	0.000000	0.000000	0.000000	0.000000	0.000000	0.000000
-0.916220	-0.854669	0.000000	0.817711	0.000000	0.000000	0.000000	0.000000	0.000000	0.000000
-0.916220	-0.854669	0.000000	0.817712	0.000000	0.000000	0.000000	0.000000	0.000000	0.000000
-0.916219	-0.854669	-0.000000	0.817712	0.000000	0.000000	0.000000	0.000000	0.000000	0.000000
-0.916219	-0.854669	0.000000	0.817712	0.000000	0.000000	0.000000	0.000000	0.000000	0.000000
-0.916220	-0.854669	0.000000	0.817635	0.000000	0.000000	0.000000	0.000000	0.000000	0.000000
-0.916220	-0.854669	0.000000	0.817712	0.000000	0.000000	0.000000	0.000000	0.000000	0.000000
-0.916220	-0.854669	-0.000000	0.817711	0.000000	0.000000	0.000000	0.000000	0.000000	0.000000
-0.916220	-0.854669	0.000000	0.817712	0.000000	0.000000	0.000000	0.000000	0.000000	0.000000
-0.916220	-0.854669	-0.000000	0.817712	0.000000	0.000000	0.000000	0.000000	0.000000	0.000000
-0.916220	-0.854669	0.000000	0.817711	0.000000	0.000000	0.000000	0.000000	0.000000	0.000000
-0.916219	-0.854669	-0.000000	0.817712	0.000000	0.000000	0.000000	0.000000	0.000000	0.000000
-0.916220	-0.854669	0.000000	0.817711	0.000000	0.000000	0.000000	0.000000	0.000000	0.000000
-0.916220	-0.854669	-0.000000	0.817712	0.000000	0.000000	0.000000	0.000000	0.000000	0.000000
-0.916219	-0.854669	-0.000000	0.817711	0.000000	0.000000	0.000000	0.000000	0.000000	0.000000
-0.916219	-0.854669	0.000000	0.817712	0.000000	0.000000	0.000000	0.000000	0.000000	0.000000
-0.916220	-0.854669	-0.000000	0.817707	0.000000	0.000000	0.000000	0.000000	0.000000	0.000000
-0.916220	-0.854669	0.000000	0.817710	0.000000	0.000000	0.000000	0.000000	0.000000	0.000000
-0.916220	-0.854669	-0.000000	0.817704	0.000000	0.000000	0.000000	0.000000	0.000000	0.000000
-0.916220	-0.854669	-0.000000	0.817712	0.000000	0.000000	0.000000	0.000000	0.000000	0.000000
-0.916220	-0.854669	0.000000	0.817712	0.000000	0.000000	0.000000	0.000000	0.000000	0.000000
-0.916220	-0.854669	0.000000	0.817711	0.000000	0.000000	0.000000	0.000000	0.000000	0.000000
-0.916220	-0.854669	-0.000000	0.817711	0.000000	0.000000	0.000000	0.000000	0.000000	0.000000
-0.916219	-0.854669	0.000000	0.817712	0.000000	0.000000	0.000000	0.000000	0.000000	0.000000
-0.916220	-0.854669	0.000000	0.817712	0.000000	0.000000	0.000000	0.000000	0.000000	0.000000
-0.916220	-0.854669	0.000000	0.817712	0.000000	0.000000	0.000000	0.000000	0.000000	0.000000
-0.916220	-0.854669	-0.000000	0.817712	0.000000	0.000000	0.000000	0.000000	0.000000	0.000000
-0.916220	-0.854669	0.000000	0.817711	0.000000	0.000000	0.000000	0.000000	0.000000	0.000000
-0.916220	-0.854669	-0.000000	0.817712	0.000000	0.000000	0.000000	0.000000	0.000000	0.000000
-0.916220	-0.854669	-0.000000	0.817712	0.000000	0.000000	0.000000	0.000000	0.000000	0.000000
-0.916220	-0.854669	-0.000000	0.817711	0.000000	0.000000	0.000000	0.000000	0.000000	0.000000
-0.916220	-0.854668	-0.000000	0.817712	0.000000	0.000000	0.000000	0.000000	0.000000	0.000000
-0.916220	-0.854669	0.000000	0.817712	0.000000	0.000000	0.000000	0.000000	0.000000	0.000000
-0.916220	-0.854669	0.000000	0.817712	0.000000	0.000000	0.000000	0.000000	0.000000	0.000000
-0.916220	-0.854669	0.000000	0.817712	0.000000	0.000000	0.000000	0.000000	0.000000	0.000000
-0.916220	-0.854669	-0.000000	0.817712	0.000000	0.000000	0.000000	0.000000	0.000000	0.000000
-0.916219	-0.854669	0.000000	0.817712	0.000000	0.000000	0.000000	0.000000	0.000000	0.000000
-0.916220	-0.854669	0.000000	0.817703	0.000000	0.000000	0.000000	0.000000	0.000000	0.000000
-0.916220	-0.854669	-0.000000	0.817712	0.000000	0.000000	0.000000	0.000000	0.000000	0.000000
-0.916220	-0.854669	0.000000	0.817711	0.000000	0.000000	0.000000	0.000000	0.000000	0.000000
-0.916220	-0.854669	-0.000000	0.817712	0.000000	0.000000	0.000000	0.000000	0.000000	0.000000
-0.916220	-0.854669	0.000000	0.817712	0.000000	0.000000	0.000000	0.000000	0.000000	0.000000
-0.916220	-0.854669	-0.000000	0.817712	0.000000	0.000000	0.000000	0.000000	0.000000	0.000000
-0.916220	-0.854669	-0.000000	0.817712	0.000000	0.000000	0.000000	0.000000	0.000000	0.000000
-0.916220	-0.854669	0.000000	0.817710	0.000000	0.000000	0.000000	0.000000	0.000000	0.000000
-0.916220	-0.854669	-0.000000	0.817708	0.000000	0.000000	0.000000	0.000000	0.000000	0.000000
-0.916220	-0.854669	0.000000	0.817712	0.000000	0.000000	0.000000	0.000000	0.000000	0.000000
-0.916220	-0.854669	-0.000000	0.817712	0.000000	0.000000	0.000000	0.000000	0.000000	0.000000
-0.916220	-0.854668	0.000000	0.172075	0.000000	0.000000	0.000000	0.000000	0.000000	0.000000
-0.916219	-0.854669	-0.000000	0.817711	0.000000	0.000000	0.000000	0.000000	0.000000	0.000000
-0.916220	-0.854669	-0.000000	0.817712	0.000000	0.000000	0.000000	0.000000	0.000000	0.000000
-0.916220	-0.854669	0.000000	0.817712	0.000000	0.000000	0.000000	0.000000	0.000000	0.000000
-0.916219	-0.854669	-0.000000	0.817712	0.000000	0.000000	0.000000	0.000000	0.000000	0.000000
-0.916220	-0.854669	0.000000	0.797382	0.000000	0.000000	0.000000	0.000000	0.000000	0.000000
-0.916220	-0.854669	0.000000	0.817712	0.000000	0.000000	0.000000	0.000000	0.000000	0.000000
-0.916220	-0.854669	-0.000000	0.817712	0.000000	0.000000	0.000000	0.000000	0.000000	0.000000
-0.916219	-0.854666	-0.000000	0.817712	0.000000	0.000000	0.000000	0.000000	0.000000	0.000000
-0.916220	-0.854669	0.000000	0.817671	0.000000	0.000000	0.000000	0.000000	0.000000	0.000000
-0.916219	-0.854669	-0.000000	0.817705	0.000000	0.000000	0.000000	0.000000	0.000000	0.000000
-0.916220	-0.854669	0.000000	0.817712	0.000000	0.000000	0.000000	0.000000	0.000000	0.000000
-0.916220	-0.854669	0.000000	0.817712	0.000000	0.000000	0.000000	0.000000	0.000000	0.000000
-0.916220	-0.854669	-0.000000	0.817712	0.000000	0.000000	0.000000	0.000000	0.000000	0.000000
-0.916219	-0.854669	0.000000	0.817701	0.000000	0.000000	0.000000	0.000000	0.000000	0.000000
-0.916220	-0.854669	0.000000	0.817710	0.000000	0.000000	0.000000	0.000000	0.000000	0.000000
-0.916219	-0.854669	-0.000000	0.817604	0.000000	0.000000	0.000000	0.000000	0.000000	0.000000
-0.916220	-0.854669	-0.000000	0.817712	0.000000	0.000000	0.000000	0.000000	0.000000	0.000000
-0.916220	-0.854669	-0.000000	0.817712	0.000000	0.000000	0.000000	0.000000	0.000000	0.000000
-0.916220	-0.854669	0.000000	0.817712	0.000000	0.000000	0.000000	0.000000	0.000000	0.000000
-0.916220	-0.854669	-0.000000	0.817712	0.000000	0.000000	0.000000	0.000000	0.000000	0.000000
-0.916220	-0.854669	-0.000000	0.817712	0.000000	0.000000	0.000000	0.000000	0.000000	0.000000
-0.916219	-0.854669	-0.000000	0.817708	0.000000	0.000000	0.000000	0.000000	0.000000	0.000000
-0.916220	-0.854669	0.000000	0.817711	0.000000	0.000000	0.000000	0.000000	0.000000	0.000000
-0.916220	-0.854669	-0.000000	0.817712	0.000000	0.000000	0.000000	0.000000	0.000000	0.000000
-0.916220	-0.854669	-0.000000	0.817712	0.000000	0.000000	0.000000	0.000000	0.000000	0.000000
-0.916220	-0.854669	-0.000000	0.817712	0.000000	0.000000	0.000000	0.000000	0.000000	0.000000
-0.916220	-0.854669	-0.000000	0.817712	0.000000	0.000000	0.000000	0.000000	0.000000	0.000000
-0.916220	-0.854669	0.000000	0.817712	0.000000	0.000000	0.000000	0.000000	0.000000	0.000000
-0.916220	-0.854669	-0.000000	0.817712	0.000000	0.000000	0.000000	0.000000	0.000000	0.000000
-0.916220	-0.854669	0.000000	0.817712	0.000000	0.000000	0.000000	0.000000	0.000000	0.000000
-0.916220	-0.854669	-0.000000	0.817712	0.000000	0.000000	0.000000	0.000000	0.000000	0.000000
-0.916219	0.836001	0.000001	-0.000008	0.000000	0.000000	0.000000	0.000000	0.000000	0.000000
-0.916220	0.836032	-0.818924	-0.000000	0.000000	0.000000	0.000000	0.000000	0.000000	0.000000
-0.916220	0.836059	-0.818924	-0.000000	0.000000	0.000000	0.000000	0.000000	0.000000	0.000000
-0.916220	0.836049	-0.818924	0.000000	0.000000	0.000000	0.000000	0.000000	0.000000	0.000000
-0.916220	0.836067	-0.818919	-0.000000	0.000000	0.000000	0.000000	0.000000	0.000000	0.000000
-0.916220	0.836042	-0.817888	-0.000000	0.000000	0.000000	0.000000	0.000000	0.000000	0.000000
-0.916220	0.836043	-0.818924	0.000000	0.000000	0.000000	0.000000	0.000000	0.000000	0.000000
-0.916220	0.836049	-0.818924	0.000000	0.000000	0.000000	0.000000	0.000000	0.000000	0.000000
-0.916219	0.836037	-0.818878	-0.000001	0.000000	0.000000	0.000000	0.000000	0.000000	0.000000
-0.916220	0.836056	-0.818924	-0.000000	0.000000	0.000000	0.000000	0.000000	0.000000	0.000000
-0.916220	0.836062	-0.818924	-0.000000	0.000000	0.000000	0.000000	0.000000	0.000000	0.000000
-0.916220	0.836027	-0.818924	0.000000	0.000000	0.000000	0.000000	0.000000	0.000000	0.000000
-0.916220	0.836048	-0.818924	-0.000001	0.000000	0.000000	0.000000	0.000000	0.000000	0.000000
-0.916220	0.836038	-0.818924	0.000000	0.000000	0.000000	0.000000	0.000000	0.000000	0.000000
-0.916220	0.836012	-0.818924	-0.000000	0.000000	0.000000	0.000000	0.000000	0.000000	0.000000
-0.916220	0.836031	-0.818924	-0.000000	0.000000	0.000000	0.000000	0.000000	0.000000	0.000000
-0.916219	0.836064	-0.818924	-0.000000	0.000000	0.000000	0.000000	0.000000	0.000000	0.000000
-0.916220	0.836039	-0.818924	-0.000000	0.000000	0.000000	0.000000	0.000000	0.000000	0.000000
-0.916220	0.836044	-0.818924	0.000000	0.000000	0.000000	0.000000	0.000000	0.000000	0.000000
-0.916220	0.836038	-0.818924	0.000000	0.000000	0.000000	0.000000	0.000000	0.000000	0.000000
-0.916220	0.836076	-0.818924	0.000000	0.000000	0.000000	0.000000	0.000000	0.000000	0.000000
-0.916219	0.835988	-0.818924	0.000000	0.000000	0.000000	0.000000	0.000000	0.000000	0.000000
-0.916220	0.836016	-0.818924	0.000000	0.000000	0.000000	0.000000	0.000000	0.000000	0.000000
-0.916220	0.836059	-0.818924	-0.000000	0.000000	0.000000	0.000000	0.000000	0.000000	0.000000
-0.916220	0.836047	-0.818924	0.000000	0.000000	0.000000	0.000000	0.000000	0.000000	0.000000
-0.916220	0.836002	-0.818924	0.000000	0.000000	0.000000	0.000000	0.000000	0.000000	0.000000
-0.916220	0.836060	-0.818924	-0.000000	0.000000	0.000000	0.000000	0.000000	0.000000	0.000000
-0.916220	0.836062	-0.818924	-0.000000	0.000000	0.000000	0.000000	0.000000	0.000000	0.000000
-0.916220	0.836057	-0.818924	0.000000	0.000000	0.000000	0.000000	0.000000	0.000000	0.000000
-0.916220	0.836036	-0.818924	-0.000000	0.000000	0.000000	0.000000	0.000000	0.000000	0.000000
-0.916220	0.836070	-0.818924	0.000000	0.000000	0.000000	0.000000	0.000000	0.000000	0.000000
-0.916219	0.836051	-0.818920	-0.000002	0.000000	0.000000	0.000000	0.000000	0.000000	0.000000
-0.916219	0.836000	-0.818924	0.000000	0.000000	0.000000	0.000000	0.000000	0.000000	0.000000
-0.916220	0.836050	-0.818924	-0.000000	0.000000	0.000000	0.000000	0.000000	0.000000	0.000000
-0.916220	0.836046	-0.818924	-0.000000	0.000000	0.000000	0.000000	0.000000	0.000000	0.000000
-0.916219	0.835975	-0.818924	0.000000	0.000000	0.000000	0.000000	0.000000	0.000000	0.000000
-0.916220	0.836050	-0.818924	0.000000	0.000000	0.000000	0.000000	0.000000	0.000000	0.000000
-0.916220	0.836045	-0.818924	-0.000000	0.000000	0.000000	0.000000	0.000000	0.000000	0.000000
-0.916220	0.836071	-0.818923	-0.000000	0.000000	0.000000	0.000000	0.000000	0.000000	0.000000
-0.916220	0.836036	-0.818924	0.000000	0.000000	0.000000	0.000000	0.000000	0.000000	0.000000
-0.916220	0.836062	-0.818923	0.000000	0.000000	0.000000	0.000000	0.000000	0.000000	0.000000
-0.916220	0.836015	-0.818924	0.000000	0.000000	0.000000	0.000000	0.000000	0.000000	0.000000
-0.916220	0.835985	-0.818924	0.000000	0.000000	0.000000	0.000000	0.000000	0.000000	0.000000
-0.916220	0.836029	-0.818923	-0.000000	0.000000	0.000000	0.000000	0.000000	0.000000	0.000000
-0.916220	0.836044	-0.818911	-0.000004	0.000000	0.000000	0.000000	0.000000	0.000000	0.000000
-0.916220	0.836000	-0.818841	0.000000	0.000000	0.000000	0.000000	0.000000	0.000000	0.000000
-0.916220	0.836039	-0.818913	-0.000000	0.000000	0.000000	0.000000	0.000000	0.000000	0.000000
-0.916220	0.836050	-0.818924	-0.000000	0.000000	0.000000	0.000000	0.000000	0.000000	0.000000
-0.916220	0.836033	-0.818924	-0.000006	0.000000	0.000000	0.000000	0.000000	0.000000	0.000000
-0.916220	0.836029	-0.818924	-0.000000	0.000000	0.000000	0.000000	0.000000	0.000000	0.000000
-0.916220	0.836028	-0.818924	-0.000000	0.000000	0.000000	0.000000	0.000000	0.000000	0.000000
-0.916220	0.836078	-0.818924	0.000000	0.000000	0.000000	0.000000	0.000000	0.000000	0.000000
-0.916220	0.836032	-0.818924	-0.000000	0.000000	0.000000	0.000000	0.000000	0.000000	0.000000
-0.916220	0.836030	-0.818924	-0.000000	0.000000	0.000000	0.000000	0.000000	0.000000	0.000000
-0.916220	0.836011	-0.818924	0.000000	0.000000	0.000000	0.000000	0.000000	0.000000	0.000000
-0.916220	0.836074	-0.818924	0.000000	0.000000	0.000000	0.000000	0.000000	0.000000	0.000000
-0.916220	0.836008	-0.818924	-0.000000	0.000000	0.000000	0.000000	0.000000	0.000000	0.000000
-0.916220	0.836041	-0.818924	-0.000000	0.000000	0.000000	0.000000	0.000000	0.000000	0.000000
-0.916220	0.836032	-0.818924	-0.000001	0.000000	0.000000	0.000000	0.000000	0.000000	0.000000
-0.916220	0.835999	-0.818924	0.000000	0.000000	0.000000	0.000000	0.000000	0.000000	0.000000
-0.916220	0.836048	-0.818924	0.000018	0.000000	0.000000	0.000000	0.000000	0.000000	0.000000
-0.916220	0.836047	-0.818923	-0.000003	0.000000	0.000000	0.000000	0.000000	0.000000	0.000000
-0.916220	0.836019	-0.818924	0.000000	0.000000	0.000000	0.000000	0.000000	0.000000	0.000000
-0.916219	0.836054	-0.717144	0.000000	0.000000	0.000000	0.000000	0.000000	0.000000	0.000000
-0.916220	0.836023	-0.818923	0.000000	0.000000	0.000000	0.000000	0.000000	0.000000	0.000000
-0.916220	0.836042	-0.818924	-0.000000	0.000000	0.000000	0.000000	0.000000	0.000000	0.000000
-0.916220	0.836052	-0.818924	-0.000001	0.000000	0.000000	0.000000	0.000000	0.000000	0.000000
-0.916219	0.836025	-0.818924	0.000000	0.000000	0.000000	0.000000	0.000000	0.000000	0.000000
-0.916220	0.836069	-0.818923	-0.000000	0.000000	0.000000	0.000000	0.000000	0.000000	0.000000
-0.916220	0.835999	-0.818910	0.000000	0.000000	0.000000	0.000000	0.000000	0.000000	0.000000
-0.916220	0.836082	-0.818924	-0.000000	0.000000	0.000000	0.000000	0.000000	0.000000	0.000000
-0.916220	0.836060	-0.818924	-0.000001	0.000000	0.000000	0.000000	0.000000	0.000000	0.000000
-0.916220	0.836034	-0.818924	-0.000000	0.000000	0.000000	0.000000	0.000000	0.000000	0.000000
-0.916220	0.836032	-0.818922	-0.000000	0.000000	0.000000	0.000000	0.000000	0.000000	0.000000
-0.916220	0.836022	-0.818924	0.000000	0.000000	0.000000	0.000000	0.000000	0.000000	0.000000
-0.916220	0.836029	-0.818924	-0.000000	0.000000	0.000000	0.000000	0.000000	0.000000	0.000000
-0.916220	0.836036	-0.818924	-0.000000	0.000000	0.000000	0.000000	0.000000	0.000000	0.000000
-0.916220	0.836043	-0.818924	-0.000000	0.000000	0.000000	0.000000	0.000000	0.000000	0.000000
-0.916220	0.835998	-0.818924	-0.000020	0.000000	0.000000	0.000000	0.000000	0.000000	0.000000
-0.916220	0.836041	-0.818924	-0.000000	0.000000	0.000000	0.000000	0.000000	0.000000	0.000000
-0.916220	0.836011	-0.818924	-0.000000	0.000000	0.000000	0.000000	0.000000	0.000000	0.000000
-0.916219	0.836039	-0.818924	-0.000001	0.000000	0.000000	0.000000	0.000000	0.000000	0.000000
-0.916220	0.836048	-0.818924	-0.000000	0.000000	0.000000	0.000000	0.000000	0.000000	0.000000
-0.916220	0.836038	-0.818924	0.000002	0.000000	0.000000	0.000000	0.000000	0.000000	0.000000
-0.916220	0.836038	-0.818924	-0.000000	0.000000	0.000000	0.000000	0.000000	0.000000	0.000000
-0.916220	0.836003	-0.818924	-0.000000	0.000000	0.000000	0.000000	0.000000	0.000000	0.000000
-0.916220	0.836049	-0.818136	-0.000000	0.000000	0.000000	0.000000	0.000000	0.000000	0.000000
-0.916220	0.836017	-0.818922	-0.000000	0.000000	0.000000	0.000000	0.000000	0.000000	0.000000
-0.916220	0.836024	-0.818924	0.000000	0.000000	0.000000	0.000000	0.000000	0.000000	0.000000
-0.916219	0.836093	-0.818924	0.000000	0.000000	0.000000	0.000000	0.000000	0.000000	0.000000
-0.916220	0.836021	-0.818924	-0.000000	0.000000	0.000000	0.000000	0.000000	0.000000	0.000000
-0.916220	0.836062	-0.818924	0.000000	0.000000	0.000000	0.000000	0.000000	0.000000	0.000000
-0.916220	0.836050	-0.818924	0.000038	0.000000	0.000000	0.000000	0.000000	0.000000	0.000000
-0.916220	0.836069	-0.818924	0.000000	0.000000	0.000000	0.000000	0.000000	0.000000	0.000000
-0.916219	0.836035	-0.818924	-0.000000	0.000000	0.000000	0.000000	0.000000	0.000000	0.000000
-0.916220	0.836060	-0.818924	-0.000000	0.000000	0.000000	0.000000	0.000000	0.000000	0.000000
-0.916220	0.836052	-0.818924	-0.000000	0.000000	0.000000	0.000000	0.000000	0.000000	0.000000
-0.916220	0.836053	-0.818924	0.000009	0.000000	0.000000	0.000000	0.000000	0.000000	0.000000
-0.916220	0.836032	-0.818924	0.000000	0.000000	0.000000	0.000000	0.000000	0.000000	0.000000
-0.916220	0.836025	-0.818924	0.000003	0.000000	0.000000	0.000000	0.000000	0.000000	0.000000
-0.916220	0.835977	-0.818924	-0.000000	0.000000	0.000000	0.000000	0.000000	0.000000	0.000000
-0.916220	0.836016	-0.818921	0.000000	0.000000	0.000000	0.000000	0.000000	0.000000	0.000000
-0.916220	0.836058	-0.818921	-0.000000	0.000000	0.000000	0.000000	0.000000	0.000000	0.000000
-0.916220	0.836036	-0.818924	0.000000	0.000000	0.000000	0.000000	0.000000	0.000000	0.000000
-0.916219	0.836019	-0.818924	-0.000000	0.000000	0.000000	0.000000	0.000000	0.000000	0.000000
-0.916220	0.836002	-0.818924	-0.000451	0.000000	0.000000	0.000000	0.000000	0.000000	0.000000
-0.916220	0.836027	-0.818924	-0.000000	0.000000	0.000000	0.000000	0.000000	0.000000	0.000000
-0.916220	0.836042	-0.818923	-0.000000	0.000000	0.000000	0.000000	0.000000	0.000000	0.000000
-0.916219	0.836049	-0.818924	0.000000	0.000000	0.000000	0.000000	0.000000	0.000000	0.000000
-0.916219	0.836033	-0.818922	0.000000	0.000000	0.000000	0.000000	0.000000	0.000000	0.000000
-0.916219	0.836048	-0.818924	-0.000000	0.000000	0.000000	0.000000	0.000000	0.000000	0.000000
-0.916219	0.836017	-0.818919	0.000000	0.000000	0.000000	0.000000	0.000000	0.000000	0.000000
-0.916219	0.836040	-0.818924	0.000000	0.000000	0.000000	0.000000	0.000000	0.000000	0.000000
-0.916219	0.836000	-0.818924	-0.000000	0.000000	0.000000	0.000000	0.000000	0.000000	0.000000
-0.916220	0.836050	-0.818924	-0.000000	0.000000	0.000000	0.000000	0.000000	0.000000	0.000000
-0.916220	0.836056	-0.818924	-0.000001	0.000000	0.000000	0.000000	0.000000	0.000000	0.000000
-0.916220	0.836000	-0.818924	0.000000	0.000000	0.000000	0.000000	0.000000	0.000000	0.000000
-0.916219	0.835993	-0.818924	-0.000002	0.000000	0.000000	0.000000	0.000000	0.000000	0.000000
-0.916220	0.836039	-0.818924	-0.000000	0.000000	0.000000	0.000000	0.000000	0.000000	0.000000
-0.916220	0.835999	-0.818924	-0.000000	0.000000	0.000000	0.000000	0.000000	0.000000	0.000000
-0.916220	0.836070	-0.818924	-0.000000	0.000000	0.000000	0.000000	0.000000	0.000000	0.000000
-0.916220	0.836029	-0.818924	-0.000000	0.000000	0.000000	0.000000	0.000000	0.000000	0.000000
-0.916219	0.836010	-0.818924	-0.000001	0.000000	0.000000	0.000000	0.000000	0.000000	0.000000
-0.916220	0.836037	-0.818921	-0.000001	0.000000	0.000000	0.000000	0.000000	0.000000	0.000000
-0.916220	0.836033	-0.818924	-0.000000	0.000000	0.000000	0.000000	0.000000	0.000000	0.000000
-0.916220	0.836046	-0.818924	-0.000000	0.000000	0.000000	0.000000	0.000000	0.000000	0.000000
-0.916220	0.836017	-0.818924	0.000000	0.000000	0.000000	0.000000	0.000000	0.000000	0.000000
-0.916220	0.836090	-0.818924	0.000000	0.000000	0.000000	0.000000	0.000000	0.000000	0.000000
-0.916220	0.836043	-0.818924	-0.000005	0.000000	0.000000	0.000000	0.000000	0.000000	0.000000
-0.916220	0.836089	-0.818924	-0.000000	0.000000	0.000000	0.000000	0.000000	0.000000	0.000000
-0.916219	0.836029	-0.818924	-0.000000	0.000000	0.000000	0.000000	0.000000	0.000000	0.000000
-0.916220	0.836047	-0.817614	0.000000	0.000000	0.000000	0.000000	0.000000	0.000000	0.000000
-0.916220	0.836029	-0.818924	-0.000776	0.000000	0.000000	0.000000	0.000000	0.000000	0.000000
-0.916220	0.836038	-0.817227	0.000000	0.000000	0.000000	0.000000	0.000000	0.000000	0.000000
-0.916220	0.836026	-0.818924	-0.000000	0.000000	0.000000	0.000000	0.000000	0.000000	0.000000
-0.916220	0.836067	-0.818924	-0.000000	0.000000	0.000000	0.000000	0.000000	0.000000	0.000000
-0.916219	0.836052	-0.818924	-0.000000	0.000000	0.000000	0.000000	0.000000	0.000000	0.000000
-0.916219	0.836040	-0.818924	-0.000000	0.000000	0.000000	0.000000	0.000000	0.000000	0.000000
-0.916220	0.836029	-0.818924	-0.000000	0.000000	0.000000	0.000000	0.000000	0.000000	0.000000
-0.916220	0.836037	-0.818081	-0.000006	0.000000	0.000000	0.000000	0.000000	0.000000	0.000000
-0.916220	0.836044	-0.818924	0.000000	0.000000	0.000000	0.000000	0.000000	0.000000	0.000000
-0.916219	0.836036	-0.818924	0.000002	0.000000	0.000000	0.000000	0.000000	0.000000	0.000000
-0.916220	0.836012	-0.818924	0.000000	0.000000	0.000000	0.000000	0.000000	0.000000	0.000000
-0.916219	0.836051	-0.818924	0.000000	0.000000	0.000000	0.000000	0.000000	0.000000	0.000000
-0.916220	0.836042	-0.818913	0.000000	0.000000	0.000000	0.000000	0.000000	0.000000	0.000000
-0.916220	0.836051	-0.818922	-0.000010	0.000000	0.000000	0.000000	0.000000	0.000000	0.000000
-0.916220	0.835996	-0.818924	-0.000000	0.000000	0.000000	0.000000	0.000000	0.000000	0.000000
-0.916220	0.836058	-0.818924	0.000000	0.000000	0.000000	0.000000	0.000000	0.000000	0.000000
-0.916220	0.835998	-0.818924	-0.000000	0.000000	0.000000	0.000000	0.000000	0.000000	0.000000
-0.916220	0.836050	-0.818924	-0.000000	0.000000	0.000000	0.000000	0.000000	0.000000	0.000000
-0.916220	0.836040	-0.818924	0.000000	0.000000	0.000000	0.000000	0.000000	0.000000	0.000000
-0.916220	0.836082	-0.818924	-0.000004	0.000000	0.000000	0.000000	0.000000	0.000000	0.000000
-0.916220	0.836030	-0.818924	-0.000000	0.000000	0.000000	0.000000	0.000000	0.000000	0.000000
-0.916220	0.836021	-0.818918	-0.815586	0.000000	0.000000	0.000000	0.000000	0.000000	0.000000
-0.916220	0.836048	-0.818907	-0.000000	0.000000	0.000000	0.000000	0.000000	0.000000	0.000000
-0.916220	0.836076	-0.818924	0.000000	0.000000	0.000000	0.000000	0.000000	0.000000	0.000000
-0.916220	0.836035	-0.818924	0.000000	0.000000	0.000000	0.000000	0.000000	0.000000	0.000000
-0.916220	0.836040	-0.818924	-0.000000	0.000000	0.000000	0.000000	0.000000	0.000000	0.000000
-0.916220	0.836007	-0.818924	-0.000000	0.000000	0.000000	0.000000	0.000000	0.000000	0.000000
-0.916220	0.836008	-0.818924	0.000000	0.000000	0.000000	0.000000	0.000000	0.000000	0.000000
-0.916220	0.836005	-0.818667	-0.000000	0.000000	0.000000	0.000000	0.000000	0.000000	0.000000
-0.916220	0.836049	-0.818924	0.000000	0.000000	0.000000	0.000000	0.000000	0.000000	0.000000
-0.916220	0.836020	-0.818924	-0.000001	0.000000	0.000000	0.000000	0.000000	0.000000	0.000000
-0.916220	0.836026	-0.818924	0.000000	0.000000	0.000000	0.000000	0.000000	0.000000	0.000000
-0.916220	0.836069	-0.818924	-0.000000	0.000000	0.000000	0.000000	0.000000	0.000000	0.000000
-0.916220	0.836068	-0.818924	0.000000	0.000000	0.000000	0.000000	0.000000	0.000000	0.000000
-0.916219	0.836027	-0.818924	0.000000	0.000000	0.000000	0.000000	0.000000	0.000000	0.000000
-0.916220	0.835916	-0.818924	0.000000	0.000000	0.000000	0.000000	0.000000	0.000000	0.000000
-0.916220	0.836024	-0.818924	-0.000000	0.000000	0.000000	0.000000	0.000000	0.000000	0.000000
-0.916220	0.836008	-0.818924	0.000000	0.000000	0.000000	0.000000	0.000000	0.000000	0.000000
-0.916220	0.836036	-0.818915	-0.000000	0.000000	0.000000	0.000000	0.000000	0.000000	0.000000
-0.916220	0.836040	-0.818923	0.000000	0.000000	0.000000	0.000000	0.000000	0.000000	0.000000
-0.916220	0.836055	-0.818924	-0.000000	0.000000	0.000000	0.000000	0.000000	0.000000	0.000000
-0.916220	0.836006	-0.818924	-0.000000	0.000000	0.000000	0.000000	0.000000	0.000000	0.000000
-0.916219	0.836052	-0.818924	0.000000	0.000000	0.000000	0.000000	0.000000	0.000000	0.000000
-0.916220	0.836017	-0.818924	-0.000000	0.000000	0.000000	0.000000	0.000000	0.000000	0.000000
-0.916220	0.836063	-0.818924	0.000000	0.000000	0.000000	0.000000	0.000000	0.000000	0.000000
-0.916220	0.836065	-0.818924	-0.000000	0.000000	0.000000	0.000000	0.000000	0.000000	0.000000
-0.916220	0.836074	-0.818924	0.000000	0.000000	0.000000	0.000000	0.000000	0.000000	0.000000
-0.916220	0.836046	-0.818924	-0.000000	0.000000	0.000000	0.000000	0.000000	0.000000	0.000000
-0.916220	0.836040	-0.818924	-0.000000	0.000000	0.000000	0.000000	0.000000	0.000000	0.000000
-0.916220	0.836073	-0.818924	-0.000000	0.000000	0.000000	0.000000	0.000000	0.000000	0.000000
-0.916220	0.836038	-0.818924	-0.000000	0.000000	0.000000	0.000000	0.000000	0.000000	0.000000
-0.916220	0.836070	-0.818924	0.000000	0.000000	0.000000	0.000000	0.000000	0.000000	0.000000
-0.916220	0.836045	-0.818924	0.000000	0.000000	0.000000	0.000000	0.000000	0.000000	0.000000
-0.916220	0.836049	-0.818924	-0.000000	0.000000	0.000000	0.000000	0.000000	0.000000	0.000000
-0.916220	0.836004	-0.818924	0.000010	0.000000	0.000000	0.000000	0.000000	0.000000	0.000000
-0.916219	0.836053	-0.818924	-0.000008	0.000000	0.000000	0.000000	0.000000	0.000000	0.000000
-0.916219	0.836048	-0.818924	-0.000000	0.000000	0.000000	0.000000	0.000000	0.000000	0.000000
-0.916220	0.836032	-0.818924	-0.000000	0.000000	0.000000	0.000000	0.000000	0.000000	0.000000
-0.916220	0.835993	-0.818924	0.000002	0.000000	0.000000	0.000000	0.000000	0.000000	0.000000
-0.916220	0.836030	-0.818924	-0.000000	0.000000	0.000000	0.000000	0.000000	0.000000	0.000000
-0.916219	0.836098	-0.818923	-0.000000	0.000000	0.000000	0.000000	0.000000	0.000000	0.000000
-0.916220	0.836070	-0.818924	0.000000	0.000000	0.000000	0.000000	0.000000	0.000000	0.000000
-0.916220	0.835988	-0.818924	0.000000	0.000000	0.000000	0.000000	0.000000	0.000000	0.000000
-0.916220	0.836046	-0.818924	-0.000000	0.000000	0.000000	0.000000	0.000000	0.000000	0.000000
-0.916219	0.836051	-0.818924	0.000000	0.000000	0.000000	0.000000	0.000000	0.000000	0.000000
-0.916219	0.836030	-0.818924	0.000000	0.000000	0.000000	0.000000	0.000000	0.000000	0.000000
-0.916220	0.836068	-0.818924	-0.000010	0.000000	0.000000	0.000000	0.000000	0.000000	0.000000
-0.916219	0.836039	-0.818924	-0.000004	0.000000	0.000000	0.000000	0.000000	0.000000	0.000000
-0.916220	0.836037	-0.818923	0.000000	0.000000	0.000000	0.000000	0.000000	0.000000	0.000000
-0.916220	0.836025	-0.818924	-0.000018	0.000000	0.000000	0.000000	0.000000	0.000000	0.000000
-0.916220	0.836038	-0.818924	-0.000000	0.000000	0.000000	0.000000	0.000000	0.000000	0.000000
-0.916220	0.836016	-0.818924	-0.000011	0.000000	0.000000	0.000000	0.000000	0.000000	0.000000
-0.916220	0.836043	-0.818924	-0.000000	0.000000	0.000000	0.000000	0.000000	0.000000	0.000000
-0.916220	0.836035	-0.818924	-0.001557	0.000000	0.000000	0.000000	0.000000	0.000000	0.000000
-0.916220	0.836009	-0.818924	0.000000	0.000000	0.000000	0.000000	0.000000	0.000000	0.000000
-0.916220	0.836012	-0.818924	-0.000000	0.000000	0.000000	0.000000	0.000000	0.000000	0.000000
-0.916220	0.836073	-0.818924	0.000000	0.000000	0.000000	0.000000	0.000000	0.000000	0.000000
-0.916220	0.836091	-0.818924	-0.000000	0.000000	0.000000	0.000000	0.000000	0.000000	0.000000
-0.916220	0.836011	-0.818924	-0.000000	0.000000	0.000000	0.000000	0.000000	0.000000	0.000000
-0.916220	0.836028	-0.818923	0.000003	0.000000	0.000000	0.000000	0.000000	0.000000	0.000000
-0.916220	0.836052	-0.818466	0.000000	0.000000	0.000000	0.000000	0.000000	0.000000	0.000000
-0.916220	0.836076	-0.818922	0.000000	0.000000	0.000000	0.000000	0.000000	0.000000	0.000000
-0.916220	0.836068	-0.818924	-0.000004	0.000000	0.000000	0.000000	0.000000	0.000000	0.000000
-0.916220	0.835988	-0.818924	-0.000000	0.000000	0.000000	0.000000	0.000000	0.000000	0.000000
-0.916220	0.836030	-0.818924	0.000000	0.000000	0.000000	0.000000	0.000000	0.000000	0.000000
-0.916220	0.836047	-0.818924	-0.000000	0.000000	0.000000	0.000000	0.000000	0.000000	0.000000
-0.916220	0.836004	-0.818924	-0.000000	0.000000	0.000000	0.000000	0.000000	0.000000	0.000000
-0.916220	0.836012	-0.818921	-0.000006	0.000000	0.000000	0.000000	0.000000	0.000000	0.000000
-0.916220	0.836050	-0.818924	0.000000	0.000000	0.000000	0.000000	0.000000	0.000000	0.000000
-0.916220	0.836079	-0.818924	0.000026	0.000000	0.000000	0.000000	0.000000	0.000000	0.000000
-0.916220	0.836039	-0.818924	0.000000	0.000000	0.000000	0.000000	0.000000	0.000000	0.000000
-0.916220	0.836022	-0.818924	-0.000016	0.000000	0.000000	0.000000	0.000000	0.000000	0.000000
-0.916220	0.836041	-0.818924	0.000000	0.000000	0.000000	0.000000	0.000000	0.000000	0.000000
-0.916220	0.836008	-0.818924	-0.000001	0.000000	0.000000	0.000000	0.000000	0.000000	0.000000
-0.916220	0.836057	-0.818924	-0.000000	0.000000	0.000000	0.000000	0.000000	0.000000	0.000000
-0.916219	0.836033	-0.818924	-0.000000	0.000000	0.000000	0.000000	0.000000	0.000000	0.000000
-0.916220	0.836042	-0.818924	0.000000	0.000000	0.000000	0.000000	0.000000	0.000000	0.000000
-0.916220	0.836025	-0.818922	-0.000000	0.000000	0.000000	0.000000	0.000000	0.000000	0.000000
-0.916220	0.836032	-0.818924	0.000000	0.000000	0.000000	0.000000	0.000000	0.000000	0.000000
-0.916220	0.836034	-0.818924	0.000000	0.000000	0.000000	0.000000	0.000000	0.000000	0.000000
-0.916220	0.836051	-0.818924	-0.000000	0.000000	0.000000	0.000000	0.000000	0.000000	0.000000
-0.916219	0.836046	-0.818924	0.000000	0.000000	0.000000	0.000000	0.000000	0.000000	0.000000
-0.916220	0.836019	-0.818924	-0.000000	0.000000	0.000000	0.000000	0.000000	0.000000	0.000000
-0.916220	0.836089	-0.818924	-0.000000	0.000000	0.000000	0.000000	0.000000	0.000000	0.000000
-0.916220	0.836052	-0.818924	0.000000	0.000000	0.000000	0.000000	0.000000	0.000000	0.000000
-0.916220	0.836047	-0.818924	-0.000002	0.000000	0.000000	0.000000	0.000000	0.000000	0.000000
-0.916220	0.836075	-0.818924	-0.000054	0.000000	0.000000	0.000000	0.000000	0.000000	0.000000
-0.916220	0.836030	-0.818919	0.000000	0.000000	0.000000	0.000000	0.000000	0.000000	0.000000
-0.916220	0.836043	-0.818924	-0.000000	0.000000	0.000000	0.000000	0.000000	0.000000	0.000000
-0.916220	0.836040	-0.818924	0.000000	0.000000	0.000000	0.000000	0.000000	0.000000	0.000000
-0.916220	0.836059	-0.818924	-0.000000	0.000000	0.000000	0.000000	0.000000	0.000000	0.000000
-0.916220	0.836052	-0.818924	0.000000	0.000000	0.000000	0.000000	0.000000	0.000000	0.000000
-0.916219	0.836072	-0.818924	0.000000	0.000000	0.000000	0.000000	0.000000	0.000000	0.000000
-0.916220	0.836033	-0.818924	-0.000000	0.000000	0.000000	0.000000	0.000000	0.000000	0.000000
-0.916219	0.836074	-0.818924	-0.000000	0.000000	0.000000	0.000000	0.000000	0.000000	0.000000
-0.916220	0.836057	-0.818857	-0.000000	0.000000	0.000000	0.000000	0.000000	0.000000	0.000000
-0.916220	0.836080	-0.818924	0.000000	0.000000	0.000000	0.000000	0.000000	0.000000	0.000000
-0.916220	0.836026	-0.818923	-0.000000	0.000000	0.000000	0.000000	0.000000	0.000000	0.000000
-0.916219	0.836008	-0.000000	-0.000000	0.000000	0.000000	0.000000	0.000000	0.000000	0.000000
-0.916220	0.836062	0.815406	0.000000	0.000000	0.000000	0.000000	0.000000	0.000000	0.000000
-0.916220	0.836061	0.815141	0.000000	0.000000	0.000000	0.000000	0.000000	0.000000	0.000000
-0.916220	0.836046	0.815482	-0.000000	0.000000	0.000000	0.000000	0.000000	0.000000	0.000000
-0.916220	0.836065	0.815412	0.000000	0.000000	0.000000	0.000000	0.000000	0.000000	0.000000
-0.916220	0.836064	0.815469	-0.000000	0.000000	0.000000	0.000000	0.000000	0.000000	0.000000
-0.916220	0.836034	0.815579	-0.000000	0.000000	0.000000	0.000000	0.000000	0.000000	0.000000
-0.916220	0.836025	0.815464	-0.000000	0.000000	0.000000	0.000000	0.000000	0.000000	0.000000
-0.916220	0.836024	0.786871	0.000000	0.000000	0.000000	0.000000	0.000000	0.000000	0.000000
-0.916220	0.836060	0.815700	-0.000000	0.000000	0.000000	0.000000	0.000000	0.000000	0.000000
-0.916220	0.836074	0.815396	0.000000	0.000000	0.000000	0.000000	0.000000	0.000000	0.000000
-0.916220	0.836046	0.815392	-0.000000	0.000000	0.000000	0.000000	0.000000	0.000000	0.000000
-0.916220	0.836037	0.815492	-0.000000	0.000000	0.000000	0.000000	0.000000	0.000000	0.000000
-0.916219	0.836017	0.815161	0.000000	0.000000	0.000000	0.000000	0.000000	0.000000	0.000000
-0.916220	0.836071	0.815267	-0.000000	0.000000	0.000000	0.000000	0.000000	0.000000	0.000000
-0.916220	0.836045	0.815340	-0.000000	0.000000	0.000000	0.000000	0.000000	0.000000	0.000000
-0.916220	0.836068	0.815298	0.000000	0.000000	0.000000	0.000000	0.000000	0.000000	0.000000
-0.916220	0.836041	0.815329	-0.000000	0.000000	0.000000	0.000000	0.000000	0.000000	0.000000
-0.916220	0.836025	0.815313	0.000000	0.000000	0.000000	0.000000	0.000000	0.000000	0.000000
-0.916220	0.835979	0.815419	0.000000	0.000000	0.000000	0.000000	0.000000	0.000000	0.000000
-0.916220	0.836063	0.815102	-0.000000	0.000000	0.000000	0.000000	0.000000	0.000000	0.000000
-0.916220	0.836020	0.815580	-0.000000	0.000000	0.000000	0.000000	0.000000	0.000000	0.000000
-0.916220	0.836033	0.815387	-0.000000	0.000000	0.000000	0.000000	0.000000	0.000000	0.000000
-0.916220	0.836044	0.815328	0.000000	0.000000	0.000000	0.000000	0.000000	0.000000	0.000000
-0.916220	0.836058	0.815224	-0.000000	0.000000	0.000000	0.000000	0.000000	0.000000	0.000000
-0.916220	0.836030	0.815100	0.000000	0.000000	0.000000	0.000000	0.000000	0.000000	0.000000
-0.916220	0.836018	0.815512	-0.000000	0.000000	0.000000	0.000000	0.000000	0.000000	0.000000
-0.916220	0.836043	0.815203	-0.000000	0.000000	0.000000	0.000000	0.000000	0.000000	0.000000
-0.916220	0.836039	0.815445	-0.000000	0.000000	0.000000	0.000000	0.000000	0.000000	0.000000
-0.916220	0.836042	0.815483	-0.000000	0.000000	0.000000	0.000000	0.000000	0.000000	0.000000
-0.916220	0.836076	0.815302	0.000000	0.000000	0.000000	0.000000	0.000000	0.000000	0.000000
-0.916220	0.836059	0.815224	-0.000000	0.000000	0.000000	0.000000	0.000000	0.000000	0.000000
-0.916219	0.836043	0.815464	-0.000000	0.000000	0.000000	0.000000	0.000000	0.000000	0.000000
-0.916220	0.836039	0.815445	-0.000000	0.000000	0.000000	0.000000	0.000000	0.000000	0.000000
-0.916219	0.836019	0.815235	0.000000	0.000000	0.000000	0.000000	0.000000	0.000000	0.000000
-0.916220	0.836027	0.815091	0.000000	0.000000	0.000000	0.000000	0.000000	0.000000	0.000000
-0.916220	0.836054	0.815523	-0.000000	0.000000	0.000000	0.000000	0.000000	0.000000	0.000000
-0.916220	0.836055	0.815459	0.000000	0.000000	0.000000	0.000000	0.000000	0.000000	0.000000
-0.916219	0.836070	0.815664	0.000000	0.000000	0.000000	0.000000	0.000000	0.000000	0.000000
-0.916219	0.836011	0.815390	0.000000	0.000000	0.000000	0.000000	0.000000	0.000000	0.000000
-0.916220	0.836033	0.815296	-0.000000	0.000000	0.000000	0.000000	0.000000	0.000000	0.000000
-0.916220	0.836090	0.815610	-0.000000	0.000000	0.000000	0.000000	0.000000	0.000000	0.000000
-0.916220	0.836022	0.815504	-0.000000	0.000000	0.000000	0.000000	0.000000	0.000000	0.000000
-0.916220	0.836020	0.815437	0.000000	0.000000	0.000000	0.000000	0.000000	0.000000	0.000000
-0.916219	0.836054	0.815471	0.000000	0.000000	0.000000	0.000000	0.000000	0.000000	0.000000
-0.916219	0.835997	0.815271	-0.000000	0.000000	0.000000	0.000000	0.000000	0.000000	0.000000
-0.916220	0.836056	0.815415	-0.000000	0.000000	0.000000	0.000000	0.000000	0.000000	0.000000
-0.916220	0.836039	0.815610	-0.000007	0.000000	0.000000	0.000000	0.000000	0.000000	0.000000
-0.916220	0.836042	0.815393	0.000000	0.000000	0.000000	0.000000	0.000000	0.000000	0.000000
-0.916219	0.836073	0.815349	0.000000	0.000000	0.000000	0.000000	0.000000	0.000000	0.000000
-0.916220	0.836032	0.815541	-0.000000	0.000000	0.000000	0.000000	0.000000	0.000000	0.000000
-0.916220	0.836068	0.815362	-0.000000	0.000000	0.000000	0.000000	0.000000	0.000000	0.000000
-0.916219	0.836015	0.815425	-0.000000	0.000000	0.000000	0.000000	0.000000	0.000000	0.000000
-0.916220	0.835998	0.814810	-0.000000	0.000000	0.000000	0.000000	0.000000	0.000000	0.000000
-0.916220	0.836036	0.815430	0.000000	0.000000	0.000000	0.000000	0.000000	0.000000	0.000000
-0.916220	0.836039	0.815477	0.000000	0.000000	0.000000	0.000000	0.000000	0.000000	0.000000
-0.916220	0.836032	0.814925	0.000000	0.000000	0.000000	0.000000	0.000000	0.000000	0.000000
-0.916220	0.836030	0.815517	-0.000000	0.000000	0.000000	0.000000	0.000000	0.000000	0.000000
-0.916220	0.836000	0.815185	-0.000000	0.000000	0.000000	0.000000	0.000000	0.000000	0.000000
-0.916220	0.836075	0.815388	0.000000	0.000000	0.000000	0.000000	0.000000	0.000000	0.000000
-0.916220	0.836055	0.815599	-0.000000	0.000000	0.000000	0.000000	0.000000	0.000000	0.000000
-0.916220	0.836077	0.815472	-0.000000	0.000000	0.000000	0.000000	0.000000	0.000000	0.000000
-0.916220	0.836052	0.815717	-0.000000	0.000000	0.000000	0.000000	0.000000	0.000000	0.000000
-0.916220	0.836074	0.815440	0.000000	0.000000	0.000000	0.000000	0.000000	0.000000	0.000000
-0.916220	0.836012	0.815090	-0.000000	0.000000	0.000000	0.000000	0.000000	0.000000	0.000000
-0.916219	0.836082	0.815405	0.000000	0.000000	0.000000	0.000000	0.000000	0.000000	0.000000
-0.916219	0.836053	0.814670	0.000000	0.000000	0.000000	0.000000	0.000000	0.000000	0.000000
-0.916220	0.836042	0.815631	0.000000	0.000000	0.000000	0.000000	0.000000	0.000000	0.000000
-0.916219	0.836009	0.815712	0.000000	0.000000	0.000000	0.000000	0.000000	0.000000	0.000000
-0.916220	0.836058	0.815303	0.000000	0.000000	0.000000	0.000000	0.000000	0.000000	0.000000
-0.916220	0.836058	0.815444	-0.000000	0.000000	0.000000	0.000000	0.000000	0.000000	0.000000
-0.916220	0.836039	0.815416	-0.000000	0.000000	0.000000	0.000000	0.000000	0.000000	0.000000
-0.916220	0.836020	0.815183	-0.000000	0.000000	0.000000	0.000000	0.000000	0.000000	0.000000
-0.916220	0.836061	0.815228	0.000000	0.000000	0.000000	0.000000	0.000000	0.000000	0.000000
-0.916220	0.836043	0.815400	0.000000	0.000000	0.000000	0.000000	0.000000	0.000000	0.000000
-0.916220	0.836081	0.815401	0.000000	0.000000	0.000000	0.000000	0.000000	0.000000	0.000000
-0.916220	0.836039	0.815388	0.000000	0.000000	0.000000	0.000000	0.000000	0.000000	0.000000
-0.916219	0.836032	0.815507	-0.000000	0.000000	0.000000	0.000000	0.000000	0.000000	0.000000
-0.916220	0.836062	0.815545	0.000000	0.000000	0.000000	0.000000	0.000000	0.000000	0.000000
-0.916220	0.836032	0.815112	-0.000000	0.000000	0.000000	0.000000	0.000000	0.000000	0.000000
-0.916220	0.836125	0.815321	0.000000	0.000000	0.000000	0.000000	0.000000	0.000000	0.000000
-0.916220	0.836065	0.815268	0.000000	0.000000	0.000000	0.000000	0.000000	0.000000	0.000000
-0.916220	0.836047	0.815230	0.000000	0.000000	0.000000	0.000000	0.000000	0.000000	0.000000
-0.916220	0.836009	0.815609	-0.000000	0.000000	0.000000	0.000000	0.000000	0.000000	0.000000
-0.916219	0.836042	0.815444	0.000000	0.000000	0.000000	0.000000	0.000000	0.000000	0.000000
-0.916220	0.836065	0.815269	0.000000	0.000000	0.000000	0.000000	0.000000	0.000000	0.000000
-0.916220	0.836069	0.815018	0.000000	0.000000	0.000000	0.000000	0.000000	0.000000	0.000000
-0.916220	0.836012	0.815660	-0.000000	0.000000	0.000000	0.000000	0.000000	0.000000	0.000000
-0.916220	0.836035	0.815471	0.000000	0.000000	0.000000	0.000000	0.000000	0.000000	0.000000
-0.916220	0.836024	0.815482	0.000000	0.000000	0.000000	0.000000	0.000000	0.000000	0.000000
-0.916220	0.836071	0.815310	-0.000000	0.000000	0.000000	0.000000	0.000000	0.000000	0.000000
-0.916220	0.836005	0.815310	-0.000000	0.000000	0.000000	0.000000	0.000000	0.000000	0.000000
-0.916219	0.836052	0.815148	0.000000	0.000000	0.000000	0.000000	0.000000	0.000000	0.000000
-0.916220	0.835987	0.815391	0.000000	0.000000	0.000000	0.000000	0.000000	0.000000	0.000000
-0.916220	0.836023	0.815492	0.000000	0.000000	0.000000	0.000000	0.000000	0.000000	0.000000
-0.916220	0.836032	0.815417	-0.000000	0.000000	0.000000	0.000000	0.000000	0.000000	0.000000
-0.916220	0.836077	0.815465	0.000000	0.000000	0.000000	0.000000	0.000000	0.000000	0.000000
-0.916220	0.836031	0.815501	0.000000	0.000000	0.000000	0.000000	0.000000	0.000000	0.000000
-0.916220	0.836041	0.815183	0.000000	0.000000	0.000000	0.000000	0.000000	0.000000	0.000000
-0.916220	0.835993	0.815431	-0.000000	0.000000	0.000000	0.000000	0.000000	0.000000	0.000000
-0.916220	0.836031	0.815378	0.000000	0.000000	0.000000	0.000000	0.000000	0.000000	0.000000
-0.916220	0.836027	0.815320	-0.000000	0.000000	0.000000	0.000000	0.000000	0.000000	0.000000
-0.916220	0.836035	0.815443	-0.000000	0.000000	0.000000	0.000000	0.000000	0.000000	0.000000
-0.916220	0.836060	0.815490	-0.000000	0.000000	0.000000	0.000000	0.000000	0.000000	0.000000
-0.916220	0.836013	0.815255	0.000000	0.000000	0.000000	0.000000	0.000000	0.000000	0.000000
-0.916220	0.836082	0.815377	-0.000000	0.000000	0.000000	0.000000	0.000000	0.000000	0.000000
-0.916220	0.836035	0.815372	0.000000	0.000000	0.000000	0.000000	0.000000	0.000000	0.000000
-0.916220	0.836018	0.815439	0.000000	0.000000	0.000000	0.000000	0.000000	0.000000	0.000000
-0.916220	0.836043	0.815275	-0.000000	0.000000	0.000000	0.000000	0.000000	0.000000	0.000000
-0.916219	0.836037	0.815228	-0.000000	0.000000	0.000000	0.000000	0.000000	0.000000	0.000000
-0.916220	0.836008	0.815331	-0.000000	0.000000	0.000000	0.000000	0.000000	0.000000	0.000000
-0.916219	0.836071	0.815469	0.000000	0.000000	0.000000	0.000000	0.000000	0.000000	0.000000
-0.916220	0.836022	0.815573	-0.000000	0.000000	0.000000	0.000000	0.000000	0.000000	0.000000
-0.916219	0.836018	0.815576	-0.000000	0.000000	0.000000	0.000000	0.000000	0.000000	0.000000
-0.916220	0.836001	0.815413	-0.000001	0.000000	0.000000	0.000000	0.000000	0.000000	0.000000
-0.916220	0.836027	0.815245	-0.000000	0.000000	0.000000	0.000000	0.000000	0.000000	0.000000
-0.916220	0.836093	0.815359	-0.000000	0.000000	0.000000	0.000000	0.000000	0.000000	0.000000
-0.916220	0.836006	0.815008	0.000000	0.000000	0.000000	0.000000	0.000000	0.000000	0.000000
-0.916220	0.836041	0.815222	-0.000000	0.000000	0.000000	0.000000	0.000000	0.000000	0.000000
-0.916220	0.836020	0.815831	-0.000000	0.000000	0.000000	0.000000	0.000000	0.000000	0.000000
-0.916219	0.836013	0.815352	-0.000000	0.000000	0.000000	0.000000	0.000000	0.000000	0.000000
-0.916220	0.836056	0.815448	-0.000000	0.000000	0.000000	0.000000	0.000000	0.000000	0.000000
-0.916220	0.836063	0.815819	-0.000000	0.000000	0.000000	0.000000	0.000000	0.000000	0.000000
-0.916220	0.836068	0.815484	-0.000000	0.000000	0.000000	0.000000	0.000000	0.000000	0.000000
-0.916220	0.836043	0.815327	-0.000000	0.000000	0.000000	0.000000	0.000000	0.000000	0.000000
-0.916220	0.836042	0.815443	0.000000	0.000000	0.000000	0.000000	0.000000	0.000000	0.000000
-0.916219	0.836040	0.815553	0.000000	0.000000	0.000000	0.000000	0.000000	0.000000	0.000000
-0.916220	0.836031	0.815347	-0.000000	0.000000	0.000000	0.000000	0.000000	0.000000	0.000000
-0.916220	0.836065	0.815425	-0.000000	0.000000	0.000000	0.000000	0.000000	0.000000	0.000000
-0.916220	0.836077	0.815264	-0.000000	0.000000	0.000000	0.000000	0.000000	0.000000	0.000000
-0.916220	0.835999	0.815612	0.000000	0.000000	0.000000	0.000000	0.000000	0.000000	0.000000
-0.916220	0.836003	0.815398	-0.000000	0.000000	0.000000	0.000000	0.000000	0.000000	0.000000
-0.916220	0.836019	0.815446	-0.000000	0.000000	0.000000	0.000000	0.000000	0.000000	0.000000
-0.916220	0.836028	0.815235	0.000000	0.000000	0.000000	0.000000	0.000000	0.000000	0.000000
-0.916220	0.836045	0.815413	0.000000	0.000000	0.000000	0.000000	0.000000	0.000000	0.000000
-0.916220	0.836005	0.815202	-0.000000	0.000000	0.000000	0.000000	0.000000	0.000000	0.000000
-0.916220	0.836050	0.815032	-0.000000	0.000000	0.000000	0.000000	0.000000	0.000000	0.000000
-0.916220	0.836034	0.815259	-0.000000	0.000000	0.000000	0.000000	0.000000	0.000000	0.000000
-0.916220	0.836066	0.815339	-0.000000	0.000000	0.000000	0.000000	0.000000	0.000000	0.000000
-0.916220	0.836061	0.815345	0.000000	0.000000	0.000000	0.000000	0.000000	0.000000	0.000000
-0.916220	0.836044	0.815428	0.000000	0.000000	0.000000	0.000000	0.000000	0.000000	0.000000
-0.916220	0.836066	0.814443	0.000000	0.000000	0.000000	0.000000	0.000000	0.000000	0.000000
-0.916220	0.836064	0.815235	0.000000	0.000000	0.000000	0.000000	0.000000	0.000000	0.000000
-0.916220	0.836008	0.815427	0.000000	0.000000	0.000000	0.000000	0.000000	0.000000	0.000000
-0.916220	0.836032	0.815422	-0.000000	0.000000	0.000000	0.000000	0.000000	0.000000	0.000000
-0.916220	0.836039	0.815397	0.000000	0.000000	0.000000	0.000000	0.000000	0.000000	0.000000
-0.916220	0.836017	0.815308	-0.000000	0.000000	0.000000	0.000000	0.000000	0.000000	0.000000
-0.916220	0.836070	0.815657	-0.000000	0.000000	0.000000	0.000000	0.000000	0.000000	0.000000
-0.916220	0.836050	0.815508	-0.000000	0.000000	0.000000	0.000000	0.000000	0.000000	0.000000
-0.916219	0.836028	0.815615	-0.000000	0.000000	0.000000	0.000000	0.000000	0.000000	0.000000
-0.916220	0.836008	0.815384	-0.000000	0.000000	0.000000	0.000000	0.000000	0.000000	0.000000
-0.916220	0.836019	0.815245	-0.000000	0.000000	0.000000	0.000000	0.000000	0.000000	0.000000
-0.916220	0.836055	0.815205	-0.000000	0.000000	0.000000	0.000000	0.000000	0.000000	0.000000
-0.916220	0.836059	0.815623	0.000000	0.000000	0.000000	0.000000	0.000000	0.000000	0.000000
-0.916220	0.836050	0.815016	0.000000	0.000000	0.000000	0.000000	0.000000	0.000000	0.000000
-0.916219	0.836049	0.815312	-0.000000	0.000000	0.000000	0.000000	0.000000	0.000000	0.000000
-0.916220	0.835982	0.815441	-0.000000	0.000000	0.000000	0.000000	0.000000	0.000000	0.000000
-0.916220	0.836039	0.815648	0.000000	0.000000	0.000000	0.000000	0.000000	0.000000	0.000000
-0.916220	0.836035	0.815612	0.000000	0.000000	0.000000	0.000000	0.000000	0.000000	0.000000
-0.916220	0.836034	0.815521	-0.000000	0.000000	0.000000	0.000000	0.000000	0.000000	0.000000
-0.916219	0.835988	0.815520	0.000000	0.000000	0.000000	0.000000	0.000000	0.000000	0.000000
-0.916220	0.836061	0.815385	0.000000	0.000000	0.000000	0.000000	0.000000	0.000000	0.000000
-0.916220	0.836008	0.815362	0.000000	0.000000	0.000000	0.000000	0.000000	0.000000	0.000000
-0.916220	0.836004	0.815480	0.000000	0.000000	0.000000	0.000000	0.000000	0.000000	0.000000
-0.916220	0.836040	0.815289	0.000000	0.000000	0.000000	0.000000	0.000000	0.000000	0.000000
-0.916220	0.836030	0.815386	0.000000	0.000000	0.000000	0.000000	0.000000	0.000000	0.000000
-0.916220	0.836070	0.815286	-0.000000	0.000000	0.000000	0.000000	0.000000	0.000000	0.000000
-0.916220	0.836032	0.815582	0.000000	0.000000	0.000000	0.000000	0.000000	0.000000	0.000000
-0.916220	0.836060	0.815478	-0.000000	0.000000	0.000000	0.000000	0.000000	0.000000	0.000000
-0.916219	0.836051	0.815271	-0.000000	0.000000	0.000000	0.000000	0.000000	0.000000	0.000000
-0.916220	0.836039	0.815599	-0.000000	0.000000	0.000000	0.000000	0.000000	0.000000	0.000000
-0.916220	0.836027	0.815537	-0.000000	0.000000	0.000000	0.000000	0.000000	0.000000	0.000000
-0.916220	0.836026	0.815287	0.000000	0.000000	0.000000	0.000000	0.000000	0.000000	0.000000
-0.916219	0.836017	0.815344	-0.000000	0.000000	0.000000	0.000000	0.000000	0.000000	0.000000
-0.916220	0.836069	0.815382	0.000000	0.000000	0.000000	0.000000	0.000000	0.000000	0.000000
-0.916220	0.835995	0.815309	0.000000	0.000000	0.000000	0.000000	0.000000	0.000000	0.000000
-0.916220	0.835994	0.815410	-0.000000	0.000000	0.000000	0.000000	0.000000	0.000000	0.000000
-0.916220	0.836014	0.815639	0.000000	0.000000	0.000000	0.000000	0.000000	0.000000	0.000000
-0.916220	0.836105	0.815275	-0.000000	0.000000	0.000000	0.000000	0.000000	0.000000	0.000000
-0.916219	0.836009	0.815411	-0.000000	0.000000	0.000000	0.000000	0.000000	0.000000	0.000000
-0.916220	0.836031	0.815487	-0.000000	0.000000	0.000000	0.000000	0.000000	0.000000	0.000000
-0.916220	0.836076	0.815584	0.000000	0.000000	0.000000	0.000000	0.000000	0.000000	0.000000
-0.916220	0.836021	0.815748	-0.000000	0.000000	0.000000	0.000000	0.000000	0.000000	0.000000
-0.916220	0.835986	0.815260	0.000000	0.000000	0.000000	0.000000	0.000000	0.000000	0.000000
-0.916220	0.836017	0.815331	0.000000	0.000000	0.000000	0.000000	0.000000	0.000000	0.000000
-0.916220	0.836111	0.815450	-0.000000	0.000000	0.000000	0.000000	0.000000	0.000000	0.000000
-0.916220	0.836051	0.815405	0.000000	0.000000	0.000000	0.000000	0.000000	0.000000	0.000000
-0.916220	0.835993	0.815588	0.000000	0.000000	0.000000	0.000000	0.000000	0.000000	0.000000
-0.916220	0.836001	0.815405	0.000000	0.000000	0.000000	0.000000	0.000000	0.000000	0.000000
-0.916220	0.836064	0.814900	-0.000000	0.000000	0.000000	0.000000	0.000000	0.000000	0.000000
-0.916220	0.836076	0.815695	0.000000	0.000000	0.000000	0.000000	0.000000	0.000000	0.000000
-0.916220	0.836014	0.815459	0.000000	0.000000	0.000000	0.000000	0.000000	0.000000	0.000000
-0.916220	0.836061	0.814899	-0.000000	0.000000	0.000000	0.000000	0.000000	0.000000	0.000000
-0.916220	0.836029	0.793544	-0.000000	0.000000	0.000000	0.000000	0.000000	0.000000	0.000000
-0.916220	0.836049	0.815628	-0.000000	0.000000	0.000000	0.000000	0.000000	0.000000	0.000000
-0.916220	0.836028	0.815101	-0.000000	0.000000	0.000000	0.000000	0.000000	0.000000	0.000000
-0.916219	0.836007	0.815716	0.000010	0.000000	0.000000	0.000000	0.000000	0.000000	0.000000
-0.916220	0.836036	0.815396	0.000000	0.000000	0.000000	0.000000	0.000000	0.000000	0.000000
-0.916220	0.836060	0.815442	-0.000000	0.000000	0.000000	0.000000	0.000000	0.000000	0.000000
-0.916220	0.836061	0.815332	-0.000000	0.000000	0.000000	0.000000	0.000000	0.000000	0.000000
-0.916220	0.836056	0.815120	-0.000000	0.000000	0.000000	0.000000	0.000000	0.000000	0.000000
-0.916220	0.836083	0.815395	0.000000	0.000000	0.000000	0.000000	0.000000	0.000000	0.000000
-0.916220	0.836010	0.815287	-0.000000	0.000000	0.000000	0.000000	0.000000	0.000000	0.000000
-0.916220	0.836052	0.815513	-0.000000	0.000000	0.000000	0.000000	0.000000	0.000000	0.000000
-0.916220	0.836034	0.815435	0.000000	0.000000	0.000000	0.000000	0.000000	0.000000	0.000000
-0.916219	0.836018	0.815543	0.000000	0.000000	0.000000	0.000000	0.000000	0.000000	0.000000
-0.916220	0.836053	0.815488	0.000000	0.000000	0.000000	0.000000	0.000000	0.000000	0.000000
-0.916220	0.836067	0.815326	-0.000000	0.000000	0.000000	0.000000	0.000000	0.000000	0.000000
-0.916220	0.836045	0.815363	-0.000000	0.000000	0.000000	0.000000	0.000000	0.000000	0.000000
-0.916220	0.836009	0.815522	0.000000	0.000000	0.000000	0.000000	0.000000	0.000000	0.000000
-0.916220	0.836010	0.815538	-0.000000	0.000000	0.000000	0.000000	0.000000	0.000000	0.000000
-0.916219	0.836006	0.815154	-0.000000	0.000000	0.000000	0.000000	0.000000	0.000000	0.000000
-0.916220	0.836029	0.815003	-0.000000	0.000000	0.000000	0.000000	0.000000	0.000000	0.000000
-0.916220	0.836074	0.815365	0.000000	0.000000	0.000000	0.000000	0.000000	0.000000	0.000000
-0.916220	0.836002	0.815757	0.000000	0.000000	0.000000	0.000000	0.000000	0.000000	0.000000
-0.916220	0.836062	0.815657	-0.000000	0.000000	0.000000	0.000000	0.000000	0.000000	0.000000
-0.916220	0.836034	0.815457	-0.000000	0.000000	0.000000	0.000000	0.000000	0.000000	0.000000
-0.916220	0.836016	0.815235	-0.000000	0.000000	0.000000	0.000000	0.000000	0.000000	0.000000
-0.916220	0.836045	0.815402	-0.000000	0.000000	0.000000	0.000000	0.000000	0.000000	0.000000
-0.916220	0.836037	0.815642	-0.000000	0.000000	0.000000	0.000000	0.000000	0.000000	0.000000
-0.916219	0.836010	0.815474	0.000000	0.000000	0.000000	0.000000	0.000000	0.000000	0.000000
-0.916220	0.836051	0.815276	-0.000000	0.000000	0.000000	0.000000	0.000000	0.000000	0.000000
-0.916220	0.836067	0.815323	0.000000	0.000000	0.000000	0.000000	0.000000	0.000000	0.000000
-0.916219	0.836038	0.815337	0.000000	0.000000	0.000000	0.000000	0.000000	0.000000	0.000000
-0.916220	0.836038	0.815256	0.000000	0.000000	0.000000	0.000000	0.000000	0.000000	0.000000
-0.916220	0.836018	0.815233	-0.000000	0.000000	0.000000	0.000000	0.000000	0.000000	0.000000
-0.916220	0.836043	0.815528	-0.000000	0.000000	0.000000	0.000000	0.000000	0.000000	0.000000
-0.916220	0.836010	0.815424	-0.000000	0.000000	0.000000	0.000000	0.000000	0.000000	0.000000
-0.916220	0.836044	0.815607	-0.000000	0.000000	0.000000	0.000000	0.000000	0.000000	0.000000
-0.916220	0.836025	0.815351	-0.000000	0.000000	0.000000	0.000000	0.000000	0.000000	0.000000
-0.916220	0.836036	0.815601	-0.000000	0.000000	0.000000	0.000000	0.000000	0.000000	0.000000
-0.916220	0.836026	0.815421	-0.000000	0.000000	0.000000	0.000000	0.000000	0.000000	0.000000
-0.916220	0.836030	0.815500	-0.000000	0.000000	0.000000	0.000000	0.000000	0.000000	0.000000
-0.916220	0.836048	0.815622	0.000000	0.000000	0.000000	0.000000	0.000000	0.000000	0.000000
-0.916220	0.836025	0.815316	0.000000	0.000000	0.000000	0.000000	0.000000	0.000000	0.000000
-0.916220	0.836020	0.815057	-0.000000	0.000000	0.000000	0.000000	0.000000	0.000000	0.000000
-0.916220	0.836079	0.815236	0.000000	0.000000	0.000000	0.000000	0.000000	0.000000	0.000000
-0.916219	0.836058	0.815590	0.000000	0.000000	0.000000	0.000000	0.000000	0.000000	0.000000
-0.916220	0.836033	0.815310	0.000000	0.000000	0.000000	0.000000	0.000000	0.000000	0.000000
-0.916220	0.836011	0.815338	-0.000000	0.000000	0.000000	0.000000	0.000000	0.000000	0.000000
-0.916220	0.836057	0.815234	0.000000	0.000000	0.000000	0.000000	0.000000	0.000000	0.000000
-0.916220	0.836018	0.815368	-0.000001	0.000000	0.000000	0.000000	0.000000	0.000000	0.000000
-0.916219	0.836018	0.815399	0.000000	0.000000	0.000000	0.000000	0.000000	0.000000	0.000000
-0.916220	0.835988	0.815525	0.000000	0.000000	0.000000	0.000000	0.000000	0.000000	0.000000
-0.916220	0.836025	0.815195	0.000000	0.000000	0.000000	0.000000	0.000000	0.000000	0.000000
-0.916220	0.836024	0.815356	-0.000000	0.000000	0.000000	0.000000	0.000000	0.000000	0.000000
-0.916219	0.835997	0.815377	0.000000	0.000000	0.000000	0.000000	0.000000	0.000000	0.000000
-0.916220	0.836031	0.815364	-0.000000	0.000000	0.000000	0.000000	0.000000	0.000000	0.000000
-0.916220	0.836031	0.815154	-0.000000	0.000000	0.000000	0.000000	0.000000	0.000000	0.000000
-0.916220	0.836041	0.815380	-0.000000	0.000000	0.000000	0.000000	0.000000	0.000000	0.000000
