0.910647	0.812214	0.000000	0.814369	0.000000	0.000000	0.000000	0.000000	0.000000	0.000000
0.910647	0.812222	0.000000	0.814369	0.000000	0.000000	0.000000	0.000000	0.000000	0.000000
0.910647	0.812224	-0.000000	0.814369	0.000000	0.000000	0.000000	0.000000	0.000000	0.000000
0.910647	0.812214	0.000000	0.814369	0.000000	0.000000	0.000000	0.000000	0.000000	0.000000
0.910647	0.812224	0.000000	0.814359	0.000000	0.000000	0.000000	0.000000	0.000000	0.000000
0.910647	0.812232	0.000000	0.814369	0.000000	0.000000	0.000000	0.000000	0.000000	0.000000
0.910647	0.812229	-0.000000	0.814369	0.000000	0.000000	0.000000	0.000000	0.000000	0.000000
0.910647	0.812220	-0.000000	0.814369	0.000000	0.000000	0.000000	0.000000	0.000000	0.000000
0.910647	0.812221	0.000000	0.814369	0.000000	0.000000	0.000000	0.000000	0.000000	0.000000
0.910647	0.812201	0.000000	0.814369	0.000000	0.000000	0.000000	0.000000	0.000000	0.000000
0.910647	0.812233	-0.000000	0.814369	0.000000	0.000000	0.000000	0.000000	0.000000	0.000000
0.910647	0.812226	-0.000000	0.814369	0.000000	0.000000	0.000000	0.000000	0.000000	0.000000
0.910647	0.812230	-0.000000	0.814369	0.000000	0.000000	0.000000	0.000000	0.000000	0.000000
0.910647	0.812226	-0.000000	0.814369	0.000000	0.000000	0.000000	0.000000	0.000000	0.000000
0.910647	0.812225	-0.000000	0.814369	0.000000	0.000000	0.000000	0.000000	0.000000	0.000000
0.910647	0.812223	-0.000000	0.814369	0.000000	0.000000	0.000000	0.000000	0.000000	0.000000
0.910647	0.812227	-0.000000	0.814369	0.000000	0.000000	0.000000	0.000000	0.000000	0.000000
0.910647	0.812225	0.000000	0.814369	0.000000	0.000000	0.000000	0.000000	0.000000	0.000000
0.910647	0.812237	-0.000000	0.814369	0.000000	0.000000	0.000000	0.000000	0.000000	0.000000
0.910647	0.812243	0.000000	0.814369	0.000000	0.000000	0.000000	0.000000	0.000000	0.000000
0.910647	0.812238	0.000000	0.814369	0.000000	0.000000	0.000000	0.000000	0.000000	0.000000
0.910647	0.812231	0.000000	0.814369	0.000000	0.000000	0.000000	0.000000	0.000000	0.000000
0.910647	0.812225	-0.000000	0.814369	0.000000	0.000000	0.000000	0.000000	0.000000	0.000000
0.910647	0.812241	0.000000	0.814369	0.000000	0.000000	0.000000	0.000000	0.000000	0.000000
0.910647	0.812225	-0.000000	0.814368	0.000000	0.000000	0.000000	0.000000	0.000000	0.000000
0.910647	0.812232	0.000000	0.814369	0.000000	0.000000	0.000000	0.000000	0.000000	0.000000
0.910647	0.812214	-0.000000	0.814369	0.000000	0.000000	0.000000	0.000000	0.000000	0.000000
0.910648	0.812223	-0.000000	0.814369	0.000000	0.000000	0.000000	0.000000	0.000000	0.000000
0.910647	0.812218	0.000000	0.814364	0.000000	0.000000	0.000000	0.000000	0.000000	0.000000
0.910647	0.812226	-0.000000	0.814369	0.000000	0.000000	0.000000	0.000000	0.000000	0.000000
0.910647	0.812225	0.000000	0.814369	0.000000	0.000000	0.000000	0.000000	0.000000	0.000000
0.910647	0.812229	0.000000	0.814369	0.000000	0.000000	0.000000	0.000000	0.000000	0.000000
0.910647	0.812223	-0.000000	0.814369	0.000000	0.000000	0.000000	0.000000	0.000000	0.000000
0.910647	0.812220	0.000000	0.814369	0.000000	0.000000	0.000000	0.000000	0.000000	0.000000
0.910647	0.812216	-0.000000	0.814369	0.000000	0.000000	0.000000	0.000000	0.000000	0.000000
0.910647	0.812224	0.000000	0.814369	0.000000	0.000000	0.000000	0.000000	0.000000	0.000000
0.910647	0.812216	0.000000	0.814369	0.000000	0.000000	0.000000	0.000000	0.000000	0.000000
0.910647	0.812226	-0.000000	0.814366	0.000000	0.000000	0.000000	0.000000	0.000000	0.000000
0.910647	0.812223	-0.000000	0.814368	0.000000	0.000000	0.000000	0.000000	0.000000	0.000000
0.910647	0.812224	-0.000000	0.814369	0.000000	0.000000	0.000000	0.000000	0.000000	0.000000
0.910647	0.812231	-0.000000	0.814369	0.000000	0.000000	0.000000	0.000000	0.000000	0.000000
0.910647	0.812220	0.000000	0.814369	0.000000	0.000000	0.000000	0.000000	0.000000	0.000000
0.910647	0.812231	-0.000000	0.814369	0.000000	0.000000	0.000000	0.000000	0.000000	0.000000
0.910647	0.812236	-0.000000	0.814369	0.000000	0.000000	0.000000	0.000000	0.000000	0.000000
0.910647	0.812240	-0.000000	0.814369	0.000000	0.000000	0.000000	0.000000	0.000000	0.000000
0.910647	0.812226	-0.000000	0.814369	0.000000	0.000000	0.000000	0.000000	0.000000	0.000000
0.910647	0.812224	0.000000	0.814369	0.000000	0.000000	0.000000	0.000000	0.000000	0.000000
0.910647	0.812222	0.000000	0.814369	0.000000	0.000000	0.000000	0.000000	0.000000	0.000000
0.910647	0.812231	-0.000000	0.814367	0.000000	0.000000	0.000000	0.000000	0.000000	0.000000
0.910647	0.812224	0.000000	0.814369	0.000000	0.000000	0.000000	0.000000	0.000000	0.000000
0.910647	0.812241	-0.000000	0.814369	0.000000	0.000000	0.000000	0.000000	0.000000	0.000000
0.910647	0.812214	0.000000	0.814368	0.000000	0.000000	0.000000	0.000000	0.000000	0.000000
0.910647	0.812218	0.000000	0.814369	0.000000	0.000000	0.000000	0.000000	0.000000	0.000000
0.910647	0.812218	-0.000000	0.814369	0.000000	0.000000	0.000000	0.000000	0.000000	0.000000
0.910647	0.812228	-0.000000	0.814357	0.000000	0.000000	0.000000	0.000000	0.000000	0.000000
0.910647	0.812225	-0.000000	0.814365	0.000000	0.000000	0.000000	0.000000	0.000000	0.000000
0.910647	0.812216	0.000000	0.814259	0.000000	0.000000	0.000000	0.000000	0.000000	0.000000
0.910647	0.812217	-0.000000	0.814369	0.000000	0.000000	0.000000	0.000000	0.000000	0.000000
0.910647	0.812219	-0.000000	0.811773	0.000000	0.000000	0.000000	0.000000	0.000000	0.000000
0.910647	0.812221	-0.000000	0.814369	0.000000	0.000000	0.000000	0.000000	0.000000	0.000000
0.910647	0.812213	-0.000000	0.814369	0.000000	0.000000	0.000000	0.000000	0.000000	0.000000
0.910647	0.812235	-0.000000	0.814366	0.000000	0.000000	0.000000	0.000000	0.000000	0.000000
0.910647	0.812215	-0.000000	0.814369	0.000000	0.000000	0.000000	0.000000	0.000000	0.000000
0.910647	0.812213	-0.000000	0.814369	0.000000	0.000000	0.000000	0.000000	0.000000	0.000000
0.910647	0.812236	0.000000	0.814369	0.000000	0.000000	0.000000	0.000000	0.000000	0.000000
0.910647	0.812229	0.000000	0.814369	0.000000	0.000000	0.000000	0.000000	0.000000	0.000000
0.910647	0.812227	0.000000	0.814369	0.000000	0.000000	0.000000	0.000000	0.000000	0.000000
0.910647	0.812227	-0.000000	0.814369	0.000000	0.000000	0.000000	0.000000	0.000000	0.000000
0.910647	0.812220	0.000000	0.814355	0.000000	0.000000	0.000000	0.000000	0.000000	0.000000
0.910647	0.812234	-0.000000	0.814369	0.000000	0.000000	0.000000	0.000000	0.000000	0.000000
0.910647	0.812212	-0.000000	0.814369	0.000000	0.000000	0.000000	0.000000	0.000000	0.000000
0.910647	0.812220	-0.000000	0.814369	0.000000	0.000000	0.000000	0.000000	0.000000	0.000000
0.910647	0.812211	-0.000000	0.814369	0.000000	0.000000	0.000000	0.000000	0.000000	0.000000
0.910647	0.812222	-0.000000	0.814369	0.000000	0.000000	0.000000	0.000000	0.000000	0.000000
0.910648	0.812220	0.000000	0.814369	0.000000	0.000000	0.000000	0.000000	0.000000	0.000000
0.910647	0.812219	-0.000000	0.814369	0.000000	0.000000	0.000000	0.000000	0.000000	0.000000
0.910647	0.812238	0.000000	0.814369	0.000000	0.000000	0.000000	0.000000	0.000000	0.000000
0.910647	0.812228	-0.000000	0.814369	0.000000	0.000000	0.000000	0.000000	0.000000	0.000000
0.910647	0.812217	0.000000	0.814369	0.000000	0.000000	0.000000	0.000000	0.000000	0.000000
0.910647	0.812216	-0.000000	0.814369	0.000000	0.000000	0.000000	0.000000	0.000000	0.000000
0.910647	0.812214	0.000000	0.814369	0.000000	0.000000	0.000000	0.000000	0.000000	0.000000
0.910647	0.812220	-0.000000	0.814369	0.000000	0.000000	0.000000	0.000000	0.000000	0.000000
0.910647	0.812232	0.000000	0.814369	0.000000	0.000000	0.000000	0.000000	0.000000	0.000000
0.910647	0.812234	-0.000000	0.814369	0.000000	0.000000	0.000000	0.000000	0.000000	0.000000
0.910647	0.812222	-0.000000	0.814369	0.000000	0.000000	0.000000	0.000000	0.000000	0.000000
0.910647	0.812230	0.000000	0.814369	0.000000	0.000000	0.000000	0.000000	0.000000	0.000000
0.910647	0.812245	-0.000000	0.814369	0.000000	0.000000	0.000000	0.000000	0.000000	0.000000
0.910647	0.812222	0.000000	0.814369	0.000000	0.000000	0.000000	0.000000	0.000000	0.000000
0.910647	0.812221	-0.000000	0.814369	0.000000	0.000000	0.000000	0.000000	0.000000	0.000000
0.910647	0.812228	-0.000000	0.814369	0.000000	0.000000	0.000000	0.000000	0.000000	0.000000
0.910647	0.812233	-0.000000	0.814369	0.000000	0.000000	0.000000	0.000000	0.000000	0.000000
0.910647	0.812211	-0.000000	0.814369	0.000000	0.000000	0.000000	0.000000	0.000000	0.000000
0.910647	0.812223	0.000000	0.814369	0.000000	0.000000	0.000000	0.000000	0.000000	0.000000
0.910647	0.812228	-0.000000	0.814369	0.000000	0.000000	0.000000	0.000000	0.000000	0.000000
0.910647	0.812220	0.000000	0.814360	0.000000	0.000000	0.000000	0.000000	0.000000	0.000000
0.910647	0.812234	-0.000000	0.814369	0.000000	0.000000	0.000000	0.000000	0.000000	0.000000
0.910647	0.812232	-0.000000	0.814369	0.000000	0.000000	0.000000	0.000000	0.000000	0.000000
0.910647	0.812217	0.000000	0.814369	0.000000	0.000000	0.000000	0.000000	0.000000	0.000000
0.910647	0.812225	-0.000000	0.814369	0.000000	0.000000	0.000000	0.000000	0.000000	0.000000
0.910647	0.812231	-0.000000	0.814369	0.000000	0.000000	0.000000	0.000000	0.000000	0.000000
0.910647	0.812236	-0.000000	0.814369	0.000000	0.000000	0.000000	0.000000	0.000000	0.000000
0.910647	0.812233	-0.000000	0.814369	0.000000	0.000000	0.000000	0.000000	0.000000	0.000000
0.910647	0.812224	-0.000000	0.814367	0.000000	0.000000	0.000000	0.000000	0.000000	0.000000
0.910647	0.812213	-0.000000	0.814369	0.000000	0.000000	0.000000	0.000000	0.000000	0.000000
0.910647	0.812229	-0.000000	0.814369	0.000000	0.000000	0.000000	0.000000	0.000000	0.000000
0.910647	0.812217	-0.000000	0.814369	0.000000	0.000000	0.000000	0.000000	0.000000	0.000000
0.910647	0.812222	0.000000	0.814367	0.000000	0.000000	0.000000	0.000000	0.000000	0.000000
0.910647	0.812226	-0.000000	0.814369	0.000000	0.000000	0.000000	0.000000	0.000000	0.000000
0.910647	0.812217	-0.000000	0.814369	0.000000	0.000000	0.000000	0.000000	0.000000	0.000000
0.910647	0.812228	-0.000000	0.814369	0.000000	0.000000	0.000000	0.000000	0.000000	0.000000
0.910647	0.812237	-0.000000	0.814369	0.000000	0.000000	0.000000	0.000000	0.000000	0.000000
0.910647	0.812235	-0.000000	0.814369	0.000000	0.000000	0.000000	0.000000	0.000000	0.000000
0.910647	0.812217	-0.000000	0.814369	0.000000	0.000000	0.000000	0.000000	0.000000	0.000000
0.910648	0.812234	0.000000	0.814369	0.000000	0.000000	0.000000	0.000000	0.000000	0.000000
0.910647	0.812221	0.000000	0.814369	0.000000	0.000000	0.000000	0.000000	0.000000	0.000000
0.910647	0.812214	0.000000	0.814364	0.000000	0.000000	0.000000	0.000000	0.000000	0.000000
0.910647	0.812215	-0.000000	0.814369	0.000000	0.000000	0.000000	0.000000	0.000000	0.000000
0.910647	0.812221	-0.000000	0.814369	0.000000	0.000000	0.000000	0.000000	0.000000	0.000000
0.910647	0.812212	0.000000	0.814369	0.000000	0.000000	0.000000	0.000000	0.000000	0.000000
0.910647	0.812225	-0.000000	0.814369	0.000000	0.000000	0.000000	0.000000	0.000000	0.000000
0.910647	0.812224	-0.000000	0.814369	0.000000	0.000000	0.000000	0.000000	0.000000	0.000000
0.910648	0.812229	-0.000000	0.814369	0.000000	0.000000	0.000000	0.000000	0.000000	0.000000
0.910647	0.812223	0.000000	0.814369	0.000000	0.000000	0.000000	0.000000	0.000000	0.000000
0.910647	0.812218	0.000000	0.814369	0.000000	0.000000	0.000000	0.000000	0.000000	0.000000
0.910648	0.812235	-0.000000	0.814369	0.000000	0.000000	0.000000	0.000000	0.000000	0.000000
0.910647	0.812225	0.000000	0.814283	0.000000	0.000000	0.000000	0.000000	0.000000	0.000000
0.910647	0.812226	-0.000000	0.814369	0.000000	0.000000	0.000000	0.000000	0.000000	0.000000
0.910647	0.812226	-0.000000	0.814369	0.000000	0.000000	0.000000	0.000000	0.000000	0.000000
0.910647	0.812223	0.000000	0.814350	0.000000	0.000000	0.000000	0.000000	0.000000	0.000000
0.910648	0.812239	-0.000000	0.814369	0.000000	0.000000	0.000000	0.000000	0.000000	0.000000
0.910647	0.812218	0.000000	0.814369	0.000000	0.000000	0.000000	0.000000	0.000000	0.000000
0.910647	0.812222	-0.000000	0.814369	0.000000	0.000000	0.000000	0.000000	0.000000	0.000000
0.910647	0.812239	-0.000000	0.814369	0.000000	0.000000	0.000000	0.000000	0.000000	0.000000
0.910647	0.812223	-0.000000	0.814369	0.000000	0.000000	0.000000	0.000000	0.000000	0.000000
0.910647	0.812211	-0.000000	0.814357	0.000000	0.000000	0.000000	0.000000	0.000000	0.000000
0.910647	0.812232	0.000000	0.814369	0.000000	0.000000	0.000000	0.000000	0.000000	0.000000
0.910647	0.812235	0.000000	0.814369	0.000000	0.000000	0.000000	0.000000	0.000000	0.000000
0.910647	0.812229	-0.000000	0.814367	0.000000	0.000000	0.000000	0.000000	0.000000	0.000000
0.910647	0.812234	-0.000000	0.814359	0.000000	0.000000	0.000000	0.000000	0.000000	0.000000
0.910647	0.812232	-0.000000	0.814369	0.000000	0.000000	0.000000	0.000000	0.000000	0.000000
0.910647	0.812231	-0.000000	0.814369	0.000000	0.000000	0.000000	0.000000	0.000000	0.000000
0.910647	0.812229	-0.000000	0.814369	0.000000	0.000000	0.000000	0.000000	0.000000	0.000000
0.910647	0.812219	-0.000000	0.814369	0.000000	0.000000	0.000000	0.000000	0.000000	0.000000
0.910647	0.812233	0.000000	0.814369	0.000000	0.000000	0.000000	0.000000	0.000000	0.000000
0.910647	0.812218	-0.000000	0.814369	0.000000	0.000000	0.000000	0.000000	0.000000	0.000000
0.910647	0.812227	-0.000000	0.814369	0.000000	0.000000	0.000000	0.000000	0.000000	0.000000
0.910647	0.812225	0.000000	0.814369	0.000000	0.000000	0.000000	0.000000	0.000000	0.000000
0.910647	0.812235	0.000000	0.814369	0.000000	0.000000	0.000000	0.000000	0.000000	0.000000
0.910647	0.812230	0.000000	0.814369	0.000000	0.000000	0.000000	0.000000	0.000000	0.000000
0.910647	0.812221	-0.000000	0.814369	0.000000	0.000000	0.000000	0.000000	0.000000	0.000000
0.910647	0.812215	-0.000000	0.814369	0.000000	0.000000	0.000000	0.000000	0.000000	0.000000
0.910647	0.812233	-0.000000	0.814369	0.000000	0.000000	0.000000	0.000000	0.000000	0.000000
0.910647	0.812226	0.000000	0.814369	0.000000	0.000000	0.000000	0.000000	0.000000	0.000000
0.910647	0.812222	-0.000000	0.814369	0.000000	0.000000	0.000000	0.000000	0.000000	0.000000
0.910647	0.812235	-0.000000	0.814369	0.000000	0.000000	0.000000	0.000000	0.000000	0.000000
0.910647	0.812233	0.000000	0.814369	0.000000	0.000000	0.000000	0.000000	0.000000	0.000000
0.910647	0.812213	-0.000000	0.814369	0.000000	0.000000	0.000000	0.000000	0.000000	0.000000
0.910647	0.812243	0.000000	0.814369	0.000000	0.000000	0.000000	0.000000	0.000000	0.000000
0.910647	0.812222	-0.000000	0.814369	0.000000	0.000000	0.000000	0.000000	0.000000	0.000000
0.910647	0.812233	-0.000000	0.814369	0.000000	0.000000	0.000000	0.000000	0.000000	0.000000
0.910647	0.812216	0.000000	0.814369	0.000000	0.000000	0.000000	0.000000	0.000000	0.000000
0.910647	0.812217	0.000000	0.814369	0.000000	0.000000	0.000000	0.000000	0.000000	0.000000
0.910647	0.812209	0.000000	0.814368	0.000000	0.000000	0.000000	0.000000	0.000000	0.000000
0.910648	0.812228	-0.000000	0.814368	0.000000	0.000000	0.000000	0.000000	0.000000	0.000000
0.910647	0.812232	0.000000	0.814367	0.000000	0.000000	0.000000	0.000000	0.000000	0.000000
0.910647	0.812226	0.000000	0.814369	0.000000	0.000000	0.000000	0.000000	0.000000	0.000000
0.910647	0.812222	0.000000	0.814369	0.000000	0.000000	0.000000	0.000000	0.000000	0.000000
0.910647	0.812213	0.000000	0.814369	0.000000	0.000000	0.000000	0.000000	0.000000	0.000000
0.910647	0.812214	-0.000000	0.814369	0.000000	0.000000	0.000000	0.000000	0.000000	0.000000
0.910647	0.812229	-0.000000	0.814369	0.000000	0.000000	0.000000	0.000000	0.000000	0.000000
0.910647	0.812228	-0.000000	0.814369	0.000000	0.000000	0.000000	0.000000	0.000000	0.000000
0.910647	0.812228	0.000000	0.814369	0.000000	0.000000	0.000000	0.000000	0.000000	0.000000
0.910647	0.812215	0.000000	0.814369	0.000000	0.000000	0.000000	0.000000	0.000000	0.000000
0.910647	0.812213	-0.000000	0.814369	0.000000	0.000000	0.000000	0.000000	0.000000	0.000000
0.910647	0.812230	-0.000000	0.814369	0.000000	0.000000	0.000000	0.000000	0.000000	0.000000
0.910647	0.812229	-0.000000	0.814369	0.000000	0.000000	0.000000	0.000000	0.000000	0.000000
0.910647	0.812222	-0.000000	0.814369	0.000000	0.000000	0.000000	0.000000	0.000000	0.000000
0.910647	0.812226	0.000000	0.814369	0.000000	0.000000	0.000000	0.000000	0.000000	0.000000
0.910647	0.812203	0.000000	0.814369	0.000000	0.000000	0.000000	0.000000	0.000000	0.000000
0.910648	0.812228	-0.000000	0.814369	0.000000	0.000000	0.000000	0.000000	0.000000	0.000000
0.910647	0.812224	0.000000	0.814369	0.000000	0.000000	0.000000	0.000000	0.000000	0.000000
0.910647	0.812225	0.000000	0.814368	0.000000	0.000000	0.000000	0.000000	0.000000	0.000000
0.910647	0.812221	0.000000	0.814369	0.000000	0.000000	0.000000	0.000000	0.000000	0.000000
0.910647	0.812224	-0.000000	0.814369	0.000000	0.000000	0.000000	0.000000	0.000000	0.000000
0.910647	0.812221	-0.000000	0.814369	0.000000	0.000000	0.000000	0.000000	0.000000	0.000000
0.910647	0.812209	0.000000	0.814369	0.000000	0.000000	0.000000	0.000000	0.000000	0.000000
0.910647	0.812228	-0.000000	0.814369	0.000000	0.000000	0.000000	0.000000	0.000000	0.000000
0.910647	0.812221	0.000000	0.814369	0.000000	0.000000	0.000000	0.000000	0.000000	0.000000
0.910647	0.812231	-0.000000	0.814369	0.000000	0.000000	0.000000	0.000000	0.000000	0.000000
0.910647	0.812235	-0.000000	0.814368	0.000000	0.000000	0.000000	0.000000	0.000000	0.000000
0.910647	0.812221	-0.000000	0.814369	0.000000	0.000000	0.000000	0.000000	0.000000	0.000000
0.910647	0.812219	0.000000	0.814359	0.000000	0.000000	0.000000	0.000000	0.000000	0.000000
0.910647	0.812230	0.000000	0.814369	0.000000	0.000000	0.000000	0.000000	0.000000	0.000000
0.910647	0.812226	-0.000000	0.814369	0.000000	0.000000	0.000000	0.000000	0.000000	0.000000
0.910647	0.812221	-0.000000	0.814369	0.000000	0.000000	0.000000	0.000000	0.000000	0.000000
0.910647	0.812219	-0.000000	0.814369	0.000000	0.000000	0.000000	0.000000	0.000000	0.000000
0.910647	0.812217	-0.000000	0.814354	0.000000	0.000000	0.000000	0.000000	0.000000	0.000000
0.910647	0.812222	-0.000000	0.814369	0.000000	0.000000	0.000000	0.000000	0.000000	0.000000
0.910647	0.812222	-0.000000	0.814369	0.000000	0.000000	0.000000	0.000000	0.000000	0.000000
0.910647	0.812225	-0.000000	0.814369	0.000000	0.000000	0.000000	0.000000	0.000000	0.000000
0.910647	0.812227	-0.000000	0.814367	0.000000	0.000000	0.000000	0.000000	0.000000	0.000000
0.910647	0.812223	0.000000	0.814369	0.000000	0.000000	0.000000	0.000000	0.000000	0.000000
0.910647	0.812236	-0.000000	0.814369	0.000000	0.000000	0.000000	0.000000	0.000000	0.000000
0.910647	0.812214	-0.000000	0.814369	0.000000	0.000000	0.000000	0.000000	0.000000	0.000000
0.910647	0.812210	0.000000	0.814369	0.000000	0.000000	0.000000	0.000000	0.000000	0.000000
0.910647	0.812240	0.000000	0.814369	0.000000	0.000000	0.000000	0.000000	0.000000	0.000000
0.910647	0.812218	-0.000000	0.814368	0.000000	0.000000	0.000000	0.000000	0.000000	0.000000
0.910647	0.812218	-0.000000	0.814369	0.000000	0.000000	0.000000	0.000000	0.000000	0.000000
0.910647	0.812209	-0.000000	0.814369	0.000000	0.000000	0.000000	0.000000	0.000000	0.000000
0.910647	0.812225	-0.000000	0.814369	0.000000	0.000000	0.000000	0.000000	0.000000	0.000000
0.910647	0.812225	0.000000	0.814369	0.000000	0.000000	0.000000	0.000000	0.000000	0.000000
0.910647	0.812227	-0.000000	0.814369	0.000000	0.000000	0.000000	0.000000	0.000000	0.000000
0.910647	0.812155	0.000000	0.814369	0.000000	0.000000	0.000000	0.000000	0.000000	0.000000
0.910647	0.812227	-0.000000	0.814369	0.000000	0.000000	0.000000	0.000000	0.000000	0.000000
0.910647	0.812241	0.000000	0.814369	0.000000	0.000000	0.000000	0.000000	0.000000	0.000000
0.910647	0.812230	-0.000000	0.814369	0.000000	0.000000	0.000000	0.000000	0.000000	0.000000
0.910647	0.812226	0.000000	0.814329	0.000000	0.000000	0.000000	0.000000	0.000000	0.000000
0.910647	0.812223	-0.000000	0.814367	0.000000	0.000000	0.000000	0.000000	0.000000	0.000000
0.910647	0.812238	0.000000	0.814368	0.000000	0.000000	0.000000	0.000000	0.000000	0.000000
0.910647	0.812231	0.000000	0.814369	0.000000	0.000000	0.000000	0.000000	0.000000	0.000000
0.910647	0.812219	0.000000	0.814369	0.000000	0.000000	0.000000	0.000000	0.000000	0.000000
0.910647	0.812227	-0.000000	0.814369	0.000000	0.000000	0.000000	0.000000	0.000000	0.000000
0.910647	0.812234	-0.000000	0.814369	0.000000	0.000000	0.000000	0.000000	0.000000	0.000000
0.910647	0.812213	-0.000000	0.814369	0.000000	0.000000	0.000000	0.000000	0.000000	0.000000
0.910647	0.812217	0.000000	0.814369	0.000000	0.000000	0.000000	0.000000	0.000000	0.000000
0.910647	0.812219	-0.000000	0.814369	0.000000	0.000000	0.000000	0.000000	0.000000	0.000000
0.910647	0.812218	0.000000	0.814369	0.000000	0.000000	0.000000	0.000000	0.000000	0.000000
0.910647	0.812223	0.000000	0.814364	0.000000	0.000000	0.000000	0.000000	0.000000	0.000000
0.910647	0.812238	-0.000000	0.814369	0.000000	0.000000	0.000000	0.000000	0.000000	0.000000
0.910647	0.812218	-0.000000	0.814369	0.000000	0.000000	0.000000	0.000000	0.000000	0.000000
0.910647	0.812218	-0.000000	0.814369	0.000000	0.000000	0.000000	0.000000	0.000000	0.000000
0.910647	0.812232	0.000000	0.814369	0.000000	0.000000	0.000000	0.000000	0.000000	0.000000
0.910647	0.812239	0.000000	0.814369	0.000000	0.000000	0.000000	0.000000	0.000000	0.000000
0.910647	0.812217	-0.000000	0.814360	0.000000	0.000000	0.000000	0.000000	0.000000	0.000000
0.910647	0.812216	-0.000000	0.814369	0.000000	0.000000	0.000000	0.000000	0.000000	0.000000
0.910647	0.812242	-0.000000	0.814369	0.000000	0.000000	0.000000	0.000000	0.000000	0.000000
0.910647	0.812232	0.000000	0.814346	0.000000	0.000000	0.000000	0.000000	0.000000	0.000000
0.910647	0.812222	-0.000000	0.814301	0.000000	0.000000	0.000000	0.000000	0.000000	0.000000
0.910647	0.812230	-0.000000	0.814369	0.000000	0.000000	0.000000	0.000000	0.000000	0.000000
0.910647	0.812231	0.000000	0.814369	0.000000	0.000000	0.000000	0.000000	0.000000	0.000000
0.910647	0.812216	-0.000000	0.814369	0.000000	0.000000	0.000000	0.000000	0.000000	0.000000
0.910647	0.812218	-0.000000	0.814369	0.000000	0.000000	0.000000	0.000000	0.000000	0.000000
0.910647	0.812231	-0.000000	0.814369	0.000000	0.000000	0.000000	0.000000	0.000000	0.000000
0.910648	0.812223	-0.000000	0.814369	0.000000	0.000000	0.000000	0.000000	0.000000	0.000000
0.910647	0.812214	0.000000	0.814369	0.000000	0.000000	0.000000	0.000000	0.000000	0.000000
0.910647	0.812223	0.000000	0.814360	0.000000	0.000000	0.000000	0.000000	0.000000	0.000000
0.910647	0.812222	-0.000000	0.814368	0.000000	0.000000	0.000000	0.000000	0.000000	0.000000
0.910647	0.812222	-0.000000	0.814369	0.000000	0.000000	0.000000	0.000000	0.000000	0.000000
0.910647	0.812230	-0.000000	0.814368	0.000000	0.000000	0.000000	0.000000	0.000000	0.000000
0.910647	0.812211	-0.000000	0.814368	0.000000	0.000000	0.000000	0.000000	0.000000	0.000000
0.910647	0.812164	0.000000	0.000001	0.000000	0.000000	0.000000	0.000000	0.000000	0.000000
0.910647	0.812209	-0.000000	-0.826853	0.000000	0.000000	0.000000	0.000000	0.000000	0.000000
0.910647	0.812222	-0.000000	-0.826917	0.000000	0.000000	0.000000	0.000000	0.000000	0.000000
0.910647	0.812215	-0.000000	-0.827105	0.000000	0.000000	0.000000	0.000000	0.000000	0.000000
0.910647	0.812217	-0.000000	-0.827199	0.000000	0.000000	0.000000	0.000000	0.000000	0.000000
0.910647	0.812220	-0.000000	-0.827041	0.000000	0.000000	0.000000	0.000000	0.000000	0.000000
0.910647	0.812220	-0.000000	-0.827181	0.000000	0.000000	0.000000	0.000000	0.000000	0.000000
0.910647	0.812226	-0.000000	-0.827354	0.000000	0.000000	0.000000	0.000000	0.000000	0.000000
0.910647	0.812224	-0.000000	-0.827128	0.000000	0.000000	0.000000	0.000000	0.000000	0.000000
0.910647	0.812217	-0.000000	-0.827404	0.000000	0.000000	0.000000	0.000000	0.000000	0.000000
0.910647	0.812224	-0.000000	-0.827359	0.000000	0.000000	0.000000	0.000000	0.000000	0.000000
0.910647	0.812221	-0.000000	-0.827408	0.000000	0.000000	0.000000	0.000000	0.000000	0.000000
0.910647	0.812219	0.000000	-0.827049	0.000000	0.000000	0.000000	0.000000	0.000000	0.000000
0.910647	0.812225	-0.000000	-0.827173	0.000000	0.000000	0.000000	0.000000	0.000000	0.000000
0.910647	0.812205	0.000000	-0.827386	0.000000	0.000000	0.000000	0.000000	0.000000	0.000000
0.910647	0.812231	0.000000	-0.825792	0.000000	0.000000	0.000000	0.000000	0.000000	0.000000
0.910647	0.812221	-0.000000	-0.827336	0.000000	0.000000	0.000000	0.000000	0.000000	0.000000
0.910647	0.812235	0.000000	-0.826811	0.000000	0.000000	0.000000	0.000000	0.000000	0.000000
0.910647	0.812219	-0.000000	-0.827512	0.000000	0.000000	0.000000	0.000000	0.000000	0.000000
0.910647	0.812231	-0.000000	-0.826985	0.000000	0.000000	0.000000	0.000000	0.000000	0.000000
0.910647	0.812234	-0.000000	-0.827269	0.000000	0.000000	0.000000	0.000000	0.000000	0.000000
0.910647	0.812232	-0.000000	-0.827145	0.000000	0.000000	0.000000	0.000000	0.000000	0.000000
0.910647	0.812227	-0.000000	-0.827668	0.000000	0.000000	0.000000	0.000000	0.000000	0.000000
0.910647	0.812220	0.000000	-0.827123	0.000000	0.000000	0.000000	0.000000	0.000000	0.000000
0.910647	0.812227	-0.000000	-0.826969	0.000000	0.000000	0.000000	0.000000	0.000000	0.000000
0.910647	0.812225	-0.000000	-0.827255	0.000000	0.000000	0.000000	0.000000	0.000000	0.000000
0.910647	0.812235	0.000000	-0.827253	0.000000	0.000000	0.000000	0.000000	0.000000	0.000000
0.910647	0.812228	-0.000000	-0.826734	0.000000	0.000000	0.000000	0.000000	0.000000	0.000000
0.910647	0.812229	0.000000	-0.827406	0.000000	0.000000	0.000000	0.000000	0.000000	0.000000
0.910647	0.812230	0.000000	-0.827313	0.000000	0.000000	0.000000	0.000000	0.000000	0.000000
0.910647	0.812219	0.000000	-0.826883	0.000000	0.000000	0.000000	0.000000	0.000000	0.000000
0.910647	0.812194	0.000000	-0.826889	0.000000	0.000000	0.000000	0.000000	0.000000	0.000000
0.910647	0.812218	-0.000000	-0.827094	0.000000	0.000000	0.000000	0.000000	0.000000	0.000000
0.910647	0.812236	-0.000000	-0.827011	0.000000	0.000000	0.000000	0.000000	0.000000	0.000000
0.910647	0.812241	0.000000	-0.826175	0.000000	0.000000	0.000000	0.000000	0.000000	0.000000
0.910647	0.812217	-0.000000	-0.827323	0.000000	0.000000	0.000000	0.000000	0.000000	0.000000
0.910647	0.812239	0.000000	-0.827161	0.000000	0.000000	0.000000	0.000000	0.000000	0.000000
0.910647	0.812219	0.000000	-0.827403	0.000000	0.000000	0.000000	0.000000	0.000000	0.000000
0.910647	0.812219	0.000000	-0.827123	0.000000	0.000000	0.000000	0.000000	0.000000	0.000000
0.910647	0.812234	0.000000	-0.827064	0.000000	0.000000	0.000000	0.000000	0.000000	0.000000
0.910647	0.812238	-0.000000	-0.826953	0.000000	0.000000	0.000000	0.000000	0.000000	0.000000
0.910647	0.812213	0.000000	-0.827415	0.000000	0.000000	0.000000	0.000000	0.000000	0.000000
0.910647	0.812233	0.000000	-0.827350	0.000000	0.000000	0.000000	0.000000	0.000000	0.000000
0.910647	0.812229	-0.000000	-0.826797	0.000000	0.000000	0.000000	0.000000	0.000000	0.000000
0.910647	0.812226	-0.000000	-0.827149	0.000000	0.000000	0.000000	0.000000	0.000000	0.000000
0.910647	0.812225	-0.000000	-0.826938	0.000000	0.000000	0.000000	0.000000	0.000000	0.000000
0.910647	0.812224	-0.000000	-0.827023	0.000000	0.000000	0.000000	0.000000	0.000000	0.000000
0.910647	0.812229	-0.000000	-0.827104	0.000000	0.000000	0.000000	0.000000	0.000000	0.000000
0.910647	0.812234	-0.000000	-0.827141	0.000000	0.000000	0.000000	0.000000	0.000000	0.000000
0.910647	0.812230	0.000000	-0.827344	0.000000	0.000000	0.000000	0.000000	0.000000	0.000000
0.910647	0.812243	-0.000000	-0.827124	0.000000	0.000000	0.000000	0.000000	0.000000	0.000000
0.910647	0.812223	-0.000000	-0.826850	0.000000	0.000000	0.000000	0.000000	0.000000	0.000000
0.910647	0.812222	0.000000	-0.826881	0.000000	0.000000	0.000000	0.000000	0.000000	0.000000
0.910647	0.812224	-0.000000	-0.827349	0.000000	0.000000	0.000000	0.000000	0.000000	0.000000
0.910647	0.812228	0.000000	-0.827043	0.000000	0.000000	0.000000	0.000000	0.000000	0.000000
0.910647	0.812242	-0.000000	-0.827262	0.000000	0.000000	0.000000	0.000000	0.000000	0.000000
0.910647	0.812212	-0.000000	-0.827383	0.000000	0.000000	0.000000	0.000000	0.000000	0.000000
0.910647	0.812232	0.000000	-0.827301	0.000000	0.000000	0.000000	0.000000	0.000000	0.000000
0.910647	0.812222	0.000000	-0.827036	0.000000	0.000000	0.000000	0.000000	0.000000	0.000000
0.910647	0.812213	-0.000000	-0.826784	0.000000	0.000000	0.000000	0.000000	0.000000	0.000000
0.910647	0.812224	-0.000000	-0.827200	0.000000	0.000000	0.000000	0.000000	0.000000	0.000000
0.910647	0.812213	-0.000000	-0.826857	0.000000	0.000000	0.000000	0.000000	0.000000	0.000000
0.910647	0.812223	0.000000	-0.826995	0.000000	0.000000	0.000000	0.000000	0.000000	0.000000
0.910647	0.812223	-0.000000	-0.827409	0.000000	0.000000	0.000000	0.000000	0.000000	0.000000
0.910647	0.812236	-0.000000	-0.827402	0.000000	0.000000	0.000000	0.000000	0.000000	0.000000
0.910647	0.812235	0.000000	-0.827013	0.000000	0.000000	0.000000	0.000000	0.000000	0.000000
0.910647	0.812236	0.000000	-0.827241	0.000000	0.000000	0.000000	0.000000	0.000000	0.000000
0.910647	0.812232	0.000000	-0.826582	0.000000	0.000000	0.000000	0.000000	0.000000	0.000000
0.910647	0.812228	-0.000000	-0.827068	0.000000	0.000000	0.000000	0.000000	0.000000	0.000000
0.910647	0.812208	-0.000000	-0.827212	0.000000	0.000000	0.000000	0.000000	0.000000	0.000000
0.910647	0.812222	-0.000000	-0.827414	0.000000	0.000000	0.000000	0.000000	0.000000	0.000000
0.910647	0.812231	-0.000000	-0.827046	0.000000	0.000000	0.000000	0.000000	0.000000	0.000000
0.910647	0.812221	-0.000000	-0.827011	0.000000	0.000000	0.000000	0.000000	0.000000	0.000000
0.910647	0.812235	0.000000	-0.827366	0.000000	0.000000	0.000000	0.000000	0.000000	0.000000
0.910647	0.812219	-0.000000	-0.827303	0.000000	0.000000	0.000000	0.000000	0.000000	0.000000
0.910647	0.812219	-0.000000	-0.827122	0.000000	0.000000	0.000000	0.000000	0.000000	0.000000
0.910647	0.812233	-0.000000	-0.827290	0.000000	0.000000	0.000000	0.000000	0.000000	0.000000
0.910647	0.812235	-0.000000	-0.826994	0.000000	0.000000	0.000000	0.000000	0.000000	0.000000
0.910647	0.812219	-0.000000	-0.827195	0.000000	0.000000	0.000000	0.000000	0.000000	0.000000
0.910647	0.812218	-0.000000	-0.827075	0.000000	0.000000	0.000000	0.000000	0.000000	0.000000
0.910647	0.812228	-0.000000	-0.827327	0.000000	0.000000	0.000000	0.000000	0.000000	0.000000
0.910647	0.812216	-0.000000	-0.827034	0.000000	0.000000	0.000000	0.000000	0.000000	0.000000
0.910647	0.812229	0.000000	-0.827409	0.000000	0.000000	0.000000	0.000000	0.000000	0.000000
0.910647	0.812240	0.000000	-0.826808	0.000000	0.000000	0.000000	0.000000	0.000000	0.000000
0.910648	0.812223	0.000000	-0.827122	0.000000	0.000000	0.000000	0.000000	0.000000	0.000000
0.910647	0.812226	0.000000	-0.827433	0.000000	0.000000	0.000000	0.000000	0.000000	0.000000
0.910647	0.812225	-0.000000	-0.827289	0.000000	0.000000	0.000000	0.000000	0.000000	0.000000
0.910647	0.812233	0.000000	-0.826827	0.000000	0.000000	0.000000	0.000000	0.000000	0.000000
0.910647	0.812222	0.000000	-0.827111	0.000000	0.000000	0.000000	0.000000	0.000000	0.000000
0.910647	0.812219	-0.000000	-0.826982	0.000000	0.000000	0.000000	0.000000	0.000000	0.000000
0.910647	0.812141	-0.000000	-0.827174	0.000000	0.000000	0.000000	0.000000	0.000000	0.000000
0.910647	0.812217	0.000000	-0.827145	0.000000	0.000000	0.000000	0.000000	0.000000	0.000000
0.910647	0.812223	-0.000000	-0.826933	0.000000	0.000000	0.000000	0.000000	0.000000	0.000000
0.910647	0.812224	-0.000000	-0.826784	0.000000	0.000000	0.000000	0.000000	0.000000	0.000000
0.910647	0.812214	-0.000000	-0.827233	0.000000	0.000000	0.000000	0.000000	0.000000	0.000000
0.910647	0.812226	-0.000000	-0.826999	0.000000	0.000000	0.000000	0.000000	0.000000	0.000000
0.910647	0.812229	-0.000000	-0.827078	0.000000	0.000000	0.000000	0.000000	0.000000	0.000000
0.910647	0.812223	-0.000000	-0.827441	0.000000	0.000000	0.000000	0.000000	0.000000	0.000000
0.910647	0.812225	-0.000000	-0.827275	0.000000	0.000000	0.000000	0.000000	0.000000	0.000000
0.910647	0.812217	-0.000000	-0.827304	0.000000	0.000000	0.000000	0.000000	0.000000	0.000000
0.910647	0.812211	0.000000	-0.827165	0.000000	0.000000	0.000000	0.000000	0.000000	0.000000
0.910647	0.812216	-0.000000	-0.826909	0.000000	0.000000	0.000000	0.000000	0.000000	0.000000
0.910647	0.812229	0.000000	-0.826732	0.000000	0.000000	0.000000	0.000000	0.000000	0.000000
0.910647	0.812226	-0.000000	-0.827098	0.000000	0.000000	0.000000	0.000000	0.000000	0.000000
0.910647	0.812233	-0.000000	-0.827642	0.000000	0.000000	0.000000	0.000000	0.000000	0.000000
0.910647	0.812209	0.000000	-0.826990	0.000000	0.000000	0.000000	0.000000	0.000000	0.000000
0.910647	0.812230	-0.000000	-0.827062	0.000000	0.000000	0.000000	0.000000	0.000000	0.000000
0.910647	0.812227	-0.000000	-0.827073	0.000000	0.000000	0.000000	0.000000	0.000000	0.000000
0.910647	0.812234	0.000000	-0.827101	0.000000	0.000000	0.000000	0.000000	0.000000	0.000000
0.910647	0.812232	-0.000000	-0.826948	0.000000	0.000000	0.000000	0.000000	0.000000	0.000000
0.910647	0.812219	-0.000000	-0.827241	0.000000	0.000000	0.000000	0.000000	0.000000	0.000000
0.910647	0.812198	-0.000000	-0.827038	0.000000	0.000000	0.000000	0.000000	0.000000	0.000000
0.910647	0.812236	0.000000	-0.826942	0.000000	0.000000	0.000000	0.000000	0.000000	0.000000
0.910647	0.812222	0.000000	-0.827068	0.000000	0.000000	0.000000	0.000000	0.000000	0.000000
0.910647	0.812215	0.000000	-0.827005	0.000000	0.000000	0.000000	0.000000	0.000000	0.000000
0.910647	0.812234	0.000000	-0.827275	0.000000	0.000000	0.000000	0.000000	0.000000	0.000000
0.910647	0.812217	0.000000	-0.827191	0.000000	0.000000	0.000000	0.000000	0.000000	0.000000
0.910647	0.812214	-0.000000	-0.827263	0.000000	0.000000	0.000000	0.000000	0.000000	0.000000
0.910647	0.812225	0.000000	-0.826991	0.000000	0.000000	0.000000	0.000000	0.000000	0.000000
0.910647	0.812233	-0.000000	-0.827569	0.000000	0.000000	0.000000	0.000000	0.000000	0.000000
0.910647	0.812225	-0.000000	-0.826847	0.000000	0.000000	0.000000	0.000000	0.000000	0.000000
0.910647	0.812232	-0.000000	-0.826987	0.000000	0.000000	0.000000	0.000000	0.000000	0.000000
0.910647	0.812217	0.000000	-0.826911	0.000000	0.000000	0.000000	0.000000	0.000000	0.000000
0.910647	0.812226	-0.000000	-0.826713	0.000000	0.000000	0.000000	0.000000	0.000000	0.000000
0.910647	0.812227	0.000000	-0.827274	0.000000	0.000000	0.000000	0.000000	0.000000	0.000000
0.910647	0.812241	-0.000000	-0.827155	0.000000	0.000000	0.000000	0.000000	0.000000	0.000000
0.910647	0.812214	-0.000000	-0.826860	0.000000	0.000000	0.000000	0.000000	0.000000	0.000000
0.910647	0.812229	-0.000000	-0.827301	0.000000	0.000000	0.000000	0.000000	0.000000	0.000000
0.910647	0.812218	-0.000000	-0.827521	0.000000	0.000000	0.000000	0.000000	0.000000	0.000000
0.910647	0.812230	-0.000000	-0.827263	0.000000	0.000000	0.000000	0.000000	0.000000	0.000000
0.910647	0.812216	-0.000000	-0.827280	0.000000	0.000000	0.000000	0.000000	0.000000	0.000000
0.910647	0.812230	-0.000000	-0.827569	0.000000	0.000000	0.000000	0.000000	0.000000	0.000000
0.910647	0.812227	-0.000000	-0.827142	0.000000	0.000000	0.000000	0.000000	0.000000	0.000000
0.910647	0.812228	-0.000000	-0.827212	0.000000	0.000000	0.000000	0.000000	0.000000	0.000000
0.910647	0.812216	0.000000	-0.826858	0.000000	0.000000	0.000000	0.000000	0.000000	0.000000
0.910647	0.812236	-0.000000	-0.827036	0.000000	0.000000	0.000000	0.000000	0.000000	0.000000
0.910647	0.812220	-0.000000	-0.827055	0.000000	0.000000	0.000000	0.000000	0.000000	0.000000
0.910647	0.812215	-0.000000	-0.827491	0.000000	0.000000	0.000000	0.000000	0.000000	0.000000
0.910647	0.812227	-0.000000	-0.827097	0.000000	0.000000	0.000000	0.000000	0.000000	0.000000
0.910647	0.812214	0.000000	-0.827119	0.000000	0.000000	0.000000	0.000000	0.000000	0.000000
0.910647	0.812229	-0.000000	-0.827175	0.000000	0.000000	0.000000	0.000000	0.000000	0.000000
0.910647	0.812219	-0.000000	-0.827250	0.000000	0.000000	0.000000	0.000000	0.000000	0.000000
0.910647	0.812221	-0.000000	-0.827066	0.000000	0.000000	0.000000	0.000000	0.000000	0.000000
0.910647	0.812220	-0.000000	-0.827094	0.000000	0.000000	0.000000	0.000000	0.000000	0.000000
0.910647	0.812220	0.000000	-0.826927	0.000000	0.000000	0.000000	0.000000	0.000000	0.000000
0.910647	0.812232	-0.000000	-0.827113	0.000000	0.000000	0.000000	0.000000	0.000000	0.000000
0.910647	0.812229	0.000000	-0.826950	0.000000	0.000000	0.000000	0.000000	0.000000	0.000000
0.910647	0.812229	-0.000000	-0.826679	0.000000	0.000000	0.000000	0.000000	0.000000	0.000000
0.910647	0.812228	-0.000000	-0.826592	0.000000	0.000000	0.000000	0.000000	0.000000	0.000000
0.910647	0.812222	-0.000000	-0.827339	0.000000	0.000000	0.000000	0.000000	0.000000	0.000000
0.910647	0.812233	0.000000	-0.826940	0.000000	0.000000	0.000000	0.000000	0.000000	0.000000
0.910647	0.812223	-0.000000	-0.827139	0.000000	0.000000	0.000000	0.000000	0.000000	0.000000
0.910647	0.812220	-0.000000	-0.826979	0.000000	0.000000	0.000000	0.000000	0.000000	0.000000
0.910647	0.812219	-0.000000	-0.827154	0.000000	0.000000	0.000000	0.000000	0.000000	0.000000
0.910647	0.812215	-0.000000	-0.827192	0.000000	0.000000	0.000000	0.000000	0.000000	0.000000
0.910647	0.812238	0.000000	-0.827413	0.000000	0.000000	0.000000	0.000000	0.000000	0.000000
0.910647	0.812220	-0.000000	-0.827166	0.000000	0.000000	0.000000	0.000000	0.000000	0.000000
0.910647	0.812226	-0.000000	-0.827222	0.000000	0.000000	0.000000	0.000000	0.000000	0.000000
0.910647	0.812217	-0.000000	-0.826856	0.000000	0.000000	0.000000	0.000000	0.000000	0.000000
0.910647	0.812226	0.000000	-0.826777	0.000000	0.000000	0.000000	0.000000	0.000000	0.000000
0.910647	0.812216	0.000000	-0.827055	0.000000	0.000000	0.000000	0.000000	0.000000	0.000000
0.910647	0.812228	-0.000000	-0.826853	0.000000	0.000000	0.000000	0.000000	0.000000	0.000000
0.910647	0.812218	-0.000000	-0.827263	0.000000	0.000000	0.000000	0.000000	0.000000	0.000000
0.910647	0.812229	0.000000	-0.826875	0.000000	0.000000	0.000000	0.000000	0.000000	0.000000
0.910647	0.812214	-0.000000	-0.827161	0.000000	0.000000	0.000000	0.000000	0.000000	0.000000
0.910647	0.812212	0.000000	-0.827429	0.000000	0.000000	0.000000	0.000000	0.000000	0.000000
0.910647	0.812234	-0.000000	-0.827143	0.000000	0.000000	0.000000	0.000000	0.000000	0.000000
0.910647	0.812233	0.000000	-0.827066	0.000000	0.000000	0.000000	0.000000	0.000000	0.000000
0.910647	0.812234	-0.000000	-0.827037	0.000000	0.000000	0.000000	0.000000	0.000000	0.000000
0.910647	0.812225	-0.000000	-0.827164	0.000000	0.000000	0.000000	0.000000	0.000000	0.000000
0.910647	0.812213	-0.000000	-0.826801	0.000000	0.000000	0.000000	0.000000	0.000000	0.000000
0.910647	0.812219	0.000000	-0.827150	0.000000	0.000000	0.000000	0.000000	0.000000	0.000000
0.910647	0.812228	-0.000000	-0.827319	0.000000	0.000000	0.000000	0.000000	0.000000	0.000000
0.910647	0.812220	-0.000000	-0.826811	0.000000	0.000000	0.000000	0.000000	0.000000	0.000000
0.910647	0.812238	0.000000	-0.827065	0.000000	0.000000	0.000000	0.000000	0.000000	0.000000
0.910647	0.812222	0.000000	-0.827353	0.000000	0.000000	0.000000	0.000000	0.000000	0.000000
0.910647	0.812220	0.000000	-0.826966	0.000000	0.000000	0.000000	0.000000	0.000000	0.000000
0.910647	0.812230	-0.000000	-0.827050	0.000000	0.000000	0.000000	0.000000	0.000000	0.000000
0.910647	0.812220	-0.000000	-0.826896	0.000000	0.000000	0.000000	0.000000	0.000000	0.000000
0.910647	0.812215	0.000000	-0.827020	0.000000	0.000000	0.000000	0.000000	0.000000	0.000000
0.910647	0.812220	0.000000	-0.826832	0.000000	0.000000	0.000000	0.000000	0.000000	0.000000
0.910647	0.812223	-0.000000	-0.827370	0.000000	0.000000	0.000000	0.000000	0.000000	0.000000
0.910647	0.812228	-0.000000	-0.826521	0.000000	0.000000	0.000000	0.000000	0.000000	0.000000
0.910647	0.812219	0.000000	-0.812041	0.000000	0.000000	0.000000	0.000000	0.000000	0.000000
0.910647	0.812227	0.000000	-0.827185	0.000000	0.000000	0.000000	0.000000	0.000000	0.000000
0.910647	0.812224	-0.000000	-0.827590	0.000000	0.000000	0.000000	0.000000	0.000000	0.000000
0.910647	0.812238	-0.000000	-0.826880	0.000000	0.000000	0.000000	0.000000	0.000000	0.000000
0.910647	0.812198	-0.000000	-0.827500	0.000000	0.000000	0.000000	0.000000	0.000000	0.000000
0.910647	0.812222	0.000000	-0.827240	0.000000	0.000000	0.000000	0.000000	0.000000	0.000000
0.910647	0.812211	0.000000	-0.826918	0.000000	0.000000	0.000000	0.000000	0.000000	0.000000
0.910647	0.812216	-0.000000	-0.827209	0.000000	0.000000	0.000000	0.000000	0.000000	0.000000
0.910647	0.812225	-0.000000	-0.827215	0.000000	0.000000	0.000000	0.000000	0.000000	0.000000
0.910647	0.812217	-0.000000	-0.826750	0.000000	0.000000	0.000000	0.000000	0.000000	0.000000
0.910647	0.812234	-0.000000	-0.826926	0.000000	0.000000	0.000000	0.000000	0.000000	0.000000
0.910647	0.812219	-0.000000	-0.827181	0.000000	0.000000	0.000000	0.000000	0.000000	0.000000
0.910647	0.812213	0.000000	-0.827065	0.000000	0.000000	0.000000	0.000000	0.000000	0.000000
0.910647	0.812228	0.000000	-0.827201	0.000000	0.000000	0.000000	0.000000	0.000000	0.000000
0.910647	0.812235	-0.000000	-0.826823	0.000000	0.000000	0.000000	0.000000	0.000000	0.000000
0.910647	0.812219	0.000000	-0.827374	0.000000	0.000000	0.000000	0.000000	0.000000	0.000000
0.910647	0.812238	0.000000	-0.827082	0.000000	0.000000	0.000000	0.000000	0.000000	0.000000
0.910647	0.812227	0.000000	-0.826739	0.000000	0.000000	0.000000	0.000000	0.000000	0.000000
0.910647	0.812234	-0.000000	-0.827299	0.000000	0.000000	0.000000	0.000000	0.000000	0.000000
0.910647	0.812239	-0.000000	-0.827199	0.000000	0.000000	0.000000	0.000000	0.000000	0.000000
0.910647	0.812230	-0.000000	-0.827424	0.000000	0.000000	0.000000	0.000000	0.000000	0.000000
0.910647	0.812215	0.000000	-0.827248	0.000000	0.000000	0.000000	0.000000	0.000000	0.000000
0.910647	0.812219	0.000000	-0.826939	0.000000	0.000000	0.000000	0.000000	0.000000	0.000000
0.910647	0.812220	0.000000	-0.827187	0.000000	0.000000	0.000000	0.000000	0.000000	0.000000
0.910647	0.812227	-0.000000	-0.827167	0.000000	0.000000	0.000000	0.000000	0.000000	0.000000
0.910647	0.812237	-0.000000	-0.827479	0.000000	0.000000	0.000000	0.000000	0.000000	0.000000
0.910647	0.812235	0.000000	-0.827174	0.000000	0.000000	0.000000	0.000000	0.000000	0.000000
0.910647	0.812235	-0.000000	-0.827216	0.000000	0.000000	0.000000	0.000000	0.000000	0.000000
0.910647	0.812212	-0.000000	-0.826971	0.000000	0.000000	0.000000	0.000000	0.000000	0.000000
0.910647	0.812232	0.000000	-0.827016	0.000000	0.000000	0.000000	0.000000	0.000000	0.000000
0.910647	0.812232	0.000000	-0.826657	0.000000	0.000000	0.000000	0.000000	0.000000	0.000000
0.910647	0.812214	0.000000	-0.826827	0.000000	0.000000	0.000000	0.000000	0.000000	0.000000
0.910647	0.812233	0.000000	-0.827398	0.000000	0.000000	0.000000	0.000000	0.000000	0.000000
0.910647	0.812227	0.000000	-0.827473	0.000000	0.000000	0.000000	0.000000	0.000000	0.000000
0.910647	0.812210	-0.000000	-0.827078	0.000000	0.000000	0.000000	0.000000	0.000000	0.000000
0.910647	0.812232	-0.000000	-0.827282	0.000000	0.000000	0.000000	0.000000	0.000000	0.000000
0.910648	0.812218	-0.000000	-0.827358	0.000000	0.000000	0.000000	0.000000	0.000000	0.000000
0.910647	0.812230	-0.000000	-0.827196	0.000000	0.000000	0.000000	0.000000	0.000000	0.000000
0.910647	0.812228	-0.000000	-0.827350	0.000000	0.000000	0.000000	0.000000	0.000000	0.000000
0.910647	0.812217	0.000000	-0.827065	0.000000	0.000000	0.000000	0.000000	0.000000	0.000000
0.910647	0.812220	0.000000	-0.827093	0.000000	0.000000	0.000000	0.000000	0.000000	0.000000
0.910647	0.812225	0.000000	-0.827004	0.000000	0.000000	0.000000	0.000000	0.000000	0.000000
0.910647	0.812234	0.000000	-0.826975	0.000000	0.000000	0.000000	0.000000	0.000000	0.000000
0.910647	0.812214	0.000000	-0.827017	0.000000	0.000000	0.000000	0.000000	0.000000	0.000000
0.910647	0.812215	-0.000000	-0.826866	0.000000	0.000000	0.000000	0.000000	0.000000	0.000000
0.910647	0.812214	-0.000000	-0.825968	0.000000	0.000000	0.000000	0.000000	0.000000	0.000000
0.910647	0.812234	0.000000	-0.827131	0.000000	0.000000	0.000000	0.000000	0.000000	0.000000
0.910647	0.812223	-0.000000	-0.827289	0.000000	0.000000	0.000000	0.000000	0.000000	0.000000
0.910647	0.812224	-0.000000	-0.826981	0.000000	0.000000	0.000000	0.000000	0.000000	0.000000
0.910647	0.812224	-0.000000	-0.826848	0.000000	0.000000	0.000000	0.000000	0.000000	0.000000
0.910647	0.812228	-0.000000	-0.827244	0.000000	0.000000	0.000000	0.000000	0.000000	0.000000
0.910647	0.812211	-0.000000	-0.827052	0.000000	0.000000	0.000000	0.000000	0.000000	0.000000
0.910647	0.812225	0.000000	-0.826953	0.000000	0.000000	0.000000	0.000000	0.000000	0.000000
0.910647	0.812220	-0.000000	-0.827010	0.000000	0.000000	0.000000	0.000000	0.000000	0.000000
0.910647	0.812213	0.000000	-0.827177	0.000000	0.000000	0.000000	0.000000	0.000000	0.000000
0.910647	0.812218	-0.000000	-0.826904	0.000000	0.000000	0.000000	0.000000	0.000000	0.000000
0.910647	0.812246	-0.000000	-0.827080	0.000000	0.000000	0.000000	0.000000	0.000000	0.000000
0.910647	0.812223	-0.000000	-0.827105	0.000000	0.000000	0.000000	0.000000	0.000000	0.000000
0.910647	0.812221	-0.000000	-0.827053	0.000000	0.000000	0.000000	0.000000	0.000000	0.000000
0.910647	0.812227	-0.000000	-0.826924	0.000000	0.000000	0.000000	0.000000	0.000000	0.000000
0.910647	0.812197	-0.000000	-0.827326	0.000000	0.000000	0.000000	0.000000	0.000000	0.000000
0.910647	0.812212	-0.000000	-0.827036	0.000000	0.000000	0.000000	0.000000	0.000000	0.000000
0.910647	0.812235	-0.000000	-0.826928	0.000000	0.000000	0.000000	0.000000	0.000000	0.000000
0.910647	0.812239	-0.000000	-0.827058	0.000000	0.000000	0.000000	0.000000	0.000000	0.000000
0.910647	0.812218	-0.000000	-0.827675	0.000000	0.000000	0.000000	0.000000	0.000000	0.000000
0.910647	0.812237	-0.000000	-0.826861	0.000000	0.000000	0.000000	0.000000	0.000000	0.000000
0.910647	0.812226	-0.000000	-0.827221	0.000000	0.000000	0.000000	0.000000	0.000000	0.000000
0.910647	-0.895016	0.000012	-0.000000	0.000000	0.000000	0.000000	0.000000	0.000000	0.000000
0.910647	-0.895017	-0.836441	0.000000	0.000000	0.000000	0.000000	0.000000	0.000000	0.000000
0.910647	-0.895017	-0.836623	-0.000000	0.000000	0.000000	0.000000	0.000000	0.000000	0.000000
0.910647	-0.895017	-0.836438	0.000000	0.000000	0.000000	0.000000	0.000000	0.000000	0.000000
0.910647	-0.895017	-0.837037	0.000000	0.000000	0.000000	0.000000	0.000000	0.000000	0.000000
0.910647	-0.895017	-0.838094	0.000000	0.000000	0.000000	0.000000	0.000000	0.000000	0.000000
0.910647	-0.895017	-0.837131	0.000000	0.000000	0.000000	0.000000	0.000000	0.000000	0.000000
0.910647	-0.895017	-0.836076	0.000000	0.000000	0.000000	0.000000	0.000000	0.000000	0.000000
0.910647	-0.895017	-0.837090	0.000000	0.000000	0.000000	0.000000	0.000000	0.000000	0.000000
0.910647	-0.895017	-0.837053	-0.000000	0.000000	0.000000	0.000000	0.000000	0.000000	0.000000
0.910647	-0.895017	-0.836195	0.000000	0.000000	0.000000	0.000000	0.000000	0.000000	0.000000
0.910647	-0.895017	-0.835539	-0.000000	0.000000	0.000000	0.000000	0.000000	0.000000	0.000000
0.910647	-0.895017	-0.837222	-0.000000	0.000000	0.000000	0.000000	0.000000	0.000000	0.000000
0.910647	-0.895017	-0.837065	0.000000	0.000000	0.000000	0.000000	0.000000	0.000000	0.000000
0.910647	-0.895017	-0.837351	0.000000	0.000000	0.000000	0.000000	0.000000	0.000000	0.000000
0.910647	-0.895017	-0.835873	0.000000	0.000000	0.000000	0.000000	0.000000	0.000000	0.000000
0.910647	-0.895017	-0.836964	0.000000	0.000000	0.000000	0.000000	0.000000	0.000000	0.000000
0.910647	-0.895017	-0.837086	0.000000	0.000000	0.000000	0.000000	0.000000	0.000000	0.000000
0.910647	-0.895016	-0.836874	0.000000	0.000000	0.000000	0.000000	0.000000	0.000000	0.000000
0.910647	-0.895017	-0.836352	0.000000	0.000000	0.000000	0.000000	0.000000	0.000000	0.000000
0.910647	-0.895017	-0.837299	-0.000000	0.000000	0.000000	0.000000	0.000000	0.000000	0.000000
0.910647	-0.895017	-0.836469	0.000000	0.000000	0.000000	0.000000	0.000000	0.000000	0.000000
0.910647	-0.895017	-0.836789	0.000000	0.000000	0.000000	0.000000	0.000000	0.000000	0.000000
0.910647	-0.895017	-0.836690	0.000000	0.000000	0.000000	0.000000	0.000000	0.000000	0.000000
0.910647	-0.895017	-0.836341	0.000000	0.000000	0.000000	0.000000	0.000000	0.000000	0.000000
0.910647	-0.895017	-0.835900	-0.000000	0.000000	0.000000	0.000000	0.000000	0.000000	0.000000
0.910647	-0.895017	-0.837643	-0.000000	0.000000	0.000000	0.000000	0.000000	0.000000	0.000000
0.910647	-0.895017	-0.837422	0.000000	0.000000	0.000000	0.000000	0.000000	0.000000	0.000000
0.910647	-0.895017	-0.836978	0.000000	0.000000	0.000000	0.000000	0.000000	0.000000	0.000000
0.910647	-0.895017	-0.836711	0.000000	0.000000	0.000000	0.000000	0.000000	0.000000	0.000000
0.910647	-0.895017	-0.836980	-0.000000	0.000000	0.000000	0.000000	0.000000	0.000000	0.000000
0.910647	-0.895017	-0.836713	-0.000000	0.000000	0.000000	0.000000	0.000000	0.000000	0.000000
0.910647	-0.895017	-0.836319	0.000000	0.000000	0.000000	0.000000	0.000000	0.000000	0.000000
0.910647	-0.895017	-0.836790	-0.000000	0.000000	0.000000	0.000000	0.000000	0.000000	0.000000
0.910647	-0.895017	-0.835948	-0.000000	0.000000	0.000000	0.000000	0.000000	0.000000	0.000000
0.910647	-0.895017	-0.836515	-0.000000	0.000000	0.000000	0.000000	0.000000	0.000000	0.000000
0.910647	-0.895017	-0.836384	0.000000	0.000000	0.000000	0.000000	0.000000	0.000000	0.000000
0.910647	-0.895017	-0.837398	0.000000	0.000000	0.000000	0.000000	0.000000	0.000000	0.000000
0.910647	-0.895017	-0.836102	0.000000	0.000000	0.000000	0.000000	0.000000	0.000000	0.000000
0.910647	-0.895017	-0.836693	-0.000000	0.000000	0.000000	0.000000	0.000000	0.000000	0.000000
0.910647	-0.895017	-0.837287	-0.000000	0.000000	0.000000	0.000000	0.000000	0.000000	0.000000
0.910647	-0.895017	-0.837496	0.000000	0.000000	0.000000	0.000000	0.000000	0.000000	0.000000
0.910647	-0.895017	-0.836788	-0.000000	0.000000	0.000000	0.000000	0.000000	0.000000	0.000000
0.910647	-0.895017	-0.837327	0.000000	0.000000	0.000000	0.000000	0.000000	0.000000	0.000000
0.910647	-0.895017	-0.836937	-0.000000	0.000000	0.000000	0.000000	0.000000	0.000000	0.000000
0.910647	-0.895016	-0.836205	-0.000000	0.000000	0.000000	0.000000	0.000000	0.000000	0.000000
0.910648	-0.895017	-0.837199	-0.000000	0.000000	0.000000	0.000000	0.000000	0.000000	0.000000
0.910647	-0.895017	-0.836350	-0.000000	0.000000	0.000000	0.000000	0.000000	0.000000	0.000000
0.910647	-0.895017	-0.837214	-0.000000	0.000000	0.000000	0.000000	0.000000	0.000000	0.000000
0.910647	-0.895017	-0.836690	-0.000000	0.000000	0.000000	0.000000	0.000000	0.000000	0.000000
0.910647	-0.895017	-0.836490	-0.000000	0.000000	0.000000	0.000000	0.000000	0.000000	0.000000
0.910647	-0.895017	-0.835793	-0.000000	0.000000	0.000000	0.000000	0.000000	0.000000	0.000000
0.910647	-0.895017	-0.836721	0.000000	0.000000	0.000000	0.000000	0.000000	0.000000	0.000000
0.910647	-0.895017	-0.837171	0.000000	0.000000	0.000000	0.000000	0.000000	0.000000	0.000000
0.910647	-0.895017	-0.834907	-0.000000	0.000000	0.000000	0.000000	0.000000	0.000000	0.000000
0.910647	-0.895017	-0.837150	0.000000	0.000000	0.000000	0.000000	0.000000	0.000000	0.000000
0.910647	-0.895017	-0.836720	0.000000	0.000000	0.000000	0.000000	0.000000	0.000000	0.000000
0.910647	-0.895016	-0.836604	0.000000	0.000000	0.000000	0.000000	0.000000	0.000000	0.000000
0.910647	-0.895016	-0.836960	0.000000	0.000000	0.000000	0.000000	0.000000	0.000000	0.000000
0.910647	-0.895017	-0.836631	0.000000	0.000000	0.000000	0.000000	0.000000	0.000000	0.000000
0.910648	-0.895017	-0.836756	0.000000	0.000000	0.000000	0.000000	0.000000	0.000000	0.000000
0.910647	-0.895017	-0.836278	-0.000000	0.000000	0.000000	0.000000	0.000000	0.000000	0.000000
0.910647	-0.895017	-0.836441	0.000000	0.000000	0.000000	0.000000	0.000000	0.000000	0.000000
0.910647	-0.895017	-0.835987	0.000000	0.000000	0.000000	0.000000	0.000000	0.000000	0.000000
0.910647	-0.895017	-0.836687	0.000000	0.000000	0.000000	0.000000	0.000000	0.000000	0.000000
0.910647	-0.895017	-0.837167	0.000000	0.000000	0.000000	0.000000	0.000000	0.000000	0.000000
0.910647	-0.895017	-0.836205	0.000000	0.000000	0.000000	0.000000	0.000000	0.000000	0.000000
0.910647	-0.895017	-0.836384	0.000000	0.000000	0.000000	0.000000	0.000000	0.000000	0.000000
0.910647	-0.895017	-0.836745	0.000000	0.000000	0.000000	0.000000	0.000000	0.000000	0.000000
0.910647	-0.895017	-0.837270	0.000000	0.000000	0.000000	0.000000	0.000000	0.000000	0.000000
0.910647	-0.895017	-0.837715	-0.000000	0.000000	0.000000	0.000000	0.000000	0.000000	0.000000
0.910647	-0.895017	-0.836788	0.000000	0.000000	0.000000	0.000000	0.000000	0.000000	0.000000
0.910647	-0.895017	-0.836418	0.000000	0.000000	0.000000	0.000000	0.000000	0.000000	0.000000
0.910647	-0.895017	-0.837223	-0.000000	0.000000	0.000000	0.000000	0.000000	0.000000	0.000000
0.910647	-0.895017	-0.837182	-0.000000	0.000000	0.000000	0.000000	0.000000	0.000000	0.000000
0.910647	-0.895017	-0.836842	0.000000	0.000000	0.000000	0.000000	0.000000	0.000000	0.000000
0.910647	-0.895017	-0.836349	-0.000000	0.000000	0.000000	0.000000	0.000000	0.000000	0.000000
0.910647	-0.895016	-0.837422	0.000000	0.000000	0.000000	0.000000	0.000000	0.000000	0.000000
0.910647	-0.895017	-0.836738	0.000000	0.000000	0.000000	0.000000	0.000000	0.000000	0.000000
0.910647	-0.895017	-0.836465	0.000000	0.000000	0.000000	0.000000	0.000000	0.000000	0.000000
0.910647	-0.895017	-0.837043	0.000000	0.000000	0.000000	0.000000	0.000000	0.000000	0.000000
0.910647	-0.895017	-0.836654	-0.000000	0.000000	0.000000	0.000000	0.000000	0.000000	0.000000
0.910647	-0.895017	-0.836350	0.000000	0.000000	0.000000	0.000000	0.000000	0.000000	0.000000
0.910647	-0.895017	-0.836477	-0.000000	0.000000	0.000000	0.000000	0.000000	0.000000	0.000000
0.910647	-0.895017	-0.837415	-0.000000	0.000000	0.000000	0.000000	0.000000	0.000000	0.000000
0.910647	-0.895017	-0.837200	-0.000000	0.000000	0.000000	0.000000	0.000000	0.000000	0.000000
0.910647	-0.895017	-0.836063	0.000000	0.000000	0.000000	0.000000	0.000000	0.000000	0.000000
0.910647	-0.895016	-0.836547	-0.000000	0.000000	0.000000	0.000000	0.000000	0.000000	0.000000
0.910647	-0.895017	-0.836896	-0.000000	0.000000	0.000000	0.000000	0.000000	0.000000	0.000000
0.910647	-0.895017	-0.837599	-0.000000	0.000000	0.000000	0.000000	0.000000	0.000000	0.000000
0.910647	-0.895017	-0.836315	0.000000	0.000000	0.000000	0.000000	0.000000	0.000000	0.000000
0.910647	-0.895017	-0.836678	-0.000000	0.000000	0.000000	0.000000	0.000000	0.000000	0.000000
0.910647	-0.895017	-0.837190	0.000000	0.000000	0.000000	0.000000	0.000000	0.000000	0.000000
0.910647	-0.895017	-0.836194	0.000000	0.000000	0.000000	0.000000	0.000000	0.000000	0.000000
0.910647	-0.895017	-0.837094	0.000000	0.000000	0.000000	0.000000	0.000000	0.000000	0.000000
0.910647	-0.895017	-0.837367	0.000000	0.000000	0.000000	0.000000	0.000000	0.000000	0.000000
0.910647	-0.895017	-0.836845	-0.000000	0.000000	0.000000	0.000000	0.000000	0.000000	0.000000
0.910647	-0.895017	-0.837377	-0.000000	0.000000	0.000000	0.000000	0.000000	0.000000	0.000000
0.910647	-0.895017	-0.835166	0.000000	0.000000	0.000000	0.000000	0.000000	0.000000	0.000000
0.910647	-0.895016	-0.836593	0.000000	0.000000	0.000000	0.000000	0.000000	0.000000	0.000000
0.910647	-0.895017	-0.836518	-0.000000	0.000000	0.000000	0.000000	0.000000	0.000000	0.000000
0.910647	-0.895017	-0.837154	-0.000000	0.000000	0.000000	0.000000	0.000000	0.000000	0.000000
0.910647	-0.895017	-0.836629	0.000000	0.000000	0.000000	0.000000	0.000000	0.000000	0.000000
0.910647	-0.895016	-0.836897	0.000000	0.000000	0.000000	0.000000	0.000000	0.000000	0.000000
0.910647	-0.895017	-0.836088	0.000000	0.000000	0.000000	0.000000	0.000000	0.000000	0.000000
0.910647	-0.895017	-0.836586	0.000000	0.000000	0.000000	0.000000	0.000000	0.000000	0.000000
0.910647	-0.895017	-0.836372	-0.000000	0.000000	0.000000	0.000000	0.000000	0.000000	0.000000
0.910647	-0.895017	-0.836567	-0.000000	0.000000	0.000000	0.000000	0.000000	0.000000	0.000000
0.910647	-0.895017	-0.836710	-0.000000	0.000000	0.000000	0.000000	0.000000	0.000000	0.000000
0.910647	-0.895017	-0.836896	0.000000	0.000000	0.000000	0.000000	0.000000	0.000000	0.000000
0.910647	-0.895016	-0.836136	-0.000000	0.000000	0.000000	0.000000	0.000000	0.000000	0.000000
0.910647	-0.895017	-0.836880	0.000000	0.000000	0.000000	0.000000	0.000000	0.000000	0.000000
0.910647	-0.895017	-0.836446	0.000000	0.000000	0.000000	0.000000	0.000000	0.000000	0.000000
0.910647	-0.895017	-0.836425	-0.000000	0.000000	0.000000	0.000000	0.000000	0.000000	0.000000
0.910647	-0.895017	-0.837119	0.000000	0.000000	0.000000	0.000000	0.000000	0.000000	0.000000
0.910647	-0.895017	-0.835959	0.000000	0.000000	0.000000	0.000000	0.000000	0.000000	0.000000
0.910647	-0.895017	-0.836897	0.000000	0.000000	0.000000	0.000000	0.000000	0.000000	0.000000
0.910647	-0.895017	-0.837446	0.000000	0.000000	0.000000	0.000000	0.000000	0.000000	0.000000
0.910647	-0.895017	-0.837638	-0.000000	0.000000	0.000000	0.000000	0.000000	0.000000	0.000000
0.910647	-0.895017	-0.837622	0.000000	0.000000	0.000000	0.000000	0.000000	0.000000	0.000000
0.910647	-0.895016	-0.838273	0.000000	0.000000	0.000000	0.000000	0.000000	0.000000	0.000000
0.910647	-0.895017	-0.837044	0.000000	0.000000	0.000000	0.000000	0.000000	0.000000	0.000000
0.910647	-0.895017	-0.836894	0.000000	0.000000	0.000000	0.000000	0.000000	0.000000	0.000000
0.910647	-0.895017	-0.836870	0.000000	0.000000	0.000000	0.000000	0.000000	0.000000	0.000000
0.910647	-0.895017	-0.837901	-0.000000	0.000000	0.000000	0.000000	0.000000	0.000000	0.000000
0.910647	-0.895017	-0.836748	0.000000	0.000000	0.000000	0.000000	0.000000	0.000000	0.000000
0.910647	-0.895017	-0.836105	0.000000	0.000000	0.000000	0.000000	0.000000	0.000000	0.000000
0.910647	-0.895017	-0.837352	-0.000000	0.000000	0.000000	0.000000	0.000000	0.000000	0.000000
0.910647	-0.895017	-0.838143	-0.000000	0.000000	0.000000	0.000000	0.000000	0.000000	0.000000
0.910647	-0.895017	-0.837483	0.000000	0.000000	0.000000	0.000000	0.000000	0.000000	0.000000
0.910647	-0.895017	-0.836216	-0.000000	0.000000	0.000000	0.000000	0.000000	0.000000	0.000000
0.910647	-0.895017	-0.836624	0.000000	0.000000	0.000000	0.000000	0.000000	0.000000	0.000000
0.910647	-0.895017	-0.837323	0.000000	0.000000	0.000000	0.000000	0.000000	0.000000	0.000000
0.910647	-0.895017	-0.837134	0.000000	0.000000	0.000000	0.000000	0.000000	0.000000	0.000000
0.910648	-0.895017	-0.837696	0.000000	0.000000	0.000000	0.000000	0.000000	0.000000	0.000000
0.910647	-0.895017	-0.837011	0.000000	0.000000	0.000000	0.000000	0.000000	0.000000	0.000000
0.910647	-0.895017	-0.836959	-0.000000	0.000000	0.000000	0.000000	0.000000	0.000000	0.000000
0.910647	-0.895017	-0.837732	0.000000	0.000000	0.000000	0.000000	0.000000	0.000000	0.000000
0.910647	-0.895017	-0.836734	0.000000	0.000000	0.000000	0.000000	0.000000	0.000000	0.000000
0.910647	-0.895017	-0.836788	0.000000	0.000000	0.000000	0.000000	0.000000	0.000000	0.000000
0.910647	-0.895015	-0.836486	0.000000	0.000000	0.000000	0.000000	0.000000	0.000000	0.000000
0.910647	-0.895017	-0.836902	0.000000	0.000000	0.000000	0.000000	0.000000	0.000000	0.000000
0.910647	-0.895017	-0.837309	0.000000	0.000000	0.000000	0.000000	0.000000	0.000000	0.000000
0.910647	-0.895017	-0.836624	-0.000000	0.000000	0.000000	0.000000	0.000000	0.000000	0.000000
0.910647	-0.895017	-0.836760	-0.000000	0.000000	0.000000	0.000000	0.000000	0.000000	0.000000
0.910647	-0.895017	-0.837059	-0.000000	0.000000	0.000000	0.000000	0.000000	0.000000	0.000000
0.910647	-0.895017	-0.836737	0.000000	0.000000	0.000000	0.000000	0.000000	0.000000	0.000000
0.910647	-0.895017	-0.835995	0.000000	0.000000	0.000000	0.000000	0.000000	0.000000	0.000000
0.910647	-0.895017	-0.836642	-0.000000	0.000000	0.000000	0.000000	0.000000	0.000000	0.000000
0.910647	-0.895017	-0.836307	0.000000	0.000000	0.000000	0.000000	0.000000	0.000000	0.000000
0.910647	-0.895017	-0.836371	-0.000000	0.000000	0.000000	0.000000	0.000000	0.000000	0.000000
0.910647	-0.895017	-0.836233	0.000000	0.000000	0.000000	0.000000	0.000000	0.000000	0.000000
0.910647	-0.895016	-0.836878	0.000000	0.000000	0.000000	0.000000	0.000000	0.000000	0.000000
0.910647	-0.895017	-0.836850	0.000000	0.000000	0.000000	0.000000	0.000000	0.000000	0.000000
0.910648	-0.895017	-0.836846	-0.000000	0.000000	0.000000	0.000000	0.000000	0.000000	0.000000
0.910647	-0.895017	-0.837001	-0.000000	0.000000	0.000000	0.000000	0.000000	0.000000	0.000000
0.910647	-0.895016	-0.836732	0.000000	0.000000	0.000000	0.000000	0.000000	0.000000	0.000000
0.910647	-0.895017	-0.837134	0.000000	0.000000	0.000000	0.000000	0.000000	0.000000	0.000000
0.910648	-0.895017	-0.836765	0.000000	0.000000	0.000000	0.000000	0.000000	0.000000	0.000000
0.910647	-0.895017	-0.835933	0.000000	0.000000	0.000000	0.000000	0.000000	0.000000	0.000000
0.910647	-0.895017	-0.836510	-0.000000	0.000000	0.000000	0.000000	0.000000	0.000000	0.000000
0.910647	-0.895017	-0.836250	-0.000000	0.000000	0.000000	0.000000	0.000000	0.000000	0.000000
0.910647	-0.895017	-0.836801	0.000000	0.000000	0.000000	0.000000	0.000000	0.000000	0.000000
0.910647	-0.895017	-0.837262	0.000000	0.000000	0.000000	0.000000	0.000000	0.000000	0.000000
0.910647	-0.895017	-0.837017	-0.000000	0.000000	0.000000	0.000000	0.000000	0.000000	0.000000
0.910647	-0.895017	-0.837003	0.000000	0.000000	0.000000	0.000000	0.000000	0.000000	0.000000
0.910647	-0.895017	-0.836353	0.000000	0.000000	0.000000	0.000000	0.000000	0.000000	0.000000
0.910647	-0.895016	-0.836948	0.000000	0.000000	0.000000	0.000000	0.000000	0.000000	0.000000
0.910647	-0.895017	-0.837554	-0.000000	0.000000	0.000000	0.000000	0.000000	0.000000	0.000000
0.910647	-0.895017	-0.836648	0.000000	0.000000	0.000000	0.000000	0.000000	0.000000	0.000000
0.910647	-0.895017	-0.836678	-0.000000	0.000000	0.000000	0.000000	0.000000	0.000000	0.000000
0.910647	-0.895017	-0.836566	-0.000000	0.000000	0.000000	0.000000	0.000000	0.000000	0.000000
0.910647	-0.895017	-0.837601	0.000000	0.000000	0.000000	0.000000	0.000000	0.000000	0.000000
0.910647	-0.895017	-0.836591	-0.000000	0.000000	0.000000	0.000000	0.000000	0.000000	0.000000
0.910647	-0.895017	-0.836306	0.000000	0.000000	0.000000	0.000000	0.000000	0.000000	0.000000
0.910647	-0.895017	-0.836336	0.000000	0.000000	0.000000	0.000000	0.000000	0.000000	0.000000
0.910647	-0.895017	-0.836805	0.000000	0.000000	0.000000	0.000000	0.000000	0.000000	0.000000
0.910647	-0.895017	-0.836225	-0.000000	0.000000	0.000000	0.000000	0.000000	0.000000	0.000000
0.910647	-0.895017	-0.836748	0.000000	0.000000	0.000000	0.000000	0.000000	0.000000	0.000000
0.910647	-0.895017	-0.836657	0.000000	0.000000	0.000000	0.000000	0.000000	0.000000	0.000000
0.910647	-0.895017	-0.837352	0.000000	0.000000	0.000000	0.000000	0.000000	0.000000	0.000000
0.910647	-0.895017	-0.837370	-0.000000	0.000000	0.000000	0.000000	0.000000	0.000000	0.000000
0.910647	-0.895017	-0.836693	0.000000	0.000000	0.000000	0.000000	0.000000	0.000000	0.000000
0.910647	-0.895017	-0.836695	0.000000	0.000000	0.000000	0.000000	0.000000	0.000000	0.000000
0.910647	-0.895017	-0.836677	-0.000000	0.000000	0.000000	0.000000	0.000000	0.000000	0.000000
0.910647	-0.895017	-0.835292	0.000000	0.000000	0.000000	0.000000	0.000000	0.000000	0.000000
0.910647	-0.895017	-0.836117	0.000000	0.000000	0.000000	0.000000	0.000000	0.000000	0.000000
0.910648	-0.895017	-0.837198	0.000000	0.000000	0.000000	0.000000	0.000000	0.000000	0.000000
0.910647	-0.895016	-0.837880	-0.000000	0.000000	0.000000	0.000000	0.000000	0.000000	0.000000
0.910648	-0.895014	-0.836660	0.000000	0.000000	0.000000	0.000000	0.000000	0.000000	0.000000
0.910647	-0.895017	-0.836134	0.000000	0.000000	0.000000	0.000000	0.000000	0.000000	0.000000
0.910647	-0.895017	-0.838395	0.000000	0.000000	0.000000	0.000000	0.000000	0.000000	0.000000
0.910647	-0.895017	-0.836195	-0.000000	0.000000	0.000000	0.000000	0.000000	0.000000	0.000000
0.910647	-0.895017	-0.836008	0.000000	0.000000	0.000000	0.000000	0.000000	0.000000	0.000000
0.910647	-0.895017	-0.837379	-0.000000	0.000000	0.000000	0.000000	0.000000	0.000000	0.000000
0.910647	-0.895017	-0.837141	0.000000	0.000000	0.000000	0.000000	0.000000	0.000000	0.000000
0.910647	-0.895017	-0.836813	-0.000000	0.000000	0.000000	0.000000	0.000000	0.000000	0.000000
0.910647	-0.895017	-0.836853	0.000000	0.000000	0.000000	0.000000	0.000000	0.000000	0.000000
0.910647	-0.895016	-0.836433	-0.000000	0.000000	0.000000	0.000000	0.000000	0.000000	0.000000
0.910647	-0.895017	-0.836775	0.000000	0.000000	0.000000	0.000000	0.000000	0.000000	0.000000
0.910647	-0.895017	-0.836660	-0.000000	0.000000	0.000000	0.000000	0.000000	0.000000	0.000000
0.910647	-0.895017	-0.837575	-0.000000	0.000000	0.000000	0.000000	0.000000	0.000000	0.000000
0.910647	-0.895016	-0.836218	0.000000	0.000000	0.000000	0.000000	0.000000	0.000000	0.000000
0.910647	-0.895017	-0.837024	0.000000	0.000000	0.000000	0.000000	0.000000	0.000000	0.000000
0.910647	-0.895017	-0.838126	0.000000	0.000000	0.000000	0.000000	0.000000	0.000000	0.000000
0.910647	-0.895017	-0.835575	0.000000	0.000000	0.000000	0.000000	0.000000	0.000000	0.000000
0.910647	-0.895016	-0.835977	0.000000	0.000000	0.000000	0.000000	0.000000	0.000000	0.000000
0.910647	-0.895016	-0.835891	0.000000	0.000000	0.000000	0.000000	0.000000	0.000000	0.000000
0.910647	-0.895017	-0.836631	-0.000000	0.000000	0.000000	0.000000	0.000000	0.000000	0.000000
0.910647	-0.895017	-0.836475	0.000000	0.000000	0.000000	0.000000	0.000000	0.000000	0.000000
0.910647	-0.895017	-0.836973	-0.000000	0.000000	0.000000	0.000000	0.000000	0.000000	0.000000
0.910647	-0.895017	-0.836905	-0.000000	0.000000	0.000000	0.000000	0.000000	0.000000	0.000000
0.910647	-0.895017	-0.837157	0.000000	0.000000	0.000000	0.000000	0.000000	0.000000	0.000000
0.910647	-0.895017	-0.837065	0.000000	0.000000	0.000000	0.000000	0.000000	0.000000	0.000000
0.910647	-0.895017	-0.837124	-0.000000	0.000000	0.000000	0.000000	0.000000	0.000000	0.000000
0.910647	-0.895017	-0.837734	0.000000	0.000000	0.000000	0.000000	0.000000	0.000000	0.000000
0.910647	-0.895017	-0.833003	-0.000000	0.000000	0.000000	0.000000	0.000000	0.000000	0.000000
0.910647	-0.895017	-0.835893	-0.000000	0.000000	0.000000	0.000000	0.000000	0.000000	0.000000
0.910648	-0.895017	-0.836329	0.000000	0.000000	0.000000	0.000000	0.000000	0.000000	0.000000
0.910647	-0.895017	-0.838003	-0.000000	0.000000	0.000000	0.000000	0.000000	0.000000	0.000000
0.910647	-0.895017	-0.837165	-0.000000	0.000000	0.000000	0.000000	0.000000	0.000000	0.000000
0.910647	-0.895017	-0.836464	0.000000	0.000000	0.000000	0.000000	0.000000	0.000000	0.000000
0.910647	-0.895017	-0.836587	0.000000	0.000000	0.000000	0.000000	0.000000	0.000000	0.000000
0.910647	-0.895017	-0.835655	0.000000	0.000000	0.000000	0.000000	0.000000	0.000000	0.000000
0.910647	-0.895017	-0.836527	0.000000	0.000000	0.000000	0.000000	0.000000	0.000000	0.000000
0.910647	-0.895017	-0.836622	-0.000000	0.000000	0.000000	0.000000	0.000000	0.000000	0.000000
0.910647	-0.895017	-0.836320	0.000000	0.000000	0.000000	0.000000	0.000000	0.000000	0.000000
0.910647	-0.895017	-0.836694	0.000000	0.000000	0.000000	0.000000	0.000000	0.000000	0.000000
0.910647	-0.895017	-0.837698	-0.000000	0.000000	0.000000	0.000000	0.000000	0.000000	0.000000
0.910647	-0.895017	-0.836582	0.000000	0.000000	0.000000	0.000000	0.000000	0.000000	0.000000
0.910647	-0.895016	-0.837300	-0.000000	0.000000	0.000000	0.000000	0.000000	0.000000	0.000000
0.910647	-0.895017	-0.835945	-0.000000	0.000000	0.000000	0.000000	0.000000	0.000000	0.000000
0.910647	-0.895017	-0.836444	-0.000000	0.000000	0.000000	0.000000	0.000000	0.000000	0.000000
0.910647	-0.895017	-0.836158	-0.000000	0.000000	0.000000	0.000000	0.000000	0.000000	0.000000
0.910647	-0.895017	-0.836681	-0.000000	0.000000	0.000000	0.000000	0.000000	0.000000	0.000000
0.910647	-0.895017	-0.836619	0.000000	0.000000	0.000000	0.000000	0.000000	0.000000	0.000000
0.910647	-0.895017	-0.836939	0.000000	0.000000	0.000000	0.000000	0.000000	0.000000	0.000000
0.910647	-0.895017	-0.836919	0.000000	0.000000	0.000000	0.000000	0.000000	0.000000	0.000000
0.910647	-0.895017	-0.837276	-0.000000	0.000000	0.000000	0.000000	0.000000	0.000000	0.000000
0.910647	-0.895017	-0.836166	-0.000000	0.000000	0.000000	0.000000	0.000000	0.000000	0.000000
0.910647	-0.895017	-0.836832	-0.000000	0.000000	0.000000	0.000000	0.000000	0.000000	0.000000
0.910647	-0.895017	-0.836771	0.000000	0.000000	0.000000	0.000000	0.000000	0.000000	0.000000
0.910647	-0.895017	-0.836911	0.000000	0.000000	0.000000	0.000000	0.000000	0.000000	0.000000
0.910647	-0.895016	-0.837478	0.000000	0.000000	0.000000	0.000000	0.000000	0.000000	0.000000
0.910647	-0.895017	-0.836771	-0.000000	0.000000	0.000000	0.000000	0.000000	0.000000	0.000000
0.910647	-0.895017	-0.837533	0.000000	0.000000	0.000000	0.000000	0.000000	0.000000	0.000000
0.910647	-0.895017	-0.836615	-0.000000	0.000000	0.000000	0.000000	0.000000	0.000000	0.000000
0.910647	-0.895017	-0.837678	0.000000	0.000000	0.000000	0.000000	0.000000	0.000000	0.000000
0.910647	-0.895017	-0.836259	0.000000	0.000000	0.000000	0.000000	0.000000	0.000000	0.000000
0.910647	-0.895017	-0.836666	-0.000000	0.000000	0.000000	0.000000	0.000000	0.000000	0.000000
0.910647	-0.776790	0.000000	-0.000000	0.000000	0.000000	0.000000	0.000000	0.000000	0.000000
0.910647	-0.895017	0.849074	0.000000	0.000000	0.000000	0.000000	0.000000	0.000000	0.000000
0.910647	-0.895017	0.849504	0.000000	0.000000	0.000000	0.000000	0.000000	0.000000	0.000000
0.910647	-0.895017	0.849282	0.000000	0.000000	0.000000	0.000000	0.000000	0.000000	0.000000
0.910647	-0.895017	0.849743	0.000000	0.000000	0.000000	0.000000	0.000000	0.000000	0.000000
0.910647	-0.895017	0.849022	0.000000	0.000000	0.000000	0.000000	0.000000	0.000000	0.000000
0.910647	-0.895016	0.849207	0.000000	0.000000	0.000000	0.000000	0.000000	0.000000	0.000000
0.910647	-0.895017	0.849298	0.000000	0.000000	0.000000	0.000000	0.000000	0.000000	0.000000
0.910647	-0.895017	0.849364	0.000000	0.000000	0.000000	0.000000	0.000000	0.000000	0.000000
0.910648	-0.895017	0.849156	-0.000000	0.000000	0.000000	0.000000	0.000000	0.000000	0.000000
0.910647	-0.895017	0.849448	0.000000	0.000000	0.000000	0.000000	0.000000	0.000000	0.000000
0.910647	-0.895017	0.849594	0.000000	0.000000	0.000000	0.000000	0.000000	0.000000	0.000000
0.910647	-0.895017	0.849163	0.000000	0.000000	0.000000	0.000000	0.000000	0.000000	0.000000
0.910647	-0.895017	0.849276	0.000000	0.000000	0.000000	0.000000	0.000000	0.000000	0.000000
0.910647	-0.895017	0.849213	-0.000000	0.000000	0.000000	0.000000	0.000000	0.000000	0.000000
0.910647	-0.895017	0.849298	0.000000	0.000000	0.000000	0.000000	0.000000	0.000000	0.000000
0.910647	-0.895017	0.849062	-0.000000	0.000000	0.000000	0.000000	0.000000	0.000000	0.000000
0.910647	-0.895017	0.849384	0.000000	0.000000	0.000000	0.000000	0.000000	0.000000	0.000000
0.910647	-0.895017	0.849491	0.000000	0.000000	0.000000	0.000000	0.000000	0.000000	0.000000
0.910648	-0.895017	0.849358	0.000000	0.000000	0.000000	0.000000	0.000000	0.000000	0.000000
0.910647	-0.895017	0.849023	0.000000	0.000000	0.000000	0.000000	0.000000	0.000000	0.000000
0.910647	-0.895017	0.849482	-0.000000	0.000000	0.000000	0.000000	0.000000	0.000000	0.000000
0.910647	-0.895017	0.849344	0.000000	0.000000	0.000000	0.000000	0.000000	0.000000	0.000000
0.910647	-0.895017	0.849727	0.000000	0.000000	0.000000	0.000000	0.000000	0.000000	0.000000
0.910647	-0.895017	0.849287	0.000000	0.000000	0.000000	0.000000	0.000000	0.000000	0.000000
0.910647	-0.895017	0.849532	0.000000	0.000000	0.000000	0.000000	0.000000	0.000000	0.000000
0.910647	-0.895017	0.849712	-0.000000	0.000000	0.000000	0.000000	0.000000	0.000000	0.000000
0.910647	-0.895017	0.849448	0.000000	0.000000	0.000000	0.000000	0.000000	0.000000	0.000000
0.910647	-0.895017	0.849788	0.000000	0.000000	0.000000	0.000000	0.000000	0.000000	0.000000
0.910647	-0.895017	0.849596	0.000000	0.000000	0.000000	0.000000	0.000000	0.000000	0.000000
0.910647	-0.895017	0.849512	0.000000	0.000000	0.000000	0.000000	0.000000	0.000000	0.000000
0.910647	-0.895017	0.849273	-0.000000	0.000000	0.000000	0.000000	0.000000	0.000000	0.000000
0.910647	-0.895017	0.849513	0.000000	0.000000	0.000000	0.000000	0.000000	0.000000	0.000000
0.910647	-0.895017	0.849107	-0.000000	0.000000	0.000000	0.000000	0.000000	0.000000	0.000000
0.910647	-0.895017	0.849585	-0.000000	0.000000	0.000000	0.000000	0.000000	0.000000	0.000000
0.910647	-0.895017	0.849197	-0.000000	0.000000	0.000000	0.000000	0.000000	0.000000	0.000000
0.910647	-0.895017	0.849398	-0.000000	0.000000	0.000000	0.000000	0.000000	0.000000	0.000000
0.910647	-0.895017	0.849061	0.000000	0.000000	0.000000	0.000000	0.000000	0.000000	0.000000
0.910647	-0.895017	0.849115	0.000000	0.000000	0.000000	0.000000	0.000000	0.000000	0.000000
0.910647	-0.895017	0.849499	0.000000	0.000000	0.000000	0.000000	0.000000	0.000000	0.000000
0.910647	-0.895017	0.849297	0.000000	0.000000	0.000000	0.000000	0.000000	0.000000	0.000000
0.910647	-0.895016	0.849228	0.000000	0.000000	0.000000	0.000000	0.000000	0.000000	0.000000
0.910647	-0.895017	0.849675	0.000000	0.000000	0.000000	0.000000	0.000000	0.000000	0.000000
0.910647	-0.895017	0.849639	0.000000	0.000000	0.000000	0.000000	0.000000	0.000000	0.000000
0.910647	-0.895017	0.849311	-0.000000	0.000000	0.000000	0.000000	0.000000	0.000000	0.000000
0.910647	-0.895017	0.849478	0.000000	0.000000	0.000000	0.000000	0.000000	0.000000	0.000000
0.910647	-0.895017	0.849293	-0.000000	0.000000	0.000000	0.000000	0.000000	0.000000	0.000000
0.910647	-0.895017	0.849375	-0.000000	0.000000	0.000000	0.000000	0.000000	0.000000	0.000000
0.910647	-0.895017	0.849432	0.000000	0.000000	0.000000	0.000000	0.000000	0.000000	0.000000
0.910647	-0.895017	0.849208	-0.000000	0.000000	0.000000	0.000000	0.000000	0.000000	0.000000
0.910647	-0.895017	0.849292	-0.000000	0.000000	0.000000	0.000000	0.000000	0.000000	0.000000
0.910647	-0.895017	0.849325	-0.000000	0.000000	0.000000	0.000000	0.000000	0.000000	0.000000
0.910647	-0.895017	0.849283	-0.000000	0.000000	0.000000	0.000000	0.000000	0.000000	0.000000
0.910647	-0.895017	0.849420	0.000000	0.000000	0.000000	0.000000	0.000000	0.000000	0.000000
0.910647	-0.895017	0.849383	0.000000	0.000000	0.000000	0.000000	0.000000	0.000000	0.000000
0.910647	-0.895017	0.849302	0.000000	0.000000	0.000000	0.000000	0.000000	0.000000	0.000000
0.910647	-0.895017	0.849700	-0.000000	0.000000	0.000000	0.000000	0.000000	0.000000	0.000000
0.910647	-0.895017	0.849409	0.000000	0.000000	0.000000	0.000000	0.000000	0.000000	0.000000
0.910647	-0.895017	0.849517	0.000000	0.000000	0.000000	0.000000	0.000000	0.000000	0.000000
0.910647	-0.895017	0.849240	-0.000000	0.000000	0.000000	0.000000	0.000000	0.000000	0.000000
0.910647	-0.895017	0.849412	0.000000	0.000000	0.000000	0.000000	0.000000	0.000000	0.000000
0.910647	-0.895017	0.849528	-0.000000	0.000000	0.000000	0.000000	0.000000	0.000000	0.000000
0.910647	-0.895017	0.849387	0.000000	0.000000	0.000000	0.000000	0.000000	0.000000	0.000000
0.910647	-0.895017	0.849605	0.000000	0.000000	0.000000	0.000000	0.000000	0.000000	0.000000
0.910647	-0.895017	0.849292	-0.000000	0.000000	0.000000	0.000000	0.000000	0.000000	0.000000
0.910647	-0.895017	0.849376	0.000000	0.000000	0.000000	0.000000	0.000000	0.000000	0.000000
0.910647	-0.895017	0.848944	0.000000	0.000000	0.000000	0.000000	0.000000	0.000000	0.000000
0.910647	-0.895017	0.849010	-0.000000	0.000000	0.000000	0.000000	0.000000	0.000000	0.000000
0.910647	-0.895017	0.849499	0.000000	0.000000	0.000000	0.000000	0.000000	0.000000	0.000000
0.910647	-0.895017	0.849225	0.000000	0.000000	0.000000	0.000000	0.000000	0.000000	0.000000
0.910647	-0.895017	0.849299	0.000000	0.000000	0.000000	0.000000	0.000000	0.000000	0.000000
0.910647	-0.895017	0.849497	0.000000	0.000000	0.000000	0.000000	0.000000	0.000000	0.000000
0.910647	-0.895017	0.849506	0.000000	0.000000	0.000000	0.000000	0.000000	0.000000	0.000000
0.910647	-0.895017	0.849234	0.000000	0.000000	0.000000	0.000000	0.000000	0.000000	0.000000
0.910647	-0.895017	0.849241	0.000000	0.000000	0.000000	0.000000	0.000000	0.000000	0.000000
0.910647	-0.895017	0.849386	-0.000000	0.000000	0.000000	0.000000	0.000000	0.000000	0.000000
0.910647	-0.895017	0.849257	-0.000000	0.000000	0.000000	0.000000	0.000000	0.000000	0.000000
0.910647	-0.895017	0.849007	-0.000000	0.000000	0.000000	0.000000	0.000000	0.000000	0.000000
0.910647	-0.895017	0.849509	0.000000	0.000000	0.000000	0.000000	0.000000	0.000000	0.000000
0.910647	-0.895017	0.849255	0.000000	0.000000	0.000000	0.000000	0.000000	0.000000	0.000000
0.910647	-0.895017	0.849676	0.000000	0.000000	0.000000	0.000000	0.000000	0.000000	0.000000
0.910647	-0.895017	0.849902	0.000000	0.000000	0.000000	0.000000	0.000000	0.000000	0.000000
0.910647	-0.895017	0.849746	0.000000	0.000000	0.000000	0.000000	0.000000	0.000000	0.000000
0.910647	-0.895017	0.849346	-0.000000	0.000000	0.000000	0.000000	0.000000	0.000000	0.000000
0.910647	-0.895017	0.849906	0.000000	0.000000	0.000000	0.000000	0.000000	0.000000	0.000000
0.910647	-0.895017	0.849157	-0.000000	0.000000	0.000000	0.000000	0.000000	0.000000	0.000000
0.910647	-0.895017	0.849523	0.000000	0.000000	0.000000	0.000000	0.000000	0.000000	0.000000
0.910647	-0.895016	0.849420	0.000000	0.000000	0.000000	0.000000	0.000000	0.000000	0.000000
0.910647	-0.895017	0.849518	0.000000	0.000000	0.000000	0.000000	0.000000	0.000000	0.000000
0.910647	-0.895017	0.849588	0.000000	0.000000	0.000000	0.000000	0.000000	0.000000	0.000000
0.910647	-0.895017	0.849547	-0.000000	0.000000	0.000000	0.000000	0.000000	0.000000	0.000000
0.910647	-0.895017	0.849850	-0.000000	0.000000	0.000000	0.000000	0.000000	0.000000	0.000000
0.910647	-0.895016	0.849584	0.000000	0.000000	0.000000	0.000000	0.000000	0.000000	0.000000
0.910647	-0.895017	0.849570	0.000000	0.000000	0.000000	0.000000	0.000000	0.000000	0.000000
0.910647	-0.895017	0.849464	-0.000000	0.000000	0.000000	0.000000	0.000000	0.000000	0.000000
0.910647	-0.895017	0.849335	0.000000	0.000000	0.000000	0.000000	0.000000	0.000000	0.000000
0.910647	-0.895017	0.849219	-0.000000	0.000000	0.000000	0.000000	0.000000	0.000000	0.000000
0.910647	-0.895017	0.849226	-0.000000	0.000000	0.000000	0.000000	0.000000	0.000000	0.000000
0.910647	-0.895017	0.849343	-0.000000	0.000000	0.000000	0.000000	0.000000	0.000000	0.000000
0.910647	-0.895017	0.849637	-0.000000	0.000000	0.000000	0.000000	0.000000	0.000000	0.000000
0.910647	-0.895016	0.849385	-0.000000	0.000000	0.000000	0.000000	0.000000	0.000000	0.000000
0.910647	-0.895017	0.849336	0.000000	0.000000	0.000000	0.000000	0.000000	0.000000	0.000000
0.910647	-0.895017	0.849319	-0.000000	0.000000	0.000000	0.000000	0.000000	0.000000	0.000000
0.910647	-0.895017	0.849260	-0.000000	0.000000	0.000000	0.000000	0.000000	0.000000	0.000000
0.910647	-0.895017	0.849230	-0.000000	0.000000	0.000000	0.000000	0.000000	0.000000	0.000000
0.910647	-0.895017	0.849219	0.000000	0.000000	0.000000	0.000000	0.000000	0.000000	0.000000
0.910647	-0.895017	0.849341	0.000000	0.000000	0.000000	0.000000	0.000000	0.000000	0.000000
0.910647	-0.895017	0.849071	-0.000000	0.000000	0.000000	0.000000	0.000000	0.000000	0.000000
0.910647	-0.895017	0.849370	0.000000	0.000000	0.000000	0.000000	0.000000	0.000000	0.000000
0.910647	-0.895017	0.849076	0.000000	0.000000	0.000000	0.000000	0.000000	0.000000	0.000000
0.910647	-0.895017	0.849597	0.000000	0.000000	0.000000	0.000000	0.000000	0.000000	0.000000
0.910647	-0.895017	0.849383	-0.000000	0.000000	0.000000	0.000000	0.000000	0.000000	0.000000
0.910647	-0.895017	0.849288	0.000000	0.000000	0.000000	0.000000	0.000000	0.000000	0.000000
0.910647	-0.895017	0.849496	0.000000	0.000000	0.000000	0.000000	0.000000	0.000000	0.000000
0.910647	-0.895017	0.849654	0.000000	0.000000	0.000000	0.000000	0.000000	0.000000	0.000000
0.910647	-0.895017	0.849371	-0.000000	0.000000	0.000000	0.000000	0.000000	0.000000	0.000000
0.910647	-0.895017	0.849596	0.000000	0.000000	0.000000	0.000000	0.000000	0.000000	0.000000
0.910647	-0.895017	0.849234	-0.000000	0.000000	0.000000	0.000000	0.000000	0.000000	0.000000
0.910647	-0.895017	0.849588	-0.000000	0.000000	0.000000	0.000000	0.000000	0.000000	0.000000
0.910647	-0.895017	0.849221	-0.000000	0.000000	0.000000	0.000000	0.000000	0.000000	0.000000
0.910647	-0.895017	0.849399	0.000000	0.000000	0.000000	0.000000	0.000000	0.000000	0.000000
0.910647	-0.895017	0.849172	0.000000	0.000000	0.000000	0.000000	0.000000	0.000000	0.000000
0.910647	-0.895017	0.849612	0.000000	0.000000	0.000000	0.000000	0.000000	0.000000	0.000000
0.910647	-0.895017	0.849472	0.000000	0.000000	0.000000	0.000000	0.000000	0.000000	0.000000
0.910647	-0.895017	0.849389	0.000000	0.000000	0.000000	0.000000	0.000000	0.000000	0.000000
0.910647	-0.895017	0.849320	0.000000	0.000000	0.000000	0.000000	0.000000	0.000000	0.000000
0.910647	-0.895017	0.849611	0.000000	0.000000	0.000000	0.000000	0.000000	0.000000	0.000000
0.910648	-0.895017	0.849414	0.000000	0.000000	0.000000	0.000000	0.000000	0.000000	0.000000
0.910647	-0.895017	0.849348	-0.000000	0.000000	0.000000	0.000000	0.000000	0.000000	0.000000
0.910647	-0.895017	0.849387	0.000000	0.000000	0.000000	0.000000	0.000000	0.000000	0.000000
0.910647	-0.895017	0.849266	0.000000	0.000000	0.000000	0.000000	0.000000	0.000000	0.000000
0.910647	-0.895017	0.849472	0.000000	0.000000	0.000000	0.000000	0.000000	0.000000	0.000000
0.910647	-0.895017	0.849554	0.000000	0.000000	0.000000	0.000000	0.000000	0.000000	0.000000
0.910647	-0.895017	0.849444	0.000000	0.000000	0.000000	0.000000	0.000000	0.000000	0.000000
0.910647	-0.895017	0.849174	0.000000	0.000000	0.000000	0.000000	0.000000	0.000000	0.000000
0.910647	-0.895017	0.849352	-0.000000	0.000000	0.000000	0.000000	0.000000	0.000000	0.000000
0.910647	-0.895017	0.849613	0.000000	0.000000	0.000000	0.000000	0.000000	0.000000	0.000000
0.910647	-0.895017	0.849333	-0.000000	0.000000	0.000000	0.000000	0.000000	0.000000	0.000000
0.910647	-0.895017	0.849159	0.000000	0.000000	0.000000	0.000000	0.000000	0.000000	0.000000
0.910647	-0.894893	0.849285	-0.000000	0.000000	0.000000	0.000000	0.000000	0.000000	0.000000
0.910647	-0.895017	0.849148	-0.000000	0.000000	0.000000	0.000000	0.000000	0.000000	0.000000
0.910647	-0.895017	0.849598	0.000000	0.000000	0.000000	0.000000	0.000000	0.000000	0.000000
0.910647	-0.895017	0.849696	0.000000	0.000000	0.000000	0.000000	0.000000	0.000000	0.000000
0.910647	-0.895017	0.849353	0.000000	0.000000	0.000000	0.000000	0.000000	0.000000	0.000000
0.910647	-0.895017	0.849228	-0.000000	0.000000	0.000000	0.000000	0.000000	0.000000	0.000000
0.910647	-0.895017	0.849290	0.000000	0.000000	0.000000	0.000000	0.000000	0.000000	0.000000
0.910647	-0.895017	0.849549	0.000000	0.000000	0.000000	0.000000	0.000000	0.000000	0.000000
0.910647	-0.895017	0.849398	-0.000000	0.000000	0.000000	0.000000	0.000000	0.000000	0.000000
0.910647	-0.895017	0.849387	0.000000	0.000000	0.000000	0.000000	0.000000	0.000000	0.000000
0.910647	-0.895017	0.849464	0.000000	0.000000	0.000000	0.000000	0.000000	0.000000	0.000000
0.910647	-0.895017	0.849260	-0.000000	0.000000	0.000000	0.000000	0.000000	0.000000	0.000000
0.910647	-0.895017	0.849148	0.000000	0.000000	0.000000	0.000000	0.000000	0.000000	0.000000
0.910647	-0.895017	0.849232	0.000000	0.000000	0.000000	0.000000	0.000000	0.000000	0.000000
0.910647	-0.895017	0.849457	-0.000000	0.000000	0.000000	0.000000	0.000000	0.000000	0.000000
0.910647	-0.895017	0.849275	-0.000000	0.000000	0.000000	0.000000	0.000000	0.000000	0.000000
0.910647	-0.895017	0.849674	0.000000	0.000000	0.000000	0.000000	0.000000	0.000000	0.000000
0.910647	-0.895017	0.849415	0.000000	0.000000	0.000000	0.000000	0.000000	0.000000	0.000000
0.910647	-0.895017	0.849570	0.000000	0.000000	0.000000	0.000000	0.000000	0.000000	0.000000
0.910647	-0.895017	0.849100	-0.000000	0.000000	0.000000	0.000000	0.000000	0.000000	0.000000
0.910647	-0.895017	0.849337	-0.000000	0.000000	0.000000	0.000000	0.000000	0.000000	0.000000
0.910647	-0.895017	0.849372	0.000000	0.000000	0.000000	0.000000	0.000000	0.000000	0.000000
0.910647	-0.895017	0.849364	-0.000000	0.000000	0.000000	0.000000	0.000000	0.000000	0.000000
0.910647	-0.895017	0.849302	-0.000000	0.000000	0.000000	0.000000	0.000000	0.000000	0.000000
0.910647	-0.895017	0.849585	-0.000000	0.000000	0.000000	0.000000	0.000000	0.000000	0.000000
0.910647	-0.895017	0.849569	0.000000	0.000000	0.000000	0.000000	0.000000	0.000000	0.000000
0.910647	-0.895017	0.849303	-0.000000	0.000000	0.000000	0.000000	0.000000	0.000000	0.000000
0.910647	-0.895017	0.849285	-0.000000	0.000000	0.000000	0.000000	0.000000	0.000000	0.000000
0.910647	-0.895016	0.849414	-0.000000	0.000000	0.000000	0.000000	0.000000	0.000000	0.000000
0.910647	-0.895017	0.849048	0.000000	0.000000	0.000000	0.000000	0.000000	0.000000	0.000000
0.910647	-0.895017	0.849306	-0.000000	0.000000	0.000000	0.000000	0.000000	0.000000	0.000000
0.910647	-0.895017	0.849330	0.000000	0.000000	0.000000	0.000000	0.000000	0.000000	0.000000
0.910647	-0.895017	0.849407	-0.000000	0.000000	0.000000	0.000000	0.000000	0.000000	0.000000
0.910647	-0.895017	0.849459	0.000000	0.000000	0.000000	0.000000	0.000000	0.000000	0.000000
0.910647	-0.895017	0.849580	0.000000	0.000000	0.000000	0.000000	0.000000	0.000000	0.000000
0.910647	-0.895016	0.849400	0.000000	0.000000	0.000000	0.000000	0.000000	0.000000	0.000000
0.910647	-0.895017	0.849180	0.000000	0.000000	0.000000	0.000000	0.000000	0.000000	0.000000
0.910647	-0.895017	0.849240	0.000000	0.000000	0.000000	0.000000	0.000000	0.000000	0.000000
0.910647	-0.895017	0.849149	-0.000000	0.000000	0.000000	0.000000	0.000000	0.000000	0.000000
0.910647	-0.895017	0.849160	0.000000	0.000000	0.000000	0.000000	0.000000	0.000000	0.000000
0.910647	-0.895017	0.849724	0.000000	0.000000	0.000000	0.000000	0.000000	0.000000	0.000000
0.910647	-0.895016	0.849348	0.000000	0.000000	0.000000	0.000000	0.000000	0.000000	0.000000
0.910647	-0.895017	0.849491	0.000000	0.000000	0.000000	0.000000	0.000000	0.000000	0.000000
0.910647	-0.895016	0.849275	0.000000	0.000000	0.000000	0.000000	0.000000	0.000000	0.000000
0.910647	-0.895017	0.849242	0.000000	0.000000	0.000000	0.000000	0.000000	0.000000	0.000000
0.910647	-0.895017	0.849437	0.000000	0.000000	0.000000	0.000000	0.000000	0.000000	0.000000
0.910647	-0.895017	0.849688	-0.000000	0.000000	0.000000	0.000000	0.000000	0.000000	0.000000
0.910647	-0.895017	0.849328	0.000000	0.000000	0.000000	0.000000	0.000000	0.000000	0.000000
0.910647	-0.895017	0.849156	0.000001	0.000000	0.000000	0.000000	0.000000	0.000000	0.000000
0.910647	-0.895017	0.849430	-0.000000	0.000000	0.000000	0.000000	0.000000	0.000000	0.000000
0.910647	-0.895017	0.849384	-0.000000	0.000000	0.000000	0.000000	0.000000	0.000000	0.000000
0.910647	-0.895016	0.849433	-0.000000	0.000000	0.000000	0.000000	0.000000	0.000000	0.000000
0.910647	-0.895017	0.849116	0.000000	0.000000	0.000000	0.000000	0.000000	0.000000	0.000000
0.910647	-0.895017	0.849720	-0.000000	0.000000	0.000000	0.000000	0.000000	0.000000	0.000000
0.910647	-0.895016	0.849404	-0.000000	0.000000	0.000000	0.000000	0.000000	0.000000	0.000000
0.910647	-0.895017	0.849343	0.000000	0.000000	0.000000	0.000000	0.000000	0.000000	0.000000
0.910647	-0.895017	0.849237	-0.000000	0.000000	0.000000	0.000000	0.000000	0.000000	0.000000
0.910647	-0.895016	0.849500	0.000000	0.000000	0.000000	0.000000	0.000000	0.000000	0.000000
0.910647	-0.895017	0.849221	0.000000	0.000000	0.000000	0.000000	0.000000	0.000000	0.000000
0.910647	-0.895017	0.849572	0.000000	0.000000	0.000000	0.000000	0.000000	0.000000	0.000000
0.910647	-0.895017	0.849042	0.000000	0.000000	0.000000	0.000000	0.000000	0.000000	0.000000
0.910647	-0.895017	0.849466	-0.000000	0.000000	0.000000	0.000000	0.000000	0.000000	0.000000
0.910647	-0.895017	0.849624	0.000000	0.000000	0.000000	0.000000	0.000000	0.000000	0.000000
0.910647	-0.895017	0.849630	0.000000	0.000000	0.000000	0.000000	0.000000	0.000000	0.000000
0.910647	-0.895017	0.849453	0.000000	0.000000	0.000000	0.000000	0.000000	0.000000	0.000000
0.910647	-0.895016	0.849315	0.000000	0.000000	0.000000	0.000000	0.000000	0.000000	0.000000
0.910647	-0.895017	0.849400	0.000000	0.000000	0.000000	0.000000	0.000000	0.000000	0.000000
0.910647	-0.895017	0.849393	0.000000	0.000000	0.000000	0.000000	0.000000	0.000000	0.000000
0.910647	-0.895017	0.849452	-0.000000	0.000000	0.000000	0.000000	0.000000	0.000000	0.000000
0.910647	-0.895017	0.849374	0.000000	0.000000	0.000000	0.000000	0.000000	0.000000	0.000000
0.910647	-0.895017	0.849477	0.000000	0.000000	0.000000	0.000000	0.000000	0.000000	0.000000
0.910647	-0.895017	0.849433	0.000000	0.000000	0.000000	0.000000	0.000000	0.000000	0.000000
0.910647	-0.895017	0.849647	-0.000000	0.000000	0.000000	0.000000	0.000000	0.000000	0.000000
0.910647	-0.895017	0.849618	-0.000000	0.000000	0.000000	0.000000	0.000000	0.000000	0.000000
0.910647	-0.895017	0.849234	-0.000000	0.000000	0.000000	0.000000	0.000000	0.000000	0.000000
0.910647	-0.895017	0.849415	0.000000	0.000000	0.000000	0.000000	0.000000	0.000000	0.000000
0.910647	-0.894971	0.849418	0.000000	0.000000	0.000000	0.000000	0.000000	0.000000	0.000000
0.910647	-0.895017	0.849497	0.000000	0.000000	0.000000	0.000000	0.000000	0.000000	0.000000
0.910647	-0.895017	0.849291	-0.000000	0.000000	0.000000	0.000000	0.000000	0.000000	0.000000
0.910647	-0.895017	0.849582	0.000000	0.000000	0.000000	0.000000	0.000000	0.000000	0.000000
0.910647	-0.895017	0.849564	0.000000	0.000000	0.000000	0.000000	0.000000	0.000000	0.000000
0.910647	-0.895017	0.849244	0.000000	0.000000	0.000000	0.000000	0.000000	0.000000	0.000000
0.910647	-0.895017	0.849245	-0.000000	0.000000	0.000000	0.000000	0.000000	0.000000	0.000000
0.910647	-0.895017	0.849209	0.000000	0.000000	0.000000	0.000000	0.000000	0.000000	0.000000
0.910647	-0.895017	0.849272	0.000000	0.000000	0.000000	0.000000	0.000000	0.000000	0.000000
0.910647	-0.895017	0.849288	-0.000000	0.000000	0.000000	0.000000	0.000000	0.000000	0.000000
0.910647	-0.895017	0.849274	0.000000	0.000000	0.000000	0.000000	0.000000	0.000000	0.000000
0.910647	-0.895017	0.849630	0.000000	0.000000	0.000000	0.000000	0.000000	0.000000	0.000000
0.910647	-0.895017	0.849381	0.000000	0.000000	0.000000	0.000000	0.000000	0.000000	0.000000
0.910647	-0.895017	0.849283	-0.000000	0.000000	0.000000	0.000000	0.000000	0.000000	0.000000
0.910647	-0.895017	0.849288	-0.000000	0.000000	0.000000	0.000000	0.000000	0.000000	0.000000
0.910647	-0.895017	0.849351	0.000000	0.000000	0.000000	0.000000	0.000000	0.000000	0.000000
0.910647	-0.895017	0.849431	0.000000	0.000000	0.000000	0.000000	0.000000	0.000000	0.000000
0.910647	-0.895016	0.849335	0.000000	0.000000	0.000000	0.000000	0.000000	0.000000	0.000000
0.910647	-0.895017	0.849097	0.000000	0.000000	0.000000	0.000000	0.000000	0.000000	0.000000
0.910647	-0.895017	0.849154	0.000000	0.000000	0.000000	0.000000	0.000000	0.000000	0.000000
0.910647	-0.895017	0.849478	0.000000	0.000000	0.000000	0.000000	0.000000	0.000000	0.000000
0.910647	-0.895017	0.849560	0.000000	0.000000	0.000000	0.000000	0.000000	0.000000	0.000000
0.910647	-0.895017	0.849556	0.000000	0.000000	0.000000	0.000000	0.000000	0.000000	0.000000
0.910647	-0.895017	0.849195	0.000000	0.000000	0.000000	0.000000	0.000000	0.000000	0.000000
0.910647	-0.895017	0.849323	-0.000000	0.000000	0.000000	0.000000	0.000000	0.000000	0.000000
0.910647	-0.895017	0.849366	0.000000	0.000000	0.000000	0.000000	0.000000	0.000000	0.000000
0.910647	-0.895017	0.849237	-0.000000	0.000000	0.000000	0.000000	0.000000	0.000000	0.000000
0.910647	-0.895017	0.849299	-0.000000	0.000000	0.000000	0.000000	0.000000	0.000000	0.000000
0.910648	-0.895017	0.849103	0.000000	0.000000	0.000000	0.000000	0.000000	0.000000	0.000000
0.910647	-0.895017	0.849381	0.000000	0.000000	0.000000	0.000000	0.000000	0.000000	0.000000
0.910647	-0.895017	0.849755	-0.000000	0.000000	0.000000	0.000000	0.000000	0.000000	0.000000
0.910648	-0.895017	0.849241	0.000000	0.000000	0.000000	0.000000	0.000000	0.000000	0.000000
0.910647	-0.895017	0.849647	0.000000	0.000000	0.000000	0.000000	0.000000	0.000000	0.000000
0.910647	-0.895016	0.849408	0.000000	0.000000	0.000000	0.000000	0.000000	0.000000	0.000000
0.910647	-0.895017	0.849437	0.000000	0.000000	0.000000	0.000000	0.000000	0.000000	0.000000
