0.911088	-0.852642	0.810653	-0.000000	0.000000	0.000000	0.000000	0.000000	0.000000	0.000000
0.911115	-0.852941	0.810653	-0.000000	0.000000	0.000000	0.000000	0.000000	0.000000	0.000000
0.911072	-0.852631	0.810653	-0.000000	0.000000	0.000000	0.000000	0.000000	0.000000	0.000000
0.911151	-0.852844	0.810653	-0.000000	0.000000	0.000000	0.000000	0.000000	0.000000	0.000000
0.911170	-0.852824	0.810653	-0.000000	0.000000	0.000000	0.000000	0.000000	0.000000	0.000000
0.911096	-0.852640	0.810653	-0.000000	0.000000	0.000000	0.000000	0.000000	0.000000	0.000000
0.911114	-0.852822	0.810653	0.000000	0.000000	0.000000	0.000000	0.000000	0.000000	0.000000
0.911124	-0.853043	0.810653	-0.000000	0.000000	0.000000	0.000000	0.000000	0.000000	0.000000
0.911049	-0.852423	0.810653	0.000000	0.000000	0.000000	0.000000	0.000000	0.000000	0.000000
0.911286	-0.852479	0.810653	-0.000000	0.000000	0.000000	0.000000	0.000000	0.000000	0.000000
0.911028	-0.852641	0.810653	-0.000000	0.000000	0.000000	0.000000	0.000000	0.000000	0.000000
0.910913	-0.852756	0.810653	-0.000000	0.000000	0.000000	0.000000	0.000000	0.000000	0.000000
0.911106	-0.852770	0.810653	0.000000	0.000000	0.000000	0.000000	0.000000	0.000000	0.000000
0.911169	-0.852572	0.810653	0.000000	0.000000	0.000000	0.000000	0.000000	0.000000	0.000000
0.911189	-0.852727	0.810653	-0.000000	0.000000	0.000000	0.000000	0.000000	0.000000	0.000000
0.911051	-0.852417	0.810120	0.000000	0.000000	0.000000	0.000000	0.000000	0.000000	0.000000
0.911154	-0.852687	0.810653	0.000000	0.000000	0.000000	0.000000	0.000000	0.000000	0.000000
0.911169	-0.852763	0.810653	0.000000	0.000000	0.000000	0.000000	0.000000	0.000000	0.000000
0.911031	-0.852614	0.810653	0.000000	0.000000	0.000000	0.000000	0.000000	0.000000	0.000000
0.911117	-0.852509	0.810129	0.000000	0.000000	0.000000	0.000000	0.000000	0.000000	0.000000
0.910981	-0.852730	0.810653	-0.000000	0.000000	0.000000	0.000000	0.000000	0.000000	0.000000
0.911184	-0.852742	0.810652	-0.000000	0.000000	0.000000	0.000000	0.000000	0.000000	0.000000
0.911110	-0.852424	0.810653	0.000000	0.000000	0.000000	0.000000	0.000000	0.000000	0.000000
0.911036	-0.852406	0.810653	0.000000	0.000000	0.000000	0.000000	0.000000	0.000000	0.000000
0.910950	-0.852759	0.810653	-0.000000	0.000000	0.000000	0.000000	0.000000	0.000000	0.000000
0.911051	-0.852455	0.810653	-0.000000	0.000000	0.000000	0.000000	0.000000	0.000000	0.000000
0.911092	-0.852752	0.810653	-0.000000	0.000000	0.000000	0.000000	0.000000	0.000000	0.000000
0.911106	-0.852725	0.810653	0.000000	0.000000	0.000000	0.000000	0.000000	0.000000	0.000000
0.911063	-0.852682	0.810653	-0.000000	0.000000	0.000000	0.000000	0.000000	0.000000	0.000000
0.911172	-0.852543	0.810653	0.000000	0.000000	0.000000	0.000000	0.000000	0.000000	0.000000
0.911102	-0.853182	0.810653	0.000000	0.000000	0.000000	0.000000	0.000000	0.000000	0.000000
0.911112	-0.853113	0.810652	0.000000	0.000000	0.000000	0.000000	0.000000	0.000000	0.000000
0.911113	-0.852867	0.810653	-0.000000	0.000000	0.000000	0.000000	0.000000	0.000000	0.000000
0.911020	-0.852517	0.810653	0.000000	0.000000	0.000000	0.000000	0.000000	0.000000	0.000000
0.911103	-0.852710	0.810653	-0.000000	0.000000	0.000000	0.000000	0.000000	0.000000	0.000000
0.911095	-0.852753	0.810653	-0.000000	0.000000	0.000000	0.000000	0.000000	0.000000	0.000000
0.911055	-0.852730	0.810653	-0.000000	0.000000	0.000000	0.000000	0.000000	0.000000	0.000000
0.911120	-0.852520	0.810653	0.000000	0.000000	0.000000	0.000000	0.000000	0.000000	0.000000
0.911170	-0.852584	0.810653	-0.000000	0.000000	0.000000	0.000000	0.000000	0.000000	0.000000
0.911188	-0.852924	0.810653	-0.000000	0.000000	0.000000	0.000000	0.000000	0.000000	0.000000
0.911075	-0.852728	0.810653	0.000000	0.000000	0.000000	0.000000	0.000000	0.000000	0.000000
0.911107	-0.852672	0.810653	-0.000000	0.000000	0.000000	0.000000	0.000000	0.000000	0.000000
0.911158	-0.852796	0.810653	0.000000	0.000000	0.000000	0.000000	0.000000	0.000000	0.000000
0.911179	-0.852821	0.810653	0.000000	0.000000	0.000000	0.000000	0.000000	0.000000	0.000000
0.911118	-0.852857	0.810653	0.000000	0.000000	0.000000	0.000000	0.000000	0.000000	0.000000
0.911062	-0.852534	0.810653	0.000000	0.000000	0.000000	0.000000	0.000000	0.000000	0.000000
0.911124	-0.852697	0.810653	0.000000	0.000000	0.000000	0.000000	0.000000	0.000000	0.000000
0.911036	-0.852622	0.810653	-0.000000	0.000000	0.000000	0.000000	0.000000	0.000000	0.000000
0.910998	-0.852694	0.810653	-0.000000	0.000000	0.000000	0.000000	0.000000	0.000000	0.000000
0.911040	-0.853040	0.810653	0.000000	0.000000	0.000000	0.000000	0.000000	0.000000	0.000000
0.911035	-0.852791	0.810653	0.000000	0.000000	0.000000	0.000000	0.000000	0.000000	0.000000
0.911115	-0.852488	0.810653	0.000000	0.000000	0.000000	0.000000	0.000000	0.000000	0.000000
0.911050	-0.852916	0.810653	-0.000000	0.000000	0.000000	0.000000	0.000000	0.000000	0.000000
0.911167	-0.852699	0.810580	0.000000	0.000000	0.000000	0.000000	0.000000	0.000000	0.000000
0.911112	-0.852852	0.810653	0.000000	0.000000	0.000000	0.000000	0.000000	0.000000	0.000000
0.911023	-0.852826	0.810653	-0.000000	0.000000	0.000000	0.000000	0.000000	0.000000	0.000000
0.911100	-0.852462	0.810653	0.000000	0.000000	0.000000	0.000000	0.000000	0.000000	0.000000
0.911126	-0.852857	0.810653	-0.000000	0.000000	0.000000	0.000000	0.000000	0.000000	0.000000
0.911101	-0.852764	0.810653	-0.000000	0.000000	0.000000	0.000000	0.000000	0.000000	0.000000
0.911057	-0.852706	0.810653	0.000000	0.000000	0.000000	0.000000	0.000000	0.000000	0.000000
0.910991	-0.852583	0.810653	0.000000	0.000000	0.000000	0.000000	0.000000	0.000000	0.000000
0.911128	-0.852915	0.810653	0.000000	0.000000	0.000000	0.000000	0.000000	0.000000	0.000000
0.911046	-0.852799	0.810653	0.000000	0.000000	0.000000	0.000000	0.000000	0.000000	0.000000
0.911139	-0.852684	0.810653	-0.000000	0.000000	0.000000	0.000000	0.000000	0.000000	0.000000
0.911104	-0.852570	0.810653	-0.000000	0.000000	0.000000	0.000000	0.000000	0.000000	0.000000
0.910947	-0.852790	0.810653	0.000000	0.000000	0.000000	0.000000	0.000000	0.000000	0.000000
0.911092	-0.852458	0.810653	0.000000	0.000000	0.000000	0.000000	0.000000	0.000000	0.000000
0.911079	-0.852709	0.810653	-0.000000	0.000000	0.000000	0.000000	0.000000	0.000000	0.000000
0.911164	-0.852379	0.810653	0.000000	0.000000	0.000000	0.000000	0.000000	0.000000	0.000000
0.910971	-0.852780	0.810653	-0.000000	0.000000	0.000000	0.000000	0.000000	0.000000	0.000000
0.911104	-0.852744	0.810653	0.000000	0.000000	0.000000	0.000000	0.000000	0.000000	0.000000
0.911180	-0.852687	0.810366	0.000000	0.000000	0.000000	0.000000	0.000000	0.000000	0.000000
0.911026	-0.852886	0.810653	-0.000000	0.000000	0.000000	0.000000	0.000000	0.000000	0.000000
0.911154	-0.852776	0.810653	-0.000000	0.000000	0.000000	0.000000	0.000000	0.000000	0.000000
0.911123	-0.852649	0.810653	-0.000000	0.000000	0.000000	0.000000	0.000000	0.000000	0.000000
0.911066	-0.852524	0.810653	-0.000000	0.000000	0.000000	0.000000	0.000000	0.000000	0.000000
0.911111	-0.852716	0.810653	0.000000	0.000000	0.000000	0.000000	0.000000	0.000000	0.000000
0.911084	-0.852687	0.810652	-0.000000	0.000000	0.000000	0.000000	0.000000	0.000000	0.000000
0.911289	-0.852718	0.810653	0.000000	0.000000	0.000000	0.000000	0.000000	0.000000	0.000000
0.911143	-0.852703	0.810653	0.000000	0.000000	0.000000	0.000000	0.000000	0.000000	0.000000
0.911025	-0.852487	0.810653	-0.000000	0.000000	0.000000	0.000000	0.000000	0.000000	0.000000
0.911040	-0.852962	0.810653	0.000000	0.000000	0.000000	0.000000	0.000000	0.000000	0.000000
0.911114	-0.852530	0.810653	-0.000000	0.000000	0.000000	0.000000	0.000000	0.000000	0.000000
0.911116	-0.852641	0.810653	0.000000	0.000000	0.000000	0.000000	0.000000	0.000000	0.000000
0.911082	-0.852832	0.810653	-0.000000	0.000000	0.000000	0.000000	0.000000	0.000000	0.000000
0.911107	-0.852698	0.810653	-0.000000	0.000000	0.000000	0.000000	0.000000	0.000000	0.000000
0.911094	-0.852828	0.810653	-0.000000	0.000000	0.000000	0.000000	0.000000	0.000000	0.000000
0.911099	-0.852900	0.810653	-0.000000	0.000000	0.000000	0.000000	0.000000	0.000000	0.000000
0.911199	-0.852637	0.810653	-0.000000	0.000000	0.000000	0.000000	0.000000	0.000000	0.000000
0.911057	-0.852666	0.810653	-0.000000	0.000000	0.000000	0.000000	0.000000	0.000000	0.000000
0.911128	-0.852782	0.810653	-0.000000	0.000000	0.000000	0.000000	0.000000	0.000000	0.000000
0.911071	-0.852514	0.810653	-0.000000	0.000000	0.000000	0.000000	0.000000	0.000000	0.000000
0.911071	-0.852816	0.810643	0.000000	0.000000	0.000000	0.000000	0.000000	0.000000	0.000000
0.911020	-0.852510	0.810653	0.000000	0.000000	0.000000	0.000000	0.000000	0.000000	0.000000
0.910978	-0.852573	0.810653	0.000000	0.000000	0.000000	0.000000	0.000000	0.000000	0.000000
0.911241	-0.852863	0.810653	0.000000	0.000000	0.000000	0.000000	0.000000	0.000000	0.000000
0.911197	-0.852674	0.810653	0.000000	0.000000	0.000000	0.000000	0.000000	0.000000	0.000000
0.911161	-0.852838	0.810653	-0.000000	0.000000	0.000000	0.000000	0.000000	0.000000	0.000000
0.911246	-0.852852	0.810653	0.000000	0.000000	0.000000	0.000000	0.000000	0.000000	0.000000
0.911244	-0.852806	0.807713	-0.000000	0.000000	0.000000	0.000000	0.000000	0.000000	0.000000
0.911086	-0.852776	0.810651	-0.000000	0.000000	0.000000	0.000000	0.000000	0.000000	0.000000
0.911246	-0.852853	0.810653	-0.000000	0.000000	0.000000	0.000000	0.000000	0.000000	0.000000
0.911093	-0.853054	0.810650	-0.000000	0.000000	0.000000	0.000000	0.000000	0.000000	0.000000
0.911087	-0.852821	0.810653	0.000000	0.000000	0.000000	0.000000	0.000000	0.000000	0.000000
0.911157	-0.852571	0.810653	0.000000	0.000000	0.000000	0.000000	0.000000	0.000000	0.000000
0.911060	-0.852650	0.810653	-0.000000	0.000000	0.000000	0.000000	0.000000	0.000000	0.000000
0.911144	-0.852798	0.810653	0.000000	0.000000	0.000000	0.000000	0.000000	0.000000	0.000000
0.911052	-0.852772	0.810653	0.000000	0.000000	0.000000	0.000000	0.000000	0.000000	0.000000
0.911161	-0.852773	0.810653	0.000000	0.000000	0.000000	0.000000	0.000000	0.000000	0.000000
0.911135	-0.852540	0.810653	0.000000	0.000000	0.000000	0.000000	0.000000	0.000000	0.000000
0.911072	-0.852884	0.810653	0.000000	0.000000	0.000000	0.000000	0.000000	0.000000	0.000000
0.911065	-0.852782	0.810653	0.000000	0.000000	0.000000	0.000000	0.000000	0.000000	0.000000
0.911108	-0.852627	0.810653	-0.000000	0.000000	0.000000	0.000000	0.000000	0.000000	0.000000
0.911043	-0.852895	0.404067	-0.000000	0.000000	0.000000	0.000000	0.000000	0.000000	0.000000
0.911125	-0.852739	0.810653	-0.000000	0.000000	0.000000	0.000000	0.000000	0.000000	0.000000
0.911133	-0.852728	0.810653	-0.000000	0.000000	0.000000	0.000000	0.000000	0.000000	0.000000
0.911142	-0.852573	0.810653	0.000000	0.000000	0.000000	0.000000	0.000000	0.000000	0.000000
0.911076	-0.852584	0.810653	0.000000	0.000000	0.000000	0.000000	0.000000	0.000000	0.000000
0.910913	-0.852863	0.810653	0.000000	0.000000	0.000000	0.000000	0.000000	0.000000	0.000000
0.911134	-0.852525	0.810653	0.000000	0.000000	0.000000	0.000000	0.000000	0.000000	0.000000
0.910905	-0.852421	0.810653	-0.000000	0.000000	0.000000	0.000000	0.000000	0.000000	0.000000
0.911131	-0.852842	0.810653	-0.000000	0.000000	0.000000	0.000000	0.000000	0.000000	0.000000
0.911125	-0.852819	0.810653	-0.000000	0.000000	0.000000	0.000000	0.000000	0.000000	0.000000
0.911104	-0.852813	0.810653	0.000000	0.000000	0.000000	0.000000	0.000000	0.000000	0.000000
0.911088	-0.852561	0.810653	-0.000000	0.000000	0.000000	0.000000	0.000000	0.000000	0.000000
0.911211	-0.852263	0.810653	0.000000	0.000000	0.000000	0.000000	0.000000	0.000000	0.000000
0.911199	-0.852698	0.810653	0.000000	0.000000	0.000000	0.000000	0.000000	0.000000	0.000000
0.911102	-0.852461	0.810653	-0.000000	0.000000	0.000000	0.000000	0.000000	0.000000	0.000000
0.911049	-0.852395	0.810653	-0.000000	0.000000	0.000000	0.000000	0.000000	0.000000	0.000000
0.911143	-0.852649	0.810653	-0.000000	0.000000	0.000000	0.000000	0.000000	0.000000	0.000000
0.911117	-0.852732	0.810653	0.000000	0.000000	0.000000	0.000000	0.000000	0.000000	0.000000
0.911161	-0.852540	0.810653	0.000000	0.000000	0.000000	0.000000	0.000000	0.000000	0.000000
0.911150	-0.852606	0.810652	-0.000000	0.000000	0.000000	0.000000	0.000000	0.000000	0.000000
0.911121	-0.852464	0.810653	0.000000	0.000000	0.000000	0.000000	0.000000	0.000000	0.000000
0.911013	-0.852649	0.810650	0.000000	0.000000	0.000000	0.000000	0.000000	0.000000	0.000000
0.911040	-0.852634	0.810653	0.000000	0.000000	0.000000	0.000000	0.000000	0.000000	0.000000
0.911219	-0.852938	0.810653	-0.000000	0.000000	0.000000	0.000000	0.000000	0.000000	0.000000
0.911072	-0.852393	0.810653	-0.000000	0.000000	0.000000	0.000000	0.000000	0.000000	0.000000
0.911017	-0.852640	0.810653	-0.000000	0.000000	0.000000	0.000000	0.000000	0.000000	0.000000
0.911188	-0.852676	0.810653	-0.000000	0.000000	0.000000	0.000000	0.000000	0.000000	0.000000
0.911055	-0.852670	0.810653	0.000000	0.000000	0.000000	0.000000	0.000000	0.000000	0.000000
0.911200	-0.852584	0.810653	0.000000	0.000000	0.000000	0.000000	0.000000	0.000000	0.000000
0.911313	-0.852800	0.810651	0.000000	0.000000	0.000000	0.000000	0.000000	0.000000	0.000000
0.910953	-0.852678	0.810653	-0.000000	0.000000	0.000000	0.000000	0.000000	0.000000	0.000000
0.911176	-0.852724	0.810653	-0.000000	0.000000	0.000000	0.000000	0.000000	0.000000	0.000000
0.911052	-0.852567	0.810653	-0.000000	0.000000	0.000000	0.000000	0.000000	0.000000	0.000000
0.911122	-0.852726	0.810653	-0.000000	0.000000	0.000000	0.000000	0.000000	0.000000	0.000000
0.911176	-0.852757	0.810653	0.000000	0.000000	0.000000	0.000000	0.000000	0.000000	0.000000
0.911114	-0.852851	0.810653	0.000000	0.000000	0.000000	0.000000	0.000000	0.000000	0.000000
0.910992	-0.852570	0.810653	-0.000000	0.000000	0.000000	0.000000	0.000000	0.000000	0.000000
0.911080	-0.852522	0.810653	0.000000	0.000000	0.000000	0.000000	0.000000	0.000000	0.000000
0.911124	-0.852715	0.810653	-0.000000	0.000000	0.000000	0.000000	0.000000	0.000000	0.000000
0.910990	-0.852729	0.810640	0.000000	0.000000	0.000000	0.000000	0.000000	0.000000	0.000000
0.911162	-0.852654	0.810653	-0.000000	0.000000	0.000000	0.000000	0.000000	0.000000	0.000000
0.911157	-0.852681	0.810653	0.000000	0.000000	0.000000	0.000000	0.000000	0.000000	0.000000
0.910989	-0.852741	0.810650	-0.000000	0.000000	0.000000	0.000000	0.000000	0.000000	0.000000
0.911059	-0.852613	0.810653	0.000000	0.000000	0.000000	0.000000	0.000000	0.000000	0.000000
0.911072	-0.852775	0.810653	-0.000000	0.000000	0.000000	0.000000	0.000000	0.000000	0.000000
0.911207	-0.852800	0.810653	-0.000000	0.000000	0.000000	0.000000	0.000000	0.000000	0.000000
0.911126	-0.852633	0.810653	0.000000	0.000000	0.000000	0.000000	0.000000	0.000000	0.000000
0.910896	-0.852649	0.810653	0.000000	0.000000	0.000000	0.000000	0.000000	0.000000	0.000000
0.911184	-0.852661	0.810653	-0.000000	0.000000	0.000000	0.000000	0.000000	0.000000	0.000000
0.910994	-0.852720	0.810653	0.000000	0.000000	0.000000	0.000000	0.000000	0.000000	0.000000
0.911196	-0.852801	0.810653	-0.000000	0.000000	0.000000	0.000000	0.000000	0.000000	0.000000
0.911303	-0.852688	0.810653	-0.000000	0.000000	0.000000	0.000000	0.000000	0.000000	0.000000
0.910956	-0.852988	0.810653	-0.000000	0.000000	0.000000	0.000000	0.000000	0.000000	0.000000
0.911098	-0.852536	0.810653	-0.000000	0.000000	0.000000	0.000000	0.000000	0.000000	0.000000
0.911001	-0.852823	0.810648	0.000000	0.000000	0.000000	0.000000	0.000000	0.000000	0.000000
0.911035	-0.852761	0.810653	-0.000000	0.000000	0.000000	0.000000	0.000000	0.000000	0.000000
0.911071	-0.852616	0.810653	-0.000000	0.000000	0.000000	0.000000	0.000000	0.000000	0.000000
0.911228	-0.853030	0.810653	0.000000	0.000000	0.000000	0.000000	0.000000	0.000000	0.000000
0.911074	-0.852735	0.810653	-0.000000	0.000000	0.000000	0.000000	0.000000	0.000000	0.000000
0.911122	-0.852466	0.810653	-0.000000	0.000000	0.000000	0.000000	0.000000	0.000000	0.000000
0.911037	-0.852553	0.810653	-0.000000	0.000000	0.000000	0.000000	0.000000	0.000000	0.000000
0.911188	-0.852540	0.810652	-0.000000	0.000000	0.000000	0.000000	0.000000	0.000000	0.000000
0.911072	-0.852836	0.810653	-0.000000	0.000000	0.000000	0.000000	0.000000	0.000000	0.000000
0.911121	-0.853077	0.810653	-0.000000	0.000000	0.000000	0.000000	0.000000	0.000000	0.000000
0.911031	-0.852839	0.810653	-0.000000	0.000000	0.000000	0.000000	0.000000	0.000000	0.000000
0.911077	-0.852934	0.810653	-0.000000	0.000000	0.000000	0.000000	0.000000	0.000000	0.000000
0.911135	-0.852659	0.810653	-0.000000	0.000000	0.000000	0.000000	0.000000	0.000000	0.000000
0.911009	-0.852913	0.810653	-0.000000	0.000000	0.000000	0.000000	0.000000	0.000000	0.000000
0.911113	-0.852751	0.810653	-0.000000	0.000000	0.000000	0.000000	0.000000	0.000000	0.000000
0.911121	-0.852694	0.810653	-0.000000	0.000000	0.000000	0.000000	0.000000	0.000000	0.000000
0.911075	-0.852870	0.810653	0.000000	0.000000	0.000000	0.000000	0.000000	0.000000	0.000000
0.911161	-0.852822	0.810653	0.000000	0.000000	0.000000	0.000000	0.000000	0.000000	0.000000
0.911297	-0.852710	0.810653	-0.000000	0.000000	0.000000	0.000000	0.000000	0.000000	0.000000
0.911156	-0.852830	0.810628	-0.000000	0.000000	0.000000	0.000000	0.000000	0.000000	0.000000
0.911079	-0.852764	0.810653	-0.000000	0.000000	0.000000	0.000000	0.000000	0.000000	0.000000
0.911148	-0.852663	0.810653	-0.000000	0.000000	0.000000	0.000000	0.000000	0.000000	0.000000
0.911063	-0.852690	0.810653	0.000000	0.000000	0.000000	0.000000	0.000000	0.000000	0.000000
0.911152	-0.852768	0.810653	0.000000	0.000000	0.000000	0.000000	0.000000	0.000000	0.000000
0.911155	-0.852676	0.810653	-0.000000	0.000000	0.000000	0.000000	0.000000	0.000000	0.000000
0.911194	-0.852659	0.810649	0.000000	0.000000	0.000000	0.000000	0.000000	0.000000	0.000000
0.911200	-0.852588	0.810653	-0.000000	0.000000	0.000000	0.000000	0.000000	0.000000	0.000000
0.911060	-0.852738	0.810653	-0.000000	0.000000	0.000000	0.000000	0.000000	0.000000	0.000000
0.911133	-0.852795	0.810653	-0.000000	0.000000	0.000000	0.000000	0.000000	0.000000	0.000000
0.911146	-0.852786	0.810653	-0.000000	0.000000	0.000000	0.000000	0.000000	0.000000	0.000000
0.911038	-0.852612	0.810653	-0.000000	0.000000	0.000000	0.000000	0.000000	0.000000	0.000000
0.911094	-0.852626	0.810653	-0.000000	0.000000	0.000000	0.000000	0.000000	0.000000	0.000000
0.910966	-0.852648	0.810653	-0.000000	0.000000	0.000000	0.000000	0.000000	0.000000	0.000000
0.911052	-0.852699	0.810653	-0.000000	0.000000	0.000000	0.000000	0.000000	0.000000	0.000000
0.911020	-0.852534	0.810653	-0.000000	0.000000	0.000000	0.000000	0.000000	0.000000	0.000000
0.911116	-0.852765	0.810653	0.000000	0.000000	0.000000	0.000000	0.000000	0.000000	0.000000
0.911148	-0.852510	0.810653	0.000000	0.000000	0.000000	0.000000	0.000000	0.000000	0.000000
0.911150	-0.853010	0.810653	0.000000	0.000000	0.000000	0.000000	0.000000	0.000000	0.000000
0.910982	-0.852734	0.810653	-0.000000	0.000000	0.000000	0.000000	0.000000	0.000000	0.000000
0.911014	-0.852855	0.810653	-0.000000	0.000000	0.000000	0.000000	0.000000	0.000000	0.000000
0.911059	-0.852578	0.810653	-0.000000	0.000000	0.000000	0.000000	0.000000	0.000000	0.000000
0.911127	-0.852729	0.810653	-0.000000	0.000000	0.000000	0.000000	0.000000	0.000000	0.000000
0.911093	-0.852833	0.810638	-0.000000	0.000000	0.000000	0.000000	0.000000	0.000000	0.000000
0.911203	-0.852929	0.810653	-0.000000	0.000000	0.000000	0.000000	0.000000	0.000000	0.000000
0.911048	-0.852548	0.810653	0.000000	0.000000	0.000000	0.000000	0.000000	0.000000	0.000000
0.910953	-0.852655	0.810652	-0.000000	0.000000	0.000000	0.000000	0.000000	0.000000	0.000000
0.911011	-0.852630	0.810653	0.000000	0.000000	0.000000	0.000000	0.000000	0.000000	0.000000
0.911093	-0.852661	0.810653	0.000000	0.000000	0.000000	0.000000	0.000000	0.000000	0.000000
0.911026	-0.852846	0.810653	0.000000	0.000000	0.000000	0.000000	0.000000	0.000000	0.000000
0.911212	-0.852500	0.810653	-0.000000	0.000000	0.000000	0.000000	0.000000	0.000000	0.000000
0.911137	-0.852702	0.810653	-0.000000	0.000000	0.000000	0.000000	0.000000	0.000000	0.000000
0.911188	-0.852359	0.810653	0.000000	0.000000	0.000000	0.000000	0.000000	0.000000	0.000000
0.911045	-0.852788	0.810653	-0.000000	0.000000	0.000000	0.000000	0.000000	0.000000	0.000000
0.911173	-0.852492	0.810653	-0.000000	0.000000	0.000000	0.000000	0.000000	0.000000	0.000000
0.911113	-0.852619	0.810653	-0.000000	0.000000	0.000000	0.000000	0.000000	0.000000	0.000000
0.911073	-0.852618	0.810653	-0.000000	0.000000	0.000000	0.000000	0.000000	0.000000	0.000000
0.911102	-0.852639	0.810653	0.000000	0.000000	0.000000	0.000000	0.000000	0.000000	0.000000
0.911020	-0.852450	0.810653	0.000000	0.000000	0.000000	0.000000	0.000000	0.000000	0.000000
0.911095	-0.852595	0.810653	0.000000	0.000000	0.000000	0.000000	0.000000	0.000000	0.000000
0.911140	-0.852747	0.810653	-0.000000	0.000000	0.000000	0.000000	0.000000	0.000000	0.000000
0.911161	-0.852586	0.810653	-0.000000	0.000000	0.000000	0.000000	0.000000	0.000000	0.000000
0.911108	-0.852793	0.810653	-0.000000	0.000000	0.000000	0.000000	0.000000	0.000000	0.000000
0.911068	-0.852452	0.810653	-0.000000	0.000000	0.000000	0.000000	0.000000	0.000000	0.000000
0.910976	-0.852549	0.810653	0.000000	0.000000	0.000000	0.000000	0.000000	0.000000	0.000000
0.911130	-0.852708	0.810653	0.000000	0.000000	0.000000	0.000000	0.000000	0.000000	0.000000
0.911128	-0.852772	0.810652	0.000000	0.000000	0.000000	0.000000	0.000000	0.000000	0.000000
0.911109	-0.852910	0.810653	0.000000	0.000000	0.000000	0.000000	0.000000	0.000000	0.000000
0.911097	-0.852622	0.810653	0.000000	0.000000	0.000000	0.000000	0.000000	0.000000	0.000000
0.911044	-0.852581	0.810650	-0.000000	0.000000	0.000000	0.000000	0.000000	0.000000	0.000000
0.911089	-0.852853	0.810653	0.000000	0.000000	0.000000	0.000000	0.000000	0.000000	0.000000
0.911103	-0.852738	0.810653	0.000000	0.000000	0.000000	0.000000	0.000000	0.000000	0.000000
0.911060	-0.852688	0.810653	-0.000000	0.000000	0.000000	0.000000	0.000000	0.000000	0.000000
0.911068	-0.852813	0.810653	-0.000000	0.000000	0.000000	0.000000	0.000000	0.000000	0.000000
0.911100	-0.853226	0.810653	-0.000000	0.000000	0.000000	0.000000	0.000000	0.000000	0.000000
0.911038	-0.852673	0.810653	-0.000000	0.000000	0.000000	0.000000	0.000000	0.000000	0.000000
0.911170	-0.852756	0.810653	0.000000	0.000000	0.000000	0.000000	0.000000	0.000000	0.000000
0.911096	-0.852741	0.810653	0.000000	0.000000	0.000000	0.000000	0.000000	0.000000	0.000000
0.911074	-0.852803	0.810653	0.000000	0.000000	0.000000	0.000000	0.000000	0.000000	0.000000
0.911023	-0.852846	0.810653	-0.000000	0.000000	0.000000	0.000000	0.000000	0.000000	0.000000
0.911124	-0.852557	0.810653	-0.000000	0.000000	0.000000	0.000000	0.000000	0.000000	0.000000
0.911043	-0.852765	0.810653	0.000000	0.000000	0.000000	0.000000	0.000000	0.000000	0.000000
0.911049	-0.853084	0.810653	-0.000000	0.000000	0.000000	0.000000	0.000000	0.000000	0.000000
0.911005	-0.852540	0.810653	0.000000	0.000000	0.000000	0.000000	0.000000	0.000000	0.000000
0.910934	-0.000006	0.000000	-0.000000	0.000000	0.000000	0.000000	0.000000	0.000000	0.000000
0.911076	-0.852569	-0.841890	-0.000000	0.000000	0.000000	0.000000	0.000000	0.000000	0.000000
0.911160	-0.852552	-0.841888	-0.000000	0.000000	0.000000	0.000000	0.000000	0.000000	0.000000
0.911172	-0.852470	-0.841889	0.000000	0.000000	0.000000	0.000000	0.000000	0.000000	0.000000
0.911084	-0.852502	-0.841889	-0.000000	0.000000	0.000000	0.000000	0.000000	0.000000	0.000000
0.911107	-0.852740	-0.841889	0.000000	0.000000	0.000000	0.000000	0.000000	0.000000	0.000000
0.911029	-0.852603	-0.841889	-0.000000	0.000000	0.000000	0.000000	0.000000	0.000000	0.000000
0.911147	-0.852910	-0.841889	0.000000	0.000000	0.000000	0.000000	0.000000	0.000000	0.000000
0.911152	-0.852978	-0.841889	0.000000	0.000000	0.000000	0.000000	0.000000	0.000000	0.000000
0.911209	-0.852673	-0.841889	0.000000	0.000000	0.000000	0.000000	0.000000	0.000000	0.000000
0.911128	-0.852571	-0.841889	0.000000	0.000000	0.000000	0.000000	0.000000	0.000000	0.000000
0.911142	-0.852663	-0.841889	0.000000	0.000000	0.000000	0.000000	0.000000	0.000000	0.000000
0.911173	-0.852668	-0.841889	-0.000000	0.000000	0.000000	0.000000	0.000000	0.000000	0.000000
0.911151	-0.852912	-0.841889	0.000000	0.000000	0.000000	0.000000	0.000000	0.000000	0.000000
0.911054	-0.852871	-0.841889	0.000000	0.000000	0.000000	0.000000	0.000000	0.000000	0.000000
0.910982	-0.852673	-0.841889	-0.000000	0.000000	0.000000	0.000000	0.000000	0.000000	0.000000
0.911202	-0.852838	-0.841889	0.000000	0.000000	0.000000	0.000000	0.000000	0.000000	0.000000
0.911161	-0.853122	-0.841889	0.000000	0.000000	0.000000	0.000000	0.000000	0.000000	0.000000
0.911116	-0.852715	-0.841889	-0.000000	0.000000	0.000000	0.000000	0.000000	0.000000	0.000000
0.911054	-0.852726	-0.841889	-0.000000	0.000000	0.000000	0.000000	0.000000	0.000000	0.000000
0.911173	-0.852629	-0.841889	-0.000000	0.000000	0.000000	0.000000	0.000000	0.000000	0.000000
0.911045	-0.852590	-0.841889	0.000000	0.000000	0.000000	0.000000	0.000000	0.000000	0.000000
0.911139	-0.852801	-0.841889	-0.000000	0.000000	0.000000	0.000000	0.000000	0.000000	0.000000
0.911033	-0.852565	-0.841889	0.000000	0.000000	0.000000	0.000000	0.000000	0.000000	0.000000
0.911002	-0.852663	-0.841889	0.000000	0.000000	0.000000	0.000000	0.000000	0.000000	0.000000
0.911057	-0.852746	-0.841888	-0.000000	0.000000	0.000000	0.000000	0.000000	0.000000	0.000000
0.911034	-0.852806	-0.841889	-0.000000	0.000000	0.000000	0.000000	0.000000	0.000000	0.000000
0.911117	-0.852830	-0.841889	-0.000000	0.000000	0.000000	0.000000	0.000000	0.000000	0.000000
0.911143	-0.852522	-0.841889	-0.000000	0.000000	0.000000	0.000000	0.000000	0.000000	0.000000
0.911051	-0.852952	-0.841889	-0.000000	0.000000	0.000000	0.000000	0.000000	0.000000	0.000000
0.911130	-0.852568	-0.841889	0.000000	0.000000	0.000000	0.000000	0.000000	0.000000	0.000000
0.911018	-0.852883	-0.841889	-0.000000	0.000000	0.000000	0.000000	0.000000	0.000000	0.000000
0.911208	-0.852612	-0.841889	-0.000000	0.000000	0.000000	0.000000	0.000000	0.000000	0.000000
0.911027	-0.852968	-0.841889	-0.000000	0.000000	0.000000	0.000000	0.000000	0.000000	0.000000
0.911068	-0.852768	-0.841889	0.000000	0.000000	0.000000	0.000000	0.000000	0.000000	0.000000
0.911089	-0.852575	-0.841889	-0.000000	0.000000	0.000000	0.000000	0.000000	0.000000	0.000000
0.911095	-0.852539	-0.841889	0.000000	0.000000	0.000000	0.000000	0.000000	0.000000	0.000000
0.911029	-0.852677	-0.841889	0.000000	0.000000	0.000000	0.000000	0.000000	0.000000	0.000000
0.911162	-0.852840	-0.841889	-0.000000	0.000000	0.000000	0.000000	0.000000	0.000000	0.000000
0.911119	-0.852600	-0.841889	0.000000	0.000000	0.000000	0.000000	0.000000	0.000000	0.000000
0.911137	-0.852693	-0.841889	-0.000000	0.000000	0.000000	0.000000	0.000000	0.000000	0.000000
0.911052	-0.852601	-0.841889	-0.000000	0.000000	0.000000	0.000000	0.000000	0.000000	0.000000
0.911096	-0.852623	-0.841889	0.000000	0.000000	0.000000	0.000000	0.000000	0.000000	0.000000
0.911201	-0.852603	-0.841889	0.000000	0.000000	0.000000	0.000000	0.000000	0.000000	0.000000
0.911140	-0.852872	-0.841889	-0.000000	0.000000	0.000000	0.000000	0.000000	0.000000	0.000000
0.911093	-0.852610	-0.841889	0.000000	0.000000	0.000000	0.000000	0.000000	0.000000	0.000000
0.911006	-0.852623	-0.841889	0.000000	0.000000	0.000000	0.000000	0.000000	0.000000	0.000000
0.911161	-0.852869	-0.841889	-0.000000	0.000000	0.000000	0.000000	0.000000	0.000000	0.000000
0.911065	-0.852783	-0.841889	-0.000000	0.000000	0.000000	0.000000	0.000000	0.000000	0.000000
0.911008	-0.852855	-0.841889	0.000000	0.000000	0.000000	0.000000	0.000000	0.000000	0.000000
0.911187	-0.852534	-0.841889	0.000000	0.000000	0.000000	0.000000	0.000000	0.000000	0.000000
0.911117	-0.852623	-0.841889	0.000000	0.000000	0.000000	0.000000	0.000000	0.000000	0.000000
0.911053	-0.852869	-0.841889	-0.000000	0.000000	0.000000	0.000000	0.000000	0.000000	0.000000
0.911107	-0.852535	-0.841889	0.000000	0.000000	0.000000	0.000000	0.000000	0.000000	0.000000
0.911086	-0.852817	-0.841888	0.000000	0.000000	0.000000	0.000000	0.000000	0.000000	0.000000
0.911130	-0.852851	-0.841889	-0.000000	0.000000	0.000000	0.000000	0.000000	0.000000	0.000000
0.911096	-0.852678	-0.841889	-0.000000	0.000000	0.000000	0.000000	0.000000	0.000000	0.000000
0.911131	-0.852850	-0.841889	0.000000	0.000000	0.000000	0.000000	0.000000	0.000000	0.000000
0.910989	-0.852630	-0.841889	0.000000	0.000000	0.000000	0.000000	0.000000	0.000000	0.000000
0.911132	-0.852659	-0.841889	0.000000	0.000000	0.000000	0.000000	0.000000	0.000000	0.000000
0.911123	-0.852684	-0.841884	0.000000	0.000000	0.000000	0.000000	0.000000	0.000000	0.000000
0.910962	-0.852565	-0.841889	-0.000000	0.000000	0.000000	0.000000	0.000000	0.000000	0.000000
0.911114	-0.852868	-0.841889	-0.000000	0.000000	0.000000	0.000000	0.000000	0.000000	0.000000
0.910984	-0.852481	-0.841889	0.000000	0.000000	0.000000	0.000000	0.000000	0.000000	0.000000
0.911072	-0.852576	-0.841889	0.000000	0.000000	0.000000	0.000000	0.000000	0.000000	0.000000
0.911173	-0.852602	-0.841889	0.000000	0.000000	0.000000	0.000000	0.000000	0.000000	0.000000
0.911076	-0.852750	-0.841889	-0.000000	0.000000	0.000000	0.000000	0.000000	0.000000	0.000000
0.911056	-0.852617	-0.841889	0.000000	0.000000	0.000000	0.000000	0.000000	0.000000	0.000000
0.911184	-0.852707	-0.841889	-0.000000	0.000000	0.000000	0.000000	0.000000	0.000000	0.000000
0.911254	-0.852582	-0.841889	-0.000000	0.000000	0.000000	0.000000	0.000000	0.000000	0.000000
0.911081	-0.852519	-0.841889	-0.000000	0.000000	0.000000	0.000000	0.000000	0.000000	0.000000
0.911171	-0.852552	-0.841889	0.000000	0.000000	0.000000	0.000000	0.000000	0.000000	0.000000
0.911071	-0.852565	-0.841889	0.000000	0.000000	0.000000	0.000000	0.000000	0.000000	0.000000
0.911026	-0.852713	-0.841889	0.000000	0.000000	0.000000	0.000000	0.000000	0.000000	0.000000
0.911212	-0.852728	-0.841889	0.000000	0.000000	0.000000	0.000000	0.000000	0.000000	0.000000
0.911130	-0.852511	-0.841889	0.000000	0.000000	0.000000	0.000000	0.000000	0.000000	0.000000
0.910966	-0.852762	-0.841889	0.000000	0.000000	0.000000	0.000000	0.000000	0.000000	0.000000
0.911046	-0.852731	-0.841889	-0.000000	0.000000	0.000000	0.000000	0.000000	0.000000	0.000000
0.911114	-0.852548	-0.841889	0.000000	0.000000	0.000000	0.000000	0.000000	0.000000	0.000000
0.911096	-0.852581	-0.841888	0.000000	0.000000	0.000000	0.000000	0.000000	0.000000	0.000000
0.911070	-0.852878	-0.841889	-0.000000	0.000000	0.000000	0.000000	0.000000	0.000000	0.000000
0.911194	-0.852787	-0.841889	0.000000	0.000000	0.000000	0.000000	0.000000	0.000000	0.000000
0.911085	-0.852863	-0.841889	-0.000000	0.000000	0.000000	0.000000	0.000000	0.000000	0.000000
0.911228	-0.852461	-0.841889	-0.000000	0.000000	0.000000	0.000000	0.000000	0.000000	0.000000
0.911115	-0.852385	-0.841889	0.000000	0.000000	0.000000	0.000000	0.000000	0.000000	0.000000
0.911084	-0.852719	-0.841889	0.000000	0.000000	0.000000	0.000000	0.000000	0.000000	0.000000
0.911059	-0.853081	-0.841889	-0.000000	0.000000	0.000000	0.000000	0.000000	0.000000	0.000000
0.911059	-0.852881	-0.841889	0.000000	0.000000	0.000000	0.000000	0.000000	0.000000	0.000000
0.911074	-0.852578	-0.841889	-0.000000	0.000000	0.000000	0.000000	0.000000	0.000000	0.000000
0.911053	-0.852929	-0.841889	0.000000	0.000000	0.000000	0.000000	0.000000	0.000000	0.000000
0.911065	-0.852805	-0.841889	0.000000	0.000000	0.000000	0.000000	0.000000	0.000000	0.000000
0.911120	-0.852605	-0.841889	0.000000	0.000000	0.000000	0.000000	0.000000	0.000000	0.000000
0.910984	-0.852508	-0.841889	-0.000000	0.000000	0.000000	0.000000	0.000000	0.000000	0.000000
0.911044	-0.852680	-0.841889	0.000000	0.000000	0.000000	0.000000	0.000000	0.000000	0.000000
0.911189	-0.852567	-0.841889	-0.000000	0.000000	0.000000	0.000000	0.000000	0.000000	0.000000
0.911231	-0.852545	-0.841889	-0.000000	0.000000	0.000000	0.000000	0.000000	0.000000	0.000000
0.911163	-0.852805	-0.841889	-0.000000	0.000000	0.000000	0.000000	0.000000	0.000000	0.000000
0.911215	-0.852469	-0.841890	0.000000	0.000000	0.000000	0.000000	0.000000	0.000000	0.000000
0.911192	-0.852804	-0.841889	-0.000000	0.000000	0.000000	0.000000	0.000000	0.000000	0.000000
0.911156	-0.852542	-0.841889	-0.000000	0.000000	0.000000	0.000000	0.000000	0.000000	0.000000
0.911093	-0.852723	-0.841889	0.000000	0.000000	0.000000	0.000000	0.000000	0.000000	0.000000
0.911154	-0.852664	-0.841889	0.000000	0.000000	0.000000	0.000000	0.000000	0.000000	0.000000
0.911139	-0.852593	-0.841889	-0.000000	0.000000	0.000000	0.000000	0.000000	0.000000	0.000000
0.911104	-0.852803	-0.841889	-0.000000	0.000000	0.000000	0.000000	0.000000	0.000000	0.000000
0.910994	-0.852623	-0.841889	-0.000000	0.000000	0.000000	0.000000	0.000000	0.000000	0.000000
0.911223	-0.852786	-0.841889	-0.000000	0.000000	0.000000	0.000000	0.000000	0.000000	0.000000
0.911040	-0.852645	-0.841889	0.000000	0.000000	0.000000	0.000000	0.000000	0.000000	0.000000
0.911040	-0.852660	-0.841889	-0.000000	0.000000	0.000000	0.000000	0.000000	0.000000	0.000000
0.911119	-0.852867	-0.841889	0.000000	0.000000	0.000000	0.000000	0.000000	0.000000	0.000000
0.911128	-0.852688	-0.841889	0.000000	0.000000	0.000000	0.000000	0.000000	0.000000	0.000000
0.910992	-0.852937	-0.841889	0.000000	0.000000	0.000000	0.000000	0.000000	0.000000	0.000000
0.910999	-0.852663	-0.841889	0.000000	0.000000	0.000000	0.000000	0.000000	0.000000	0.000000
0.911067	-0.852719	-0.841889	-0.000000	0.000000	0.000000	0.000000	0.000000	0.000000	0.000000
0.911210	-0.852705	-0.841889	-0.000000	0.000000	0.000000	0.000000	0.000000	0.000000	0.000000
0.911177	-0.852668	-0.841889	-0.000000	0.000000	0.000000	0.000000	0.000000	0.000000	0.000000
0.911126	-0.852819	-0.841889	-0.000000	0.000000	0.000000	0.000000	0.000000	0.000000	0.000000
0.911065	-0.852740	-0.841886	0.000000	0.000000	0.000000	0.000000	0.000000	0.000000	0.000000
0.911097	-0.852592	-0.841889	-0.000000	0.000000	0.000000	0.000000	0.000000	0.000000	0.000000
0.911107	-0.852866	-0.841889	0.000000	0.000000	0.000000	0.000000	0.000000	0.000000	0.000000
0.910959	-0.852693	-0.841889	-0.000000	0.000000	0.000000	0.000000	0.000000	0.000000	0.000000
0.911131	-0.852717	-0.841889	-0.000000	0.000000	0.000000	0.000000	0.000000	0.000000	0.000000
0.911234	-0.852779	-0.841889	0.000000	0.000000	0.000000	0.000000	0.000000	0.000000	0.000000
0.911115	-0.852770	-0.841889	-0.000000	0.000000	0.000000	0.000000	0.000000	0.000000	0.000000
0.911019	-0.852660	-0.841889	-0.000000	0.000000	0.000000	0.000000	0.000000	0.000000	0.000000
0.911059	-0.852857	-0.841889	0.000000	0.000000	0.000000	0.000000	0.000000	0.000000	0.000000
0.911103	-0.852895	-0.841889	0.000000	0.000000	0.000000	0.000000	0.000000	0.000000	0.000000
0.911005	-0.852668	-0.841889	0.000000	0.000000	0.000000	0.000000	0.000000	0.000000	0.000000
0.910936	-0.852549	-0.841889	0.000000	0.000000	0.000000	0.000000	0.000000	0.000000	0.000000
0.911041	-0.852737	-0.841541	-0.000000	0.000000	0.000000	0.000000	0.000000	0.000000	0.000000
0.911045	-0.852602	-0.841889	-0.000000	0.000000	0.000000	0.000000	0.000000	0.000000	0.000000
0.911160	-0.852641	-0.841889	0.000000	0.000000	0.000000	0.000000	0.000000	0.000000	0.000000
0.911160	-0.852586	-0.841889	0.000000	0.000000	0.000000	0.000000	0.000000	0.000000	0.000000
0.911091	-0.852633	-0.841889	-0.000000	0.000000	0.000000	0.000000	0.000000	0.000000	0.000000
0.911143	-0.852902	-0.841889	0.000000	0.000000	0.000000	0.000000	0.000000	0.000000	0.000000
0.911169	-0.852845	-0.841889	-0.000000	0.000000	0.000000	0.000000	0.000000	0.000000	0.000000
0.911116	-0.852958	-0.841889	0.000000	0.000000	0.000000	0.000000	0.000000	0.000000	0.000000
0.911073	-0.852841	-0.841889	-0.000000	0.000000	0.000000	0.000000	0.000000	0.000000	0.000000
0.911030	-0.852635	-0.841889	0.000000	0.000000	0.000000	0.000000	0.000000	0.000000	0.000000
0.911132	-0.852921	-0.841889	0.000000	0.000000	0.000000	0.000000	0.000000	0.000000	0.000000
0.911198	-0.852611	-0.841889	0.000000	0.000000	0.000000	0.000000	0.000000	0.000000	0.000000
0.910993	-0.853060	-0.841889	-0.000000	0.000000	0.000000	0.000000	0.000000	0.000000	0.000000
0.911184	-0.852795	-0.841889	0.000000	0.000000	0.000000	0.000000	0.000000	0.000000	0.000000
0.911209	-0.852626	-0.841315	0.000000	0.000000	0.000000	0.000000	0.000000	0.000000	0.000000
0.911159	-0.852930	-0.841889	0.000000	0.000000	0.000000	0.000000	0.000000	0.000000	0.000000
0.911015	-0.852697	-0.841888	-0.000000	0.000000	0.000000	0.000000	0.000000	0.000000	0.000000
0.911120	-0.852634	-0.841889	0.000000	0.000000	0.000000	0.000000	0.000000	0.000000	0.000000
0.911255	-0.852694	-0.841889	-0.000000	0.000000	0.000000	0.000000	0.000000	0.000000	0.000000
0.911182	-0.852684	-0.841889	-0.000000	0.000000	0.000000	0.000000	0.000000	0.000000	0.000000
0.911018	-0.852939	-0.841889	0.000000	0.000000	0.000000	0.000000	0.000000	0.000000	0.000000
0.911215	-0.852771	-0.841889	-0.000000	0.000000	0.000000	0.000000	0.000000	0.000000	0.000000
0.911144	-0.852691	-0.841889	-0.000000	0.000000	0.000000	0.000000	0.000000	0.000000	0.000000
0.911128	-0.852555	-0.841888	0.000000	0.000000	0.000000	0.000000	0.000000	0.000000	0.000000
0.910954	-0.852824	-0.841889	-0.000000	0.000000	0.000000	0.000000	0.000000	0.000000	0.000000
0.911128	-0.852592	-0.841889	0.000000	0.000000	0.000000	0.000000	0.000000	0.000000	0.000000
0.911058	-0.852552	-0.841889	0.000000	0.000000	0.000000	0.000000	0.000000	0.000000	0.000000
0.911055	-0.852655	-0.841889	0.000000	0.000000	0.000000	0.000000	0.000000	0.000000	0.000000
0.910973	-0.852713	-0.841889	-0.000000	0.000000	0.000000	0.000000	0.000000	0.000000	0.000000
0.911115	-0.852767	-0.841889	-0.000000	0.000000	0.000000	0.000000	0.000000	0.000000	0.000000
0.911180	-0.852574	-0.841889	0.000000	0.000000	0.000000	0.000000	0.000000	0.000000	0.000000
0.910957	-0.852951	-0.841890	0.000000	0.000000	0.000000	0.000000	0.000000	0.000000	0.000000
0.911082	-0.852539	-0.841889	-0.000000	0.000000	0.000000	0.000000	0.000000	0.000000	0.000000
0.910947	-0.852572	-0.841876	-0.000000	0.000000	0.000000	0.000000	0.000000	0.000000	0.000000
0.911067	-0.852846	-0.841889	-0.000000	0.000000	0.000000	0.000000	0.000000	0.000000	0.000000
0.911177	-0.852700	-0.841889	-0.000000	0.000000	0.000000	0.000000	0.000000	0.000000	0.000000
0.911148	-0.852474	-0.841889	-0.000000	0.000000	0.000000	0.000000	0.000000	0.000000	0.000000
0.911151	-0.852667	-0.841889	-0.000000	0.000000	0.000000	0.000000	0.000000	0.000000	0.000000
0.911101	-0.852760	-0.841889	-0.000000	0.000000	0.000000	0.000000	0.000000	0.000000	0.000000
0.911268	-0.852865	-0.841889	-0.000000	0.000000	0.000000	0.000000	0.000000	0.000000	0.000000
0.911289	-0.852720	-0.841889	0.000000	0.000000	0.000000	0.000000	0.000000	0.000000	0.000000
0.911073	-0.852942	-0.841889	0.000000	0.000000	0.000000	0.000000	0.000000	0.000000	0.000000
0.911164	-0.852954	-0.841889	-0.000000	0.000000	0.000000	0.000000	0.000000	0.000000	0.000000
0.911072	-0.852725	-0.841889	-0.000000	0.000000	0.000000	0.000000	0.000000	0.000000	0.000000
0.911192	-0.852749	-0.841889	-0.000000	0.000000	0.000000	0.000000	0.000000	0.000000	0.000000
0.911104	-0.852942	-0.841889	-0.000000	0.000000	0.000000	0.000000	0.000000	0.000000	0.000000
0.911113	-0.852609	-0.841888	0.000000	0.000000	0.000000	0.000000	0.000000	0.000000	0.000000
0.911146	-0.852752	-0.841889	-0.000000	0.000000	0.000000	0.000000	0.000000	0.000000	0.000000
0.911194	-0.852651	-0.841889	0.000000	0.000000	0.000000	0.000000	0.000000	0.000000	0.000000
0.911121	-0.852805	-0.841889	-0.000000	0.000000	0.000000	0.000000	0.000000	0.000000	0.000000
0.911255	-0.852874	-0.841889	0.000000	0.000000	0.000000	0.000000	0.000000	0.000000	0.000000
0.911027	-0.852835	-0.841889	-0.000000	0.000000	0.000000	0.000000	0.000000	0.000000	0.000000
0.911095	-0.852912	-0.841889	0.000000	0.000000	0.000000	0.000000	0.000000	0.000000	0.000000
0.911020	-0.852651	-0.841889	0.000000	0.000000	0.000000	0.000000	0.000000	0.000000	0.000000
0.911146	-0.852623	-0.841889	0.000000	0.000000	0.000000	0.000000	0.000000	0.000000	0.000000
0.911141	-0.852796	-0.841889	0.000000	0.000000	0.000000	0.000000	0.000000	0.000000	0.000000
0.911151	-0.852616	-0.841889	-0.000000	0.000000	0.000000	0.000000	0.000000	0.000000	0.000000
0.911036	-0.852604	-0.841889	0.000000	0.000000	0.000000	0.000000	0.000000	0.000000	0.000000
0.911068	-0.852735	-0.841889	0.000000	0.000000	0.000000	0.000000	0.000000	0.000000	0.000000
0.911121	-0.852740	-0.841889	0.000000	0.000000	0.000000	0.000000	0.000000	0.000000	0.000000
0.910945	-0.852679	-0.841889	-0.000000	0.000000	0.000000	0.000000	0.000000	0.000000	0.000000
0.911130	-0.852809	-0.841889	-0.000000	0.000000	0.000000	0.000000	0.000000	0.000000	0.000000
0.911034	-0.852656	-0.841889	0.000000	0.000000	0.000000	0.000000	0.000000	0.000000	0.000000
0.911192	-0.852521	-0.841889	0.000000	0.000000	0.000000	0.000000	0.000000	0.000000	0.000000
0.911220	-0.852675	-0.841889	0.000000	0.000000	0.000000	0.000000	0.000000	0.000000	0.000000
0.911207	-0.852713	-0.841889	0.000000	0.000000	0.000000	0.000000	0.000000	0.000000	0.000000
0.911159	-0.852698	-0.841889	0.000000	0.000000	0.000000	0.000000	0.000000	0.000000	0.000000
0.911137	-0.852760	-0.841889	-0.000000	0.000000	0.000000	0.000000	0.000000	0.000000	0.000000
0.910958	-0.852704	-0.841889	-0.000000	0.000000	0.000000	0.000000	0.000000	0.000000	0.000000
0.910941	-0.852943	-0.841889	-0.000000	0.000000	0.000000	0.000000	0.000000	0.000000	0.000000
0.910968	-0.852627	-0.841890	-0.000000	0.000000	0.000000	0.000000	0.000000	0.000000	0.000000
0.911140	-0.852974	-0.841887	0.000000	0.000000	0.000000	0.000000	0.000000	0.000000	0.000000
0.910905	-0.852777	-0.841889	-0.000000	0.000000	0.000000	0.000000	0.000000	0.000000	0.000000
0.911070	-0.852792	-0.841890	-0.000000	0.000000	0.000000	0.000000	0.000000	0.000000	0.000000
0.911112	-0.852845	-0.841889	-0.000000	0.000000	0.000000	0.000000	0.000000	0.000000	0.000000
0.911133	-0.852629	-0.841889	-0.000000	0.000000	0.000000	0.000000	0.000000	0.000000	0.000000
0.911252	-0.852645	-0.841889	0.000000	0.000000	0.000000	0.000000	0.000000	0.000000	0.000000
0.911185	-0.852767	-0.841889	0.000000	0.000000	0.000000	0.000000	0.000000	0.000000	0.000000
0.910998	-0.852536	-0.841888	-0.000000	0.000000	0.000000	0.000000	0.000000	0.000000	0.000000
0.911132	-0.852654	-0.841889	-0.000000	0.000000	0.000000	0.000000	0.000000	0.000000	0.000000
0.911238	-0.852839	-0.841889	0.000000	0.000000	0.000000	0.000000	0.000000	0.000000	0.000000
0.911164	-0.852663	-0.841889	0.000000	0.000000	0.000000	0.000000	0.000000	0.000000	0.000000
0.911076	-0.852463	-0.841889	0.000000	0.000000	0.000000	0.000000	0.000000	0.000000	0.000000
0.911089	-0.852530	-0.841889	-0.000000	0.000000	0.000000	0.000000	0.000000	0.000000	0.000000
0.911049	-0.852842	-0.841889	0.000000	0.000000	0.000000	0.000000	0.000000	0.000000	0.000000
0.911053	-0.852990	-0.841889	0.000000	0.000000	0.000000	0.000000	0.000000	0.000000	0.000000
0.911132	-0.852459	-0.841889	0.000000	0.000000	0.000000	0.000000	0.000000	0.000000	0.000000
0.911117	-0.852690	-0.841889	0.000000	0.000000	0.000000	0.000000	0.000000	0.000000	0.000000
0.911170	-0.852813	-0.841889	0.000000	0.000000	0.000000	0.000000	0.000000	0.000000	0.000000
0.911004	-0.852751	-0.840986	-0.000000	0.000000	0.000000	0.000000	0.000000	0.000000	0.000000
0.911088	-0.852750	-0.841889	-0.000000	0.000000	0.000000	0.000000	0.000000	0.000000	0.000000
0.910941	-0.852916	-0.841889	0.000000	0.000000	0.000000	0.000000	0.000000	0.000000	0.000000
0.911179	-0.852917	-0.841876	0.000000	0.000000	0.000000	0.000000	0.000000	0.000000	0.000000
0.911201	-0.852738	-0.841889	-0.000000	0.000000	0.000000	0.000000	0.000000	0.000000	0.000000
0.911124	-0.852541	-0.841889	0.000000	0.000000	0.000000	0.000000	0.000000	0.000000	0.000000
0.911046	-0.852684	-0.841889	-0.000000	0.000000	0.000000	0.000000	0.000000	0.000000	0.000000
0.911051	-0.852368	-0.841889	0.000000	0.000000	0.000000	0.000000	0.000000	0.000000	0.000000
0.911007	-0.852554	-0.841889	0.000000	0.000000	0.000000	0.000000	0.000000	0.000000	0.000000
0.911172	-0.852680	-0.841889	0.000000	0.000000	0.000000	0.000000	0.000000	0.000000	0.000000
0.911174	-0.852993	-0.841878	-0.000000	0.000000	0.000000	0.000000	0.000000	0.000000	0.000000
0.911110	-0.852715	-0.841889	0.000000	0.000000	0.000000	0.000000	0.000000	0.000000	0.000000
0.911060	-0.852596	-0.841889	-0.000000	0.000000	0.000000	0.000000	0.000000	0.000000	0.000000
0.911171	-0.852816	-0.841889	0.000000	0.000000	0.000000	0.000000	0.000000	0.000000	0.000000
0.911163	-0.852652	-0.841889	-0.000000	0.000000	0.000000	0.000000	0.000000	0.000000	0.000000
0.911048	-0.852897	-0.841889	0.000000	0.000000	0.000000	0.000000	0.000000	0.000000	0.000000
0.910939	-0.852700	-0.841889	-0.000000	0.000000	0.000000	0.000000	0.000000	0.000000	0.000000
0.911196	-0.852569	-0.841889	0.000000	0.000000	0.000000	0.000000	0.000000	0.000000	0.000000
0.910961	-0.852645	-0.841889	-0.000000	0.000000	0.000000	0.000000	0.000000	0.000000	0.000000
0.911116	-0.852514	-0.841889	-0.000000	0.000000	0.000000	0.000000	0.000000	0.000000	0.000000
0.911033	-0.852746	-0.841889	-0.000000	0.000000	0.000000	0.000000	0.000000	0.000000	0.000000
0.911003	-0.852681	-0.841889	-0.000000	0.000000	0.000000	0.000000	0.000000	0.000000	0.000000
0.911171	-0.852682	-0.841889	0.000000	0.000000	0.000000	0.000000	0.000000	0.000000	0.000000
0.911254	-0.852754	-0.841889	0.000000	0.000000	0.000000	0.000000	0.000000	0.000000	0.000000
0.911079	-0.852815	-0.841889	0.000000	0.000000	0.000000	0.000000	0.000000	0.000000	0.000000
0.911050	-0.852812	-0.841889	-0.000000	0.000000	0.000000	0.000000	0.000000	0.000000	0.000000
0.911150	-0.852827	-0.841889	-0.000000	0.000000	0.000000	0.000000	0.000000	0.000000	0.000000
0.911106	-0.852747	-0.841889	-0.000000	0.000000	0.000000	0.000000	0.000000	0.000000	0.000000
0.911182	-0.852939	-0.841889	0.000000	0.000000	0.000000	0.000000	0.000000	0.000000	0.000000
0.911038	-0.852636	-0.841889	-0.000000	0.000000	0.000000	0.000000	0.000000	0.000000	0.000000
0.911268	-0.852619	-0.841889	-0.000000	0.000000	0.000000	0.000000	0.000000	0.000000	0.000000
0.911062	-0.852831	-0.841889	-0.000000	0.000000	0.000000	0.000000	0.000000	0.000000	0.000000
0.911137	-0.852879	-0.841889	0.000000	0.000000	0.000000	0.000000	0.000000	0.000000	0.000000
0.910751	0.844500	0.000000	-0.000000	0.000000	0.000000	0.000000	0.000000	0.000000	0.000000
0.911062	0.845259	0.000000	0.819629	0.000000	0.000000	0.000000	0.000000	0.000000	0.000000
0.911116	0.845598	-0.000000	0.819629	0.000000	0.000000	0.000000	0.000000	0.000000	0.000000
0.911122	0.845419	0.000000	0.819629	0.000000	0.000000	0.000000	0.000000	0.000000	0.000000
0.911152	0.845101	0.000000	0.819629	0.000000	0.000000	0.000000	0.000000	0.000000	0.000000
0.911201	0.845174	-0.000000	0.819629	0.000000	0.000000	0.000000	0.000000	0.000000	0.000000
0.911146	0.845112	0.000000	0.819629	0.000000	0.000000	0.000000	0.000000	0.000000	0.000000
0.911035	0.845082	-0.000000	0.819629	0.000000	0.000000	0.000000	0.000000	0.000000	0.000000
0.911232	0.845481	0.000000	0.819629	0.000000	0.000000	0.000000	0.000000	0.000000	0.000000
0.911036	0.845069	-0.000000	0.819629	0.000000	0.000000	0.000000	0.000000	0.000000	0.000000
0.911045	0.845223	0.000000	0.819629	0.000000	0.000000	0.000000	0.000000	0.000000	0.000000
0.911090	0.844935	0.000000	0.819629	0.000000	0.000000	0.000000	0.000000	0.000000	0.000000
0.910922	0.845031	-0.000000	0.819581	0.000000	0.000000	0.000000	0.000000	0.000000	0.000000
0.911115	0.845291	0.000000	0.819629	0.000000	0.000000	0.000000	0.000000	0.000000	0.000000
0.911012	0.845132	-0.000000	0.819629	0.000000	0.000000	0.000000	0.000000	0.000000	0.000000
0.911138	0.845267	-0.000000	0.819629	0.000000	0.000000	0.000000	0.000000	0.000000	0.000000
0.911072	0.844733	0.000000	0.809530	0.000000	0.000000	0.000000	0.000000	0.000000	0.000000
0.911167	0.845358	0.000000	0.819629	0.000000	0.000000	0.000000	0.000000	0.000000	0.000000
0.911056	0.845259	0.000000	0.819629	0.000000	0.000000	0.000000	0.000000	0.000000	0.000000
0.911019	0.845118	0.000000	0.819629	0.000000	0.000000	0.000000	0.000000	0.000000	0.000000
0.911080	0.845138	0.000000	0.819463	0.000000	0.000000	0.000000	0.000000	0.000000	0.000000
0.910993	0.845396	0.000000	0.819629	0.000000	0.000000	0.000000	0.000000	0.000000	0.000000
0.911151	0.845187	0.000000	0.819629	0.000000	0.000000	0.000000	0.000000	0.000000	0.000000
0.911220	0.845107	0.000000	0.819629	0.000000	0.000000	0.000000	0.000000	0.000000	0.000000
0.911136	0.845313	0.000000	0.819629	0.000000	0.000000	0.000000	0.000000	0.000000	0.000000
0.911056	0.845536	-0.000000	0.819629	0.000000	0.000000	0.000000	0.000000	0.000000	0.000000
0.911145	0.845065	0.000000	0.819629	0.000000	0.000000	0.000000	0.000000	0.000000	0.000000
0.911068	0.845169	-0.000000	0.819629	0.000000	0.000000	0.000000	0.000000	0.000000	0.000000
0.911164	0.845285	-0.000000	0.819629	0.000000	0.000000	0.000000	0.000000	0.000000	0.000000
0.911049	0.845214	-0.000000	0.819624	0.000000	0.000000	0.000000	0.000000	0.000000	0.000000
0.911087	0.845608	-0.000000	0.819629	0.000000	0.000000	0.000000	0.000000	0.000000	0.000000
0.911036	0.845106	0.000000	0.819629	0.000000	0.000000	0.000000	0.000000	0.000000	0.000000
0.911136	0.844852	0.000000	0.819629	0.000000	0.000000	0.000000	0.000000	0.000000	0.000000
0.911099	0.845179	0.000000	0.819629	0.000000	0.000000	0.000000	0.000000	0.000000	0.000000
0.911097	0.845396	-0.000000	0.819629	0.000000	0.000000	0.000000	0.000000	0.000000	0.000000
0.911096	0.845044	0.000000	0.819629	0.000000	0.000000	0.000000	0.000000	0.000000	0.000000
0.911134	0.845334	-0.000000	0.819629	0.000000	0.000000	0.000000	0.000000	0.000000	0.000000
0.911199	0.845182	-0.000000	0.819626	0.000000	0.000000	0.000000	0.000000	0.000000	0.000000
0.911075	0.845226	0.000000	0.819626	0.000000	0.000000	0.000000	0.000000	0.000000	0.000000
0.911059	0.845212	-0.000000	0.819629	0.000000	0.000000	0.000000	0.000000	0.000000	0.000000
0.911134	0.845017	0.000000	0.819627	0.000000	0.000000	0.000000	0.000000	0.000000	0.000000
0.911151	0.845423	0.000000	0.819629	0.000000	0.000000	0.000000	0.000000	0.000000	0.000000
0.911049	0.845223	0.000000	0.819629	0.000000	0.000000	0.000000	0.000000	0.000000	0.000000
0.911078	0.844914	0.000000	0.819598	0.000000	0.000000	0.000000	0.000000	0.000000	0.000000
0.911061	0.845147	0.000000	0.819627	0.000000	0.000000	0.000000	0.000000	0.000000	0.000000
0.911123	0.845033	0.000000	0.819629	0.000000	0.000000	0.000000	0.000000	0.000000	0.000000
0.911048	0.845126	-0.000000	0.819629	0.000000	0.000000	0.000000	0.000000	0.000000	0.000000
0.911036	0.844954	-0.000000	0.819629	0.000000	0.000000	0.000000	0.000000	0.000000	0.000000
0.911086	0.844940	0.000000	0.819629	0.000000	0.000000	0.000000	0.000000	0.000000	0.000000
0.911146	0.845119	0.000000	0.819629	0.000000	0.000000	0.000000	0.000000	0.000000	0.000000
0.911018	0.845237	0.000000	0.819629	0.000000	0.000000	0.000000	0.000000	0.000000	0.000000
0.911157	0.845284	-0.000000	0.819629	0.000000	0.000000	0.000000	0.000000	0.000000	0.000000
0.911081	0.845120	-0.000000	0.819629	0.000000	0.000000	0.000000	0.000000	0.000000	0.000000
0.911090	0.845273	0.000000	0.819629	0.000000	0.000000	0.000000	0.000000	0.000000	0.000000
0.910895	0.845091	0.000000	0.819628	0.000000	0.000000	0.000000	0.000000	0.000000	0.000000
0.911113	0.845225	0.000000	0.819629	0.000000	0.000000	0.000000	0.000000	0.000000	0.000000
0.911136	0.845478	-0.000000	0.819629	0.000000	0.000000	0.000000	0.000000	0.000000	0.000000
0.911090	0.845071	0.000000	0.792747	0.000000	0.000000	0.000000	0.000000	0.000000	0.000000
0.911176	0.845272	0.000000	0.819591	0.000000	0.000000	0.000000	0.000000	0.000000	0.000000
0.911105	0.845241	0.000000	0.819629	0.000000	0.000000	0.000000	0.000000	0.000000	0.000000
0.911176	0.845278	-0.000000	0.819629	0.000000	0.000000	0.000000	0.000000	0.000000	0.000000
0.911108	0.845501	0.000000	0.819623	0.000000	0.000000	0.000000	0.000000	0.000000	0.000000
0.911037	0.845070	-0.000000	0.684679	0.000000	0.000000	0.000000	0.000000	0.000000	0.000000
0.910978	0.844974	0.000000	0.819629	0.000000	0.000000	0.000000	0.000000	0.000000	0.000000
0.911111	0.845739	0.000000	0.819629	0.000000	0.000000	0.000000	0.000000	0.000000	0.000000
0.911058	0.845150	0.000000	0.819629	0.000000	0.000000	0.000000	0.000000	0.000000	0.000000
0.911264	0.845269	0.000000	0.819620	0.000000	0.000000	0.000000	0.000000	0.000000	0.000000
0.911031	0.845296	0.000000	0.819629	0.000000	0.000000	0.000000	0.000000	0.000000	0.000000
0.911132	0.845436	0.000000	0.819629	0.000000	0.000000	0.000000	0.000000	0.000000	0.000000
0.911144	0.845232	0.000000	0.819629	0.000000	0.000000	0.000000	0.000000	0.000000	0.000000
0.911082	0.845097	0.000000	0.819629	0.000000	0.000000	0.000000	0.000000	0.000000	0.000000
0.911095	0.845202	0.000000	0.819629	0.000000	0.000000	0.000000	0.000000	0.000000	0.000000
0.911139	0.845354	-0.000000	0.819622	0.000000	0.000000	0.000000	0.000000	0.000000	0.000000
0.911026	0.844916	0.000000	0.819629	0.000000	0.000000	0.000000	0.000000	0.000000	0.000000
0.911182	0.845588	0.000000	0.819629	0.000000	0.000000	0.000000	0.000000	0.000000	0.000000
0.911084	0.845258	0.000000	0.819623	0.000000	0.000000	0.000000	0.000000	0.000000	0.000000
0.911155	0.845051	-0.000000	0.819627	0.000000	0.000000	0.000000	0.000000	0.000000	0.000000
0.911074	0.845277	0.000000	0.819620	0.000000	0.000000	0.000000	0.000000	0.000000	0.000000
0.911089	0.845123	0.000000	0.819629	0.000000	0.000000	0.000000	0.000000	0.000000	0.000000
0.911094	0.845034	-0.000000	0.819625	0.000000	0.000000	0.000000	0.000000	0.000000	0.000000
0.911198	0.845468	0.000000	0.819629	0.000000	0.000000	0.000000	0.000000	0.000000	0.000000
0.911112	0.845024	0.000000	0.819628	0.000000	0.000000	0.000000	0.000000	0.000000	0.000000
0.911187	0.845174	0.000000	0.819629	0.000000	0.000000	0.000000	0.000000	0.000000	0.000000
0.911079	0.845032	0.000000	0.819611	0.000000	0.000000	0.000000	0.000000	0.000000	0.000000
0.911145	0.845493	-0.000000	0.819629	0.000000	0.000000	0.000000	0.000000	0.000000	0.000000
0.911086	0.845238	-0.000000	0.819629	0.000000	0.000000	0.000000	0.000000	0.000000	0.000000
0.911088	0.844978	0.000000	0.819629	0.000000	0.000000	0.000000	0.000000	0.000000	0.000000
0.911135	0.845210	0.000000	0.819629	0.000000	0.000000	0.000000	0.000000	0.000000	0.000000
0.911098	0.845276	0.000000	0.819625	0.000000	0.000000	0.000000	0.000000	0.000000	0.000000
0.911120	0.845171	0.000000	0.819619	0.000000	0.000000	0.000000	0.000000	0.000000	0.000000
0.911211	0.845275	0.000000	0.819627	0.000000	0.000000	0.000000	0.000000	0.000000	0.000000
0.911188	0.845042	0.000000	0.819629	0.000000	0.000000	0.000000	0.000000	0.000000	0.000000
0.911149	0.844797	0.000000	0.819629	0.000000	0.000000	0.000000	0.000000	0.000000	0.000000
0.911080	0.845101	0.000000	0.819629	0.000000	0.000000	0.000000	0.000000	0.000000	0.000000
0.911151	0.844934	-0.000000	0.819629	0.000000	0.000000	0.000000	0.000000	0.000000	0.000000
0.911162	0.845267	0.000000	0.819629	0.000000	0.000000	0.000000	0.000000	0.000000	0.000000
0.911207	0.844881	0.000000	0.819483	0.000000	0.000000	0.000000	0.000000	0.000000	0.000000
0.911100	0.845029	-0.000000	0.819629	0.000000	0.000000	0.000000	0.000000	0.000000	0.000000
0.911063	0.845482	0.000000	0.819629	0.000000	0.000000	0.000000	0.000000	0.000000	0.000000
0.911144	0.845041	-0.000000	0.819629	0.000000	0.000000	0.000000	0.000000	0.000000	0.000000
0.911138	0.845492	-0.000000	0.819628	0.000000	0.000000	0.000000	0.000000	0.000000	0.000000
0.911245	0.845376	0.000000	0.819629	0.000000	0.000000	0.000000	0.000000	0.000000	0.000000
0.911115	0.845071	-0.000000	0.819629	0.000000	0.000000	0.000000	0.000000	0.000000	0.000000
0.911127	0.845355	0.000000	0.819629	0.000000	0.000000	0.000000	0.000000	0.000000	0.000000
0.911024	0.845143	-0.000000	0.819629	0.000000	0.000000	0.000000	0.000000	0.000000	0.000000
0.911070	0.845180	-0.000000	0.819629	0.000000	0.000000	0.000000	0.000000	0.000000	0.000000
0.910928	0.845413	-0.000000	0.819627	0.000000	0.000000	0.000000	0.000000	0.000000	0.000000
0.911049	0.845462	0.000000	0.819629	0.000000	0.000000	0.000000	0.000000	0.000000	0.000000
0.911221	0.845577	0.000000	0.819629	0.000000	0.000000	0.000000	0.000000	0.000000	0.000000
0.911105	0.845391	0.000000	0.819629	0.000000	0.000000	0.000000	0.000000	0.000000	0.000000
0.911199	0.845123	0.000000	0.819629	0.000000	0.000000	0.000000	0.000000	0.000000	0.000000
0.911056	0.845503	0.000000	0.819629	0.000000	0.000000	0.000000	0.000000	0.000000	0.000000
0.911075	0.845158	0.000000	0.819629	0.000000	0.000000	0.000000	0.000000	0.000000	0.000000
0.911078	0.845405	0.000000	0.819629	0.000000	0.000000	0.000000	0.000000	0.000000	0.000000
0.911159	0.845156	0.000000	0.819629	0.000000	0.000000	0.000000	0.000000	0.000000	0.000000
0.910907	0.844996	-0.000000	0.819629	0.000000	0.000000	0.000000	0.000000	0.000000	0.000000
0.911202	0.845067	0.000000	0.819629	0.000000	0.000000	0.000000	0.000000	0.000000	0.000000
0.910974	0.845169	-0.000000	0.819629	0.000000	0.000000	0.000000	0.000000	0.000000	0.000000
0.911013	0.845460	-0.000000	0.819629	0.000000	0.000000	0.000000	0.000000	0.000000	0.000000
0.911113	0.845275	0.000000	0.819629	0.000000	0.000000	0.000000	0.000000	0.000000	0.000000
0.911072	0.845393	0.000000	0.819629	0.000000	0.000000	0.000000	0.000000	0.000000	0.000000
0.911048	0.845056	0.000000	0.819629	0.000000	0.000000	0.000000	0.000000	0.000000	0.000000
0.911133	0.844795	0.000000	0.819629	0.000000	0.000000	0.000000	0.000000	0.000000	0.000000
0.911126	0.845326	0.000000	0.819629	0.000000	0.000000	0.000000	0.000000	0.000000	0.000000
0.911209	0.845325	-0.000000	0.819629	0.000000	0.000000	0.000000	0.000000	0.000000	0.000000
0.911137	0.845134	0.000000	0.819629	0.000000	0.000000	0.000000	0.000000	0.000000	0.000000
0.911171	0.845061	-0.000000	0.819629	0.000000	0.000000	0.000000	0.000000	0.000000	0.000000
0.911184	0.845338	0.000000	0.819629	0.000000	0.000000	0.000000	0.000000	0.000000	0.000000
0.911096	0.845121	0.000000	0.819621	0.000000	0.000000	0.000000	0.000000	0.000000	0.000000
0.911070	0.845290	0.000000	0.819629	0.000000	0.000000	0.000000	0.000000	0.000000	0.000000
0.911037	0.845198	0.000000	0.819628	0.000000	0.000000	0.000000	0.000000	0.000000	0.000000
0.911079	0.845071	0.000000	0.819629	0.000000	0.000000	0.000000	0.000000	0.000000	0.000000
0.911076	0.845119	0.000000	0.819628	0.000000	0.000000	0.000000	0.000000	0.000000	0.000000
0.911096	0.845380	0.000000	0.819629	0.000000	0.000000	0.000000	0.000000	0.000000	0.000000
0.911230	0.845155	-0.000000	0.819629	0.000000	0.000000	0.000000	0.000000	0.000000	0.000000
0.911095	0.845075	0.000000	0.819470	0.000000	0.000000	0.000000	0.000000	0.000000	0.000000
0.911114	0.845394	0.000000	0.819629	0.000000	0.000000	0.000000	0.000000	0.000000	0.000000
0.911100	0.845266	0.000000	0.819629	0.000000	0.000000	0.000000	0.000000	0.000000	0.000000
0.911138	0.845291	0.000000	0.819629	0.000000	0.000000	0.000000	0.000000	0.000000	0.000000
0.911053	0.845039	0.000000	0.819629	0.000000	0.000000	0.000000	0.000000	0.000000	0.000000
0.910999	0.844995	0.000000	0.819625	0.000000	0.000000	0.000000	0.000000	0.000000	0.000000
0.910997	0.845097	0.000000	0.819603	0.000000	0.000000	0.000000	0.000000	0.000000	0.000000
0.911045	0.845313	0.000000	0.819629	0.000000	0.000000	0.000000	0.000000	0.000000	0.000000
0.910984	0.845245	0.000000	0.819629	0.000000	0.000000	0.000000	0.000000	0.000000	0.000000
0.911268	0.845083	0.000000	0.819629	0.000000	0.000000	0.000000	0.000000	0.000000	0.000000
0.911053	0.845277	0.000000	0.819629	0.000000	0.000000	0.000000	0.000000	0.000000	0.000000
0.911279	0.845231	0.000000	0.819629	0.000000	0.000000	0.000000	0.000000	0.000000	0.000000
0.911162	0.845311	0.000000	0.819629	0.000000	0.000000	0.000000	0.000000	0.000000	0.000000
0.911077	0.845338	-0.000000	0.819629	0.000000	0.000000	0.000000	0.000000	0.000000	0.000000
0.911247	0.844994	0.000000	0.819629	0.000000	0.000000	0.000000	0.000000	0.000000	0.000000
0.911013	0.845023	0.000000	0.819629	0.000000	0.000000	0.000000	0.000000	0.000000	0.000000
0.911213	0.845257	-0.000000	0.819629	0.000000	0.000000	0.000000	0.000000	0.000000	0.000000
0.911082	0.845083	-0.000000	0.819629	0.000000	0.000000	0.000000	0.000000	0.000000	0.000000
0.911145	0.845161	0.000000	0.819629	0.000000	0.000000	0.000000	0.000000	0.000000	0.000000
0.911025	0.845130	0.000000	0.819605	0.000000	0.000000	0.000000	0.000000	0.000000	0.000000
0.911082	0.845158	0.000000	0.819626	0.000000	0.000000	0.000000	0.000000	0.000000	0.000000
0.911115	0.845091	-0.000000	0.819499	0.000000	0.000000	0.000000	0.000000	0.000000	0.000000
0.911134	0.845236	-0.000000	0.819629	0.000000	0.000000	0.000000	0.000000	0.000000	0.000000
0.910965	0.845147	0.000000	0.819626	0.000000	0.000000	0.000000	0.000000	0.000000	0.000000
0.911029	0.845155	0.000000	0.819629	0.000000	0.000000	0.000000	0.000000	0.000000	0.000000
0.911053	0.845190	-0.000000	0.819629	0.000000	0.000000	0.000000	0.000000	0.000000	0.000000
0.911093	0.845070	-0.000000	0.819629	0.000000	0.000000	0.000000	0.000000	0.000000	0.000000
0.911189	0.845059	0.000000	0.819629	0.000000	0.000000	0.000000	0.000000	0.000000	0.000000
0.911133	0.845186	0.000000	0.819629	0.000000	0.000000	0.000000	0.000000	0.000000	0.000000
0.911180	0.845263	-0.000000	0.819629	0.000000	0.000000	0.000000	0.000000	0.000000	0.000000
0.911034	0.845369	-0.000000	0.819629	0.000000	0.000000	0.000000	0.000000	0.000000	0.000000
0.911107	0.844874	-0.000000	0.819621	0.000000	0.000000	0.000000	0.000000	0.000000	0.000000
0.911180	0.845356	0.000000	0.819629	0.000000	0.000000	0.000000	0.000000	0.000000	0.000000
0.911096	0.845066	0.000000	0.819629	0.000000	0.000000	0.000000	0.000000	0.000000	0.000000
0.911040	0.845257	-0.000000	0.819629	0.000000	0.000000	0.000000	0.000000	0.000000	0.000000
0.911078	0.845432	0.000000	0.819629	0.000000	0.000000	0.000000	0.000000	0.000000	0.000000
0.911133	0.844909	0.000000	0.819629	0.000000	0.000000	0.000000	0.000000	0.000000	0.000000
0.911159	0.844971	0.000000	0.819629	0.000000	0.000000	0.000000	0.000000	0.000000	0.000000
0.911098	0.845268	0.000000	0.819629	0.000000	0.000000	0.000000	0.000000	0.000000	0.000000
0.910974	0.845150	-0.000000	0.819619	0.000000	0.000000	0.000000	0.000000	0.000000	0.000000
0.911101	0.845293	0.000000	0.819629	0.000000	0.000000	0.000000	0.000000	0.000000	0.000000
0.910997	0.845246	0.000000	0.819629	0.000000	0.000000	0.000000	0.000000	0.000000	0.000000
0.911150	0.845610	0.000000	0.819629	0.000000	0.000000	0.000000	0.000000	0.000000	0.000000
0.911068	0.845265	-0.000000	0.819629	0.000000	0.000000	0.000000	0.000000	0.000000	0.000000
0.910889	0.845112	-0.000000	0.819624	0.000000	0.000000	0.000000	0.000000	0.000000	0.000000
0.911104	0.845099	-0.000000	0.819629	0.000000	0.000000	0.000000	0.000000	0.000000	0.000000
0.911051	0.845031	0.000000	0.819629	0.000000	0.000000	0.000000	0.000000	0.000000	0.000000
0.911223	0.845390	0.000000	0.819629	0.000000	0.000000	0.000000	0.000000	0.000000	0.000000
0.911141	0.844627	-0.000000	0.819629	0.000000	0.000000	0.000000	0.000000	0.000000	0.000000
0.911016	0.845276	-0.000000	0.819629	0.000000	0.000000	0.000000	0.000000	0.000000	0.000000
0.911109	0.845448	0.000000	0.819629	0.000000	0.000000	0.000000	0.000000	0.000000	0.000000
0.911112	0.845221	-0.000000	0.818924	0.000000	0.000000	0.000000	0.000000	0.000000	0.000000
0.911128	0.845356	0.000000	0.819629	0.000000	0.000000	0.000000	0.000000	0.000000	0.000000
0.911234	0.845380	0.000000	0.819629	0.000000	0.000000	0.000000	0.000000	0.000000	0.000000
0.911164	0.845257	0.000000	0.819629	0.000000	0.000000	0.000000	0.000000	0.000000	0.000000
0.911120	0.845324	-0.000000	0.819629	0.000000	0.000000	0.000000	0.000000	0.000000	0.000000
0.911148	0.845364	0.000000	0.819629	0.000000	0.000000	0.000000	0.000000	0.000000	0.000000
0.911124	0.845070	0.000000	0.819626	0.000000	0.000000	0.000000	0.000000	0.000000	0.000000
0.910976	0.844949	0.000000	0.819629	0.000000	0.000000	0.000000	0.000000	0.000000	0.000000
0.911043	0.845290	0.000000	0.819629	0.000000	0.000000	0.000000	0.000000	0.000000	0.000000
0.911134	0.844964	0.000000	0.819629	0.000000	0.000000	0.000000	0.000000	0.000000	0.000000
0.911037	0.845100	0.000000	0.819629	0.000000	0.000000	0.000000	0.000000	0.000000	0.000000
0.911087	0.845256	0.000000	0.819629	0.000000	0.000000	0.000000	0.000000	0.000000	0.000000
0.911173	0.845222	-0.000000	0.819624	0.000000	0.000000	0.000000	0.000000	0.000000	0.000000
0.911047	0.845236	-0.000000	0.819629	0.000000	0.000000	0.000000	0.000000	0.000000	0.000000
0.911195	0.845388	0.000000	0.819629	0.000000	0.000000	0.000000	0.000000	0.000000	0.000000
0.910976	0.845408	-0.000000	0.819629	0.000000	0.000000	0.000000	0.000000	0.000000	0.000000
0.911159	0.845390	0.000000	0.819629	0.000000	0.000000	0.000000	0.000000	0.000000	0.000000
0.911027	0.845169	-0.000000	0.819626	0.000000	0.000000	0.000000	0.000000	0.000000	0.000000
0.911201	0.845088	0.000000	0.819629	0.000000	0.000000	0.000000	0.000000	0.000000	0.000000
0.911263	0.845107	-0.000000	0.819629	0.000000	0.000000	0.000000	0.000000	0.000000	0.000000
0.911135	0.844728	0.000000	0.818801	0.000000	0.000000	0.000000	0.000000	0.000000	0.000000
0.911117	0.845239	0.000000	0.819628	0.000000	0.000000	0.000000	0.000000	0.000000	0.000000
0.911149	0.845133	0.000000	0.819629	0.000000	0.000000	0.000000	0.000000	0.000000	0.000000
0.911228	0.845428	0.000000	0.819629	0.000000	0.000000	0.000000	0.000000	0.000000	0.000000
0.911191	0.845320	0.000000	0.819629	0.000000	0.000000	0.000000	0.000000	0.000000	0.000000
0.911101	0.845220	-0.000000	0.819626	0.000000	0.000000	0.000000	0.000000	0.000000	0.000000
0.910956	0.844767	-0.000000	0.819585	0.000000	0.000000	0.000000	0.000000	0.000000	0.000000
0.911141	0.845252	-0.000000	0.819629	0.000000	0.000000	0.000000	0.000000	0.000000	0.000000
0.911065	0.845215	0.000000	0.819629	0.000000	0.000000	0.000000	0.000000	0.000000	0.000000
0.910997	0.845242	0.000000	0.819600	0.000000	0.000000	0.000000	0.000000	0.000000	0.000000
0.911139	0.845127	0.000000	0.819629	0.000000	0.000000	0.000000	0.000000	0.000000	0.000000
0.911154	0.844862	-0.000000	0.819629	0.000000	0.000000	0.000000	0.000000	0.000000	0.000000
0.911125	0.845498	-0.000000	0.819629	0.000000	0.000000	0.000000	0.000000	0.000000	0.000000
0.911037	0.845169	-0.000000	0.819394	0.000000	0.000000	0.000000	0.000000	0.000000	0.000000
0.910933	0.845223	0.000000	0.819291	0.000000	0.000000	0.000000	0.000000	0.000000	0.000000
0.911064	0.844997	0.000000	0.819629	0.000000	0.000000	0.000000	0.000000	0.000000	0.000000
0.911016	0.845045	-0.000000	0.819629	0.000000	0.000000	0.000000	0.000000	0.000000	0.000000
0.911117	0.845336	0.000000	0.810849	0.000000	0.000000	0.000000	0.000000	0.000000	0.000000
0.911055	0.845197	0.000000	0.819629	0.000000	0.000000	0.000000	0.000000	0.000000	0.000000
0.911174	0.845374	0.000000	0.819629	0.000000	0.000000	0.000000	0.000000	0.000000	0.000000
0.910991	0.845379	0.000000	0.819629	0.000000	0.000000	0.000000	0.000000	0.000000	0.000000
0.911092	0.845043	-0.000000	0.819600	0.000000	0.000000	0.000000	0.000000	0.000000	0.000000
0.911128	0.845103	-0.000000	0.819629	0.000000	0.000000	0.000000	0.000000	0.000000	0.000000
0.911134	0.845225	-0.000000	0.819629	0.000000	0.000000	0.000000	0.000000	0.000000	0.000000
0.911038	0.845144	-0.000000	0.819629	0.000000	0.000000	0.000000	0.000000	0.000000	0.000000
0.911029	0.845075	0.000000	0.819629	0.000000	0.000000	0.000000	0.000000	0.000000	0.000000
0.911184	0.845029	0.000000	0.819597	0.000000	0.000000	0.000000	0.000000	0.000000	0.000000
0.911157	0.845034	0.000000	0.819629	0.000000	0.000000	0.000000	0.000000	0.000000	0.000000
0.911132	0.845081	0.000000	0.819629	0.000000	0.000000	0.000000	0.000000	0.000000	0.000000
0.911109	0.845216	-0.000000	0.819629	0.000000	0.000000	0.000000	0.000000	0.000000	0.000000
0.911150	0.845245	-0.000000	0.819627	0.000000	0.000000	0.000000	0.000000	0.000000	0.000000
0.911096	0.844978	-0.000000	0.819629	0.000000	0.000000	0.000000	0.000000	0.000000	0.000000
0.911193	0.845234	0.000000	0.819629	0.000000	0.000000	0.000000	0.000000	0.000000	0.000000
0.911046	0.844899	0.000000	0.819629	0.000000	0.000000	0.000000	0.000000	0.000000	0.000000
0.911012	0.845332	0.000000	0.819629	0.000000	0.000000	0.000000	0.000000	0.000000	0.000000
0.911105	0.844661	0.000000	0.819629	0.000000	0.000000	0.000000	0.000000	0.000000	0.000000
0.911042	0.845105	-0.000000	0.819629	0.000000	0.000000	0.000000	0.000000	0.000000	0.000000
0.911020	0.845244	0.000000	0.819626	0.000000	0.000000	0.000000	0.000000	0.000000	0.000000
0.911110	0.845204	0.000000	0.819629	0.000000	0.000000	0.000000	0.000000	0.000000	0.000000
0.910992	0.845010	-0.000000	0.819629	0.000000	0.000000	0.000000	0.000000	0.000000	0.000000
0.911113	0.845136	0.000000	0.819629	0.000000	0.000000	0.000000	0.000000	0.000000	0.000000
0.911147	0.845460	0.000000	0.819629	0.000000	0.000000	0.000000	0.000000	0.000000	0.000000
0.911284	0.845167	0.000000	0.819629	0.000000	0.000000	0.000000	0.000000	0.000000	0.000000
0.911078	0.845108	-0.000000	0.819629	0.000000	0.000000	0.000000	0.000000	0.000000	0.000000
0.910918	0.844866	0.000000	-0.000785	0.000000	0.000000	0.000000	0.000000	0.000000	0.000000
0.911048	0.844939	0.000000	-0.816591	0.000000	0.000000	0.000000	0.000000	0.000000	0.000000
0.911103	0.844985	0.000000	-0.816591	0.000000	0.000000	0.000000	0.000000	0.000000	0.000000
0.911159	0.845467	0.000000	-0.816591	0.000000	0.000000	0.000000	0.000000	0.000000	0.000000
0.911192	0.845027	0.000000	-0.816591	0.000000	0.000000	0.000000	0.000000	0.000000	0.000000
0.911074	0.845189	-0.000000	-0.816591	0.000000	0.000000	0.000000	0.000000	0.000000	0.000000
0.911018	0.845397	0.000000	-0.816591	0.000000	0.000000	0.000000	0.000000	0.000000	0.000000
0.911168	0.845094	0.000000	-0.816591	0.000000	0.000000	0.000000	0.000000	0.000000	0.000000
0.911094	0.845283	-0.000000	-0.816580	0.000000	0.000000	0.000000	0.000000	0.000000	0.000000
0.911001	0.845001	0.000000	-0.816591	0.000000	0.000000	0.000000	0.000000	0.000000	0.000000
0.911262	0.845307	0.000000	-0.816565	0.000000	0.000000	0.000000	0.000000	0.000000	0.000000
0.911107	0.845123	-0.000000	-0.816591	0.000000	0.000000	0.000000	0.000000	0.000000	0.000000
0.911145	0.845166	0.000000	-0.816591	0.000000	0.000000	0.000000	0.000000	0.000000	0.000000
0.911050	0.845131	0.000000	-0.816591	0.000000	0.000000	0.000000	0.000000	0.000000	0.000000
0.911230	0.844919	0.000000	-0.816591	0.000000	0.000000	0.000000	0.000000	0.000000	0.000000
0.911146	0.844926	0.000000	-0.816589	0.000000	0.000000	0.000000	0.000000	0.000000	0.000000
0.911179	0.844913	0.000000	-0.816591	0.000000	0.000000	0.000000	0.000000	0.000000	0.000000
0.910933	0.845279	-0.000000	-0.816591	0.000000	0.000000	0.000000	0.000000	0.000000	0.000000
0.911029	0.844986	-0.000000	-0.816591	0.000000	0.000000	0.000000	0.000000	0.000000	0.000000
0.911134	0.845232	-0.000000	-0.740451	0.000000	0.000000	0.000000	0.000000	0.000000	0.000000
0.911172	0.845116	0.000000	-0.816591	0.000000	0.000000	0.000000	0.000000	0.000000	0.000000
0.911008	0.845014	0.000000	-0.816591	0.000000	0.000000	0.000000	0.000000	0.000000	0.000000
0.911112	0.845369	-0.000000	-0.816591	0.000000	0.000000	0.000000	0.000000	0.000000	0.000000
0.911047	0.845253	0.000000	-0.816591	0.000000	0.000000	0.000000	0.000000	0.000000	0.000000
0.911247	0.845179	-0.000000	-0.816592	0.000000	0.000000	0.000000	0.000000	0.000000	0.000000
0.911090	0.845048	0.000000	-0.816586	0.000000	0.000000	0.000000	0.000000	0.000000	0.000000
0.911201	0.845080	-0.000000	-0.816591	0.000000	0.000000	0.000000	0.000000	0.000000	0.000000
0.911106	0.845065	0.000000	-0.816591	0.000000	0.000000	0.000000	0.000000	0.000000	0.000000
0.911078	0.845584	-0.000000	-0.816591	0.000000	0.000000	0.000000	0.000000	0.000000	0.000000
0.911264	0.845188	-0.000000	-0.816591	0.000000	0.000000	0.000000	0.000000	0.000000	0.000000
0.911239	0.845287	0.000000	-0.816591	0.000000	0.000000	0.000000	0.000000	0.000000	0.000000
0.911057	0.844977	-0.000000	-0.816588	0.000000	0.000000	0.000000	0.000000	0.000000	0.000000
0.911130	0.845109	0.000000	-0.816484	0.000000	0.000000	0.000000	0.000000	0.000000	0.000000
0.911148	0.845256	-0.000000	-0.815611	0.000000	0.000000	0.000000	0.000000	0.000000	0.000000
0.911080	0.845099	0.000000	-0.816591	0.000000	0.000000	0.000000	0.000000	0.000000	0.000000
0.911109	0.844987	0.000000	-0.816591	0.000000	0.000000	0.000000	0.000000	0.000000	0.000000
0.911191	0.845305	0.000000	-0.816591	0.000000	0.000000	0.000000	0.000000	0.000000	0.000000
0.911116	0.845347	0.000000	-0.816579	0.000000	0.000000	0.000000	0.000000	0.000000	0.000000
0.911237	0.845014	0.000000	-0.816591	0.000000	0.000000	0.000000	0.000000	0.000000	0.000000
0.911162	0.845272	0.000000	-0.816591	0.000000	0.000000	0.000000	0.000000	0.000000	0.000000
0.911103	0.845385	0.000000	-0.816591	0.000000	0.000000	0.000000	0.000000	0.000000	0.000000
0.911012	0.844846	0.000000	-0.816591	0.000000	0.000000	0.000000	0.000000	0.000000	0.000000
0.911083	0.845349	0.000000	-0.816591	0.000000	0.000000	0.000000	0.000000	0.000000	0.000000
0.910947	0.845487	0.000000	-0.816591	0.000000	0.000000	0.000000	0.000000	0.000000	0.000000
0.911048	0.845102	-0.000000	-0.816591	0.000000	0.000000	0.000000	0.000000	0.000000	0.000000
0.911009	0.845220	0.000000	-0.816591	0.000000	0.000000	0.000000	0.000000	0.000000	0.000000
0.911125	0.845186	0.000000	-0.816591	0.000000	0.000000	0.000000	0.000000	0.000000	0.000000
0.911089	0.844992	-0.000000	-0.816591	0.000000	0.000000	0.000000	0.000000	0.000000	0.000000
0.911191	0.845362	0.000000	-0.816591	0.000000	0.000000	0.000000	0.000000	0.000000	0.000000
0.910992	0.845217	-0.000000	-0.816591	0.000000	0.000000	0.000000	0.000000	0.000000	0.000000
0.911046	0.845082	0.000000	-0.816591	0.000000	0.000000	0.000000	0.000000	0.000000	0.000000
0.911042	0.844909	0.000000	-0.816591	0.000000	0.000000	0.000000	0.000000	0.000000	0.000000
0.911121	0.845255	0.000000	-0.816589	0.000000	0.000000	0.000000	0.000000	0.000000	0.000000
0.911110	0.845400	0.000000	-0.816591	0.000000	0.000000	0.000000	0.000000	0.000000	0.000000
0.911204	0.845190	0.000000	-0.816591	0.000000	0.000000	0.000000	0.000000	0.000000	0.000000
0.911084	0.844997	0.000000	-0.816582	0.000000	0.000000	0.000000	0.000000	0.000000	0.000000
0.911239	0.844979	-0.000000	-0.816591	0.000000	0.000000	0.000000	0.000000	0.000000	0.000000
0.911205	0.845097	-0.000000	-0.816591	0.000000	0.000000	0.000000	0.000000	0.000000	0.000000
0.910972	0.845009	-0.000000	-0.816591	0.000000	0.000000	0.000000	0.000000	0.000000	0.000000
0.911197	0.845309	0.000000	-0.816591	0.000000	0.000000	0.000000	0.000000	0.000000	0.000000
0.911023	0.845279	0.000000	-0.816591	0.000000	0.000000	0.000000	0.000000	0.000000	0.000000
0.911038	0.845162	0.000000	-0.816591	0.000000	0.000000	0.000000	0.000000	0.000000	0.000000
0.911080	0.845260	-0.000000	-0.816591	0.000000	0.000000	0.000000	0.000000	0.000000	0.000000
0.910979	0.845023	-0.000000	-0.786330	0.000000	0.000000	0.000000	0.000000	0.000000	0.000000
0.911042	0.845036	-0.000000	-0.816591	0.000000	0.000000	0.000000	0.000000	0.000000	0.000000
0.911244	0.845095	0.000000	-0.816591	0.000000	0.000000	0.000000	0.000000	0.000000	0.000000
0.911031	0.845411	0.000000	-0.816591	0.000000	0.000000	0.000000	0.000000	0.000000	0.000000
0.911089	0.845161	0.000000	-0.816591	0.000000	0.000000	0.000000	0.000000	0.000000	0.000000
0.911034	0.845045	0.000000	-0.816591	0.000000	0.000000	0.000000	0.000000	0.000000	0.000000
0.911109	0.845191	-0.000000	-0.816591	0.000000	0.000000	0.000000	0.000000	0.000000	0.000000
0.910994	0.844959	-0.000000	-0.816591	0.000000	0.000000	0.000000	0.000000	0.000000	0.000000
0.911093	0.844978	0.000000	-0.816591	0.000000	0.000000	0.000000	0.000000	0.000000	0.000000
0.911034	0.845051	-0.000000	-0.816457	0.000000	0.000000	0.000000	0.000000	0.000000	0.000000
0.911185	0.845334	0.000000	-0.816591	0.000000	0.000000	0.000000	0.000000	0.000000	0.000000
0.911095	0.845199	-0.000000	-0.816591	0.000000	0.000000	0.000000	0.000000	0.000000	0.000000
0.911092	0.844986	0.000000	-0.816591	0.000000	0.000000	0.000000	0.000000	0.000000	0.000000
0.911074	0.845041	0.000000	-0.816591	0.000000	0.000000	0.000000	0.000000	0.000000	0.000000
0.911021	0.845272	0.000000	-0.816591	0.000000	0.000000	0.000000	0.000000	0.000000	0.000000
0.911034	0.844875	0.000000	-0.816591	0.000000	0.000000	0.000000	0.000000	0.000000	0.000000
0.911123	0.845252	-0.000000	-0.816592	0.000000	0.000000	0.000000	0.000000	0.000000	0.000000
0.911227	0.845485	-0.000000	-0.816591	0.000000	0.000000	0.000000	0.000000	0.000000	0.000000
0.911019	0.845146	0.000000	-0.816591	0.000000	0.000000	0.000000	0.000000	0.000000	0.000000
0.911215	0.845151	0.000000	-0.624522	0.000000	0.000000	0.000000	0.000000	0.000000	0.000000
0.910985	0.845191	0.000000	-0.816579	0.000000	0.000000	0.000000	0.000000	0.000000	0.000000
0.911114	0.845262	-0.000000	-0.816577	0.000000	0.000000	0.000000	0.000000	0.000000	0.000000
0.911045	0.845075	-0.000000	-0.816591	0.000000	0.000000	0.000000	0.000000	0.000000	0.000000
0.910960	0.845337	-0.000000	-0.816591	0.000000	0.000000	0.000000	0.000000	0.000000	0.000000
0.911040	0.845082	0.000000	-0.816569	0.000000	0.000000	0.000000	0.000000	0.000000	0.000000
0.910965	0.845426	0.000000	-0.816591	0.000000	0.000000	0.000000	0.000000	0.000000	0.000000
0.911060	0.845327	0.000000	-0.816591	0.000000	0.000000	0.000000	0.000000	0.000000	0.000000
0.911187	0.845188	0.000000	-0.816591	0.000000	0.000000	0.000000	0.000000	0.000000	0.000000
0.911148	0.844891	0.000000	-0.816591	0.000000	0.000000	0.000000	0.000000	0.000000	0.000000
0.911086	0.845214	0.000000	-0.816591	0.000000	0.000000	0.000000	0.000000	0.000000	0.000000
0.911157	0.845116	0.000000	-0.816591	0.000000	0.000000	0.000000	0.000000	0.000000	0.000000
0.911111	0.844837	-0.000000	-0.811980	0.000000	0.000000	0.000000	0.000000	0.000000	0.000000
0.911207	0.845140	0.000000	-0.816548	0.000000	0.000000	0.000000	0.000000	0.000000	0.000000
0.910966	0.845124	0.000000	-0.816591	0.000000	0.000000	0.000000	0.000000	0.000000	0.000000
0.911183	0.845456	0.000000	-0.816591	0.000000	0.000000	0.000000	0.000000	0.000000	0.000000
0.911124	0.845451	-0.000000	-0.816591	0.000000	0.000000	0.000000	0.000000	0.000000	0.000000
0.911072	0.844995	0.000000	-0.816591	0.000000	0.000000	0.000000	0.000000	0.000000	0.000000
0.911093	0.845256	0.000000	-0.816591	0.000000	0.000000	0.000000	0.000000	0.000000	0.000000
0.911216	0.845432	0.000000	-0.812692	0.000000	0.000000	0.000000	0.000000	0.000000	0.000000
0.911073	0.845149	-0.000000	-0.816510	0.000000	0.000000	0.000000	0.000000	0.000000	0.000000
0.911077	0.845337	0.000000	-0.816591	0.000000	0.000000	0.000000	0.000000	0.000000	0.000000
0.911031	0.845159	-0.000000	-0.816591	0.000000	0.000000	0.000000	0.000000	0.000000	0.000000
0.911065	0.845436	-0.000000	-0.816535	0.000000	0.000000	0.000000	0.000000	0.000000	0.000000
0.911132	0.845267	0.000000	-0.814887	0.000000	0.000000	0.000000	0.000000	0.000000	0.000000
0.911014	0.845074	-0.000000	-0.816591	0.000000	0.000000	0.000000	0.000000	0.000000	0.000000
0.911036	0.845320	0.000000	-0.816591	0.000000	0.000000	0.000000	0.000000	0.000000	0.000000
0.911146	0.845288	0.000000	-0.816439	0.000000	0.000000	0.000000	0.000000	0.000000	0.000000
0.911034	0.845283	0.000000	-0.816591	0.000000	0.000000	0.000000	0.000000	0.000000	0.000000
0.911085	0.845172	-0.000000	-0.816591	0.000000	0.000000	0.000000	0.000000	0.000000	0.000000
0.911134	0.844993	0.000000	-0.816591	0.000000	0.000000	0.000000	0.000000	0.000000	0.000000
0.911155	0.845054	-0.000000	-0.816591	0.000000	0.000000	0.000000	0.000000	0.000000	0.000000
0.911134	0.845213	-0.000000	-0.816591	0.000000	0.000000	0.000000	0.000000	0.000000	0.000000
0.911028	0.845273	0.000000	-0.816591	0.000000	0.000000	0.000000	0.000000	0.000000	0.000000
0.911085	0.844904	0.000000	-0.816591	0.000000	0.000000	0.000000	0.000000	0.000000	0.000000
0.911106	0.845003	0.000000	-0.816457	0.000000	0.000000	0.000000	0.000000	0.000000	0.000000
0.911116	0.845270	0.000000	-0.816591	0.000000	0.000000	0.000000	0.000000	0.000000	0.000000
0.910879	0.845035	0.000000	-0.816590	0.000000	0.000000	0.000000	0.000000	0.000000	0.000000
0.911059	0.845095	-0.000000	-0.816591	0.000000	0.000000	0.000000	0.000000	0.000000	0.000000
0.911272	0.845392	0.000000	-0.816591	0.000000	0.000000	0.000000	0.000000	0.000000	0.000000
0.911094	0.844917	-0.000000	-0.816577	0.000000	0.000000	0.000000	0.000000	0.000000	0.000000
0.911082	0.844804	-0.000000	-0.816557	0.000000	0.000000	0.000000	0.000000	0.000000	0.000000
0.911066	0.845344	0.000000	-0.816591	0.000000	0.000000	0.000000	0.000000	0.000000	0.000000
0.911097	0.845131	-0.000000	-0.816591	0.000000	0.000000	0.000000	0.000000	0.000000	0.000000
0.911092	0.845170	-0.000000	-0.816591	0.000000	0.000000	0.000000	0.000000	0.000000	0.000000
0.911138	0.845501	-0.000000	-0.816592	0.000000	0.000000	0.000000	0.000000	0.000000	0.000000
0.911058	0.845339	0.000000	-0.816592	0.000000	0.000000	0.000000	0.000000	0.000000	0.000000
0.911116	0.844950	0.000000	-0.816591	0.000000	0.000000	0.000000	0.000000	0.000000	0.000000
0.911126	0.845291	0.000000	-0.816591	0.000000	0.000000	0.000000	0.000000	0.000000	0.000000
0.911129	0.845158	0.000000	-0.816551	0.000000	0.000000	0.000000	0.000000	0.000000	0.000000
0.911181	0.845148	-0.000000	-0.816591	0.000000	0.000000	0.000000	0.000000	0.000000	0.000000
0.911193	0.845437	0.000000	-0.816590	0.000000	0.000000	0.000000	0.000000	0.000000	0.000000
0.911227	0.845126	-0.000000	-0.816590	0.000000	0.000000	0.000000	0.000000	0.000000	0.000000
0.911109	0.845246	-0.000000	-0.816591	0.000000	0.000000	0.000000	0.000000	0.000000	0.000000
0.911114	0.845251	0.000000	-0.816591	0.000000	0.000000	0.000000	0.000000	0.000000	0.000000
0.911168	0.845568	0.000000	-0.816581	0.000000	0.000000	0.000000	0.000000	0.000000	0.000000
0.911065	0.845336	-0.000000	-0.816591	0.000000	0.000000	0.000000	0.000000	0.000000	0.000000
0.911029	0.845249	-0.000000	-0.816591	0.000000	0.000000	0.000000	0.000000	0.000000	0.000000
0.910921	0.845188	0.000000	-0.816591	0.000000	0.000000	0.000000	0.000000	0.000000	0.000000
0.911146	0.845005	0.000000	-0.816591	0.000000	0.000000	0.000000	0.000000	0.000000	0.000000
0.911141	0.845002	0.000000	-0.816583	0.000000	0.000000	0.000000	0.000000	0.000000	0.000000
0.911052	0.845001	-0.000000	-0.816591	0.000000	0.000000	0.000000	0.000000	0.000000	0.000000
0.911209	0.845071	0.000000	-0.816591	0.000000	0.000000	0.000000	0.000000	0.000000	0.000000
0.910974	0.845133	-0.000000	-0.751969	0.000000	0.000000	0.000000	0.000000	0.000000	0.000000
0.910974	0.845423	0.000000	-0.816589	0.000000	0.000000	0.000000	0.000000	0.000000	0.000000
0.911121	0.845162	0.000000	-0.816591	0.000000	0.000000	0.000000	0.000000	0.000000	0.000000
0.910979	0.845225	0.000000	-0.816591	0.000000	0.000000	0.000000	0.000000	0.000000	0.000000
0.911201	0.845104	0.000000	-0.816591	0.000000	0.000000	0.000000	0.000000	0.000000	0.000000
0.911171	0.845228	0.000000	-0.816591	0.000000	0.000000	0.000000	0.000000	0.000000	0.000000
0.911198	0.845257	-0.000000	-0.816591	0.000000	0.000000	0.000000	0.000000	0.000000	0.000000
0.911123	0.845268	0.000000	-0.816591	0.000000	0.000000	0.000000	0.000000	0.000000	0.000000
0.911180	0.845353	0.000000	-0.816556	0.000000	0.000000	0.000000	0.000000	0.000000	0.000000
0.911243	0.845024	-0.000000	-0.816591	0.000000	0.000000	0.000000	0.000000	0.000000	0.000000
0.911065	0.845123	-0.000000	-0.816591	0.000000	0.000000	0.000000	0.000000	0.000000	0.000000
0.910938	0.844999	-0.000000	-0.816591	0.000000	0.000000	0.000000	0.000000	0.000000	0.000000
0.911184	0.845241	0.000000	-0.816591	0.000000	0.000000	0.000000	0.000000	0.000000	0.000000
0.911115	0.845030	0.000000	-0.816591	0.000000	0.000000	0.000000	0.000000	0.000000	0.000000
0.911035	0.845424	0.000000	-0.816591	0.000000	0.000000	0.000000	0.000000	0.000000	0.000000
0.911070	0.845071	-0.000000	-0.816591	0.000000	0.000000	0.000000	0.000000	0.000000	0.000000
0.911080	0.845368	0.000000	-0.816591	0.000000	0.000000	0.000000	0.000000	0.000000	0.000000
0.911012	0.845215	-0.000000	-0.816590	0.000000	0.000000	0.000000	0.000000	0.000000	0.000000
0.911175	0.845496	0.000000	-0.816591	0.000000	0.000000	0.000000	0.000000	0.000000	0.000000
0.911209	0.845040	0.000000	-0.816149	0.000000	0.000000	0.000000	0.000000	0.000000	0.000000
0.911089	0.845299	0.000000	-0.816591	0.000000	0.000000	0.000000	0.000000	0.000000	0.000000
0.911111	0.845130	0.000000	-0.816591	0.000000	0.000000	0.000000	0.000000	0.000000	0.000000
0.911114	0.845098	-0.000000	-0.816591	0.000000	0.000000	0.000000	0.000000	0.000000	0.000000
0.911126	0.844714	0.000000	-0.816591	0.000000	0.000000	0.000000	0.000000	0.000000	0.000000
0.911103	0.845368	0.000000	-0.815930	0.000000	0.000000	0.000000	0.000000	0.000000	0.000000
0.911074	0.845191	-0.000000	-0.816359	0.000000	0.000000	0.000000	0.000000	0.000000	0.000000
0.911090	0.845378	0.000000	-0.816591	0.000000	0.000000	0.000000	0.000000	0.000000	0.000000
0.911059	0.845169	-0.000000	-0.816589	0.000000	0.000000	0.000000	0.000000	0.000000	0.000000
0.911173	0.845322	0.000000	-0.816591	0.000000	0.000000	0.000000	0.000000	0.000000	0.000000
0.911065	0.845211	0.000000	-0.816591	0.000000	0.000000	0.000000	0.000000	0.000000	0.000000
0.911125	0.845574	0.000000	-0.816591	0.000000	0.000000	0.000000	0.000000	0.000000	0.000000
0.911246	0.845221	0.000000	-0.816545	0.000000	0.000000	0.000000	0.000000	0.000000	0.000000
0.911111	0.845223	0.000000	-0.816592	0.000000	0.000000	0.000000	0.000000	0.000000	0.000000
0.910897	0.845206	-0.000000	-0.816590	0.000000	0.000000	0.000000	0.000000	0.000000	0.000000
0.911104	0.845403	0.000000	-0.816591	0.000000	0.000000	0.000000	0.000000	0.000000	0.000000
0.911070	0.844990	-0.000000	-0.816575	0.000000	0.000000	0.000000	0.000000	0.000000	0.000000
0.910983	0.844877	0.000000	-0.816591	0.000000	0.000000	0.000000	0.000000	0.000000	0.000000
0.911245	0.845050	0.000000	-0.816591	0.000000	0.000000	0.000000	0.000000	0.000000	0.000000
0.911194	0.844925	-0.000000	-0.816591	0.000000	0.000000	0.000000	0.000000	0.000000	0.000000
0.911074	0.845187	0.000000	-0.816591	0.000000	0.000000	0.000000	0.000000	0.000000	0.000000
0.911066	0.845128	0.000000	-0.816591	0.000000	0.000000	0.000000	0.000000	0.000000	0.000000
0.911070	0.845131	0.000000	-0.269021	0.000000	0.000000	0.000000	0.000000	0.000000	0.000000
0.911154	0.845317	0.000000	-0.816591	0.000000	0.000000	0.000000	0.000000	0.000000	0.000000
0.911117	0.845239	0.000000	-0.816591	0.000000	0.000000	0.000000	0.000000	0.000000	0.000000
0.911039	0.845323	0.000000	-0.816591	0.000000	0.000000	0.000000	0.000000	0.000000	0.000000
0.911051	0.845147	0.000000	-0.816591	0.000000	0.000000	0.000000	0.000000	0.000000	0.000000
0.911090	0.845293	-0.000000	-0.816591	0.000000	0.000000	0.000000	0.000000	0.000000	0.000000
0.911093	0.845262	0.000000	-0.816591	0.000000	0.000000	0.000000	0.000000	0.000000	0.000000
0.911131	0.845299	-0.000000	-0.816591	0.000000	0.000000	0.000000	0.000000	0.000000	0.000000
0.911136	0.845169	0.000000	-0.816591	0.000000	0.000000	0.000000	0.000000	0.000000	0.000000
0.911136	0.845240	0.000000	-0.816591	0.000000	0.000000	0.000000	0.000000	0.000000	0.000000
0.911043	0.845131	-0.000000	-0.816591	0.000000	0.000000	0.000000	0.000000	0.000000	0.000000
0.911130	0.845156	-0.000000	-0.816306	0.000000	0.000000	0.000000	0.000000	0.000000	0.000000
0.911042	0.845080	0.000000	-0.816591	0.000000	0.000000	0.000000	0.000000	0.000000	0.000000
0.911102	0.845307	0.000000	-0.816591	0.000000	0.000000	0.000000	0.000000	0.000000	0.000000
0.911105	0.845323	-0.000000	-0.816591	0.000000	0.000000	0.000000	0.000000	0.000000	0.000000
0.911180	0.844943	0.000000	-0.816591	0.000000	0.000000	0.000000	0.000000	0.000000	0.000000
0.911080	0.845301	0.000000	-0.816588	0.000000	0.000000	0.000000	0.000000	0.000000	0.000000
0.911055	0.845098	0.000000	-0.816536	0.000000	0.000000	0.000000	0.000000	0.000000	0.000000
0.911121	0.845381	0.000000	-0.816408	0.000000	0.000000	0.000000	0.000000	0.000000	0.000000
0.911062	0.845020	0.000000	-0.816591	0.000000	0.000000	0.000000	0.000000	0.000000	0.000000
0.911190	0.845030	-0.000000	-0.816591	0.000000	0.000000	0.000000	0.000000	0.000000	0.000000
0.911058	0.845405	-0.000000	-0.816591	0.000000	0.000000	0.000000	0.000000	0.000000	0.000000
0.911172	0.845293	0.000000	-0.816586	0.000000	0.000000	0.000000	0.000000	0.000000	0.000000
0.911072	0.845180	0.000000	-0.816591	0.000000	0.000000	0.000000	0.000000	0.000000	0.000000
0.911131	0.845103	-0.000000	-0.816591	0.000000	0.000000	0.000000	0.000000	0.000000	0.000000
0.911051	0.845226	0.000000	-0.816591	0.000000	0.000000	0.000000	0.000000	0.000000	0.000000
0.910996	0.845028	-0.000000	-0.816591	0.000000	0.000000	0.000000	0.000000	0.000000	0.000000
0.911100	0.845194	0.000000	-0.816591	0.000000	0.000000	0.000000	0.000000	0.000000	0.000000
0.911082	0.845468	-0.000000	-0.816591	0.000000	0.000000	0.000000	0.000000	0.000000	0.000000
0.911084	0.845051	0.000000	-0.816591	0.000000	0.000000	0.000000	0.000000	0.000000	0.000000
0.911134	0.844987	-0.000000	-0.816591	0.000000	0.000000	0.000000	0.000000	0.000000	0.000000
0.911076	0.844964	0.000000	-0.816591	0.000000	0.000000	0.000000	0.000000	0.000000	0.000000
0.911119	0.845354	-0.000000	-0.816579	0.000000	0.000000	0.000000	0.000000	0.000000	0.000000
0.911072	0.844933	0.000000	-0.816592	0.000000	0.000000	0.000000	0.000000	0.000000	0.000000
0.911111	0.845010	0.000000	-0.816591	0.000000	0.000000	0.000000	0.000000	0.000000	0.000000
0.911174	0.845142	-0.000000	-0.816591	0.000000	0.000000	0.000000	0.000000	0.000000	0.000000
0.911104	0.845170	-0.000000	-0.816591	0.000000	0.000000	0.000000	0.000000	0.000000	0.000000
0.911062	0.845406	0.000000	-0.816589	0.000000	0.000000	0.000000	0.000000	0.000000	0.000000
0.911111	0.844926	-0.000000	-0.816588	0.000000	0.000000	0.000000	0.000000	0.000000	0.000000
0.911092	0.844995	-0.000000	-0.816591	0.000000	0.000000	0.000000	0.000000	0.000000	0.000000
0.911097	0.845113	0.000000	-0.816591	0.000000	0.000000	0.000000	0.000000	0.000000	0.000000
0.911234	0.845157	0.000000	-0.816591	0.000000	0.000000	0.000000	0.000000	0.000000	0.000000
0.911295	0.845209	-0.000000	-0.816591	0.000000	0.000000	0.000000	0.000000	0.000000	0.000000
0.911009	0.845245	0.000000	-0.816591	0.000000	0.000000	0.000000	0.000000	0.000000	0.000000
0.910975	0.845251	0.000000	-0.816343	0.000000	0.000000	0.000000	0.000000	0.000000	0.000000
0.911162	0.845154	0.000000	-0.816591	0.000000	0.000000	0.000000	0.000000	0.000000	0.000000
0.911061	0.845080	0.000000	-0.816591	0.000000	0.000000	0.000000	0.000000	0.000000	0.000000
0.911101	0.845333	-0.000000	-0.816591	0.000000	0.000000	0.000000	0.000000	0.000000	0.000000
0.911046	0.845347	0.000000	-0.816591	0.000000	0.000000	0.000000	0.000000	0.000000	0.000000
0.911211	0.845456	0.000000	-0.816591	0.000000	0.000000	0.000000	0.000000	0.000000	0.000000
0.911067	0.844971	0.000000	-0.816591	0.000000	0.000000	0.000000	0.000000	0.000000	0.000000
0.910979	0.845475	0.000000	-0.816556	0.000000	0.000000	0.000000	0.000000	0.000000	0.000000
0.911152	0.845258	0.000000	-0.816591	0.000000	0.000000	0.000000	0.000000	0.000000	0.000000
0.911061	0.845363	0.000000	-0.816591	0.000000	0.000000	0.000000	0.000000	0.000000	0.000000
0.911159	0.845244	0.000000	-0.816591	0.000000	0.000000	0.000000	0.000000	0.000000	0.000000
0.911062	0.845092	-0.000000	-0.816591	0.000000	0.000000	0.000000	0.000000	0.000000	0.000000
0.910924	0.845690	0.000000	-0.816591	0.000000	0.000000	0.000000	0.000000	0.000000	0.000000
0.911260	0.845405	-0.000000	-0.816588	0.000000	0.000000	0.000000	0.000000	0.000000	0.000000
0.911268	0.845240	0.000000	-0.816591	0.000000	0.000000	0.000000	0.000000	0.000000	0.000000
0.911073	0.845359	-0.000000	-0.816586	0.000000	0.000000	0.000000	0.000000	0.000000	0.000000
0.910976	0.845039	0.000000	-0.816591	0.000000	0.000000	0.000000	0.000000	0.000000	0.000000
0.911262	0.845026	0.000000	-0.816591	0.000000	0.000000	0.000000	0.000000	0.000000	0.000000
0.911141	0.845057	-0.000000	-0.816591	0.000000	0.000000	0.000000	0.000000	0.000000	0.000000
0.911125	0.845216	0.000000	-0.816563	0.000000	0.000000	0.000000	0.000000	0.000000	0.000000
