-0.895367	0.857491	0.835180	0.000000	0.000000	0.000000	0.000000	0.000000	0.000000	0.000000
-0.895357	0.857201	0.835320	0.000000	0.000000	0.000000	0.000000	0.000000	0.000000	0.000000
-0.895358	0.857726	0.835539	-0.000000	0.000000	0.000000	0.000000	0.000000	0.000000	0.000000
-0.895343	0.857553	0.834834	0.000000	0.000000	0.000000	0.000000	0.000000	0.000000	0.000000
-0.895384	0.857785	0.835387	-0.000000	0.000000	0.000000	0.000000	0.000000	0.000000	0.000000
-0.895319	0.857234	0.835267	-0.000000	0.000000	0.000000	0.000000	0.000000	0.000000	0.000000
-0.895383	0.856995	0.835468	-0.000000	0.000000	0.000000	0.000000	0.000000	0.000000	0.000000
-0.895375	0.857732	0.834895	0.000000	0.000000	0.000000	0.000000	0.000000	0.000000	0.000000
-0.895367	0.857605	0.835454	0.000000	0.000000	0.000000	0.000000	0.000000	0.000000	0.000000
-0.895332	0.857434	0.835394	-0.000000	0.000000	0.000000	0.000000	0.000000	0.000000	0.000000
-0.895380	0.858006	0.835523	-0.000000	0.000000	0.000000	0.000000	0.000000	0.000000	0.000000
-0.895313	0.857671	0.835580	0.000000	0.000000	0.000000	0.000000	0.000000	0.000000	0.000000
-0.895367	0.857641	0.835729	0.000000	0.000000	0.000000	0.000000	0.000000	0.000000	0.000000
-0.895349	0.857601	0.834987	-0.000000	0.000000	0.000000	0.000000	0.000000	0.000000	0.000000
-0.895324	0.857721	0.834516	-0.000000	0.000000	0.000000	0.000000	0.000000	0.000000	0.000000
-0.895362	0.857969	0.835749	0.000000	0.000000	0.000000	0.000000	0.000000	0.000000	0.000000
-0.895359	0.857532	0.834934	-0.000000	0.000000	0.000000	0.000000	0.000000	0.000000	0.000000
-0.895364	0.856487	0.835328	-0.000000	0.000000	0.000000	0.000000	0.000000	0.000000	0.000000
-0.895380	0.857426	0.835005	0.000000	0.000000	0.000000	0.000000	0.000000	0.000000	0.000000
-0.895420	0.857857	0.835524	0.000000	0.000000	0.000000	0.000000	0.000000	0.000000	0.000000
-0.895394	0.857541	0.835069	0.000000	0.000000	0.000000	0.000000	0.000000	0.000000	0.000000
-0.895331	0.857479	0.835456	-0.000000	0.000000	0.000000	0.000000	0.000000	0.000000	0.000000
-0.895418	0.857502	0.835269	-0.000000	0.000000	0.000000	0.000000	0.000000	0.000000	0.000000
-0.895315	0.857426	0.835340	0.000000	0.000000	0.000000	0.000000	0.000000	0.000000	0.000000
-0.895401	0.858187	0.835202	-0.000000	0.000000	0.000000	0.000000	0.000000	0.000000	0.000000
-0.895401	0.857270	0.835181	0.000000	0.000000	0.000000	0.000000	0.000000	0.000000	0.000000
-0.895388	0.857627	0.836024	0.000000	0.000000	0.000000	0.000000	0.000000	0.000000	0.000000
-0.895354	0.857360	0.835205	-0.000000	0.000000	0.000000	0.000000	0.000000	0.000000	0.000000
-0.895400	0.857816	0.834948	0.000000	0.000000	0.000000	0.000000	0.000000	0.000000	0.000000
-0.895363	0.857357	0.835621	-0.000000	0.000000	0.000000	0.000000	0.000000	0.000000	0.000000
-0.895350	0.857325	0.835047	0.000000	0.000000	0.000000	0.000000	0.000000	0.000000	0.000000
-0.895374	0.857427	0.835146	0.000000	0.000000	0.000000	0.000000	0.000000	0.000000	0.000000
-0.895374	0.857574	0.834913	0.000000	0.000000	0.000000	0.000000	0.000000	0.000000	0.000000
-0.895335	0.857584	0.834970	-0.000000	0.000000	0.000000	0.000000	0.000000	0.000000	0.000000
-0.895416	0.857603	0.835184	-0.000000	0.000000	0.000000	0.000000	0.000000	0.000000	0.000000
-0.895395	0.857298	0.834845	0.000000	0.000000	0.000000	0.000000	0.000000	0.000000	0.000000
-0.895411	0.857929	0.835341	-0.000000	0.000000	0.000000	0.000000	0.000000	0.000000	0.000000
-0.895337	0.857384	0.835449	0.000000	0.000000	0.000000	0.000000	0.000000	0.000000	0.000000
-0.895349	0.857481	0.835691	-0.000000	0.000000	0.000000	0.000000	0.000000	0.000000	0.000000
-0.895336	0.857741	0.835467	-0.000000	0.000000	0.000000	0.000000	0.000000	0.000000	0.000000
-0.895338	0.857091	0.835499	-0.000000	0.000000	0.000000	0.000000	0.000000	0.000000	0.000000
-0.895341	0.857261	0.835253	-0.000000	0.000000	0.000000	0.000000	0.000000	0.000000	0.000000
-0.895383	0.857656	0.835365	-0.000000	0.000000	0.000000	0.000000	0.000000	0.000000	0.000000
-0.895423	0.857444	0.834872	-0.000000	0.000000	0.000000	0.000000	0.000000	0.000000	0.000000
-0.895384	0.857228	0.835849	0.000000	0.000000	0.000000	0.000000	0.000000	0.000000	0.000000
-0.895381	0.857648	0.835107	0.000000	0.000000	0.000000	0.000000	0.000000	0.000000	0.000000
-0.895373	0.857338	0.835089	-0.000000	0.000000	0.000000	0.000000	0.000000	0.000000	0.000000
-0.895351	0.857175	0.835377	0.000000	0.000000	0.000000	0.000000	0.000000	0.000000	0.000000
-0.895358	0.857544	0.835324	-0.000000	0.000000	0.000000	0.000000	0.000000	0.000000	0.000000
-0.895340	0.857363	0.835103	-0.000000	0.000000	0.000000	0.000000	0.000000	0.000000	0.000000
-0.895353	0.857228	0.835857	-0.000000	0.000000	0.000000	0.000000	0.000000	0.000000	0.000000
-0.895368	0.857720	0.835643	-0.000000	0.000000	0.000000	0.000000	0.000000	0.000000	0.000000
-0.895417	0.857513	0.834977	-0.000000	0.000000	0.000000	0.000000	0.000000	0.000000	0.000000
-0.895365	0.857532	0.835373	0.000000	0.000000	0.000000	0.000000	0.000000	0.000000	0.000000
-0.895328	0.857522	0.835032	0.000000	0.000000	0.000000	0.000000	0.000000	0.000000	0.000000
-0.895359	0.857744	0.835696	0.000000	0.000000	0.000000	0.000000	0.000000	0.000000	0.000000
-0.895341	0.857509	0.835523	-0.000000	0.000000	0.000000	0.000000	0.000000	0.000000	0.000000
-0.895368	0.857826	0.835508	0.000000	0.000000	0.000000	0.000000	0.000000	0.000000	0.000000
-0.895349	0.857342	0.833298	0.000000	0.000000	0.000000	0.000000	0.000000	0.000000	0.000000
-0.895396	0.857439	0.834949	0.000000	0.000000	0.000000	0.000000	0.000000	0.000000	0.000000
-0.895439	0.857618	0.835254	-0.000000	0.000000	0.000000	0.000000	0.000000	0.000000	0.000000
-0.895417	0.857512	0.835639	-0.000000	0.000000	0.000000	0.000000	0.000000	0.000000	0.000000
-0.895372	0.857949	0.835583	-0.000000	0.000000	0.000000	0.000000	0.000000	0.000000	0.000000
-0.895360	0.857647	0.835519	0.000000	0.000000	0.000000	0.000000	0.000000	0.000000	0.000000
-0.895355	0.857355	0.835306	-0.000000	0.000000	0.000000	0.000000	0.000000	0.000000	0.000000
-0.895398	0.857649	0.799271	0.000000	0.000000	0.000000	0.000000	0.000000	0.000000	0.000000
-0.895356	0.857437	0.835214	-0.000000	0.000000	0.000000	0.000000	0.000000	0.000000	0.000000
-0.895394	0.858084	0.834745	-0.000000	0.000000	0.000000	0.000000	0.000000	0.000000	0.000000
-0.895362	0.857597	0.835151	-0.000000	0.000000	0.000000	0.000000	0.000000	0.000000	0.000000
-0.895335	0.857421	0.834927	0.000000	0.000000	0.000000	0.000000	0.000000	0.000000	0.000000
-0.895335	0.857794	0.835504	0.000000	0.000000	0.000000	0.000000	0.000000	0.000000	0.000000
-0.895323	0.857223	0.835018	0.000000	0.000000	0.000000	0.000000	0.000000	0.000000	0.000000
-0.895325	0.857767	0.835210	0.000000	0.000000	0.000000	0.000000	0.000000	0.000000	0.000000
-0.895339	0.857442	0.835207	0.000000	0.000000	0.000000	0.000000	0.000000	0.000000	0.000000
-0.895359	0.857354	0.835373	0.000000	0.000000	0.000000	0.000000	0.000000	0.000000	0.000000
-0.895327	0.857559	0.835609	-0.000000	0.000000	0.000000	0.000000	0.000000	0.000000	0.000000
-0.895402	0.857508	0.835386	0.000000	0.000000	0.000000	0.000000	0.000000	0.000000	0.000000
-0.895364	0.857699	0.835776	0.000000	0.000000	0.000000	0.000000	0.000000	0.000000	0.000000
-0.895352	0.857433	0.835405	0.000000	0.000000	0.000000	0.000000	0.000000	0.000000	0.000000
-0.895351	0.857789	0.835351	0.000000	0.000000	0.000000	0.000000	0.000000	0.000000	0.000000
-0.895396	0.857240	0.835242	-0.000000	0.000000	0.000000	0.000000	0.000000	0.000000	0.000000
-0.895356	0.857428	0.835301	-0.000000	0.000000	0.000000	0.000000	0.000000	0.000000	0.000000
-0.895400	0.857666	0.834986	0.000000	0.000000	0.000000	0.000000	0.000000	0.000000	0.000000
-0.895378	0.857538	0.835078	0.000000	0.000000	0.000000	0.000000	0.000000	0.000000	0.000000
-0.895433	0.857155	0.835178	-0.000000	0.000000	0.000000	0.000000	0.000000	0.000000	0.000000
-0.895369	0.857220	0.834874	-0.000000	0.000000	0.000000	0.000000	0.000000	0.000000	0.000000
-0.895369	0.857351	0.835251	-0.000000	0.000000	0.000000	0.000000	0.000000	0.000000	0.000000
-0.895371	0.857689	0.835274	-0.000000	0.000000	0.000000	0.000000	0.000000	0.000000	0.000000
-0.895333	0.857718	0.835323	-0.000000	0.000000	0.000000	0.000000	0.000000	0.000000	0.000000
-0.895409	0.857779	0.835506	-0.000000	0.000000	0.000000	0.000000	0.000000	0.000000	0.000000
-0.895373	0.857705	0.835149	-0.000000	0.000000	0.000000	0.000000	0.000000	0.000000	0.000000
-0.895362	0.857751	0.835921	0.000000	0.000000	0.000000	0.000000	0.000000	0.000000	0.000000
-0.895355	0.857596	0.835106	0.000000	0.000000	0.000000	0.000000	0.000000	0.000000	0.000000
-0.895340	0.857135	0.834782	-0.000000	0.000000	0.000000	0.000000	0.000000	0.000000	0.000000
-0.895312	0.857090	0.834973	0.000000	0.000000	0.000000	0.000000	0.000000	0.000000	0.000000
-0.895350	0.857597	0.835829	-0.000000	0.000000	0.000000	0.000000	0.000000	0.000000	0.000000
-0.895399	0.857331	0.835883	0.000000	0.000000	0.000000	0.000000	0.000000	0.000000	0.000000
-0.895346	0.857862	0.835248	-0.000000	0.000000	0.000000	0.000000	0.000000	0.000000	0.000000
-0.895336	0.856909	0.835457	-0.000000	0.000000	0.000000	0.000000	0.000000	0.000000	0.000000
-0.895354	0.857478	0.835831	0.000000	0.000000	0.000000	0.000000	0.000000	0.000000	0.000000
-0.895345	0.857920	0.835509	-0.000000	0.000000	0.000000	0.000000	0.000000	0.000000	0.000000
-0.895373	0.857704	0.835645	0.000000	0.000000	0.000000	0.000000	0.000000	0.000000	0.000000
-0.895380	0.857428	0.831362	-0.000000	0.000000	0.000000	0.000000	0.000000	0.000000	0.000000
-0.895380	0.857528	0.835016	-0.000000	0.000000	0.000000	0.000000	0.000000	0.000000	0.000000
-0.895374	0.822674	0.835094	0.000000	0.000000	0.000000	0.000000	0.000000	0.000000	0.000000
-0.895391	0.857291	0.835530	-0.000000	0.000000	0.000000	0.000000	0.000000	0.000000	0.000000
-0.895392	0.857284	0.834789	-0.000000	0.000000	0.000000	0.000000	0.000000	0.000000	0.000000
-0.895423	0.857533	0.835123	-0.000000	0.000000	0.000000	0.000000	0.000000	0.000000	0.000000
-0.895329	0.857295	0.835532	-0.000000	0.000000	0.000000	0.000000	0.000000	0.000000	0.000000
-0.895377	0.857429	0.835463	0.000000	0.000000	0.000000	0.000000	0.000000	0.000000	0.000000
-0.895332	0.857678	0.834969	-0.000000	0.000000	0.000000	0.000000	0.000000	0.000000	0.000000
-0.895360	0.857488	0.835525	0.000000	0.000000	0.000000	0.000000	0.000000	0.000000	0.000000
-0.895361	0.857545	0.835330	0.000000	0.000000	0.000000	0.000000	0.000000	0.000000	0.000000
-0.895364	0.857812	0.835053	-0.000000	0.000000	0.000000	0.000000	0.000000	0.000000	0.000000
-0.895362	0.857360	0.835113	-0.000000	0.000000	0.000000	0.000000	0.000000	0.000000	0.000000
-0.895371	0.857412	0.834996	0.000000	0.000000	0.000000	0.000000	0.000000	0.000000	0.000000
-0.895385	0.857447	0.835660	-0.000000	0.000000	0.000000	0.000000	0.000000	0.000000	0.000000
-0.895388	0.857583	0.836013	0.000000	0.000000	0.000000	0.000000	0.000000	0.000000	0.000000
-0.895354	0.857392	0.835304	-0.000000	0.000000	0.000000	0.000000	0.000000	0.000000	0.000000
-0.895397	0.857702	0.835830	-0.000000	0.000000	0.000000	0.000000	0.000000	0.000000	0.000000
-0.895359	0.857715	0.835175	0.000000	0.000000	0.000000	0.000000	0.000000	0.000000	0.000000
-0.895362	0.857655	0.835442	0.000000	0.000000	0.000000	0.000000	0.000000	0.000000	0.000000
-0.895430	0.857342	0.835526	0.000000	0.000000	0.000000	0.000000	0.000000	0.000000	0.000000
-0.895361	0.857084	0.835178	0.000000	0.000000	0.000000	0.000000	0.000000	0.000000	0.000000
-0.895379	0.857272	0.834736	0.000000	0.000000	0.000000	0.000000	0.000000	0.000000	0.000000
-0.895361	0.857186	0.835138	-0.000000	0.000000	0.000000	0.000000	0.000000	0.000000	0.000000
-0.895426	0.857577	0.835335	0.000000	0.000000	0.000000	0.000000	0.000000	0.000000	0.000000
-0.895308	0.857782	0.835322	-0.000000	0.000000	0.000000	0.000000	0.000000	0.000000	0.000000
-0.895370	0.858046	0.835080	-0.000000	0.000000	0.000000	0.000000	0.000000	0.000000	0.000000
-0.895347	0.857673	0.834946	-0.000000	0.000000	0.000000	0.000000	0.000000	0.000000	0.000000
-0.895356	0.857163	0.835178	-0.000000	0.000000	0.000000	0.000000	0.000000	0.000000	0.000000
-0.895363	0.857745	0.835182	0.000000	0.000000	0.000000	0.000000	0.000000	0.000000	0.000000
-0.895385	0.857893	0.835601	0.000000	0.000000	0.000000	0.000000	0.000000	0.000000	0.000000
-0.895327	0.857420	0.835696	-0.000000	0.000000	0.000000	0.000000	0.000000	0.000000	0.000000
-0.895362	0.857913	0.835105	-0.000000	0.000000	0.000000	0.000000	0.000000	0.000000	0.000000
-0.895341	0.857161	0.835459	-0.000000	0.000000	0.000000	0.000000	0.000000	0.000000	0.000000
-0.895361	0.857950	0.835146	-0.000000	0.000000	0.000000	0.000000	0.000000	0.000000	0.000000
-0.895432	0.857759	0.835142	-0.000000	0.000000	0.000000	0.000000	0.000000	0.000000	0.000000
-0.895389	0.857166	0.835000	0.000000	0.000000	0.000000	0.000000	0.000000	0.000000	0.000000
-0.895394	0.857491	0.835174	-0.000000	0.000000	0.000000	0.000000	0.000000	0.000000	0.000000
-0.895323	0.857513	0.835302	-0.000000	0.000000	0.000000	0.000000	0.000000	0.000000	0.000000
-0.895378	0.857421	0.835622	-0.000000	0.000000	0.000000	0.000000	0.000000	0.000000	0.000000
-0.895424	0.857257	0.835088	0.000000	0.000000	0.000000	0.000000	0.000000	0.000000	0.000000
-0.895381	0.855849	0.835256	0.000000	0.000000	0.000000	0.000000	0.000000	0.000000	0.000000
-0.895379	0.857536	0.835888	-0.000000	0.000000	0.000000	0.000000	0.000000	0.000000	0.000000
-0.895371	0.857679	0.835608	-0.000000	0.000000	0.000000	0.000000	0.000000	0.000000	0.000000
-0.895335	0.857370	0.835599	0.000000	0.000000	0.000000	0.000000	0.000000	0.000000	0.000000
-0.895410	0.858022	0.835223	0.000000	0.000000	0.000000	0.000000	0.000000	0.000000	0.000000
-0.895359	0.857664	0.835168	0.000000	0.000000	0.000000	0.000000	0.000000	0.000000	0.000000
-0.895379	0.857946	0.835570	-0.000000	0.000000	0.000000	0.000000	0.000000	0.000000	0.000000
-0.895373	0.857220	0.835671	-0.000000	0.000000	0.000000	0.000000	0.000000	0.000000	0.000000
-0.895425	0.857761	0.835212	0.000000	0.000000	0.000000	0.000000	0.000000	0.000000	0.000000
-0.895419	0.858024	0.835535	-0.000000	0.000000	0.000000	0.000000	0.000000	0.000000	0.000000
-0.895342	0.857228	0.835031	0.000000	0.000000	0.000000	0.000000	0.000000	0.000000	0.000000
-0.895384	0.857678	0.835768	-0.000000	0.000000	0.000000	0.000000	0.000000	0.000000	0.000000
-0.895351	0.857665	0.835614	0.000000	0.000000	0.000000	0.000000	0.000000	0.000000	0.000000
-0.895360	0.857845	0.835816	-0.000000	0.000000	0.000000	0.000000	0.000000	0.000000	0.000000
-0.895354	0.857700	0.834390	0.000000	0.000000	0.000000	0.000000	0.000000	0.000000	0.000000
-0.895356	0.857047	0.835452	0.000000	0.000000	0.000000	0.000000	0.000000	0.000000	0.000000
-0.895377	0.857318	0.835500	-0.000000	0.000000	0.000000	0.000000	0.000000	0.000000	0.000000
-0.895365	0.857500	0.835897	0.000000	0.000000	0.000000	0.000000	0.000000	0.000000	0.000000
-0.895382	0.857695	0.835659	0.000000	0.000000	0.000000	0.000000	0.000000	0.000000	0.000000
-0.895382	0.857403	0.835399	0.000000	0.000000	0.000000	0.000000	0.000000	0.000000	0.000000
-0.895384	0.857404	0.835660	-0.000000	0.000000	0.000000	0.000000	0.000000	0.000000	0.000000
-0.895353	0.857825	0.835323	0.000000	0.000000	0.000000	0.000000	0.000000	0.000000	0.000000
-0.895370	0.857232	0.835057	-0.000000	0.000000	0.000000	0.000000	0.000000	0.000000	0.000000
-0.895335	0.857036	0.835104	0.000000	0.000000	0.000000	0.000000	0.000000	0.000000	0.000000
-0.895378	0.857686	0.835571	-0.000000	0.000000	0.000000	0.000000	0.000000	0.000000	0.000000
-0.895365	0.857394	0.835325	0.000000	0.000000	0.000000	0.000000	0.000000	0.000000	0.000000
-0.895431	0.857373	0.835172	0.000000	0.000000	0.000000	0.000000	0.000000	0.000000	0.000000
-0.895343	0.857396	0.835040	-0.000000	0.000000	0.000000	0.000000	0.000000	0.000000	0.000000
-0.895390	0.857863	0.835391	-0.000000	0.000000	0.000000	0.000000	0.000000	0.000000	0.000000
-0.895332	0.857545	0.834687	-0.000000	0.000000	0.000000	0.000000	0.000000	0.000000	0.000000
-0.895365	0.857593	0.835438	0.000000	0.000000	0.000000	0.000000	0.000000	0.000000	0.000000
-0.895417	0.857561	0.835045	-0.000000	0.000000	0.000000	0.000000	0.000000	0.000000	0.000000
-0.895365	0.857682	0.835373	0.000000	0.000000	0.000000	0.000000	0.000000	0.000000	0.000000
-0.895387	0.857399	0.835175	0.000000	0.000000	0.000000	0.000000	0.000000	0.000000	0.000000
-0.895396	0.857781	0.834986	-0.000000	0.000000	0.000000	0.000000	0.000000	0.000000	0.000000
-0.895365	0.857608	0.835576	0.000000	0.000000	0.000000	0.000000	0.000000	0.000000	0.000000
-0.895357	0.857790	0.835533	-0.000000	0.000000	0.000000	0.000000	0.000000	0.000000	0.000000
-0.895471	0.857678	0.835452	-0.000000	0.000000	0.000000	0.000000	0.000000	0.000000	0.000000
-0.895330	0.857644	0.835028	-0.000000	0.000000	0.000000	0.000000	0.000000	0.000000	0.000000
-0.895442	0.857734	0.835281	0.000000	0.000000	0.000000	0.000000	0.000000	0.000000	0.000000
-0.895403	0.857977	0.834871	0.000000	0.000000	0.000000	0.000000	0.000000	0.000000	0.000000
-0.895339	0.856957	0.833992	-0.000000	0.000000	0.000000	0.000000	0.000000	0.000000	0.000000
-0.895339	0.857624	0.835273	-0.000000	0.000000	0.000000	0.000000	0.000000	0.000000	0.000000
-0.895379	0.857340	0.835164	-0.000000	0.000000	0.000000	0.000000	0.000000	0.000000	0.000000
-0.895358	0.857615	0.834943	0.000000	0.000000	0.000000	0.000000	0.000000	0.000000	0.000000
-0.895400	0.857349	0.835176	-0.000000	0.000000	0.000000	0.000000	0.000000	0.000000	0.000000
-0.895431	0.857251	0.834977	-0.000000	0.000000	0.000000	0.000000	0.000000	0.000000	0.000000
-0.895406	0.857564	0.835207	-0.000000	0.000000	0.000000	0.000000	0.000000	0.000000	0.000000
-0.895378	0.857538	0.835245	0.000000	0.000000	0.000000	0.000000	0.000000	0.000000	0.000000
-0.895361	0.857586	0.835461	0.000000	0.000000	0.000000	0.000000	0.000000	0.000000	0.000000
-0.895380	0.857535	0.835637	-0.000000	0.000000	0.000000	0.000000	0.000000	0.000000	0.000000
-0.895345	0.857796	0.835425	0.000000	0.000000	0.000000	0.000000	0.000000	0.000000	0.000000
-0.895370	0.857134	0.834754	0.000000	0.000000	0.000000	0.000000	0.000000	0.000000	0.000000
-0.895322	0.857567	0.835116	0.000000	0.000000	0.000000	0.000000	0.000000	0.000000	0.000000
-0.895359	0.857355	0.832782	0.000000	0.000000	0.000000	0.000000	0.000000	0.000000	0.000000
-0.895381	0.857225	0.835216	-0.000000	0.000000	0.000000	0.000000	0.000000	0.000000	0.000000
-0.895377	0.858152	0.835349	-0.000000	0.000000	0.000000	0.000000	0.000000	0.000000	0.000000
-0.895396	0.857505	0.835138	0.000000	0.000000	0.000000	0.000000	0.000000	0.000000	0.000000
-0.895398	0.857110	0.835211	0.000000	0.000000	0.000000	0.000000	0.000000	0.000000	0.000000
-0.895377	0.858086	0.835063	0.000000	0.000000	0.000000	0.000000	0.000000	0.000000	0.000000
-0.895355	0.857907	0.835126	-0.000000	0.000000	0.000000	0.000000	0.000000	0.000000	0.000000
-0.895391	0.857776	0.835158	0.000000	0.000000	0.000000	0.000000	0.000000	0.000000	0.000000
-0.895379	0.857134	0.835382	0.000000	0.000000	0.000000	0.000000	0.000000	0.000000	0.000000
-0.895352	0.857217	0.835629	-0.000000	0.000000	0.000000	0.000000	0.000000	0.000000	0.000000
-0.895367	0.857283	0.834733	-0.000000	0.000000	0.000000	0.000000	0.000000	0.000000	0.000000
-0.895367	0.857689	0.835138	0.000000	0.000000	0.000000	0.000000	0.000000	0.000000	0.000000
-0.895409	0.857579	0.834748	-0.000000	0.000000	0.000000	0.000000	0.000000	0.000000	0.000000
-0.895312	0.857710	0.836079	0.000000	0.000000	0.000000	0.000000	0.000000	0.000000	0.000000
-0.895343	0.857225	0.835061	-0.000000	0.000000	0.000000	0.000000	0.000000	0.000000	0.000000
-0.895376	0.857615	0.834972	-0.000000	0.000000	0.000000	0.000000	0.000000	0.000000	0.000000
-0.895300	0.857479	0.835761	0.000000	0.000000	0.000000	0.000000	0.000000	0.000000	0.000000
-0.895394	0.857272	0.835174	-0.000000	0.000000	0.000000	0.000000	0.000000	0.000000	0.000000
-0.895334	0.857539	0.834707	-0.000000	0.000000	0.000000	0.000000	0.000000	0.000000	0.000000
-0.895389	0.857646	0.835309	0.000000	0.000000	0.000000	0.000000	0.000000	0.000000	0.000000
-0.895395	0.857342	0.835334	0.000000	0.000000	0.000000	0.000000	0.000000	0.000000	0.000000
-0.895381	0.857803	0.835600	0.000000	0.000000	0.000000	0.000000	0.000000	0.000000	0.000000
-0.895350	0.857503	0.835163	-0.000000	0.000000	0.000000	0.000000	0.000000	0.000000	0.000000
-0.895338	0.857269	0.835345	0.000000	0.000000	0.000000	0.000000	0.000000	0.000000	0.000000
-0.895327	0.857244	0.834996	-0.000000	0.000000	0.000000	0.000000	0.000000	0.000000	0.000000
-0.895373	0.857566	0.835255	-0.000000	0.000000	0.000000	0.000000	0.000000	0.000000	0.000000
-0.895378	0.857494	0.835561	-0.000000	0.000000	0.000000	0.000000	0.000000	0.000000	0.000000
-0.895355	0.857559	0.835258	0.000000	0.000000	0.000000	0.000000	0.000000	0.000000	0.000000
-0.895365	0.857574	0.835052	0.000000	0.000000	0.000000	0.000000	0.000000	0.000000	0.000000
-0.895391	0.857148	0.835940	-0.000000	0.000000	0.000000	0.000000	0.000000	0.000000	0.000000
-0.895400	0.857511	0.835021	-0.000000	0.000000	0.000000	0.000000	0.000000	0.000000	0.000000
-0.895385	0.857910	0.835265	-0.000000	0.000000	0.000000	0.000000	0.000000	0.000000	0.000000
-0.895401	0.857585	0.835652	0.000000	0.000000	0.000000	0.000000	0.000000	0.000000	0.000000
-0.895396	0.857315	0.834904	-0.000000	0.000000	0.000000	0.000000	0.000000	0.000000	0.000000
-0.895338	0.857727	0.835461	-0.000000	0.000000	0.000000	0.000000	0.000000	0.000000	0.000000
-0.895337	0.857976	0.821607	0.000000	0.000000	0.000000	0.000000	0.000000	0.000000	0.000000
-0.895350	0.857689	0.835822	-0.000000	0.000000	0.000000	0.000000	0.000000	0.000000	0.000000
-0.895373	0.857314	0.835141	0.000000	0.000000	0.000000	0.000000	0.000000	0.000000	0.000000
-0.895391	0.857398	0.834907	0.000000	0.000000	0.000000	0.000000	0.000000	0.000000	0.000000
-0.895380	0.857246	0.835443	-0.000000	0.000000	0.000000	0.000000	0.000000	0.000000	0.000000
-0.895360	0.857495	0.834780	0.000000	0.000000	0.000000	0.000000	0.000000	0.000000	0.000000
-0.895353	0.857736	0.835158	-0.000000	0.000000	0.000000	0.000000	0.000000	0.000000	0.000000
-0.895377	0.857961	0.835043	0.000000	0.000000	0.000000	0.000000	0.000000	0.000000	0.000000
-0.895335	0.857915	0.835892	-0.000000	0.000000	0.000000	0.000000	0.000000	0.000000	0.000000
-0.895398	0.857061	0.834785	-0.000000	0.000000	0.000000	0.000000	0.000000	0.000000	0.000000
-0.895410	0.857500	0.835753	0.000000	0.000000	0.000000	0.000000	0.000000	0.000000	0.000000
-0.895318	0.857595	0.835608	-0.000000	0.000000	0.000000	0.000000	0.000000	0.000000	0.000000
-0.895369	0.857556	0.835509	-0.000000	0.000000	0.000000	0.000000	0.000000	0.000000	0.000000
-0.895399	0.857413	0.835649	0.000000	0.000000	0.000000	0.000000	0.000000	0.000000	0.000000
-0.895327	0.857431	0.835544	-0.000000	0.000000	0.000000	0.000000	0.000000	0.000000	0.000000
-0.895345	0.857637	0.835546	-0.000000	0.000000	0.000000	0.000000	0.000000	0.000000	0.000000
-0.895373	0.857413	0.834965	0.000000	0.000000	0.000000	0.000000	0.000000	0.000000	0.000000
-0.895398	0.857514	0.835621	-0.000000	0.000000	0.000000	0.000000	0.000000	0.000000	0.000000
-0.895361	0.857366	-0.000015	-0.000000	0.000000	0.000000	0.000000	0.000000	0.000000	0.000000
-0.895383	0.857894	-0.798250	-0.000000	0.000000	0.000000	0.000000	0.000000	0.000000	0.000000
-0.895384	0.857872	-0.798238	0.000000	0.000000	0.000000	0.000000	0.000000	0.000000	0.000000
-0.895317	0.857500	-0.798250	0.000000	0.000000	0.000000	0.000000	0.000000	0.000000	0.000000
-0.895369	0.857443	-0.798250	-0.000000	0.000000	0.000000	0.000000	0.000000	0.000000	0.000000
-0.895371	0.857195	-0.798250	0.000000	0.000000	0.000000	0.000000	0.000000	0.000000	0.000000
-0.895335	0.857635	-0.798250	0.000000	0.000000	0.000000	0.000000	0.000000	0.000000	0.000000
-0.895335	0.857292	-0.798249	0.000000	0.000000	0.000000	0.000000	0.000000	0.000000	0.000000
-0.895392	0.857948	-0.798230	-0.000000	0.000000	0.000000	0.000000	0.000000	0.000000	0.000000
-0.895363	0.857476	-0.798250	0.000000	0.000000	0.000000	0.000000	0.000000	0.000000	0.000000
-0.895345	0.857853	-0.798250	-0.000000	0.000000	0.000000	0.000000	0.000000	0.000000	0.000000
-0.895352	0.857501	-0.798250	-0.000000	0.000000	0.000000	0.000000	0.000000	0.000000	0.000000
-0.895336	0.857288	-0.798250	0.000000	0.000000	0.000000	0.000000	0.000000	0.000000	0.000000
-0.895367	0.857871	-0.798230	-0.000000	0.000000	0.000000	0.000000	0.000000	0.000000	0.000000
-0.895360	0.857360	-0.798250	0.000000	0.000000	0.000000	0.000000	0.000000	0.000000	0.000000
-0.895338	0.857184	-0.798250	0.000000	0.000000	0.000000	0.000000	0.000000	0.000000	0.000000
-0.895393	0.857228	-0.798250	0.000000	0.000000	0.000000	0.000000	0.000000	0.000000	0.000000
-0.895372	0.857467	-0.798250	-0.000000	0.000000	0.000000	0.000000	0.000000	0.000000	0.000000
-0.895373	0.857590	-0.798250	-0.000000	0.000000	0.000000	0.000000	0.000000	0.000000	0.000000
-0.895339	0.857905	-0.798250	-0.000000	0.000000	0.000000	0.000000	0.000000	0.000000	0.000000
-0.895356	0.857459	-0.798250	0.000000	0.000000	0.000000	0.000000	0.000000	0.000000	0.000000
-0.895381	0.857427	-0.798250	0.000000	0.000000	0.000000	0.000000	0.000000	0.000000	0.000000
-0.895385	0.857420	-0.798250	0.000000	0.000000	0.000000	0.000000	0.000000	0.000000	0.000000
-0.895360	0.857990	-0.798250	0.000000	0.000000	0.000000	0.000000	0.000000	0.000000	0.000000
-0.895373	0.857765	-0.798250	-0.000000	0.000000	0.000000	0.000000	0.000000	0.000000	0.000000
-0.895365	0.857460	-0.798250	0.000000	0.000000	0.000000	0.000000	0.000000	0.000000	0.000000
-0.895351	0.857526	-0.798250	0.000000	0.000000	0.000000	0.000000	0.000000	0.000000	0.000000
-0.895390	0.857028	-0.798250	0.000000	0.000000	0.000000	0.000000	0.000000	0.000000	0.000000
-0.895392	0.857212	-0.798238	0.000000	0.000000	0.000000	0.000000	0.000000	0.000000	0.000000
-0.895379	0.857670	-0.798250	-0.000000	0.000000	0.000000	0.000000	0.000000	0.000000	0.000000
-0.895382	0.857187	-0.798250	0.000000	0.000000	0.000000	0.000000	0.000000	0.000000	0.000000
-0.895378	0.857962	-0.798248	0.000000	0.000000	0.000000	0.000000	0.000000	0.000000	0.000000
-0.895413	0.857484	-0.798250	0.000000	0.000000	0.000000	0.000000	0.000000	0.000000	0.000000
-0.895362	0.857089	-0.798250	0.000000	0.000000	0.000000	0.000000	0.000000	0.000000	0.000000
-0.895389	0.857822	-0.583716	-0.000000	0.000000	0.000000	0.000000	0.000000	0.000000	0.000000
-0.895378	0.857264	-0.798249	0.000000	0.000000	0.000000	0.000000	0.000000	0.000000	0.000000
-0.895360	0.857653	-0.798250	-0.000000	0.000000	0.000000	0.000000	0.000000	0.000000	0.000000
-0.895371	0.857634	-0.798250	0.000000	0.000000	0.000000	0.000000	0.000000	0.000000	0.000000
-0.895349	0.857880	-0.798250	-0.000000	0.000000	0.000000	0.000000	0.000000	0.000000	0.000000
-0.895409	0.857271	-0.798250	-0.000000	0.000000	0.000000	0.000000	0.000000	0.000000	0.000000
-0.895407	0.857476	-0.798250	0.000000	0.000000	0.000000	0.000000	0.000000	0.000000	0.000000
-0.895359	0.857168	-0.798250	0.000000	0.000000	0.000000	0.000000	0.000000	0.000000	0.000000
-0.895402	0.857241	-0.798247	0.000000	0.000000	0.000000	0.000000	0.000000	0.000000	0.000000
-0.895377	0.857738	-0.798250	0.000000	0.000000	0.000000	0.000000	0.000000	0.000000	0.000000
-0.895389	0.857876	-0.798250	-0.000000	0.000000	0.000000	0.000000	0.000000	0.000000	0.000000
-0.895353	0.857375	-0.798250	0.000000	0.000000	0.000000	0.000000	0.000000	0.000000	0.000000
-0.895377	0.857528	-0.798250	0.000000	0.000000	0.000000	0.000000	0.000000	0.000000	0.000000
-0.895357	0.857777	-0.798250	-0.000000	0.000000	0.000000	0.000000	0.000000	0.000000	0.000000
-0.895386	0.857348	-0.798250	-0.000000	0.000000	0.000000	0.000000	0.000000	0.000000	0.000000
-0.895355	0.856922	-0.798250	-0.000000	0.000000	0.000000	0.000000	0.000000	0.000000	0.000000
-0.895334	0.857348	-0.798237	0.000000	0.000000	0.000000	0.000000	0.000000	0.000000	0.000000
-0.895355	0.857473	-0.798250	-0.000000	0.000000	0.000000	0.000000	0.000000	0.000000	0.000000
-0.895414	0.857652	-0.798250	-0.000000	0.000000	0.000000	0.000000	0.000000	0.000000	0.000000
-0.895333	0.857592	-0.798250	0.000000	0.000000	0.000000	0.000000	0.000000	0.000000	0.000000
-0.895336	0.857960	-0.798250	0.000000	0.000000	0.000000	0.000000	0.000000	0.000000	0.000000
-0.895364	0.857491	-0.798250	-0.000000	0.000000	0.000000	0.000000	0.000000	0.000000	0.000000
-0.895370	0.857994	-0.798250	-0.000000	0.000000	0.000000	0.000000	0.000000	0.000000	0.000000
-0.895380	0.857168	-0.798250	0.000000	0.000000	0.000000	0.000000	0.000000	0.000000	0.000000
-0.895392	0.857342	-0.798250	-0.000000	0.000000	0.000000	0.000000	0.000000	0.000000	0.000000
-0.895404	0.857479	-0.797035	-0.000000	0.000000	0.000000	0.000000	0.000000	0.000000	0.000000
-0.895357	0.857589	-0.798248	0.000000	0.000000	0.000000	0.000000	0.000000	0.000000	0.000000
-0.895348	0.857547	-0.798249	-0.000000	0.000000	0.000000	0.000000	0.000000	0.000000	0.000000
-0.895392	0.857749	-0.797990	-0.000000	0.000000	0.000000	0.000000	0.000000	0.000000	0.000000
-0.895341	0.857631	-0.798250	-0.000000	0.000000	0.000000	0.000000	0.000000	0.000000	0.000000
-0.895439	0.857290	-0.798250	0.000000	0.000000	0.000000	0.000000	0.000000	0.000000	0.000000
-0.895367	0.857531	-0.798250	0.000000	0.000000	0.000000	0.000000	0.000000	0.000000	0.000000
-0.895311	0.857451	-0.798250	0.000000	0.000000	0.000000	0.000000	0.000000	0.000000	0.000000
-0.895373	0.857346	-0.798250	-0.000000	0.000000	0.000000	0.000000	0.000000	0.000000	0.000000
-0.895387	0.857617	-0.798250	0.000000	0.000000	0.000000	0.000000	0.000000	0.000000	0.000000
-0.895386	0.857759	-0.798250	-0.000000	0.000000	0.000000	0.000000	0.000000	0.000000	0.000000
-0.895383	0.857520	-0.798241	-0.000000	0.000000	0.000000	0.000000	0.000000	0.000000	0.000000
-0.895367	0.857459	-0.798250	0.000000	0.000000	0.000000	0.000000	0.000000	0.000000	0.000000
-0.895381	0.857639	-0.798250	-0.000000	0.000000	0.000000	0.000000	0.000000	0.000000	0.000000
-0.895400	0.857360	-0.798250	0.000000	0.000000	0.000000	0.000000	0.000000	0.000000	0.000000
-0.895364	0.857728	-0.798250	0.000000	0.000000	0.000000	0.000000	0.000000	0.000000	0.000000
-0.895384	0.857485	-0.798250	-0.000000	0.000000	0.000000	0.000000	0.000000	0.000000	0.000000
-0.895374	0.857247	-0.798250	0.000000	0.000000	0.000000	0.000000	0.000000	0.000000	0.000000
-0.895317	0.857709	-0.798250	0.000000	0.000000	0.000000	0.000000	0.000000	0.000000	0.000000
-0.895415	0.857589	-0.798250	-0.000000	0.000000	0.000000	0.000000	0.000000	0.000000	0.000000
-0.895387	0.857330	-0.798250	-0.000000	0.000000	0.000000	0.000000	0.000000	0.000000	0.000000
-0.895375	0.857754	-0.798250	-0.000000	0.000000	0.000000	0.000000	0.000000	0.000000	0.000000
-0.895353	0.857808	-0.798250	0.000000	0.000000	0.000000	0.000000	0.000000	0.000000	0.000000
-0.895383	0.857794	-0.798153	-0.000000	0.000000	0.000000	0.000000	0.000000	0.000000	0.000000
-0.895381	0.857216	-0.798250	0.000000	0.000000	0.000000	0.000000	0.000000	0.000000	0.000000
-0.895347	0.857564	-0.798250	-0.000000	0.000000	0.000000	0.000000	0.000000	0.000000	0.000000
-0.895370	0.857545	-0.798250	-0.000000	0.000000	0.000000	0.000000	0.000000	0.000000	0.000000
-0.895386	0.857726	-0.798249	-0.000000	0.000000	0.000000	0.000000	0.000000	0.000000	0.000000
-0.895398	0.857721	-0.798069	0.000000	0.000000	0.000000	0.000000	0.000000	0.000000	0.000000
-0.895358	0.857353	-0.798250	-0.000000	0.000000	0.000000	0.000000	0.000000	0.000000	0.000000
-0.895344	0.857577	-0.798250	0.000000	0.000000	0.000000	0.000000	0.000000	0.000000	0.000000
-0.895328	0.857464	-0.798239	-0.000000	0.000000	0.000000	0.000000	0.000000	0.000000	0.000000
-0.895349	0.857503	-0.798250	-0.000000	0.000000	0.000000	0.000000	0.000000	0.000000	0.000000
-0.895307	0.857492	-0.798250	0.000000	0.000000	0.000000	0.000000	0.000000	0.000000	0.000000
-0.895362	0.857752	-0.798250	0.000000	0.000000	0.000000	0.000000	0.000000	0.000000	0.000000
-0.895379	0.857268	-0.798250	0.000000	0.000000	0.000000	0.000000	0.000000	0.000000	0.000000
-0.895326	0.857687	-0.798250	0.000000	0.000000	0.000000	0.000000	0.000000	0.000000	0.000000
-0.895328	0.857918	-0.798250	-0.000000	0.000000	0.000000	0.000000	0.000000	0.000000	0.000000
-0.895348	0.857924	-0.798248	-0.000000	0.000000	0.000000	0.000000	0.000000	0.000000	0.000000
-0.895356	0.857605	-0.798248	-0.000000	0.000000	0.000000	0.000000	0.000000	0.000000	0.000000
-0.895348	0.857378	-0.798245	-0.000000	0.000000	0.000000	0.000000	0.000000	0.000000	0.000000
-0.895327	0.857708	-0.798246	0.000000	0.000000	0.000000	0.000000	0.000000	0.000000	0.000000
-0.895415	0.857918	-0.798250	-0.000000	0.000000	0.000000	0.000000	0.000000	0.000000	0.000000
-0.895403	0.857561	-0.795629	-0.000000	0.000000	0.000000	0.000000	0.000000	0.000000	0.000000
-0.895372	0.857775	-0.798250	0.000000	0.000000	0.000000	0.000000	0.000000	0.000000	0.000000
-0.895361	0.857426	-0.798250	0.000000	0.000000	0.000000	0.000000	0.000000	0.000000	0.000000
-0.895373	0.857116	-0.798250	0.000000	0.000000	0.000000	0.000000	0.000000	0.000000	0.000000
-0.895392	0.857803	-0.798249	0.000000	0.000000	0.000000	0.000000	0.000000	0.000000	0.000000
-0.895373	0.857551	-0.798250	0.000000	0.000000	0.000000	0.000000	0.000000	0.000000	0.000000
-0.895381	0.857286	-0.798250	-0.000000	0.000000	0.000000	0.000000	0.000000	0.000000	0.000000
-0.895322	0.857348	-0.798116	0.000000	0.000000	0.000000	0.000000	0.000000	0.000000	0.000000
-0.895371	0.857557	-0.798250	0.000000	0.000000	0.000000	0.000000	0.000000	0.000000	0.000000
-0.895351	0.857616	-0.798250	-0.000000	0.000000	0.000000	0.000000	0.000000	0.000000	0.000000
-0.895381	0.857605	-0.798250	0.000000	0.000000	0.000000	0.000000	0.000000	0.000000	0.000000
-0.895419	0.857413	-0.798250	-0.000000	0.000000	0.000000	0.000000	0.000000	0.000000	0.000000
-0.895365	0.857558	-0.798250	-0.000000	0.000000	0.000000	0.000000	0.000000	0.000000	0.000000
-0.895295	0.857740	-0.787891	-0.000000	0.000000	0.000000	0.000000	0.000000	0.000000	0.000000
-0.895386	0.857726	-0.798249	0.000000	0.000000	0.000000	0.000000	0.000000	0.000000	0.000000
-0.895428	0.857889	-0.798247	0.000000	0.000000	0.000000	0.000000	0.000000	0.000000	0.000000
-0.895388	0.857547	-0.798250	-0.000000	0.000000	0.000000	0.000000	0.000000	0.000000	0.000000
-0.895341	0.858042	-0.798250	0.000000	0.000000	0.000000	0.000000	0.000000	0.000000	0.000000
-0.895383	0.857580	-0.798250	0.000000	0.000000	0.000000	0.000000	0.000000	0.000000	0.000000
-0.895330	0.857233	-0.798250	0.000000	0.000000	0.000000	0.000000	0.000000	0.000000	0.000000
-0.895374	0.857176	-0.798250	0.000000	0.000000	0.000000	0.000000	0.000000	0.000000	0.000000
-0.895359	0.857677	-0.798250	-0.000000	0.000000	0.000000	0.000000	0.000000	0.000000	0.000000
-0.895337	0.857015	-0.798250	0.000000	0.000000	0.000000	0.000000	0.000000	0.000000	0.000000
-0.895396	0.857099	-0.798250	0.000000	0.000000	0.000000	0.000000	0.000000	0.000000	0.000000
-0.895392	0.857353	-0.798171	-0.000000	0.000000	0.000000	0.000000	0.000000	0.000000	0.000000
-0.895388	0.857112	-0.798250	0.000000	0.000000	0.000000	0.000000	0.000000	0.000000	0.000000
-0.895358	0.857436	-0.798250	-0.000000	0.000000	0.000000	0.000000	0.000000	0.000000	0.000000
-0.895416	0.857363	-0.798237	-0.000000	0.000000	0.000000	0.000000	0.000000	0.000000	0.000000
-0.895362	0.857608	-0.791558	0.000000	0.000000	0.000000	0.000000	0.000000	0.000000	0.000000
-0.895347	0.857728	-0.798250	0.000000	0.000000	0.000000	0.000000	0.000000	0.000000	0.000000
-0.895325	0.858031	-0.798250	0.000000	0.000000	0.000000	0.000000	0.000000	0.000000	0.000000
-0.895335	0.857618	-0.798250	0.000000	0.000000	0.000000	0.000000	0.000000	0.000000	0.000000
-0.895377	0.857785	-0.798250	0.000000	0.000000	0.000000	0.000000	0.000000	0.000000	0.000000
-0.895371	0.857742	-0.798250	0.000000	0.000000	0.000000	0.000000	0.000000	0.000000	0.000000
-0.895407	0.857379	-0.798250	0.000000	0.000000	0.000000	0.000000	0.000000	0.000000	0.000000
-0.895398	0.857976	-0.798169	-0.000000	0.000000	0.000000	0.000000	0.000000	0.000000	0.000000
-0.895384	0.857431	-0.798234	0.000000	0.000000	0.000000	0.000000	0.000000	0.000000	0.000000
-0.895356	0.857934	-0.798250	0.000000	0.000000	0.000000	0.000000	0.000000	0.000000	0.000000
-0.895401	0.857192	-0.798178	-0.000000	0.000000	0.000000	0.000000	0.000000	0.000000	0.000000
-0.895336	0.857419	-0.798235	-0.000000	0.000000	0.000000	0.000000	0.000000	0.000000	0.000000
-0.895380	0.857499	-0.798250	0.000000	0.000000	0.000000	0.000000	0.000000	0.000000	0.000000
-0.895310	0.857832	-0.798250	-0.000000	0.000000	0.000000	0.000000	0.000000	0.000000	0.000000
-0.895320	0.857834	-0.798250	-0.000000	0.000000	0.000000	0.000000	0.000000	0.000000	0.000000
-0.895413	0.857581	-0.798250	0.000000	0.000000	0.000000	0.000000	0.000000	0.000000	0.000000
-0.895340	0.857853	-0.798250	-0.000000	0.000000	0.000000	0.000000	0.000000	0.000000	0.000000
-0.895371	0.857625	-0.798248	0.000000	0.000000	0.000000	0.000000	0.000000	0.000000	0.000000
-0.895352	0.857219	-0.798250	0.000000	0.000000	0.000000	0.000000	0.000000	0.000000	0.000000
-0.895374	0.857356	-0.798250	-0.000000	0.000000	0.000000	0.000000	0.000000	0.000000	0.000000
-0.895376	0.857714	-0.798250	0.000000	0.000000	0.000000	0.000000	0.000000	0.000000	0.000000
-0.895330	0.857307	-0.798250	-0.000000	0.000000	0.000000	0.000000	0.000000	0.000000	0.000000
-0.895342	0.857347	-0.798250	-0.000000	0.000000	0.000000	0.000000	0.000000	0.000000	0.000000
-0.895365	0.857670	-0.798250	0.000000	0.000000	0.000000	0.000000	0.000000	0.000000	0.000000
-0.895384	0.857786	-0.798250	0.000000	0.000000	0.000000	0.000000	0.000000	0.000000	0.000000
-0.895366	0.857390	-0.798248	-0.000000	0.000000	0.000000	0.000000	0.000000	0.000000	0.000000
-0.895358	0.857632	-0.798250	0.000000	0.000000	0.000000	0.000000	0.000000	0.000000	0.000000
-0.895350	0.857712	-0.798250	0.000000	0.000000	0.000000	0.000000	0.000000	0.000000	0.000000
-0.895407	0.857314	-0.798250	-0.000000	0.000000	0.000000	0.000000	0.000000	0.000000	0.000000
-0.895349	0.857592	-0.798250	0.000000	0.000000	0.000000	0.000000	0.000000	0.000000	0.000000
-0.895374	0.857469	-0.798250	-0.000000	0.000000	0.000000	0.000000	0.000000	0.000000	0.000000
-0.895381	0.857180	-0.798248	-0.000000	0.000000	0.000000	0.000000	0.000000	0.000000	0.000000
-0.895332	0.857307	-0.798250	0.000000	0.000000	0.000000	0.000000	0.000000	0.000000	0.000000
-0.895366	0.857214	-0.798250	0.000000	0.000000	0.000000	0.000000	0.000000	0.000000	0.000000
-0.895416	0.857529	-0.798250	-0.000000	0.000000	0.000000	0.000000	0.000000	0.000000	0.000000
-0.895361	0.857441	-0.798250	0.000000	0.000000	0.000000	0.000000	0.000000	0.000000	0.000000
-0.895363	0.857573	-0.798250	0.000000	0.000000	0.000000	0.000000	0.000000	0.000000	0.000000
-0.895310	0.857961	-0.798221	0.000000	0.000000	0.000000	0.000000	0.000000	0.000000	0.000000
-0.895411	0.857778	-0.798076	-0.000000	0.000000	0.000000	0.000000	0.000000	0.000000	0.000000
-0.895360	0.858182	-0.798247	0.000000	0.000000	0.000000	0.000000	0.000000	0.000000	0.000000
-0.895333	0.857635	-0.798245	0.000000	0.000000	0.000000	0.000000	0.000000	0.000000	0.000000
-0.895306	0.857581	-0.798250	-0.000000	0.000000	0.000000	0.000000	0.000000	0.000000	0.000000
-0.895364	0.857333	-0.798250	-0.000000	0.000000	0.000000	0.000000	0.000000	0.000000	0.000000
-0.895382	0.857923	-0.798250	-0.000000	0.000000	0.000000	0.000000	0.000000	0.000000	0.000000
-0.895334	0.857708	-0.798250	0.000000	0.000000	0.000000	0.000000	0.000000	0.000000	0.000000
-0.895347	0.857682	-0.798250	-0.000000	0.000000	0.000000	0.000000	0.000000	0.000000	0.000000
-0.895392	0.857745	-0.798246	0.000000	0.000000	0.000000	0.000000	0.000000	0.000000	0.000000
-0.895354	0.857806	-0.798250	0.000000	0.000000	0.000000	0.000000	0.000000	0.000000	0.000000
-0.895390	0.857410	-0.798250	0.000000	0.000000	0.000000	0.000000	0.000000	0.000000	0.000000
-0.895373	0.857829	-0.798250	0.000000	0.000000	0.000000	0.000000	0.000000	0.000000	0.000000
-0.895371	0.857609	-0.798250	-0.000000	0.000000	0.000000	0.000000	0.000000	0.000000	0.000000
-0.895324	0.857547	-0.798250	0.000000	0.000000	0.000000	0.000000	0.000000	0.000000	0.000000
-0.895354	0.857502	-0.798219	0.000000	0.000000	0.000000	0.000000	0.000000	0.000000	0.000000
-0.895361	0.857299	-0.798250	0.000000	0.000000	0.000000	0.000000	0.000000	0.000000	0.000000
-0.895368	0.857585	-0.798149	0.000000	0.000000	0.000000	0.000000	0.000000	0.000000	0.000000
-0.895381	0.857723	-0.798250	-0.000000	0.000000	0.000000	0.000000	0.000000	0.000000	0.000000
-0.895398	0.857612	-0.798250	-0.000000	0.000000	0.000000	0.000000	0.000000	0.000000	0.000000
-0.895357	0.857304	-0.798233	-0.000000	0.000000	0.000000	0.000000	0.000000	0.000000	0.000000
-0.895394	0.857304	-0.798250	-0.000000	0.000000	0.000000	0.000000	0.000000	0.000000	0.000000
-0.895372	0.857356	-0.798250	-0.000000	0.000000	0.000000	0.000000	0.000000	0.000000	0.000000
-0.895382	0.857671	-0.798249	0.000000	0.000000	0.000000	0.000000	0.000000	0.000000	0.000000
-0.895382	0.857391	-0.798250	0.000000	0.000000	0.000000	0.000000	0.000000	0.000000	0.000000
-0.895445	0.857635	-0.798244	-0.000000	0.000000	0.000000	0.000000	0.000000	0.000000	0.000000
-0.895384	0.857443	-0.798250	0.000000	0.000000	0.000000	0.000000	0.000000	0.000000	0.000000
-0.895387	0.857336	-0.798250	-0.000000	0.000000	0.000000	0.000000	0.000000	0.000000	0.000000
-0.895338	0.857495	-0.798250	-0.000000	0.000000	0.000000	0.000000	0.000000	0.000000	0.000000
-0.895386	0.857174	-0.798246	-0.000000	0.000000	0.000000	0.000000	0.000000	0.000000	0.000000
-0.895333	0.857569	-0.798249	0.000000	0.000000	0.000000	0.000000	0.000000	0.000000	0.000000
-0.895384	0.857706	-0.798248	0.000000	0.000000	0.000000	0.000000	0.000000	0.000000	0.000000
-0.895396	0.857686	-0.798250	0.000000	0.000000	0.000000	0.000000	0.000000	0.000000	0.000000
-0.895383	0.857326	-0.798250	0.000000	0.000000	0.000000	0.000000	0.000000	0.000000	0.000000
-0.895363	0.857505	-0.798246	0.000000	0.000000	0.000000	0.000000	0.000000	0.000000	0.000000
-0.895364	0.857549	-0.798250	-0.000000	0.000000	0.000000	0.000000	0.000000	0.000000	0.000000
-0.895391	0.857496	-0.798249	0.000000	0.000000	0.000000	0.000000	0.000000	0.000000	0.000000
-0.895375	0.857318	-0.798250	0.000000	0.000000	0.000000	0.000000	0.000000	0.000000	0.000000
-0.895394	0.857232	-0.798250	0.000000	0.000000	0.000000	0.000000	0.000000	0.000000	0.000000
-0.895415	0.857599	-0.798241	0.000000	0.000000	0.000000	0.000000	0.000000	0.000000	0.000000
-0.895320	0.857936	-0.798033	0.000000	0.000000	0.000000	0.000000	0.000000	0.000000	0.000000
-0.895371	0.857308	-0.798219	0.000000	0.000000	0.000000	0.000000	0.000000	0.000000	0.000000
-0.895348	0.857166	-0.798250	0.000000	0.000000	0.000000	0.000000	0.000000	0.000000	0.000000
-0.895399	0.857928	-0.722211	0.000000	0.000000	0.000000	0.000000	0.000000	0.000000	0.000000
-0.895421	0.857277	-0.798199	-0.000000	0.000000	0.000000	0.000000	0.000000	0.000000	0.000000
-0.895391	0.857096	-0.798250	-0.000000	0.000000	0.000000	0.000000	0.000000	0.000000	0.000000
-0.895394	0.857740	-0.798222	0.000000	0.000000	0.000000	0.000000	0.000000	0.000000	0.000000
-0.895343	0.857832	-0.798250	0.000000	0.000000	0.000000	0.000000	0.000000	0.000000	0.000000
-0.895372	0.857556	-0.798250	0.000000	0.000000	0.000000	0.000000	0.000000	0.000000	0.000000
-0.895367	0.857246	-0.798250	0.000000	0.000000	0.000000	0.000000	0.000000	0.000000	0.000000
-0.895387	0.857340	-0.798250	0.000000	0.000000	0.000000	0.000000	0.000000	0.000000	0.000000
-0.895375	0.857167	-0.798250	-0.000000	0.000000	0.000000	0.000000	0.000000	0.000000	0.000000
-0.895365	0.857497	-0.798250	0.000000	0.000000	0.000000	0.000000	0.000000	0.000000	0.000000
-0.895377	0.857682	-0.798250	-0.000000	0.000000	0.000000	0.000000	0.000000	0.000000	0.000000
-0.895397	0.857418	-0.798248	-0.000000	0.000000	0.000000	0.000000	0.000000	0.000000	0.000000
-0.895358	0.857282	-0.798250	-0.000000	0.000000	0.000000	0.000000	0.000000	0.000000	0.000000
-0.895383	0.857488	-0.798193	0.000000	0.000000	0.000000	0.000000	0.000000	0.000000	0.000000
-0.895319	0.857648	-0.798250	0.000000	0.000000	0.000000	0.000000	0.000000	0.000000	0.000000
-0.895365	0.857876	-0.798249	0.000000	0.000000	0.000000	0.000000	0.000000	0.000000	0.000000
-0.895364	0.857559	-0.798250	0.000000	0.000000	0.000000	0.000000	0.000000	0.000000	0.000000
-0.895399	0.857642	-0.798250	-0.000000	0.000000	0.000000	0.000000	0.000000	0.000000	0.000000
-0.895357	0.857508	-0.798250	0.000000	0.000000	0.000000	0.000000	0.000000	0.000000	0.000000
-0.895350	0.857841	-0.796121	0.000000	0.000000	0.000000	0.000000	0.000000	0.000000	0.000000
-0.895351	0.857561	-0.798250	0.000000	0.000000	0.000000	0.000000	0.000000	0.000000	0.000000
-0.895402	0.857514	-0.798248	-0.000000	0.000000	0.000000	0.000000	0.000000	0.000000	0.000000
-0.895361	0.857437	-0.798250	-0.000000	0.000000	0.000000	0.000000	0.000000	0.000000	0.000000
-0.895394	0.857457	-0.798250	0.000000	0.000000	0.000000	0.000000	0.000000	0.000000	0.000000
-0.895353	0.857357	-0.798250	-0.000000	0.000000	0.000000	0.000000	0.000000	0.000000	0.000000
-0.895396	0.857392	-0.798250	-0.000000	0.000000	0.000000	0.000000	0.000000	0.000000	0.000000
-0.895380	0.857553	-0.798250	0.000000	0.000000	0.000000	0.000000	0.000000	0.000000	0.000000
-0.895328	0.857527	-0.798249	-0.000000	0.000000	0.000000	0.000000	0.000000	0.000000	0.000000
-0.895340	0.857761	-0.798247	0.000000	0.000000	0.000000	0.000000	0.000000	0.000000	0.000000
-0.895357	0.857343	-0.798250	-0.000000	0.000000	0.000000	0.000000	0.000000	0.000000	0.000000
-0.895348	0.857555	-0.798245	0.000000	0.000000	0.000000	0.000000	0.000000	0.000000	0.000000
-0.895332	0.857305	-0.798250	0.000000	0.000000	0.000000	0.000000	0.000000	0.000000	0.000000
-0.895369	0.857616	-0.798025	-0.000000	0.000000	0.000000	0.000000	0.000000	0.000000	0.000000
-0.895375	0.857581	-0.798248	-0.000000	0.000000	0.000000	0.000000	0.000000	0.000000	0.000000
-0.895413	0.855627	-0.798250	-0.000000	0.000000	0.000000	0.000000	0.000000	0.000000	0.000000
-0.895349	0.857319	-0.798250	0.000000	0.000000	0.000000	0.000000	0.000000	0.000000	0.000000
-0.895347	0.856874	-0.798250	0.000000	0.000000	0.000000	0.000000	0.000000	0.000000	0.000000
-0.895334	0.857828	-0.798250	0.000000	0.000000	0.000000	0.000000	0.000000	0.000000	0.000000
-0.895387	0.857078	-0.798250	0.000000	0.000000	0.000000	0.000000	0.000000	0.000000	0.000000
-0.895361	0.858199	-0.797758	0.000000	0.000000	0.000000	0.000000	0.000000	0.000000	0.000000
-0.895320	-0.791064	0.000000	-0.097434	0.000000	0.000000	0.000000	0.000000	0.000000	0.000000
-0.895402	-0.801051	-0.000000	0.796448	0.000000	0.000000	0.000000	0.000000	0.000000	0.000000
-0.895343	-0.801165	-0.000000	0.797418	0.000000	0.000000	0.000000	0.000000	0.000000	0.000000
-0.895344	-0.801468	0.000000	0.797110	0.000000	0.000000	0.000000	0.000000	0.000000	0.000000
-0.895367	-0.801386	0.000000	0.796580	0.000000	0.000000	0.000000	0.000000	0.000000	0.000000
-0.895347	-0.801149	-0.000000	0.797810	0.000000	0.000000	0.000000	0.000000	0.000000	0.000000
-0.895393	-0.800960	0.000000	0.796806	0.000000	0.000000	0.000000	0.000000	0.000000	0.000000
-0.895402	-0.801341	-0.000000	0.796661	0.000000	0.000000	0.000000	0.000000	0.000000	0.000000
-0.895391	-0.801119	0.000000	0.796414	0.000000	0.000000	0.000000	0.000000	0.000000	0.000000
-0.895367	-0.800947	0.000000	0.797082	0.000000	0.000000	0.000000	0.000000	0.000000	0.000000
-0.895318	-0.801186	-0.000000	0.797287	0.000000	0.000000	0.000000	0.000000	0.000000	0.000000
-0.895349	-0.801192	-0.000000	0.797675	0.000000	0.000000	0.000000	0.000000	0.000000	0.000000
-0.895394	-0.801135	-0.000000	0.797808	0.000000	0.000000	0.000000	0.000000	0.000000	0.000000
-0.895414	-0.800923	-0.000000	0.796873	0.000000	0.000000	0.000000	0.000000	0.000000	0.000000
-0.895358	-0.801089	0.000000	0.797502	0.000000	0.000000	0.000000	0.000000	0.000000	0.000000
-0.895383	-0.801284	0.000000	0.797320	0.000000	0.000000	0.000000	0.000000	0.000000	0.000000
-0.895370	-0.801175	-0.000000	0.797414	0.000000	0.000000	0.000000	0.000000	0.000000	0.000000
-0.895364	-0.801711	-0.000000	0.797075	0.000000	0.000000	0.000000	0.000000	0.000000	0.000000
-0.895374	-0.801229	-0.000000	0.797255	0.000000	0.000000	0.000000	0.000000	0.000000	0.000000
-0.895366	-0.801059	-0.000000	0.797037	0.000000	0.000000	0.000000	0.000000	0.000000	0.000000
-0.895371	-0.801304	-0.000000	0.796869	0.000000	0.000000	0.000000	0.000000	0.000000	0.000000
-0.895360	-0.801407	0.000000	0.797752	0.000000	0.000000	0.000000	0.000000	0.000000	0.000000
-0.895353	-0.800980	0.000000	0.797608	0.000000	0.000000	0.000000	0.000000	0.000000	0.000000
-0.895334	-0.801080	-0.000000	0.797119	0.000000	0.000000	0.000000	0.000000	0.000000	0.000000
-0.895343	-0.800646	0.000000	0.797258	0.000000	0.000000	0.000000	0.000000	0.000000	0.000000
-0.895420	-0.801291	-0.000000	0.796997	0.000000	0.000000	0.000000	0.000000	0.000000	0.000000
-0.895382	-0.801625	-0.000000	0.797206	0.000000	0.000000	0.000000	0.000000	0.000000	0.000000
-0.895298	-0.801529	-0.000000	0.797358	0.000000	0.000000	0.000000	0.000000	0.000000	0.000000
-0.895338	-0.801160	-0.000000	0.796786	0.000000	0.000000	0.000000	0.000000	0.000000	0.000000
-0.895369	-0.801375	0.000000	0.796804	0.000000	0.000000	0.000000	0.000000	0.000000	0.000000
-0.895317	-0.801441	-0.000000	0.797404	0.000000	0.000000	0.000000	0.000000	0.000000	0.000000
-0.895375	-0.801134	-0.000000	0.796886	0.000000	0.000000	0.000000	0.000000	0.000000	0.000000
-0.895334	-0.800770	0.000000	0.797289	0.000000	0.000000	0.000000	0.000000	0.000000	0.000000
-0.895346	-0.800863	-0.000000	0.797657	0.000000	0.000000	0.000000	0.000000	0.000000	0.000000
-0.895332	-0.801707	-0.000000	0.796277	0.000000	0.000000	0.000000	0.000000	0.000000	0.000000
-0.895371	-0.800720	0.000000	0.793164	0.000000	0.000000	0.000000	0.000000	0.000000	0.000000
-0.895376	-0.801215	-0.000000	0.797701	0.000000	0.000000	0.000000	0.000000	0.000000	0.000000
-0.895392	-0.800942	-0.000000	0.797325	0.000000	0.000000	0.000000	0.000000	0.000000	0.000000
-0.895431	-0.800923	-0.000000	0.797386	0.000000	0.000000	0.000000	0.000000	0.000000	0.000000
-0.895340	-0.801371	-0.000000	0.797015	0.000000	0.000000	0.000000	0.000000	0.000000	0.000000
-0.895324	-0.801098	0.000000	0.797175	0.000000	0.000000	0.000000	0.000000	0.000000	0.000000
-0.895356	-0.801676	0.000000	0.797403	0.000000	0.000000	0.000000	0.000000	0.000000	0.000000
-0.895350	-0.801247	-0.000000	0.797382	0.000000	0.000000	0.000000	0.000000	0.000000	0.000000
-0.895392	-0.801048	0.000000	0.796633	0.000000	0.000000	0.000000	0.000000	0.000000	0.000000
-0.895383	-0.801093	-0.000000	0.787302	0.000000	0.000000	0.000000	0.000000	0.000000	0.000000
-0.895392	-0.801189	-0.000000	0.796787	0.000000	0.000000	0.000000	0.000000	0.000000	0.000000
-0.895392	-0.800959	0.000000	0.797406	0.000000	0.000000	0.000000	0.000000	0.000000	0.000000
-0.895382	-0.801134	-0.000000	0.797088	0.000000	0.000000	0.000000	0.000000	0.000000	0.000000
-0.895409	-0.801115	0.000000	0.796850	0.000000	0.000000	0.000000	0.000000	0.000000	0.000000
-0.895335	-0.801513	0.000000	0.797276	0.000000	0.000000	0.000000	0.000000	0.000000	0.000000
-0.895364	-0.801898	-0.000000	0.797500	0.000000	0.000000	0.000000	0.000000	0.000000	0.000000
-0.895381	-0.801410	0.000000	0.797620	0.000000	0.000000	0.000000	0.000000	0.000000	0.000000
-0.895353	-0.801727	-0.000000	0.797453	0.000000	0.000000	0.000000	0.000000	0.000000	0.000000
-0.895364	-0.800758	0.000000	0.796663	0.000000	0.000000	0.000000	0.000000	0.000000	0.000000
-0.895324	-0.800879	0.000000	0.796760	0.000000	0.000000	0.000000	0.000000	0.000000	0.000000
-0.895376	-0.801386	-0.000000	0.797450	0.000000	0.000000	0.000000	0.000000	0.000000	0.000000
-0.895373	-0.801310	0.000000	0.797595	0.000000	0.000000	0.000000	0.000000	0.000000	0.000000
-0.895367	-0.801321	-0.000000	0.796080	0.000000	0.000000	0.000000	0.000000	0.000000	0.000000
-0.895388	-0.801362	-0.000000	0.797456	0.000000	0.000000	0.000000	0.000000	0.000000	0.000000
-0.895312	-0.798814	0.000000	0.797304	0.000000	0.000000	0.000000	0.000000	0.000000	0.000000
-0.895364	-0.801114	0.000000	0.796738	0.000000	0.000000	0.000000	0.000000	0.000000	0.000000
-0.895362	-0.801150	0.000000	0.797056	0.000000	0.000000	0.000000	0.000000	0.000000	0.000000
-0.895324	-0.800913	-0.000000	0.797117	0.000000	0.000000	0.000000	0.000000	0.000000	0.000000
-0.895364	-0.800876	0.000000	0.796950	0.000000	0.000000	0.000000	0.000000	0.000000	0.000000
-0.895365	-0.800569	-0.000000	0.796643	0.000000	0.000000	0.000000	0.000000	0.000000	0.000000
-0.895347	-0.800868	0.000000	0.796943	0.000000	0.000000	0.000000	0.000000	0.000000	0.000000
-0.895368	-0.800349	-0.000000	0.797419	0.000000	0.000000	0.000000	0.000000	0.000000	0.000000
-0.895324	-0.801133	0.000000	0.796845	0.000000	0.000000	0.000000	0.000000	0.000000	0.000000
-0.895374	-0.801385	-0.000000	0.797053	0.000000	0.000000	0.000000	0.000000	0.000000	0.000000
-0.895395	-0.801469	-0.000000	0.796947	0.000000	0.000000	0.000000	0.000000	0.000000	0.000000
-0.895353	-0.801660	0.000000	0.796766	0.000000	0.000000	0.000000	0.000000	0.000000	0.000000
-0.895342	-0.801361	-0.000000	0.795960	0.000000	0.000000	0.000000	0.000000	0.000000	0.000000
-0.895404	-0.801196	-0.000000	0.797126	0.000000	0.000000	0.000000	0.000000	0.000000	0.000000
-0.895373	-0.800760	-0.000000	0.796768	0.000000	0.000000	0.000000	0.000000	0.000000	0.000000
-0.895409	-0.800402	0.000000	0.792233	0.000000	0.000000	0.000000	0.000000	0.000000	0.000000
-0.895350	-0.801036	0.000000	0.797594	0.000000	0.000000	0.000000	0.000000	0.000000	0.000000
-0.895301	-0.801163	0.000000	0.797304	0.000000	0.000000	0.000000	0.000000	0.000000	0.000000
-0.895400	-0.800979	-0.000000	0.796919	0.000000	0.000000	0.000000	0.000000	0.000000	0.000000
-0.895338	-0.801270	0.000000	0.797361	0.000000	0.000000	0.000000	0.000000	0.000000	0.000000
-0.895335	-0.800663	0.000000	0.796847	0.000000	0.000000	0.000000	0.000000	0.000000	0.000000
-0.895359	-0.801523	-0.000000	0.797667	0.000000	0.000000	0.000000	0.000000	0.000000	0.000000
-0.895408	-0.801161	-0.000000	0.797512	0.000000	0.000000	0.000000	0.000000	0.000000	0.000000
-0.895373	-0.801539	-0.000000	0.797054	0.000000	0.000000	0.000000	0.000000	0.000000	0.000000
-0.895333	-0.801233	0.000000	0.797211	0.000000	0.000000	0.000000	0.000000	0.000000	0.000000
-0.895315	-0.800822	0.000000	0.796732	0.000000	0.000000	0.000000	0.000000	0.000000	0.000000
-0.895339	-0.800980	-0.000000	0.796809	0.000000	0.000000	0.000000	0.000000	0.000000	0.000000
-0.895381	-0.801146	0.000000	0.796281	0.000000	0.000000	0.000000	0.000000	0.000000	0.000000
-0.895368	-0.801456	0.000000	0.796868	0.000000	0.000000	0.000000	0.000000	0.000000	0.000000
-0.895368	-0.801617	0.000000	0.797097	0.000000	0.000000	0.000000	0.000000	0.000000	0.000000
-0.895378	-0.801231	0.000000	0.796718	0.000000	0.000000	0.000000	0.000000	0.000000	0.000000
-0.895377	-0.801314	0.000000	0.796976	0.000000	0.000000	0.000000	0.000000	0.000000	0.000000
-0.895342	-0.801225	-0.000000	0.796915	0.000000	0.000000	0.000000	0.000000	0.000000	0.000000
-0.895393	-0.801448	-0.000000	0.796722	0.000000	0.000000	0.000000	0.000000	0.000000	0.000000
-0.895392	-0.801231	0.000000	0.797057	0.000000	0.000000	0.000000	0.000000	0.000000	0.000000
-0.895387	-0.801301	-0.000000	0.796828	0.000000	0.000000	0.000000	0.000000	0.000000	0.000000
-0.895386	-0.801227	0.000000	0.797145	0.000000	0.000000	0.000000	0.000000	0.000000	0.000000
-0.895367	-0.801172	0.000000	0.797027	0.000000	0.000000	0.000000	0.000000	0.000000	0.000000
-0.895339	-0.801218	0.000000	0.797149	0.000000	0.000000	0.000000	0.000000	0.000000	0.000000
-0.895410	-0.801045	0.000000	0.797190	0.000000	0.000000	0.000000	0.000000	0.000000	0.000000
-0.895381	-0.800660	-0.000000	0.796849	0.000000	0.000000	0.000000	0.000000	0.000000	0.000000
-0.895380	-0.801094	-0.000000	0.765369	0.000000	0.000000	0.000000	0.000000	0.000000	0.000000
-0.895360	-0.800672	-0.000000	0.797455	0.000000	0.000000	0.000000	0.000000	0.000000	0.000000
-0.895396	-0.800953	-0.000000	0.796534	0.000000	0.000000	0.000000	0.000000	0.000000	0.000000
-0.895418	-0.801255	0.000000	0.796864	0.000000	0.000000	0.000000	0.000000	0.000000	0.000000
-0.895411	-0.801248	0.000000	0.796902	0.000000	0.000000	0.000000	0.000000	0.000000	0.000000
-0.895419	-0.801375	0.000000	0.796622	0.000000	0.000000	0.000000	0.000000	0.000000	0.000000
-0.895371	-0.800634	-0.000000	0.797801	0.000000	0.000000	0.000000	0.000000	0.000000	0.000000
-0.895349	-0.801516	-0.000000	0.796865	0.000000	0.000000	0.000000	0.000000	0.000000	0.000000
-0.895373	-0.801393	0.000000	0.797582	0.000000	0.000000	0.000000	0.000000	0.000000	0.000000
-0.895397	-0.800952	0.000000	0.795414	0.000000	0.000000	0.000000	0.000000	0.000000	0.000000
-0.895343	-0.801061	0.000000	0.796751	0.000000	0.000000	0.000000	0.000000	0.000000	0.000000
-0.895386	-0.801236	-0.000000	0.797397	0.000000	0.000000	0.000000	0.000000	0.000000	0.000000
-0.895378	-0.800908	-0.000000	0.792406	0.000000	0.000000	0.000000	0.000000	0.000000	0.000000
-0.895400	-0.801382	-0.000000	0.796484	0.000000	0.000000	0.000000	0.000000	0.000000	0.000000
-0.895392	-0.801511	-0.000000	0.796824	0.000000	0.000000	0.000000	0.000000	0.000000	0.000000
-0.895335	-0.801090	0.000000	0.797349	0.000000	0.000000	0.000000	0.000000	0.000000	0.000000
-0.895387	-0.800766	-0.000000	0.796799	0.000000	0.000000	0.000000	0.000000	0.000000	0.000000
-0.895451	-0.801331	-0.000000	0.797268	0.000000	0.000000	0.000000	0.000000	0.000000	0.000000
-0.895378	-0.801460	-0.000000	0.796995	0.000000	0.000000	0.000000	0.000000	0.000000	0.000000
-0.895348	-0.801356	0.000000	0.796793	0.000000	0.000000	0.000000	0.000000	0.000000	0.000000
-0.895384	-0.801534	-0.000000	0.794522	0.000000	0.000000	0.000000	0.000000	0.000000	0.000000
-0.895393	-0.800938	0.000000	0.796703	0.000000	0.000000	0.000000	0.000000	0.000000	0.000000
-0.895354	-0.801337	-0.000000	0.796679	0.000000	0.000000	0.000000	0.000000	0.000000	0.000000
-0.895333	-0.801092	-0.000000	0.797116	0.000000	0.000000	0.000000	0.000000	0.000000	0.000000
-0.895394	-0.800934	-0.000000	0.795690	0.000000	0.000000	0.000000	0.000000	0.000000	0.000000
-0.895363	-0.801314	0.000000	0.796874	0.000000	0.000000	0.000000	0.000000	0.000000	0.000000
-0.895347	-0.801282	-0.000000	0.795754	0.000000	0.000000	0.000000	0.000000	0.000000	0.000000
-0.895349	-0.801119	-0.000000	0.796342	0.000000	0.000000	0.000000	0.000000	0.000000	0.000000
-0.895361	-0.800738	0.000000	0.797026	0.000000	0.000000	0.000000	0.000000	0.000000	0.000000
-0.895384	-0.801185	0.000000	0.797353	0.000000	0.000000	0.000000	0.000000	0.000000	0.000000
-0.895392	-0.800870	0.000000	0.797257	0.000000	0.000000	0.000000	0.000000	0.000000	0.000000
-0.895383	-0.800781	-0.000000	0.796802	0.000000	0.000000	0.000000	0.000000	0.000000	0.000000
-0.895356	-0.801509	-0.000000	0.796897	0.000000	0.000000	0.000000	0.000000	0.000000	0.000000
-0.895392	-0.801383	0.000000	0.777697	0.000000	0.000000	0.000000	0.000000	0.000000	0.000000
-0.895363	-0.801235	-0.000000	0.786926	0.000000	0.000000	0.000000	0.000000	0.000000	0.000000
-0.895370	-0.801078	-0.000000	0.796420	0.000000	0.000000	0.000000	0.000000	0.000000	0.000000
-0.895344	-0.801182	-0.000000	0.797040	0.000000	0.000000	0.000000	0.000000	0.000000	0.000000
-0.895379	-0.801060	0.000000	0.797097	0.000000	0.000000	0.000000	0.000000	0.000000	0.000000
-0.895391	-0.800847	0.000000	0.796910	0.000000	0.000000	0.000000	0.000000	0.000000	0.000000
-0.895358	-0.800917	-0.000000	0.670645	0.000000	0.000000	0.000000	0.000000	0.000000	0.000000
-0.895369	-0.801018	0.000000	0.797094	0.000000	0.000000	0.000000	0.000000	0.000000	0.000000
-0.895370	-0.800912	-0.000000	0.797471	0.000000	0.000000	0.000000	0.000000	0.000000	0.000000
-0.895347	-0.801162	-0.000000	0.797188	0.000000	0.000000	0.000000	0.000000	0.000000	0.000000
-0.895393	-0.801213	0.000000	0.796882	0.000000	0.000000	0.000000	0.000000	0.000000	0.000000
-0.895384	-0.801261	-0.000000	0.795560	0.000000	0.000000	0.000000	0.000000	0.000000	0.000000
-0.895404	-0.800736	-0.000000	0.797181	0.000000	0.000000	0.000000	0.000000	0.000000	0.000000
-0.895370	-0.801402	-0.000000	0.796765	0.000000	0.000000	0.000000	0.000000	0.000000	0.000000
-0.895406	-0.801234	0.000000	0.796946	0.000000	0.000000	0.000000	0.000000	0.000000	0.000000
-0.895347	-0.801374	-0.000000	0.797199	0.000000	0.000000	0.000000	0.000000	0.000000	0.000000
-0.895387	-0.801749	-0.000000	0.796011	0.000000	0.000000	0.000000	0.000000	0.000000	0.000000
-0.895368	-0.801144	-0.000000	0.797943	0.000000	0.000000	0.000000	0.000000	0.000000	0.000000
-0.895366	-0.800979	-0.000000	0.797242	0.000000	0.000000	0.000000	0.000000	0.000000	0.000000
-0.895392	-0.801461	-0.000000	0.797110	0.000000	0.000000	0.000000	0.000000	0.000000	0.000000
-0.895330	-0.801121	-0.000000	0.797211	0.000000	0.000000	0.000000	0.000000	0.000000	0.000000
-0.895324	-0.798754	-0.000000	0.797444	0.000000	0.000000	0.000000	0.000000	0.000000	0.000000
-0.895375	-0.801023	-0.000000	0.797977	0.000000	0.000000	0.000000	0.000000	0.000000	0.000000
-0.895341	-0.801082	-0.000000	0.796897	0.000000	0.000000	0.000000	0.000000	0.000000	0.000000
-0.895364	-0.801149	-0.000000	0.796940	0.000000	0.000000	0.000000	0.000000	0.000000	0.000000
-0.895331	-0.802114	-0.000000	0.796837	0.000000	0.000000	0.000000	0.000000	0.000000	0.000000
-0.895404	-0.801092	0.000000	0.796680	0.000000	0.000000	0.000000	0.000000	0.000000	0.000000
-0.895328	-0.801624	0.000000	0.797882	0.000000	0.000000	0.000000	0.000000	0.000000	0.000000
-0.895376	-0.801400	-0.000000	0.796968	0.000000	0.000000	0.000000	0.000000	0.000000	0.000000
-0.895356	-0.800513	-0.000000	0.796478	0.000000	0.000000	0.000000	0.000000	0.000000	0.000000
-0.895394	-0.801485	-0.000000	0.782361	0.000000	0.000000	0.000000	0.000000	0.000000	0.000000
-0.895433	-0.801626	0.000000	0.797089	0.000000	0.000000	0.000000	0.000000	0.000000	0.000000
-0.895363	-0.800870	-0.000000	0.797307	0.000000	0.000000	0.000000	0.000000	0.000000	0.000000
-0.895408	-0.801161	0.000000	0.796992	0.000000	0.000000	0.000000	0.000000	0.000000	0.000000
-0.895408	-0.801024	0.000000	0.796876	0.000000	0.000000	0.000000	0.000000	0.000000	0.000000
-0.895350	-0.801258	-0.000000	0.796957	0.000000	0.000000	0.000000	0.000000	0.000000	0.000000
-0.895356	-0.801680	0.000000	0.794575	0.000000	0.000000	0.000000	0.000000	0.000000	0.000000
-0.895350	-0.800661	-0.000000	0.797428	0.000000	0.000000	0.000000	0.000000	0.000000	0.000000
-0.895365	-0.800919	-0.000000	0.797539	0.000000	0.000000	0.000000	0.000000	0.000000	0.000000
-0.895383	-0.801442	-0.000000	0.796112	0.000000	0.000000	0.000000	0.000000	0.000000	0.000000
-0.895367	-0.800922	-0.000000	0.796586	0.000000	0.000000	0.000000	0.000000	0.000000	0.000000
-0.895421	-0.801174	0.000000	0.796733	0.000000	0.000000	0.000000	0.000000	0.000000	0.000000
-0.895309	-0.801181	0.000000	0.796858	0.000000	0.000000	0.000000	0.000000	0.000000	0.000000
-0.895316	-0.801349	-0.000000	0.666428	0.000000	0.000000	0.000000	0.000000	0.000000	0.000000
-0.895382	-0.800996	0.000000	0.796561	0.000000	0.000000	0.000000	0.000000	0.000000	0.000000
-0.895370	-0.801421	0.000000	0.797157	0.000000	0.000000	0.000000	0.000000	0.000000	0.000000
-0.895356	-0.800773	0.000000	0.797107	0.000000	0.000000	0.000000	0.000000	0.000000	0.000000
-0.895333	-0.800600	-0.000000	0.797013	0.000000	0.000000	0.000000	0.000000	0.000000	0.000000
-0.895372	-0.793108	0.000000	0.797321	0.000000	0.000000	0.000000	0.000000	0.000000	0.000000
-0.895386	-0.800797	0.000000	0.796817	0.000000	0.000000	0.000000	0.000000	0.000000	0.000000
-0.895363	-0.801238	-0.000000	0.796043	0.000000	0.000000	0.000000	0.000000	0.000000	0.000000
-0.895365	-0.801031	-0.000000	0.797226	0.000000	0.000000	0.000000	0.000000	0.000000	0.000000
-0.895375	-0.801248	-0.000000	0.796800	0.000000	0.000000	0.000000	0.000000	0.000000	0.000000
-0.895398	-0.800953	-0.000000	0.796181	0.000000	0.000000	0.000000	0.000000	0.000000	0.000000
-0.895365	-0.801272	-0.000000	0.797190	0.000000	0.000000	0.000000	0.000000	0.000000	0.000000
-0.895377	-0.801356	-0.000000	0.796689	0.000000	0.000000	0.000000	0.000000	0.000000	0.000000
-0.895365	-0.801053	0.000000	0.796339	0.000000	0.000000	0.000000	0.000000	0.000000	0.000000
-0.895434	-0.801084	-0.000000	0.796494	0.000000	0.000000	0.000000	0.000000	0.000000	0.000000
-0.895381	-0.801035	-0.000000	0.797031	0.000000	0.000000	0.000000	0.000000	0.000000	0.000000
-0.895341	-0.801026	0.000000	0.797571	0.000000	0.000000	0.000000	0.000000	0.000000	0.000000
-0.895392	-0.800796	0.000000	0.797281	0.000000	0.000000	0.000000	0.000000	0.000000	0.000000
-0.895398	-0.801927	-0.000000	0.797325	0.000000	0.000000	0.000000	0.000000	0.000000	0.000000
-0.895363	-0.801182	-0.000000	0.796906	0.000000	0.000000	0.000000	0.000000	0.000000	0.000000
-0.895376	-0.801473	0.000000	0.796518	0.000000	0.000000	0.000000	0.000000	0.000000	0.000000
-0.895361	-0.801498	-0.000000	0.797606	0.000000	0.000000	0.000000	0.000000	0.000000	0.000000
-0.895320	-0.800946	-0.000000	0.796828	0.000000	0.000000	0.000000	0.000000	0.000000	0.000000
-0.895316	-0.801127	-0.000000	0.797674	0.000000	0.000000	0.000000	0.000000	0.000000	0.000000
-0.895387	-0.801208	-0.000000	0.795499	0.000000	0.000000	0.000000	0.000000	0.000000	0.000000
-0.895407	-0.800861	-0.000000	0.796745	0.000000	0.000000	0.000000	0.000000	0.000000	0.000000
-0.895344	-0.801324	-0.000000	0.797294	0.000000	0.000000	0.000000	0.000000	0.000000	0.000000
-0.895384	-0.801611	-0.000000	0.797344	0.000000	0.000000	0.000000	0.000000	0.000000	0.000000
-0.895384	-0.801412	0.000000	0.796563	0.000000	0.000000	0.000000	0.000000	0.000000	0.000000
-0.895350	-0.801658	-0.000000	0.797281	0.000000	0.000000	0.000000	0.000000	0.000000	0.000000
-0.895375	-0.801529	0.000000	0.797182	0.000000	0.000000	0.000000	0.000000	0.000000	0.000000
-0.895410	-0.801037	-0.000000	0.797825	0.000000	0.000000	0.000000	0.000000	0.000000	0.000000
-0.895345	-0.801369	-0.000000	0.747928	0.000000	0.000000	0.000000	0.000000	0.000000	0.000000
-0.895368	-0.801524	-0.000000	0.796171	0.000000	0.000000	0.000000	0.000000	0.000000	0.000000
-0.895424	-0.801641	-0.000000	0.796274	0.000000	0.000000	0.000000	0.000000	0.000000	0.000000
-0.895379	-0.801282	0.000000	0.796712	0.000000	0.000000	0.000000	0.000000	0.000000	0.000000
-0.895344	-0.800907	0.000000	0.797197	0.000000	0.000000	0.000000	0.000000	0.000000	0.000000
-0.895343	-0.800588	0.000000	0.797141	0.000000	0.000000	0.000000	0.000000	0.000000	0.000000
-0.895319	-0.801075	-0.000000	0.792560	0.000000	0.000000	0.000000	0.000000	0.000000	0.000000
-0.895379	-0.801072	0.000000	0.796848	0.000000	0.000000	0.000000	0.000000	0.000000	0.000000
-0.895363	-0.800997	-0.000000	0.797420	0.000000	0.000000	0.000000	0.000000	0.000000	0.000000
-0.895394	-0.801192	0.000000	0.796512	0.000000	0.000000	0.000000	0.000000	0.000000	0.000000
-0.895314	-0.801428	-0.000000	0.797581	0.000000	0.000000	0.000000	0.000000	0.000000	0.000000
-0.895402	-0.800509	0.000000	0.795340	0.000000	0.000000	0.000000	0.000000	0.000000	0.000000
-0.895358	-0.801294	-0.000000	0.789847	0.000000	0.000000	0.000000	0.000000	0.000000	0.000000
-0.895359	-0.801255	0.000000	0.797262	0.000000	0.000000	0.000000	0.000000	0.000000	0.000000
-0.895430	-0.801226	0.000000	0.796828	0.000000	0.000000	0.000000	0.000000	0.000000	0.000000
-0.895417	-0.801474	-0.000000	0.796603	0.000000	0.000000	0.000000	0.000000	0.000000	0.000000
-0.895411	-0.801263	-0.000000	0.796784	0.000000	0.000000	0.000000	0.000000	0.000000	0.000000
-0.895390	-0.800898	-0.000000	0.796343	0.000000	0.000000	0.000000	0.000000	0.000000	0.000000
-0.895345	-0.801195	0.000000	0.797105	0.000000	0.000000	0.000000	0.000000	0.000000	0.000000
-0.895408	-0.801225	-0.000000	0.796892	0.000000	0.000000	0.000000	0.000000	0.000000	0.000000
-0.895350	-0.800968	0.000000	0.795358	0.000000	0.000000	0.000000	0.000000	0.000000	0.000000
-0.895337	-0.801319	-0.000000	0.796901	0.000000	0.000000	0.000000	0.000000	0.000000	0.000000
-0.895367	-0.800722	-0.000000	0.798020	0.000000	0.000000	0.000000	0.000000	0.000000	0.000000
-0.895372	-0.801358	-0.000000	0.797312	0.000000	0.000000	0.000000	0.000000	0.000000	0.000000
-0.895418	-0.801396	0.000000	0.783888	0.000000	0.000000	0.000000	0.000000	0.000000	0.000000
-0.895331	-0.801107	0.000000	0.797418	0.000000	0.000000	0.000000	0.000000	0.000000	0.000000
-0.895378	-0.801206	-0.000000	0.796791	0.000000	0.000000	0.000000	0.000000	0.000000	0.000000
-0.895394	-0.801326	-0.000000	0.797822	0.000000	0.000000	0.000000	0.000000	0.000000	0.000000
-0.895369	-0.801462	-0.000000	0.796944	0.000000	0.000000	0.000000	0.000000	0.000000	0.000000
-0.895375	-0.801460	-0.000000	0.797200	0.000000	0.000000	0.000000	0.000000	0.000000	0.000000
-0.895386	-0.800881	-0.000000	0.797048	0.000000	0.000000	0.000000	0.000000	0.000000	0.000000
-0.895340	-0.800989	0.000000	0.763065	0.000000	0.000000	0.000000	0.000000	0.000000	0.000000
-0.895325	-0.801052	-0.000000	0.796811	0.000000	0.000000	0.000000	0.000000	0.000000	0.000000
-0.895341	-0.801168	0.000000	0.797554	0.000000	0.000000	0.000000	0.000000	0.000000	0.000000
-0.895400	-0.801332	-0.000000	0.797256	0.000000	0.000000	0.000000	0.000000	0.000000	0.000000
-0.895355	-0.801154	0.000000	0.797119	0.000000	0.000000	0.000000	0.000000	0.000000	0.000000
-0.895368	-0.801225	0.000000	0.797174	0.000000	0.000000	0.000000	0.000000	0.000000	0.000000
-0.895340	-0.800778	0.000000	0.796414	0.000000	0.000000	0.000000	0.000000	0.000000	0.000000
-0.895333	-0.801815	-0.000000	0.797493	0.000000	0.000000	0.000000	0.000000	0.000000	0.000000
-0.895400	-0.801376	-0.000000	0.796240	0.000000	0.000000	0.000000	0.000000	0.000000	0.000000
-0.895372	-0.800856	-0.000000	0.796930	0.000000	0.000000	0.000000	0.000000	0.000000	0.000000
-0.895387	-0.801373	-0.000000	0.797910	0.000000	0.000000	0.000000	0.000000	0.000000	0.000000
-0.895349	-0.000004	0.000000	0.000003	0.000000	0.000000	0.000000	0.000000	0.000000	0.000000
-0.895363	-0.800984	-0.000000	-0.833284	0.000000	0.000000	0.000000	0.000000	0.000000	0.000000
-0.895400	-0.800728	-0.000000	-0.833285	0.000000	0.000000	0.000000	0.000000	0.000000	0.000000
-0.895380	-0.801051	0.000000	-0.833285	0.000000	0.000000	0.000000	0.000000	0.000000	0.000000
-0.895373	-0.801169	-0.000000	-0.833263	0.000000	0.000000	0.000000	0.000000	0.000000	0.000000
-0.895351	-0.800629	-0.000000	-0.833285	0.000000	0.000000	0.000000	0.000000	0.000000	0.000000
-0.895354	-0.800825	-0.000000	-0.833278	0.000000	0.000000	0.000000	0.000000	0.000000	0.000000
-0.895381	-0.800980	0.000000	-0.833285	0.000000	0.000000	0.000000	0.000000	0.000000	0.000000
-0.895338	-0.801291	-0.000000	-0.833285	0.000000	0.000000	0.000000	0.000000	0.000000	0.000000
-0.895372	-0.800970	-0.000000	-0.833285	0.000000	0.000000	0.000000	0.000000	0.000000	0.000000
-0.895347	-0.801156	0.000000	-0.833285	0.000000	0.000000	0.000000	0.000000	0.000000	0.000000
-0.895321	-0.801413	-0.000000	-0.825790	0.000000	0.000000	0.000000	0.000000	0.000000	0.000000
-0.895358	-0.800965	0.000000	-0.833193	0.000000	0.000000	0.000000	0.000000	0.000000	0.000000
-0.895371	-0.801791	-0.000000	-0.833285	0.000000	0.000000	0.000000	0.000000	0.000000	0.000000
-0.895407	-0.801064	0.000000	-0.833262	0.000000	0.000000	0.000000	0.000000	0.000000	0.000000
-0.895362	-0.800951	-0.000000	-0.833285	0.000000	0.000000	0.000000	0.000000	0.000000	0.000000
-0.895350	-0.800995	-0.000000	-0.833281	0.000000	0.000000	0.000000	0.000000	0.000000	0.000000
-0.895353	-0.799820	0.000000	-0.833279	0.000000	0.000000	0.000000	0.000000	0.000000	0.000000
-0.895397	-0.801103	0.000000	-0.833285	0.000000	0.000000	0.000000	0.000000	0.000000	0.000000
-0.895360	-0.801124	-0.000000	-0.833285	0.000000	0.000000	0.000000	0.000000	0.000000	0.000000
-0.895357	-0.800825	-0.000000	-0.833285	0.000000	0.000000	0.000000	0.000000	0.000000	0.000000
-0.895343	-0.801040	-0.000000	-0.832826	0.000000	0.000000	0.000000	0.000000	0.000000	0.000000
-0.895392	-0.801086	0.000000	-0.833285	0.000000	0.000000	0.000000	0.000000	0.000000	0.000000
-0.895388	-0.800764	0.000000	-0.833285	0.000000	0.000000	0.000000	0.000000	0.000000	0.000000
-0.895336	-0.801311	-0.000000	-0.833102	0.000000	0.000000	0.000000	0.000000	0.000000	0.000000
-0.895386	-0.801312	0.000000	-0.833285	0.000000	0.000000	0.000000	0.000000	0.000000	0.000000
-0.895377	-0.800754	0.000000	-0.833284	0.000000	0.000000	0.000000	0.000000	0.000000	0.000000
-0.895351	-0.800667	-0.000000	-0.833285	0.000000	0.000000	0.000000	0.000000	0.000000	0.000000
-0.895365	-0.800794	-0.000000	-0.833285	0.000000	0.000000	0.000000	0.000000	0.000000	0.000000
-0.895336	-0.800767	-0.000000	-0.833244	0.000000	0.000000	0.000000	0.000000	0.000000	0.000000
-0.895362	-0.800940	-0.000000	-0.833285	0.000000	0.000000	0.000000	0.000000	0.000000	0.000000
-0.895410	-0.800790	-0.000000	-0.833284	0.000000	0.000000	0.000000	0.000000	0.000000	0.000000
-0.895366	-0.801561	-0.000000	-0.833285	0.000000	0.000000	0.000000	0.000000	0.000000	0.000000
-0.895333	-0.800983	-0.000000	-0.833285	0.000000	0.000000	0.000000	0.000000	0.000000	0.000000
-0.895408	-0.801537	0.000000	-0.833285	0.000000	0.000000	0.000000	0.000000	0.000000	0.000000
-0.895403	-0.320123	-0.000000	-0.833284	0.000000	0.000000	0.000000	0.000000	0.000000	0.000000
-0.895392	-0.801654	-0.000000	-0.833284	0.000000	0.000000	0.000000	0.000000	0.000000	0.000000
-0.895398	-0.800569	-0.000000	-0.833285	0.000000	0.000000	0.000000	0.000000	0.000000	0.000000
-0.895362	-0.801512	0.000000	-0.833285	0.000000	0.000000	0.000000	0.000000	0.000000	0.000000
-0.895378	-0.801302	0.000000	-0.833278	0.000000	0.000000	0.000000	0.000000	0.000000	0.000000
-0.895340	-0.800870	-0.000000	-0.833285	0.000000	0.000000	0.000000	0.000000	0.000000	0.000000
-0.895378	-0.801283	0.000000	-0.833158	0.000000	0.000000	0.000000	0.000000	0.000000	0.000000
-0.895395	-0.801374	-0.000000	-0.833283	0.000000	0.000000	0.000000	0.000000	0.000000	0.000000
-0.895386	-0.800362	0.000000	-0.833266	0.000000	0.000000	0.000000	0.000000	0.000000	0.000000
-0.895409	-0.801084	0.000000	-0.833278	0.000000	0.000000	0.000000	0.000000	0.000000	0.000000
-0.895389	-0.801467	-0.000000	-0.831874	0.000000	0.000000	0.000000	0.000000	0.000000	0.000000
-0.895374	-0.801266	-0.000000	-0.833280	0.000000	0.000000	0.000000	0.000000	0.000000	0.000000
-0.895376	-0.801603	0.000000	-0.833118	0.000000	0.000000	0.000000	0.000000	0.000000	0.000000
-0.895350	-0.801477	-0.000000	-0.833283	0.000000	0.000000	0.000000	0.000000	0.000000	0.000000
-0.895392	-0.801427	0.000000	-0.833285	0.000000	0.000000	0.000000	0.000000	0.000000	0.000000
-0.895384	-0.800793	-0.000000	-0.833282	0.000000	0.000000	0.000000	0.000000	0.000000	0.000000
-0.895353	-0.801745	-0.000000	-0.833285	0.000000	0.000000	0.000000	0.000000	0.000000	0.000000
-0.895365	-0.801188	-0.000000	-0.833285	0.000000	0.000000	0.000000	0.000000	0.000000	0.000000
-0.895371	-0.801477	0.000000	-0.833285	0.000000	0.000000	0.000000	0.000000	0.000000	0.000000
-0.895398	-0.801226	0.000000	-0.833285	0.000000	0.000000	0.000000	0.000000	0.000000	0.000000
-0.895366	-0.801458	-0.000000	-0.833265	0.000000	0.000000	0.000000	0.000000	0.000000	0.000000
-0.895367	-0.801165	0.000000	-0.830494	0.000000	0.000000	0.000000	0.000000	0.000000	0.000000
-0.895371	-0.801040	0.000000	-0.833283	0.000000	0.000000	0.000000	0.000000	0.000000	0.000000
-0.895322	-0.801183	-0.000000	-0.829233	0.000000	0.000000	0.000000	0.000000	0.000000	0.000000
-0.895358	-0.800953	-0.000000	-0.833274	0.000000	0.000000	0.000000	0.000000	0.000000	0.000000
-0.895374	-0.800895	-0.000000	-0.833283	0.000000	0.000000	0.000000	0.000000	0.000000	0.000000
-0.895354	-0.801491	-0.000000	-0.833285	0.000000	0.000000	0.000000	0.000000	0.000000	0.000000
-0.895375	-0.801117	-0.000000	-0.833285	0.000000	0.000000	0.000000	0.000000	0.000000	0.000000
-0.895341	-0.801099	-0.000000	-0.833280	0.000000	0.000000	0.000000	0.000000	0.000000	0.000000
-0.895350	-0.801733	-0.000000	-0.833283	0.000000	0.000000	0.000000	0.000000	0.000000	0.000000
-0.895336	-0.801313	-0.000000	-0.833285	0.000000	0.000000	0.000000	0.000000	0.000000	0.000000
-0.895399	-0.800979	-0.000000	-0.833285	0.000000	0.000000	0.000000	0.000000	0.000000	0.000000
-0.895367	-0.801366	0.000000	-0.833285	0.000000	0.000000	0.000000	0.000000	0.000000	0.000000
-0.895317	-0.800762	-0.000000	-0.833278	0.000000	0.000000	0.000000	0.000000	0.000000	0.000000
-0.895365	-0.800872	-0.000000	-0.833280	0.000000	0.000000	0.000000	0.000000	0.000000	0.000000
-0.895391	-0.801428	0.000000	-0.833285	0.000000	0.000000	0.000000	0.000000	0.000000	0.000000
-0.895364	-0.800951	0.000000	-0.833285	0.000000	0.000000	0.000000	0.000000	0.000000	0.000000
-0.895373	-0.801274	-0.000000	-0.833285	0.000000	0.000000	0.000000	0.000000	0.000000	0.000000
-0.895387	-0.801005	0.000000	-0.833285	0.000000	0.000000	0.000000	0.000000	0.000000	0.000000
-0.895382	-0.800777	-0.000000	-0.833285	0.000000	0.000000	0.000000	0.000000	0.000000	0.000000
-0.895400	-0.800773	0.000000	-0.833285	0.000000	0.000000	0.000000	0.000000	0.000000	0.000000
-0.895388	-0.801124	-0.000000	-0.833261	0.000000	0.000000	0.000000	0.000000	0.000000	0.000000
-0.895433	-0.801693	0.000000	-0.833285	0.000000	0.000000	0.000000	0.000000	0.000000	0.000000
-0.895365	-0.800910	-0.000000	-0.833252	0.000000	0.000000	0.000000	0.000000	0.000000	0.000000
-0.894749	-0.801103	-0.000000	-0.833285	0.000000	0.000000	0.000000	0.000000	0.000000	0.000000
-0.895314	-0.801185	0.000000	-0.831499	0.000000	0.000000	0.000000	0.000000	0.000000	0.000000
-0.895352	-0.801444	-0.000000	-0.830047	0.000000	0.000000	0.000000	0.000000	0.000000	0.000000
-0.895343	-0.801269	-0.000000	-0.833284	0.000000	0.000000	0.000000	0.000000	0.000000	0.000000
-0.895349	-0.800932	-0.000000	-0.832009	0.000000	0.000000	0.000000	0.000000	0.000000	0.000000
-0.895335	-0.800671	0.000000	-0.833241	0.000000	0.000000	0.000000	0.000000	0.000000	0.000000
-0.895337	-0.801321	0.000000	-0.833283	0.000000	0.000000	0.000000	0.000000	0.000000	0.000000
-0.895331	-0.801250	-0.000000	-0.833285	0.000000	0.000000	0.000000	0.000000	0.000000	0.000000
-0.895342	-0.800710	0.000000	-0.833282	0.000000	0.000000	0.000000	0.000000	0.000000	0.000000
-0.895372	-0.801513	0.000000	-0.833285	0.000000	0.000000	0.000000	0.000000	0.000000	0.000000
-0.895383	-0.800984	0.000000	-0.833285	0.000000	0.000000	0.000000	0.000000	0.000000	0.000000
-0.895318	-0.800984	0.000000	-0.833285	0.000000	0.000000	0.000000	0.000000	0.000000	0.000000
-0.895350	-0.801062	-0.000000	-0.833001	0.000000	0.000000	0.000000	0.000000	0.000000	0.000000
-0.895390	-0.801105	0.000000	-0.833285	0.000000	0.000000	0.000000	0.000000	0.000000	0.000000
-0.895374	-0.801084	0.000000	-0.833274	0.000000	0.000000	0.000000	0.000000	0.000000	0.000000
-0.895292	-0.800911	0.000000	-0.833285	0.000000	0.000000	0.000000	0.000000	0.000000	0.000000
-0.895371	-0.800723	0.000000	-0.833272	0.000000	0.000000	0.000000	0.000000	0.000000	0.000000
-0.895407	-0.800973	0.000000	-0.833279	0.000000	0.000000	0.000000	0.000000	0.000000	0.000000
-0.895466	-0.801272	0.000000	-0.833285	0.000000	0.000000	0.000000	0.000000	0.000000	0.000000
-0.895352	-0.801249	-0.000000	-0.833099	0.000000	0.000000	0.000000	0.000000	0.000000	0.000000
-0.895395	-0.801195	-0.000000	-0.833285	0.000000	0.000000	0.000000	0.000000	0.000000	0.000000
-0.895364	-0.800755	-0.000000	-0.833285	0.000000	0.000000	0.000000	0.000000	0.000000	0.000000
-0.895388	-0.801247	-0.000000	-0.833285	0.000000	0.000000	0.000000	0.000000	0.000000	0.000000
-0.895395	-0.801317	-0.000000	-0.833285	0.000000	0.000000	0.000000	0.000000	0.000000	0.000000
-0.895403	-0.801365	0.000000	-0.833285	0.000000	0.000000	0.000000	0.000000	0.000000	0.000000
-0.895328	-0.801075	0.000000	-0.833285	0.000000	0.000000	0.000000	0.000000	0.000000	0.000000
-0.895389	-0.801177	0.000000	-0.833285	0.000000	0.000000	0.000000	0.000000	0.000000	0.000000
-0.895404	-0.801593	-0.000000	-0.833285	0.000000	0.000000	0.000000	0.000000	0.000000	0.000000
-0.895382	-0.801170	-0.000000	-0.833285	0.000000	0.000000	0.000000	0.000000	0.000000	0.000000
-0.895386	-0.801100	-0.000000	-0.833285	0.000000	0.000000	0.000000	0.000000	0.000000	0.000000
-0.895409	-0.801183	-0.000000	-0.833281	0.000000	0.000000	0.000000	0.000000	0.000000	0.000000
-0.895368	-0.800679	-0.000000	-0.833285	0.000000	0.000000	0.000000	0.000000	0.000000	0.000000
-0.895354	-0.801213	0.000000	-0.833285	0.000000	0.000000	0.000000	0.000000	0.000000	0.000000
-0.895336	-0.801112	0.000000	-0.833285	0.000000	0.000000	0.000000	0.000000	0.000000	0.000000
-0.895374	-0.801177	0.000000	-0.833285	0.000000	0.000000	0.000000	0.000000	0.000000	0.000000
-0.895393	-0.800911	-0.000000	-0.833285	0.000000	0.000000	0.000000	0.000000	0.000000	0.000000
-0.895369	-0.801191	0.000000	-0.833285	0.000000	0.000000	0.000000	0.000000	0.000000	0.000000
-0.895411	-0.801373	0.000000	-0.833285	0.000000	0.000000	0.000000	0.000000	0.000000	0.000000
-0.895350	-0.800574	0.000000	-0.833285	0.000000	0.000000	0.000000	0.000000	0.000000	0.000000
-0.895352	-0.801507	-0.000000	-0.833285	0.000000	0.000000	0.000000	0.000000	0.000000	0.000000
-0.895316	-0.800760	0.000000	-0.833285	0.000000	0.000000	0.000000	0.000000	0.000000	0.000000
-0.895360	-0.802033	-0.000000	-0.833285	0.000000	0.000000	0.000000	0.000000	0.000000	0.000000
-0.895402	-0.801141	-0.000000	-0.833166	0.000000	0.000000	0.000000	0.000000	0.000000	0.000000
-0.895383	-0.801061	-0.000000	-0.833285	0.000000	0.000000	0.000000	0.000000	0.000000	0.000000
-0.895339	-0.801087	0.000000	-0.833262	0.000000	0.000000	0.000000	0.000000	0.000000	0.000000
-0.895385	-0.800991	0.000000	-0.833285	0.000000	0.000000	0.000000	0.000000	0.000000	0.000000
-0.895392	-0.801141	-0.000000	-0.833282	0.000000	0.000000	0.000000	0.000000	0.000000	0.000000
-0.895356	-0.801145	-0.000000	-0.833238	0.000000	0.000000	0.000000	0.000000	0.000000	0.000000
-0.895331	-0.801728	-0.000000	-0.833278	0.000000	0.000000	0.000000	0.000000	0.000000	0.000000
-0.895360	-0.801406	0.000000	-0.833285	0.000000	0.000000	0.000000	0.000000	0.000000	0.000000
-0.895339	-0.801201	-0.000000	-0.833285	0.000000	0.000000	0.000000	0.000000	0.000000	0.000000
-0.895428	-0.800980	0.000000	-0.833283	0.000000	0.000000	0.000000	0.000000	0.000000	0.000000
-0.895338	-0.800835	-0.000000	-0.833285	0.000000	0.000000	0.000000	0.000000	0.000000	0.000000
-0.895292	-0.800902	0.000000	-0.833275	0.000000	0.000000	0.000000	0.000000	0.000000	0.000000
-0.895347	-0.801033	-0.000000	-0.833279	0.000000	0.000000	0.000000	0.000000	0.000000	0.000000
-0.895430	-0.801545	-0.000000	-0.833285	0.000000	0.000000	0.000000	0.000000	0.000000	0.000000
-0.895402	-0.800915	-0.000000	-0.833284	0.000000	0.000000	0.000000	0.000000	0.000000	0.000000
-0.895396	-0.801175	0.000000	-0.833285	0.000000	0.000000	0.000000	0.000000	0.000000	0.000000
-0.895392	-0.801711	-0.000000	-0.833285	0.000000	0.000000	0.000000	0.000000	0.000000	0.000000
-0.895350	-0.800996	-0.000000	-0.833277	0.000000	0.000000	0.000000	0.000000	0.000000	0.000000
-0.895335	-0.801586	-0.000000	-0.833243	0.000000	0.000000	0.000000	0.000000	0.000000	0.000000
-0.895424	-0.801356	-0.000000	-0.833285	0.000000	0.000000	0.000000	0.000000	0.000000	0.000000
-0.895354	-0.801353	-0.000000	-0.833282	0.000000	0.000000	0.000000	0.000000	0.000000	0.000000
-0.895389	-0.801464	0.000000	-0.833285	0.000000	0.000000	0.000000	0.000000	0.000000	0.000000
-0.895349	-0.801178	-0.000000	-0.833285	0.000000	0.000000	0.000000	0.000000	0.000000	0.000000
-0.895360	-0.801586	0.000000	-0.768115	0.000000	0.000000	0.000000	0.000000	0.000000	0.000000
-0.895341	-0.801268	-0.000000	-0.833282	0.000000	0.000000	0.000000	0.000000	0.000000	0.000000
-0.895402	-0.801140	-0.000000	-0.833267	0.000000	0.000000	0.000000	0.000000	0.000000	0.000000
-0.895346	-0.800573	0.000000	-0.833269	0.000000	0.000000	0.000000	0.000000	0.000000	0.000000
-0.895349	-0.800919	-0.000000	-0.833261	0.000000	0.000000	0.000000	0.000000	0.000000	0.000000
-0.895351	-0.801718	-0.000000	-0.832736	0.000000	0.000000	0.000000	0.000000	0.000000	0.000000
-0.895353	-0.800757	0.000000	-0.833285	0.000000	0.000000	0.000000	0.000000	0.000000	0.000000
-0.895388	-0.801364	-0.000000	-0.833225	0.000000	0.000000	0.000000	0.000000	0.000000	0.000000
-0.895343	-0.801425	-0.000000	-0.832109	0.000000	0.000000	0.000000	0.000000	0.000000	0.000000
-0.895416	-0.801348	0.000000	-0.833285	0.000000	0.000000	0.000000	0.000000	0.000000	0.000000
-0.895360	-0.801820	0.000000	-0.833284	0.000000	0.000000	0.000000	0.000000	0.000000	0.000000
-0.895341	-0.801053	-0.000000	-0.833285	0.000000	0.000000	0.000000	0.000000	0.000000	0.000000
-0.895378	-0.801373	0.000000	-0.833269	0.000000	0.000000	0.000000	0.000000	0.000000	0.000000
-0.895371	-0.800809	0.000000	-0.831865	0.000000	0.000000	0.000000	0.000000	0.000000	0.000000
-0.895321	-0.801098	-0.000000	-0.833260	0.000000	0.000000	0.000000	0.000000	0.000000	0.000000
-0.895305	-0.801156	0.000000	-0.833282	0.000000	0.000000	0.000000	0.000000	0.000000	0.000000
-0.895399	-0.801473	-0.000000	-0.833285	0.000000	0.000000	0.000000	0.000000	0.000000	0.000000
-0.895318	-0.801018	0.000000	-0.833285	0.000000	0.000000	0.000000	0.000000	0.000000	0.000000
-0.895388	-0.800631	0.000000	-0.833285	0.000000	0.000000	0.000000	0.000000	0.000000	0.000000
-0.895370	-0.800985	-0.000000	-0.833285	0.000000	0.000000	0.000000	0.000000	0.000000	0.000000
-0.895392	-0.801128	-0.000000	-0.833285	0.000000	0.000000	0.000000	0.000000	0.000000	0.000000
-0.895340	-0.801592	0.000000	-0.833285	0.000000	0.000000	0.000000	0.000000	0.000000	0.000000
-0.895393	-0.801327	0.000000	-0.833257	0.000000	0.000000	0.000000	0.000000	0.000000	0.000000
-0.895356	-0.801418	-0.000000	-0.833285	0.000000	0.000000	0.000000	0.000000	0.000000	0.000000
-0.895383	-0.801247	0.000000	-0.833285	0.000000	0.000000	0.000000	0.000000	0.000000	0.000000
-0.895388	-0.801670	-0.000000	-0.833163	0.000000	0.000000	0.000000	0.000000	0.000000	0.000000
-0.895387	-0.786907	0.000000	-0.833285	0.000000	0.000000	0.000000	0.000000	0.000000	0.000000
-0.895361	-0.801101	0.000000	-0.833285	0.000000	0.000000	0.000000	0.000000	0.000000	0.000000
-0.895294	-0.801483	0.000000	-0.833224	0.000000	0.000000	0.000000	0.000000	0.000000	0.000000
-0.895422	-0.800637	-0.000000	-0.833285	0.000000	0.000000	0.000000	0.000000	0.000000	0.000000
-0.895402	-0.800826	0.000000	-0.833255	0.000000	0.000000	0.000000	0.000000	0.000000	0.000000
-0.895374	-0.801332	0.000000	-0.833081	0.000000	0.000000	0.000000	0.000000	0.000000	0.000000
-0.895419	-0.801216	-0.000000	-0.833285	0.000000	0.000000	0.000000	0.000000	0.000000	0.000000
-0.895390	-0.800907	0.000000	-0.833285	0.000000	0.000000	0.000000	0.000000	0.000000	0.000000
-0.895347	-0.800759	0.000000	-0.833282	0.000000	0.000000	0.000000	0.000000	0.000000	0.000000
-0.895366	-0.801086	0.000000	-0.832824	0.000000	0.000000	0.000000	0.000000	0.000000	0.000000
-0.895356	-0.800737	0.000000	-0.833285	0.000000	0.000000	0.000000	0.000000	0.000000	0.000000
-0.895337	-0.801509	-0.000000	-0.818397	0.000000	0.000000	0.000000	0.000000	0.000000	0.000000
-0.895350	-0.801420	-0.000000	-0.830096	0.000000	0.000000	0.000000	0.000000	0.000000	0.000000
-0.895400	-0.801270	-0.000000	-0.833284	0.000000	0.000000	0.000000	0.000000	0.000000	0.000000
-0.895375	-0.800738	0.000000	-0.833280	0.000000	0.000000	0.000000	0.000000	0.000000	0.000000
-0.895375	-0.801246	0.000000	-0.833285	0.000000	0.000000	0.000000	0.000000	0.000000	0.000000
-0.895395	-0.801711	-0.000000	-0.833285	0.000000	0.000000	0.000000	0.000000	0.000000	0.000000
-0.895337	-0.801646	0.000000	-0.833190	0.000000	0.000000	0.000000	0.000000	0.000000	0.000000
-0.895383	-0.801267	0.000000	-0.833284	0.000000	0.000000	0.000000	0.000000	0.000000	0.000000
-0.895392	-0.801030	-0.000000	-0.833285	0.000000	0.000000	0.000000	0.000000	0.000000	0.000000
-0.895347	-0.801504	-0.000000	-0.833285	0.000000	0.000000	0.000000	0.000000	0.000000	0.000000
-0.895347	-0.801502	0.000000	-0.833263	0.000000	0.000000	0.000000	0.000000	0.000000	0.000000
-0.895449	-0.801554	0.000000	-0.833285	0.000000	0.000000	0.000000	0.000000	0.000000	0.000000
-0.895344	-0.801127	0.000000	-0.833278	0.000000	0.000000	0.000000	0.000000	0.000000	0.000000
-0.895380	-0.801058	-0.000000	-0.833278	0.000000	0.000000	0.000000	0.000000	0.000000	0.000000
-0.895336	-0.800859	0.000000	-0.833285	0.000000	0.000000	0.000000	0.000000	0.000000	0.000000
-0.895356	-0.800825	0.000000	-0.833280	0.000000	0.000000	0.000000	0.000000	0.000000	0.000000
-0.895361	-0.800785	0.000000	-0.833060	0.000000	0.000000	0.000000	0.000000	0.000000	0.000000
-0.895365	-0.801329	0.000000	-0.833283	0.000000	0.000000	0.000000	0.000000	0.000000	0.000000
-0.895406	-0.801244	-0.000000	-0.833285	0.000000	0.000000	0.000000	0.000000	0.000000	0.000000
-0.895357	-0.801196	0.000000	-0.833285	0.000000	0.000000	0.000000	0.000000	0.000000	0.000000
-0.895342	-0.801128	0.000000	-0.833285	0.000000	0.000000	0.000000	0.000000	0.000000	0.000000
-0.895366	-0.800927	0.000000	-0.833285	0.000000	0.000000	0.000000	0.000000	0.000000	0.000000
-0.895343	-0.801273	0.000000	-0.833285	0.000000	0.000000	0.000000	0.000000	0.000000	0.000000
-0.895379	-0.801502	0.000000	-0.820847	0.000000	0.000000	0.000000	0.000000	0.000000	0.000000
-0.895354	-0.800852	-0.000000	-0.833222	0.000000	0.000000	0.000000	0.000000	0.000000	0.000000
-0.895331	-0.801542	0.000000	-0.833274	0.000000	0.000000	0.000000	0.000000	0.000000	0.000000
-0.895393	-0.801459	-0.000000	-0.833281	0.000000	0.000000	0.000000	0.000000	0.000000	0.000000
-0.895351	-0.801291	0.000000	-0.833285	0.000000	0.000000	0.000000	0.000000	0.000000	0.000000
-0.895376	-0.800967	0.000000	-0.833282	0.000000	0.000000	0.000000	0.000000	0.000000	0.000000
-0.895367	-0.801383	0.000000	-0.833285	0.000000	0.000000	0.000000	0.000000	0.000000	0.000000
-0.895389	-0.801433	-0.000000	-0.833285	0.000000	0.000000	0.000000	0.000000	0.000000	0.000000
-0.895346	-0.801410	-0.000000	-0.833284	0.000000	0.000000	0.000000	0.000000	0.000000	0.000000
-0.895348	-0.801268	0.000000	-0.833264	0.000000	0.000000	0.000000	0.000000	0.000000	0.000000
-0.895381	-0.801324	0.000000	-0.833284	0.000000	0.000000	0.000000	0.000000	0.000000	0.000000
-0.895387	-0.801036	-0.000000	-0.833285	0.000000	0.000000	0.000000	0.000000	0.000000	0.000000
-0.895382	-0.801486	0.000000	-0.833285	0.000000	0.000000	0.000000	0.000000	0.000000	0.000000
-0.895380	-0.801814	-0.000000	-0.810964	0.000000	0.000000	0.000000	0.000000	0.000000	0.000000
-0.895375	-0.800813	0.000000	-0.833285	0.000000	0.000000	0.000000	0.000000	0.000000	0.000000
-0.895367	-0.801515	0.000000	-0.833285	0.000000	0.000000	0.000000	0.000000	0.000000	0.000000
-0.895362	-0.800791	-0.000000	-0.833285	0.000000	0.000000	0.000000	0.000000	0.000000	0.000000
-0.895433	-0.801077	-0.000000	-0.832986	0.000000	0.000000	0.000000	0.000000	0.000000	0.000000
-0.895378	-0.801411	0.000000	-0.833284	0.000000	0.000000	0.000000	0.000000	0.000000	0.000000
-0.895384	-0.801312	-0.000000	-0.833285	0.000000	0.000000	0.000000	0.000000	0.000000	0.000000
-0.895298	-0.801330	-0.000000	-0.833280	0.000000	0.000000	0.000000	0.000000	0.000000	0.000000
-0.895374	-0.801000	0.000000	-0.833285	0.000000	0.000000	0.000000	0.000000	0.000000	0.000000
-0.895397	-0.801269	0.000000	-0.833262	0.000000	0.000000	0.000000	0.000000	0.000000	0.000000
-0.895390	-0.801285	-0.000000	-0.833285	0.000000	0.000000	0.000000	0.000000	0.000000	0.000000
-0.895354	-0.801644	-0.000000	-0.833283	0.000000	0.000000	0.000000	0.000000	0.000000	0.000000
-0.895334	-0.801253	-0.000000	-0.833285	0.000000	0.000000	0.000000	0.000000	0.000000	0.000000
-0.895394	-0.801052	-0.000000	-0.833285	0.000000	0.000000	0.000000	0.000000	0.000000	0.000000
-0.895363	-0.801275	-0.000000	-0.832789	0.000000	0.000000	0.000000	0.000000	0.000000	0.000000
-0.895329	-0.800806	0.000000	-0.830027	0.000000	0.000000	0.000000	0.000000	0.000000	0.000000
-0.895352	-0.801442	0.000000	-0.833285	0.000000	0.000000	0.000000	0.000000	0.000000	0.000000
-0.895374	-0.801604	-0.000000	-0.833251	0.000000	0.000000	0.000000	0.000000	0.000000	0.000000
-0.895361	-0.801176	0.000000	-0.833279	0.000000	0.000000	0.000000	0.000000	0.000000	0.000000
-0.895386	-0.800957	-0.000000	-0.833285	0.000000	0.000000	0.000000	0.000000	0.000000	0.000000
-0.895371	-0.801358	-0.000000	-0.833285	0.000000	0.000000	0.000000	0.000000	0.000000	0.000000
-0.895402	-0.800894	-0.000000	-0.833284	0.000000	0.000000	0.000000	0.000000	0.000000	0.000000
-0.895354	-0.801479	-0.000000	-0.833285	0.000000	0.000000	0.000000	0.000000	0.000000	0.000000
-0.895393	-0.801528	-0.000000	-0.833285	0.000000	0.000000	0.000000	0.000000	0.000000	0.000000
-0.895383	-0.801094	-0.000000	-0.833278	0.000000	0.000000	0.000000	0.000000	0.000000	0.000000
-0.895353	-0.801112	0.000000	-0.833029	0.000000	0.000000	0.000000	0.000000	0.000000	0.000000
-0.895332	-0.801048	-0.000000	-0.833279	0.000000	0.000000	0.000000	0.000000	0.000000	0.000000
-0.895393	-0.801184	0.000000	-0.833285	0.000000	0.000000	0.000000	0.000000	0.000000	0.000000
-0.895406	-0.801278	0.000000	-0.833285	0.000000	0.000000	0.000000	0.000000	0.000000	0.000000
-0.895368	-0.801122	0.000000	-0.832954	0.000000	0.000000	0.000000	0.000000	0.000000	0.000000
-0.895388	-0.801196	-0.000000	-0.833285	0.000000	0.000000	0.000000	0.000000	0.000000	0.000000
-0.895371	-0.800950	-0.000000	-0.833285	0.000000	0.000000	0.000000	0.000000	0.000000	0.000000
-0.895368	-0.801018	-0.000000	-0.833285	0.000000	0.000000	0.000000	0.000000	0.000000	0.000000
