-0.961287	-0.868232	0.849002	-0.887471	0.000000	0.000000	0.000000	0.000000	0.000000	0.000000
-0.961288	-0.868029	0.848986	-0.887472	0.000000	0.000000	0.000000	0.000000	0.000000	0.000000
-0.961288	-0.868306	0.849002	-0.887471	0.000000	0.000000	0.000000	0.000000	0.000000	0.000000
-0.961288	-0.868289	0.849003	-0.887471	0.000000	0.000000	0.000000	0.000000	0.000000	0.000000
-0.961288	-0.868230	0.848873	-0.887471	0.000000	0.000000	0.000000	0.000000	0.000000	0.000000
-0.961288	-0.867824	0.848447	-0.887472	0.000000	0.000000	0.000000	0.000000	0.000000	0.000000
-0.961288	-0.868203	0.849002	-0.887472	0.000000	0.000000	0.000000	0.000000	0.000000	0.000000
-0.961288	-0.868228	0.849003	-0.887453	0.000000	0.000000	0.000000	0.000000	0.000000	0.000000
-0.961288	-0.867724	0.849002	-0.887467	0.000000	0.000000	0.000000	0.000000	0.000000	0.000000
-0.961288	-0.867933	0.848974	-0.887471	0.000000	0.000000	0.000000	0.000000	0.000000	0.000000
-0.961288	-0.867652	0.848858	-0.887471	0.000000	0.000000	0.000000	0.000000	0.000000	0.000000
-0.961288	-0.868058	0.849002	-0.887471	0.000000	0.000000	0.000000	0.000000	0.000000	0.000000
-0.961288	-0.868157	0.845418	-0.887472	0.000000	0.000000	0.000000	0.000000	0.000000	0.000000
-0.961288	-0.868031	0.848998	-0.887472	0.000000	0.000000	0.000000	0.000000	0.000000	0.000000
-0.961288	-0.867555	0.849003	-0.887471	0.000000	0.000000	0.000000	0.000000	0.000000	0.000000
-0.961288	-0.868024	0.849002	-0.887472	0.000000	0.000000	0.000000	0.000000	0.000000	0.000000
-0.961288	-0.868642	0.849003	-0.887471	0.000000	0.000000	0.000000	0.000000	0.000000	0.000000
-0.961288	-0.867931	0.849003	-0.887471	0.000000	0.000000	0.000000	0.000000	0.000000	0.000000
-0.961288	-0.868534	0.848847	-0.887471	0.000000	0.000000	0.000000	0.000000	0.000000	0.000000
-0.961288	-0.868078	0.848988	-0.887472	0.000000	0.000000	0.000000	0.000000	0.000000	0.000000
-0.961288	-0.868462	0.848553	-0.887471	0.000000	0.000000	0.000000	0.000000	0.000000	0.000000
-0.961288	-0.868584	0.849003	-0.887472	0.000000	0.000000	0.000000	0.000000	0.000000	0.000000
-0.961288	-0.868472	0.849003	-0.887470	0.000000	0.000000	0.000000	0.000000	0.000000	0.000000
-0.961288	-0.868124	0.848967	-0.887336	0.000000	0.000000	0.000000	0.000000	0.000000	0.000000
-0.961288	-0.868241	0.848994	-0.887472	0.000000	0.000000	0.000000	0.000000	0.000000	0.000000
-0.961288	-0.867523	0.849003	-0.887468	0.000000	0.000000	0.000000	0.000000	0.000000	0.000000
-0.961288	-0.867508	0.849003	-0.887471	0.000000	0.000000	0.000000	0.000000	0.000000	0.000000
-0.961288	-0.868824	0.849003	-0.887471	0.000000	0.000000	0.000000	0.000000	0.000000	0.000000
-0.961288	-0.867904	0.848998	-0.887471	0.000000	0.000000	0.000000	0.000000	0.000000	0.000000
-0.961288	-0.867824	0.849001	-0.887472	0.000000	0.000000	0.000000	0.000000	0.000000	0.000000
-0.961288	-0.868467	0.110147	-0.887472	0.000000	0.000000	0.000000	0.000000	0.000000	0.000000
-0.961288	-0.868102	0.849002	-0.887459	0.000000	0.000000	0.000000	0.000000	0.000000	0.000000
-0.961288	-0.867999	0.849002	-0.887472	0.000000	0.000000	0.000000	0.000000	0.000000	0.000000
-0.961288	-0.868230	0.848993	-0.887470	0.000000	0.000000	0.000000	0.000000	0.000000	0.000000
-0.961288	-0.868569	0.849000	-0.887472	0.000000	0.000000	0.000000	0.000000	0.000000	0.000000
-0.961288	-0.867846	0.849002	-0.887471	0.000000	0.000000	0.000000	0.000000	0.000000	0.000000
-0.961288	-0.868126	0.849002	-0.887471	0.000000	0.000000	0.000000	0.000000	0.000000	0.000000
-0.961288	-0.867939	0.849003	-0.887471	0.000000	0.000000	0.000000	0.000000	0.000000	0.000000
-0.961288	-0.868226	0.849001	-0.887432	0.000000	0.000000	0.000000	0.000000	0.000000	0.000000
-0.961288	-0.868185	0.848970	-0.887427	0.000000	0.000000	0.000000	0.000000	0.000000	0.000000
-0.961288	-0.868017	0.848946	-0.887472	0.000000	0.000000	0.000000	0.000000	0.000000	0.000000
-0.961288	-0.867932	0.849003	-0.887471	0.000000	0.000000	0.000000	0.000000	0.000000	0.000000
-0.961288	-0.867656	0.848992	-0.887471	0.000000	0.000000	0.000000	0.000000	0.000000	0.000000
-0.961288	-0.868161	0.849003	-0.887356	0.000000	0.000000	0.000000	0.000000	0.000000	0.000000
-0.961288	-0.868259	0.849002	-0.887470	0.000000	0.000000	0.000000	0.000000	0.000000	0.000000
-0.961288	-0.868278	0.848997	-0.887471	0.000000	0.000000	0.000000	0.000000	0.000000	0.000000
-0.961288	-0.868496	0.848993	-0.887374	0.000000	0.000000	0.000000	0.000000	0.000000	0.000000
-0.961288	-0.868297	0.849002	-0.887471	0.000000	0.000000	0.000000	0.000000	0.000000	0.000000
-0.961288	-0.868305	0.849000	-0.887470	0.000000	0.000000	0.000000	0.000000	0.000000	0.000000
-0.961288	-0.867688	0.849003	-0.887468	0.000000	0.000000	0.000000	0.000000	0.000000	0.000000
-0.961288	-0.867739	0.849000	-0.887471	0.000000	0.000000	0.000000	0.000000	0.000000	0.000000
-0.961288	-0.868234	0.849002	-0.887467	0.000000	0.000000	0.000000	0.000000	0.000000	0.000000
-0.961287	-0.868391	0.846529	-0.887472	0.000000	0.000000	0.000000	0.000000	0.000000	0.000000
-0.961288	-0.868411	0.849003	-0.887472	0.000000	0.000000	0.000000	0.000000	0.000000	0.000000
-0.961288	-0.867856	0.848912	-0.887471	0.000000	0.000000	0.000000	0.000000	0.000000	0.000000
-0.961288	-0.867681	0.848995	-0.886764	0.000000	0.000000	0.000000	0.000000	0.000000	0.000000
-0.961288	-0.867698	0.849003	-0.887471	0.000000	0.000000	0.000000	0.000000	0.000000	0.000000
-0.961288	-0.868546	0.849002	-0.887472	0.000000	0.000000	0.000000	0.000000	0.000000	0.000000
-0.961288	-0.868091	0.849003	-0.887471	0.000000	0.000000	0.000000	0.000000	0.000000	0.000000
-0.961288	-0.868267	0.849003	-0.887471	0.000000	0.000000	0.000000	0.000000	0.000000	0.000000
-0.961288	-0.867650	0.849003	-0.887471	0.000000	0.000000	0.000000	0.000000	0.000000	0.000000
-0.961288	-0.867665	0.849002	-0.887472	0.000000	0.000000	0.000000	0.000000	0.000000	0.000000
-0.961288	-0.868034	0.848999	-0.887469	0.000000	0.000000	0.000000	0.000000	0.000000	0.000000
-0.961288	-0.867557	0.848968	-0.887471	0.000000	0.000000	0.000000	0.000000	0.000000	0.000000
-0.961288	-0.868182	0.849002	-0.887469	0.000000	0.000000	0.000000	0.000000	0.000000	0.000000
-0.961288	-0.868351	0.848963	-0.887471	0.000000	0.000000	0.000000	0.000000	0.000000	0.000000
-0.961288	-0.868000	0.848644	-0.887471	0.000000	0.000000	0.000000	0.000000	0.000000	0.000000
-0.961288	-0.868126	0.849001	-0.887471	0.000000	0.000000	0.000000	0.000000	0.000000	0.000000
-0.961288	-0.868364	0.848953	-0.887472	0.000000	0.000000	0.000000	0.000000	0.000000	0.000000
-0.961288	-0.868444	0.848694	-0.887472	0.000000	0.000000	0.000000	0.000000	0.000000	0.000000
-0.961288	-0.867975	0.848930	-0.887472	0.000000	0.000000	0.000000	0.000000	0.000000	0.000000
-0.961288	-0.867857	0.849001	-0.887472	0.000000	0.000000	0.000000	0.000000	0.000000	0.000000
-0.961288	-0.868461	0.849000	-0.887472	0.000000	0.000000	0.000000	0.000000	0.000000	0.000000
-0.961288	-0.868328	0.848976	-0.887471	0.000000	0.000000	0.000000	0.000000	0.000000	0.000000
-0.961288	-0.867872	0.848438	-0.887471	0.000000	0.000000	0.000000	0.000000	0.000000	0.000000
-0.961288	-0.867715	0.849003	-0.886433	0.000000	0.000000	0.000000	0.000000	0.000000	0.000000
-0.961288	-0.868760	0.849000	-0.887471	0.000000	0.000000	0.000000	0.000000	0.000000	0.000000
-0.961288	-0.867816	0.849003	-0.887471	0.000000	0.000000	0.000000	0.000000	0.000000	0.000000
-0.961288	-0.869155	0.848999	-0.887472	0.000000	0.000000	0.000000	0.000000	0.000000	0.000000
-0.961288	-0.868719	0.848978	-0.887472	0.000000	0.000000	0.000000	0.000000	0.000000	0.000000
-0.961288	-0.868717	0.848964	-0.887472	0.000000	0.000000	0.000000	0.000000	0.000000	0.000000
-0.961288	-0.868606	0.848999	-0.887472	0.000000	0.000000	0.000000	0.000000	0.000000	0.000000
-0.961288	-0.868692	0.846069	-0.887472	0.000000	0.000000	0.000000	0.000000	0.000000	0.000000
-0.961288	-0.868401	0.849001	-0.887472	0.000000	0.000000	0.000000	0.000000	0.000000	0.000000
-0.961288	-0.867942	0.849003	-0.887471	0.000000	0.000000	0.000000	0.000000	0.000000	0.000000
-0.961288	-0.868095	0.848962	-0.887472	0.000000	0.000000	0.000000	0.000000	0.000000	0.000000
-0.961288	-0.868247	0.849002	-0.887471	0.000000	0.000000	0.000000	0.000000	0.000000	0.000000
-0.961288	-0.868084	0.848999	-0.887472	0.000000	0.000000	0.000000	0.000000	0.000000	0.000000
-0.961288	-0.868084	0.811002	-0.887472	0.000000	0.000000	0.000000	0.000000	0.000000	0.000000
-0.961288	-0.868395	0.848995	-0.887423	0.000000	0.000000	0.000000	0.000000	0.000000	0.000000
-0.961288	-0.868622	0.848999	-0.887472	0.000000	0.000000	0.000000	0.000000	0.000000	0.000000
-0.961288	-0.867862	0.849003	-0.887471	0.000000	0.000000	0.000000	0.000000	0.000000	0.000000
-0.961288	-0.867320	0.849000	-0.855949	0.000000	0.000000	0.000000	0.000000	0.000000	0.000000
-0.961288	-0.867793	0.848855	-0.887471	0.000000	0.000000	0.000000	0.000000	0.000000	0.000000
-0.961288	-0.867790	0.848993	-0.887471	0.000000	0.000000	0.000000	0.000000	0.000000	0.000000
-0.961288	-0.868150	0.849001	-0.887471	0.000000	0.000000	0.000000	0.000000	0.000000	0.000000
-0.961288	-0.868272	0.848994	-0.887471	0.000000	0.000000	0.000000	0.000000	0.000000	0.000000
-0.961288	-0.867974	0.849003	-0.887471	0.000000	0.000000	0.000000	0.000000	0.000000	0.000000
-0.961288	-0.868253	0.849001	-0.887471	0.000000	0.000000	0.000000	0.000000	0.000000	0.000000
-0.961288	-0.868669	0.849001	-0.887472	0.000000	0.000000	0.000000	0.000000	0.000000	0.000000
-0.961288	-0.868626	0.848974	-0.887472	0.000000	0.000000	0.000000	0.000000	0.000000	0.000000
-0.961288	-0.868110	0.848145	-0.887472	0.000000	0.000000	0.000000	0.000000	0.000000	0.000000
-0.961288	-0.868036	0.848531	-0.887471	0.000000	0.000000	0.000000	0.000000	0.000000	0.000000
-0.961288	-0.867824	0.849003	-0.887471	0.000000	0.000000	0.000000	0.000000	0.000000	0.000000
-0.961288	-0.867674	0.849002	-0.887471	0.000000	0.000000	0.000000	0.000000	0.000000	0.000000
-0.961288	-0.868077	0.849003	-0.886817	0.000000	0.000000	0.000000	0.000000	0.000000	0.000000
-0.961288	-0.868335	0.848921	-0.887471	0.000000	0.000000	0.000000	0.000000	0.000000	0.000000
-0.961288	-0.868621	0.849001	-0.887470	0.000000	0.000000	0.000000	0.000000	0.000000	0.000000
-0.961288	-0.867845	0.849003	-0.887471	0.000000	0.000000	0.000000	0.000000	0.000000	0.000000
-0.961288	-0.868116	0.849003	-0.887468	0.000000	0.000000	0.000000	0.000000	0.000000	0.000000
-0.961288	-0.868349	0.849001	-0.887471	0.000000	0.000000	0.000000	0.000000	0.000000	0.000000
-0.961288	-0.868005	0.843459	-0.887472	0.000000	0.000000	0.000000	0.000000	0.000000	0.000000
-0.961288	-0.868636	0.848999	-0.887472	0.000000	0.000000	0.000000	0.000000	0.000000	0.000000
-0.961288	-0.867100	0.849000	-0.886976	0.000000	0.000000	0.000000	0.000000	0.000000	0.000000
-0.961288	-0.868075	0.849003	-0.887471	0.000000	0.000000	0.000000	0.000000	0.000000	0.000000
-0.961288	-0.867495	0.849002	-0.887471	0.000000	0.000000	0.000000	0.000000	0.000000	0.000000
-0.961288	-0.868006	0.849003	-0.887471	0.000000	0.000000	0.000000	0.000000	0.000000	0.000000
-0.961288	-0.867941	0.849001	-0.887471	0.000000	0.000000	0.000000	0.000000	0.000000	0.000000
-0.961288	-0.868279	0.849002	-0.887465	0.000000	0.000000	0.000000	0.000000	0.000000	0.000000
-0.961288	-0.868371	0.848997	-0.887471	0.000000	0.000000	0.000000	0.000000	0.000000	0.000000
-0.961288	-0.867924	0.849003	-0.887471	0.000000	0.000000	0.000000	0.000000	0.000000	0.000000
-0.961288	-0.867985	0.848975	-0.887472	0.000000	0.000000	0.000000	0.000000	0.000000	0.000000
-0.961288	-0.867699	0.849001	-0.887448	0.000000	0.000000	0.000000	0.000000	0.000000	0.000000
-0.961288	-0.868092	0.848928	-0.887471	0.000000	0.000000	0.000000	0.000000	0.000000	0.000000
-0.961288	-0.868066	0.849003	-0.887471	0.000000	0.000000	0.000000	0.000000	0.000000	0.000000
-0.961288	-0.868113	0.849002	-0.887471	0.000000	0.000000	0.000000	0.000000	0.000000	0.000000
-0.961288	-0.868026	0.849002	-0.887471	0.000000	0.000000	0.000000	0.000000	0.000000	0.000000
-0.961288	-0.867696	0.849003	-0.887472	0.000000	0.000000	0.000000	0.000000	0.000000	0.000000
-0.961288	-0.868270	0.849000	-0.887471	0.000000	0.000000	0.000000	0.000000	0.000000	0.000000
-0.961288	-0.868400	0.846057	-0.887471	0.000000	0.000000	0.000000	0.000000	0.000000	0.000000
-0.961288	-0.867856	0.849003	-0.887471	0.000000	0.000000	0.000000	0.000000	0.000000	0.000000
-0.961288	-0.868170	0.840729	-0.887472	0.000000	0.000000	0.000000	0.000000	0.000000	0.000000
-0.961288	-0.868610	0.849000	-0.887471	0.000000	0.000000	0.000000	0.000000	0.000000	0.000000
-0.961288	-0.867853	0.848795	-0.887471	0.000000	0.000000	0.000000	0.000000	0.000000	0.000000
-0.961288	-0.868960	0.847476	-0.887472	0.000000	0.000000	0.000000	0.000000	0.000000	0.000000
-0.961288	-0.868087	0.849002	-0.887471	0.000000	0.000000	0.000000	0.000000	0.000000	0.000000
-0.961288	-0.868030	0.849003	-0.887471	0.000000	0.000000	0.000000	0.000000	0.000000	0.000000
-0.961288	-0.867217	0.849002	-0.887471	0.000000	0.000000	0.000000	0.000000	0.000000	0.000000
-0.961288	-0.867974	0.848962	-0.887471	0.000000	0.000000	0.000000	0.000000	0.000000	0.000000
-0.961288	-0.868177	0.849002	-0.887472	0.000000	0.000000	0.000000	0.000000	0.000000	0.000000
-0.961288	-0.867683	0.849003	-0.887465	0.000000	0.000000	0.000000	0.000000	0.000000	0.000000
-0.961288	-0.868167	0.849002	-0.887471	0.000000	0.000000	0.000000	0.000000	0.000000	0.000000
-0.961288	-0.868602	0.849003	-0.887472	0.000000	0.000000	0.000000	0.000000	0.000000	0.000000
-0.961288	-0.868332	0.849003	-0.887471	0.000000	0.000000	0.000000	0.000000	0.000000	0.000000
-0.961288	-0.868197	0.849001	-0.887471	0.000000	0.000000	0.000000	0.000000	0.000000	0.000000
-0.961288	-0.868227	0.849002	-0.887471	0.000000	0.000000	0.000000	0.000000	0.000000	0.000000
-0.961288	-0.868769	0.848932	-0.887472	0.000000	0.000000	0.000000	0.000000	0.000000	0.000000
-0.961288	-0.868285	0.849003	-0.887471	0.000000	0.000000	0.000000	0.000000	0.000000	0.000000
-0.961288	-0.867744	0.849003	-0.887471	0.000000	0.000000	0.000000	0.000000	0.000000	0.000000
-0.961288	-0.868600	0.849002	-0.887472	0.000000	0.000000	0.000000	0.000000	0.000000	0.000000
-0.961288	-0.868052	0.849003	-0.887472	0.000000	0.000000	0.000000	0.000000	0.000000	0.000000
-0.961288	-0.868313	0.848878	-0.887472	0.000000	0.000000	0.000000	0.000000	0.000000	0.000000
-0.961288	-0.868672	0.848998	-0.887472	0.000000	0.000000	0.000000	0.000000	0.000000	0.000000
-0.961288	-0.868092	0.848969	-0.887301	0.000000	0.000000	0.000000	0.000000	0.000000	0.000000
-0.961288	-0.868217	0.849001	-0.887472	0.000000	0.000000	0.000000	0.000000	0.000000	0.000000
-0.961288	-0.867901	0.849003	-0.887459	0.000000	0.000000	0.000000	0.000000	0.000000	0.000000
-0.961288	-0.867956	0.849003	-0.887465	0.000000	0.000000	0.000000	0.000000	0.000000	0.000000
-0.961288	-0.867655	0.849002	-0.887471	0.000000	0.000000	0.000000	0.000000	0.000000	0.000000
-0.961287	-0.867815	0.848998	-0.887471	0.000000	0.000000	0.000000	0.000000	0.000000	0.000000
-0.961288	-0.868653	0.849003	-0.887471	0.000000	0.000000	0.000000	0.000000	0.000000	0.000000
-0.961288	-0.868012	0.849003	-0.887471	0.000000	0.000000	0.000000	0.000000	0.000000	0.000000
-0.961288	-0.868007	0.849003	-0.887466	0.000000	0.000000	0.000000	0.000000	0.000000	0.000000
-0.961288	-0.867485	0.848992	-0.887471	0.000000	0.000000	0.000000	0.000000	0.000000	0.000000
-0.961288	-0.868099	0.848995	-0.887472	0.000000	0.000000	0.000000	0.000000	0.000000	0.000000
-0.961288	-0.868214	0.849003	-0.887470	0.000000	0.000000	0.000000	0.000000	0.000000	0.000000
-0.961288	-0.867395	0.848995	-0.887472	0.000000	0.000000	0.000000	0.000000	0.000000	0.000000
-0.961288	-0.867521	0.848984	-0.887471	0.000000	0.000000	0.000000	0.000000	0.000000	0.000000
-0.961288	-0.868548	0.849003	-0.887471	0.000000	0.000000	0.000000	0.000000	0.000000	0.000000
-0.961288	-0.867834	0.849002	-0.887472	0.000000	0.000000	0.000000	0.000000	0.000000	0.000000
-0.961288	-0.868020	0.848993	-0.887472	0.000000	0.000000	0.000000	0.000000	0.000000	0.000000
-0.961288	-0.868047	0.849002	-0.887471	0.000000	0.000000	0.000000	0.000000	0.000000	0.000000
-0.961288	-0.867957	0.849002	-0.887471	0.000000	0.000000	0.000000	0.000000	0.000000	0.000000
-0.961288	-0.867872	0.827524	-0.887471	0.000000	0.000000	0.000000	0.000000	0.000000	0.000000
-0.961288	-0.868541	0.849002	-0.887471	0.000000	0.000000	0.000000	0.000000	0.000000	0.000000
-0.961287	-0.868220	0.848987	-0.887472	0.000000	0.000000	0.000000	0.000000	0.000000	0.000000
-0.961288	-0.868082	0.845446	-0.887471	0.000000	0.000000	0.000000	0.000000	0.000000	0.000000
-0.961288	-0.868401	0.848978	-0.887471	0.000000	0.000000	0.000000	0.000000	0.000000	0.000000
-0.961288	-0.867978	0.844274	-0.887472	0.000000	0.000000	0.000000	0.000000	0.000000	0.000000
-0.961288	-0.867871	0.847509	-0.887472	0.000000	0.000000	0.000000	0.000000	0.000000	0.000000
-0.961288	-0.868525	0.849001	-0.887471	0.000000	0.000000	0.000000	0.000000	0.000000	0.000000
-0.961288	-0.868205	0.848989	-0.887472	0.000000	0.000000	0.000000	0.000000	0.000000	0.000000
-0.961288	-0.868504	0.848989	-0.887471	0.000000	0.000000	0.000000	0.000000	0.000000	0.000000
-0.961288	-0.867889	0.848975	-0.887471	0.000000	0.000000	0.000000	0.000000	0.000000	0.000000
-0.961288	-0.868212	0.827782	-0.887472	0.000000	0.000000	0.000000	0.000000	0.000000	0.000000
-0.961288	-0.867689	0.849003	-0.887468	0.000000	0.000000	0.000000	0.000000	0.000000	0.000000
-0.961288	-0.867700	0.849003	-0.887471	0.000000	0.000000	0.000000	0.000000	0.000000	0.000000
-0.961288	-0.868547	0.849001	-0.887471	0.000000	0.000000	0.000000	0.000000	0.000000	0.000000
-0.961288	-0.867905	0.848976	-0.887472	0.000000	0.000000	0.000000	0.000000	0.000000	0.000000
-0.961288	-0.868315	0.848996	-0.887471	0.000000	0.000000	0.000000	0.000000	0.000000	0.000000
-0.961288	-0.867609	0.849003	-0.887472	0.000000	0.000000	0.000000	0.000000	0.000000	0.000000
-0.961288	-0.867781	0.849003	-0.887471	0.000000	0.000000	0.000000	0.000000	0.000000	0.000000
-0.961288	-0.867948	0.849002	-0.887470	0.000000	0.000000	0.000000	0.000000	0.000000	0.000000
-0.961288	-0.868499	0.795304	-0.887472	0.000000	0.000000	0.000000	0.000000	0.000000	0.000000
-0.961288	-0.868023	0.848997	-0.887461	0.000000	0.000000	0.000000	0.000000	0.000000	0.000000
-0.961288	-0.868220	0.849000	-0.887472	0.000000	0.000000	0.000000	0.000000	0.000000	0.000000
-0.961288	-0.867741	0.849003	-0.887133	0.000000	0.000000	0.000000	0.000000	0.000000	0.000000
-0.961288	-0.868537	0.848810	-0.887471	0.000000	0.000000	0.000000	0.000000	0.000000	0.000000
-0.961288	-0.867678	0.849003	-0.886762	0.000000	0.000000	0.000000	0.000000	0.000000	0.000000
-0.961288	-0.867988	0.848974	-0.887467	0.000000	0.000000	0.000000	0.000000	0.000000	0.000000
-0.961288	-0.867926	0.848467	-0.887471	0.000000	0.000000	0.000000	0.000000	0.000000	0.000000
-0.961288	-0.867695	0.849002	-0.887471	0.000000	0.000000	0.000000	0.000000	0.000000	0.000000
-0.961288	-0.868075	0.849003	-0.855121	0.000000	0.000000	0.000000	0.000000	0.000000	0.000000
-0.961288	-0.868229	0.848970	-0.887472	0.000000	0.000000	0.000000	0.000000	0.000000	0.000000
-0.961288	-0.868483	0.848976	-0.887472	0.000000	0.000000	0.000000	0.000000	0.000000	0.000000
-0.961288	-0.867874	0.844780	-0.887472	0.000000	0.000000	0.000000	0.000000	0.000000	0.000000
-0.961288	-0.868763	0.848956	-0.887471	0.000000	0.000000	0.000000	0.000000	0.000000	0.000000
-0.961288	-0.868339	0.848975	-0.887472	0.000000	0.000000	0.000000	0.000000	0.000000	0.000000
-0.961288	-0.868568	0.848993	-0.887472	0.000000	0.000000	0.000000	0.000000	0.000000	0.000000
-0.961288	-0.868045	0.849003	-0.887469	0.000000	0.000000	0.000000	0.000000	0.000000	0.000000
-0.961288	-0.868929	0.848971	-0.887471	0.000000	0.000000	0.000000	0.000000	0.000000	0.000000
-0.961288	-0.867937	0.848994	-0.887471	0.000000	0.000000	0.000000	0.000000	0.000000	0.000000
-0.961288	-0.868311	0.849002	-0.887471	0.000000	0.000000	0.000000	0.000000	0.000000	0.000000
-0.961288	-0.868131	0.849003	-0.887471	0.000000	0.000000	0.000000	0.000000	0.000000	0.000000
-0.961288	-0.868308	0.805465	-0.887472	0.000000	0.000000	0.000000	0.000000	0.000000	0.000000
-0.961288	-0.869186	0.849003	-0.887471	0.000000	0.000000	0.000000	0.000000	0.000000	0.000000
-0.961288	-0.867315	0.849003	-0.887469	0.000000	0.000000	0.000000	0.000000	0.000000	0.000000
-0.961288	-0.868027	0.847817	-0.887472	0.000000	0.000000	0.000000	0.000000	0.000000	0.000000
-0.961288	-0.868642	0.831559	-0.887471	0.000000	0.000000	0.000000	0.000000	0.000000	0.000000
-0.961288	-0.868287	0.848976	-0.887472	0.000000	0.000000	0.000000	0.000000	0.000000	0.000000
-0.961288	-0.867593	0.849003	-0.887325	0.000000	0.000000	0.000000	0.000000	0.000000	0.000000
-0.961288	-0.868075	0.849002	-0.887471	0.000000	0.000000	0.000000	0.000000	0.000000	0.000000
-0.961288	-0.867933	0.849003	-0.887471	0.000000	0.000000	0.000000	0.000000	0.000000	0.000000
-0.961288	-0.868117	0.848722	-0.887448	0.000000	0.000000	0.000000	0.000000	0.000000	0.000000
-0.961288	-0.868111	0.848985	-0.887471	0.000000	0.000000	0.000000	0.000000	0.000000	0.000000
-0.961288	-0.867813	0.849003	-0.887470	0.000000	0.000000	0.000000	0.000000	0.000000	0.000000
-0.961288	-0.867887	0.848991	-0.887471	0.000000	0.000000	0.000000	0.000000	0.000000	0.000000
-0.961288	-0.868107	0.849003	-0.887471	0.000000	0.000000	0.000000	0.000000	0.000000	0.000000
-0.961288	-0.867785	0.849002	-0.887472	0.000000	0.000000	0.000000	0.000000	0.000000	0.000000
-0.961288	-0.868014	0.849002	-0.887372	0.000000	0.000000	0.000000	0.000000	0.000000	0.000000
-0.961288	-0.867962	0.849003	-0.884589	0.000000	0.000000	0.000000	0.000000	0.000000	0.000000
-0.961288	-0.868190	0.849003	-0.887237	0.000000	0.000000	0.000000	0.000000	0.000000	0.000000
-0.961288	-0.867495	0.848994	-0.887467	0.000000	0.000000	0.000000	0.000000	0.000000	0.000000
-0.961288	-0.868410	0.848982	-0.887472	0.000000	0.000000	0.000000	0.000000	0.000000	0.000000
-0.961288	-0.867717	0.849001	-0.887471	0.000000	0.000000	0.000000	0.000000	0.000000	0.000000
-0.961288	-0.868368	0.848843	-0.887471	0.000000	0.000000	0.000000	0.000000	0.000000	0.000000
-0.961288	-0.868339	0.849003	-0.887404	0.000000	0.000000	0.000000	0.000000	0.000000	0.000000
-0.961288	-0.868504	0.849002	-0.887471	0.000000	0.000000	0.000000	0.000000	0.000000	0.000000
-0.961288	-0.867570	0.849002	-0.887471	0.000000	0.000000	0.000000	0.000000	0.000000	0.000000
-0.961288	-0.868252	0.845731	-0.887472	0.000000	0.000000	0.000000	0.000000	0.000000	0.000000
-0.961288	-0.868349	0.848906	-0.887470	0.000000	0.000000	0.000000	0.000000	0.000000	0.000000
-0.961288	-0.868089	0.849003	-0.887472	0.000000	0.000000	0.000000	0.000000	0.000000	0.000000
-0.961288	-0.868064	0.849003	-0.887471	0.000000	0.000000	0.000000	0.000000	0.000000	0.000000
-0.961288	-0.868064	0.849003	-0.887472	0.000000	0.000000	0.000000	0.000000	0.000000	0.000000
-0.961288	-0.867843	0.849003	-0.876881	0.000000	0.000000	0.000000	0.000000	0.000000	0.000000
-0.961288	-0.868617	0.849003	-0.887471	0.000000	0.000000	0.000000	0.000000	0.000000	0.000000
-0.961288	-0.868022	0.849002	-0.887471	0.000000	0.000000	0.000000	0.000000	0.000000	0.000000
-0.961288	-0.868363	0.848790	-0.887472	0.000000	0.000000	0.000000	0.000000	0.000000	0.000000
-0.961288	-0.868646	0.845598	-0.887472	0.000000	0.000000	0.000000	0.000000	0.000000	0.000000
-0.961288	-0.868488	0.849003	-0.887471	0.000000	0.000000	0.000000	0.000000	0.000000	0.000000
-0.961288	-0.867784	0.849003	-0.887471	0.000000	0.000000	0.000000	0.000000	0.000000	0.000000
-0.961287	-0.867187	0.000012	0.000001	0.000000	0.000000	0.000000	0.000000	0.000000	0.000000
-0.961288	-0.868881	-0.793861	0.814752	0.000000	0.000000	0.000000	0.000000	0.000000	0.000000
-0.961288	-0.867751	-0.793859	0.814876	0.000000	0.000000	0.000000	0.000000	0.000000	0.000000
-0.961288	-0.867683	-0.793700	0.814876	0.000000	0.000000	0.000000	0.000000	0.000000	0.000000
-0.961288	-0.867627	-0.792935	0.814876	0.000000	0.000000	0.000000	0.000000	0.000000	0.000000
-0.961288	-0.868439	-0.793855	0.814876	0.000000	0.000000	0.000000	0.000000	0.000000	0.000000
-0.961288	-0.868078	-0.793861	0.814876	0.000000	0.000000	0.000000	0.000000	0.000000	0.000000
-0.961288	-0.868614	-0.793860	0.814876	0.000000	0.000000	0.000000	0.000000	0.000000	0.000000
-0.961288	-0.868125	-0.793857	0.814876	0.000000	0.000000	0.000000	0.000000	0.000000	0.000000
-0.961288	-0.867920	-0.793861	0.814874	0.000000	0.000000	0.000000	0.000000	0.000000	0.000000
-0.961288	-0.868161	-0.793860	0.814542	0.000000	0.000000	0.000000	0.000000	0.000000	0.000000
-0.961288	-0.867523	-0.793829	0.814876	0.000000	0.000000	0.000000	0.000000	0.000000	0.000000
-0.961288	-0.868318	-0.793861	0.814872	0.000000	0.000000	0.000000	0.000000	0.000000	0.000000
-0.961288	-0.867336	-0.793717	0.814876	0.000000	0.000000	0.000000	0.000000	0.000000	0.000000
-0.961288	-0.867319	-0.793542	0.814876	0.000000	0.000000	0.000000	0.000000	0.000000	0.000000
-0.961288	-0.868443	-0.793853	0.814875	0.000000	0.000000	0.000000	0.000000	0.000000	0.000000
-0.961288	-0.867953	-0.786034	0.814876	0.000000	0.000000	0.000000	0.000000	0.000000	0.000000
-0.961288	-0.868289	-0.793797	0.814875	0.000000	0.000000	0.000000	0.000000	0.000000	0.000000
-0.961288	-0.867889	-0.787081	0.814876	0.000000	0.000000	0.000000	0.000000	0.000000	0.000000
-0.961288	-0.867978	-0.793860	0.814876	0.000000	0.000000	0.000000	0.000000	0.000000	0.000000
-0.961287	-0.867546	-0.793860	0.814870	0.000000	0.000000	0.000000	0.000000	0.000000	0.000000
-0.961288	-0.868236	-0.793827	0.814872	0.000000	0.000000	0.000000	0.000000	0.000000	0.000000
-0.961288	-0.867621	-0.790323	0.814875	0.000000	0.000000	0.000000	0.000000	0.000000	0.000000
-0.961288	-0.867790	-0.793385	0.814875	0.000000	0.000000	0.000000	0.000000	0.000000	0.000000
-0.961288	-0.867987	-0.793861	0.814875	0.000000	0.000000	0.000000	0.000000	0.000000	0.000000
-0.961288	-0.868420	-0.793856	0.814841	0.000000	0.000000	0.000000	0.000000	0.000000	0.000000
-0.961288	-0.867761	-0.793860	0.814865	0.000000	0.000000	0.000000	0.000000	0.000000	0.000000
-0.961288	-0.868227	-0.793845	0.814875	0.000000	0.000000	0.000000	0.000000	0.000000	0.000000
-0.961287	-0.868187	-0.793302	0.814876	0.000000	0.000000	0.000000	0.000000	0.000000	0.000000
-0.961288	-0.867692	-0.793761	0.814876	0.000000	0.000000	0.000000	0.000000	0.000000	0.000000
-0.961288	-0.868048	-0.793861	0.814873	0.000000	0.000000	0.000000	0.000000	0.000000	0.000000
-0.961288	-0.868238	-0.793857	0.814875	0.000000	0.000000	0.000000	0.000000	0.000000	0.000000
-0.961288	-0.867995	-0.793861	0.814824	0.000000	0.000000	0.000000	0.000000	0.000000	0.000000
-0.961288	-0.868967	-0.793861	0.814876	0.000000	0.000000	0.000000	0.000000	0.000000	0.000000
-0.961288	-0.868436	-0.793295	0.814875	0.000000	0.000000	0.000000	0.000000	0.000000	0.000000
-0.961288	-0.868473	-0.793433	0.814876	0.000000	0.000000	0.000000	0.000000	0.000000	0.000000
-0.961288	-0.867872	-0.793817	0.814876	0.000000	0.000000	0.000000	0.000000	0.000000	0.000000
-0.961288	-0.868465	-0.793861	0.796191	0.000000	0.000000	0.000000	0.000000	0.000000	0.000000
-0.961288	-0.868102	-0.793861	0.814862	0.000000	0.000000	0.000000	0.000000	0.000000	0.000000
-0.961288	-0.868375	-0.651111	0.814875	0.000000	0.000000	0.000000	0.000000	0.000000	0.000000
-0.961288	-0.867832	-0.793825	0.814876	0.000000	0.000000	0.000000	0.000000	0.000000	0.000000
-0.961288	-0.868079	-0.793861	0.814875	0.000000	0.000000	0.000000	0.000000	0.000000	0.000000
-0.961288	-0.868014	-0.793861	0.814875	0.000000	0.000000	0.000000	0.000000	0.000000	0.000000
-0.961288	-0.868804	-0.793860	0.814876	0.000000	0.000000	0.000000	0.000000	0.000000	0.000000
-0.961288	-0.867688	-0.793852	0.814876	0.000000	0.000000	0.000000	0.000000	0.000000	0.000000
-0.961288	-0.868884	-0.793861	0.814874	0.000000	0.000000	0.000000	0.000000	0.000000	0.000000
-0.961288	-0.867983	-0.793589	0.814869	0.000000	0.000000	0.000000	0.000000	0.000000	0.000000
-0.961288	-0.868371	-0.793859	0.814876	0.000000	0.000000	0.000000	0.000000	0.000000	0.000000
-0.961288	-0.868369	-0.793192	0.814772	0.000000	0.000000	0.000000	0.000000	0.000000	0.000000
-0.961288	-0.868021	-0.791486	0.814864	0.000000	0.000000	0.000000	0.000000	0.000000	0.000000
-0.961288	-0.868267	-0.793861	0.814876	0.000000	0.000000	0.000000	0.000000	0.000000	0.000000
-0.961288	-0.867898	-0.793818	0.814876	0.000000	0.000000	0.000000	0.000000	0.000000	0.000000
-0.961288	-0.867533	-0.793861	0.814876	0.000000	0.000000	0.000000	0.000000	0.000000	0.000000
-0.961288	-0.867925	-0.792360	0.814839	0.000000	0.000000	0.000000	0.000000	0.000000	0.000000
-0.961288	-0.867733	-0.793860	0.814874	0.000000	0.000000	0.000000	0.000000	0.000000	0.000000
-0.961288	-0.868766	-0.793861	0.814875	0.000000	0.000000	0.000000	0.000000	0.000000	0.000000
-0.961288	-0.867677	-0.793456	0.814874	0.000000	0.000000	0.000000	0.000000	0.000000	0.000000
-0.961288	-0.868450	-0.793860	0.810845	0.000000	0.000000	0.000000	0.000000	0.000000	0.000000
-0.961288	-0.868273	-0.793851	0.814857	0.000000	0.000000	0.000000	0.000000	0.000000	0.000000
-0.961288	-0.868398	-0.793843	0.814875	0.000000	0.000000	0.000000	0.000000	0.000000	0.000000
-0.961288	-0.867805	-0.793861	0.813988	0.000000	0.000000	0.000000	0.000000	0.000000	0.000000
-0.961288	-0.867943	-0.793746	0.814876	0.000000	0.000000	0.000000	0.000000	0.000000	0.000000
-0.961288	-0.868626	-0.793859	0.814874	0.000000	0.000000	0.000000	0.000000	0.000000	0.000000
-0.961288	-0.867699	-0.793621	0.814876	0.000000	0.000000	0.000000	0.000000	0.000000	0.000000
-0.961288	-0.867638	-0.793854	0.814876	0.000000	0.000000	0.000000	0.000000	0.000000	0.000000
-0.961288	-0.868329	-0.793857	0.814876	0.000000	0.000000	0.000000	0.000000	0.000000	0.000000
-0.961288	-0.868225	-0.793746	0.814876	0.000000	0.000000	0.000000	0.000000	0.000000	0.000000
-0.961288	-0.868023	-0.793463	0.814875	0.000000	0.000000	0.000000	0.000000	0.000000	0.000000
-0.961288	-0.868254	-0.793861	0.814875	0.000000	0.000000	0.000000	0.000000	0.000000	0.000000
-0.961288	-0.867735	-0.793231	0.814876	0.000000	0.000000	0.000000	0.000000	0.000000	0.000000
-0.961288	-0.867613	-0.792696	0.814876	0.000000	0.000000	0.000000	0.000000	0.000000	0.000000
-0.961288	-0.868178	-0.793848	0.814875	0.000000	0.000000	0.000000	0.000000	0.000000	0.000000
-0.961288	-0.867811	-0.793162	0.814876	0.000000	0.000000	0.000000	0.000000	0.000000	0.000000
-0.961288	-0.868301	-0.793861	0.814873	0.000000	0.000000	0.000000	0.000000	0.000000	0.000000
-0.961288	-0.868663	-0.793860	0.814876	0.000000	0.000000	0.000000	0.000000	0.000000	0.000000
-0.961288	-0.868176	-0.793059	0.814876	0.000000	0.000000	0.000000	0.000000	0.000000	0.000000
-0.961288	-0.867263	-0.793639	0.814876	0.000000	0.000000	0.000000	0.000000	0.000000	0.000000
-0.961288	-0.868667	-0.793671	0.814876	0.000000	0.000000	0.000000	0.000000	0.000000	0.000000
-0.961288	-0.868353	-0.793832	0.814875	0.000000	0.000000	0.000000	0.000000	0.000000	0.000000
-0.961288	-0.869123	-0.793845	0.812239	0.000000	0.000000	0.000000	0.000000	0.000000	0.000000
-0.961288	-0.867593	-0.793858	0.814875	0.000000	0.000000	0.000000	0.000000	0.000000	0.000000
-0.961288	-0.867791	-0.793860	0.814875	0.000000	0.000000	0.000000	0.000000	0.000000	0.000000
-0.961288	-0.868507	-0.793830	0.814875	0.000000	0.000000	0.000000	0.000000	0.000000	0.000000
-0.961288	-0.868225	-0.793860	0.814870	0.000000	0.000000	0.000000	0.000000	0.000000	0.000000
-0.961288	-0.867780	-0.793860	0.814876	0.000000	0.000000	0.000000	0.000000	0.000000	0.000000
-0.961288	-0.868093	-0.793860	0.814876	0.000000	0.000000	0.000000	0.000000	0.000000	0.000000
-0.961288	-0.868107	-0.793745	0.814749	0.000000	0.000000	0.000000	0.000000	0.000000	0.000000
-0.961288	-0.868229	-0.793796	0.814876	0.000000	0.000000	0.000000	0.000000	0.000000	0.000000
-0.961288	-0.867900	-0.793859	0.814873	0.000000	0.000000	0.000000	0.000000	0.000000	0.000000
-0.961288	-0.868437	-0.782022	0.814869	0.000000	0.000000	0.000000	0.000000	0.000000	0.000000
-0.961288	-0.868033	-0.745957	0.814876	0.000000	0.000000	0.000000	0.000000	0.000000	0.000000
-0.961288	-0.868570	-0.793861	0.814848	0.000000	0.000000	0.000000	0.000000	0.000000	0.000000
-0.961288	-0.867622	-0.793377	0.814876	0.000000	0.000000	0.000000	0.000000	0.000000	0.000000
-0.961288	-0.868495	-0.793859	0.814696	0.000000	0.000000	0.000000	0.000000	0.000000	0.000000
-0.961288	-0.868137	-0.793812	0.814875	0.000000	0.000000	0.000000	0.000000	0.000000	0.000000
-0.961287	-0.868085	-0.791163	0.814875	0.000000	0.000000	0.000000	0.000000	0.000000	0.000000
-0.961288	-0.868007	-0.792259	0.814874	0.000000	0.000000	0.000000	0.000000	0.000000	0.000000
-0.961288	-0.867927	-0.793860	0.814868	0.000000	0.000000	0.000000	0.000000	0.000000	0.000000
-0.961288	-0.867471	-0.793858	0.814875	0.000000	0.000000	0.000000	0.000000	0.000000	0.000000
-0.961288	-0.868412	-0.793776	0.812662	0.000000	0.000000	0.000000	0.000000	0.000000	0.000000
-0.961288	-0.867871	-0.793634	0.814874	0.000000	0.000000	0.000000	0.000000	0.000000	0.000000
-0.961288	-0.867751	-0.793812	0.814872	0.000000	0.000000	0.000000	0.000000	0.000000	0.000000
-0.961288	-0.867904	-0.793859	0.814876	0.000000	0.000000	0.000000	0.000000	0.000000	0.000000
-0.961288	-0.868758	-0.793860	0.814870	0.000000	0.000000	0.000000	0.000000	0.000000	0.000000
-0.961288	-0.868321	-0.793861	0.814795	0.000000	0.000000	0.000000	0.000000	0.000000	0.000000
-0.961288	-0.868423	-0.793861	0.814875	0.000000	0.000000	0.000000	0.000000	0.000000	0.000000
-0.961288	-0.868433	-0.793860	0.812713	0.000000	0.000000	0.000000	0.000000	0.000000	0.000000
-0.961288	-0.867725	-0.793861	0.814875	0.000000	0.000000	0.000000	0.000000	0.000000	0.000000
-0.961288	-0.868419	-0.792813	0.814876	0.000000	0.000000	0.000000	0.000000	0.000000	0.000000
-0.961288	-0.868119	-0.793857	0.814217	0.000000	0.000000	0.000000	0.000000	0.000000	0.000000
-0.961288	-0.868095	-0.793858	0.814875	0.000000	0.000000	0.000000	0.000000	0.000000	0.000000
-0.961288	-0.868150	-0.793861	0.814871	0.000000	0.000000	0.000000	0.000000	0.000000	0.000000
-0.961288	-0.867632	-0.793832	0.814875	0.000000	0.000000	0.000000	0.000000	0.000000	0.000000
-0.961288	-0.868447	-0.789410	0.814875	0.000000	0.000000	0.000000	0.000000	0.000000	0.000000
-0.961288	-0.867576	-0.793859	0.814875	0.000000	0.000000	0.000000	0.000000	0.000000	0.000000
-0.961288	-0.868092	-0.793859	0.813354	0.000000	0.000000	0.000000	0.000000	0.000000	0.000000
-0.961288	-0.868072	-0.793861	0.814875	0.000000	0.000000	0.000000	0.000000	0.000000	0.000000
-0.961288	-0.868198	-0.793861	0.814876	0.000000	0.000000	0.000000	0.000000	0.000000	0.000000
-0.961288	-0.867902	-0.793861	0.814876	0.000000	0.000000	0.000000	0.000000	0.000000	0.000000
-0.961288	-0.868184	-0.793860	0.814875	0.000000	0.000000	0.000000	0.000000	0.000000	0.000000
-0.961288	-0.867675	-0.756828	0.814876	0.000000	0.000000	0.000000	0.000000	0.000000	0.000000
-0.961288	-0.868434	-0.793851	0.814873	0.000000	0.000000	0.000000	0.000000	0.000000	0.000000
-0.961288	-0.868075	-0.793861	0.814828	0.000000	0.000000	0.000000	0.000000	0.000000	0.000000
-0.961288	-0.868219	-0.793861	0.814861	0.000000	0.000000	0.000000	0.000000	0.000000	0.000000
-0.961288	-0.867707	-0.793860	0.814876	0.000000	0.000000	0.000000	0.000000	0.000000	0.000000
-0.961288	-0.868588	-0.793854	0.814600	0.000000	0.000000	0.000000	0.000000	0.000000	0.000000
-0.961288	-0.868478	-0.793861	0.814876	0.000000	0.000000	0.000000	0.000000	0.000000	0.000000
-0.961288	-0.867894	-0.793859	0.814875	0.000000	0.000000	0.000000	0.000000	0.000000	0.000000
-0.961288	-0.868118	-0.793642	0.814876	0.000000	0.000000	0.000000	0.000000	0.000000	0.000000
-0.961288	-0.868451	-0.793861	0.814875	0.000000	0.000000	0.000000	0.000000	0.000000	0.000000
-0.961288	-0.867919	-0.788635	0.814863	0.000000	0.000000	0.000000	0.000000	0.000000	0.000000
-0.961288	-0.868361	-0.793861	0.814198	0.000000	0.000000	0.000000	0.000000	0.000000	0.000000
-0.961288	-0.868679	-0.793861	0.814875	0.000000	0.000000	0.000000	0.000000	0.000000	0.000000
-0.961288	-0.868260	-0.793861	0.814847	0.000000	0.000000	0.000000	0.000000	0.000000	0.000000
-0.961288	-0.868126	-0.793861	0.814876	0.000000	0.000000	0.000000	0.000000	0.000000	0.000000
-0.961288	-0.868076	-0.793675	0.814870	0.000000	0.000000	0.000000	0.000000	0.000000	0.000000
-0.961288	-0.868187	-0.793825	0.814866	0.000000	0.000000	0.000000	0.000000	0.000000	0.000000
-0.961288	-0.868295	-0.793860	0.814875	0.000000	0.000000	0.000000	0.000000	0.000000	0.000000
-0.961288	-0.868195	-0.793853	0.814874	0.000000	0.000000	0.000000	0.000000	0.000000	0.000000
-0.961288	-0.868014	-0.793860	0.814875	0.000000	0.000000	0.000000	0.000000	0.000000	0.000000
-0.961288	-0.868318	-0.793861	0.814858	0.000000	0.000000	0.000000	0.000000	0.000000	0.000000
-0.961288	-0.867927	-0.793838	0.814876	0.000000	0.000000	0.000000	0.000000	0.000000	0.000000
-0.961288	-0.867869	-0.793850	0.814875	0.000000	0.000000	0.000000	0.000000	0.000000	0.000000
-0.961288	-0.868122	-0.793861	0.814874	0.000000	0.000000	0.000000	0.000000	0.000000	0.000000
-0.961288	-0.868030	-0.793845	0.814857	0.000000	0.000000	0.000000	0.000000	0.000000	0.000000
-0.961288	-0.867688	-0.790772	0.814876	0.000000	0.000000	0.000000	0.000000	0.000000	0.000000
-0.961288	-0.868625	-0.793850	0.814875	0.000000	0.000000	0.000000	0.000000	0.000000	0.000000
-0.961287	-0.867745	-0.793860	0.813709	0.000000	0.000000	0.000000	0.000000	0.000000	0.000000
-0.961288	-0.867561	-0.793848	0.814876	0.000000	0.000000	0.000000	0.000000	0.000000	0.000000
-0.961288	-0.868478	-0.793860	0.814876	0.000000	0.000000	0.000000	0.000000	0.000000	0.000000
-0.961288	-0.868266	-0.793860	0.814873	0.000000	0.000000	0.000000	0.000000	0.000000	0.000000
-0.961288	-0.867885	-0.793440	0.814874	0.000000	0.000000	0.000000	0.000000	0.000000	0.000000
-0.961288	-0.867664	-0.793860	0.814876	0.000000	0.000000	0.000000	0.000000	0.000000	0.000000
-0.961288	-0.868005	-0.793837	0.814876	0.000000	0.000000	0.000000	0.000000	0.000000	0.000000
-0.961288	-0.868355	-0.793541	0.814872	0.000000	0.000000	0.000000	0.000000	0.000000	0.000000
-0.961288	-0.867993	-0.793756	0.814876	0.000000	0.000000	0.000000	0.000000	0.000000	0.000000
-0.961288	-0.868245	-0.793826	0.814876	0.000000	0.000000	0.000000	0.000000	0.000000	0.000000
-0.961288	-0.867827	-0.793853	0.814875	0.000000	0.000000	0.000000	0.000000	0.000000	0.000000
-0.961288	-0.867734	-0.793824	0.814875	0.000000	0.000000	0.000000	0.000000	0.000000	0.000000
-0.961288	-0.868289	-0.793859	0.814876	0.000000	0.000000	0.000000	0.000000	0.000000	0.000000
-0.961288	-0.868478	-0.793861	0.811693	0.000000	0.000000	0.000000	0.000000	0.000000	0.000000
-0.961288	-0.867256	-0.793861	0.814876	0.000000	0.000000	0.000000	0.000000	0.000000	0.000000
-0.961288	-0.868111	-0.793861	0.814587	0.000000	0.000000	0.000000	0.000000	0.000000	0.000000
-0.961288	-0.867913	-0.793858	0.814876	0.000000	0.000000	0.000000	0.000000	0.000000	0.000000
-0.961288	-0.868034	-0.793861	0.813018	0.000000	0.000000	0.000000	0.000000	0.000000	0.000000
-0.961288	-0.868072	-0.793821	0.814875	0.000000	0.000000	0.000000	0.000000	0.000000	0.000000
-0.961288	-0.868477	-0.793545	0.814875	0.000000	0.000000	0.000000	0.000000	0.000000	0.000000
-0.961288	-0.868038	-0.793861	0.814875	0.000000	0.000000	0.000000	0.000000	0.000000	0.000000
-0.961288	-0.868984	-0.793840	0.814875	0.000000	0.000000	0.000000	0.000000	0.000000	0.000000
-0.961288	-0.868078	-0.791570	0.814876	0.000000	0.000000	0.000000	0.000000	0.000000	0.000000
-0.961288	-0.868487	-0.793855	0.814876	0.000000	0.000000	0.000000	0.000000	0.000000	0.000000
-0.961288	-0.869083	-0.793860	0.814875	0.000000	0.000000	0.000000	0.000000	0.000000	0.000000
-0.961288	-0.868196	-0.793860	0.814856	0.000000	0.000000	0.000000	0.000000	0.000000	0.000000
-0.961288	-0.868015	-0.793844	0.814768	0.000000	0.000000	0.000000	0.000000	0.000000	0.000000
-0.961288	-0.868323	-0.793844	0.814491	0.000000	0.000000	0.000000	0.000000	0.000000	0.000000
-0.961288	-0.868020	-0.793691	0.814873	0.000000	0.000000	0.000000	0.000000	0.000000	0.000000
-0.961288	-0.867862	-0.793861	0.814876	0.000000	0.000000	0.000000	0.000000	0.000000	0.000000
-0.961288	-0.867619	-0.793724	0.814876	0.000000	0.000000	0.000000	0.000000	0.000000	0.000000
-0.961288	-0.867811	-0.793861	0.814876	0.000000	0.000000	0.000000	0.000000	0.000000	0.000000
-0.961288	-0.867765	-0.793820	0.814876	0.000000	0.000000	0.000000	0.000000	0.000000	0.000000
-0.961288	-0.868733	-0.793860	0.814875	0.000000	0.000000	0.000000	0.000000	0.000000	0.000000
-0.961288	-0.868553	-0.793697	0.814875	0.000000	0.000000	0.000000	0.000000	0.000000	0.000000
-0.961288	-0.867852	-0.793831	0.813881	0.000000	0.000000	0.000000	0.000000	0.000000	0.000000
-0.961288	-0.868131	-0.793810	0.814876	0.000000	0.000000	0.000000	0.000000	0.000000	0.000000
-0.961288	-0.868924	-0.793861	0.814635	0.000000	0.000000	0.000000	0.000000	0.000000	0.000000
-0.961288	-0.867490	-0.793855	0.814876	0.000000	0.000000	0.000000	0.000000	0.000000	0.000000
-0.961288	-0.868279	-0.793860	0.814875	0.000000	0.000000	0.000000	0.000000	0.000000	0.000000
-0.961288	-0.867927	-0.793861	0.814872	0.000000	0.000000	0.000000	0.000000	0.000000	0.000000
-0.961288	-0.867824	-0.792261	0.814876	0.000000	0.000000	0.000000	0.000000	0.000000	0.000000
-0.961288	-0.867851	-0.792573	0.814875	0.000000	0.000000	0.000000	0.000000	0.000000	0.000000
-0.961288	-0.868459	-0.793822	0.814851	0.000000	0.000000	0.000000	0.000000	0.000000	0.000000
-0.961288	-0.868602	-0.793859	0.814872	0.000000	0.000000	0.000000	0.000000	0.000000	0.000000
-0.961288	-0.867782	-0.793860	0.814875	0.000000	0.000000	0.000000	0.000000	0.000000	0.000000
-0.961288	-0.868481	-0.793678	0.814843	0.000000	0.000000	0.000000	0.000000	0.000000	0.000000
-0.961288	-0.868016	-0.793859	0.814876	0.000000	0.000000	0.000000	0.000000	0.000000	0.000000
-0.961288	-0.868075	-0.793859	0.814876	0.000000	0.000000	0.000000	0.000000	0.000000	0.000000
-0.961288	-0.868047	-0.793860	0.814666	0.000000	0.000000	0.000000	0.000000	0.000000	0.000000
-0.961288	-0.868262	-0.793861	0.814872	0.000000	0.000000	0.000000	0.000000	0.000000	0.000000
-0.961288	-0.868327	-0.793860	0.814468	0.000000	0.000000	0.000000	0.000000	0.000000	0.000000
-0.961288	-0.868197	-0.793574	0.814876	0.000000	0.000000	0.000000	0.000000	0.000000	0.000000
-0.961288	-0.868003	-0.793839	0.814876	0.000000	0.000000	0.000000	0.000000	0.000000	0.000000
-0.961288	-0.868166	-0.793861	0.814708	0.000000	0.000000	0.000000	0.000000	0.000000	0.000000
-0.961288	-0.868480	-0.793858	0.814876	0.000000	0.000000	0.000000	0.000000	0.000000	0.000000
-0.961288	-0.868346	-0.793851	0.814873	0.000000	0.000000	0.000000	0.000000	0.000000	0.000000
-0.961288	-0.867387	-0.793104	0.814876	0.000000	0.000000	0.000000	0.000000	0.000000	0.000000
-0.961288	-0.867649	-0.793690	0.814876	0.000000	0.000000	0.000000	0.000000	0.000000	0.000000
-0.961288	-0.868186	-0.793849	0.814875	0.000000	0.000000	0.000000	0.000000	0.000000	0.000000
-0.961288	-0.868325	-0.793851	0.812751	0.000000	0.000000	0.000000	0.000000	0.000000	0.000000
-0.961288	-0.868433	-0.776180	0.814876	0.000000	0.000000	0.000000	0.000000	0.000000	0.000000
-0.961288	-0.868393	-0.793547	0.814876	0.000000	0.000000	0.000000	0.000000	0.000000	0.000000
-0.961288	-0.868387	-0.793860	0.814875	0.000000	0.000000	0.000000	0.000000	0.000000	0.000000
-0.961288	-0.868303	-0.793607	0.814876	0.000000	0.000000	0.000000	0.000000	0.000000	0.000000
-0.961288	-0.868290	-0.790752	0.814876	0.000000	0.000000	0.000000	0.000000	0.000000	0.000000
-0.961288	-0.867962	-0.793860	0.814876	0.000000	0.000000	0.000000	0.000000	0.000000	0.000000
-0.961288	-0.867690	-0.793851	0.814875	0.000000	0.000000	0.000000	0.000000	0.000000	0.000000
-0.961288	-0.868325	-0.793858	0.814876	0.000000	0.000000	0.000000	0.000000	0.000000	0.000000
-0.961288	-0.867814	-0.786526	0.814876	0.000000	0.000000	0.000000	0.000000	0.000000	0.000000
-0.961288	-0.867965	-0.793853	0.814766	0.000000	0.000000	0.000000	0.000000	0.000000	0.000000
-0.961288	-0.868370	-0.793842	0.814873	0.000000	0.000000	0.000000	0.000000	0.000000	0.000000
-0.961288	-0.868568	-0.788663	0.814876	0.000000	0.000000	0.000000	0.000000	0.000000	0.000000
-0.961288	-0.867886	-0.793859	0.814875	0.000000	0.000000	0.000000	0.000000	0.000000	0.000000
-0.961288	-0.867895	-0.793812	0.814876	0.000000	0.000000	0.000000	0.000000	0.000000	0.000000
-0.961288	-0.867739	-0.793643	0.814876	0.000000	0.000000	0.000000	0.000000	0.000000	0.000000
-0.961288	-0.868070	-0.793860	0.814876	0.000000	0.000000	0.000000	0.000000	0.000000	0.000000
-0.961288	-0.868035	-0.793861	0.800472	0.000000	0.000000	0.000000	0.000000	0.000000	0.000000
-0.961288	-0.867904	-0.793861	0.814876	0.000000	0.000000	0.000000	0.000000	0.000000	0.000000
-0.961288	-0.867710	-0.793824	0.814876	0.000000	0.000000	0.000000	0.000000	0.000000	0.000000
-0.961288	-0.867868	-0.793852	0.814876	0.000000	0.000000	0.000000	0.000000	0.000000	0.000000
-0.961288	-0.868023	-0.793860	0.814747	0.000000	0.000000	0.000000	0.000000	0.000000	0.000000
-0.961288	-0.868164	-0.793749	0.814406	0.000000	0.000000	0.000000	0.000000	0.000000	0.000000
-0.961288	-0.868165	-0.793859	0.814875	0.000000	0.000000	0.000000	0.000000	0.000000	0.000000
-0.961288	-0.867427	-0.793856	0.814875	0.000000	0.000000	0.000000	0.000000	0.000000	0.000000
-0.961288	-0.867707	-0.793851	0.814875	0.000000	0.000000	0.000000	0.000000	0.000000	0.000000
-0.961288	-0.868526	-0.793808	0.814876	0.000000	0.000000	0.000000	0.000000	0.000000	0.000000
-0.961288	-0.868213	-0.793861	0.814159	0.000000	0.000000	0.000000	0.000000	0.000000	0.000000
-0.961288	-0.867865	-0.791201	0.814876	0.000000	0.000000	0.000000	0.000000	0.000000	0.000000
-0.961288	-0.867643	-0.793749	0.814875	0.000000	0.000000	0.000000	0.000000	0.000000	0.000000
-0.961288	-0.868792	-0.793861	0.814871	0.000000	0.000000	0.000000	0.000000	0.000000	0.000000
-0.961288	-0.867911	-0.778523	0.814876	0.000000	0.000000	0.000000	0.000000	0.000000	0.000000
-0.961288	-0.867659	-0.791544	0.814876	0.000000	0.000000	0.000000	0.000000	0.000000	0.000000
-0.961288	-0.868644	-0.793852	0.814874	0.000000	0.000000	0.000000	0.000000	0.000000	0.000000
-0.961288	-0.867868	-0.793854	0.814876	0.000000	0.000000	0.000000	0.000000	0.000000	0.000000
-0.961288	-0.868590	-0.793844	0.814869	0.000000	0.000000	0.000000	0.000000	0.000000	0.000000
-0.961288	-0.867589	-0.793851	0.814875	0.000000	0.000000	0.000000	0.000000	0.000000	0.000000
-0.961288	-0.867781	-0.792465	0.814876	0.000000	0.000000	0.000000	0.000000	0.000000	0.000000
-0.961288	-0.867354	-0.793860	0.814876	0.000000	0.000000	0.000000	0.000000	0.000000	0.000000
-0.961288	-0.868043	-0.793844	0.814876	0.000000	0.000000	0.000000	0.000000	0.000000	0.000000
-0.961288	-0.868075	-0.793859	0.814876	0.000000	0.000000	0.000000	0.000000	0.000000	0.000000
-0.961288	-0.868699	-0.793860	0.814875	0.000000	0.000000	0.000000	0.000000	0.000000	0.000000
-0.961288	-0.868124	-0.793859	0.814875	0.000000	0.000000	0.000000	0.000000	0.000000	0.000000
-0.961287	0.827391	0.000003	-0.000000	0.000000	0.000000	0.000000	0.000000	0.000000	0.000000
-0.961288	0.838578	0.848531	-0.000000	0.000000	0.000000	0.000000	0.000000	0.000000	0.000000
-0.961288	0.838462	0.849003	0.000000	0.000000	0.000000	0.000000	0.000000	0.000000	0.000000
-0.961288	0.838479	0.848998	-0.000000	0.000000	0.000000	0.000000	0.000000	0.000000	0.000000
-0.961288	0.838670	0.848773	-0.000000	0.000000	0.000000	0.000000	0.000000	0.000000	0.000000
-0.961288	0.838674	0.848959	0.000000	0.000000	0.000000	0.000000	0.000000	0.000000	0.000000
-0.961288	0.838820	0.849002	-0.000000	0.000000	0.000000	0.000000	0.000000	0.000000	0.000000
-0.961288	0.838630	0.848883	-0.000000	0.000000	0.000000	0.000000	0.000000	0.000000	0.000000
-0.961288	0.838658	0.848944	-0.000000	0.000000	0.000000	0.000000	0.000000	0.000000	0.000000
-0.961288	0.838518	0.849002	-0.000000	0.000000	0.000000	0.000000	0.000000	0.000000	0.000000
-0.961288	0.838560	0.848969	-0.000000	0.000000	0.000000	0.000000	0.000000	0.000000	0.000000
-0.961288	0.838757	0.849003	0.000000	0.000000	0.000000	0.000000	0.000000	0.000000	0.000000
-0.961288	0.838693	0.848881	0.000000	0.000000	0.000000	0.000000	0.000000	0.000000	0.000000
-0.961288	0.838655	0.849003	0.000000	0.000000	0.000000	0.000000	0.000000	0.000000	0.000000
-0.961288	0.838588	0.849002	0.000000	0.000000	0.000000	0.000000	0.000000	0.000000	0.000000
-0.961288	0.838367	0.849003	0.000000	0.000000	0.000000	0.000000	0.000000	0.000000	0.000000
-0.961288	0.838667	0.848821	-0.000000	0.000000	0.000000	0.000000	0.000000	0.000000	0.000000
-0.961288	0.838511	0.849002	-0.000000	0.000000	0.000000	0.000000	0.000000	0.000000	0.000000
-0.961288	0.838773	0.848994	-0.000000	0.000000	0.000000	0.000000	0.000000	0.000000	0.000000
-0.961288	0.838891	0.849003	0.000000	0.000000	0.000000	0.000000	0.000000	0.000000	0.000000
-0.961288	0.838917	0.849002	0.000000	0.000000	0.000000	0.000000	0.000000	0.000000	0.000000
-0.961288	0.838437	0.849003	0.000000	0.000000	0.000000	0.000000	0.000000	0.000000	0.000000
-0.961288	0.838804	0.849002	0.000000	0.000000	0.000000	0.000000	0.000000	0.000000	0.000000
-0.961288	0.838611	0.845653	0.000000	0.000000	0.000000	0.000000	0.000000	0.000000	0.000000
-0.961288	0.838467	0.849003	0.000000	0.000000	0.000000	0.000000	0.000000	0.000000	0.000000
-0.961288	0.838573	0.849003	0.000000	0.000000	0.000000	0.000000	0.000000	0.000000	0.000000
-0.961288	0.838578	0.849003	0.000000	0.000000	0.000000	0.000000	0.000000	0.000000	0.000000
-0.961288	0.838739	0.849003	0.000000	0.000000	0.000000	0.000000	0.000000	0.000000	0.000000
-0.961288	0.838522	0.849003	-0.000000	0.000000	0.000000	0.000000	0.000000	0.000000	0.000000
-0.961288	0.838700	0.849003	0.000000	0.000000	0.000000	0.000000	0.000000	0.000000	0.000000
-0.961288	0.838786	0.849001	0.000000	0.000000	0.000000	0.000000	0.000000	0.000000	0.000000
-0.961288	0.838727	0.848999	0.000000	0.000000	0.000000	0.000000	0.000000	0.000000	0.000000
-0.961288	0.838689	0.848999	-0.000000	0.000000	0.000000	0.000000	0.000000	0.000000	0.000000
-0.961288	0.838311	0.848872	0.000000	0.000000	0.000000	0.000000	0.000000	0.000000	0.000000
-0.961288	0.838657	0.849001	0.000000	0.000000	0.000000	0.000000	0.000000	0.000000	0.000000
-0.961288	0.838861	0.848827	-0.000000	0.000000	0.000000	0.000000	0.000000	0.000000	0.000000
-0.961288	0.838655	0.849003	0.000000	0.000000	0.000000	0.000000	0.000000	0.000000	0.000000
-0.961288	0.838867	0.843025	0.000000	0.000000	0.000000	0.000000	0.000000	0.000000	0.000000
-0.961288	0.838707	0.849002	0.000000	0.000000	0.000000	0.000000	0.000000	0.000000	0.000000
-0.961288	0.838710	0.849002	0.000000	0.000000	0.000000	0.000000	0.000000	0.000000	0.000000
-0.961288	0.838723	0.848926	0.000000	0.000000	0.000000	0.000000	0.000000	0.000000	0.000000
-0.961288	0.838642	0.848994	0.000000	0.000000	0.000000	0.000000	0.000000	0.000000	0.000000
-0.961288	0.838535	0.849003	0.000000	0.000000	0.000000	0.000000	0.000000	0.000000	0.000000
-0.961288	0.838497	0.849002	0.000000	0.000000	0.000000	0.000000	0.000000	0.000000	0.000000
-0.961288	0.838701	0.849002	0.000000	0.000000	0.000000	0.000000	0.000000	0.000000	0.000000
-0.961288	0.838483	0.848882	-0.000000	0.000000	0.000000	0.000000	0.000000	0.000000	0.000000
-0.961288	0.838972	0.848975	0.000000	0.000000	0.000000	0.000000	0.000000	0.000000	0.000000
-0.961288	0.838790	0.849003	0.000000	0.000000	0.000000	0.000000	0.000000	0.000000	0.000000
-0.961288	0.838615	0.846497	-0.000000	0.000000	0.000000	0.000000	0.000000	0.000000	0.000000
-0.961288	0.838453	0.849002	-0.000000	0.000000	0.000000	0.000000	0.000000	0.000000	0.000000
-0.961288	0.838744	0.848993	-0.000000	0.000000	0.000000	0.000000	0.000000	0.000000	0.000000
-0.961288	0.838405	0.848965	-0.000000	0.000000	0.000000	0.000000	0.000000	0.000000	0.000000
-0.961288	0.838538	0.848827	-0.000000	0.000000	0.000000	0.000000	0.000000	0.000000	0.000000
-0.961288	0.838548	0.849000	-0.000000	0.000000	0.000000	0.000000	0.000000	0.000000	0.000000
-0.961288	0.838719	0.849003	0.000000	0.000000	0.000000	0.000000	0.000000	0.000000	0.000000
-0.961288	0.838691	0.849002	-0.000000	0.000000	0.000000	0.000000	0.000000	0.000000	0.000000
-0.961288	0.838520	0.849003	-0.000000	0.000000	0.000000	0.000000	0.000000	0.000000	0.000000
-0.961288	0.838520	0.849002	-0.000000	0.000000	0.000000	0.000000	0.000000	0.000000	0.000000
-0.961288	0.838451	0.848030	0.000000	0.000000	0.000000	0.000000	0.000000	0.000000	0.000000
-0.961288	0.838603	0.844829	-0.000000	0.000000	0.000000	0.000000	0.000000	0.000000	0.000000
-0.961288	0.838636	0.849002	-0.000000	0.000000	0.000000	0.000000	0.000000	0.000000	0.000000
-0.961288	0.838902	0.849002	0.000000	0.000000	0.000000	0.000000	0.000000	0.000000	0.000000
-0.961288	0.838701	0.848995	0.000000	0.000000	0.000000	0.000000	0.000000	0.000000	0.000000
-0.961288	0.838471	0.849002	-0.000000	0.000000	0.000000	0.000000	0.000000	0.000000	0.000000
-0.961288	0.838589	0.849003	0.000000	0.000000	0.000000	0.000000	0.000000	0.000000	0.000000
-0.961288	0.838801	0.849000	0.000000	0.000000	0.000000	0.000000	0.000000	0.000000	0.000000
-0.961288	0.838559	0.849003	0.000000	0.000000	0.000000	0.000000	0.000000	0.000000	0.000000
-0.961288	0.838575	0.849002	0.000000	0.000000	0.000000	0.000000	0.000000	0.000000	0.000000
-0.961288	0.838548	0.849003	0.000000	0.000000	0.000000	0.000000	0.000000	0.000000	0.000000
-0.961288	0.838671	0.849002	0.000000	0.000000	0.000000	0.000000	0.000000	0.000000	0.000000
-0.961288	0.838699	0.849001	0.000000	0.000000	0.000000	0.000000	0.000000	0.000000	0.000000
-0.961288	0.838588	0.848986	-0.000000	0.000000	0.000000	0.000000	0.000000	0.000000	0.000000
-0.961288	0.838807	0.849002	0.000000	0.000000	0.000000	0.000000	0.000000	0.000000	0.000000
-0.961288	0.838703	0.849003	0.000000	0.000000	0.000000	0.000000	0.000000	0.000000	0.000000
-0.961288	0.838703	0.848776	0.000000	0.000000	0.000000	0.000000	0.000000	0.000000	0.000000
-0.961288	0.838712	0.836797	0.000000	0.000000	0.000000	0.000000	0.000000	0.000000	0.000000
-0.961288	0.838541	0.849000	-0.000000	0.000000	0.000000	0.000000	0.000000	0.000000	0.000000
-0.961288	0.838760	0.849002	0.000000	0.000000	0.000000	0.000000	0.000000	0.000000	0.000000
-0.961288	0.838679	0.848869	-0.000000	0.000000	0.000000	0.000000	0.000000	0.000000	0.000000
-0.961288	0.838595	0.846705	0.000000	0.000000	0.000000	0.000000	0.000000	0.000000	0.000000
-0.961288	0.838526	0.849002	0.000000	0.000000	0.000000	0.000000	0.000000	0.000000	0.000000
-0.961288	0.838742	0.849001	0.000000	0.000000	0.000000	0.000000	0.000000	0.000000	0.000000
-0.961288	0.835084	0.849001	-0.000000	0.000000	0.000000	0.000000	0.000000	0.000000	0.000000
-0.961288	0.838438	0.849003	0.000000	0.000000	0.000000	0.000000	0.000000	0.000000	0.000000
-0.961288	0.838818	0.849002	0.000000	0.000000	0.000000	0.000000	0.000000	0.000000	0.000000
-0.961288	0.838546	0.848984	-0.000000	0.000000	0.000000	0.000000	0.000000	0.000000	0.000000
-0.961288	0.838768	0.849003	0.000000	0.000000	0.000000	0.000000	0.000000	0.000000	0.000000
-0.961288	0.838473	0.848999	0.000000	0.000000	0.000000	0.000000	0.000000	0.000000	0.000000
-0.961288	0.838873	0.849003	0.000000	0.000000	0.000000	0.000000	0.000000	0.000000	0.000000
-0.961288	0.838589	0.849003	0.000000	0.000000	0.000000	0.000000	0.000000	0.000000	0.000000
-0.961288	0.838664	0.848996	0.000000	0.000000	0.000000	0.000000	0.000000	0.000000	0.000000
-0.961288	0.839189	0.849003	0.000000	0.000000	0.000000	0.000000	0.000000	0.000000	0.000000
-0.961288	0.838626	0.849003	-0.000000	0.000000	0.000000	0.000000	0.000000	0.000000	0.000000
-0.961288	0.838765	0.849003	0.000000	0.000000	0.000000	0.000000	0.000000	0.000000	0.000000
-0.961288	0.838461	0.849002	-0.000000	0.000000	0.000000	0.000000	0.000000	0.000000	0.000000
-0.961288	0.838538	0.849002	0.000000	0.000000	0.000000	0.000000	0.000000	0.000000	0.000000
-0.961288	0.838626	0.849003	0.000000	0.000000	0.000000	0.000000	0.000000	0.000000	0.000000
-0.961288	0.838634	0.848999	0.000000	0.000000	0.000000	0.000000	0.000000	0.000000	0.000000
-0.961288	0.838659	0.849002	0.000000	0.000000	0.000000	0.000000	0.000000	0.000000	0.000000
-0.961288	0.838718	0.849003	0.000000	0.000000	0.000000	0.000000	0.000000	0.000000	0.000000
-0.961288	0.838401	0.848908	0.000000	0.000000	0.000000	0.000000	0.000000	0.000000	0.000000
-0.961288	0.838467	0.849003	0.000000	0.000000	0.000000	0.000000	0.000000	0.000000	0.000000
-0.961288	0.838802	0.849001	0.000000	0.000000	0.000000	0.000000	0.000000	0.000000	0.000000
-0.961288	0.838813	0.849001	0.000000	0.000000	0.000000	0.000000	0.000000	0.000000	0.000000
-0.961288	0.838705	0.849002	0.000000	0.000000	0.000000	0.000000	0.000000	0.000000	0.000000
-0.961288	0.838803	0.849003	0.000000	0.000000	0.000000	0.000000	0.000000	0.000000	0.000000
-0.961288	0.838694	0.849000	-0.000000	0.000000	0.000000	0.000000	0.000000	0.000000	0.000000
-0.961288	0.838886	0.848977	0.000000	0.000000	0.000000	0.000000	0.000000	0.000000	0.000000
-0.961288	0.838613	0.848299	-0.000000	0.000000	0.000000	0.000000	0.000000	0.000000	0.000000
-0.961288	0.838637	0.849002	0.000000	0.000000	0.000000	0.000000	0.000000	0.000000	0.000000
-0.961288	0.838835	0.849000	0.000000	0.000000	0.000000	0.000000	0.000000	0.000000	0.000000
-0.961288	0.838674	0.849003	0.000000	0.000000	0.000000	0.000000	0.000000	0.000000	0.000000
-0.961288	0.838649	0.848968	-0.000000	0.000000	0.000000	0.000000	0.000000	0.000000	0.000000
-0.961288	0.838596	0.848999	0.000000	0.000000	0.000000	0.000000	0.000000	0.000000	0.000000
-0.961287	0.838442	0.848377	-0.000000	0.000000	0.000000	0.000000	0.000000	0.000000	0.000000
-0.961288	0.838967	0.849003	0.000000	0.000000	0.000000	0.000000	0.000000	0.000000	0.000000
-0.961288	0.838697	0.848933	-0.000000	0.000000	0.000000	0.000000	0.000000	0.000000	0.000000
-0.961288	0.838667	0.849003	0.000000	0.000000	0.000000	0.000000	0.000000	0.000000	0.000000
-0.961288	0.838779	0.849003	0.000000	0.000000	0.000000	0.000000	0.000000	0.000000	0.000000
-0.961288	0.838921	0.849002	0.000000	0.000000	0.000000	0.000000	0.000000	0.000000	0.000000
-0.961288	0.839021	0.849001	0.000000	0.000000	0.000000	0.000000	0.000000	0.000000	0.000000
-0.961288	0.838494	0.848949	0.000000	0.000000	0.000000	0.000000	0.000000	0.000000	0.000000
-0.961288	0.838933	0.849002	0.000000	0.000000	0.000000	0.000000	0.000000	0.000000	0.000000
-0.961288	0.838514	0.849002	0.000000	0.000000	0.000000	0.000000	0.000000	0.000000	0.000000
-0.961288	0.838551	0.849003	0.000000	0.000000	0.000000	0.000000	0.000000	0.000000	0.000000
-0.961288	0.838696	0.849002	0.000000	0.000000	0.000000	0.000000	0.000000	0.000000	0.000000
-0.961288	0.838658	0.848994	-0.000000	0.000000	0.000000	0.000000	0.000000	0.000000	0.000000
-0.961288	0.838799	0.849000	-0.000000	0.000000	0.000000	0.000000	0.000000	0.000000	0.000000
-0.961288	0.838723	0.849003	0.000000	0.000000	0.000000	0.000000	0.000000	0.000000	0.000000
-0.961288	0.838404	0.849003	-0.000000	0.000000	0.000000	0.000000	0.000000	0.000000	0.000000
-0.961288	0.838799	0.849002	0.000000	0.000000	0.000000	0.000000	0.000000	0.000000	0.000000
-0.961288	0.838530	0.849003	-0.000000	0.000000	0.000000	0.000000	0.000000	0.000000	0.000000
-0.961288	0.838625	0.849002	0.000000	0.000000	0.000000	0.000000	0.000000	0.000000	0.000000
-0.961288	0.838514	0.849003	0.000000	0.000000	0.000000	0.000000	0.000000	0.000000	0.000000
-0.961288	0.838588	0.848664	0.000000	0.000000	0.000000	0.000000	0.000000	0.000000	0.000000
-0.961288	0.838720	0.848998	0.000000	0.000000	0.000000	0.000000	0.000000	0.000000	0.000000
-0.961288	0.838673	0.848993	-0.000000	0.000000	0.000000	0.000000	0.000000	0.000000	0.000000
-0.961288	0.838708	0.846407	0.000000	0.000000	0.000000	0.000000	0.000000	0.000000	0.000000
-0.961288	0.838721	0.848453	0.000000	0.000000	0.000000	0.000000	0.000000	0.000000	0.000000
-0.961288	0.838517	0.849000	0.000000	0.000000	0.000000	0.000000	0.000000	0.000000	0.000000
-0.961288	0.838583	0.849003	0.000000	0.000000	0.000000	0.000000	0.000000	0.000000	0.000000
-0.961288	0.838845	0.849003	0.000000	0.000000	0.000000	0.000000	0.000000	0.000000	0.000000
-0.961288	0.838467	0.848984	0.000000	0.000000	0.000000	0.000000	0.000000	0.000000	0.000000
-0.961288	0.838649	0.848850	0.000000	0.000000	0.000000	0.000000	0.000000	0.000000	0.000000
-0.961288	0.838848	0.848420	0.000000	0.000000	0.000000	0.000000	0.000000	0.000000	0.000000
-0.961288	0.838673	0.848111	0.000000	0.000000	0.000000	0.000000	0.000000	0.000000	0.000000
-0.961288	0.838733	0.849002	0.000000	0.000000	0.000000	0.000000	0.000000	0.000000	0.000000
-0.961288	0.838414	0.849003	-0.000000	0.000000	0.000000	0.000000	0.000000	0.000000	0.000000
-0.961288	0.838523	0.848914	-0.000000	0.000000	0.000000	0.000000	0.000000	0.000000	0.000000
-0.961288	0.838874	0.849002	0.000000	0.000000	0.000000	0.000000	0.000000	0.000000	0.000000
-0.961288	0.838870	0.848913	0.000000	0.000000	0.000000	0.000000	0.000000	0.000000	0.000000
-0.961288	0.838739	0.849002	0.000000	0.000000	0.000000	0.000000	0.000000	0.000000	0.000000
-0.961288	0.838422	0.848799	-0.000000	0.000000	0.000000	0.000000	0.000000	0.000000	0.000000
-0.961288	0.839038	0.849003	0.000000	0.000000	0.000000	0.000000	0.000000	0.000000	0.000000
-0.961288	0.838742	0.849001	0.000000	0.000000	0.000000	0.000000	0.000000	0.000000	0.000000
-0.961288	0.838329	0.837386	-0.000000	0.000000	0.000000	0.000000	0.000000	0.000000	0.000000
-0.961288	0.838807	0.848995	0.000000	0.000000	0.000000	0.000000	0.000000	0.000000	0.000000
-0.961288	0.838702	0.848998	0.000000	0.000000	0.000000	0.000000	0.000000	0.000000	0.000000
-0.961288	0.838774	0.849002	-0.000000	0.000000	0.000000	0.000000	0.000000	0.000000	0.000000
-0.961288	0.838815	0.849003	0.000000	0.000000	0.000000	0.000000	0.000000	0.000000	0.000000
-0.961288	0.838641	0.849003	-0.000000	0.000000	0.000000	0.000000	0.000000	0.000000	0.000000
-0.961288	0.838830	0.849001	0.000000	0.000000	0.000000	0.000000	0.000000	0.000000	0.000000
-0.961287	0.838653	0.849001	0.000000	0.000000	0.000000	0.000000	0.000000	0.000000	0.000000
-0.961288	0.838692	0.849003	0.000000	0.000000	0.000000	0.000000	0.000000	0.000000	0.000000
-0.961288	0.838352	0.849003	0.000000	0.000000	0.000000	0.000000	0.000000	0.000000	0.000000
-0.961288	0.838568	0.848956	-0.000000	0.000000	0.000000	0.000000	0.000000	0.000000	0.000000
-0.961288	0.838577	0.849003	-0.000000	0.000000	0.000000	0.000000	0.000000	0.000000	0.000000
-0.961288	0.838508	0.849003	0.000000	0.000000	0.000000	0.000000	0.000000	0.000000	0.000000
-0.961288	0.838664	0.848997	0.000000	0.000000	0.000000	0.000000	0.000000	0.000000	0.000000
-0.961288	0.838512	0.849003	0.000000	0.000000	0.000000	0.000000	0.000000	0.000000	0.000000
-0.961288	0.838934	0.849003	0.000000	0.000000	0.000000	0.000000	0.000000	0.000000	0.000000
-0.961288	0.838707	0.849003	0.000000	0.000000	0.000000	0.000000	0.000000	0.000000	0.000000
-0.961288	0.838601	0.848988	0.000000	0.000000	0.000000	0.000000	0.000000	0.000000	0.000000
-0.961288	0.838523	0.849001	-0.000000	0.000000	0.000000	0.000000	0.000000	0.000000	0.000000
-0.961288	0.838673	0.848856	0.000000	0.000000	0.000000	0.000000	0.000000	0.000000	0.000000
-0.961288	0.838487	0.849003	0.000000	0.000000	0.000000	0.000000	0.000000	0.000000	0.000000
-0.961288	0.838407	0.849003	0.000000	0.000000	0.000000	0.000000	0.000000	0.000000	0.000000
-0.961288	0.838779	0.848893	0.000000	0.000000	0.000000	0.000000	0.000000	0.000000	0.000000
-0.961288	0.838615	0.848929	0.000000	0.000000	0.000000	0.000000	0.000000	0.000000	0.000000
-0.961288	0.838653	0.849003	0.000000	0.000000	0.000000	0.000000	0.000000	0.000000	0.000000
-0.961288	0.838440	0.849003	0.000000	0.000000	0.000000	0.000000	0.000000	0.000000	0.000000
-0.961288	0.838451	0.849003	0.000000	0.000000	0.000000	0.000000	0.000000	0.000000	0.000000
-0.961288	0.838677	0.848999	0.000000	0.000000	0.000000	0.000000	0.000000	0.000000	0.000000
-0.961288	0.838705	0.847968	0.000000	0.000000	0.000000	0.000000	0.000000	0.000000	0.000000
-0.961288	0.838953	0.849002	0.000000	0.000000	0.000000	0.000000	0.000000	0.000000	0.000000
-0.961288	0.838641	0.849003	0.000000	0.000000	0.000000	0.000000	0.000000	0.000000	0.000000
-0.961288	0.838948	0.848999	0.000000	0.000000	0.000000	0.000000	0.000000	0.000000	0.000000
-0.961288	0.838716	0.848927	0.000000	0.000000	0.000000	0.000000	0.000000	0.000000	0.000000
-0.961288	0.838582	0.848866	0.000000	0.000000	0.000000	0.000000	0.000000	0.000000	0.000000
-0.961288	0.838580	0.846934	-0.000000	0.000000	0.000000	0.000000	0.000000	0.000000	0.000000
-0.961288	0.838918	0.849003	0.000000	0.000000	0.000000	0.000000	0.000000	0.000000	0.000000
-0.961288	0.838859	0.849003	-0.000000	0.000000	0.000000	0.000000	0.000000	0.000000	0.000000
-0.961288	0.838768	0.848985	0.000000	0.000000	0.000000	0.000000	0.000000	0.000000	0.000000
-0.961288	0.838836	0.849002	-0.000000	0.000000	0.000000	0.000000	0.000000	0.000000	0.000000
-0.961288	0.838668	0.848999	0.000000	0.000000	0.000000	0.000000	0.000000	0.000000	0.000000
-0.961288	0.838811	0.848870	-0.000000	0.000000	0.000000	0.000000	0.000000	0.000000	0.000000
-0.961288	0.838544	0.849001	0.000000	0.000000	0.000000	0.000000	0.000000	0.000000	0.000000
-0.961288	0.838455	0.848998	-0.000000	0.000000	0.000000	0.000000	0.000000	0.000000	0.000000
-0.961288	0.838490	0.848990	0.000000	0.000000	0.000000	0.000000	0.000000	0.000000	0.000000
-0.961288	0.838670	0.849003	-0.000000	0.000000	0.000000	0.000000	0.000000	0.000000	0.000000
-0.961288	0.838900	0.848906	-0.000000	0.000000	0.000000	0.000000	0.000000	0.000000	0.000000
-0.961288	0.838821	0.848992	-0.000000	0.000000	0.000000	0.000000	0.000000	0.000000	0.000000
-0.961288	0.838789	0.848864	-0.000000	0.000000	0.000000	0.000000	0.000000	0.000000	0.000000
-0.961288	0.838601	0.849002	0.000000	0.000000	0.000000	0.000000	0.000000	0.000000	0.000000
-0.961288	0.838776	0.849003	0.000000	0.000000	0.000000	0.000000	0.000000	0.000000	0.000000
-0.961288	0.838637	0.849000	0.000000	0.000000	0.000000	0.000000	0.000000	0.000000	0.000000
-0.961288	0.838855	0.848996	0.000000	0.000000	0.000000	0.000000	0.000000	0.000000	0.000000
-0.961288	0.838624	0.849003	-0.000000	0.000000	0.000000	0.000000	0.000000	0.000000	0.000000
-0.961288	0.838633	0.848227	0.000000	0.000000	0.000000	0.000000	0.000000	0.000000	0.000000
-0.961288	0.838862	0.849002	0.000000	0.000000	0.000000	0.000000	0.000000	0.000000	0.000000
-0.961288	0.838645	0.849003	0.000000	0.000000	0.000000	0.000000	0.000000	0.000000	0.000000
-0.961288	0.838689	0.849003	0.000000	0.000000	0.000000	0.000000	0.000000	0.000000	0.000000
-0.961288	0.838924	0.849003	0.000000	0.000000	0.000000	0.000000	0.000000	0.000000	0.000000
-0.961288	0.838775	0.849003	0.000000	0.000000	0.000000	0.000000	0.000000	0.000000	0.000000
-0.961288	0.838675	0.848998	0.000000	0.000000	0.000000	0.000000	0.000000	0.000000	0.000000
-0.961288	0.838693	0.827603	0.000000	0.000000	0.000000	0.000000	0.000000	0.000000	0.000000
-0.961288	0.838924	0.849003	0.000000	0.000000	0.000000	0.000000	0.000000	0.000000	0.000000
-0.961288	0.838591	0.849002	0.000000	0.000000	0.000000	0.000000	0.000000	0.000000	0.000000
-0.961288	0.838391	0.848980	0.000000	0.000000	0.000000	0.000000	0.000000	0.000000	0.000000
-0.961288	0.838688	0.847959	0.000000	0.000000	0.000000	0.000000	0.000000	0.000000	0.000000
-0.961288	0.838909	0.849002	0.000000	0.000000	0.000000	0.000000	0.000000	0.000000	0.000000
-0.961288	0.838693	0.849003	0.000000	0.000000	0.000000	0.000000	0.000000	0.000000	0.000000
-0.961288	0.838553	0.849002	0.000000	0.000000	0.000000	0.000000	0.000000	0.000000	0.000000
-0.961288	0.838300	0.849003	0.000000	0.000000	0.000000	0.000000	0.000000	0.000000	0.000000
-0.961288	0.838730	0.849003	0.000000	0.000000	0.000000	0.000000	0.000000	0.000000	0.000000
-0.961288	0.839039	0.849000	0.000000	0.000000	0.000000	0.000000	0.000000	0.000000	0.000000
-0.961288	0.838841	0.848977	0.000000	0.000000	0.000000	0.000000	0.000000	0.000000	0.000000
-0.961288	0.838722	0.849003	0.000000	0.000000	0.000000	0.000000	0.000000	0.000000	0.000000
-0.961288	0.838810	0.848613	0.000000	0.000000	0.000000	0.000000	0.000000	0.000000	0.000000
-0.961288	0.838525	0.849000	0.000000	0.000000	0.000000	0.000000	0.000000	0.000000	0.000000
-0.961288	0.838407	0.848992	-0.000000	0.000000	0.000000	0.000000	0.000000	0.000000	0.000000
-0.961288	0.838431	0.848995	0.000000	0.000000	0.000000	0.000000	0.000000	0.000000	0.000000
-0.961288	0.838811	0.849003	0.000000	0.000000	0.000000	0.000000	0.000000	0.000000	0.000000
-0.961288	0.838519	0.848955	0.000000	0.000000	0.000000	0.000000	0.000000	0.000000	0.000000
-0.961288	0.838752	0.849003	0.000000	0.000000	0.000000	0.000000	0.000000	0.000000	0.000000
-0.961288	0.838601	0.848957	-0.000000	0.000000	0.000000	0.000000	0.000000	0.000000	0.000000
-0.961288	0.838531	0.848999	-0.000000	0.000000	0.000000	0.000000	0.000000	0.000000	0.000000
-0.961288	0.838843	0.848994	-0.000000	0.000000	0.000000	0.000000	0.000000	0.000000	0.000000
-0.961288	0.838603	0.849001	0.000000	0.000000	0.000000	0.000000	0.000000	0.000000	0.000000
-0.961288	0.838857	0.849003	0.000000	0.000000	0.000000	0.000000	0.000000	0.000000	0.000000
-0.961288	0.838564	0.848993	-0.000000	0.000000	0.000000	0.000000	0.000000	0.000000	0.000000
-0.961288	0.838480	0.848934	-0.000000	0.000000	0.000000	0.000000	0.000000	0.000000	0.000000
-0.961288	0.838710	0.849002	0.000000	0.000000	0.000000	0.000000	0.000000	0.000000	0.000000
-0.961288	0.838031	0.847734	-0.000000	0.000000	0.000000	0.000000	0.000000	0.000000	0.000000
-0.961288	0.838775	0.848997	0.000000	0.000000	0.000000	0.000000	0.000000	0.000000	0.000000
-0.961288	0.838913	0.849002	-0.000000	0.000000	0.000000	0.000000	0.000000	0.000000	0.000000
-0.961288	0.838720	0.849002	0.000000	0.000000	0.000000	0.000000	0.000000	0.000000	0.000000
-0.961288	0.838536	0.848999	0.000000	0.000000	0.000000	0.000000	0.000000	0.000000	0.000000
-0.961288	0.838822	0.849001	0.000000	0.000000	0.000000	0.000000	0.000000	0.000000	0.000000
-0.961288	0.838704	0.842432	-0.000000	0.000000	0.000000	0.000000	0.000000	0.000000	0.000000
-0.961288	0.574088	-0.000013	-0.000001	0.000000	0.000000	0.000000	0.000000	0.000000	0.000000
-0.961288	0.838027	-0.793784	-0.887471	0.000000	0.000000	0.000000	0.000000	0.000000	0.000000
-0.961288	0.838992	-0.793754	-0.887471	0.000000	0.000000	0.000000	0.000000	0.000000	0.000000
-0.961288	0.838355	-0.793861	-0.887472	0.000000	0.000000	0.000000	0.000000	0.000000	0.000000
-0.961288	0.838460	-0.793843	-0.887460	0.000000	0.000000	0.000000	0.000000	0.000000	0.000000
-0.961288	0.838855	-0.793861	-0.887472	0.000000	0.000000	0.000000	0.000000	0.000000	0.000000
-0.961288	0.838798	-0.793861	-0.887471	0.000000	0.000000	0.000000	0.000000	0.000000	0.000000
-0.961288	0.838800	-0.793861	-0.887471	0.000000	0.000000	0.000000	0.000000	0.000000	0.000000
-0.961288	0.838811	-0.778401	-0.887471	0.000000	0.000000	0.000000	0.000000	0.000000	0.000000
-0.961288	0.838340	-0.793859	-0.887468	0.000000	0.000000	0.000000	0.000000	0.000000	0.000000
-0.961288	0.838761	-0.793661	-0.887471	0.000000	0.000000	0.000000	0.000000	0.000000	0.000000
-0.961288	0.838740	-0.793860	-0.887472	0.000000	0.000000	0.000000	0.000000	0.000000	0.000000
-0.961288	0.838463	-0.793852	-0.887472	0.000000	0.000000	0.000000	0.000000	0.000000	0.000000
-0.961288	0.838368	-0.793861	-0.887471	0.000000	0.000000	0.000000	0.000000	0.000000	0.000000
-0.961288	0.838724	-0.793859	-0.887472	0.000000	0.000000	0.000000	0.000000	0.000000	0.000000
-0.961288	0.838906	-0.793861	-0.887471	0.000000	0.000000	0.000000	0.000000	0.000000	0.000000
-0.961288	0.838491	-0.793854	-0.887471	0.000000	0.000000	0.000000	0.000000	0.000000	0.000000
-0.961288	0.838666	-0.793860	-0.887471	0.000000	0.000000	0.000000	0.000000	0.000000	0.000000
-0.961288	0.838641	-0.793861	-0.887472	0.000000	0.000000	0.000000	0.000000	0.000000	0.000000
-0.961288	0.809327	-0.793856	-0.887472	0.000000	0.000000	0.000000	0.000000	0.000000	0.000000
-0.961288	0.838342	-0.793396	-0.887472	0.000000	0.000000	0.000000	0.000000	0.000000	0.000000
-0.961288	0.838725	-0.793861	-0.887472	0.000000	0.000000	0.000000	0.000000	0.000000	0.000000
-0.961288	0.838689	-0.793861	-0.887472	0.000000	0.000000	0.000000	0.000000	0.000000	0.000000
-0.961288	0.838743	-0.793848	-0.887381	0.000000	0.000000	0.000000	0.000000	0.000000	0.000000
-0.961288	0.838577	-0.793861	-0.887472	0.000000	0.000000	0.000000	0.000000	0.000000	0.000000
-0.961288	0.838499	-0.793858	-0.887472	0.000000	0.000000	0.000000	0.000000	0.000000	0.000000
-0.961288	0.838655	-0.793841	-0.887472	0.000000	0.000000	0.000000	0.000000	0.000000	0.000000
-0.961288	0.838480	-0.793861	-0.887470	0.000000	0.000000	0.000000	0.000000	0.000000	0.000000
-0.961288	0.838736	-0.793860	-0.887468	0.000000	0.000000	0.000000	0.000000	0.000000	0.000000
-0.961288	0.838720	-0.793827	-0.887470	0.000000	0.000000	0.000000	0.000000	0.000000	0.000000
-0.961288	0.838170	-0.793855	-0.887472	0.000000	0.000000	0.000000	0.000000	0.000000	0.000000
-0.961287	0.838448	-0.793817	-0.887472	0.000000	0.000000	0.000000	0.000000	0.000000	0.000000
-0.961288	0.838589	-0.793857	-0.887469	0.000000	0.000000	0.000000	0.000000	0.000000	0.000000
-0.961288	0.838977	-0.793771	-0.887472	0.000000	0.000000	0.000000	0.000000	0.000000	0.000000
-0.961288	0.838358	-0.793013	-0.887472	0.000000	0.000000	0.000000	0.000000	0.000000	0.000000
-0.961288	0.838599	-0.793858	-0.887472	0.000000	0.000000	0.000000	0.000000	0.000000	0.000000
-0.961288	0.838643	-0.793859	-0.887471	0.000000	0.000000	0.000000	0.000000	0.000000	0.000000
-0.961288	0.838562	-0.793591	-0.887472	0.000000	0.000000	0.000000	0.000000	0.000000	0.000000
-0.961288	0.838397	-0.793861	-0.887472	0.000000	0.000000	0.000000	0.000000	0.000000	0.000000
-0.961288	0.838531	-0.777593	-0.887471	0.000000	0.000000	0.000000	0.000000	0.000000	0.000000
-0.961288	0.838925	-0.793859	-0.887471	0.000000	0.000000	0.000000	0.000000	0.000000	0.000000
-0.961288	0.838828	-0.789938	-0.887471	0.000000	0.000000	0.000000	0.000000	0.000000	0.000000
-0.961288	0.838780	-0.793719	-0.887471	0.000000	0.000000	0.000000	0.000000	0.000000	0.000000
-0.961288	0.838634	-0.793860	-0.887471	0.000000	0.000000	0.000000	0.000000	0.000000	0.000000
-0.961288	0.838388	-0.793859	-0.887472	0.000000	0.000000	0.000000	0.000000	0.000000	0.000000
-0.961288	0.838571	-0.793733	-0.887471	0.000000	0.000000	0.000000	0.000000	0.000000	0.000000
-0.961288	0.838716	-0.793861	-0.887472	0.000000	0.000000	0.000000	0.000000	0.000000	0.000000
-0.961288	0.838584	-0.793859	-0.887471	0.000000	0.000000	0.000000	0.000000	0.000000	0.000000
-0.961288	0.838920	-0.793642	-0.886703	0.000000	0.000000	0.000000	0.000000	0.000000	0.000000
-0.961288	0.838929	-0.793833	-0.886309	0.000000	0.000000	0.000000	0.000000	0.000000	0.000000
-0.961288	0.839038	-0.793828	-0.887471	0.000000	0.000000	0.000000	0.000000	0.000000	0.000000
-0.961288	0.838663	-0.793802	-0.887471	0.000000	0.000000	0.000000	0.000000	0.000000	0.000000
-0.961288	0.838564	-0.793860	-0.887471	0.000000	0.000000	0.000000	0.000000	0.000000	0.000000
-0.961288	0.838707	-0.793020	-0.887472	0.000000	0.000000	0.000000	0.000000	0.000000	0.000000
-0.961288	0.838744	-0.793842	-0.887059	0.000000	0.000000	0.000000	0.000000	0.000000	0.000000
-0.961288	0.838325	-0.793861	-0.887471	0.000000	0.000000	0.000000	0.000000	0.000000	0.000000
-0.961288	0.838578	-0.793861	-0.887468	0.000000	0.000000	0.000000	0.000000	0.000000	0.000000
-0.961288	0.838308	-0.793860	-0.887472	0.000000	0.000000	0.000000	0.000000	0.000000	0.000000
-0.961288	0.838841	-0.787692	-0.887472	0.000000	0.000000	0.000000	0.000000	0.000000	0.000000
-0.961288	0.838627	-0.793851	-0.887471	0.000000	0.000000	0.000000	0.000000	0.000000	0.000000
-0.961288	0.838648	-0.793696	-0.887472	0.000000	0.000000	0.000000	0.000000	0.000000	0.000000
-0.961288	0.838549	-0.766023	-0.887471	0.000000	0.000000	0.000000	0.000000	0.000000	0.000000
-0.961288	0.838590	-0.793860	-0.887450	0.000000	0.000000	0.000000	0.000000	0.000000	0.000000
-0.961288	0.838462	-0.793861	-0.887471	0.000000	0.000000	0.000000	0.000000	0.000000	0.000000
-0.961288	0.838655	-0.275373	-0.887471	0.000000	0.000000	0.000000	0.000000	0.000000	0.000000
-0.961288	0.838238	-0.793852	-0.887471	0.000000	0.000000	0.000000	0.000000	0.000000	0.000000
-0.961288	0.838709	-0.793859	-0.887462	0.000000	0.000000	0.000000	0.000000	0.000000	0.000000
-0.961288	0.838393	-0.793860	-0.887471	0.000000	0.000000	0.000000	0.000000	0.000000	0.000000
-0.961288	0.838454	-0.793861	-0.887472	0.000000	0.000000	0.000000	0.000000	0.000000	0.000000
-0.961288	0.838560	-0.793860	-0.887471	0.000000	0.000000	0.000000	0.000000	0.000000	0.000000
-0.961288	0.838578	-0.793857	-0.887471	0.000000	0.000000	0.000000	0.000000	0.000000	0.000000
-0.961288	0.838605	-0.791647	-0.887472	0.000000	0.000000	0.000000	0.000000	0.000000	0.000000
-0.961288	0.838537	-0.792546	-0.887471	0.000000	0.000000	0.000000	0.000000	0.000000	0.000000
-0.961287	0.838768	-0.793502	-0.887463	0.000000	0.000000	0.000000	0.000000	0.000000	0.000000
-0.961288	0.838681	-0.789206	-0.887410	0.000000	0.000000	0.000000	0.000000	0.000000	0.000000
-0.961288	0.838582	-0.793860	-0.887472	0.000000	0.000000	0.000000	0.000000	0.000000	0.000000
-0.961288	0.838757	-0.793830	-0.887471	0.000000	0.000000	0.000000	0.000000	0.000000	0.000000
-0.961288	0.838716	-0.793860	-0.887468	0.000000	0.000000	0.000000	0.000000	0.000000	0.000000
-0.961288	0.838556	-0.793697	-0.887466	0.000000	0.000000	0.000000	0.000000	0.000000	0.000000
-0.961288	0.838425	-0.793861	-0.887472	0.000000	0.000000	0.000000	0.000000	0.000000	0.000000
-0.961288	0.838731	-0.793861	-0.887466	0.000000	0.000000	0.000000	0.000000	0.000000	0.000000
-0.961288	0.838646	-0.793860	-0.887471	0.000000	0.000000	0.000000	0.000000	0.000000	0.000000
-0.961288	0.838637	-0.785834	-0.887471	0.000000	0.000000	0.000000	0.000000	0.000000	0.000000
-0.961288	0.838510	-0.793857	-0.887458	0.000000	0.000000	0.000000	0.000000	0.000000	0.000000
-0.961287	0.838503	-0.793861	-0.887472	0.000000	0.000000	0.000000	0.000000	0.000000	0.000000
-0.961288	0.839032	-0.777934	-0.887410	0.000000	0.000000	0.000000	0.000000	0.000000	0.000000
-0.961288	0.838622	-0.793811	-0.887455	0.000000	0.000000	0.000000	0.000000	0.000000	0.000000
-0.961288	0.838573	-0.793860	-0.887471	0.000000	0.000000	0.000000	0.000000	0.000000	0.000000
-0.961288	0.838546	-0.793860	-0.887471	0.000000	0.000000	0.000000	0.000000	0.000000	0.000000
-0.961288	0.838785	-0.793002	-0.887471	0.000000	0.000000	0.000000	0.000000	0.000000	0.000000
-0.961288	0.838688	-0.793861	-0.887472	0.000000	0.000000	0.000000	0.000000	0.000000	0.000000
-0.961288	0.838874	-0.793721	-0.887471	0.000000	0.000000	0.000000	0.000000	0.000000	0.000000
-0.961288	0.838602	-0.793858	-0.887471	0.000000	0.000000	0.000000	0.000000	0.000000	0.000000
-0.961288	0.838553	-0.793860	-0.887472	0.000000	0.000000	0.000000	0.000000	0.000000	0.000000
-0.961288	0.838441	-0.793860	-0.887472	0.000000	0.000000	0.000000	0.000000	0.000000	0.000000
-0.961288	0.838477	-0.793861	-0.887467	0.000000	0.000000	0.000000	0.000000	0.000000	0.000000
-0.961288	0.838843	-0.793861	-0.887471	0.000000	0.000000	0.000000	0.000000	0.000000	0.000000
-0.961288	0.838317	-0.793860	-0.887472	0.000000	0.000000	0.000000	0.000000	0.000000	0.000000
-0.961288	0.838651	-0.793500	-0.886684	0.000000	0.000000	0.000000	0.000000	0.000000	0.000000
-0.961288	0.838797	-0.793560	-0.887471	0.000000	0.000000	0.000000	0.000000	0.000000	0.000000
-0.961288	0.838816	-0.784007	-0.887471	0.000000	0.000000	0.000000	0.000000	0.000000	0.000000
-0.961288	0.838462	-0.793821	-0.887456	0.000000	0.000000	0.000000	0.000000	0.000000	0.000000
-0.961288	0.838676	-0.793858	-0.887471	0.000000	0.000000	0.000000	0.000000	0.000000	0.000000
-0.961288	0.838524	-0.793420	-0.887471	0.000000	0.000000	0.000000	0.000000	0.000000	0.000000
-0.961288	0.838682	-0.793768	-0.887472	0.000000	0.000000	0.000000	0.000000	0.000000	0.000000
-0.961288	0.838691	-0.793861	-0.887472	0.000000	0.000000	0.000000	0.000000	0.000000	0.000000
-0.961288	0.838684	-0.793858	-0.887471	0.000000	0.000000	0.000000	0.000000	0.000000	0.000000
-0.961288	0.838846	-0.793860	-0.887467	0.000000	0.000000	0.000000	0.000000	0.000000	0.000000
-0.961288	0.838611	-0.793857	-0.887471	0.000000	0.000000	0.000000	0.000000	0.000000	0.000000
-0.961288	0.838509	-0.793859	-0.887471	0.000000	0.000000	0.000000	0.000000	0.000000	0.000000
-0.961288	0.838597	-0.793699	-0.887470	0.000000	0.000000	0.000000	0.000000	0.000000	0.000000
-0.961288	0.838708	-0.793786	-0.873417	0.000000	0.000000	0.000000	0.000000	0.000000	0.000000
-0.961288	0.838835	-0.793859	-0.887471	0.000000	0.000000	0.000000	0.000000	0.000000	0.000000
-0.961288	0.838819	-0.793860	-0.887470	0.000000	0.000000	0.000000	0.000000	0.000000	0.000000
-0.961288	0.838408	-0.793861	-0.887471	0.000000	0.000000	0.000000	0.000000	0.000000	0.000000
-0.961288	0.838847	-0.793860	-0.887450	0.000000	0.000000	0.000000	0.000000	0.000000	0.000000
-0.961288	0.838508	-0.793836	-0.887471	0.000000	0.000000	0.000000	0.000000	0.000000	0.000000
-0.961288	0.838871	-0.787986	-0.887471	0.000000	0.000000	0.000000	0.000000	0.000000	0.000000
-0.961288	0.838314	-0.793829	-0.887471	0.000000	0.000000	0.000000	0.000000	0.000000	0.000000
-0.961288	0.838617	-0.793860	-0.887471	0.000000	0.000000	0.000000	0.000000	0.000000	0.000000
-0.961288	0.838633	-0.793707	-0.887471	0.000000	0.000000	0.000000	0.000000	0.000000	0.000000
-0.961288	0.838803	-0.793832	-0.887472	0.000000	0.000000	0.000000	0.000000	0.000000	0.000000
-0.961288	0.838689	-0.793861	-0.887450	0.000000	0.000000	0.000000	0.000000	0.000000	0.000000
-0.961288	0.838793	-0.793860	-0.887471	0.000000	0.000000	0.000000	0.000000	0.000000	0.000000
-0.961288	0.838477	-0.793007	-0.887471	0.000000	0.000000	0.000000	0.000000	0.000000	0.000000
-0.961288	0.838848	-0.792471	-0.887472	0.000000	0.000000	0.000000	0.000000	0.000000	0.000000
-0.961288	0.838874	-0.793860	-0.887472	0.000000	0.000000	0.000000	0.000000	0.000000	0.000000
-0.961288	0.838870	-0.793859	-0.887462	0.000000	0.000000	0.000000	0.000000	0.000000	0.000000
-0.961288	0.838824	-0.793840	-0.887167	0.000000	0.000000	0.000000	0.000000	0.000000	0.000000
-0.961288	0.838834	-0.793859	-0.887440	0.000000	0.000000	0.000000	0.000000	0.000000	0.000000
-0.961288	0.838570	-0.793861	-0.887471	0.000000	0.000000	0.000000	0.000000	0.000000	0.000000
-0.961288	0.838796	-0.793640	-0.887472	0.000000	0.000000	0.000000	0.000000	0.000000	0.000000
-0.961288	0.838709	-0.793814	-0.887471	0.000000	0.000000	0.000000	0.000000	0.000000	0.000000
-0.961288	0.838945	-0.793861	-0.887471	0.000000	0.000000	0.000000	0.000000	0.000000	0.000000
-0.961288	0.838652	-0.793861	-0.887472	0.000000	0.000000	0.000000	0.000000	0.000000	0.000000
-0.961288	0.838800	-0.792495	-0.884303	0.000000	0.000000	0.000000	0.000000	0.000000	0.000000
-0.961288	0.838575	-0.793770	-0.887472	0.000000	0.000000	0.000000	0.000000	0.000000	0.000000
-0.961288	0.838861	-0.793861	-0.887471	0.000000	0.000000	0.000000	0.000000	0.000000	0.000000
-0.961288	0.838661	-0.793861	-0.887471	0.000000	0.000000	0.000000	0.000000	0.000000	0.000000
-0.961288	0.838453	-0.790930	-0.884029	0.000000	0.000000	0.000000	0.000000	0.000000	0.000000
-0.961288	0.838750	-0.793686	-0.887472	0.000000	0.000000	0.000000	0.000000	0.000000	0.000000
-0.961288	0.838842	-0.793846	-0.887472	0.000000	0.000000	0.000000	0.000000	0.000000	0.000000
-0.961288	0.838642	-0.793753	-0.887471	0.000000	0.000000	0.000000	0.000000	0.000000	0.000000
-0.961288	0.838951	-0.793860	-0.887472	0.000000	0.000000	0.000000	0.000000	0.000000	0.000000
-0.961288	0.838417	-0.793844	-0.887471	0.000000	0.000000	0.000000	0.000000	0.000000	0.000000
-0.961288	0.838813	-0.793655	-0.887471	0.000000	0.000000	0.000000	0.000000	0.000000	0.000000
-0.961288	0.838660	-0.793858	-0.887472	0.000000	0.000000	0.000000	0.000000	0.000000	0.000000
-0.961287	0.838347	-0.793832	-0.887471	0.000000	0.000000	0.000000	0.000000	0.000000	0.000000
-0.961288	0.838659	-0.784603	-0.887471	0.000000	0.000000	0.000000	0.000000	0.000000	0.000000
-0.961288	0.838871	-0.793859	-0.887472	0.000000	0.000000	0.000000	0.000000	0.000000	0.000000
-0.961288	0.838556	-0.793861	-0.887472	0.000000	0.000000	0.000000	0.000000	0.000000	0.000000
-0.961288	0.838600	-0.793858	-0.887471	0.000000	0.000000	0.000000	0.000000	0.000000	0.000000
-0.961288	0.838644	-0.793567	-0.887471	0.000000	0.000000	0.000000	0.000000	0.000000	0.000000
-0.961288	0.838482	-0.793861	-0.887472	0.000000	0.000000	0.000000	0.000000	0.000000	0.000000
-0.961288	0.838412	-0.793858	-0.887471	0.000000	0.000000	0.000000	0.000000	0.000000	0.000000
-0.961288	0.838846	-0.793861	-0.887471	0.000000	0.000000	0.000000	0.000000	0.000000	0.000000
-0.961288	0.838656	-0.793861	-0.887472	0.000000	0.000000	0.000000	0.000000	0.000000	0.000000
-0.961288	0.838613	-0.793859	-0.887471	0.000000	0.000000	0.000000	0.000000	0.000000	0.000000
-0.961288	0.838734	-0.793080	-0.887471	0.000000	0.000000	0.000000	0.000000	0.000000	0.000000
-0.961288	0.838675	-0.793856	-0.887471	0.000000	0.000000	0.000000	0.000000	0.000000	0.000000
-0.961288	0.838649	-0.793860	-0.887467	0.000000	0.000000	0.000000	0.000000	0.000000	0.000000
-0.961288	0.838494	-0.793776	-0.887471	0.000000	0.000000	0.000000	0.000000	0.000000	0.000000
-0.961288	0.838770	-0.793818	-0.887472	0.000000	0.000000	0.000000	0.000000	0.000000	0.000000
-0.961288	0.838533	-0.793790	-0.887472	0.000000	0.000000	0.000000	0.000000	0.000000	0.000000
-0.961288	0.838720	-0.793838	-0.887471	0.000000	0.000000	0.000000	0.000000	0.000000	0.000000
-0.961288	0.838768	-0.793738	-0.887471	0.000000	0.000000	0.000000	0.000000	0.000000	0.000000
-0.961288	0.838462	-0.793837	-0.887472	0.000000	0.000000	0.000000	0.000000	0.000000	0.000000
-0.961288	0.838598	-0.793860	-0.887472	0.000000	0.000000	0.000000	0.000000	0.000000	0.000000
-0.961288	0.838868	-0.793861	-0.887472	0.000000	0.000000	0.000000	0.000000	0.000000	0.000000
-0.961288	0.838761	-0.629885	-0.875837	0.000000	0.000000	0.000000	0.000000	0.000000	0.000000
-0.961288	0.838401	-0.793861	-0.887471	0.000000	0.000000	0.000000	0.000000	0.000000	0.000000
-0.961288	0.838704	-0.793861	-0.887472	0.000000	0.000000	0.000000	0.000000	0.000000	0.000000
-0.961288	0.838437	-0.793861	-0.887472	0.000000	0.000000	0.000000	0.000000	0.000000	0.000000
-0.961288	0.838590	-0.793803	-0.887471	0.000000	0.000000	0.000000	0.000000	0.000000	0.000000
-0.961288	0.838610	-0.793861	-0.887471	0.000000	0.000000	0.000000	0.000000	0.000000	0.000000
-0.961288	0.838500	-0.793857	-0.887471	0.000000	0.000000	0.000000	0.000000	0.000000	0.000000
-0.961288	0.838827	-0.793710	-0.887469	0.000000	0.000000	0.000000	0.000000	0.000000	0.000000
-0.961288	0.838692	-0.793860	-0.887471	0.000000	0.000000	0.000000	0.000000	0.000000	0.000000
-0.961288	0.838444	-0.793855	-0.887471	0.000000	0.000000	0.000000	0.000000	0.000000	0.000000
-0.961288	0.838583	-0.793807	-0.887471	0.000000	0.000000	0.000000	0.000000	0.000000	0.000000
-0.961288	0.838518	-0.793709	-0.887471	0.000000	0.000000	0.000000	0.000000	0.000000	0.000000
-0.961288	0.838419	-0.793770	-0.887471	0.000000	0.000000	0.000000	0.000000	0.000000	0.000000
-0.961288	0.838802	-0.793594	-0.887471	0.000000	0.000000	0.000000	0.000000	0.000000	0.000000
-0.961288	0.838510	-0.793312	-0.887471	0.000000	0.000000	0.000000	0.000000	0.000000	0.000000
-0.961288	0.838479	-0.793664	-0.887472	0.000000	0.000000	0.000000	0.000000	0.000000	0.000000
-0.961288	0.838832	-0.793856	-0.887350	0.000000	0.000000	0.000000	0.000000	0.000000	0.000000
-0.961288	0.838780	-0.793857	-0.887472	0.000000	0.000000	0.000000	0.000000	0.000000	0.000000
-0.961288	0.838786	-0.793861	-0.887460	0.000000	0.000000	0.000000	0.000000	0.000000	0.000000
-0.961288	0.838514	-0.793861	-0.887472	0.000000	0.000000	0.000000	0.000000	0.000000	0.000000
-0.961288	0.838842	-0.793850	-0.887471	0.000000	0.000000	0.000000	0.000000	0.000000	0.000000
-0.961288	0.838520	-0.793854	-0.887471	0.000000	0.000000	0.000000	0.000000	0.000000	0.000000
-0.961288	0.838750	-0.793828	-0.887471	0.000000	0.000000	0.000000	0.000000	0.000000	0.000000
-0.961288	0.838841	-0.793840	-0.887471	0.000000	0.000000	0.000000	0.000000	0.000000	0.000000
-0.961288	0.838558	-0.793861	-0.887472	0.000000	0.000000	0.000000	0.000000	0.000000	0.000000
-0.961288	0.838624	-0.793779	-0.887471	0.000000	0.000000	0.000000	0.000000	0.000000	0.000000
-0.961288	0.838466	-0.793861	-0.887472	0.000000	0.000000	0.000000	0.000000	0.000000	0.000000
-0.961288	0.838791	-0.792996	-0.887471	0.000000	0.000000	0.000000	0.000000	0.000000	0.000000
-0.961288	0.838713	-0.793831	-0.887471	0.000000	0.000000	0.000000	0.000000	0.000000	0.000000
-0.961288	0.838528	-0.793765	-0.887466	0.000000	0.000000	0.000000	0.000000	0.000000	0.000000
-0.961288	0.838649	-0.793790	-0.887471	0.000000	0.000000	0.000000	0.000000	0.000000	0.000000
-0.961288	0.838808	-0.793855	-0.887471	0.000000	0.000000	0.000000	0.000000	0.000000	0.000000
-0.961288	0.838735	-0.793859	-0.887471	0.000000	0.000000	0.000000	0.000000	0.000000	0.000000
-0.961288	0.838455	-0.793861	-0.887471	0.000000	0.000000	0.000000	0.000000	0.000000	0.000000
-0.961288	0.838852	-0.793861	-0.887471	0.000000	0.000000	0.000000	0.000000	0.000000	0.000000
-0.961288	0.838754	-0.793860	-0.887471	0.000000	0.000000	0.000000	0.000000	0.000000	0.000000
-0.961288	0.838805	-0.793860	-0.887470	0.000000	0.000000	0.000000	0.000000	0.000000	0.000000
-0.961288	0.838817	-0.793619	-0.887472	0.000000	0.000000	0.000000	0.000000	0.000000	0.000000
-0.961288	0.838665	-0.793860	-0.887364	0.000000	0.000000	0.000000	0.000000	0.000000	0.000000
-0.961288	0.838724	-0.792985	-0.887471	0.000000	0.000000	0.000000	0.000000	0.000000	0.000000
-0.961288	0.838706	-0.793849	-0.887471	0.000000	0.000000	0.000000	0.000000	0.000000	0.000000
-0.961288	0.839039	-0.793848	-0.887435	0.000000	0.000000	0.000000	0.000000	0.000000	0.000000
-0.961288	0.838668	-0.793860	-0.887472	0.000000	0.000000	0.000000	0.000000	0.000000	0.000000
-0.961288	0.838518	-0.793762	-0.887471	0.000000	0.000000	0.000000	0.000000	0.000000	0.000000
-0.961288	0.838939	-0.793860	-0.887470	0.000000	0.000000	0.000000	0.000000	0.000000	0.000000
-0.961288	0.838633	-0.793860	-0.887471	0.000000	0.000000	0.000000	0.000000	0.000000	0.000000
-0.961288	0.838636	-0.793861	-0.887472	0.000000	0.000000	0.000000	0.000000	0.000000	0.000000
-0.961288	0.838533	-0.793684	-0.887467	0.000000	0.000000	0.000000	0.000000	0.000000	0.000000
-0.961288	0.838898	-0.793859	-0.887050	0.000000	0.000000	0.000000	0.000000	0.000000	0.000000
-0.961288	0.838666	-0.793857	-0.887471	0.000000	0.000000	0.000000	0.000000	0.000000	0.000000
-0.961288	0.838697	-0.793846	-0.887471	0.000000	0.000000	0.000000	0.000000	0.000000	0.000000
-0.961288	0.838754	-0.791361	-0.887472	0.000000	0.000000	0.000000	0.000000	0.000000	0.000000
-0.961288	0.838857	-0.793860	-0.887471	0.000000	0.000000	0.000000	0.000000	0.000000	0.000000
-0.961288	0.838718	-0.793846	-0.887455	0.000000	0.000000	0.000000	0.000000	0.000000	0.000000
-0.961288	0.838819	-0.793775	-0.887471	0.000000	0.000000	0.000000	0.000000	0.000000	0.000000
-0.961288	0.838859	-0.783251	-0.887248	0.000000	0.000000	0.000000	0.000000	0.000000	0.000000
-0.961288	0.838807	-0.793860	-0.887471	0.000000	0.000000	0.000000	0.000000	0.000000	0.000000
-0.961288	0.838678	-0.793861	-0.887472	0.000000	0.000000	0.000000	0.000000	0.000000	0.000000
-0.961288	0.838796	-0.793840	-0.887472	0.000000	0.000000	0.000000	0.000000	0.000000	0.000000
-0.961288	0.838510	-0.792999	-0.887472	0.000000	0.000000	0.000000	0.000000	0.000000	0.000000
-0.961288	0.838706	-0.793859	-0.887471	0.000000	0.000000	0.000000	0.000000	0.000000	0.000000
-0.961288	0.838821	-0.793826	-0.887417	0.000000	0.000000	0.000000	0.000000	0.000000	0.000000
-0.961288	0.838761	-0.793846	-0.887471	0.000000	0.000000	0.000000	0.000000	0.000000	0.000000
-0.961288	0.838466	-0.793842	-0.887471	0.000000	0.000000	0.000000	0.000000	0.000000	0.000000
-0.961288	0.838552	-0.793860	-0.887472	0.000000	0.000000	0.000000	0.000000	0.000000	0.000000
-0.961288	0.838450	-0.793861	-0.887472	0.000000	0.000000	0.000000	0.000000	0.000000	0.000000
-0.961288	0.838507	-0.793859	-0.887471	0.000000	0.000000	0.000000	0.000000	0.000000	0.000000
-0.961288	0.838671	-0.793861	-0.887472	0.000000	0.000000	0.000000	0.000000	0.000000	0.000000
-0.961288	0.838641	-0.777502	-0.887471	0.000000	0.000000	0.000000	0.000000	0.000000	0.000000
-0.961288	0.838754	-0.793843	-0.887470	0.000000	0.000000	0.000000	0.000000	0.000000	0.000000
-0.961288	0.838482	-0.788302	-0.755107	0.000000	0.000000	0.000000	0.000000	0.000000	0.000000
-0.961288	0.838515	-0.793860	-0.887472	0.000000	0.000000	0.000000	0.000000	0.000000	0.000000
-0.961288	0.838549	-0.793861	-0.887471	0.000000	0.000000	0.000000	0.000000	0.000000	0.000000
-0.961288	0.838608	-0.793486	-0.887466	0.000000	0.000000	0.000000	0.000000	0.000000	0.000000
-0.961288	0.838916	-0.793861	-0.887472	0.000000	0.000000	0.000000	0.000000	0.000000	0.000000
-0.961288	0.838515	-0.793861	-0.887472	0.000000	0.000000	0.000000	0.000000	0.000000	0.000000
-0.961288	0.838519	-0.793856	-0.887471	0.000000	0.000000	0.000000	0.000000	0.000000	0.000000
-0.961288	0.838685	-0.791979	-0.887471	0.000000	0.000000	0.000000	0.000000	0.000000	0.000000
-0.961288	0.838394	-0.793860	-0.887471	0.000000	0.000000	0.000000	0.000000	0.000000	0.000000
-0.961288	0.838728	-0.793857	-0.887471	0.000000	0.000000	0.000000	0.000000	0.000000	0.000000
-0.961288	0.838569	-0.793861	-0.887472	0.000000	0.000000	0.000000	0.000000	0.000000	0.000000
