0.919538	0.821721	0.790564	0.000000	0.000000	0.000000	0.000000	0.000000	0.000000	0.000000
0.919672	0.822496	0.790564	0.000000	0.000000	0.000000	0.000000	0.000000	0.000000	0.000000
0.919309	0.822130	0.790564	0.000000	0.000000	0.000000	0.000000	0.000000	0.000000	0.000000
0.919251	0.821770	0.790564	-0.000000	0.000000	0.000000	0.000000	0.000000	0.000000	0.000000
0.919424	0.822225	0.790037	-0.000000	0.000000	0.000000	0.000000	0.000000	0.000000	0.000000
0.919159	0.821726	0.790564	-0.000000	0.000000	0.000000	0.000000	0.000000	0.000000	0.000000
0.919255	0.822181	0.790508	-0.000000	0.000000	0.000000	0.000000	0.000000	0.000000	0.000000
0.919104	0.821868	0.781632	-0.000000	0.000000	0.000000	0.000000	0.000000	0.000000	0.000000
0.919515	0.822249	0.790564	-0.000000	0.000000	0.000000	0.000000	0.000000	0.000000	0.000000
0.919139	0.822514	0.790564	-0.000001	0.000000	0.000000	0.000000	0.000000	0.000000	0.000000
0.918964	0.822223	0.790562	-0.000000	0.000000	0.000000	0.000000	0.000000	0.000000	0.000000
0.919067	0.822162	0.790564	-0.000000	0.000000	0.000000	0.000000	0.000000	0.000000	0.000000
0.919392	0.822465	0.790564	-0.000000	0.000000	0.000000	0.000000	0.000000	0.000000	0.000000
0.918588	0.822319	0.790563	0.000015	0.000000	0.000000	0.000000	0.000000	0.000000	0.000000
0.919521	0.822105	0.790558	0.000000	0.000000	0.000000	0.000000	0.000000	0.000000	0.000000
0.919564	0.822233	0.790249	0.000000	0.000000	0.000000	0.000000	0.000000	0.000000	0.000000
0.919207	0.822277	0.790564	-0.000000	0.000000	0.000000	0.000000	0.000000	0.000000	0.000000
0.919400	0.821825	0.790564	0.000000	0.000000	0.000000	0.000000	0.000000	0.000000	0.000000
0.919205	0.822125	0.790563	-0.000000	0.000000	0.000000	0.000000	0.000000	0.000000	0.000000
0.919117	0.821860	0.790562	-0.006184	0.000000	0.000000	0.000000	0.000000	0.000000	0.000000
0.919194	0.821044	0.790564	-0.000000	0.000000	0.000000	0.000000	0.000000	0.000000	0.000000
0.919429	0.822377	0.790563	-0.000000	0.000000	0.000000	0.000000	0.000000	0.000000	0.000000
0.919257	0.821831	0.790563	-0.000001	0.000000	0.000000	0.000000	0.000000	0.000000	0.000000
0.919254	0.821355	0.790564	-0.000000	0.000000	0.000000	0.000000	0.000000	0.000000	0.000000
0.919367	0.822141	0.790563	-0.000000	0.000000	0.000000	0.000000	0.000000	0.000000	0.000000
0.919475	0.821751	0.790563	-0.000000	0.000000	0.000000	0.000000	0.000000	0.000000	0.000000
0.919185	0.821928	0.790564	0.000000	0.000000	0.000000	0.000000	0.000000	0.000000	0.000000
0.919279	0.822414	0.790562	-0.000001	0.000000	0.000000	0.000000	0.000000	0.000000	0.000000
0.919324	0.821859	0.790564	0.000000	0.000000	0.000000	0.000000	0.000000	0.000000	0.000000
0.919575	0.822090	0.790564	-0.000000	0.000000	0.000000	0.000000	0.000000	0.000000	0.000000
0.919182	0.822657	0.790564	0.000000	0.000000	0.000000	0.000000	0.000000	0.000000	0.000000
0.919362	0.822197	0.790564	-0.000000	0.000000	0.000000	0.000000	0.000000	0.000000	0.000000
0.919231	0.821869	0.790559	-0.000000	0.000000	0.000000	0.000000	0.000000	0.000000	0.000000
0.919037	0.822384	0.786801	0.000000	0.000000	0.000000	0.000000	0.000000	0.000000	0.000000
0.919148	0.822048	0.790563	-0.000000	0.000000	0.000000	0.000000	0.000000	0.000000	0.000000
0.919242	0.822008	0.790563	0.000000	0.000000	0.000000	0.000000	0.000000	0.000000	0.000000
0.918901	0.821933	0.790564	-0.742203	0.000000	0.000000	0.000000	0.000000	0.000000	0.000000
0.919185	0.821991	0.790564	-0.000000	0.000000	0.000000	0.000000	0.000000	0.000000	0.000000
0.919214	0.821582	0.790548	0.000000	0.000000	0.000000	0.000000	0.000000	0.000000	0.000000
0.918968	0.821900	0.790564	-0.000004	0.000000	0.000000	0.000000	0.000000	0.000000	0.000000
0.919322	0.821993	0.790564	0.000000	0.000000	0.000000	0.000000	0.000000	0.000000	0.000000
0.919167	0.822331	0.790562	0.000000	0.000000	0.000000	0.000000	0.000000	0.000000	0.000000
0.919306	0.822112	0.790563	0.000000	0.000000	0.000000	0.000000	0.000000	0.000000	0.000000
0.918936	0.822033	0.790563	-0.000000	0.000000	0.000000	0.000000	0.000000	0.000000	0.000000
0.919488	0.822243	0.790564	0.000000	0.000000	0.000000	0.000000	0.000000	0.000000	0.000000
0.919439	0.821762	0.790563	-0.000000	0.000000	0.000000	0.000000	0.000000	0.000000	0.000000
0.918996	0.822257	0.790564	-0.000212	0.000000	0.000000	0.000000	0.000000	0.000000	0.000000
0.919219	0.821880	0.790291	-0.000000	0.000000	0.000000	0.000000	0.000000	0.000000	0.000000
0.919185	0.822126	0.790563	-0.001031	0.000000	0.000000	0.000000	0.000000	0.000000	0.000000
0.919476	0.822631	0.790564	0.000000	0.000000	0.000000	0.000000	0.000000	0.000000	0.000000
0.919164	0.822729	0.790563	-0.000000	0.000000	0.000000	0.000000	0.000000	0.000000	0.000000
0.919504	0.822516	0.790564	0.000000	0.000000	0.000000	0.000000	0.000000	0.000000	0.000000
0.919348	0.822178	0.790425	-0.000000	0.000000	0.000000	0.000000	0.000000	0.000000	0.000000
0.919184	0.822324	0.790563	0.000000	0.000000	0.000000	0.000000	0.000000	0.000000	0.000000
0.919091	0.822251	0.790460	-0.000000	0.000000	0.000000	0.000000	0.000000	0.000000	0.000000
0.919510	0.822124	0.790564	-0.000000	0.000000	0.000000	0.000000	0.000000	0.000000	0.000000
0.919285	0.821938	0.790564	-0.000000	0.000000	0.000000	0.000000	0.000000	0.000000	0.000000
0.919154	0.821856	0.790564	0.000000	0.000000	0.000000	0.000000	0.000000	0.000000	0.000000
0.918963	0.822247	0.790562	-0.000000	0.000000	0.000000	0.000000	0.000000	0.000000	0.000000
0.919256	0.821918	0.790564	-0.000000	0.000000	0.000000	0.000000	0.000000	0.000000	0.000000
0.919439	0.822285	0.790564	-0.000000	0.000000	0.000000	0.000000	0.000000	0.000000	0.000000
0.918871	0.821644	0.790519	-0.000124	0.000000	0.000000	0.000000	0.000000	0.000000	0.000000
0.918976	0.822352	0.790563	-0.000000	0.000000	0.000000	0.000000	0.000000	0.000000	0.000000
0.919420	0.822191	0.790564	0.000000	0.000000	0.000000	0.000000	0.000000	0.000000	0.000000
0.919343	0.822555	0.790540	0.000000	0.000000	0.000000	0.000000	0.000000	0.000000	0.000000
0.919237	0.822201	0.790562	0.000000	0.000000	0.000000	0.000000	0.000000	0.000000	0.000000
0.919184	0.821665	0.790564	-0.000000	0.000000	0.000000	0.000000	0.000000	0.000000	0.000000
0.918810	0.821424	0.790564	-0.000313	0.000000	0.000000	0.000000	0.000000	0.000000	0.000000
0.919518	0.821968	0.790564	-0.000000	0.000000	0.000000	0.000000	0.000000	0.000000	0.000000
0.918787	0.821824	0.790564	0.000000	0.000000	0.000000	0.000000	0.000000	0.000000	0.000000
0.919280	0.822347	0.790564	-0.000000	0.000000	0.000000	0.000000	0.000000	0.000000	0.000000
0.918925	0.821606	0.790564	-0.000000	0.000000	0.000000	0.000000	0.000000	0.000000	0.000000
0.919044	0.822276	0.790564	0.000003	0.000000	0.000000	0.000000	0.000000	0.000000	0.000000
0.919119	0.822047	0.790561	0.000000	0.000000	0.000000	0.000000	0.000000	0.000000	0.000000
0.919406	0.822174	0.790564	0.000000	0.000000	0.000000	0.000000	0.000000	0.000000	0.000000
0.919236	0.821625	0.790564	-0.000000	0.000000	0.000000	0.000000	0.000000	0.000000	0.000000
0.919115	0.822083	0.790564	0.000000	0.000000	0.000000	0.000000	0.000000	0.000000	0.000000
0.919273	0.822039	0.790564	0.000000	0.000000	0.000000	0.000000	0.000000	0.000000	0.000000
0.919101	0.822049	0.790563	-0.000000	0.000000	0.000000	0.000000	0.000000	0.000000	0.000000
0.919245	0.822009	0.790438	-0.000000	0.000000	0.000000	0.000000	0.000000	0.000000	0.000000
0.918990	0.822180	0.790564	-0.000178	0.000000	0.000000	0.000000	0.000000	0.000000	0.000000
0.919178	0.822301	0.790564	0.000010	0.000000	0.000000	0.000000	0.000000	0.000000	0.000000
0.919359	0.822094	0.790564	0.000000	0.000000	0.000000	0.000000	0.000000	0.000000	0.000000
0.919163	0.821574	0.790564	0.000000	0.000000	0.000000	0.000000	0.000000	0.000000	0.000000
0.919080	0.822115	0.790564	-0.000000	0.000000	0.000000	0.000000	0.000000	0.000000	0.000000
0.919146	0.822055	0.790563	-0.000000	0.000000	0.000000	0.000000	0.000000	0.000000	0.000000
0.919273	0.822044	0.790564	0.000000	0.000000	0.000000	0.000000	0.000000	0.000000	0.000000
0.918997	0.822222	0.790564	-0.000000	0.000000	0.000000	0.000000	0.000000	0.000000	0.000000
0.919179	0.822640	0.790555	0.000000	0.000000	0.000000	0.000000	0.000000	0.000000	0.000000
0.919405	0.822220	0.790505	-0.000000	0.000000	0.000000	0.000000	0.000000	0.000000	0.000000
0.919290	0.821791	0.790563	-0.000002	0.000000	0.000000	0.000000	0.000000	0.000000	0.000000
0.919207	0.821306	0.790563	-0.000000	0.000000	0.000000	0.000000	0.000000	0.000000	0.000000
0.919190	0.822043	0.790564	0.000000	0.000000	0.000000	0.000000	0.000000	0.000000	0.000000
0.919274	0.822289	0.790564	0.000000	0.000000	0.000000	0.000000	0.000000	0.000000	0.000000
0.919040	0.821789	0.790563	0.000000	0.000000	0.000000	0.000000	0.000000	0.000000	0.000000
0.918991	0.822051	0.790564	-0.000000	0.000000	0.000000	0.000000	0.000000	0.000000	0.000000
0.919023	0.821585	0.790564	-0.000086	0.000000	0.000000	0.000000	0.000000	0.000000	0.000000
0.919286	0.822024	0.790564	-0.000000	0.000000	0.000000	0.000000	0.000000	0.000000	0.000000
0.919622	0.822164	0.790563	0.000000	0.000000	0.000000	0.000000	0.000000	0.000000	0.000000
0.919129	0.822419	0.784430	-0.000006	0.000000	0.000000	0.000000	0.000000	0.000000	0.000000
0.919364	0.822215	0.790564	-0.000000	0.000000	0.000000	0.000000	0.000000	0.000000	0.000000
0.918979	0.822240	0.790563	-0.005069	0.000000	0.000000	0.000000	0.000000	0.000000	0.000000
0.919255	0.822614	0.790560	0.000000	0.000000	0.000000	0.000000	0.000000	0.000000	0.000000
0.918852	0.821734	0.790564	-0.000000	0.000000	0.000000	0.000000	0.000000	0.000000	0.000000
0.919024	0.821864	0.790564	-0.000000	0.000000	0.000000	0.000000	0.000000	0.000000	0.000000
0.919562	0.821921	0.790563	-0.000000	0.000000	0.000000	0.000000	0.000000	0.000000	0.000000
0.919232	0.821989	0.789391	-0.000000	0.000000	0.000000	0.000000	0.000000	0.000000	0.000000
0.919276	0.821755	0.790564	-0.000000	0.000000	0.000000	0.000000	0.000000	0.000000	0.000000
0.919303	0.822139	0.790561	0.000000	0.000000	0.000000	0.000000	0.000000	0.000000	0.000000
0.918992	0.822247	0.790561	-0.000000	0.000000	0.000000	0.000000	0.000000	0.000000	0.000000
0.919010	0.821746	0.790564	-0.000000	0.000000	0.000000	0.000000	0.000000	0.000000	0.000000
0.919271	0.822317	0.790563	0.000000	0.000000	0.000000	0.000000	0.000000	0.000000	0.000000
0.919449	0.822551	0.790564	0.000000	0.000000	0.000000	0.000000	0.000000	0.000000	0.000000
0.919050	0.821877	0.790564	-0.000000	0.000000	0.000000	0.000000	0.000000	0.000000	0.000000
0.919139	0.821293	0.790563	0.000000	0.000000	0.000000	0.000000	0.000000	0.000000	0.000000
0.919179	0.821899	0.790564	0.000000	0.000000	0.000000	0.000000	0.000000	0.000000	0.000000
0.919092	0.822590	0.790564	-0.000000	0.000000	0.000000	0.000000	0.000000	0.000000	0.000000
0.919334	0.822092	0.790564	0.000000	0.000000	0.000000	0.000000	0.000000	0.000000	0.000000
0.919345	0.822357	0.790054	-0.000000	0.000000	0.000000	0.000000	0.000000	0.000000	0.000000
0.919033	0.821999	0.790564	-0.000000	0.000000	0.000000	0.000000	0.000000	0.000000	0.000000
0.919470	0.822542	0.790564	-0.000000	0.000000	0.000000	0.000000	0.000000	0.000000	0.000000
0.919398	0.822302	0.790564	0.000000	0.000000	0.000000	0.000000	0.000000	0.000000	0.000000
0.919136	0.821834	0.790564	0.000001	0.000000	0.000000	0.000000	0.000000	0.000000	0.000000
0.919099	0.822152	0.790561	-0.000008	0.000000	0.000000	0.000000	0.000000	0.000000	0.000000
0.919297	0.821732	0.790564	0.000000	0.000000	0.000000	0.000000	0.000000	0.000000	0.000000
0.919038	0.822518	0.790564	-0.000000	0.000000	0.000000	0.000000	0.000000	0.000000	0.000000
0.919214	0.821991	0.790564	0.000000	0.000000	0.000000	0.000000	0.000000	0.000000	0.000000
0.919140	0.822448	0.790564	-0.000000	0.000000	0.000000	0.000000	0.000000	0.000000	0.000000
0.919339	0.822186	0.790564	-0.000000	0.000000	0.000000	0.000000	0.000000	0.000000	0.000000
0.919568	0.822222	0.790564	-0.000000	0.000000	0.000000	0.000000	0.000000	0.000000	0.000000
0.919120	0.821373	0.790564	-0.000000	0.000000	0.000000	0.000000	0.000000	0.000000	0.000000
0.919286	0.821687	0.790563	-0.000000	0.000000	0.000000	0.000000	0.000000	0.000000	0.000000
0.919285	0.821675	0.790564	0.000000	0.000000	0.000000	0.000000	0.000000	0.000000	0.000000
0.919182	0.821821	0.790564	0.000000	0.000000	0.000000	0.000000	0.000000	0.000000	0.000000
0.919435	0.822496	0.790564	-0.000000	0.000000	0.000000	0.000000	0.000000	0.000000	0.000000
0.919186	0.822193	0.790564	-0.000013	0.000000	0.000000	0.000000	0.000000	0.000000	0.000000
0.919045	0.822477	0.790564	0.000000	0.000000	0.000000	0.000000	0.000000	0.000000	0.000000
0.919120	0.822254	0.790564	0.000000	0.000000	0.000000	0.000000	0.000000	0.000000	0.000000
0.918847	0.821920	0.790523	-0.000004	0.000000	0.000000	0.000000	0.000000	0.000000	0.000000
0.919389	0.821874	0.790562	0.000000	0.000000	0.000000	0.000000	0.000000	0.000000	0.000000
0.919088	0.821762	0.790563	-0.000000	0.000000	0.000000	0.000000	0.000000	0.000000	0.000000
0.919424	0.822862	0.790564	-0.000000	0.000000	0.000000	0.000000	0.000000	0.000000	0.000000
0.919351	0.822457	0.790564	-0.000000	0.000000	0.000000	0.000000	0.000000	0.000000	0.000000
0.919124	0.821872	0.790564	0.000000	0.000000	0.000000	0.000000	0.000000	0.000000	0.000000
0.919042	0.822015	0.790459	-0.000000	0.000000	0.000000	0.000000	0.000000	0.000000	0.000000
0.919709	0.821835	0.790564	-0.000000	0.000000	0.000000	0.000000	0.000000	0.000000	0.000000
0.919399	0.821905	0.790561	0.000000	0.000000	0.000000	0.000000	0.000000	0.000000	0.000000
0.919072	0.821894	0.790563	-0.000000	0.000000	0.000000	0.000000	0.000000	0.000000	0.000000
0.919641	0.822119	0.790563	0.000000	0.000000	0.000000	0.000000	0.000000	0.000000	0.000000
0.919292	0.821372	0.790564	0.000000	0.000000	0.000000	0.000000	0.000000	0.000000	0.000000
0.919345	0.822550	0.790563	-0.000000	0.000000	0.000000	0.000000	0.000000	0.000000	0.000000
0.919191	0.821741	0.790564	0.000000	0.000000	0.000000	0.000000	0.000000	0.000000	0.000000
0.919509	0.822417	0.790564	-0.000000	0.000000	0.000000	0.000000	0.000000	0.000000	0.000000
0.919268	0.822360	0.790561	0.000000	0.000000	0.000000	0.000000	0.000000	0.000000	0.000000
0.919201	0.822202	0.790558	0.000000	0.000000	0.000000	0.000000	0.000000	0.000000	0.000000
0.919182	0.821925	0.790564	0.000000	0.000000	0.000000	0.000000	0.000000	0.000000	0.000000
0.919337	0.821973	0.790564	-0.000000	0.000000	0.000000	0.000000	0.000000	0.000000	0.000000
0.919248	0.821759	0.790564	-0.000000	0.000000	0.000000	0.000000	0.000000	0.000000	0.000000
0.919580	0.822052	0.790512	-0.000000	0.000000	0.000000	0.000000	0.000000	0.000000	0.000000
0.919097	0.821741	0.790555	-0.000031	0.000000	0.000000	0.000000	0.000000	0.000000	0.000000
0.919193	0.822368	0.790564	-0.000000	0.000000	0.000000	0.000000	0.000000	0.000000	0.000000
0.919025	0.821937	0.790564	-0.000000	0.000000	0.000000	0.000000	0.000000	0.000000	0.000000
0.919599	0.822397	0.790564	-0.000000	0.000000	0.000000	0.000000	0.000000	0.000000	0.000000
0.919077	0.821817	0.790564	-0.000000	0.000000	0.000000	0.000000	0.000000	0.000000	0.000000
0.918958	0.822017	0.790561	-0.000000	0.000000	0.000000	0.000000	0.000000	0.000000	0.000000
0.919345	0.821213	0.790564	-0.000000	0.000000	0.000000	0.000000	0.000000	0.000000	0.000000
0.919264	0.822015	0.790564	0.000000	0.000000	0.000000	0.000000	0.000000	0.000000	0.000000
0.919522	0.822507	0.790564	0.000000	0.000000	0.000000	0.000000	0.000000	0.000000	0.000000
0.919056	0.822049	0.790564	-0.000000	0.000000	0.000000	0.000000	0.000000	0.000000	0.000000
0.919180	0.822466	0.790564	-0.000000	0.000000	0.000000	0.000000	0.000000	0.000000	0.000000
0.919300	0.822297	0.790564	-0.000000	0.000000	0.000000	0.000000	0.000000	0.000000	0.000000
0.919504	0.822481	0.790564	-0.000000	0.000000	0.000000	0.000000	0.000000	0.000000	0.000000
0.919300	0.821513	0.790564	-0.000000	0.000000	0.000000	0.000000	0.000000	0.000000	0.000000
0.919323	0.821401	0.790558	-0.000000	0.000000	0.000000	0.000000	0.000000	0.000000	0.000000
0.919282	0.822316	0.790564	-0.000000	0.000000	0.000000	0.000000	0.000000	0.000000	0.000000
0.919423	0.822167	0.790563	0.000000	0.000000	0.000000	0.000000	0.000000	0.000000	0.000000
0.919411	0.822004	0.790557	0.000000	0.000000	0.000000	0.000000	0.000000	0.000000	0.000000
0.919241	0.821989	0.790564	-0.000000	0.000000	0.000000	0.000000	0.000000	0.000000	0.000000
0.919433	0.822056	0.790564	0.000000	0.000000	0.000000	0.000000	0.000000	0.000000	0.000000
0.919359	0.822177	0.790563	-0.000000	0.000000	0.000000	0.000000	0.000000	0.000000	0.000000
0.919074	0.821742	0.790564	-0.000000	0.000000	0.000000	0.000000	0.000000	0.000000	0.000000
0.919167	0.821758	0.790564	0.000000	0.000000	0.000000	0.000000	0.000000	0.000000	0.000000
0.919467	0.821756	0.790556	-0.000000	0.000000	0.000000	0.000000	0.000000	0.000000	0.000000
0.919366	0.821805	0.790564	-0.000000	0.000000	0.000000	0.000000	0.000000	0.000000	0.000000
0.919454	0.822201	0.790564	0.000000	0.000000	0.000000	0.000000	0.000000	0.000000	0.000000
0.919407	0.821898	0.790563	-0.000000	0.000000	0.000000	0.000000	0.000000	0.000000	0.000000
0.918952	0.822315	0.790558	0.000000	0.000000	0.000000	0.000000	0.000000	0.000000	0.000000
0.919114	0.822333	0.790563	-0.000000	0.000000	0.000000	0.000000	0.000000	0.000000	0.000000
0.919217	0.822036	0.790564	0.000001	0.000000	0.000000	0.000000	0.000000	0.000000	0.000000
0.919705	0.821667	0.790564	0.000000	0.000000	0.000000	0.000000	0.000000	0.000000	0.000000
0.919408	0.821756	0.790563	-0.000000	0.000000	0.000000	0.000000	0.000000	0.000000	0.000000
0.919183	0.821635	0.790563	0.000000	0.000000	0.000000	0.000000	0.000000	0.000000	0.000000
0.919071	0.822257	0.790564	-0.000000	0.000000	0.000000	0.000000	0.000000	0.000000	0.000000
0.919005	0.822039	0.790564	0.000000	0.000000	0.000000	0.000000	0.000000	0.000000	0.000000
0.919313	0.821808	0.790563	-0.000000	0.000000	0.000000	0.000000	0.000000	0.000000	0.000000
0.919117	0.822443	0.790563	0.000000	0.000000	0.000000	0.000000	0.000000	0.000000	0.000000
0.919100	0.822513	0.790564	0.000000	0.000000	0.000000	0.000000	0.000000	0.000000	0.000000
0.918948	0.821703	0.790564	-0.000078	0.000000	0.000000	0.000000	0.000000	0.000000	0.000000
0.919332	0.822113	0.790564	0.000000	0.000000	0.000000	0.000000	0.000000	0.000000	0.000000
0.918827	0.821450	0.790564	-0.000001	0.000000	0.000000	0.000000	0.000000	0.000000	0.000000
0.919263	0.822146	0.790563	0.000000	0.000000	0.000000	0.000000	0.000000	0.000000	0.000000
0.919541	0.822694	0.790564	-0.000000	0.000000	0.000000	0.000000	0.000000	0.000000	0.000000
0.919241	0.821870	0.790564	-0.000000	0.000000	0.000000	0.000000	0.000000	0.000000	0.000000
0.919093	0.821959	0.790564	-0.000000	0.000000	0.000000	0.000000	0.000000	0.000000	0.000000
0.919390	0.822002	0.790563	0.000000	0.000000	0.000000	0.000000	0.000000	0.000000	0.000000
0.919441	0.821772	0.790564	0.000000	0.000000	0.000000	0.000000	0.000000	0.000000	0.000000
0.919133	0.822186	0.790564	-0.000000	0.000000	0.000000	0.000000	0.000000	0.000000	0.000000
0.919524	0.821870	0.790564	-0.000000	0.000000	0.000000	0.000000	0.000000	0.000000	0.000000
0.919228	0.822053	0.790564	0.000000	0.000000	0.000000	0.000000	0.000000	0.000000	0.000000
0.919096	0.822487	0.790562	0.000003	0.000000	0.000000	0.000000	0.000000	0.000000	0.000000
0.919391	0.821705	0.790563	-0.000000	0.000000	0.000000	0.000000	0.000000	0.000000	0.000000
0.919394	0.822017	0.790563	-0.000000	0.000000	0.000000	0.000000	0.000000	0.000000	0.000000
0.919372	0.821777	0.790463	0.000000	0.000000	0.000000	0.000000	0.000000	0.000000	0.000000
0.919130	0.822167	0.790563	0.000000	0.000000	0.000000	0.000000	0.000000	0.000000	0.000000
0.919403	0.822063	0.790489	0.000000	0.000000	0.000000	0.000000	0.000000	0.000000	0.000000
0.919088	0.821653	0.790563	0.000000	0.000000	0.000000	0.000000	0.000000	0.000000	0.000000
0.919417	0.821988	0.790564	-0.000018	0.000000	0.000000	0.000000	0.000000	0.000000	0.000000
0.919092	0.822104	0.790521	-0.000000	0.000000	0.000000	0.000000	0.000000	0.000000	0.000000
0.919533	0.821662	0.790564	-0.000000	0.000000	0.000000	0.000000	0.000000	0.000000	0.000000
0.919127	0.821748	0.790564	-0.000000	0.000000	0.000000	0.000000	0.000000	0.000000	0.000000
0.919007	0.821714	0.790564	0.000000	0.000000	0.000000	0.000000	0.000000	0.000000	0.000000
0.919311	0.821724	0.790562	0.000000	0.000000	0.000000	0.000000	0.000000	0.000000	0.000000
0.919440	0.822413	0.790564	0.000000	0.000000	0.000000	0.000000	0.000000	0.000000	0.000000
0.919146	0.821824	0.790564	-0.000000	0.000000	0.000000	0.000000	0.000000	0.000000	0.000000
0.919184	0.821661	0.790563	-0.000000	0.000000	0.000000	0.000000	0.000000	0.000000	0.000000
0.919231	0.822000	0.790564	0.000000	0.000000	0.000000	0.000000	0.000000	0.000000	0.000000
0.919491	0.821475	0.790562	-0.000000	0.000000	0.000000	0.000000	0.000000	0.000000	0.000000
0.919056	0.822081	0.790563	-0.000007	0.000000	0.000000	0.000000	0.000000	0.000000	0.000000
0.919282	0.822185	0.790564	0.000000	0.000000	0.000000	0.000000	0.000000	0.000000	0.000000
0.919223	0.822615	0.790563	-0.000000	0.000000	0.000000	0.000000	0.000000	0.000000	0.000000
0.919503	0.822462	0.790564	-0.000000	0.000000	0.000000	0.000000	0.000000	0.000000	0.000000
0.919074	0.821800	0.790564	0.000000	0.000000	0.000000	0.000000	0.000000	0.000000	0.000000
0.918908	0.822116	0.790564	0.000000	0.000000	0.000000	0.000000	0.000000	0.000000	0.000000
0.919280	0.822030	0.790563	0.000000	0.000000	0.000000	0.000000	0.000000	0.000000	0.000000
0.919473	0.822355	0.790563	-0.000000	0.000000	0.000000	0.000000	0.000000	0.000000	0.000000
0.919172	0.821501	0.790564	-0.000000	0.000000	0.000000	0.000000	0.000000	0.000000	0.000000
0.919179	0.821836	0.790564	0.000000	0.000000	0.000000	0.000000	0.000000	0.000000	0.000000
0.919561	0.821719	0.790564	-0.000000	0.000000	0.000000	0.000000	0.000000	0.000000	0.000000
0.919539	0.822096	0.790564	0.000000	0.000000	0.000000	0.000000	0.000000	0.000000	0.000000
0.919231	0.822432	0.790564	-0.000000	0.000000	0.000000	0.000000	0.000000	0.000000	0.000000
0.919167	0.821695	0.790564	0.000000	0.000000	0.000000	0.000000	0.000000	0.000000	0.000000
0.919532	0.822464	0.790564	-0.000000	0.000000	0.000000	0.000000	0.000000	0.000000	0.000000
0.919500	0.822610	0.790564	0.000000	0.000000	0.000000	0.000000	0.000000	0.000000	0.000000
0.919183	0.822203	0.790564	-0.000000	0.000000	0.000000	0.000000	0.000000	0.000000	0.000000
0.918867	0.822073	0.790564	0.000000	0.000000	0.000000	0.000000	0.000000	0.000000	0.000000
0.919413	0.822011	0.790564	-0.000000	0.000000	0.000000	0.000000	0.000000	0.000000	0.000000
0.919081	0.821976	0.790202	-0.000000	0.000000	0.000000	0.000000	0.000000	0.000000	0.000000
0.919491	0.822113	0.790564	-0.000000	0.000000	0.000000	0.000000	0.000000	0.000000	0.000000
0.918922	0.822235	0.790563	-0.000000	0.000000	0.000000	0.000000	0.000000	0.000000	0.000000
0.919158	0.821381	0.790564	-0.000000	0.000000	0.000000	0.000000	0.000000	0.000000	0.000000
0.918949	0.003896	0.000000	0.000980	0.000000	0.000000	0.000000	0.000000	0.000000	0.000000
0.919133	0.821754	-0.850886	0.000000	0.000000	0.000000	0.000000	0.000000	0.000000	0.000000
0.919292	0.821907	-0.850886	0.000000	0.000000	0.000000	0.000000	0.000000	0.000000	0.000000
0.919205	0.822137	-0.850886	-0.000000	0.000000	0.000000	0.000000	0.000000	0.000000	0.000000
0.919161	0.822097	-0.850886	-0.000000	0.000000	0.000000	0.000000	0.000000	0.000000	0.000000
0.919372	0.821605	-0.850886	0.000000	0.000000	0.000000	0.000000	0.000000	0.000000	0.000000
0.919035	0.821819	-0.850886	0.000000	0.000000	0.000000	0.000000	0.000000	0.000000	0.000000
0.919259	0.822483	-0.850886	-0.000000	0.000000	0.000000	0.000000	0.000000	0.000000	0.000000
0.919261	0.821553	-0.850878	0.000000	0.000000	0.000000	0.000000	0.000000	0.000000	0.000000
0.918988	0.822156	-0.850886	0.000000	0.000000	0.000000	0.000000	0.000000	0.000000	0.000000
0.919537	0.821762	-0.850886	-0.000000	0.000000	0.000000	0.000000	0.000000	0.000000	0.000000
0.919591	0.822092	-0.850826	0.000000	0.000000	0.000000	0.000000	0.000000	0.000000	0.000000
0.918994	0.822294	-0.850886	0.000000	0.000000	0.000000	0.000000	0.000000	0.000000	0.000000
0.919293	0.822435	-0.850886	0.000000	0.000000	0.000000	0.000000	0.000000	0.000000	0.000000
0.919147	0.822119	-0.850867	0.000000	0.000000	0.000000	0.000000	0.000000	0.000000	0.000000
0.919180	0.822641	-0.850886	-0.000000	0.000000	0.000000	0.000000	0.000000	0.000000	0.000000
0.919188	0.822206	-0.850883	-0.000000	0.000000	0.000000	0.000000	0.000000	0.000000	0.000000
0.919181	0.822245	-0.850886	0.000000	0.000000	0.000000	0.000000	0.000000	0.000000	0.000000
0.918947	0.822054	-0.850886	0.000000	0.000000	0.000000	0.000000	0.000000	0.000000	0.000000
0.919424	0.822145	-0.850884	0.000000	0.000000	0.000000	0.000000	0.000000	0.000000	0.000000
0.919471	0.822340	-0.850886	-0.000000	0.000000	0.000000	0.000000	0.000000	0.000000	0.000000
0.918912	0.822136	-0.850886	0.000000	0.000000	0.000000	0.000000	0.000000	0.000000	0.000000
0.919513	0.822004	-0.850886	0.000000	0.000000	0.000000	0.000000	0.000000	0.000000	0.000000
0.918964	0.821654	-0.850886	-0.000000	0.000000	0.000000	0.000000	0.000000	0.000000	0.000000
0.919258	0.822322	-0.850886	0.000000	0.000000	0.000000	0.000000	0.000000	0.000000	0.000000
0.918894	0.822551	-0.850886	-0.000000	0.000000	0.000000	0.000000	0.000000	0.000000	0.000000
0.919356	0.822015	-0.850886	-0.000000	0.000000	0.000000	0.000000	0.000000	0.000000	0.000000
0.918717	0.822200	-0.850886	-0.000000	0.000000	0.000000	0.000000	0.000000	0.000000	0.000000
0.919532	0.821960	-0.850885	0.000000	0.000000	0.000000	0.000000	0.000000	0.000000	0.000000
0.919290	0.822246	-0.850886	-0.000000	0.000000	0.000000	0.000000	0.000000	0.000000	0.000000
0.919319	0.822318	-0.850886	-0.000000	0.000000	0.000000	0.000000	0.000000	0.000000	0.000000
0.919546	0.822309	-0.850885	-0.000000	0.000000	0.000000	0.000000	0.000000	0.000000	0.000000
0.919220	0.822377	-0.850886	0.000000	0.000000	0.000000	0.000000	0.000000	0.000000	0.000000
0.919087	0.822305	-0.850885	0.000000	0.000000	0.000000	0.000000	0.000000	0.000000	0.000000
0.918937	0.821949	-0.850885	0.000000	0.000000	0.000000	0.000000	0.000000	0.000000	0.000000
0.919093	0.820826	-0.850886	-0.000000	0.000000	0.000000	0.000000	0.000000	0.000000	0.000000
0.919344	0.821910	-0.850886	-0.000000	0.000000	0.000000	0.000000	0.000000	0.000000	0.000000
0.919203	0.821824	-0.850886	0.000000	0.000000	0.000000	0.000000	0.000000	0.000000	0.000000
0.919336	0.822454	-0.850886	-0.000000	0.000000	0.000000	0.000000	0.000000	0.000000	0.000000
0.919141	0.821813	-0.850886	-0.000000	0.000000	0.000000	0.000000	0.000000	0.000000	0.000000
0.919186	0.821882	-0.850886	-0.000000	0.000000	0.000000	0.000000	0.000000	0.000000	0.000000
0.919304	0.822422	-0.850886	0.000000	0.000000	0.000000	0.000000	0.000000	0.000000	0.000000
0.919204	0.822181	-0.850886	-0.000000	0.000000	0.000000	0.000000	0.000000	0.000000	0.000000
0.918982	0.821788	-0.850886	-0.000000	0.000000	0.000000	0.000000	0.000000	0.000000	0.000000
0.919309	0.822096	-0.850886	0.000000	0.000000	0.000000	0.000000	0.000000	0.000000	0.000000
0.918970	0.822161	-0.850886	-0.000000	0.000000	0.000000	0.000000	0.000000	0.000000	0.000000
0.918779	0.822050	-0.850886	-0.000000	0.000000	0.000000	0.000000	0.000000	0.000000	0.000000
0.919587	0.822053	-0.850886	-0.000000	0.000000	0.000000	0.000000	0.000000	0.000000	0.000000
0.919126	0.822105	-0.850886	-0.000000	0.000000	0.000000	0.000000	0.000000	0.000000	0.000000
0.919196	0.822176	-0.850886	0.000000	0.000000	0.000000	0.000000	0.000000	0.000000	0.000000
0.919406	0.822046	-0.850886	-0.000000	0.000000	0.000000	0.000000	0.000000	0.000000	0.000000
0.919076	0.822118	-0.850886	0.000000	0.000000	0.000000	0.000000	0.000000	0.000000	0.000000
0.919353	0.822409	-0.850886	-0.000000	0.000000	0.000000	0.000000	0.000000	0.000000	0.000000
0.919385	0.821995	-0.850886	0.000000	0.000000	0.000000	0.000000	0.000000	0.000000	0.000000
0.919042	0.821865	-0.850886	0.000000	0.000000	0.000000	0.000000	0.000000	0.000000	0.000000
0.919385	0.822332	-0.850885	-0.000000	0.000000	0.000000	0.000000	0.000000	0.000000	0.000000
0.919127	0.821663	-0.850886	-0.000000	0.000000	0.000000	0.000000	0.000000	0.000000	0.000000
0.919448	0.822736	-0.850884	0.000000	0.000000	0.000000	0.000000	0.000000	0.000000	0.000000
0.919631	0.821794	-0.850886	-0.000000	0.000000	0.000000	0.000000	0.000000	0.000000	0.000000
0.919197	0.821880	-0.850886	-0.000000	0.000000	0.000000	0.000000	0.000000	0.000000	0.000000
0.919085	0.822507	-0.850886	0.000000	0.000000	0.000000	0.000000	0.000000	0.000000	0.000000
0.918985	0.821908	-0.850333	0.000000	0.000000	0.000000	0.000000	0.000000	0.000000	0.000000
0.919409	0.821757	-0.850885	-0.000000	0.000000	0.000000	0.000000	0.000000	0.000000	0.000000
0.919398	0.821974	-0.850886	-0.000000	0.000000	0.000000	0.000000	0.000000	0.000000	0.000000
0.919196	0.822120	-0.850886	0.000000	0.000000	0.000000	0.000000	0.000000	0.000000	0.000000
0.919085	0.821746	-0.850886	0.000000	0.000000	0.000000	0.000000	0.000000	0.000000	0.000000
0.919438	0.822062	-0.850886	-0.000000	0.000000	0.000000	0.000000	0.000000	0.000000	0.000000
0.919422	0.822051	-0.850855	-0.000000	0.000000	0.000000	0.000000	0.000000	0.000000	0.000000
0.919156	0.822127	-0.850886	-0.000000	0.000000	0.000000	0.000000	0.000000	0.000000	0.000000
0.919262	0.822257	-0.850886	-0.000000	0.000000	0.000000	0.000000	0.000000	0.000000	0.000000
0.919255	0.821742	-0.850886	-0.000000	0.000000	0.000000	0.000000	0.000000	0.000000	0.000000
0.919141	0.822426	-0.850886	0.000000	0.000000	0.000000	0.000000	0.000000	0.000000	0.000000
0.919056	0.822535	-0.850885	0.000000	0.000000	0.000000	0.000000	0.000000	0.000000	0.000000
0.919429	0.822412	-0.850886	0.000000	0.000000	0.000000	0.000000	0.000000	0.000000	0.000000
0.919164	0.821692	-0.850886	0.000000	0.000000	0.000000	0.000000	0.000000	0.000000	0.000000
0.919290	0.821979	-0.850886	0.000000	0.000000	0.000000	0.000000	0.000000	0.000000	0.000000
0.919240	0.821997	-0.850578	0.000001	0.000000	0.000000	0.000000	0.000000	0.000000	0.000000
0.919139	0.822227	-0.850885	-0.000000	0.000000	0.000000	0.000000	0.000000	0.000000	0.000000
0.919487	0.822109	-0.850886	0.000000	0.000000	0.000000	0.000000	0.000000	0.000000	0.000000
0.919310	0.822059	-0.850886	0.000000	0.000000	0.000000	0.000000	0.000000	0.000000	0.000000
0.919711	0.822191	-0.850886	-0.000000	0.000000	0.000000	0.000000	0.000000	0.000000	0.000000
0.919253	0.821498	-0.850886	0.000000	0.000000	0.000000	0.000000	0.000000	0.000000	0.000000
0.919499	0.822600	-0.850886	-0.000000	0.000000	0.000000	0.000000	0.000000	0.000000	0.000000
0.919336	0.822089	-0.850886	0.000000	0.000000	0.000000	0.000000	0.000000	0.000000	0.000000
0.919208	0.821541	-0.850878	0.000000	0.000000	0.000000	0.000000	0.000000	0.000000	0.000000
0.919289	0.822091	-0.850886	0.000000	0.000000	0.000000	0.000000	0.000000	0.000000	0.000000
0.919303	0.822278	-0.850886	0.000000	0.000000	0.000000	0.000000	0.000000	0.000000	0.000000
0.918984	0.822099	-0.850886	-0.000000	0.000000	0.000000	0.000000	0.000000	0.000000	0.000000
0.919134	0.821916	-0.850886	-0.000000	0.000000	0.000000	0.000000	0.000000	0.000000	0.000000
0.919148	0.821654	-0.850886	-0.000000	0.000000	0.000000	0.000000	0.000000	0.000000	0.000000
0.919109	0.821461	-0.850886	-0.000000	0.000000	0.000000	0.000000	0.000000	0.000000	0.000000
0.919199	0.822114	-0.850886	-0.000000	0.000000	0.000000	0.000000	0.000000	0.000000	0.000000
0.919470	0.822669	-0.850886	0.000000	0.000000	0.000000	0.000000	0.000000	0.000000	0.000000
0.919389	0.822181	-0.850886	0.000000	0.000000	0.000000	0.000000	0.000000	0.000000	0.000000
0.919319	0.821769	-0.850886	-0.000000	0.000000	0.000000	0.000000	0.000000	0.000000	0.000000
0.919253	0.821934	-0.850882	-0.000000	0.000000	0.000000	0.000000	0.000000	0.000000	0.000000
0.919862	0.822476	-0.850886	0.000000	0.000000	0.000000	0.000000	0.000000	0.000000	0.000000
0.919218	0.821500	-0.850886	0.000000	0.000000	0.000000	0.000000	0.000000	0.000000	0.000000
0.919100	0.822025	-0.850886	-0.000000	0.000000	0.000000	0.000000	0.000000	0.000000	0.000000
0.919255	0.822652	-0.850884	-0.000000	0.000000	0.000000	0.000000	0.000000	0.000000	0.000000
0.918937	0.821368	-0.850871	-0.000000	0.000000	0.000000	0.000000	0.000000	0.000000	0.000000
0.918975	0.821870	-0.850886	-0.000000	0.000000	0.000000	0.000000	0.000000	0.000000	0.000000
0.919120	0.822435	-0.850886	0.000000	0.000000	0.000000	0.000000	0.000000	0.000000	0.000000
0.919124	0.821993	-0.850886	0.000000	0.000000	0.000000	0.000000	0.000000	0.000000	0.000000
0.919556	0.822058	-0.850886	0.000000	0.000000	0.000000	0.000000	0.000000	0.000000	0.000000
0.918931	0.819777	-0.850885	0.000000	0.000000	0.000000	0.000000	0.000000	0.000000	0.000000
0.919214	0.821995	-0.850885	-0.000000	0.000000	0.000000	0.000000	0.000000	0.000000	0.000000
0.919509	0.821644	-0.850886	-0.000000	0.000000	0.000000	0.000000	0.000000	0.000000	0.000000
0.919175	0.821710	-0.850886	-0.000000	0.000000	0.000000	0.000000	0.000000	0.000000	0.000000
0.918938	0.821716	-0.850886	0.000000	0.000000	0.000000	0.000000	0.000000	0.000000	0.000000
0.919146	0.822103	-0.850880	0.000000	0.000000	0.000000	0.000000	0.000000	0.000000	0.000000
0.919062	0.821421	-0.850886	0.000000	0.000000	0.000000	0.000000	0.000000	0.000000	0.000000
0.919402	0.822489	-0.850875	0.000000	0.000000	0.000000	0.000000	0.000000	0.000000	0.000000
0.919314	0.821522	-0.850886	0.000000	0.000000	0.000000	0.000000	0.000000	0.000000	0.000000
0.919258	0.821834	-0.850886	0.000000	0.000000	0.000000	0.000000	0.000000	0.000000	0.000000
0.919246	0.821582	-0.841405	0.000000	0.000000	0.000000	0.000000	0.000000	0.000000	0.000000
0.919228	0.822286	-0.850886	-0.000000	0.000000	0.000000	0.000000	0.000000	0.000000	0.000000
0.919032	0.822173	-0.850886	-0.000000	0.000000	0.000000	0.000000	0.000000	0.000000	0.000000
0.918857	0.822526	-0.850886	-0.000000	0.000000	0.000000	0.000000	0.000000	0.000000	0.000000
0.919076	0.821848	-0.850885	0.000000	0.000000	0.000000	0.000000	0.000000	0.000000	0.000000
0.919180	0.821907	-0.850886	-0.000000	0.000000	0.000000	0.000000	0.000000	0.000000	0.000000
0.919325	0.821866	-0.850886	0.000000	0.000000	0.000000	0.000000	0.000000	0.000000	0.000000
0.919119	0.822296	-0.850886	0.000000	0.000000	0.000000	0.000000	0.000000	0.000000	0.000000
0.919303	0.822521	-0.850886	-0.000000	0.000000	0.000000	0.000000	0.000000	0.000000	0.000000
0.919357	0.821927	-0.850886	-0.000000	0.000000	0.000000	0.000000	0.000000	0.000000	0.000000
0.918923	0.821859	-0.850886	-0.000000	0.000000	0.000000	0.000000	0.000000	0.000000	0.000000
0.919058	0.821843	-0.850886	0.000000	0.000000	0.000000	0.000000	0.000000	0.000000	0.000000
0.919235	0.822267	-0.850886	0.000000	0.000000	0.000000	0.000000	0.000000	0.000000	0.000000
0.919326	0.822088	-0.850886	-0.000000	0.000000	0.000000	0.000000	0.000000	0.000000	0.000000
0.918835	0.822237	-0.850886	0.000000	0.000000	0.000000	0.000000	0.000000	0.000000	0.000000
0.919193	0.822296	-0.850886	0.000000	0.000000	0.000000	0.000000	0.000000	0.000000	0.000000
0.919415	0.822299	-0.850886	0.000000	0.000000	0.000000	0.000000	0.000000	0.000000	0.000000
0.919135	0.821759	-0.850886	-0.000000	0.000000	0.000000	0.000000	0.000000	0.000000	0.000000
0.919119	0.822223	-0.850886	0.000000	0.000000	0.000000	0.000000	0.000000	0.000000	0.000000
0.919095	0.821865	-0.850886	-0.000000	0.000000	0.000000	0.000000	0.000000	0.000000	0.000000
0.919361	0.821972	-0.850886	-0.000000	0.000000	0.000000	0.000000	0.000000	0.000000	0.000000
0.919434	0.822185	-0.850886	0.000000	0.000000	0.000000	0.000000	0.000000	0.000000	0.000000
0.919473	0.821756	-0.850886	0.000000	0.000000	0.000000	0.000000	0.000000	0.000000	0.000000
0.919114	0.822076	-0.850886	-0.000000	0.000000	0.000000	0.000000	0.000000	0.000000	0.000000
0.919151	0.822047	-0.850886	-0.000000	0.000000	0.000000	0.000000	0.000000	0.000000	0.000000
0.919068	0.821708	-0.850886	0.000000	0.000000	0.000000	0.000000	0.000000	0.000000	0.000000
0.918886	0.821737	-0.850886	-0.000000	0.000000	0.000000	0.000000	0.000000	0.000000	0.000000
0.919305	0.821691	-0.850831	-0.000000	0.000000	0.000000	0.000000	0.000000	0.000000	0.000000
0.919151	0.822242	-0.850886	-0.000000	0.000000	0.000000	0.000000	0.000000	0.000000	0.000000
0.919158	0.822129	-0.850886	0.000000	0.000000	0.000000	0.000000	0.000000	0.000000	0.000000
0.919002	0.822062	-0.850886	-0.000000	0.000000	0.000000	0.000000	0.000000	0.000000	0.000000
0.919369	0.822342	-0.850884	0.000000	0.000000	0.000000	0.000000	0.000000	0.000000	0.000000
0.919412	0.822034	-0.850886	-0.000000	0.000000	0.000000	0.000000	0.000000	0.000000	0.000000
0.919060	0.822338	-0.850886	0.000000	0.000000	0.000000	0.000000	0.000000	0.000000	0.000000
0.919338	0.821422	-0.850885	-0.000000	0.000000	0.000000	0.000000	0.000000	0.000000	0.000000
0.919547	0.821906	-0.850886	-0.000000	0.000000	0.000000	0.000000	0.000000	0.000000	0.000000
0.919467	0.821877	-0.850886	-0.000000	0.000000	0.000000	0.000000	0.000000	0.000000	0.000000
0.919048	0.822138	-0.850885	0.000000	0.000000	0.000000	0.000000	0.000000	0.000000	0.000000
0.919518	0.822284	-0.850886	0.000000	0.000000	0.000000	0.000000	0.000000	0.000000	0.000000
0.919348	0.822355	-0.850886	0.000000	0.000000	0.000000	0.000000	0.000000	0.000000	0.000000
0.919080	0.821867	-0.850886	0.000000	0.000000	0.000000	0.000000	0.000000	0.000000	0.000000
0.919245	0.821624	-0.850886	0.000000	0.000000	0.000000	0.000000	0.000000	0.000000	0.000000
0.919062	0.822051	-0.850886	-0.000000	0.000000	0.000000	0.000000	0.000000	0.000000	0.000000
0.919221	0.821643	-0.850886	0.000000	0.000000	0.000000	0.000000	0.000000	0.000000	0.000000
0.919369	0.822361	-0.850886	-0.000000	0.000000	0.000000	0.000000	0.000000	0.000000	0.000000
0.919251	0.822134	-0.850886	0.000000	0.000000	0.000000	0.000000	0.000000	0.000000	0.000000
0.919100	0.822743	-0.850886	-0.000000	0.000000	0.000000	0.000000	0.000000	0.000000	0.000000
0.919388	0.822183	-0.850886	0.000000	0.000000	0.000000	0.000000	0.000000	0.000000	0.000000
0.919184	0.821740	-0.850886	-0.000000	0.000000	0.000000	0.000000	0.000000	0.000000	0.000000
0.919143	0.822196	-0.850886	0.000000	0.000000	0.000000	0.000000	0.000000	0.000000	0.000000
0.919576	0.821894	-0.850886	-0.000000	0.000000	0.000000	0.000000	0.000000	0.000000	0.000000
0.919574	0.821939	-0.850886	0.000000	0.000000	0.000000	0.000000	0.000000	0.000000	0.000000
0.919404	0.822120	-0.850886	0.000000	0.000000	0.000000	0.000000	0.000000	0.000000	0.000000
0.919187	0.821871	-0.850525	0.000000	0.000000	0.000000	0.000000	0.000000	0.000000	0.000000
0.919176	0.821699	-0.850886	0.000000	0.000000	0.000000	0.000000	0.000000	0.000000	0.000000
0.919196	0.822223	-0.850886	-0.000000	0.000000	0.000000	0.000000	0.000000	0.000000	0.000000
0.919350	0.822147	-0.850886	0.000000	0.000000	0.000000	0.000000	0.000000	0.000000	0.000000
0.919217	0.822667	-0.850886	-0.000000	0.000000	0.000000	0.000000	0.000000	0.000000	0.000000
0.919234	0.822228	-0.850886	-0.000000	0.000000	0.000000	0.000000	0.000000	0.000000	0.000000
0.919303	0.822251	-0.850886	-0.000000	0.000000	0.000000	0.000000	0.000000	0.000000	0.000000
0.919366	0.822275	-0.850886	-0.000000	0.000000	0.000000	0.000000	0.000000	0.000000	0.000000
0.919366	0.821729	-0.850886	0.000000	0.000000	0.000000	0.000000	0.000000	0.000000	0.000000
0.919390	0.821724	-0.850886	-0.000000	0.000000	0.000000	0.000000	0.000000	0.000000	0.000000
0.919377	0.822352	-0.850886	-0.000000	0.000000	0.000000	0.000000	0.000000	0.000000	0.000000
0.918937	0.822450	-0.850886	-0.000000	0.000000	0.000000	0.000000	0.000000	0.000000	0.000000
0.919225	0.821928	-0.850885	0.000000	0.000000	0.000000	0.000000	0.000000	0.000000	0.000000
0.919104	0.820583	-0.850883	-0.000000	0.000000	0.000000	0.000000	0.000000	0.000000	0.000000
0.919386	0.821831	-0.850886	0.000000	0.000000	0.000000	0.000000	0.000000	0.000000	0.000000
0.919151	0.822184	-0.850886	0.000000	0.000000	0.000000	0.000000	0.000000	0.000000	0.000000
0.919330	0.822249	-0.850886	-0.000000	0.000000	0.000000	0.000000	0.000000	0.000000	0.000000
0.919485	0.822417	-0.850886	-0.000000	0.000000	0.000000	0.000000	0.000000	0.000000	0.000000
0.919362	0.822474	-0.850886	0.000000	0.000000	0.000000	0.000000	0.000000	0.000000	0.000000
0.919252	0.822345	-0.850886	0.000000	0.000000	0.000000	0.000000	0.000000	0.000000	0.000000
0.919518	0.821974	-0.850886	0.000000	0.000000	0.000000	0.000000	0.000000	0.000000	0.000000
0.919474	0.822241	-0.850886	0.000000	0.000000	0.000000	0.000000	0.000000	0.000000	0.000000
0.918966	0.822385	-0.850886	-0.000000	0.000000	0.000000	0.000000	0.000000	0.000000	0.000000
0.918869	0.821895	-0.850886	-0.000000	0.000000	0.000000	0.000000	0.000000	0.000000	0.000000
0.919278	0.821602	-0.850885	0.000000	0.000000	0.000000	0.000000	0.000000	0.000000	0.000000
0.919411	0.822083	-0.850886	0.000000	0.000000	0.000000	0.000000	0.000000	0.000000	0.000000
0.919239	0.821848	-0.850886	-0.000000	0.000000	0.000000	0.000000	0.000000	0.000000	0.000000
0.919610	0.822292	-0.850886	0.000000	0.000000	0.000000	0.000000	0.000000	0.000000	0.000000
0.919268	0.822242	-0.850886	-0.000000	0.000000	0.000000	0.000000	0.000000	0.000000	0.000000
0.919031	0.822429	-0.850886	0.000000	0.000000	0.000000	0.000000	0.000000	0.000000	0.000000
0.919691	0.821986	-0.850884	0.000000	0.000000	0.000000	0.000000	0.000000	0.000000	0.000000
0.919632	0.821903	-0.850886	-0.000000	0.000000	0.000000	0.000000	0.000000	0.000000	0.000000
0.919360	0.821559	-0.850886	0.000000	0.000000	0.000000	0.000000	0.000000	0.000000	0.000000
0.919337	0.821553	-0.850885	-0.000000	0.000000	0.000000	0.000000	0.000000	0.000000	0.000000
0.919043	0.822317	-0.850886	-0.000000	0.000000	0.000000	0.000000	0.000000	0.000000	0.000000
0.919211	0.822534	-0.850886	-0.000000	0.000000	0.000000	0.000000	0.000000	0.000000	0.000000
0.919125	0.822226	-0.850886	0.000000	0.000000	0.000000	0.000000	0.000000	0.000000	0.000000
0.918808	0.821087	-0.850886	-0.000000	0.000000	0.000000	0.000000	0.000000	0.000000	0.000000
0.919120	0.821976	-0.850886	-0.000000	0.000000	0.000000	0.000000	0.000000	0.000000	0.000000
0.919299	0.822794	-0.850886	0.000000	0.000000	0.000000	0.000000	0.000000	0.000000	0.000000
0.919364	0.822316	-0.850886	0.000000	0.000000	0.000000	0.000000	0.000000	0.000000	0.000000
0.919014	0.822157	-0.850886	-0.000000	0.000000	0.000000	0.000000	0.000000	0.000000	0.000000
0.919569	0.822161	-0.850886	-0.000000	0.000000	0.000000	0.000000	0.000000	0.000000	0.000000
0.919273	0.822028	-0.850886	0.000000	0.000000	0.000000	0.000000	0.000000	0.000000	0.000000
0.919310	0.821916	-0.849430	-0.000000	0.000000	0.000000	0.000000	0.000000	0.000000	0.000000
0.919434	0.821620	-0.850886	0.000000	0.000000	0.000000	0.000000	0.000000	0.000000	0.000000
0.919246	0.821592	-0.850886	-0.000000	0.000000	0.000000	0.000000	0.000000	0.000000	0.000000
0.919188	0.821863	-0.850886	-0.000000	0.000000	0.000000	0.000000	0.000000	0.000000	0.000000
0.919294	0.822673	-0.850884	0.000000	0.000000	0.000000	0.000000	0.000000	0.000000	0.000000
0.919359	0.821969	-0.850886	-0.000000	0.000000	0.000000	0.000000	0.000000	0.000000	0.000000
0.919159	0.822170	-0.850886	0.000000	0.000000	0.000000	0.000000	0.000000	0.000000	0.000000
0.919459	0.822070	-0.850886	0.000000	0.000000	0.000000	0.000000	0.000000	0.000000	0.000000
0.919230	0.821820	-0.850886	0.000000	0.000000	0.000000	0.000000	0.000000	0.000000	0.000000
0.919602	0.821879	-0.850886	-0.000000	0.000000	0.000000	0.000000	0.000000	0.000000	0.000000
0.919083	0.822075	-0.850886	-0.000000	0.000000	0.000000	0.000000	0.000000	0.000000	0.000000
0.919476	0.822198	-0.850837	-0.000000	0.000000	0.000000	0.000000	0.000000	0.000000	0.000000
0.919457	0.822380	-0.850886	0.000000	0.000000	0.000000	0.000000	0.000000	0.000000	0.000000
0.918957	0.822084	-0.850881	-0.000000	0.000000	0.000000	0.000000	0.000000	0.000000	0.000000
0.918991	0.822145	-0.850886	-0.000000	0.000000	0.000000	0.000000	0.000000	0.000000	0.000000
0.919366	0.822269	-0.850885	-0.000000	0.000000	0.000000	0.000000	0.000000	0.000000	0.000000
0.919248	0.822346	-0.850886	0.000000	0.000000	0.000000	0.000000	0.000000	0.000000	0.000000
0.919127	0.821956	-0.850886	0.000000	0.000000	0.000000	0.000000	0.000000	0.000000	0.000000
0.919373	0.821923	-0.850886	-0.000000	0.000000	0.000000	0.000000	0.000000	0.000000	0.000000
0.919494	0.821961	-0.850764	0.000000	0.000000	0.000000	0.000000	0.000000	0.000000	0.000000
0.919401	0.822796	-0.850886	0.000000	0.000000	0.000000	0.000000	0.000000	0.000000	0.000000
0.919290	0.821514	-0.850886	-0.000000	0.000000	0.000000	0.000000	0.000000	0.000000	0.000000
0.919193	0.822361	-0.850886	-0.000000	0.000000	0.000000	0.000000	0.000000	0.000000	0.000000
0.919065	0.821466	-0.850886	-0.000000	0.000000	0.000000	0.000000	0.000000	0.000000	0.000000
0.918866	0.822440	-0.850886	-0.000000	0.000000	0.000000	0.000000	0.000000	0.000000	0.000000
0.919221	0.822804	-0.850886	0.000000	0.000000	0.000000	0.000000	0.000000	0.000000	0.000000
0.919449	0.822217	-0.850885	-0.000000	0.000000	0.000000	0.000000	0.000000	0.000000	0.000000
0.919324	0.822053	-0.850886	0.000000	0.000000	0.000000	0.000000	0.000000	0.000000	0.000000
0.919110	0.822263	-0.850886	-0.000000	0.000000	0.000000	0.000000	0.000000	0.000000	0.000000
0.919252	0.822480	-0.850886	0.000000	0.000000	0.000000	0.000000	0.000000	0.000000	0.000000
0.919126	0.821535	-0.850868	0.000000	0.000000	0.000000	0.000000	0.000000	0.000000	0.000000
0.919390	0.821959	-0.850886	0.000000	0.000000	0.000000	0.000000	0.000000	0.000000	0.000000
0.919000	0.821828	-0.850886	-0.000000	0.000000	0.000000	0.000000	0.000000	0.000000	0.000000
0.919170	0.821813	-0.850886	0.000000	0.000000	0.000000	0.000000	0.000000	0.000000	0.000000
0.919498	0.822339	-0.850886	-0.000000	0.000000	0.000000	0.000000	0.000000	0.000000	0.000000
0.919302	0.822463	-0.850886	0.000000	0.000000	0.000000	0.000000	0.000000	0.000000	0.000000
0.919276	0.821954	-0.850886	0.000000	0.000000	0.000000	0.000000	0.000000	0.000000	0.000000
0.919465	0.822244	-0.850886	-0.000000	0.000000	0.000000	0.000000	0.000000	0.000000	0.000000
0.918747	-0.841948	-0.000000	0.000085	0.000000	0.000000	0.000000	0.000000	0.000000	0.000000
0.919289	-0.862625	-0.000000	0.794195	0.000000	0.000000	0.000000	0.000000	0.000000	0.000000
0.919300	-0.863303	0.000000	0.794194	0.000000	0.000000	0.000000	0.000000	0.000000	0.000000
0.919205	-0.863050	0.000000	0.794068	0.000000	0.000000	0.000000	0.000000	0.000000	0.000000
0.919195	-0.862735	-0.000000	0.794195	0.000000	0.000000	0.000000	0.000000	0.000000	0.000000
0.919140	-0.863177	0.000000	0.794194	0.000000	0.000000	0.000000	0.000000	0.000000	0.000000
0.919206	-0.862487	0.000000	0.794194	0.000000	0.000000	0.000000	0.000000	0.000000	0.000000
0.919121	-0.862582	0.000000	0.781758	0.000000	0.000000	0.000000	0.000000	0.000000	0.000000
0.919021	-0.862908	0.000000	0.794194	0.000000	0.000000	0.000000	0.000000	0.000000	0.000000
0.919154	-0.862989	0.000000	0.794194	0.000000	0.000000	0.000000	0.000000	0.000000	0.000000
0.918975	-0.862711	-0.000000	0.794195	0.000000	0.000000	0.000000	0.000000	0.000000	0.000000
0.919330	-0.862680	0.000000	0.794194	0.000000	0.000000	0.000000	0.000000	0.000000	0.000000
0.919348	-0.862569	0.000000	0.794163	0.000000	0.000000	0.000000	0.000000	0.000000	0.000000
0.919717	-0.862801	-0.000000	0.794194	0.000000	0.000000	0.000000	0.000000	0.000000	0.000000
0.919155	-0.862648	0.000000	0.794194	0.000000	0.000000	0.000000	0.000000	0.000000	0.000000
0.919360	-0.862701	-0.000000	0.794191	0.000000	0.000000	0.000000	0.000000	0.000000	0.000000
0.919152	-0.862607	0.000000	0.794194	0.000000	0.000000	0.000000	0.000000	0.000000	0.000000
0.919408	-0.862587	0.000000	0.794194	0.000000	0.000000	0.000000	0.000000	0.000000	0.000000
0.919272	-0.862448	-0.000000	0.794194	0.000000	0.000000	0.000000	0.000000	0.000000	0.000000
0.919370	-0.862388	-0.000000	0.794133	0.000000	0.000000	0.000000	0.000000	0.000000	0.000000
0.919376	-0.862641	0.000000	0.794190	0.000000	0.000000	0.000000	0.000000	0.000000	0.000000
0.919338	-0.862798	0.000000	0.794195	0.000000	0.000000	0.000000	0.000000	0.000000	0.000000
0.919181	-0.862915	0.000000	0.794194	0.000000	0.000000	0.000000	0.000000	0.000000	0.000000
0.919289	-0.862941	0.000000	0.794194	0.000000	0.000000	0.000000	0.000000	0.000000	0.000000
0.919125	-0.862617	0.000000	0.794022	0.000000	0.000000	0.000000	0.000000	0.000000	0.000000
0.919299	-0.862663	-0.000000	0.793421	0.000000	0.000000	0.000000	0.000000	0.000000	0.000000
0.919276	-0.862604	-0.000000	0.794195	0.000000	0.000000	0.000000	0.000000	0.000000	0.000000
0.919214	-0.863015	0.000000	0.793878	0.000000	0.000000	0.000000	0.000000	0.000000	0.000000
0.919253	-0.862282	0.000000	0.794192	0.000000	0.000000	0.000000	0.000000	0.000000	0.000000
0.919058	-0.862895	0.000000	0.794192	0.000000	0.000000	0.000000	0.000000	0.000000	0.000000
0.919067	-0.862660	-0.000000	0.794173	0.000000	0.000000	0.000000	0.000000	0.000000	0.000000
0.919202	-0.862941	0.000000	0.794186	0.000000	0.000000	0.000000	0.000000	0.000000	0.000000
0.919481	-0.862949	0.000000	0.794194	0.000000	0.000000	0.000000	0.000000	0.000000	0.000000
0.919314	-0.862996	0.000000	0.794194	0.000000	0.000000	0.000000	0.000000	0.000000	0.000000
0.919204	-0.862924	-0.000000	0.794137	0.000000	0.000000	0.000000	0.000000	0.000000	0.000000
0.919308	-0.862781	0.000000	0.794194	0.000000	0.000000	0.000000	0.000000	0.000000	0.000000
0.919227	-0.862235	0.000000	0.794190	0.000000	0.000000	0.000000	0.000000	0.000000	0.000000
0.919323	-0.862752	0.000000	0.794190	0.000000	0.000000	0.000000	0.000000	0.000000	0.000000
0.918801	-0.862694	0.000000	0.794036	0.000000	0.000000	0.000000	0.000000	0.000000	0.000000
0.918642	-0.862667	0.000000	0.794194	0.000000	0.000000	0.000000	0.000000	0.000000	0.000000
0.919342	-0.862443	0.000000	0.794194	0.000000	0.000000	0.000000	0.000000	0.000000	0.000000
0.919429	-0.862649	-0.000000	0.779624	0.000000	0.000000	0.000000	0.000000	0.000000	0.000000
0.919238	-0.862964	-0.000000	0.794194	0.000000	0.000000	0.000000	0.000000	0.000000	0.000000
0.919369	-0.862843	0.000000	0.794194	0.000000	0.000000	0.000000	0.000000	0.000000	0.000000
0.919069	-0.862379	-0.000000	0.794128	0.000000	0.000000	0.000000	0.000000	0.000000	0.000000
0.919430	-0.862873	0.000000	0.794194	0.000000	0.000000	0.000000	0.000000	0.000000	0.000000
0.919148	-0.863198	-0.000000	0.794067	0.000000	0.000000	0.000000	0.000000	0.000000	0.000000
0.919143	-0.862845	-0.000000	0.794191	0.000000	0.000000	0.000000	0.000000	0.000000	0.000000
0.919086	-0.862971	-0.000000	0.794194	0.000000	0.000000	0.000000	0.000000	0.000000	0.000000
0.919464	-0.862626	-0.000000	0.785022	0.000000	0.000000	0.000000	0.000000	0.000000	0.000000
0.919080	-0.862757	0.000000	0.793984	0.000000	0.000000	0.000000	0.000000	0.000000	0.000000
0.918877	-0.862863	-0.000000	0.794193	0.000000	0.000000	0.000000	0.000000	0.000000	0.000000
0.919287	-0.862884	0.000000	0.794195	0.000000	0.000000	0.000000	0.000000	0.000000	0.000000
0.919451	-0.862793	0.000000	0.794194	0.000000	0.000000	0.000000	0.000000	0.000000	0.000000
0.919464	-0.862332	-0.000000	0.794194	0.000000	0.000000	0.000000	0.000000	0.000000	0.000000
0.919289	-0.863020	-0.000000	0.794195	0.000000	0.000000	0.000000	0.000000	0.000000	0.000000
0.919508	-0.862592	-0.000000	0.794194	0.000000	0.000000	0.000000	0.000000	0.000000	0.000000
0.919212	-0.862855	-0.000000	0.794191	0.000000	0.000000	0.000000	0.000000	0.000000	0.000000
0.919091	-0.862881	0.000000	0.794194	0.000000	0.000000	0.000000	0.000000	0.000000	0.000000
0.919141	-0.862809	0.000000	0.794195	0.000000	0.000000	0.000000	0.000000	0.000000	0.000000
0.919226	-0.862864	0.000000	0.794194	0.000000	0.000000	0.000000	0.000000	0.000000	0.000000
0.919197	-0.862682	-0.000000	0.793028	0.000000	0.000000	0.000000	0.000000	0.000000	0.000000
0.919254	-0.862566	0.000000	0.794191	0.000000	0.000000	0.000000	0.000000	0.000000	0.000000
0.919362	-0.862546	0.000000	0.794195	0.000000	0.000000	0.000000	0.000000	0.000000	0.000000
0.918969	-0.862963	-0.000000	0.794194	0.000000	0.000000	0.000000	0.000000	0.000000	0.000000
0.919189	-0.862425	0.000000	0.793674	0.000000	0.000000	0.000000	0.000000	0.000000	0.000000
0.919000	-0.862869	0.000000	0.791923	0.000000	0.000000	0.000000	0.000000	0.000000	0.000000
0.919353	-0.862582	-0.000000	0.794195	0.000000	0.000000	0.000000	0.000000	0.000000	0.000000
0.919372	-0.862825	0.000000	0.794194	0.000000	0.000000	0.000000	0.000000	0.000000	0.000000
0.919377	-0.862676	0.000000	0.794194	0.000000	0.000000	0.000000	0.000000	0.000000	0.000000
0.919459	-0.862866	-0.000000	0.744462	0.000000	0.000000	0.000000	0.000000	0.000000	0.000000
0.919136	-0.862791	0.000000	0.794195	0.000000	0.000000	0.000000	0.000000	0.000000	0.000000
0.919255	-0.862443	0.000000	0.794194	0.000000	0.000000	0.000000	0.000000	0.000000	0.000000
0.918911	-0.863028	0.000000	0.794075	0.000000	0.000000	0.000000	0.000000	0.000000	0.000000
0.919173	-0.862835	0.000000	0.794194	0.000000	0.000000	0.000000	0.000000	0.000000	0.000000
0.919249	-0.862812	0.000000	0.794194	0.000000	0.000000	0.000000	0.000000	0.000000	0.000000
0.919197	-0.862533	0.000000	0.794180	0.000000	0.000000	0.000000	0.000000	0.000000	0.000000
0.919070	-0.862545	0.000000	0.794099	0.000000	0.000000	0.000000	0.000000	0.000000	0.000000
0.919413	-0.862821	0.000000	0.794194	0.000000	0.000000	0.000000	0.000000	0.000000	0.000000
0.919139	-0.862555	0.000000	0.794194	0.000000	0.000000	0.000000	0.000000	0.000000	0.000000
0.919338	-0.862793	0.000000	0.794194	0.000000	0.000000	0.000000	0.000000	0.000000	0.000000
0.919427	-0.862349	0.000000	0.794194	0.000000	0.000000	0.000000	0.000000	0.000000	0.000000
0.919199	-0.862861	-0.000000	0.794194	0.000000	0.000000	0.000000	0.000000	0.000000	0.000000
0.919597	-0.862896	0.000000	0.794194	0.000000	0.000000	0.000000	0.000000	0.000000	0.000000
0.919311	-0.862639	-0.000000	0.793744	0.000000	0.000000	0.000000	0.000000	0.000000	0.000000
0.919239	-0.862799	0.000000	0.794189	0.000000	0.000000	0.000000	0.000000	0.000000	0.000000
0.919163	-0.862793	-0.000000	0.794194	0.000000	0.000000	0.000000	0.000000	0.000000	0.000000
0.919102	-0.863033	-0.000000	0.794194	0.000000	0.000000	0.000000	0.000000	0.000000	0.000000
0.919187	-0.862583	-0.000000	0.794165	0.000000	0.000000	0.000000	0.000000	0.000000	0.000000
0.919541	-0.862669	-0.000000	0.794195	0.000000	0.000000	0.000000	0.000000	0.000000	0.000000
0.919330	-0.863027	0.000000	0.794189	0.000000	0.000000	0.000000	0.000000	0.000000	0.000000
0.918992	-0.862813	-0.000000	0.794194	0.000000	0.000000	0.000000	0.000000	0.000000	0.000000
0.918814	-0.862371	-0.000000	0.794178	0.000000	0.000000	0.000000	0.000000	0.000000	0.000000
0.919340	-0.862762	0.000000	0.794195	0.000000	0.000000	0.000000	0.000000	0.000000	0.000000
0.919111	-0.862903	-0.000000	0.794162	0.000000	0.000000	0.000000	0.000000	0.000000	0.000000
0.919144	-0.862803	-0.000000	0.794194	0.000000	0.000000	0.000000	0.000000	0.000000	0.000000
0.919133	-0.862592	-0.000000	0.783095	0.000000	0.000000	0.000000	0.000000	0.000000	0.000000
0.918983	-0.862568	-0.000000	0.794192	0.000000	0.000000	0.000000	0.000000	0.000000	0.000000
0.919160	-0.862632	0.000000	0.794195	0.000000	0.000000	0.000000	0.000000	0.000000	0.000000
0.919268	-0.863000	-0.000000	0.794194	0.000000	0.000000	0.000000	0.000000	0.000000	0.000000
0.919018	-0.863027	-0.000000	0.793033	0.000000	0.000000	0.000000	0.000000	0.000000	0.000000
0.919062	-0.862763	0.000000	0.794187	0.000000	0.000000	0.000000	0.000000	0.000000	0.000000
0.919595	-0.863053	0.000000	0.794194	0.000000	0.000000	0.000000	0.000000	0.000000	0.000000
0.919430	-0.863044	0.000000	0.794181	0.000000	0.000000	0.000000	0.000000	0.000000	0.000000
0.918833	-0.862480	-0.000000	0.794194	0.000000	0.000000	0.000000	0.000000	0.000000	0.000000
0.918906	-0.863418	-0.000000	0.792434	0.000000	0.000000	0.000000	0.000000	0.000000	0.000000
0.919467	-0.863189	0.000000	0.794194	0.000000	0.000000	0.000000	0.000000	0.000000	0.000000
0.919158	-0.862902	0.000000	0.794195	0.000000	0.000000	0.000000	0.000000	0.000000	0.000000
0.919119	-0.862809	-0.000000	0.794194	0.000000	0.000000	0.000000	0.000000	0.000000	0.000000
0.919236	-0.862725	0.000000	0.794195	0.000000	0.000000	0.000000	0.000000	0.000000	0.000000
0.919161	-0.862845	0.000000	0.794176	0.000000	0.000000	0.000000	0.000000	0.000000	0.000000
0.919062	-0.862701	-0.000000	0.794195	0.000000	0.000000	0.000000	0.000000	0.000000	0.000000
0.919085	-0.862830	-0.000000	0.794193	0.000000	0.000000	0.000000	0.000000	0.000000	0.000000
0.919491	-0.862978	0.000000	0.794192	0.000000	0.000000	0.000000	0.000000	0.000000	0.000000
0.919420	-0.863235	0.000000	0.794161	0.000000	0.000000	0.000000	0.000000	0.000000	0.000000
0.919228	-0.863103	0.000000	0.793858	0.000000	0.000000	0.000000	0.000000	0.000000	0.000000
0.919247	-0.862624	0.000000	0.794194	0.000000	0.000000	0.000000	0.000000	0.000000	0.000000
0.919037	-0.863076	0.000000	0.794194	0.000000	0.000000	0.000000	0.000000	0.000000	0.000000
0.919086	-0.862915	-0.000000	0.794194	0.000000	0.000000	0.000000	0.000000	0.000000	0.000000
0.919245	-0.862750	0.000000	0.794194	0.000000	0.000000	0.000000	0.000000	0.000000	0.000000
0.919253	-0.862947	0.000000	0.794183	0.000000	0.000000	0.000000	0.000000	0.000000	0.000000
0.919472	-0.862783	0.000000	0.794194	0.000000	0.000000	0.000000	0.000000	0.000000	0.000000
0.919077	-0.862855	0.000000	0.794194	0.000000	0.000000	0.000000	0.000000	0.000000	0.000000
0.919342	-0.862629	-0.000000	0.794193	0.000000	0.000000	0.000000	0.000000	0.000000	0.000000
0.919039	-0.862237	-0.000000	0.794194	0.000000	0.000000	0.000000	0.000000	0.000000	0.000000
0.919004	-0.862963	-0.000000	0.794191	0.000000	0.000000	0.000000	0.000000	0.000000	0.000000
0.918854	-0.862924	-0.000000	0.794190	0.000000	0.000000	0.000000	0.000000	0.000000	0.000000
0.918965	-0.863177	0.000000	0.794185	0.000000	0.000000	0.000000	0.000000	0.000000	0.000000
0.918966	-0.862751	-0.000000	0.793938	0.000000	0.000000	0.000000	0.000000	0.000000	0.000000
0.919479	-0.862641	-0.000000	0.794194	0.000000	0.000000	0.000000	0.000000	0.000000	0.000000
0.919175	-0.862355	0.000000	0.793941	0.000000	0.000000	0.000000	0.000000	0.000000	0.000000
0.919161	-0.862527	-0.000000	0.794194	0.000000	0.000000	0.000000	0.000000	0.000000	0.000000
0.919428	-0.862765	-0.000000	0.794086	0.000000	0.000000	0.000000	0.000000	0.000000	0.000000
0.919523	-0.862637	-0.000000	0.794048	0.000000	0.000000	0.000000	0.000000	0.000000	0.000000
0.918845	-0.862972	0.000000	0.794121	0.000000	0.000000	0.000000	0.000000	0.000000	0.000000
0.918821	-0.862931	-0.000000	0.794194	0.000000	0.000000	0.000000	0.000000	0.000000	0.000000
0.919087	-0.862947	-0.000000	0.781147	0.000000	0.000000	0.000000	0.000000	0.000000	0.000000
0.919518	-0.862631	0.000000	0.794194	0.000000	0.000000	0.000000	0.000000	0.000000	0.000000
0.919175	-0.862559	0.000000	0.794186	0.000000	0.000000	0.000000	0.000000	0.000000	0.000000
0.918844	-0.862884	0.000000	0.792316	0.000000	0.000000	0.000000	0.000000	0.000000	0.000000
0.919368	-0.862487	0.000000	0.794192	0.000000	0.000000	0.000000	0.000000	0.000000	0.000000
0.919407	-0.862736	-0.000000	0.794191	0.000000	0.000000	0.000000	0.000000	0.000000	0.000000
0.919194	-0.862774	-0.000000	0.794177	0.000000	0.000000	0.000000	0.000000	0.000000	0.000000
0.919298	-0.862841	0.000000	0.794192	0.000000	0.000000	0.000000	0.000000	0.000000	0.000000
0.919264	-0.862632	0.000000	0.794194	0.000000	0.000000	0.000000	0.000000	0.000000	0.000000
0.918998	-0.862464	0.000000	0.794167	0.000000	0.000000	0.000000	0.000000	0.000000	0.000000
0.919281	-0.862608	0.000000	0.794194	0.000000	0.000000	0.000000	0.000000	0.000000	0.000000
0.918913	-0.862539	-0.000000	0.794007	0.000000	0.000000	0.000000	0.000000	0.000000	0.000000
0.919275	-0.862599	0.000000	0.794194	0.000000	0.000000	0.000000	0.000000	0.000000	0.000000
0.919541	-0.862473	0.000000	0.794194	0.000000	0.000000	0.000000	0.000000	0.000000	0.000000
0.919204	-0.862863	0.000000	0.794056	0.000000	0.000000	0.000000	0.000000	0.000000	0.000000
0.918965	-0.863139	-0.000000	0.794179	0.000000	0.000000	0.000000	0.000000	0.000000	0.000000
0.919312	-0.862415	0.000000	0.794194	0.000000	0.000000	0.000000	0.000000	0.000000	0.000000
0.919440	-0.862578	-0.000000	0.794195	0.000000	0.000000	0.000000	0.000000	0.000000	0.000000
0.919173	-0.862321	0.000000	0.794194	0.000000	0.000000	0.000000	0.000000	0.000000	0.000000
0.919109	-0.863010	0.000000	0.794194	0.000000	0.000000	0.000000	0.000000	0.000000	0.000000
0.919191	-0.862904	-0.000000	0.794189	0.000000	0.000000	0.000000	0.000000	0.000000	0.000000
0.919173	-0.862450	-0.000000	0.794191	0.000000	0.000000	0.000000	0.000000	0.000000	0.000000
0.919558	-0.863176	-0.000000	0.794194	0.000000	0.000000	0.000000	0.000000	0.000000	0.000000
0.918990	-0.862854	0.000000	0.794188	0.000000	0.000000	0.000000	0.000000	0.000000	0.000000
0.919433	-0.862562	0.000000	0.794193	0.000000	0.000000	0.000000	0.000000	0.000000	0.000000
0.919063	-0.863178	0.000000	0.794195	0.000000	0.000000	0.000000	0.000000	0.000000	0.000000
0.919203	-0.862539	0.000000	0.794194	0.000000	0.000000	0.000000	0.000000	0.000000	0.000000
0.919289	-0.862550	0.000000	0.794195	0.000000	0.000000	0.000000	0.000000	0.000000	0.000000
0.919505	-0.862561	-0.000000	0.794194	0.000000	0.000000	0.000000	0.000000	0.000000	0.000000
0.919267	-0.862599	-0.000000	0.794173	0.000000	0.000000	0.000000	0.000000	0.000000	0.000000
0.919151	-0.862798	-0.000000	0.794078	0.000000	0.000000	0.000000	0.000000	0.000000	0.000000
0.919325	-0.862482	0.000000	0.794194	0.000000	0.000000	0.000000	0.000000	0.000000	0.000000
0.919097	-0.862793	-0.000000	0.790087	0.000000	0.000000	0.000000	0.000000	0.000000	0.000000
0.919030	-0.862405	-0.000000	0.785882	0.000000	0.000000	0.000000	0.000000	0.000000	0.000000
0.918970	-0.862520	0.000000	0.794194	0.000000	0.000000	0.000000	0.000000	0.000000	0.000000
0.919344	-0.862765	-0.000000	0.785879	0.000000	0.000000	0.000000	0.000000	0.000000	0.000000
0.919404	-0.862976	0.000000	0.794194	0.000000	0.000000	0.000000	0.000000	0.000000	0.000000
0.918951	-0.862521	0.000000	0.794191	0.000000	0.000000	0.000000	0.000000	0.000000	0.000000
0.919306	-0.862805	-0.000000	0.794191	0.000000	0.000000	0.000000	0.000000	0.000000	0.000000
0.919478	-0.862729	-0.000000	0.793726	0.000000	0.000000	0.000000	0.000000	0.000000	0.000000
0.919271	-0.862595	-0.000000	0.791518	0.000000	0.000000	0.000000	0.000000	0.000000	0.000000
0.919261	-0.862828	-0.000000	0.794193	0.000000	0.000000	0.000000	0.000000	0.000000	0.000000
0.919663	-0.862596	0.000000	0.794194	0.000000	0.000000	0.000000	0.000000	0.000000	0.000000
0.919565	-0.862691	0.000000	0.794193	0.000000	0.000000	0.000000	0.000000	0.000000	0.000000
0.919093	-0.862799	-0.000000	0.794192	0.000000	0.000000	0.000000	0.000000	0.000000	0.000000
0.919143	-0.862524	-0.000000	0.794190	0.000000	0.000000	0.000000	0.000000	0.000000	0.000000
0.919127	-0.862845	0.000000	0.794194	0.000000	0.000000	0.000000	0.000000	0.000000	0.000000
0.918916	-0.863269	-0.000000	0.794117	0.000000	0.000000	0.000000	0.000000	0.000000	0.000000
0.919030	-0.862997	0.000000	0.794194	0.000000	0.000000	0.000000	0.000000	0.000000	0.000000
0.919289	-0.862603	0.000000	0.794195	0.000000	0.000000	0.000000	0.000000	0.000000	0.000000
0.919009	-0.862871	0.000000	0.746362	0.000000	0.000000	0.000000	0.000000	0.000000	0.000000
0.919308	-0.862926	0.000000	0.794191	0.000000	0.000000	0.000000	0.000000	0.000000	0.000000
0.919257	-0.862531	0.000000	0.794194	0.000000	0.000000	0.000000	0.000000	0.000000	0.000000
0.919298	-0.862710	-0.000000	0.794194	0.000000	0.000000	0.000000	0.000000	0.000000	0.000000
0.918996	-0.863244	0.000000	0.793838	0.000000	0.000000	0.000000	0.000000	0.000000	0.000000
0.919263	-0.862421	0.000000	0.794194	0.000000	0.000000	0.000000	0.000000	0.000000	0.000000
0.918970	-0.862532	0.000000	0.794194	0.000000	0.000000	0.000000	0.000000	0.000000	0.000000
0.919384	-0.862686	0.000000	0.794194	0.000000	0.000000	0.000000	0.000000	0.000000	0.000000
0.919162	-0.862742	-0.000000	0.794184	0.000000	0.000000	0.000000	0.000000	0.000000	0.000000
0.919066	-0.862812	0.000000	0.794174	0.000000	0.000000	0.000000	0.000000	0.000000	0.000000
0.919272	-0.863038	-0.000000	0.794140	0.000000	0.000000	0.000000	0.000000	0.000000	0.000000
0.919278	-0.862552	-0.000000	0.794194	0.000000	0.000000	0.000000	0.000000	0.000000	0.000000
0.919550	-0.862933	-0.000000	0.794195	0.000000	0.000000	0.000000	0.000000	0.000000	0.000000
0.919281	-0.862692	0.000000	0.794194	0.000000	0.000000	0.000000	0.000000	0.000000	0.000000
0.919778	-0.862715	0.000000	0.794192	0.000000	0.000000	0.000000	0.000000	0.000000	0.000000
0.919149	-0.862863	-0.000000	0.794155	0.000000	0.000000	0.000000	0.000000	0.000000	0.000000
0.919303	-0.862805	0.000000	0.794194	0.000000	0.000000	0.000000	0.000000	0.000000	0.000000
0.919471	-0.862685	0.000000	0.794194	0.000000	0.000000	0.000000	0.000000	0.000000	0.000000
0.919266	-0.863070	0.000000	0.794194	0.000000	0.000000	0.000000	0.000000	0.000000	0.000000
0.919242	-0.862676	-0.000000	0.794116	0.000000	0.000000	0.000000	0.000000	0.000000	0.000000
0.919373	-0.862650	0.000000	0.794183	0.000000	0.000000	0.000000	0.000000	0.000000	0.000000
0.919239	-0.862771	0.000000	0.794195	0.000000	0.000000	0.000000	0.000000	0.000000	0.000000
0.919295	-0.862813	0.000000	0.794194	0.000000	0.000000	0.000000	0.000000	0.000000	0.000000
0.919331	-0.862909	0.000000	0.794195	0.000000	0.000000	0.000000	0.000000	0.000000	0.000000
0.919666	-0.862701	-0.000000	0.793921	0.000000	0.000000	0.000000	0.000000	0.000000	0.000000
0.919446	-0.862437	-0.000000	0.794194	0.000000	0.000000	0.000000	0.000000	0.000000	0.000000
0.919020	-0.862307	0.000000	0.794186	0.000000	0.000000	0.000000	0.000000	0.000000	0.000000
0.919575	-0.862988	-0.000000	0.269075	0.000000	0.000000	0.000000	0.000000	0.000000	0.000000
0.919605	-0.862638	0.000000	0.794194	0.000000	0.000000	0.000000	0.000000	0.000000	0.000000
0.919154	-0.862597	0.000000	0.794194	0.000000	0.000000	0.000000	0.000000	0.000000	0.000000
0.919417	-0.862920	0.000000	0.794194	0.000000	0.000000	0.000000	0.000000	0.000000	0.000000
0.919468	-0.862133	0.000000	0.794194	0.000000	0.000000	0.000000	0.000000	0.000000	0.000000
0.918943	-0.862875	-0.000000	0.794194	0.000000	0.000000	0.000000	0.000000	0.000000	0.000000
0.919044	-0.862814	0.000000	0.794194	0.000000	0.000000	0.000000	0.000000	0.000000	0.000000
0.919572	-0.862629	-0.000000	0.794194	0.000000	0.000000	0.000000	0.000000	0.000000	0.000000
0.918868	-0.863118	-0.000000	0.794105	0.000000	0.000000	0.000000	0.000000	0.000000	0.000000
0.919640	-0.862697	-0.000000	0.794195	0.000000	0.000000	0.000000	0.000000	0.000000	0.000000
0.919407	-0.862752	0.000000	0.794185	0.000000	0.000000	0.000000	0.000000	0.000000	0.000000
0.919303	-0.863024	0.000000	0.794187	0.000000	0.000000	0.000000	0.000000	0.000000	0.000000
0.919137	-0.863217	0.000000	0.794194	0.000000	0.000000	0.000000	0.000000	0.000000	0.000000
0.919157	-0.862998	0.000000	0.792361	0.000000	0.000000	0.000000	0.000000	0.000000	0.000000
0.919429	-0.862637	0.000000	0.794193	0.000000	0.000000	0.000000	0.000000	0.000000	0.000000
0.919295	-0.862690	0.000000	0.794194	0.000000	0.000000	0.000000	0.000000	0.000000	0.000000
0.919056	-0.862648	0.000000	0.794194	0.000000	0.000000	0.000000	0.000000	0.000000	0.000000
0.919417	-0.862411	-0.000000	0.794195	0.000000	0.000000	0.000000	0.000000	0.000000	0.000000
0.919285	-0.862706	0.000000	0.794172	0.000000	0.000000	0.000000	0.000000	0.000000	0.000000
0.919339	-0.863177	0.000000	0.794036	0.000000	0.000000	0.000000	0.000000	0.000000	0.000000
0.919325	-0.862901	-0.000000	0.794194	0.000000	0.000000	0.000000	0.000000	0.000000	0.000000
0.919532	-0.862467	-0.000000	0.794050	0.000000	0.000000	0.000000	0.000000	0.000000	0.000000
0.919185	-0.863023	0.000000	0.794194	0.000000	0.000000	0.000000	0.000000	0.000000	0.000000
0.919367	-0.862253	-0.000000	0.793720	0.000000	0.000000	0.000000	0.000000	0.000000	0.000000
0.919406	-0.863020	-0.000000	0.793952	0.000000	0.000000	0.000000	0.000000	0.000000	0.000000
0.919033	-0.862645	0.000000	0.794194	0.000000	0.000000	0.000000	0.000000	0.000000	0.000000
0.919067	-0.862818	0.000000	0.794186	0.000000	0.000000	0.000000	0.000000	0.000000	0.000000
0.919491	-0.863236	0.000000	0.794188	0.000000	0.000000	0.000000	0.000000	0.000000	0.000000
0.919525	-0.863216	0.000000	0.792154	0.000000	0.000000	0.000000	0.000000	0.000000	0.000000
0.918919	-0.862585	-0.000000	0.794166	0.000000	0.000000	0.000000	0.000000	0.000000	0.000000
0.919337	-0.862858	0.000000	0.794194	0.000000	0.000000	0.000000	0.000000	0.000000	0.000000
0.919038	-0.862948	0.000000	0.794194	0.000000	0.000000	0.000000	0.000000	0.000000	0.000000
0.919257	-0.863073	-0.000000	0.793123	0.000000	0.000000	0.000000	0.000000	0.000000	0.000000
0.919385	-0.862879	-0.000000	0.794194	0.000000	0.000000	0.000000	0.000000	0.000000	0.000000
0.919116	-0.862697	0.000000	0.794194	0.000000	0.000000	0.000000	0.000000	0.000000	0.000000
0.919230	-0.862885	0.000000	0.794194	0.000000	0.000000	0.000000	0.000000	0.000000	0.000000
0.919324	-0.862718	0.000000	0.792906	0.000000	0.000000	0.000000	0.000000	0.000000	0.000000
0.918882	-0.862201	-0.000000	-0.001763	0.000000	0.000000	0.000000	0.000000	0.000000	0.000000
0.919184	-0.862805	-0.000000	-0.833115	0.000000	0.000000	0.000000	0.000000	0.000000	0.000000
0.919198	-0.863260	-0.000000	-0.833117	0.000000	0.000000	0.000000	0.000000	0.000000	0.000000
0.919258	-0.862447	0.000000	-0.833117	0.000000	0.000000	0.000000	0.000000	0.000000	0.000000
0.919398	-0.862479	-0.000000	-0.833117	0.000000	0.000000	0.000000	0.000000	0.000000	0.000000
0.919231	-0.862858	0.000000	-0.832624	0.000000	0.000000	0.000000	0.000000	0.000000	0.000000
0.919401	-0.862874	0.000000	-0.833117	0.000000	0.000000	0.000000	0.000000	0.000000	0.000000
0.919262	-0.862490	0.000000	-0.833117	0.000000	0.000000	0.000000	0.000000	0.000000	0.000000
0.919243	-0.862687	-0.000000	-0.833100	0.000000	0.000000	0.000000	0.000000	0.000000	0.000000
0.919320	-0.863193	-0.000000	-0.833117	0.000000	0.000000	0.000000	0.000000	0.000000	0.000000
0.919385	-0.862769	0.000000	-0.833117	0.000000	0.000000	0.000000	0.000000	0.000000	0.000000
0.919396	-0.862115	0.000000	-0.833117	0.000000	0.000000	0.000000	0.000000	0.000000	0.000000
0.919132	-0.862189	-0.000000	-0.833115	0.000000	0.000000	0.000000	0.000000	0.000000	0.000000
0.919651	-0.862741	-0.000000	-0.833117	0.000000	0.000000	0.000000	0.000000	0.000000	0.000000
0.919331	-0.862568	0.000000	-0.833035	0.000000	0.000000	0.000000	0.000000	0.000000	0.000000
0.919592	-0.862721	0.000000	-0.833066	0.000000	0.000000	0.000000	0.000000	0.000000	0.000000
0.919014	-0.862499	-0.000000	-0.833117	0.000000	0.000000	0.000000	0.000000	0.000000	0.000000
0.919102	-0.863130	-0.000000	-0.833117	0.000000	0.000000	0.000000	0.000000	0.000000	0.000000
0.919468	-0.862911	0.000000	-0.833117	0.000000	0.000000	0.000000	0.000000	0.000000	0.000000
0.919075	-0.862935	0.000000	-0.833078	0.000000	0.000000	0.000000	0.000000	0.000000	0.000000
0.919161	-0.862482	-0.000000	-0.833117	0.000000	0.000000	0.000000	0.000000	0.000000	0.000000
0.919120	-0.863285	0.000000	-0.833117	0.000000	0.000000	0.000000	0.000000	0.000000	0.000000
0.919218	-0.862862	-0.000000	-0.833117	0.000000	0.000000	0.000000	0.000000	0.000000	0.000000
0.919024	-0.862846	0.000000	-0.833109	0.000000	0.000000	0.000000	0.000000	0.000000	0.000000
0.919124	-0.862490	-0.000000	-0.833113	0.000000	0.000000	0.000000	0.000000	0.000000	0.000000
0.919247	-0.862289	-0.000000	-0.833117	0.000000	0.000000	0.000000	0.000000	0.000000	0.000000
0.919095	-0.863296	0.000000	-0.833006	0.000000	0.000000	0.000000	0.000000	0.000000	0.000000
0.919422	-0.862671	-0.000000	-0.833076	0.000000	0.000000	0.000000	0.000000	0.000000	0.000000
0.919190	-0.862774	-0.000000	-0.833117	0.000000	0.000000	0.000000	0.000000	0.000000	0.000000
0.919183	-0.862671	-0.000000	-0.833105	0.000000	0.000000	0.000000	0.000000	0.000000	0.000000
0.919252	-0.862641	0.000000	-0.831102	0.000000	0.000000	0.000000	0.000000	0.000000	0.000000
0.919022	-0.862635	0.000000	-0.833117	0.000000	0.000000	0.000000	0.000000	0.000000	0.000000
0.919138	-0.862761	0.000000	-0.833117	0.000000	0.000000	0.000000	0.000000	0.000000	0.000000
0.919459	-0.862397	-0.000000	-0.833116	0.000000	0.000000	0.000000	0.000000	0.000000	0.000000
0.919313	-0.862827	0.000000	-0.833117	0.000000	0.000000	0.000000	0.000000	0.000000	0.000000
0.919238	-0.862703	0.000000	-0.833117	0.000000	0.000000	0.000000	0.000000	0.000000	0.000000
0.919327	-0.862663	0.000000	-0.833117	0.000000	0.000000	0.000000	0.000000	0.000000	0.000000
0.919684	-0.862741	-0.000000	-0.833115	0.000000	0.000000	0.000000	0.000000	0.000000	0.000000
0.919263	-0.862766	-0.000000	-0.833117	0.000000	0.000000	0.000000	0.000000	0.000000	0.000000
0.919640	-0.862658	0.000000	-0.833116	0.000000	0.000000	0.000000	0.000000	0.000000	0.000000
0.919316	-0.862622	0.000000	-0.833108	0.000000	0.000000	0.000000	0.000000	0.000000	0.000000
0.919331	-0.863059	-0.000000	-0.833117	0.000000	0.000000	0.000000	0.000000	0.000000	0.000000
0.919214	-0.862313	0.000000	-0.833111	0.000000	0.000000	0.000000	0.000000	0.000000	0.000000
0.919109	-0.862371	0.000000	-0.833117	0.000000	0.000000	0.000000	0.000000	0.000000	0.000000
0.919405	-0.862773	-0.000000	-0.833115	0.000000	0.000000	0.000000	0.000000	0.000000	0.000000
0.919316	-0.862385	-0.000000	-0.833117	0.000000	0.000000	0.000000	0.000000	0.000000	0.000000
0.919539	-0.862811	-0.000000	-0.833105	0.000000	0.000000	0.000000	0.000000	0.000000	0.000000
0.919301	-0.863310	0.000000	-0.833117	0.000000	0.000000	0.000000	0.000000	0.000000	0.000000
0.919502	-0.862715	-0.000000	-0.833110	0.000000	0.000000	0.000000	0.000000	0.000000	0.000000
0.919447	-0.862945	0.000000	-0.833103	0.000000	0.000000	0.000000	0.000000	0.000000	0.000000
0.919318	-0.862815	-0.000000	-0.833117	0.000000	0.000000	0.000000	0.000000	0.000000	0.000000
0.919222	-0.862583	0.000000	-0.833117	0.000000	0.000000	0.000000	0.000000	0.000000	0.000000
0.919536	-0.862712	0.000000	-0.833117	0.000000	0.000000	0.000000	0.000000	0.000000	0.000000
0.918998	-0.862432	0.000000	-0.833116	0.000000	0.000000	0.000000	0.000000	0.000000	0.000000
0.919340	-0.862844	-0.000000	-0.833117	0.000000	0.000000	0.000000	0.000000	0.000000	0.000000
0.919196	-0.862705	-0.000000	-0.833117	0.000000	0.000000	0.000000	0.000000	0.000000	0.000000
0.919049	-0.862968	0.000000	-0.833117	0.000000	0.000000	0.000000	0.000000	0.000000	0.000000
0.919176	-0.862522	-0.000000	-0.833117	0.000000	0.000000	0.000000	0.000000	0.000000	0.000000
0.919357	-0.862806	0.000000	-0.833117	0.000000	0.000000	0.000000	0.000000	0.000000	0.000000
0.918909	-0.862878	0.000000	-0.833115	0.000000	0.000000	0.000000	0.000000	0.000000	0.000000
0.919452	-0.862952	0.000000	-0.833117	0.000000	0.000000	0.000000	0.000000	0.000000	0.000000
0.919168	-0.862606	0.000000	-0.833117	0.000000	0.000000	0.000000	0.000000	0.000000	0.000000
0.919294	-0.862796	-0.000000	-0.833116	0.000000	0.000000	0.000000	0.000000	0.000000	0.000000
0.919386	-0.862778	0.000000	-0.833117	0.000000	0.000000	0.000000	0.000000	0.000000	0.000000
0.919254	-0.862670	0.000000	-0.833117	0.000000	0.000000	0.000000	0.000000	0.000000	0.000000
0.919033	-0.862949	0.000000	-0.833117	0.000000	0.000000	0.000000	0.000000	0.000000	0.000000
0.919355	-0.862983	-0.000000	-0.833117	0.000000	0.000000	0.000000	0.000000	0.000000	0.000000
0.919316	-0.862954	-0.000000	-0.832963	0.000000	0.000000	0.000000	0.000000	0.000000	0.000000
0.919352	-0.862337	0.000000	-0.833114	0.000000	0.000000	0.000000	0.000000	0.000000	0.000000
0.919426	-0.862375	-0.000000	-0.833117	0.000000	0.000000	0.000000	0.000000	0.000000	0.000000
0.919284	-0.862676	0.000000	-0.833116	0.000000	0.000000	0.000000	0.000000	0.000000	0.000000
0.919194	-0.862642	0.000000	-0.833117	0.000000	0.000000	0.000000	0.000000	0.000000	0.000000
0.919039	-0.862809	-0.000000	-0.833113	0.000000	0.000000	0.000000	0.000000	0.000000	0.000000
0.919256	-0.863105	0.000000	-0.833117	0.000000	0.000000	0.000000	0.000000	0.000000	0.000000
0.918993	-0.862878	-0.000000	-0.827032	0.000000	0.000000	0.000000	0.000000	0.000000	0.000000
0.919162	-0.862882	-0.000000	-0.833117	0.000000	0.000000	0.000000	0.000000	0.000000	0.000000
0.919445	-0.863012	0.000000	-0.833109	0.000000	0.000000	0.000000	0.000000	0.000000	0.000000
0.919391	-0.863076	0.000000	-0.833075	0.000000	0.000000	0.000000	0.000000	0.000000	0.000000
0.919086	-0.862782	0.000000	-0.833117	0.000000	0.000000	0.000000	0.000000	0.000000	0.000000
0.919447	-0.862872	-0.000000	-0.833117	0.000000	0.000000	0.000000	0.000000	0.000000	0.000000
0.919257	-0.862923	0.000000	-0.832945	0.000000	0.000000	0.000000	0.000000	0.000000	0.000000
0.919174	-0.862725	0.000000	-0.833117	0.000000	0.000000	0.000000	0.000000	0.000000	0.000000
0.918978	-0.862723	0.000000	-0.833117	0.000000	0.000000	0.000000	0.000000	0.000000	0.000000
0.919444	-0.862372	0.000000	-0.833115	0.000000	0.000000	0.000000	0.000000	0.000000	0.000000
0.919207	-0.862653	0.000000	-0.832582	0.000000	0.000000	0.000000	0.000000	0.000000	0.000000
0.919263	-0.863191	0.000000	-0.833110	0.000000	0.000000	0.000000	0.000000	0.000000	0.000000
0.919129	-0.862430	0.000000	-0.833117	0.000000	0.000000	0.000000	0.000000	0.000000	0.000000
0.919027	-0.862676	0.000000	-0.833076	0.000000	0.000000	0.000000	0.000000	0.000000	0.000000
0.919519	-0.862622	-0.000000	-0.833082	0.000000	0.000000	0.000000	0.000000	0.000000	0.000000
0.919314	-0.863038	-0.000000	-0.833117	0.000000	0.000000	0.000000	0.000000	0.000000	0.000000
0.919254	-0.862781	0.000000	-0.833117	0.000000	0.000000	0.000000	0.000000	0.000000	0.000000
0.919003	-0.863014	0.000000	-0.833117	0.000000	0.000000	0.000000	0.000000	0.000000	0.000000
0.919021	-0.862459	0.000000	-0.833116	0.000000	0.000000	0.000000	0.000000	0.000000	0.000000
0.918983	-0.862474	0.000000	-0.833097	0.000000	0.000000	0.000000	0.000000	0.000000	0.000000
0.919207	-0.862617	0.000000	-0.833117	0.000000	0.000000	0.000000	0.000000	0.000000	0.000000
0.919241	-0.863082	0.000000	-0.833117	0.000000	0.000000	0.000000	0.000000	0.000000	0.000000
0.919032	-0.862558	0.000000	-0.833117	0.000000	0.000000	0.000000	0.000000	0.000000	0.000000
0.919089	-0.862923	-0.000000	-0.833117	0.000000	0.000000	0.000000	0.000000	0.000000	0.000000
0.918962	-0.862430	0.000000	-0.833109	0.000000	0.000000	0.000000	0.000000	0.000000	0.000000
0.919154	-0.862859	0.000000	-0.833116	0.000000	0.000000	0.000000	0.000000	0.000000	0.000000
0.919090	-0.862969	-0.000000	-0.832817	0.000000	0.000000	0.000000	0.000000	0.000000	0.000000
0.919598	-0.862716	0.000000	-0.833117	0.000000	0.000000	0.000000	0.000000	0.000000	0.000000
0.919672	-0.862351	-0.000000	-0.833117	0.000000	0.000000	0.000000	0.000000	0.000000	0.000000
0.919366	-0.862902	0.000000	-0.832843	0.000000	0.000000	0.000000	0.000000	0.000000	0.000000
0.919071	-0.863103	-0.000000	-0.831923	0.000000	0.000000	0.000000	0.000000	0.000000	0.000000
0.919151	-0.862398	0.000000	-0.833117	0.000000	0.000000	0.000000	0.000000	0.000000	0.000000
0.919684	-0.862724	0.000000	-0.832955	0.000000	0.000000	0.000000	0.000000	0.000000	0.000000
0.919389	-0.862687	-0.000000	-0.833117	0.000000	0.000000	0.000000	0.000000	0.000000	0.000000
0.919296	-0.862616	-0.000000	-0.833097	0.000000	0.000000	0.000000	0.000000	0.000000	0.000000
0.919393	-0.862797	0.000000	-0.833116	0.000000	0.000000	0.000000	0.000000	0.000000	0.000000
0.919256	-0.862850	-0.000000	-0.833117	0.000000	0.000000	0.000000	0.000000	0.000000	0.000000
0.919296	-0.863094	0.000000	-0.833096	0.000000	0.000000	0.000000	0.000000	0.000000	0.000000
0.919050	-0.862890	0.000000	-0.833046	0.000000	0.000000	0.000000	0.000000	0.000000	0.000000
0.918962	-0.862673	0.000000	-0.833117	0.000000	0.000000	0.000000	0.000000	0.000000	0.000000
0.919107	-0.862471	-0.000000	-0.833090	0.000000	0.000000	0.000000	0.000000	0.000000	0.000000
0.919315	-0.862659	-0.000000	-0.833116	0.000000	0.000000	0.000000	0.000000	0.000000	0.000000
0.919265	-0.862953	-0.000000	-0.832662	0.000000	0.000000	0.000000	0.000000	0.000000	0.000000
0.919260	-0.863135	0.000000	-0.833115	0.000000	0.000000	0.000000	0.000000	0.000000	0.000000
0.919397	-0.863059	0.000000	-0.833117	0.000000	0.000000	0.000000	0.000000	0.000000	0.000000
0.919140	-0.862947	0.000000	-0.832812	0.000000	0.000000	0.000000	0.000000	0.000000	0.000000
0.919081	-0.863076	0.000000	-0.833115	0.000000	0.000000	0.000000	0.000000	0.000000	0.000000
0.919205	-0.862380	-0.000000	-0.833117	0.000000	0.000000	0.000000	0.000000	0.000000	0.000000
0.919212	-0.862531	0.000000	-0.833107	0.000000	0.000000	0.000000	0.000000	0.000000	0.000000
0.919361	-0.862592	-0.000000	-0.833117	0.000000	0.000000	0.000000	0.000000	0.000000	0.000000
0.919041	-0.863025	0.000000	-0.833117	0.000000	0.000000	0.000000	0.000000	0.000000	0.000000
0.919502	-0.862967	0.000000	-0.833117	0.000000	0.000000	0.000000	0.000000	0.000000	0.000000
0.919046	-0.862662	-0.000000	-0.833102	0.000000	0.000000	0.000000	0.000000	0.000000	0.000000
0.919022	-0.862945	-0.000000	-0.833015	0.000000	0.000000	0.000000	0.000000	0.000000	0.000000
0.919183	-0.863078	0.000000	-0.833116	0.000000	0.000000	0.000000	0.000000	0.000000	0.000000
0.919240	-0.862453	-0.000000	-0.833117	0.000000	0.000000	0.000000	0.000000	0.000000	0.000000
0.919590	-0.863156	-0.000000	-0.832055	0.000000	0.000000	0.000000	0.000000	0.000000	0.000000
0.919385	-0.862731	-0.000000	-0.833107	0.000000	0.000000	0.000000	0.000000	0.000000	0.000000
0.919028	-0.862597	-0.000000	-0.833117	0.000000	0.000000	0.000000	0.000000	0.000000	0.000000
0.919066	-0.862806	-0.000000	-0.833115	0.000000	0.000000	0.000000	0.000000	0.000000	0.000000
0.918941	-0.863254	0.000000	-0.833116	0.000000	0.000000	0.000000	0.000000	0.000000	0.000000
0.919130	-0.862489	-0.000000	-0.833117	0.000000	0.000000	0.000000	0.000000	0.000000	0.000000
0.919091	-0.862699	0.000000	-0.833096	0.000000	0.000000	0.000000	0.000000	0.000000	0.000000
0.919104	-0.863335	0.000000	-0.833117	0.000000	0.000000	0.000000	0.000000	0.000000	0.000000
0.919249	-0.862611	0.000000	-0.833117	0.000000	0.000000	0.000000	0.000000	0.000000	0.000000
0.919476	-0.863151	0.000000	-0.833117	0.000000	0.000000	0.000000	0.000000	0.000000	0.000000
0.919392	-0.862973	0.000000	-0.833117	0.000000	0.000000	0.000000	0.000000	0.000000	0.000000
0.919458	-0.862749	0.000000	-0.833116	0.000000	0.000000	0.000000	0.000000	0.000000	0.000000
0.918759	-0.862801	0.000000	-0.832986	0.000000	0.000000	0.000000	0.000000	0.000000	0.000000
0.919060	-0.863070	0.000000	-0.833109	0.000000	0.000000	0.000000	0.000000	0.000000	0.000000
0.919017	-0.863354	0.000000	-0.833112	0.000000	0.000000	0.000000	0.000000	0.000000	0.000000
0.919117	-0.862568	-0.000000	-0.833117	0.000000	0.000000	0.000000	0.000000	0.000000	0.000000
0.919225	-0.862612	-0.000000	-0.833087	0.000000	0.000000	0.000000	0.000000	0.000000	0.000000
0.919049	-0.863072	0.000000	-0.832792	0.000000	0.000000	0.000000	0.000000	0.000000	0.000000
0.919553	-0.862332	0.000000	-0.813046	0.000000	0.000000	0.000000	0.000000	0.000000	0.000000
0.919185	-0.863212	-0.000000	-0.833117	0.000000	0.000000	0.000000	0.000000	0.000000	0.000000
0.919213	-0.862675	0.000000	-0.833117	0.000000	0.000000	0.000000	0.000000	0.000000	0.000000
0.919243	-0.863071	0.000000	-0.833002	0.000000	0.000000	0.000000	0.000000	0.000000	0.000000
0.919659	-0.863026	-0.000000	-0.832090	0.000000	0.000000	0.000000	0.000000	0.000000	0.000000
0.919035	-0.862699	-0.000000	-0.833112	0.000000	0.000000	0.000000	0.000000	0.000000	0.000000
0.919235	-0.862775	-0.000000	-0.833117	0.000000	0.000000	0.000000	0.000000	0.000000	0.000000
0.919742	-0.862502	0.000000	-0.833117	0.000000	0.000000	0.000000	0.000000	0.000000	0.000000
0.919199	-0.862737	-0.000000	-0.833116	0.000000	0.000000	0.000000	0.000000	0.000000	0.000000
0.918895	-0.863138	0.000000	-0.833117	0.000000	0.000000	0.000000	0.000000	0.000000	0.000000
0.919609	-0.862394	-0.000000	-0.833092	0.000000	0.000000	0.000000	0.000000	0.000000	0.000000
0.919226	-0.862797	0.000000	-0.833117	0.000000	0.000000	0.000000	0.000000	0.000000	0.000000
0.919247	-0.862896	-0.000000	-0.833117	0.000000	0.000000	0.000000	0.000000	0.000000	0.000000
0.919236	-0.863236	-0.000000	-0.833116	0.000000	0.000000	0.000000	0.000000	0.000000	0.000000
0.919334	-0.862413	-0.000000	-0.833117	0.000000	0.000000	0.000000	0.000000	0.000000	0.000000
0.919207	-0.862283	0.000000	-0.833117	0.000000	0.000000	0.000000	0.000000	0.000000	0.000000
0.919129	-0.862635	0.000000	-0.833071	0.000000	0.000000	0.000000	0.000000	0.000000	0.000000
0.919455	-0.862425	-0.000000	-0.833117	0.000000	0.000000	0.000000	0.000000	0.000000	0.000000
0.919244	-0.862442	0.000000	-0.833117	0.000000	0.000000	0.000000	0.000000	0.000000	0.000000
0.919308	-0.862986	-0.000000	-0.832885	0.000000	0.000000	0.000000	0.000000	0.000000	0.000000
0.919090	-0.863010	-0.000000	-0.833117	0.000000	0.000000	0.000000	0.000000	0.000000	0.000000
0.919274	-0.862733	0.000000	-0.833117	0.000000	0.000000	0.000000	0.000000	0.000000	0.000000
0.919508	-0.862567	0.000000	-0.833116	0.000000	0.000000	0.000000	0.000000	0.000000	0.000000
0.919064	-0.862775	-0.000000	-0.833113	0.000000	0.000000	0.000000	0.000000	0.000000	0.000000
0.919209	-0.862848	0.000000	-0.833117	0.000000	0.000000	0.000000	0.000000	0.000000	0.000000
0.919134	-0.862484	-0.000000	-0.833117	0.000000	0.000000	0.000000	0.000000	0.000000	0.000000
0.919169	-0.862498	-0.000000	-0.833117	0.000000	0.000000	0.000000	0.000000	0.000000	0.000000
0.919252	-0.862974	0.000000	-0.833117	0.000000	0.000000	0.000000	0.000000	0.000000	0.000000
0.919282	-0.863141	0.000000	-0.833110	0.000000	0.000000	0.000000	0.000000	0.000000	0.000000
0.919049	-0.863023	0.000000	-0.833117	0.000000	0.000000	0.000000	0.000000	0.000000	0.000000
0.919372	-0.862982	-0.000000	-0.833117	0.000000	0.000000	0.000000	0.000000	0.000000	0.000000
0.919019	-0.862856	0.000000	-0.833110	0.000000	0.000000	0.000000	0.000000	0.000000	0.000000
0.919379	-0.862965	0.000000	-0.833117	0.000000	0.000000	0.000000	0.000000	0.000000	0.000000
0.919339	-0.862918	0.000000	-0.833035	0.000000	0.000000	0.000000	0.000000	0.000000	0.000000
0.919208	-0.862664	-0.000000	-0.833082	0.000000	0.000000	0.000000	0.000000	0.000000	0.000000
0.919370	-0.863022	0.000000	-0.833117	0.000000	0.000000	0.000000	0.000000	0.000000	0.000000
0.918813	-0.863162	-0.000000	-0.833117	0.000000	0.000000	0.000000	0.000000	0.000000	0.000000
0.919073	-0.862685	0.000000	-0.833117	0.000000	0.000000	0.000000	0.000000	0.000000	0.000000
0.919063	-0.863127	-0.000000	-0.833117	0.000000	0.000000	0.000000	0.000000	0.000000	0.000000
0.919552	-0.863034	-0.000000	-0.829763	0.000000	0.000000	0.000000	0.000000	0.000000	0.000000
0.919420	-0.862689	-0.000000	-0.833117	0.000000	0.000000	0.000000	0.000000	0.000000	0.000000
0.919225	-0.862834	-0.000000	-0.798490	0.000000	0.000000	0.000000	0.000000	0.000000	0.000000
0.919208	-0.863132	0.000000	-0.833117	0.000000	0.000000	0.000000	0.000000	0.000000	0.000000
0.919082	-0.862873	0.000000	-0.832509	0.000000	0.000000	0.000000	0.000000	0.000000	0.000000
0.919363	-0.862737	0.000000	-0.833117	0.000000	0.000000	0.000000	0.000000	0.000000	0.000000
0.919180	-0.862744	-0.000000	-0.833052	0.000000	0.000000	0.000000	0.000000	0.000000	0.000000
0.919227	-0.862989	-0.000000	-0.833117	0.000000	0.000000	0.000000	0.000000	0.000000	0.000000
0.919241	-0.862954	-0.000000	-0.833104	0.000000	0.000000	0.000000	0.000000	0.000000	0.000000
0.919124	-0.862770	-0.000000	-0.833116	0.000000	0.000000	0.000000	0.000000	0.000000	0.000000
0.919441	-0.862611	0.000000	-0.833117	0.000000	0.000000	0.000000	0.000000	0.000000	0.000000
0.919111	-0.863162	-0.000000	-0.833117	0.000000	0.000000	0.000000	0.000000	0.000000	0.000000
0.919288	-0.862724	-0.000000	-0.833113	0.000000	0.000000	0.000000	0.000000	0.000000	0.000000
0.919255	-0.862567	-0.000000	-0.833117	0.000000	0.000000	0.000000	0.000000	0.000000	0.000000
0.919465	-0.862869	-0.000000	-0.833117	0.000000	0.000000	0.000000	0.000000	0.000000	0.000000
0.919327	-0.862256	0.000000	-0.833116	0.000000	0.000000	0.000000	0.000000	0.000000	0.000000
0.919386	-0.862770	-0.000000	-0.833117	0.000000	0.000000	0.000000	0.000000	0.000000	0.000000
0.919062	-0.863263	0.000000	-0.833117	0.000000	0.000000	0.000000	0.000000	0.000000	0.000000
0.919220	-0.862924	0.000000	-0.833117	0.000000	0.000000	0.000000	0.000000	0.000000	0.000000
0.918996	-0.862525	-0.000000	-0.833117	0.000000	0.000000	0.000000	0.000000	0.000000	0.000000
0.919043	-0.863001	0.000000	-0.833117	0.000000	0.000000	0.000000	0.000000	0.000000	0.000000
0.919106	-0.862701	-0.000000	-0.833117	0.000000	0.000000	0.000000	0.000000	0.000000	0.000000
0.919120	-0.862460	0.000000	-0.833115	0.000000	0.000000	0.000000	0.000000	0.000000	0.000000
0.919339	-0.862395	0.000000	-0.832711	0.000000	0.000000	0.000000	0.000000	0.000000	0.000000
0.919206	-0.862894	0.000000	-0.833117	0.000000	0.000000	0.000000	0.000000	0.000000	0.000000
0.918986	-0.862691	0.000000	-0.833112	0.000000	0.000000	0.000000	0.000000	0.000000	0.000000
0.919197	-0.862372	0.000000	-0.833117	0.000000	0.000000	0.000000	0.000000	0.000000	0.000000
0.919516	-0.862872	0.000000	-0.832488	0.000000	0.000000	0.000000	0.000000	0.000000	0.000000
0.919197	-0.862159	0.000000	-0.833114	0.000000	0.000000	0.000000	0.000000	0.000000	0.000000
0.919562	-0.862987	0.000000	-0.833117	0.000000	0.000000	0.000000	0.000000	0.000000	0.000000
0.919153	-0.863180	0.000000	-0.833117	0.000000	0.000000	0.000000	0.000000	0.000000	0.000000
0.919461	-0.862399	0.000000	-0.833110	0.000000	0.000000	0.000000	0.000000	0.000000	0.000000
0.919055	-0.862693	0.000000	-0.833091	0.000000	0.000000	0.000000	0.000000	0.000000	0.000000
0.919373	-0.862775	0.000000	-0.833091	0.000000	0.000000	0.000000	0.000000	0.000000	0.000000
0.919412	-0.862485	0.000000	-0.833117	0.000000	0.000000	0.000000	0.000000	0.000000	0.000000
0.919061	-0.862366	0.000000	-0.833117	0.000000	0.000000	0.000000	0.000000	0.000000	0.000000
0.919182	-0.862884	-0.000000	-0.833116	0.000000	0.000000	0.000000	0.000000	0.000000	0.000000
0.919242	-0.862780	0.000000	-0.833114	0.000000	0.000000	0.000000	0.000000	0.000000	0.000000
0.919266	-0.862551	0.000000	-0.833115	0.000000	0.000000	0.000000	0.000000	0.000000	0.000000
0.919244	-0.862608	0.000000	-0.833117	0.000000	0.000000	0.000000	0.000000	0.000000	0.000000
0.919481	-0.862568	0.000000	-0.833117	0.000000	0.000000	0.000000	0.000000	0.000000	0.000000
0.919173	-0.862671	0.000000	-0.833116	0.000000	0.000000	0.000000	0.000000	0.000000	0.000000
0.918884	-0.862795	0.000000	-0.833113	0.000000	0.000000	0.000000	0.000000	0.000000	0.000000
0.919443	-0.862487	-0.000000	-0.833117	0.000000	0.000000	0.000000	0.000000	0.000000	0.000000
0.919602	-0.862825	-0.000000	-0.833103	0.000000	0.000000	0.000000	0.000000	0.000000	0.000000
0.919038	-0.862833	-0.000000	-0.833117	0.000000	0.000000	0.000000	0.000000	0.000000	0.000000
0.919288	-0.862551	-0.000000	-0.822383	0.000000	0.000000	0.000000	0.000000	0.000000	0.000000
0.919565	-0.862612	-0.000000	-0.833116	0.000000	0.000000	0.000000	0.000000	0.000000	0.000000
0.919476	-0.862893	0.000000	-0.833117	0.000000	0.000000	0.000000	0.000000	0.000000	0.000000
0.919411	-0.862951	0.000000	-0.833110	0.000000	0.000000	0.000000	0.000000	0.000000	0.000000
0.919470	-0.862516	-0.000000	-0.833117	0.000000	0.000000	0.000000	0.000000	0.000000	0.000000
0.919156	-0.862763	0.000000	-0.833099	0.000000	0.000000	0.000000	0.000000	0.000000	0.000000
0.919219	-0.862300	0.000000	-0.785100	0.000000	0.000000	0.000000	0.000000	0.000000	0.000000
0.919257	-0.862827	-0.000000	-0.833111	0.000000	0.000000	0.000000	0.000000	0.000000	0.000000
0.919438	-0.862745	-0.000000	-0.833117	0.000000	0.000000	0.000000	0.000000	0.000000	0.000000
0.919551	-0.862681	0.000000	-0.833061	0.000000	0.000000	0.000000	0.000000	0.000000	0.000000
0.919272	-0.862912	0.000000	-0.833093	0.000000	0.000000	0.000000	0.000000	0.000000	0.000000
0.919222	-0.863365	-0.000000	-0.833114	0.000000	0.000000	0.000000	0.000000	0.000000	0.000000
0.919132	-0.862958	0.000000	-0.833115	0.000000	0.000000	0.000000	0.000000	0.000000	0.000000
0.919539	-0.859204	0.000000	-0.833116	0.000000	0.000000	0.000000	0.000000	0.000000	0.000000
0.919159	-0.862821	0.000000	-0.833117	0.000000	0.000000	0.000000	0.000000	0.000000	0.000000
0.919403	-0.862855	-0.000000	-0.832870	0.000000	0.000000	0.000000	0.000000	0.000000	0.000000
0.919137	-0.863050	0.000000	-0.833117	0.000000	0.000000	0.000000	0.000000	0.000000	0.000000
