0.907177	0.817068	0.826614	-0.000000	0.000000	0.000000	0.000000	0.000000	0.000000	0.000000
0.907177	0.817133	0.826750	0.000000	0.000000	0.000000	0.000000	0.000000	0.000000	0.000000
0.907177	0.817396	0.826697	-0.000000	0.000000	0.000000	0.000000	0.000000	0.000000	0.000000
0.907177	0.816933	0.826630	0.000000	0.000000	0.000000	0.000000	0.000000	0.000000	0.000000
0.907177	0.817424	0.826708	0.000000	0.000000	0.000000	0.000000	0.000000	0.000000	0.000000
0.907177	0.817230	0.826687	-0.000000	0.000000	0.000000	0.000000	0.000000	0.000000	0.000000
0.907177	0.817057	0.826603	-0.000000	0.000000	0.000000	0.000000	0.000000	0.000000	0.000000
0.907177	0.817204	0.826691	0.000000	0.000000	0.000000	0.000000	0.000000	0.000000	0.000000
0.907177	0.816982	0.826686	-0.000000	0.000000	0.000000	0.000000	0.000000	0.000000	0.000000
0.907177	0.817140	0.826664	-0.000000	0.000000	0.000000	0.000000	0.000000	0.000000	0.000000
0.907178	0.816941	0.826651	-0.000000	0.000000	0.000000	0.000000	0.000000	0.000000	0.000000
0.907177	0.816734	0.826195	0.000000	0.000000	0.000000	0.000000	0.000000	0.000000	0.000000
0.907177	0.817259	0.826840	-0.000000	0.000000	0.000000	0.000000	0.000000	0.000000	0.000000
0.907177	0.816934	0.826658	-0.000000	0.000000	0.000000	0.000000	0.000000	0.000000	0.000000
0.907177	0.817012	0.826610	0.000000	0.000000	0.000000	0.000000	0.000000	0.000000	0.000000
0.907177	0.816997	0.826707	0.000000	0.000000	0.000000	0.000000	0.000000	0.000000	0.000000
0.907177	0.816897	0.826909	0.000000	0.000000	0.000000	0.000000	0.000000	0.000000	0.000000
0.907177	0.816618	0.826659	0.000000	0.000000	0.000000	0.000000	0.000000	0.000000	0.000000
0.907177	0.817386	0.826620	-0.000000	0.000000	0.000000	0.000000	0.000000	0.000000	0.000000
0.907177	0.816817	0.826772	-0.000000	0.000000	0.000000	0.000000	0.000000	0.000000	0.000000
0.907177	0.816554	0.826513	0.000000	0.000000	0.000000	0.000000	0.000000	0.000000	0.000000
0.907177	0.817007	0.826652	0.000000	0.000000	0.000000	0.000000	0.000000	0.000000	0.000000
0.907177	0.816934	0.826652	-0.000000	0.000000	0.000000	0.000000	0.000000	0.000000	0.000000
0.907177	0.817016	0.826740	-0.000000	0.000000	0.000000	0.000000	0.000000	0.000000	0.000000
0.907177	0.816768	0.826676	0.000000	0.000000	0.000000	0.000000	0.000000	0.000000	0.000000
0.907177	0.816873	0.826722	-0.000000	0.000000	0.000000	0.000000	0.000000	0.000000	0.000000
0.907177	0.816906	0.781921	-0.000000	0.000000	0.000000	0.000000	0.000000	0.000000	0.000000
0.907177	0.816594	0.826732	0.000000	0.000000	0.000000	0.000000	0.000000	0.000000	0.000000
0.907178	0.816870	0.826616	0.000000	0.000000	0.000000	0.000000	0.000000	0.000000	0.000000
0.907177	0.816816	0.826668	-0.000000	0.000000	0.000000	0.000000	0.000000	0.000000	0.000000
0.907177	0.816687	0.826664	0.000000	0.000000	0.000000	0.000000	0.000000	0.000000	0.000000
0.907177	0.817077	0.826840	-0.000000	0.000000	0.000000	0.000000	0.000000	0.000000	0.000000
0.907177	0.816910	0.826756	0.000000	0.000000	0.000000	0.000000	0.000000	0.000000	0.000000
0.907177	0.816797	0.826663	-0.000000	0.000000	0.000000	0.000000	0.000000	0.000000	0.000000
0.907177	0.817195	0.826720	0.000000	0.000000	0.000000	0.000000	0.000000	0.000000	0.000000
0.907177	0.817095	0.826693	-0.000000	0.000000	0.000000	0.000000	0.000000	0.000000	0.000000
0.907177	0.816867	0.826652	-0.000000	0.000000	0.000000	0.000000	0.000000	0.000000	0.000000
0.907177	0.817249	0.826920	-0.000000	0.000000	0.000000	0.000000	0.000000	0.000000	0.000000
0.907177	0.816911	0.826572	0.000000	0.000000	0.000000	0.000000	0.000000	0.000000	0.000000
0.907177	0.815880	0.826712	-0.000000	0.000000	0.000000	0.000000	0.000000	0.000000	0.000000
0.907177	0.816974	0.826733	0.000000	0.000000	0.000000	0.000000	0.000000	0.000000	0.000000
0.907177	0.817124	0.826716	-0.000000	0.000000	0.000000	0.000000	0.000000	0.000000	0.000000
0.907177	0.817043	0.826580	-0.000000	0.000000	0.000000	0.000000	0.000000	0.000000	0.000000
0.907178	0.817079	0.826537	0.000000	0.000000	0.000000	0.000000	0.000000	0.000000	0.000000
0.907177	0.817500	0.826912	0.000000	0.000000	0.000000	0.000000	0.000000	0.000000	0.000000
0.907177	0.817253	0.826732	0.000000	0.000000	0.000000	0.000000	0.000000	0.000000	0.000000
0.907177	0.817292	0.826709	-0.000000	0.000000	0.000000	0.000000	0.000000	0.000000	0.000000
0.907177	0.817279	0.825694	-0.000000	0.000000	0.000000	0.000000	0.000000	0.000000	0.000000
0.907177	0.817367	0.826724	0.000000	0.000000	0.000000	0.000000	0.000000	0.000000	0.000000
0.907177	0.817156	0.826696	-0.000000	0.000000	0.000000	0.000000	0.000000	0.000000	0.000000
0.907178	0.816810	0.826611	0.000000	0.000000	0.000000	0.000000	0.000000	0.000000	0.000000
0.907177	0.817093	0.826688	-0.000000	0.000000	0.000000	0.000000	0.000000	0.000000	0.000000
0.907177	0.817094	0.826916	0.000000	0.000000	0.000000	0.000000	0.000000	0.000000	0.000000
0.907177	0.817075	0.826807	-0.000000	0.000000	0.000000	0.000000	0.000000	0.000000	0.000000
0.907177	0.816789	0.826775	0.000000	0.000000	0.000000	0.000000	0.000000	0.000000	0.000000
0.907177	0.816704	0.826810	0.000000	0.000000	0.000000	0.000000	0.000000	0.000000	0.000000
0.907177	0.817264	0.826691	0.000000	0.000000	0.000000	0.000000	0.000000	0.000000	0.000000
0.907177	0.817040	0.826700	0.000000	0.000000	0.000000	0.000000	0.000000	0.000000	0.000000
0.907177	0.817222	0.826572	0.000000	0.000000	0.000000	0.000000	0.000000	0.000000	0.000000
0.907177	0.816731	0.826646	0.000000	0.000000	0.000000	0.000000	0.000000	0.000000	0.000000
0.907177	0.816578	0.826768	0.000000	0.000000	0.000000	0.000000	0.000000	0.000000	0.000000
0.907177	0.816992	0.826733	0.000000	0.000000	0.000000	0.000000	0.000000	0.000000	0.000000
0.907177	0.816965	0.826478	0.000000	0.000000	0.000000	0.000000	0.000000	0.000000	0.000000
0.907177	0.816982	0.826929	0.000000	0.000000	0.000000	0.000000	0.000000	0.000000	0.000000
0.907177	0.816991	0.826739	0.000000	0.000000	0.000000	0.000000	0.000000	0.000000	0.000000
0.907177	0.817134	0.826515	0.000000	0.000000	0.000000	0.000000	0.000000	0.000000	0.000000
0.907177	0.817058	0.826597	-0.000000	0.000000	0.000000	0.000000	0.000000	0.000000	0.000000
0.907177	0.817091	0.826770	0.000000	0.000000	0.000000	0.000000	0.000000	0.000000	0.000000
0.907177	0.817140	0.826717	-0.000000	0.000000	0.000000	0.000000	0.000000	0.000000	0.000000
0.907177	0.816836	0.826828	0.000000	0.000000	0.000000	0.000000	0.000000	0.000000	0.000000
0.907177	0.817167	0.826646	0.000000	0.000000	0.000000	0.000000	0.000000	0.000000	0.000000
0.907177	0.817161	0.826745	-0.000000	0.000000	0.000000	0.000000	0.000000	0.000000	0.000000
0.907177	0.817134	0.826930	0.000000	0.000000	0.000000	0.000000	0.000000	0.000000	0.000000
0.907177	0.816937	0.826659	0.000000	0.000000	0.000000	0.000000	0.000000	0.000000	0.000000
0.907177	0.817033	0.826756	-0.000000	0.000000	0.000000	0.000000	0.000000	0.000000	0.000000
0.907177	0.816925	0.826677	-0.000000	0.000000	0.000000	0.000000	0.000000	0.000000	0.000000
0.907177	0.817216	0.826770	-0.000000	0.000000	0.000000	0.000000	0.000000	0.000000	0.000000
0.907177	0.816972	0.826537	-0.000000	0.000000	0.000000	0.000000	0.000000	0.000000	0.000000
0.907177	0.816673	0.826737	0.000000	0.000000	0.000000	0.000000	0.000000	0.000000	0.000000
0.907177	0.817053	0.826751	0.000000	0.000000	0.000000	0.000000	0.000000	0.000000	0.000000
0.907177	0.817010	0.826648	-0.000000	0.000000	0.000000	0.000000	0.000000	0.000000	0.000000
0.907177	0.816728	0.826590	-0.000000	0.000000	0.000000	0.000000	0.000000	0.000000	0.000000
0.907177	0.816783	0.826654	-0.000000	0.000000	0.000000	0.000000	0.000000	0.000000	0.000000
0.907177	0.816662	0.826602	-0.000000	0.000000	0.000000	0.000000	0.000000	0.000000	0.000000
0.907177	0.817195	0.826672	-0.000000	0.000000	0.000000	0.000000	0.000000	0.000000	0.000000
0.907178	0.816975	0.826535	-0.000000	0.000000	0.000000	0.000000	0.000000	0.000000	0.000000
0.907177	0.816952	0.826654	-0.000000	0.000000	0.000000	0.000000	0.000000	0.000000	0.000000
0.907177	0.816668	0.826697	-0.000000	0.000000	0.000000	0.000000	0.000000	0.000000	0.000000
0.907177	0.816784	0.826629	-0.000000	0.000000	0.000000	0.000000	0.000000	0.000000	0.000000
0.907177	0.816810	0.826724	0.000000	0.000000	0.000000	0.000000	0.000000	0.000000	0.000000
0.907177	0.817095	0.826624	0.000000	0.000000	0.000000	0.000000	0.000000	0.000000	0.000000
0.907177	0.816661	0.826764	0.000000	0.000000	0.000000	0.000000	0.000000	0.000000	0.000000
0.907177	0.817014	0.826496	0.000000	0.000000	0.000000	0.000000	0.000000	0.000000	0.000000
0.907178	0.816843	0.826725	0.000000	0.000000	0.000000	0.000000	0.000000	0.000000	0.000000
0.907177	0.816985	0.826711	0.000000	0.000000	0.000000	0.000000	0.000000	0.000000	0.000000
0.907177	0.816785	0.826851	-0.000000	0.000000	0.000000	0.000000	0.000000	0.000000	0.000000
0.907177	0.816793	0.826801	-0.000000	0.000000	0.000000	0.000000	0.000000	0.000000	0.000000
0.907177	0.816982	0.826755	-0.000000	0.000000	0.000000	0.000000	0.000000	0.000000	0.000000
0.907177	0.817086	0.826763	-0.000000	0.000000	0.000000	0.000000	0.000000	0.000000	0.000000
0.907177	0.816840	0.826674	0.000000	0.000000	0.000000	0.000000	0.000000	0.000000	0.000000
0.907177	0.817014	0.826898	-0.000000	0.000000	0.000000	0.000000	0.000000	0.000000	0.000000
0.907177	0.816955	0.826550	-0.000000	0.000000	0.000000	0.000000	0.000000	0.000000	0.000000
0.907177	0.817018	0.826657	0.000000	0.000000	0.000000	0.000000	0.000000	0.000000	0.000000
0.907177	0.816853	0.826778	0.000000	0.000000	0.000000	0.000000	0.000000	0.000000	0.000000
0.907177	0.817031	0.826817	-0.000000	0.000000	0.000000	0.000000	0.000000	0.000000	0.000000
0.907177	0.816851	0.826610	-0.000000	0.000000	0.000000	0.000000	0.000000	0.000000	0.000000
0.907177	0.816771	0.826704	-0.000000	0.000000	0.000000	0.000000	0.000000	0.000000	0.000000
0.907177	0.816804	0.826690	0.000000	0.000000	0.000000	0.000000	0.000000	0.000000	0.000000
0.907177	0.816984	0.826795	0.000000	0.000000	0.000000	0.000000	0.000000	0.000000	0.000000
0.907177	0.817226	0.826812	-0.000000	0.000000	0.000000	0.000000	0.000000	0.000000	0.000000
0.907177	0.816453	0.826699	0.000000	0.000000	0.000000	0.000000	0.000000	0.000000	0.000000
0.907177	0.817270	0.826654	-0.000000	0.000000	0.000000	0.000000	0.000000	0.000000	0.000000
0.907178	0.817038	0.826697	-0.000000	0.000000	0.000000	0.000000	0.000000	0.000000	0.000000
0.907177	0.817309	0.826662	0.000000	0.000000	0.000000	0.000000	0.000000	0.000000	0.000000
0.907178	0.816833	0.826715	0.000000	0.000000	0.000000	0.000000	0.000000	0.000000	0.000000
0.907177	0.816962	0.826634	-0.000000	0.000000	0.000000	0.000000	0.000000	0.000000	0.000000
0.907177	0.816905	0.826593	0.000000	0.000000	0.000000	0.000000	0.000000	0.000000	0.000000
0.907177	0.817276	0.826722	-0.000000	0.000000	0.000000	0.000000	0.000000	0.000000	0.000000
0.907177	0.817496	0.826782	-0.000000	0.000000	0.000000	0.000000	0.000000	0.000000	0.000000
0.907177	0.816944	0.826493	-0.000000	0.000000	0.000000	0.000000	0.000000	0.000000	0.000000
0.907177	0.817482	0.826854	-0.000000	0.000000	0.000000	0.000000	0.000000	0.000000	0.000000
0.907177	0.817177	0.826748	0.000000	0.000000	0.000000	0.000000	0.000000	0.000000	0.000000
0.907177	0.817004	0.826726	0.000000	0.000000	0.000000	0.000000	0.000000	0.000000	0.000000
0.907177	0.817354	0.826629	0.000000	0.000000	0.000000	0.000000	0.000000	0.000000	0.000000
0.907177	0.816911	0.826699	0.000000	0.000000	0.000000	0.000000	0.000000	0.000000	0.000000
0.907177	0.817153	0.826644	-0.000000	0.000000	0.000000	0.000000	0.000000	0.000000	0.000000
0.907177	0.816618	0.826787	0.000000	0.000000	0.000000	0.000000	0.000000	0.000000	0.000000
0.907177	0.817006	0.826802	0.000000	0.000000	0.000000	0.000000	0.000000	0.000000	0.000000
0.907177	0.816709	0.826689	-0.000000	0.000000	0.000000	0.000000	0.000000	0.000000	0.000000
0.907178	0.816799	0.826750	0.000000	0.000000	0.000000	0.000000	0.000000	0.000000	0.000000
0.907177	0.817029	0.826613	0.000000	0.000000	0.000000	0.000000	0.000000	0.000000	0.000000
0.907177	0.817254	0.826635	0.000000	0.000000	0.000000	0.000000	0.000000	0.000000	0.000000
0.907177	0.817062	0.826658	-0.000000	0.000000	0.000000	0.000000	0.000000	0.000000	0.000000
0.907177	0.817012	0.826573	0.000000	0.000000	0.000000	0.000000	0.000000	0.000000	0.000000
0.907177	0.817151	0.826757	-0.000000	0.000000	0.000000	0.000000	0.000000	0.000000	0.000000
0.907177	0.817066	0.826749	0.000000	0.000000	0.000000	0.000000	0.000000	0.000000	0.000000
0.907177	0.816923	0.826713	-0.000000	0.000000	0.000000	0.000000	0.000000	0.000000	0.000000
0.907177	0.817174	0.826631	-0.000000	0.000000	0.000000	0.000000	0.000000	0.000000	0.000000
0.907177	0.816569	0.826582	-0.000000	0.000000	0.000000	0.000000	0.000000	0.000000	0.000000
0.907178	0.816847	0.826756	-0.000000	0.000000	0.000000	0.000000	0.000000	0.000000	0.000000
0.907177	0.816793	0.826625	0.000000	0.000000	0.000000	0.000000	0.000000	0.000000	0.000000
0.907177	0.816770	0.826698	0.000000	0.000000	0.000000	0.000000	0.000000	0.000000	0.000000
0.907177	0.816736	0.826814	-0.000000	0.000000	0.000000	0.000000	0.000000	0.000000	0.000000
0.907177	0.817326	0.826705	0.000000	0.000000	0.000000	0.000000	0.000000	0.000000	0.000000
0.907177	0.816943	0.826663	-0.000000	0.000000	0.000000	0.000000	0.000000	0.000000	0.000000
0.907177	0.817088	0.827002	-0.000000	0.000000	0.000000	0.000000	0.000000	0.000000	0.000000
0.907177	0.817028	0.826795	0.000000	0.000000	0.000000	0.000000	0.000000	0.000000	0.000000
0.907177	0.816907	0.826774	0.000000	0.000000	0.000000	0.000000	0.000000	0.000000	0.000000
0.907177	0.816991	0.826624	0.000000	0.000000	0.000000	0.000000	0.000000	0.000000	0.000000
0.907177	0.817014	0.826656	-0.000000	0.000000	0.000000	0.000000	0.000000	0.000000	0.000000
0.907178	0.816868	0.826798	-0.000000	0.000000	0.000000	0.000000	0.000000	0.000000	0.000000
0.907177	0.817272	0.826605	-0.000000	0.000000	0.000000	0.000000	0.000000	0.000000	0.000000
0.907177	0.816938	0.826789	0.000000	0.000000	0.000000	0.000000	0.000000	0.000000	0.000000
0.907177	0.817025	0.826512	-0.000000	0.000000	0.000000	0.000000	0.000000	0.000000	0.000000
0.907177	0.817423	0.826601	0.000000	0.000000	0.000000	0.000000	0.000000	0.000000	0.000000
0.907177	0.816767	0.826807	-0.000000	0.000000	0.000000	0.000000	0.000000	0.000000	0.000000
0.907177	0.817198	0.826713	0.000000	0.000000	0.000000	0.000000	0.000000	0.000000	0.000000
0.907177	0.816555	0.826863	-0.000000	0.000000	0.000000	0.000000	0.000000	0.000000	0.000000
0.907177	0.817377	0.826644	-0.000000	0.000000	0.000000	0.000000	0.000000	0.000000	0.000000
0.907177	0.817154	0.826713	0.000000	0.000000	0.000000	0.000000	0.000000	0.000000	0.000000
0.907177	0.817120	0.826695	0.000000	0.000000	0.000000	0.000000	0.000000	0.000000	0.000000
0.907177	0.817077	0.826829	0.000000	0.000000	0.000000	0.000000	0.000000	0.000000	0.000000
0.907177	0.816972	0.826927	-0.000000	0.000000	0.000000	0.000000	0.000000	0.000000	0.000000
0.907177	0.816861	0.826722	-0.000000	0.000000	0.000000	0.000000	0.000000	0.000000	0.000000
0.907177	0.816621	0.826720	-0.000000	0.000000	0.000000	0.000000	0.000000	0.000000	0.000000
0.907177	0.817108	0.826660	-0.000000	0.000000	0.000000	0.000000	0.000000	0.000000	0.000000
0.907177	0.816973	0.826636	-0.000000	0.000000	0.000000	0.000000	0.000000	0.000000	0.000000
0.907177	0.817433	0.826583	0.000000	0.000000	0.000000	0.000000	0.000000	0.000000	0.000000
0.907177	0.816966	0.826623	-0.000000	0.000000	0.000000	0.000000	0.000000	0.000000	0.000000
0.907177	0.817206	0.826637	-0.000000	0.000000	0.000000	0.000000	0.000000	0.000000	0.000000
0.907177	0.816764	0.826635	-0.000000	0.000000	0.000000	0.000000	0.000000	0.000000	0.000000
0.907177	0.817025	0.826787	0.000000	0.000000	0.000000	0.000000	0.000000	0.000000	0.000000
0.907177	0.816967	0.826748	-0.000000	0.000000	0.000000	0.000000	0.000000	0.000000	0.000000
0.907177	0.817152	0.826638	0.000000	0.000000	0.000000	0.000000	0.000000	0.000000	0.000000
0.907177	0.816721	0.826755	-0.000000	0.000000	0.000000	0.000000	0.000000	0.000000	0.000000
0.907177	0.816864	0.826814	0.000000	0.000000	0.000000	0.000000	0.000000	0.000000	0.000000
0.907177	0.816699	0.826664	-0.000000	0.000000	0.000000	0.000000	0.000000	0.000000	0.000000
0.907177	0.817188	0.826760	-0.000000	0.000000	0.000000	0.000000	0.000000	0.000000	0.000000
0.907177	0.816826	0.826784	0.000000	0.000000	0.000000	0.000000	0.000000	0.000000	0.000000
0.907178	0.816966	0.826729	-0.000000	0.000000	0.000000	0.000000	0.000000	0.000000	0.000000
0.907177	0.816871	0.826682	-0.000000	0.000000	0.000000	0.000000	0.000000	0.000000	0.000000
0.907177	0.816939	0.826779	0.000000	0.000000	0.000000	0.000000	0.000000	0.000000	0.000000
0.907177	0.816819	0.826091	-0.000000	0.000000	0.000000	0.000000	0.000000	0.000000	0.000000
0.907177	0.817022	0.826684	0.000000	0.000000	0.000000	0.000000	0.000000	0.000000	0.000000
0.907177	0.816824	0.826803	-0.000000	0.000000	0.000000	0.000000	0.000000	0.000000	0.000000
0.907177	0.816950	0.826675	-0.000000	0.000000	0.000000	0.000000	0.000000	0.000000	0.000000
0.907177	0.817128	0.826748	-0.000000	0.000000	0.000000	0.000000	0.000000	0.000000	0.000000
0.907177	0.815871	0.826574	0.000000	0.000000	0.000000	0.000000	0.000000	0.000000	0.000000
0.907177	0.816819	0.826584	0.000000	0.000000	0.000000	0.000000	0.000000	0.000000	0.000000
0.907177	0.816886	0.826367	0.000000	0.000000	0.000000	0.000000	0.000000	0.000000	0.000000
0.907177	0.817172	0.826919	0.000000	0.000000	0.000000	0.000000	0.000000	0.000000	0.000000
0.907178	0.817280	0.826690	-0.000000	0.000000	0.000000	0.000000	0.000000	0.000000	0.000000
0.907177	0.817147	0.826823	0.000000	0.000000	0.000000	0.000000	0.000000	0.000000	0.000000
0.907177	0.817159	0.826805	-0.000000	0.000000	0.000000	0.000000	0.000000	0.000000	0.000000
0.907177	0.816986	0.826792	-0.000000	0.000000	0.000000	0.000000	0.000000	0.000000	0.000000
0.907177	0.817381	0.826705	-0.000000	0.000000	0.000000	0.000000	0.000000	0.000000	0.000000
0.907177	0.816633	0.826899	-0.000000	0.000000	0.000000	0.000000	0.000000	0.000000	0.000000
0.907177	0.817273	0.826654	0.000000	0.000000	0.000000	0.000000	0.000000	0.000000	0.000000
0.907177	0.816689	0.826656	-0.000000	0.000000	0.000000	0.000000	0.000000	0.000000	0.000000
0.907177	0.816977	0.826747	0.000000	0.000000	0.000000	0.000000	0.000000	0.000000	0.000000
0.907177	0.817083	0.826843	0.000000	0.000000	0.000000	0.000000	0.000000	0.000000	0.000000
0.907177	0.816952	0.826548	0.000000	0.000000	0.000000	0.000000	0.000000	0.000000	0.000000
0.907177	0.816965	0.826697	-0.000000	0.000000	0.000000	0.000000	0.000000	0.000000	0.000000
0.907177	0.816987	0.826596	-0.000000	0.000000	0.000000	0.000000	0.000000	0.000000	0.000000
0.907177	0.817230	0.826702	-0.000000	0.000000	0.000000	0.000000	0.000000	0.000000	0.000000
0.907177	0.817119	0.826627	0.000000	0.000000	0.000000	0.000000	0.000000	0.000000	0.000000
0.907177	0.816991	0.826771	-0.000000	0.000000	0.000000	0.000000	0.000000	0.000000	0.000000
0.907177	0.816880	0.826721	-0.000000	0.000000	0.000000	0.000000	0.000000	0.000000	0.000000
0.907177	0.817331	0.826584	0.000000	0.000000	0.000000	0.000000	0.000000	0.000000	0.000000
0.907177	0.816899	0.826685	-0.000000	0.000000	0.000000	0.000000	0.000000	0.000000	0.000000
0.907177	0.817316	0.826609	0.000000	0.000000	0.000000	0.000000	0.000000	0.000000	0.000000
0.907177	0.816662	0.826743	-0.000000	0.000000	0.000000	0.000000	0.000000	0.000000	0.000000
0.907177	0.817532	0.826807	-0.000000	0.000000	0.000000	0.000000	0.000000	0.000000	0.000000
0.907177	0.817003	0.826723	0.000000	0.000000	0.000000	0.000000	0.000000	0.000000	0.000000
0.907178	0.816901	0.826706	0.000000	0.000000	0.000000	0.000000	0.000000	0.000000	0.000000
0.907177	0.817189	0.826733	0.000000	0.000000	0.000000	0.000000	0.000000	0.000000	0.000000
0.907177	0.817354	0.826590	0.000000	0.000000	0.000000	0.000000	0.000000	0.000000	0.000000
0.907177	0.817484	0.826824	0.000000	0.000000	0.000000	0.000000	0.000000	0.000000	0.000000
0.907177	0.816955	0.826590	-0.000000	0.000000	0.000000	0.000000	0.000000	0.000000	0.000000
0.907177	0.817279	0.826581	0.000000	0.000000	0.000000	0.000000	0.000000	0.000000	0.000000
0.907178	0.816792	0.826550	-0.000000	0.000000	0.000000	0.000000	0.000000	0.000000	0.000000
0.907177	0.816771	0.826536	0.000000	0.000000	0.000000	0.000000	0.000000	0.000000	0.000000
0.907177	0.816944	0.826654	-0.000000	0.000000	0.000000	0.000000	0.000000	0.000000	0.000000
0.907177	0.816869	0.826549	-0.000000	0.000000	0.000000	0.000000	0.000000	0.000000	0.000000
0.907177	0.816783	0.826620	0.000000	0.000000	0.000000	0.000000	0.000000	0.000000	0.000000
0.907177	0.817320	0.826564	0.000000	0.000000	0.000000	0.000000	0.000000	0.000000	0.000000
0.907177	0.816739	0.826396	-0.000000	0.000000	0.000000	0.000000	0.000000	0.000000	0.000000
0.907177	0.816971	0.826668	-0.000000	0.000000	0.000000	0.000000	0.000000	0.000000	0.000000
0.907178	0.817410	0.826684	0.000000	0.000000	0.000000	0.000000	0.000000	0.000000	0.000000
0.907177	0.817204	0.826588	-0.000000	0.000000	0.000000	0.000000	0.000000	0.000000	0.000000
0.907177	0.816811	0.826781	-0.000000	0.000000	0.000000	0.000000	0.000000	0.000000	0.000000
0.907177	0.817006	0.826591	-0.000000	0.000000	0.000000	0.000000	0.000000	0.000000	0.000000
0.907177	0.817142	0.826638	-0.000000	0.000000	0.000000	0.000000	0.000000	0.000000	0.000000
0.907177	0.816317	0.826646	-0.000000	0.000000	0.000000	0.000000	0.000000	0.000000	0.000000
0.907177	0.816953	0.826686	-0.000000	0.000000	0.000000	0.000000	0.000000	0.000000	0.000000
0.907177	0.816600	0.826705	-0.000000	0.000000	0.000000	0.000000	0.000000	0.000000	0.000000
0.907177	0.817319	0.826718	0.000000	0.000000	0.000000	0.000000	0.000000	0.000000	0.000000
0.907178	0.817268	0.826668	0.000000	0.000000	0.000000	0.000000	0.000000	0.000000	0.000000
0.907177	0.816870	0.826689	-0.000000	0.000000	0.000000	0.000000	0.000000	0.000000	0.000000
0.907177	0.817050	0.826540	-0.000000	0.000000	0.000000	0.000000	0.000000	0.000000	0.000000
0.907177	0.817097	0.826841	-0.000000	0.000000	0.000000	0.000000	0.000000	0.000000	0.000000
0.907177	0.817289	0.826862	0.000000	0.000000	0.000000	0.000000	0.000000	0.000000	0.000000
0.907177	0.814878	0.826849	-0.000000	0.000000	0.000000	0.000000	0.000000	0.000000	0.000000
0.907177	0.816757	0.826760	0.000000	0.000000	0.000000	0.000000	0.000000	0.000000	0.000000
0.907177	0.817390	0.826654	0.000000	0.000000	0.000000	0.000000	0.000000	0.000000	0.000000
0.907177	0.817235	0.826704	-0.000000	0.000000	0.000000	0.000000	0.000000	0.000000	0.000000
0.907177	0.817073	0.827026	-0.000000	0.000000	0.000000	0.000000	0.000000	0.000000	0.000000
0.907177	0.817275	0.826614	-0.000000	0.000000	0.000000	0.000000	0.000000	0.000000	0.000000
0.907177	0.817186	0.826633	0.000000	0.000000	0.000000	0.000000	0.000000	0.000000	0.000000
0.907177	0.817122	0.826638	-0.000000	0.000000	0.000000	0.000000	0.000000	0.000000	0.000000
0.907177	0.816111	0.004275	-0.000000	0.000000	0.000000	0.000000	0.000000	0.000000	0.000000
0.907177	0.816823	-0.814869	0.000000	0.000000	0.000000	0.000000	0.000000	0.000000	0.000000
0.907177	0.816959	-0.814869	0.000000	0.000000	0.000000	0.000000	0.000000	0.000000	0.000000
0.907177	0.816959	-0.814869	-0.000000	0.000000	0.000000	0.000000	0.000000	0.000000	0.000000
0.907177	0.816876	-0.814868	0.000000	0.000000	0.000000	0.000000	0.000000	0.000000	0.000000
0.907177	0.817206	-0.814868	0.000000	0.000000	0.000000	0.000000	0.000000	0.000000	0.000000
0.907177	0.817476	-0.814656	0.000000	0.000000	0.000000	0.000000	0.000000	0.000000	0.000000
0.907177	0.816840	-0.814868	-0.000000	0.000000	0.000000	0.000000	0.000000	0.000000	0.000000
0.907178	0.816809	-0.814869	0.000000	0.000000	0.000000	0.000000	0.000000	0.000000	0.000000
0.907177	0.816543	-0.814869	0.000000	0.000000	0.000000	0.000000	0.000000	0.000000	0.000000
0.907177	0.817282	-0.814868	-0.000000	0.000000	0.000000	0.000000	0.000000	0.000000	0.000000
0.907177	0.816875	-0.814869	0.000000	0.000000	0.000000	0.000000	0.000000	0.000000	0.000000
0.907177	0.817010	-0.814869	-0.000000	0.000000	0.000000	0.000000	0.000000	0.000000	0.000000
0.907177	0.816888	-0.814869	-0.000000	0.000000	0.000000	0.000000	0.000000	0.000000	0.000000
0.907177	0.816716	-0.814869	-0.000000	0.000000	0.000000	0.000000	0.000000	0.000000	0.000000
0.907177	0.817021	-0.814869	-0.000000	0.000000	0.000000	0.000000	0.000000	0.000000	0.000000
0.907177	0.816800	-0.814866	-0.000000	0.000000	0.000000	0.000000	0.000000	0.000000	0.000000
0.907177	0.816328	-0.814868	-0.000000	0.000000	0.000000	0.000000	0.000000	0.000000	0.000000
0.907177	0.817095	-0.814868	-0.000000	0.000000	0.000000	0.000000	0.000000	0.000000	0.000000
0.907177	0.817467	-0.814857	-0.000000	0.000000	0.000000	0.000000	0.000000	0.000000	0.000000
0.907177	0.816918	-0.814869	-0.000000	0.000000	0.000000	0.000000	0.000000	0.000000	0.000000
0.907177	0.816949	-0.814868	0.000000	0.000000	0.000000	0.000000	0.000000	0.000000	0.000000
0.907178	0.816972	-0.814869	-0.000000	0.000000	0.000000	0.000000	0.000000	0.000000	0.000000
0.907177	0.816648	-0.814869	-0.000000	0.000000	0.000000	0.000000	0.000000	0.000000	0.000000
0.907177	0.816653	-0.814868	0.000000	0.000000	0.000000	0.000000	0.000000	0.000000	0.000000
0.907177	0.816972	-0.814869	0.000000	0.000000	0.000000	0.000000	0.000000	0.000000	0.000000
0.907177	0.817239	-0.814869	-0.000000	0.000000	0.000000	0.000000	0.000000	0.000000	0.000000
0.907177	0.816733	-0.814869	-0.000000	0.000000	0.000000	0.000000	0.000000	0.000000	0.000000
0.907177	0.816914	-0.814869	-0.000000	0.000000	0.000000	0.000000	0.000000	0.000000	0.000000
0.907177	0.816599	-0.812604	-0.000000	0.000000	0.000000	0.000000	0.000000	0.000000	0.000000
0.907177	0.816695	-0.814869	-0.000000	0.000000	0.000000	0.000000	0.000000	0.000000	0.000000
0.907177	0.816755	-0.814869	0.000000	0.000000	0.000000	0.000000	0.000000	0.000000	0.000000
0.907177	0.816895	-0.814753	-0.000000	0.000000	0.000000	0.000000	0.000000	0.000000	0.000000
0.907177	0.816964	-0.814869	-0.000000	0.000000	0.000000	0.000000	0.000000	0.000000	0.000000
0.907177	0.817427	-0.814867	0.000000	0.000000	0.000000	0.000000	0.000000	0.000000	0.000000
0.907177	0.817213	-0.814869	-0.000000	0.000000	0.000000	0.000000	0.000000	0.000000	0.000000
0.907177	0.817110	-0.814869	-0.000000	0.000000	0.000000	0.000000	0.000000	0.000000	0.000000
0.907177	0.817288	-0.814869	-0.000000	0.000000	0.000000	0.000000	0.000000	0.000000	0.000000
0.907177	0.817371	-0.814869	0.000000	0.000000	0.000000	0.000000	0.000000	0.000000	0.000000
0.907177	0.816859	-0.814869	0.000000	0.000000	0.000000	0.000000	0.000000	0.000000	0.000000
0.907177	0.816992	-0.814869	-0.000000	0.000000	0.000000	0.000000	0.000000	0.000000	0.000000
0.907177	0.817082	-0.814869	-0.000000	0.000000	0.000000	0.000000	0.000000	0.000000	0.000000
0.907177	0.817065	-0.814868	-0.000000	0.000000	0.000000	0.000000	0.000000	0.000000	0.000000
0.907177	0.816999	-0.814869	-0.000000	0.000000	0.000000	0.000000	0.000000	0.000000	0.000000
0.907177	0.816854	-0.814869	-0.000000	0.000000	0.000000	0.000000	0.000000	0.000000	0.000000
0.907177	0.817010	-0.814868	-0.000000	0.000000	0.000000	0.000000	0.000000	0.000000	0.000000
0.907177	0.817254	-0.814869	0.000000	0.000000	0.000000	0.000000	0.000000	0.000000	0.000000
0.907178	0.816983	-0.814762	0.000000	0.000000	0.000000	0.000000	0.000000	0.000000	0.000000
0.907177	0.817316	-0.814869	-0.000000	0.000000	0.000000	0.000000	0.000000	0.000000	0.000000
0.907177	0.816956	-0.814869	0.000000	0.000000	0.000000	0.000000	0.000000	0.000000	0.000000
0.907177	0.817357	-0.814869	0.000000	0.000000	0.000000	0.000000	0.000000	0.000000	0.000000
0.907177	0.817022	-0.814869	0.000000	0.000000	0.000000	0.000000	0.000000	0.000000	0.000000
0.907177	0.817181	-0.814865	0.000000	0.000000	0.000000	0.000000	0.000000	0.000000	0.000000
0.907177	0.816100	-0.814869	-0.000000	0.000000	0.000000	0.000000	0.000000	0.000000	0.000000
0.907177	0.817338	-0.814869	-0.000000	0.000000	0.000000	0.000000	0.000000	0.000000	0.000000
0.907177	0.817044	-0.814869	0.000000	0.000000	0.000000	0.000000	0.000000	0.000000	0.000000
0.907177	0.817082	-0.814868	-0.000000	0.000000	0.000000	0.000000	0.000000	0.000000	0.000000
0.907177	0.817075	-0.814869	0.000000	0.000000	0.000000	0.000000	0.000000	0.000000	0.000000
0.907177	0.817016	-0.814869	-0.000000	0.000000	0.000000	0.000000	0.000000	0.000000	0.000000
0.907177	0.817163	-0.812326	0.000000	0.000000	0.000000	0.000000	0.000000	0.000000	0.000000
0.907177	0.816950	-0.814868	0.000000	0.000000	0.000000	0.000000	0.000000	0.000000	0.000000
0.907177	0.817092	-0.814869	0.000000	0.000000	0.000000	0.000000	0.000000	0.000000	0.000000
0.907177	0.817231	-0.788071	-0.000000	0.000000	0.000000	0.000000	0.000000	0.000000	0.000000
0.907177	0.817102	-0.814869	0.000000	0.000000	0.000000	0.000000	0.000000	0.000000	0.000000
0.907177	0.816858	-0.814869	0.000000	0.000000	0.000000	0.000000	0.000000	0.000000	0.000000
0.907177	0.816718	-0.814869	0.000000	0.000000	0.000000	0.000000	0.000000	0.000000	0.000000
0.907177	0.817224	-0.814869	0.000000	0.000000	0.000000	0.000000	0.000000	0.000000	0.000000
0.907177	0.816719	-0.814869	-0.000000	0.000000	0.000000	0.000000	0.000000	0.000000	0.000000
0.907177	0.817357	-0.814869	0.000000	0.000000	0.000000	0.000000	0.000000	0.000000	0.000000
0.907177	0.816667	-0.814869	-0.000000	0.000000	0.000000	0.000000	0.000000	0.000000	0.000000
0.907178	0.816961	-0.814869	0.000000	0.000000	0.000000	0.000000	0.000000	0.000000	0.000000
0.907177	0.817302	-0.814869	0.000000	0.000000	0.000000	0.000000	0.000000	0.000000	0.000000
0.907177	0.817347	-0.814868	-0.000000	0.000000	0.000000	0.000000	0.000000	0.000000	0.000000
0.907177	0.817091	-0.814869	0.000000	0.000000	0.000000	0.000000	0.000000	0.000000	0.000000
0.907177	0.817199	-0.814869	-0.000000	0.000000	0.000000	0.000000	0.000000	0.000000	0.000000
0.907177	0.817019	-0.814857	-0.000000	0.000000	0.000000	0.000000	0.000000	0.000000	0.000000
0.907177	0.817272	-0.814869	-0.000000	0.000000	0.000000	0.000000	0.000000	0.000000	0.000000
0.907177	0.817028	-0.814869	-0.000000	0.000000	0.000000	0.000000	0.000000	0.000000	0.000000
0.907178	0.817030	-0.814869	0.000000	0.000000	0.000000	0.000000	0.000000	0.000000	0.000000
0.907177	0.817022	-0.814868	0.000000	0.000000	0.000000	0.000000	0.000000	0.000000	0.000000
0.907177	0.817025	-0.814868	-0.000000	0.000000	0.000000	0.000000	0.000000	0.000000	0.000000
0.907177	0.817167	-0.814869	-0.000000	0.000000	0.000000	0.000000	0.000000	0.000000	0.000000
0.907177	0.817315	-0.814868	-0.000000	0.000000	0.000000	0.000000	0.000000	0.000000	0.000000
0.907177	0.816958	-0.814045	-0.000000	0.000000	0.000000	0.000000	0.000000	0.000000	0.000000
0.907177	0.817006	-0.814869	-0.000000	0.000000	0.000000	0.000000	0.000000	0.000000	0.000000
0.907177	0.817039	-0.814869	-0.000000	0.000000	0.000000	0.000000	0.000000	0.000000	0.000000
0.907177	0.817120	-0.814869	-0.000000	0.000000	0.000000	0.000000	0.000000	0.000000	0.000000
0.907177	0.817104	-0.814869	0.000000	0.000000	0.000000	0.000000	0.000000	0.000000	0.000000
0.907178	0.816989	-0.814869	0.000000	0.000000	0.000000	0.000000	0.000000	0.000000	0.000000
0.907177	0.816529	-0.814869	-0.000000	0.000000	0.000000	0.000000	0.000000	0.000000	0.000000
0.907177	0.817289	-0.814869	-0.000000	0.000000	0.000000	0.000000	0.000000	0.000000	0.000000
0.907177	0.817177	-0.814869	0.000000	0.000000	0.000000	0.000000	0.000000	0.000000	0.000000
0.907177	0.817125	-0.814869	-0.000000	0.000000	0.000000	0.000000	0.000000	0.000000	0.000000
0.907177	0.816874	-0.814869	-0.000000	0.000000	0.000000	0.000000	0.000000	0.000000	0.000000
0.907177	0.817170	-0.814869	-0.000000	0.000000	0.000000	0.000000	0.000000	0.000000	0.000000
0.907177	0.817010	-0.814869	-0.000000	0.000000	0.000000	0.000000	0.000000	0.000000	0.000000
0.907177	0.817002	-0.814863	0.000000	0.000000	0.000000	0.000000	0.000000	0.000000	0.000000
0.907177	0.817479	-0.814869	-0.000000	0.000000	0.000000	0.000000	0.000000	0.000000	0.000000
0.907177	0.817453	-0.814869	-0.000000	0.000000	0.000000	0.000000	0.000000	0.000000	0.000000
0.907177	0.817063	-0.814864	-0.000000	0.000000	0.000000	0.000000	0.000000	0.000000	0.000000
0.907177	0.816934	-0.814869	-0.000000	0.000000	0.000000	0.000000	0.000000	0.000000	0.000000
0.907177	0.817173	-0.814868	-0.000000	0.000000	0.000000	0.000000	0.000000	0.000000	0.000000
0.907177	0.817331	-0.814869	0.000000	0.000000	0.000000	0.000000	0.000000	0.000000	0.000000
0.907177	0.817044	-0.814869	0.000000	0.000000	0.000000	0.000000	0.000000	0.000000	0.000000
0.907177	0.816700	-0.814869	0.000000	0.000000	0.000000	0.000000	0.000000	0.000000	0.000000
0.907177	0.817044	-0.814869	-0.000000	0.000000	0.000000	0.000000	0.000000	0.000000	0.000000
0.907177	0.817110	-0.814869	0.000000	0.000000	0.000000	0.000000	0.000000	0.000000	0.000000
0.907177	0.816868	-0.814869	-0.000000	0.000000	0.000000	0.000000	0.000000	0.000000	0.000000
0.907177	0.816970	-0.814868	0.000000	0.000000	0.000000	0.000000	0.000000	0.000000	0.000000
0.907177	0.817410	-0.814869	0.000000	0.000000	0.000000	0.000000	0.000000	0.000000	0.000000
0.907177	0.817115	-0.814867	0.000000	0.000000	0.000000	0.000000	0.000000	0.000000	0.000000
0.907177	0.816924	-0.814869	0.000000	0.000000	0.000000	0.000000	0.000000	0.000000	0.000000
0.907177	0.817018	-0.814724	0.000000	0.000000	0.000000	0.000000	0.000000	0.000000	0.000000
0.907177	0.816950	-0.814869	-0.000000	0.000000	0.000000	0.000000	0.000000	0.000000	0.000000
0.907177	0.817020	-0.814867	0.000000	0.000000	0.000000	0.000000	0.000000	0.000000	0.000000
0.907177	0.816859	-0.814869	-0.000000	0.000000	0.000000	0.000000	0.000000	0.000000	0.000000
0.907177	0.816811	-0.814869	-0.000000	0.000000	0.000000	0.000000	0.000000	0.000000	0.000000
0.907177	0.817306	-0.814867	0.000000	0.000000	0.000000	0.000000	0.000000	0.000000	0.000000
0.907177	0.816935	-0.814869	0.000000	0.000000	0.000000	0.000000	0.000000	0.000000	0.000000
0.907177	0.817203	-0.814869	0.000000	0.000000	0.000000	0.000000	0.000000	0.000000	0.000000
0.907177	0.817090	-0.814868	-0.000000	0.000000	0.000000	0.000000	0.000000	0.000000	0.000000
0.907177	0.817312	-0.814869	-0.000000	0.000000	0.000000	0.000000	0.000000	0.000000	0.000000
0.907177	0.816849	-0.814869	0.000000	0.000000	0.000000	0.000000	0.000000	0.000000	0.000000
0.907177	0.817154	-0.814869	-0.000000	0.000000	0.000000	0.000000	0.000000	0.000000	0.000000
0.907177	0.816768	-0.814869	0.000000	0.000000	0.000000	0.000000	0.000000	0.000000	0.000000
0.907177	0.817347	-0.814869	-0.000000	0.000000	0.000000	0.000000	0.000000	0.000000	0.000000
0.907178	0.817230	-0.814863	0.000000	0.000000	0.000000	0.000000	0.000000	0.000000	0.000000
0.907177	0.817213	-0.814869	0.000000	0.000000	0.000000	0.000000	0.000000	0.000000	0.000000
0.907177	0.816957	-0.814869	-0.000000	0.000000	0.000000	0.000000	0.000000	0.000000	0.000000
0.907177	0.817007	-0.814869	-0.000000	0.000000	0.000000	0.000000	0.000000	0.000000	0.000000
0.907177	0.816974	-0.814868	0.000000	0.000000	0.000000	0.000000	0.000000	0.000000	0.000000
0.907177	0.817133	-0.814869	0.000000	0.000000	0.000000	0.000000	0.000000	0.000000	0.000000
0.907177	0.816815	-0.814869	-0.000000	0.000000	0.000000	0.000000	0.000000	0.000000	0.000000
0.907177	0.816656	-0.814869	-0.000000	0.000000	0.000000	0.000000	0.000000	0.000000	0.000000
0.907177	0.816917	-0.814869	0.000000	0.000000	0.000000	0.000000	0.000000	0.000000	0.000000
0.907177	0.816657	-0.814869	-0.000000	0.000000	0.000000	0.000000	0.000000	0.000000	0.000000
0.907178	0.816858	-0.814869	0.000000	0.000000	0.000000	0.000000	0.000000	0.000000	0.000000
0.907177	0.816950	-0.814868	-0.000000	0.000000	0.000000	0.000000	0.000000	0.000000	0.000000
0.907177	0.817250	-0.814869	-0.000000	0.000000	0.000000	0.000000	0.000000	0.000000	0.000000
0.907177	0.816934	-0.814869	0.000000	0.000000	0.000000	0.000000	0.000000	0.000000	0.000000
0.907177	0.816988	-0.814869	-0.000000	0.000000	0.000000	0.000000	0.000000	0.000000	0.000000
0.907177	0.817096	-0.814869	0.000000	0.000000	0.000000	0.000000	0.000000	0.000000	0.000000
0.907178	0.816910	-0.814869	-0.000000	0.000000	0.000000	0.000000	0.000000	0.000000	0.000000
0.907177	0.816916	-0.812441	-0.000000	0.000000	0.000000	0.000000	0.000000	0.000000	0.000000
0.907177	0.817061	-0.814869	0.000000	0.000000	0.000000	0.000000	0.000000	0.000000	0.000000
0.907177	0.816950	-0.814869	-0.000000	0.000000	0.000000	0.000000	0.000000	0.000000	0.000000
0.907177	0.817103	-0.814869	0.000000	0.000000	0.000000	0.000000	0.000000	0.000000	0.000000
0.907177	0.817235	-0.814869	-0.000000	0.000000	0.000000	0.000000	0.000000	0.000000	0.000000
0.907177	0.816926	-0.814867	-0.000000	0.000000	0.000000	0.000000	0.000000	0.000000	0.000000
0.907177	0.817079	-0.814581	-0.000000	0.000000	0.000000	0.000000	0.000000	0.000000	0.000000
0.907177	0.817041	-0.814869	0.000000	0.000000	0.000000	0.000000	0.000000	0.000000	0.000000
0.907177	0.816989	-0.814869	0.000000	0.000000	0.000000	0.000000	0.000000	0.000000	0.000000
0.907177	0.817478	-0.814869	-0.000000	0.000000	0.000000	0.000000	0.000000	0.000000	0.000000
0.907177	0.817431	-0.814869	-0.000000	0.000000	0.000000	0.000000	0.000000	0.000000	0.000000
0.907177	0.816748	-0.814869	-0.000000	0.000000	0.000000	0.000000	0.000000	0.000000	0.000000
0.907177	0.817167	-0.814869	0.000000	0.000000	0.000000	0.000000	0.000000	0.000000	0.000000
0.907177	0.816581	-0.814868	-0.000000	0.000000	0.000000	0.000000	0.000000	0.000000	0.000000
0.907177	0.817308	-0.814869	-0.000000	0.000000	0.000000	0.000000	0.000000	0.000000	0.000000
0.907177	0.816536	-0.814869	-0.000000	0.000000	0.000000	0.000000	0.000000	0.000000	0.000000
0.907177	0.817160	-0.814869	0.000000	0.000000	0.000000	0.000000	0.000000	0.000000	0.000000
0.907177	0.816699	-0.814867	0.000000	0.000000	0.000000	0.000000	0.000000	0.000000	0.000000
0.907177	0.817315	-0.814869	-0.000000	0.000000	0.000000	0.000000	0.000000	0.000000	0.000000
0.907177	0.817266	-0.814869	0.000000	0.000000	0.000000	0.000000	0.000000	0.000000	0.000000
0.907177	0.817120	-0.814868	-0.000000	0.000000	0.000000	0.000000	0.000000	0.000000	0.000000
0.907177	0.816925	-0.814869	-0.000000	0.000000	0.000000	0.000000	0.000000	0.000000	0.000000
0.907177	0.817227	-0.814869	-0.000000	0.000000	0.000000	0.000000	0.000000	0.000000	0.000000
0.907177	0.816868	-0.814869	-0.000000	0.000000	0.000000	0.000000	0.000000	0.000000	0.000000
0.907177	0.817209	-0.814520	0.000000	0.000000	0.000000	0.000000	0.000000	0.000000	0.000000
0.907177	0.817009	-0.814869	-0.000000	0.000000	0.000000	0.000000	0.000000	0.000000	0.000000
0.907177	0.816855	-0.814331	-0.000000	0.000000	0.000000	0.000000	0.000000	0.000000	0.000000
0.907177	0.817258	-0.814868	-0.000000	0.000000	0.000000	0.000000	0.000000	0.000000	0.000000
0.907177	0.817040	-0.814869	-0.000000	0.000000	0.000000	0.000000	0.000000	0.000000	0.000000
0.907177	0.816766	-0.814868	0.000000	0.000000	0.000000	0.000000	0.000000	0.000000	0.000000
0.907177	0.816034	-0.814869	0.000000	0.000000	0.000000	0.000000	0.000000	0.000000	0.000000
0.907177	0.816742	-0.814869	0.000000	0.000000	0.000000	0.000000	0.000000	0.000000	0.000000
0.907177	0.816947	-0.814869	-0.000000	0.000000	0.000000	0.000000	0.000000	0.000000	0.000000
0.907177	0.817163	-0.814869	0.000000	0.000000	0.000000	0.000000	0.000000	0.000000	0.000000
0.907177	0.817013	-0.814869	-0.000000	0.000000	0.000000	0.000000	0.000000	0.000000	0.000000
0.907177	0.816931	-0.814869	-0.000000	0.000000	0.000000	0.000000	0.000000	0.000000	0.000000
0.907177	0.817224	-0.814869	0.000000	0.000000	0.000000	0.000000	0.000000	0.000000	0.000000
0.907177	0.816788	-0.814869	0.000000	0.000000	0.000000	0.000000	0.000000	0.000000	0.000000
0.907177	0.817396	-0.814869	-0.000000	0.000000	0.000000	0.000000	0.000000	0.000000	0.000000
0.907177	0.816956	-0.814869	-0.000000	0.000000	0.000000	0.000000	0.000000	0.000000	0.000000
0.907177	0.816615	-0.814868	0.000000	0.000000	0.000000	0.000000	0.000000	0.000000	0.000000
0.907177	0.817130	-0.814869	0.000000	0.000000	0.000000	0.000000	0.000000	0.000000	0.000000
0.907177	0.817212	-0.814869	0.000000	0.000000	0.000000	0.000000	0.000000	0.000000	0.000000
0.907178	0.816945	-0.814866	0.000000	0.000000	0.000000	0.000000	0.000000	0.000000	0.000000
0.907177	0.816992	-0.814821	-0.000000	0.000000	0.000000	0.000000	0.000000	0.000000	0.000000
0.907177	0.816629	-0.814869	0.000000	0.000000	0.000000	0.000000	0.000000	0.000000	0.000000
0.907178	0.817194	-0.814868	0.000000	0.000000	0.000000	0.000000	0.000000	0.000000	0.000000
0.907177	0.817177	-0.814869	0.000000	0.000000	0.000000	0.000000	0.000000	0.000000	0.000000
0.907177	0.817365	-0.814869	-0.000000	0.000000	0.000000	0.000000	0.000000	0.000000	0.000000
0.907177	0.817008	-0.814869	-0.000000	0.000000	0.000000	0.000000	0.000000	0.000000	0.000000
0.907177	0.817125	-0.814869	-0.000000	0.000000	0.000000	0.000000	0.000000	0.000000	0.000000
0.907177	0.817368	-0.814869	0.000000	0.000000	0.000000	0.000000	0.000000	0.000000	0.000000
0.907177	0.817178	-0.814869	0.000000	0.000000	0.000000	0.000000	0.000000	0.000000	0.000000
0.907177	0.817199	-0.814869	0.000000	0.000000	0.000000	0.000000	0.000000	0.000000	0.000000
0.907177	0.817069	-0.814869	-0.000000	0.000000	0.000000	0.000000	0.000000	0.000000	0.000000
0.907177	0.816949	-0.814869	0.000000	0.000000	0.000000	0.000000	0.000000	0.000000	0.000000
0.907177	0.816902	-0.814869	0.000000	0.000000	0.000000	0.000000	0.000000	0.000000	0.000000
0.907177	0.816795	-0.814869	0.000000	0.000000	0.000000	0.000000	0.000000	0.000000	0.000000
0.907177	0.816990	-0.814869	-0.000000	0.000000	0.000000	0.000000	0.000000	0.000000	0.000000
0.907177	0.817173	-0.814869	-0.000000	0.000000	0.000000	0.000000	0.000000	0.000000	0.000000
0.907177	0.816761	-0.814869	-0.000000	0.000000	0.000000	0.000000	0.000000	0.000000	0.000000
0.907177	0.817055	-0.814869	0.000000	0.000000	0.000000	0.000000	0.000000	0.000000	0.000000
0.907177	0.817079	-0.814869	-0.000000	0.000000	0.000000	0.000000	0.000000	0.000000	0.000000
0.907177	0.816664	-0.814868	0.000000	0.000000	0.000000	0.000000	0.000000	0.000000	0.000000
0.907177	0.817325	-0.814869	0.000000	0.000000	0.000000	0.000000	0.000000	0.000000	0.000000
0.907177	0.816989	-0.814869	-0.000000	0.000000	0.000000	0.000000	0.000000	0.000000	0.000000
0.907177	0.817253	-0.814856	0.000000	0.000000	0.000000	0.000000	0.000000	0.000000	0.000000
0.907177	0.817124	-0.814869	0.000000	0.000000	0.000000	0.000000	0.000000	0.000000	0.000000
0.907177	0.817320	-0.814869	0.000000	0.000000	0.000000	0.000000	0.000000	0.000000	0.000000
0.907177	0.816668	-0.814867	-0.000000	0.000000	0.000000	0.000000	0.000000	0.000000	0.000000
0.907177	0.816739	-0.814869	0.000000	0.000000	0.000000	0.000000	0.000000	0.000000	0.000000
0.907177	0.817186	-0.814869	0.000000	0.000000	0.000000	0.000000	0.000000	0.000000	0.000000
0.907177	0.817075	-0.814869	0.000000	0.000000	0.000000	0.000000	0.000000	0.000000	0.000000
0.907177	0.817172	-0.814868	0.000000	0.000000	0.000000	0.000000	0.000000	0.000000	0.000000
0.907177	0.816825	-0.814869	0.000000	0.000000	0.000000	0.000000	0.000000	0.000000	0.000000
0.907177	0.817264	-0.814869	-0.000000	0.000000	0.000000	0.000000	0.000000	0.000000	0.000000
0.907177	0.817027	-0.814868	-0.000000	0.000000	0.000000	0.000000	0.000000	0.000000	0.000000
0.907177	0.816819	-0.814869	-0.000000	0.000000	0.000000	0.000000	0.000000	0.000000	0.000000
0.907177	0.816682	-0.814869	-0.000000	0.000000	0.000000	0.000000	0.000000	0.000000	0.000000
0.907177	0.816925	-0.814868	-0.000000	0.000000	0.000000	0.000000	0.000000	0.000000	0.000000
0.907177	0.817149	-0.814869	0.000000	0.000000	0.000000	0.000000	0.000000	0.000000	0.000000
0.907177	0.816890	-0.814868	0.000000	0.000000	0.000000	0.000000	0.000000	0.000000	0.000000
0.907177	0.816869	-0.814867	0.000000	0.000000	0.000000	0.000000	0.000000	0.000000	0.000000
0.907177	0.816921	-0.814869	-0.000000	0.000000	0.000000	0.000000	0.000000	0.000000	0.000000
0.907177	0.817101	-0.814867	0.000000	0.000000	0.000000	0.000000	0.000000	0.000000	0.000000
0.907178	0.816680	-0.814868	0.000000	0.000000	0.000000	0.000000	0.000000	0.000000	0.000000
0.907177	0.817158	-0.814722	0.000000	0.000000	0.000000	0.000000	0.000000	0.000000	0.000000
0.907177	0.816779	-0.814869	-0.000000	0.000000	0.000000	0.000000	0.000000	0.000000	0.000000
0.907177	0.817012	-0.814869	0.000000	0.000000	0.000000	0.000000	0.000000	0.000000	0.000000
0.907177	0.816928	-0.814869	-0.000000	0.000000	0.000000	0.000000	0.000000	0.000000	0.000000
0.907177	0.817154	-0.814868	-0.000000	0.000000	0.000000	0.000000	0.000000	0.000000	0.000000
0.907177	0.817026	-0.814869	-0.000000	0.000000	0.000000	0.000000	0.000000	0.000000	0.000000
0.907177	0.816978	-0.814869	-0.000000	0.000000	0.000000	0.000000	0.000000	0.000000	0.000000
0.907177	0.817278	-0.814869	-0.000000	0.000000	0.000000	0.000000	0.000000	0.000000	0.000000
0.907177	0.816957	-0.814869	0.000000	0.000000	0.000000	0.000000	0.000000	0.000000	0.000000
0.907177	0.817335	-0.814869	-0.000000	0.000000	0.000000	0.000000	0.000000	0.000000	0.000000
0.907177	0.816847	-0.813674	0.000000	0.000000	0.000000	0.000000	0.000000	0.000000	0.000000
0.907177	0.817250	-0.814869	0.000000	0.000000	0.000000	0.000000	0.000000	0.000000	0.000000
0.907177	0.816707	-0.814869	0.000000	0.000000	0.000000	0.000000	0.000000	0.000000	0.000000
0.907177	0.817020	-0.814867	0.000000	0.000000	0.000000	0.000000	0.000000	0.000000	0.000000
0.907177	0.816963	-0.814869	0.000000	0.000000	0.000000	0.000000	0.000000	0.000000	0.000000
0.907177	0.816726	-0.814869	-0.000000	0.000000	0.000000	0.000000	0.000000	0.000000	0.000000
0.907177	0.817153	-0.814869	0.000000	0.000000	0.000000	0.000000	0.000000	0.000000	0.000000
0.907177	0.817135	-0.814868	0.000000	0.000000	0.000000	0.000000	0.000000	0.000000	0.000000
0.907177	0.816929	-0.814869	-0.000000	0.000000	0.000000	0.000000	0.000000	0.000000	0.000000
0.907177	0.816807	-0.814862	-0.000000	0.000000	0.000000	0.000000	0.000000	0.000000	0.000000
0.907177	0.817159	-0.814869	0.000000	0.000000	0.000000	0.000000	0.000000	0.000000	0.000000
0.907177	-0.841194	-0.000000	-0.002823	0.000000	0.000000	0.000000	0.000000	0.000000	0.000000
0.907177	-0.842663	0.000000	-0.778927	0.000000	0.000000	0.000000	0.000000	0.000000	0.000000
0.907177	-0.842710	0.000000	-0.791514	0.000000	0.000000	0.000000	0.000000	0.000000	0.000000
0.907177	-0.842651	-0.000000	-0.793180	0.000000	0.000000	0.000000	0.000000	0.000000	0.000000
0.907177	-0.842732	-0.000000	-0.792895	0.000000	0.000000	0.000000	0.000000	0.000000	0.000000
0.907177	-0.842692	-0.000000	-0.793267	0.000000	0.000000	0.000000	0.000000	0.000000	0.000000
0.907177	-0.842715	-0.000000	-0.792856	0.000000	0.000000	0.000000	0.000000	0.000000	0.000000
0.907177	-0.842632	0.000000	-0.793104	0.000000	0.000000	0.000000	0.000000	0.000000	0.000000
0.907177	-0.842709	0.000000	-0.789667	0.000000	0.000000	0.000000	0.000000	0.000000	0.000000
0.907177	-0.842703	-0.000000	-0.791556	0.000000	0.000000	0.000000	0.000000	0.000000	0.000000
0.907177	-0.842661	-0.000000	-0.793282	0.000000	0.000000	0.000000	0.000000	0.000000	0.000000
0.907177	-0.842701	-0.000000	-0.789536	0.000000	0.000000	0.000000	0.000000	0.000000	0.000000
0.907177	-0.842634	-0.000000	-0.793056	0.000000	0.000000	0.000000	0.000000	0.000000	0.000000
0.907177	-0.842679	0.000000	-0.793150	0.000000	0.000000	0.000000	0.000000	0.000000	0.000000
0.907177	-0.842793	0.000000	-0.793063	0.000000	0.000000	0.000000	0.000000	0.000000	0.000000
0.907178	-0.842724	0.000000	-0.793197	0.000000	0.000000	0.000000	0.000000	0.000000	0.000000
0.907177	-0.842699	-0.000000	-0.793173	0.000000	0.000000	0.000000	0.000000	0.000000	0.000000
0.907177	-0.842730	0.000000	-0.793163	0.000000	0.000000	0.000000	0.000000	0.000000	0.000000
0.907178	-0.842753	-0.000000	-0.792774	0.000000	0.000000	0.000000	0.000000	0.000000	0.000000
0.907177	-0.842740	0.000000	-0.793292	0.000000	0.000000	0.000000	0.000000	0.000000	0.000000
0.907177	-0.842682	-0.000000	-0.792222	0.000000	0.000000	0.000000	0.000000	0.000000	0.000000
0.907178	-0.842737	0.000000	-0.793057	0.000000	0.000000	0.000000	0.000000	0.000000	0.000000
0.907177	-0.842625	-0.000000	-0.792952	0.000000	0.000000	0.000000	0.000000	0.000000	0.000000
0.907177	-0.842667	-0.000000	-0.793095	0.000000	0.000000	0.000000	0.000000	0.000000	0.000000
0.907177	-0.842671	0.000000	-0.793136	0.000000	0.000000	0.000000	0.000000	0.000000	0.000000
0.907177	-0.842646	-0.000000	-0.793295	0.000000	0.000000	0.000000	0.000000	0.000000	0.000000
0.907177	-0.842703	-0.000000	-0.793064	0.000000	0.000000	0.000000	0.000000	0.000000	0.000000
0.907177	-0.842620	0.000000	-0.793098	0.000000	0.000000	0.000000	0.000000	0.000000	0.000000
0.907177	-0.842644	0.000000	-0.792866	0.000000	0.000000	0.000000	0.000000	0.000000	0.000000
0.907177	-0.842714	0.000000	-0.793129	0.000000	0.000000	0.000000	0.000000	0.000000	0.000000
0.907177	-0.842664	0.000000	-0.792840	0.000000	0.000000	0.000000	0.000000	0.000000	0.000000
0.907177	-0.842677	-0.000000	-0.793180	0.000000	0.000000	0.000000	0.000000	0.000000	0.000000
0.907177	-0.842662	0.000000	-0.793122	0.000000	0.000000	0.000000	0.000000	0.000000	0.000000
0.907177	-0.842643	0.000000	-0.793281	0.000000	0.000000	0.000000	0.000000	0.000000	0.000000
0.907177	-0.842634	0.000000	-0.793091	0.000000	0.000000	0.000000	0.000000	0.000000	0.000000
0.907177	-0.842623	-0.000000	-0.793420	0.000000	0.000000	0.000000	0.000000	0.000000	0.000000
0.907177	-0.842705	0.000000	-0.792950	0.000000	0.000000	0.000000	0.000000	0.000000	0.000000
0.907177	-0.842677	-0.000000	-0.793161	0.000000	0.000000	0.000000	0.000000	0.000000	0.000000
0.907177	-0.842660	-0.000000	-0.791981	0.000000	0.000000	0.000000	0.000000	0.000000	0.000000
0.907177	-0.842762	0.000000	-0.793021	0.000000	0.000000	0.000000	0.000000	0.000000	0.000000
0.907177	-0.842706	-0.000000	-0.792897	0.000000	0.000000	0.000000	0.000000	0.000000	0.000000
0.907177	-0.842654	0.000000	-0.793011	0.000000	0.000000	0.000000	0.000000	0.000000	0.000000
0.907177	-0.842677	0.000000	-0.793015	0.000000	0.000000	0.000000	0.000000	0.000000	0.000000
0.907177	-0.842721	0.000000	-0.792641	0.000000	0.000000	0.000000	0.000000	0.000000	0.000000
0.907177	-0.842704	0.000000	-0.792968	0.000000	0.000000	0.000000	0.000000	0.000000	0.000000
0.907177	-0.842682	-0.000000	-0.793102	0.000000	0.000000	0.000000	0.000000	0.000000	0.000000
0.907177	-0.842650	-0.000000	-0.793122	0.000000	0.000000	0.000000	0.000000	0.000000	0.000000
0.907177	-0.842698	-0.000000	-0.788531	0.000000	0.000000	0.000000	0.000000	0.000000	0.000000
0.907177	-0.842688	-0.000000	-0.791441	0.000000	0.000000	0.000000	0.000000	0.000000	0.000000
0.907177	-0.842620	-0.000000	-0.792840	0.000000	0.000000	0.000000	0.000000	0.000000	0.000000
0.907177	-0.842624	0.000000	-0.793126	0.000000	0.000000	0.000000	0.000000	0.000000	0.000000
0.907177	-0.842700	-0.000000	-0.793328	0.000000	0.000000	0.000000	0.000000	0.000000	0.000000
0.907177	-0.842671	-0.000000	-0.792862	0.000000	0.000000	0.000000	0.000000	0.000000	0.000000
0.907177	-0.842664	0.000000	-0.792941	0.000000	0.000000	0.000000	0.000000	0.000000	0.000000
0.907177	-0.842661	0.000000	-0.792867	0.000000	0.000000	0.000000	0.000000	0.000000	0.000000
0.907177	-0.842675	-0.000000	-0.793026	0.000000	0.000000	0.000000	0.000000	0.000000	0.000000
0.907177	-0.842646	-0.000000	-0.792789	0.000000	0.000000	0.000000	0.000000	0.000000	0.000000
0.907177	-0.842731	-0.000000	-0.792959	0.000000	0.000000	0.000000	0.000000	0.000000	0.000000
0.907177	-0.842698	0.000000	-0.793051	0.000000	0.000000	0.000000	0.000000	0.000000	0.000000
0.907177	-0.842732	-0.000000	-0.791838	0.000000	0.000000	0.000000	0.000000	0.000000	0.000000
0.907177	-0.842704	0.000000	-0.793112	0.000000	0.000000	0.000000	0.000000	0.000000	0.000000
0.907177	-0.842682	0.000000	-0.793180	0.000000	0.000000	0.000000	0.000000	0.000000	0.000000
0.907177	-0.842661	0.000000	-0.792665	0.000000	0.000000	0.000000	0.000000	0.000000	0.000000
0.907177	-0.842700	0.000000	-0.793090	0.000000	0.000000	0.000000	0.000000	0.000000	0.000000
0.907177	-0.842679	-0.000000	-0.793100	0.000000	0.000000	0.000000	0.000000	0.000000	0.000000
0.907177	-0.842696	0.000000	-0.792960	0.000000	0.000000	0.000000	0.000000	0.000000	0.000000
0.907177	-0.842672	-0.000000	-0.793173	0.000000	0.000000	0.000000	0.000000	0.000000	0.000000
0.907177	-0.842679	0.000000	-0.793123	0.000000	0.000000	0.000000	0.000000	0.000000	0.000000
0.907177	-0.842667	-0.000000	-0.446742	0.000000	0.000000	0.000000	0.000000	0.000000	0.000000
0.907177	-0.842731	-0.000000	-0.605110	0.000000	0.000000	0.000000	0.000000	0.000000	0.000000
0.907177	-0.842654	-0.000000	-0.793180	0.000000	0.000000	0.000000	0.000000	0.000000	0.000000
0.907177	-0.842695	0.000000	-0.793141	0.000000	0.000000	0.000000	0.000000	0.000000	0.000000
0.907177	-0.842652	-0.000000	-0.793207	0.000000	0.000000	0.000000	0.000000	0.000000	0.000000
0.907177	-0.842707	-0.000000	-0.793240	0.000000	0.000000	0.000000	0.000000	0.000000	0.000000
0.907177	-0.842646	-0.000000	-0.793220	0.000000	0.000000	0.000000	0.000000	0.000000	0.000000
0.907177	-0.842725	-0.000000	-0.793100	0.000000	0.000000	0.000000	0.000000	0.000000	0.000000
0.907177	-0.842744	-0.000000	-0.786635	0.000000	0.000000	0.000000	0.000000	0.000000	0.000000
0.907177	-0.842673	-0.000000	-0.793340	0.000000	0.000000	0.000000	0.000000	0.000000	0.000000
0.907177	-0.842616	0.000000	-0.792991	0.000000	0.000000	0.000000	0.000000	0.000000	0.000000
0.907177	-0.842628	0.000000	-0.793262	0.000000	0.000000	0.000000	0.000000	0.000000	0.000000
0.907177	-0.842652	-0.000000	-0.792956	0.000000	0.000000	0.000000	0.000000	0.000000	0.000000
0.907177	-0.842470	0.000000	-0.793152	0.000000	0.000000	0.000000	0.000000	0.000000	0.000000
0.907177	-0.842675	-0.000000	-0.793133	0.000000	0.000000	0.000000	0.000000	0.000000	0.000000
0.907177	-0.842666	-0.000000	-0.793045	0.000000	0.000000	0.000000	0.000000	0.000000	0.000000
0.907177	-0.842679	0.000000	-0.793034	0.000000	0.000000	0.000000	0.000000	0.000000	0.000000
0.907177	-0.842664	0.000000	-0.793186	0.000000	0.000000	0.000000	0.000000	0.000000	0.000000
0.907177	-0.842676	-0.000000	-0.793146	0.000000	0.000000	0.000000	0.000000	0.000000	0.000000
0.907177	-0.842619	0.000000	-0.793214	0.000000	0.000000	0.000000	0.000000	0.000000	0.000000
0.907177	-0.842662	0.000000	-0.792938	0.000000	0.000000	0.000000	0.000000	0.000000	0.000000
0.907177	-0.842719	-0.000000	-0.793013	0.000000	0.000000	0.000000	0.000000	0.000000	0.000000
0.907177	-0.842700	0.000000	-0.789992	0.000000	0.000000	0.000000	0.000000	0.000000	0.000000
0.907177	-0.842673	0.000000	-0.792926	0.000000	0.000000	0.000000	0.000000	0.000000	0.000000
0.907177	-0.842668	0.000000	-0.792987	0.000000	0.000000	0.000000	0.000000	0.000000	0.000000
0.907177	-0.842660	-0.000000	-0.793143	0.000000	0.000000	0.000000	0.000000	0.000000	0.000000
0.907177	-0.842680	0.000000	-0.793047	0.000000	0.000000	0.000000	0.000000	0.000000	0.000000
0.907177	-0.842639	0.000000	-0.793119	0.000000	0.000000	0.000000	0.000000	0.000000	0.000000
0.907177	-0.842680	0.000000	-0.793153	0.000000	0.000000	0.000000	0.000000	0.000000	0.000000
0.907177	-0.842626	-0.000000	-0.793186	0.000000	0.000000	0.000000	0.000000	0.000000	0.000000
0.907177	-0.842697	-0.000000	-0.792430	0.000000	0.000000	0.000000	0.000000	0.000000	0.000000
0.907177	-0.842651	-0.000000	-0.793078	0.000000	0.000000	0.000000	0.000000	0.000000	0.000000
0.907177	-0.842647	-0.000000	-0.791635	0.000000	0.000000	0.000000	0.000000	0.000000	0.000000
0.907177	-0.842650	-0.000000	-0.792993	0.000000	0.000000	0.000000	0.000000	0.000000	0.000000
0.907177	-0.842711	-0.000000	-0.793147	0.000000	0.000000	0.000000	0.000000	0.000000	0.000000
0.907177	-0.842685	0.000000	-0.793214	0.000000	0.000000	0.000000	0.000000	0.000000	0.000000
0.907177	-0.842746	0.000000	-0.793108	0.000000	0.000000	0.000000	0.000000	0.000000	0.000000
0.907177	-0.842686	-0.000000	-0.793132	0.000000	0.000000	0.000000	0.000000	0.000000	0.000000
0.907177	-0.842688	-0.000000	-0.793290	0.000000	0.000000	0.000000	0.000000	0.000000	0.000000
0.907177	-0.842660	-0.000000	-0.793233	0.000000	0.000000	0.000000	0.000000	0.000000	0.000000
0.907177	-0.842665	-0.000000	-0.779949	0.000000	0.000000	0.000000	0.000000	0.000000	0.000000
0.907177	-0.842684	-0.000000	-0.792924	0.000000	0.000000	0.000000	0.000000	0.000000	0.000000
0.907177	-0.842731	-0.000000	-0.783203	0.000000	0.000000	0.000000	0.000000	0.000000	0.000000
0.907177	-0.842626	-0.000000	-0.793034	0.000000	0.000000	0.000000	0.000000	0.000000	0.000000
0.907177	-0.842684	0.000000	-0.793188	0.000000	0.000000	0.000000	0.000000	0.000000	0.000000
0.907177	-0.842683	0.000000	-0.793135	0.000000	0.000000	0.000000	0.000000	0.000000	0.000000
0.907177	-0.842658	0.000000	-0.793192	0.000000	0.000000	0.000000	0.000000	0.000000	0.000000
0.907177	-0.842704	-0.000000	-0.792987	0.000000	0.000000	0.000000	0.000000	0.000000	0.000000
0.907177	-0.842671	0.000000	-0.793263	0.000000	0.000000	0.000000	0.000000	0.000000	0.000000
0.907177	-0.842712	0.000000	-0.793219	0.000000	0.000000	0.000000	0.000000	0.000000	0.000000
0.907177	-0.842685	0.000000	-0.793253	0.000000	0.000000	0.000000	0.000000	0.000000	0.000000
0.907177	-0.842773	-0.000000	-0.792996	0.000000	0.000000	0.000000	0.000000	0.000000	0.000000
0.907177	-0.842713	0.000000	-0.792846	0.000000	0.000000	0.000000	0.000000	0.000000	0.000000
0.907177	-0.842744	0.000000	-0.793018	0.000000	0.000000	0.000000	0.000000	0.000000	0.000000
0.907177	-0.842629	0.000000	-0.793014	0.000000	0.000000	0.000000	0.000000	0.000000	0.000000
0.907177	-0.842693	0.000000	-0.793007	0.000000	0.000000	0.000000	0.000000	0.000000	0.000000
0.907177	-0.842757	-0.000000	-0.793102	0.000000	0.000000	0.000000	0.000000	0.000000	0.000000
0.907177	-0.842660	0.000000	-0.793030	0.000000	0.000000	0.000000	0.000000	0.000000	0.000000
0.907177	-0.842646	-0.000000	-0.793130	0.000000	0.000000	0.000000	0.000000	0.000000	0.000000
0.907177	-0.842582	0.000000	-0.793258	0.000000	0.000000	0.000000	0.000000	0.000000	0.000000
0.907177	-0.842630	-0.000000	-0.793173	0.000000	0.000000	0.000000	0.000000	0.000000	0.000000
0.907177	-0.842687	-0.000000	-0.793054	0.000000	0.000000	0.000000	0.000000	0.000000	0.000000
0.907177	-0.842626	0.000000	-0.793013	0.000000	0.000000	0.000000	0.000000	0.000000	0.000000
0.907177	-0.842612	-0.000000	-0.793155	0.000000	0.000000	0.000000	0.000000	0.000000	0.000000
0.907177	-0.842685	0.000000	-0.793039	0.000000	0.000000	0.000000	0.000000	0.000000	0.000000
0.907177	-0.842650	0.000000	-0.793196	0.000000	0.000000	0.000000	0.000000	0.000000	0.000000
0.907177	-0.842714	0.000000	-0.793006	0.000000	0.000000	0.000000	0.000000	0.000000	0.000000
0.907177	-0.842648	-0.000000	-0.793131	0.000000	0.000000	0.000000	0.000000	0.000000	0.000000
0.907177	-0.842714	0.000000	-0.793032	0.000000	0.000000	0.000000	0.000000	0.000000	0.000000
0.907177	-0.842684	0.000000	-0.793071	0.000000	0.000000	0.000000	0.000000	0.000000	0.000000
0.907178	-0.842680	0.000000	-0.793189	0.000000	0.000000	0.000000	0.000000	0.000000	0.000000
0.907177	-0.842708	-0.000000	-0.793116	0.000000	0.000000	0.000000	0.000000	0.000000	0.000000
0.907177	-0.842752	-0.000000	-0.793116	0.000000	0.000000	0.000000	0.000000	0.000000	0.000000
0.907177	-0.842586	0.000000	-0.792842	0.000000	0.000000	0.000000	0.000000	0.000000	0.000000
0.907177	-0.842669	-0.000000	-0.793169	0.000000	0.000000	0.000000	0.000000	0.000000	0.000000
0.907177	-0.842699	-0.000000	-0.793091	0.000000	0.000000	0.000000	0.000000	0.000000	0.000000
0.907177	-0.842713	0.000000	-0.793236	0.000000	0.000000	0.000000	0.000000	0.000000	0.000000
0.907177	-0.842711	0.000000	-0.793168	0.000000	0.000000	0.000000	0.000000	0.000000	0.000000
0.907177	-0.842622	-0.000000	-0.791474	0.000000	0.000000	0.000000	0.000000	0.000000	0.000000
0.907177	-0.842736	-0.000000	-0.793050	0.000000	0.000000	0.000000	0.000000	0.000000	0.000000
0.907177	-0.842668	0.000000	-0.791497	0.000000	0.000000	0.000000	0.000000	0.000000	0.000000
0.907177	-0.842654	0.000000	-0.793108	0.000000	0.000000	0.000000	0.000000	0.000000	0.000000
0.907177	-0.842652	-0.000000	-0.793103	0.000000	0.000000	0.000000	0.000000	0.000000	0.000000
0.907177	-0.842757	-0.000000	-0.792917	0.000000	0.000000	0.000000	0.000000	0.000000	0.000000
0.907177	-0.842590	0.000000	-0.793074	0.000000	0.000000	0.000000	0.000000	0.000000	0.000000
0.907177	-0.842656	-0.000000	-0.793105	0.000000	0.000000	0.000000	0.000000	0.000000	0.000000
0.907177	-0.842607	-0.000000	-0.793008	0.000000	0.000000	0.000000	0.000000	0.000000	0.000000
0.907177	-0.842720	0.000000	-0.792968	0.000000	0.000000	0.000000	0.000000	0.000000	0.000000
0.907177	-0.836987	0.000000	-0.793159	0.000000	0.000000	0.000000	0.000000	0.000000	0.000000
0.907177	-0.842702	0.000000	-0.793078	0.000000	0.000000	0.000000	0.000000	0.000000	0.000000
0.907177	-0.842685	0.000000	-0.793276	0.000000	0.000000	0.000000	0.000000	0.000000	0.000000
0.907177	-0.842756	-0.000000	-0.793088	0.000000	0.000000	0.000000	0.000000	0.000000	0.000000
0.907177	-0.842659	-0.000000	-0.793105	0.000000	0.000000	0.000000	0.000000	0.000000	0.000000
0.907177	-0.842692	0.000000	-0.792598	0.000000	0.000000	0.000000	0.000000	0.000000	0.000000
0.907177	-0.842632	0.000000	-0.793115	0.000000	0.000000	0.000000	0.000000	0.000000	0.000000
0.907177	-0.842680	-0.000000	-0.793299	0.000000	0.000000	0.000000	0.000000	0.000000	0.000000
0.907177	-0.842709	0.000000	-0.793042	0.000000	0.000000	0.000000	0.000000	0.000000	0.000000
0.907177	-0.842592	-0.000000	-0.793092	0.000000	0.000000	0.000000	0.000000	0.000000	0.000000
0.907177	-0.842707	-0.000000	-0.793269	0.000000	0.000000	0.000000	0.000000	0.000000	0.000000
0.907177	-0.842720	-0.000000	-0.793310	0.000000	0.000000	0.000000	0.000000	0.000000	0.000000
0.907177	-0.842635	0.000000	-0.790845	0.000000	0.000000	0.000000	0.000000	0.000000	0.000000
0.907177	-0.842661	-0.000000	-0.793106	0.000000	0.000000	0.000000	0.000000	0.000000	0.000000
0.907177	-0.842679	0.000000	-0.793218	0.000000	0.000000	0.000000	0.000000	0.000000	0.000000
0.907177	-0.842641	-0.000000	-0.792981	0.000000	0.000000	0.000000	0.000000	0.000000	0.000000
0.907177	-0.842708	-0.000000	-0.793190	0.000000	0.000000	0.000000	0.000000	0.000000	0.000000
0.907177	-0.842695	0.000000	-0.792452	0.000000	0.000000	0.000000	0.000000	0.000000	0.000000
0.907177	-0.842652	0.000000	-0.792519	0.000000	0.000000	0.000000	0.000000	0.000000	0.000000
0.907177	-0.842543	0.000000	-0.793348	0.000000	0.000000	0.000000	0.000000	0.000000	0.000000
0.907177	-0.842656	-0.000000	-0.792625	0.000000	0.000000	0.000000	0.000000	0.000000	0.000000
0.907177	-0.842653	0.000000	-0.793087	0.000000	0.000000	0.000000	0.000000	0.000000	0.000000
0.907177	-0.842683	0.000000	-0.792877	0.000000	0.000000	0.000000	0.000000	0.000000	0.000000
0.907177	-0.842651	0.000000	-0.793161	0.000000	0.000000	0.000000	0.000000	0.000000	0.000000
0.907177	-0.842677	0.000000	-0.793090	0.000000	0.000000	0.000000	0.000000	0.000000	0.000000
0.907177	-0.842693	-0.000000	-0.793357	0.000000	0.000000	0.000000	0.000000	0.000000	0.000000
0.907177	-0.842698	-0.000000	-0.792952	0.000000	0.000000	0.000000	0.000000	0.000000	0.000000
0.907177	-0.842698	-0.000000	-0.792990	0.000000	0.000000	0.000000	0.000000	0.000000	0.000000
0.907177	-0.842652	-0.000000	-0.793135	0.000000	0.000000	0.000000	0.000000	0.000000	0.000000
0.907177	-0.842613	-0.000000	-0.793197	0.000000	0.000000	0.000000	0.000000	0.000000	0.000000
0.907177	-0.842691	0.000000	-0.793320	0.000000	0.000000	0.000000	0.000000	0.000000	0.000000
0.907177	-0.842649	0.000000	-0.793112	0.000000	0.000000	0.000000	0.000000	0.000000	0.000000
0.907177	-0.842719	-0.000000	-0.793249	0.000000	0.000000	0.000000	0.000000	0.000000	0.000000
0.907177	-0.842668	0.000000	-0.792983	0.000000	0.000000	0.000000	0.000000	0.000000	0.000000
0.907177	-0.842702	-0.000000	-0.793114	0.000000	0.000000	0.000000	0.000000	0.000000	0.000000
0.907177	-0.842612	-0.000000	-0.792773	0.000000	0.000000	0.000000	0.000000	0.000000	0.000000
0.907177	-0.842685	0.000000	-0.793173	0.000000	0.000000	0.000000	0.000000	0.000000	0.000000
0.907178	-0.842706	-0.000000	-0.792874	0.000000	0.000000	0.000000	0.000000	0.000000	0.000000
0.907177	-0.842707	0.000000	-0.793182	0.000000	0.000000	0.000000	0.000000	0.000000	0.000000
0.907177	-0.842676	-0.000000	-0.793020	0.000000	0.000000	0.000000	0.000000	0.000000	0.000000
0.907177	-0.842694	0.000000	-0.792989	0.000000	0.000000	0.000000	0.000000	0.000000	0.000000
0.907177	-0.842706	-0.000000	-0.793112	0.000000	0.000000	0.000000	0.000000	0.000000	0.000000
0.907177	-0.842633	-0.000000	-0.792072	0.000000	0.000000	0.000000	0.000000	0.000000	0.000000
0.907177	-0.842594	0.000000	-0.792791	0.000000	0.000000	0.000000	0.000000	0.000000	0.000000
0.907177	-0.842669	-0.000000	-0.793236	0.000000	0.000000	0.000000	0.000000	0.000000	0.000000
0.907177	-0.842709	-0.000000	-0.793317	0.000000	0.000000	0.000000	0.000000	0.000000	0.000000
0.907177	-0.842687	0.000000	-0.793213	0.000000	0.000000	0.000000	0.000000	0.000000	0.000000
0.907177	-0.842664	-0.000000	-0.793196	0.000000	0.000000	0.000000	0.000000	0.000000	0.000000
0.907178	-0.842650	-0.000000	-0.793273	0.000000	0.000000	0.000000	0.000000	0.000000	0.000000
0.907177	-0.842653	-0.000000	-0.792160	0.000000	0.000000	0.000000	0.000000	0.000000	0.000000
0.907177	-0.842648	0.000000	-0.793071	0.000000	0.000000	0.000000	0.000000	0.000000	0.000000
0.907177	-0.842744	0.000000	-0.793147	0.000000	0.000000	0.000000	0.000000	0.000000	0.000000
0.907177	-0.842676	0.000000	-0.784118	0.000000	0.000000	0.000000	0.000000	0.000000	0.000000
0.907177	-0.842678	0.000000	-0.793169	0.000000	0.000000	0.000000	0.000000	0.000000	0.000000
0.907177	-0.842617	-0.000000	-0.793119	0.000000	0.000000	0.000000	0.000000	0.000000	0.000000
0.907177	-0.842702	0.000000	-0.788951	0.000000	0.000000	0.000000	0.000000	0.000000	0.000000
0.907177	-0.842651	-0.000000	-0.793022	0.000000	0.000000	0.000000	0.000000	0.000000	0.000000
0.907177	-0.842671	0.000000	-0.792865	0.000000	0.000000	0.000000	0.000000	0.000000	0.000000
0.907177	-0.842726	0.000000	-0.793364	0.000000	0.000000	0.000000	0.000000	0.000000	0.000000
0.907177	-0.842629	0.000000	-0.792907	0.000000	0.000000	0.000000	0.000000	0.000000	0.000000
0.907177	-0.842777	-0.000000	-0.789513	0.000000	0.000000	0.000000	0.000000	0.000000	0.000000
0.907177	-0.842705	-0.000000	-0.792994	0.000000	0.000000	0.000000	0.000000	0.000000	0.000000
0.907177	-0.842636	0.000000	-0.793113	0.000000	0.000000	0.000000	0.000000	0.000000	0.000000
0.907177	-0.842700	0.000000	-0.793033	0.000000	0.000000	0.000000	0.000000	0.000000	0.000000
0.907177	-0.842722	-0.000000	-0.793078	0.000000	0.000000	0.000000	0.000000	0.000000	0.000000
0.907177	-0.842698	-0.000000	-0.792956	0.000000	0.000000	0.000000	0.000000	0.000000	0.000000
0.907177	-0.842763	-0.000000	-0.793140	0.000000	0.000000	0.000000	0.000000	0.000000	0.000000
0.907177	-0.842704	0.000000	-0.793076	0.000000	0.000000	0.000000	0.000000	0.000000	0.000000
0.907177	-0.842727	0.000000	-0.793006	0.000000	0.000000	0.000000	0.000000	0.000000	0.000000
0.907177	-0.842674	-0.000000	-0.793123	0.000000	0.000000	0.000000	0.000000	0.000000	0.000000
0.907177	-0.842757	-0.000000	-0.793266	0.000000	0.000000	0.000000	0.000000	0.000000	0.000000
0.907177	-0.842702	0.000000	-0.792531	0.000000	0.000000	0.000000	0.000000	0.000000	0.000000
0.907177	-0.842705	-0.000000	-0.793157	0.000000	0.000000	0.000000	0.000000	0.000000	0.000000
0.907177	-0.842677	0.000000	-0.793104	0.000000	0.000000	0.000000	0.000000	0.000000	0.000000
0.907177	-0.842667	-0.000000	-0.792218	0.000000	0.000000	0.000000	0.000000	0.000000	0.000000
0.907177	-0.842706	0.000000	-0.793252	0.000000	0.000000	0.000000	0.000000	0.000000	0.000000
0.907177	-0.842697	0.000000	-0.792996	0.000000	0.000000	0.000000	0.000000	0.000000	0.000000
0.907177	-0.842713	-0.000000	-0.793139	0.000000	0.000000	0.000000	0.000000	0.000000	0.000000
0.907178	-0.842672	0.000000	-0.793030	0.000000	0.000000	0.000000	0.000000	0.000000	0.000000
0.907177	-0.842646	-0.000000	-0.793241	0.000000	0.000000	0.000000	0.000000	0.000000	0.000000
0.907178	-0.842691	-0.000000	-0.792655	0.000000	0.000000	0.000000	0.000000	0.000000	0.000000
0.907177	-0.842645	-0.000000	-0.790859	0.000000	0.000000	0.000000	0.000000	0.000000	0.000000
0.907177	-0.842644	-0.000000	-0.793179	0.000000	0.000000	0.000000	0.000000	0.000000	0.000000
0.907177	-0.842674	0.000000	-0.793084	0.000000	0.000000	0.000000	0.000000	0.000000	0.000000
0.907177	-0.842624	-0.000000	-0.793165	0.000000	0.000000	0.000000	0.000000	0.000000	0.000000
0.907177	-0.842670	-0.000000	-0.772393	0.000000	0.000000	0.000000	0.000000	0.000000	0.000000
0.907177	-0.842759	-0.000000	-0.792689	0.000000	0.000000	0.000000	0.000000	0.000000	0.000000
0.907177	-0.842614	0.000000	-0.793163	0.000000	0.000000	0.000000	0.000000	0.000000	0.000000
0.907177	-0.842775	0.000000	-0.793148	0.000000	0.000000	0.000000	0.000000	0.000000	0.000000
0.907177	-0.842705	-0.000000	-0.793350	0.000000	0.000000	0.000000	0.000000	0.000000	0.000000
0.907177	-0.842675	0.000000	-0.793395	0.000000	0.000000	0.000000	0.000000	0.000000	0.000000
0.907177	-0.842693	0.000000	-0.793267	0.000000	0.000000	0.000000	0.000000	0.000000	0.000000
0.907177	-0.842626	0.000000	-0.793029	0.000000	0.000000	0.000000	0.000000	0.000000	0.000000
0.907177	-0.842707	0.000000	-0.793008	0.000000	0.000000	0.000000	0.000000	0.000000	0.000000
0.907177	-0.842619	-0.000000	0.006694	0.000000	0.000000	0.000000	0.000000	0.000000	0.000000
0.907177	-0.842689	-0.000000	0.842593	0.000000	0.000000	0.000000	0.000000	0.000000	0.000000
0.907177	-0.842686	-0.000000	0.842729	0.000000	0.000000	0.000000	0.000000	0.000000	0.000000
0.907177	-0.842681	-0.000000	0.841690	0.000000	0.000000	0.000000	0.000000	0.000000	0.000000
0.907178	-0.842752	0.000000	0.842645	0.000000	0.000000	0.000000	0.000000	0.000000	0.000000
0.907177	-0.842687	0.000000	0.842696	0.000000	0.000000	0.000000	0.000000	0.000000	0.000000
0.907177	-0.842714	-0.000000	0.842658	0.000000	0.000000	0.000000	0.000000	0.000000	0.000000
0.907177	-0.842608	0.000000	0.842655	0.000000	0.000000	0.000000	0.000000	0.000000	0.000000
0.907177	-0.842692	0.000000	0.842446	0.000000	0.000000	0.000000	0.000000	0.000000	0.000000
0.907177	-0.842716	0.000000	0.842591	0.000000	0.000000	0.000000	0.000000	0.000000	0.000000
0.907177	-0.842629	0.000000	0.842646	0.000000	0.000000	0.000000	0.000000	0.000000	0.000000
0.907177	-0.842723	0.000000	0.842636	0.000000	0.000000	0.000000	0.000000	0.000000	0.000000
0.907177	-0.842637	0.000000	0.829304	0.000000	0.000000	0.000000	0.000000	0.000000	0.000000
0.907177	-0.842671	-0.000000	0.842656	0.000000	0.000000	0.000000	0.000000	0.000000	0.000000
0.907177	-0.842736	0.000000	0.842811	0.000000	0.000000	0.000000	0.000000	0.000000	0.000000
0.907177	-0.842720	0.000000	0.842615	0.000000	0.000000	0.000000	0.000000	0.000000	0.000000
0.907177	-0.842698	0.000000	0.842667	0.000000	0.000000	0.000000	0.000000	0.000000	0.000000
0.907177	-0.842637	0.000000	0.842585	0.000000	0.000000	0.000000	0.000000	0.000000	0.000000
0.907177	-0.842675	0.000000	0.842610	0.000000	0.000000	0.000000	0.000000	0.000000	0.000000
0.907177	-0.842676	-0.000000	0.842567	0.000000	0.000000	0.000000	0.000000	0.000000	0.000000
0.907177	-0.842673	0.000000	0.842628	0.000000	0.000000	0.000000	0.000000	0.000000	0.000000
0.907177	-0.842668	0.000000	0.842773	0.000000	0.000000	0.000000	0.000000	0.000000	0.000000
0.907177	-0.842619	-0.000000	0.841768	0.000000	0.000000	0.000000	0.000000	0.000000	0.000000
0.907177	-0.842718	-0.000000	0.842645	0.000000	0.000000	0.000000	0.000000	0.000000	0.000000
0.907177	-0.842658	0.000000	0.842693	0.000000	0.000000	0.000000	0.000000	0.000000	0.000000
0.907177	-0.842716	-0.000000	0.842662	0.000000	0.000000	0.000000	0.000000	0.000000	0.000000
0.907177	-0.842709	-0.000000	0.842553	0.000000	0.000000	0.000000	0.000000	0.000000	0.000000
0.907177	-0.842606	0.000000	0.842659	0.000000	0.000000	0.000000	0.000000	0.000000	0.000000
0.907177	-0.842701	0.000000	0.842640	0.000000	0.000000	0.000000	0.000000	0.000000	0.000000
0.907178	-0.842725	-0.000000	0.840515	0.000000	0.000000	0.000000	0.000000	0.000000	0.000000
0.907177	-0.842623	0.000000	0.842763	0.000000	0.000000	0.000000	0.000000	0.000000	0.000000
0.907177	-0.842649	-0.000000	0.842617	0.000000	0.000000	0.000000	0.000000	0.000000	0.000000
0.907177	-0.842685	0.000000	0.842801	0.000000	0.000000	0.000000	0.000000	0.000000	0.000000
0.907177	-0.842636	0.000000	0.842534	0.000000	0.000000	0.000000	0.000000	0.000000	0.000000
0.907177	-0.842665	-0.000000	0.842696	0.000000	0.000000	0.000000	0.000000	0.000000	0.000000
0.907178	-0.842679	0.000000	0.842631	0.000000	0.000000	0.000000	0.000000	0.000000	0.000000
0.907177	-0.842768	-0.000000	0.842639	0.000000	0.000000	0.000000	0.000000	0.000000	0.000000
0.907177	-0.842719	-0.000000	0.842676	0.000000	0.000000	0.000000	0.000000	0.000000	0.000000
0.907177	-0.842710	-0.000000	0.842598	0.000000	0.000000	0.000000	0.000000	0.000000	0.000000
0.907177	-0.842707	0.000000	0.842785	0.000000	0.000000	0.000000	0.000000	0.000000	0.000000
0.907177	-0.842726	0.000000	0.842619	0.000000	0.000000	0.000000	0.000000	0.000000	0.000000
0.907177	-0.842701	-0.000000	0.842527	0.000000	0.000000	0.000000	0.000000	0.000000	0.000000
0.907177	-0.842666	-0.000000	0.842583	0.000000	0.000000	0.000000	0.000000	0.000000	0.000000
0.907177	-0.842692	0.000000	0.842311	0.000000	0.000000	0.000000	0.000000	0.000000	0.000000
0.907177	-0.842718	-0.000000	0.842728	0.000000	0.000000	0.000000	0.000000	0.000000	0.000000
0.907177	-0.842657	0.000000	0.842521	0.000000	0.000000	0.000000	0.000000	0.000000	0.000000
0.907177	-0.842673	0.000000	0.842586	0.000000	0.000000	0.000000	0.000000	0.000000	0.000000
0.907177	-0.842624	0.000000	0.842641	0.000000	0.000000	0.000000	0.000000	0.000000	0.000000
0.907177	-0.842596	-0.000000	0.810685	0.000000	0.000000	0.000000	0.000000	0.000000	0.000000
0.907177	-0.842724	-0.000000	0.842416	0.000000	0.000000	0.000000	0.000000	0.000000	0.000000
0.907177	-0.842690	0.000000	0.842629	0.000000	0.000000	0.000000	0.000000	0.000000	0.000000
0.907177	-0.842672	0.000000	0.842551	0.000000	0.000000	0.000000	0.000000	0.000000	0.000000
0.907177	-0.842587	-0.000000	0.842416	0.000000	0.000000	0.000000	0.000000	0.000000	0.000000
0.907178	-0.842660	0.000000	0.842665	0.000000	0.000000	0.000000	0.000000	0.000000	0.000000
0.907177	-0.842688	0.000000	0.842672	0.000000	0.000000	0.000000	0.000000	0.000000	0.000000
0.907177	-0.842732	-0.000000	0.842700	0.000000	0.000000	0.000000	0.000000	0.000000	0.000000
0.907177	-0.842795	0.000000	0.842633	0.000000	0.000000	0.000000	0.000000	0.000000	0.000000
0.907177	-0.842711	-0.000000	0.842575	0.000000	0.000000	0.000000	0.000000	0.000000	0.000000
0.907177	-0.842703	0.000000	0.842496	0.000000	0.000000	0.000000	0.000000	0.000000	0.000000
0.907178	-0.842695	0.000000	0.842740	0.000000	0.000000	0.000000	0.000000	0.000000	0.000000
0.907177	-0.842698	-0.000000	0.840773	0.000000	0.000000	0.000000	0.000000	0.000000	0.000000
0.907177	-0.842703	0.000000	0.842608	0.000000	0.000000	0.000000	0.000000	0.000000	0.000000
0.907177	-0.842695	0.000000	0.842662	0.000000	0.000000	0.000000	0.000000	0.000000	0.000000
0.907177	-0.842610	0.000000	0.842629	0.000000	0.000000	0.000000	0.000000	0.000000	0.000000
0.907177	-0.842720	0.000000	0.842716	0.000000	0.000000	0.000000	0.000000	0.000000	0.000000
0.907177	-0.842649	-0.000000	0.842682	0.000000	0.000000	0.000000	0.000000	0.000000	0.000000
0.907177	-0.842773	-0.000000	0.842611	0.000000	0.000000	0.000000	0.000000	0.000000	0.000000
0.907177	-0.842679	-0.000000	0.842600	0.000000	0.000000	0.000000	0.000000	0.000000	0.000000
0.907177	-0.842698	-0.000000	0.842765	0.000000	0.000000	0.000000	0.000000	0.000000	0.000000
0.907177	-0.842646	-0.000000	0.842644	0.000000	0.000000	0.000000	0.000000	0.000000	0.000000
0.907177	-0.842667	0.000000	0.842580	0.000000	0.000000	0.000000	0.000000	0.000000	0.000000
0.907177	-0.842696	0.000000	0.842681	0.000000	0.000000	0.000000	0.000000	0.000000	0.000000
0.907177	-0.842688	0.000000	0.842681	0.000000	0.000000	0.000000	0.000000	0.000000	0.000000
0.907177	-0.842703	0.000000	0.842663	0.000000	0.000000	0.000000	0.000000	0.000000	0.000000
0.907177	-0.842745	0.000000	0.842674	0.000000	0.000000	0.000000	0.000000	0.000000	0.000000
0.907177	-0.842616	-0.000000	0.842690	0.000000	0.000000	0.000000	0.000000	0.000000	0.000000
0.907177	-0.842682	-0.000000	0.842582	0.000000	0.000000	0.000000	0.000000	0.000000	0.000000
0.907177	-0.842665	-0.000000	0.842603	0.000000	0.000000	0.000000	0.000000	0.000000	0.000000
0.907177	-0.842648	-0.000000	0.842604	0.000000	0.000000	0.000000	0.000000	0.000000	0.000000
0.907177	-0.842678	-0.000000	0.842577	0.000000	0.000000	0.000000	0.000000	0.000000	0.000000
0.907177	-0.842732	0.000000	0.842539	0.000000	0.000000	0.000000	0.000000	0.000000	0.000000
0.907177	-0.842714	-0.000000	0.842730	0.000000	0.000000	0.000000	0.000000	0.000000	0.000000
0.907177	-0.842655	-0.000000	0.842603	0.000000	0.000000	0.000000	0.000000	0.000000	0.000000
0.907177	-0.842657	-0.000000	0.842732	0.000000	0.000000	0.000000	0.000000	0.000000	0.000000
0.907177	-0.842742	0.000000	0.842664	0.000000	0.000000	0.000000	0.000000	0.000000	0.000000
0.907177	-0.842639	-0.000000	0.842641	0.000000	0.000000	0.000000	0.000000	0.000000	0.000000
0.907177	-0.842675	0.000000	0.837836	0.000000	0.000000	0.000000	0.000000	0.000000	0.000000
0.907178	-0.842667	-0.000000	0.842802	0.000000	0.000000	0.000000	0.000000	0.000000	0.000000
0.907178	-0.842656	-0.000000	0.842551	0.000000	0.000000	0.000000	0.000000	0.000000	0.000000
0.907177	-0.842690	-0.000000	0.842684	0.000000	0.000000	0.000000	0.000000	0.000000	0.000000
0.907177	-0.842641	-0.000000	0.842684	0.000000	0.000000	0.000000	0.000000	0.000000	0.000000
0.907177	-0.842672	0.000000	0.842747	0.000000	0.000000	0.000000	0.000000	0.000000	0.000000
0.907177	-0.842726	-0.000000	0.842628	0.000000	0.000000	0.000000	0.000000	0.000000	0.000000
0.907177	-0.842662	-0.000000	0.842714	0.000000	0.000000	0.000000	0.000000	0.000000	0.000000
0.907177	-0.842766	-0.000000	0.842036	0.000000	0.000000	0.000000	0.000000	0.000000	0.000000
0.907178	-0.842664	-0.000000	0.842653	0.000000	0.000000	0.000000	0.000000	0.000000	0.000000
0.907177	-0.842705	0.000000	0.842673	0.000000	0.000000	0.000000	0.000000	0.000000	0.000000
0.907177	-0.842714	-0.000000	0.842062	0.000000	0.000000	0.000000	0.000000	0.000000	0.000000
0.907177	-0.842693	0.000000	0.842614	0.000000	0.000000	0.000000	0.000000	0.000000	0.000000
0.907177	-0.842686	0.000000	0.842745	0.000000	0.000000	0.000000	0.000000	0.000000	0.000000
0.907177	-0.842710	0.000000	0.842323	0.000000	0.000000	0.000000	0.000000	0.000000	0.000000
0.907177	-0.842628	0.000000	0.842698	0.000000	0.000000	0.000000	0.000000	0.000000	0.000000
0.907177	-0.842661	-0.000000	0.842709	0.000000	0.000000	0.000000	0.000000	0.000000	0.000000
0.907177	-0.842694	-0.000000	0.842630	0.000000	0.000000	0.000000	0.000000	0.000000	0.000000
0.907177	-0.842680	-0.000000	0.842083	0.000000	0.000000	0.000000	0.000000	0.000000	0.000000
0.907177	-0.842707	-0.000000	0.842635	0.000000	0.000000	0.000000	0.000000	0.000000	0.000000
0.907177	-0.842702	0.000000	0.842587	0.000000	0.000000	0.000000	0.000000	0.000000	0.000000
0.907177	-0.842741	-0.000000	0.842596	0.000000	0.000000	0.000000	0.000000	0.000000	0.000000
0.907177	-0.841711	-0.000000	0.842632	0.000000	0.000000	0.000000	0.000000	0.000000	0.000000
0.907177	-0.842647	0.000000	0.842592	0.000000	0.000000	0.000000	0.000000	0.000000	0.000000
0.907177	-0.842656	-0.000000	0.842622	0.000000	0.000000	0.000000	0.000000	0.000000	0.000000
0.907177	-0.842715	0.000000	0.842681	0.000000	0.000000	0.000000	0.000000	0.000000	0.000000
0.907177	-0.842732	-0.000000	0.842652	0.000000	0.000000	0.000000	0.000000	0.000000	0.000000
0.907177	-0.842693	-0.000000	0.842532	0.000000	0.000000	0.000000	0.000000	0.000000	0.000000
0.907177	-0.842646	0.000000	0.842826	0.000000	0.000000	0.000000	0.000000	0.000000	0.000000
0.907177	-0.842647	0.000000	0.842629	0.000000	0.000000	0.000000	0.000000	0.000000	0.000000
0.907177	-0.842672	0.000000	0.842598	0.000000	0.000000	0.000000	0.000000	0.000000	0.000000
0.907177	-0.842725	0.000000	0.840981	0.000000	0.000000	0.000000	0.000000	0.000000	0.000000
0.907178	-0.842641	0.000000	0.842702	0.000000	0.000000	0.000000	0.000000	0.000000	0.000000
0.907177	-0.842752	0.000000	0.840041	0.000000	0.000000	0.000000	0.000000	0.000000	0.000000
0.907177	-0.842620	0.000000	0.842710	0.000000	0.000000	0.000000	0.000000	0.000000	0.000000
0.907177	-0.842754	-0.000000	0.838003	0.000000	0.000000	0.000000	0.000000	0.000000	0.000000
0.907177	-0.842663	0.000000	0.842619	0.000000	0.000000	0.000000	0.000000	0.000000	0.000000
0.907177	-0.842654	-0.000000	0.842564	0.000000	0.000000	0.000000	0.000000	0.000000	0.000000
0.907177	-0.842687	0.000000	0.842403	0.000000	0.000000	0.000000	0.000000	0.000000	0.000000
0.907177	-0.842712	-0.000000	0.842768	0.000000	0.000000	0.000000	0.000000	0.000000	0.000000
0.907177	-0.842654	0.000000	0.842625	0.000000	0.000000	0.000000	0.000000	0.000000	0.000000
0.907177	-0.842610	-0.000000	0.842645	0.000000	0.000000	0.000000	0.000000	0.000000	0.000000
0.907177	-0.842671	-0.000000	0.842627	0.000000	0.000000	0.000000	0.000000	0.000000	0.000000
0.907177	-0.842594	-0.000000	0.841933	0.000000	0.000000	0.000000	0.000000	0.000000	0.000000
0.907178	-0.842717	0.000000	0.842673	0.000000	0.000000	0.000000	0.000000	0.000000	0.000000
0.907177	-0.842613	-0.000000	0.842609	0.000000	0.000000	0.000000	0.000000	0.000000	0.000000
0.907177	-0.842676	0.000000	0.842667	0.000000	0.000000	0.000000	0.000000	0.000000	0.000000
0.907177	-0.842699	-0.000000	0.842365	0.000000	0.000000	0.000000	0.000000	0.000000	0.000000
0.907177	-0.842690	0.000000	0.842621	0.000000	0.000000	0.000000	0.000000	0.000000	0.000000
0.907177	-0.842728	-0.000000	0.842521	0.000000	0.000000	0.000000	0.000000	0.000000	0.000000
0.907177	-0.842702	-0.000000	0.842631	0.000000	0.000000	0.000000	0.000000	0.000000	0.000000
0.907177	-0.842679	0.000000	0.842559	0.000000	0.000000	0.000000	0.000000	0.000000	0.000000
0.907177	-0.842745	0.000000	0.842698	0.000000	0.000000	0.000000	0.000000	0.000000	0.000000
0.907177	-0.842677	0.000000	0.842086	0.000000	0.000000	0.000000	0.000000	0.000000	0.000000
0.907177	-0.842651	-0.000000	0.842582	0.000000	0.000000	0.000000	0.000000	0.000000	0.000000
0.907177	-0.842357	0.000000	0.722294	0.000000	0.000000	0.000000	0.000000	0.000000	0.000000
0.907177	-0.842611	0.000000	0.842559	0.000000	0.000000	0.000000	0.000000	0.000000	0.000000
0.907177	-0.842687	-0.000000	0.842621	0.000000	0.000000	0.000000	0.000000	0.000000	0.000000
0.907177	-0.842714	-0.000000	0.842589	0.000000	0.000000	0.000000	0.000000	0.000000	0.000000
0.907177	-0.842697	0.000000	0.842619	0.000000	0.000000	0.000000	0.000000	0.000000	0.000000
0.907177	-0.842752	-0.000000	0.842658	0.000000	0.000000	0.000000	0.000000	0.000000	0.000000
0.907177	-0.842639	-0.000000	0.842586	0.000000	0.000000	0.000000	0.000000	0.000000	0.000000
0.907177	-0.842613	0.000000	0.841495	0.000000	0.000000	0.000000	0.000000	0.000000	0.000000
0.907177	-0.842623	-0.000000	0.842660	0.000000	0.000000	0.000000	0.000000	0.000000	0.000000
0.907177	-0.842656	0.000000	0.842636	0.000000	0.000000	0.000000	0.000000	0.000000	0.000000
0.907177	-0.842702	0.000000	0.841949	0.000000	0.000000	0.000000	0.000000	0.000000	0.000000
0.907177	-0.842716	0.000000	0.842620	0.000000	0.000000	0.000000	0.000000	0.000000	0.000000
0.907177	-0.842676	0.000000	0.842665	0.000000	0.000000	0.000000	0.000000	0.000000	0.000000
0.907177	-0.842675	-0.000000	0.842761	0.000000	0.000000	0.000000	0.000000	0.000000	0.000000
0.907177	-0.842700	0.000000	0.842717	0.000000	0.000000	0.000000	0.000000	0.000000	0.000000
0.907177	-0.842662	-0.000000	0.841253	0.000000	0.000000	0.000000	0.000000	0.000000	0.000000
0.907177	-0.842674	-0.000000	0.842710	0.000000	0.000000	0.000000	0.000000	0.000000	0.000000
0.907177	-0.842670	-0.000000	0.842599	0.000000	0.000000	0.000000	0.000000	0.000000	0.000000
0.907177	-0.842669	-0.000000	0.842616	0.000000	0.000000	0.000000	0.000000	0.000000	0.000000
0.907177	-0.842688	0.000000	0.842668	0.000000	0.000000	0.000000	0.000000	0.000000	0.000000
0.907177	-0.842704	0.000000	0.842779	0.000000	0.000000	0.000000	0.000000	0.000000	0.000000
0.907177	-0.842729	0.000000	0.842682	0.000000	0.000000	0.000000	0.000000	0.000000	0.000000
0.907177	-0.842733	-0.000000	0.842683	0.000000	0.000000	0.000000	0.000000	0.000000	0.000000
0.907177	-0.842659	-0.000000	0.842649	0.000000	0.000000	0.000000	0.000000	0.000000	0.000000
0.907177	-0.842642	-0.000000	0.842594	0.000000	0.000000	0.000000	0.000000	0.000000	0.000000
0.907177	-0.842666	-0.000000	0.842284	0.000000	0.000000	0.000000	0.000000	0.000000	0.000000
0.907177	-0.842702	0.000000	0.842269	0.000000	0.000000	0.000000	0.000000	0.000000	0.000000
0.907177	-0.842644	0.000000	0.842701	0.000000	0.000000	0.000000	0.000000	0.000000	0.000000
0.907177	-0.842703	0.000000	0.842732	0.000000	0.000000	0.000000	0.000000	0.000000	0.000000
0.907177	-0.842711	0.000000	0.842686	0.000000	0.000000	0.000000	0.000000	0.000000	0.000000
0.907177	-0.842681	-0.000000	0.842575	0.000000	0.000000	0.000000	0.000000	0.000000	0.000000
0.907177	-0.842703	-0.000000	0.842692	0.000000	0.000000	0.000000	0.000000	0.000000	0.000000
0.907177	-0.842709	-0.000000	0.842632	0.000000	0.000000	0.000000	0.000000	0.000000	0.000000
0.907177	-0.842678	-0.000000	0.842684	0.000000	0.000000	0.000000	0.000000	0.000000	0.000000
0.907177	-0.842665	0.000000	0.842418	0.000000	0.000000	0.000000	0.000000	0.000000	0.000000
0.907177	-0.842724	-0.000000	0.842713	0.000000	0.000000	0.000000	0.000000	0.000000	0.000000
0.907177	-0.842667	0.000000	0.842666	0.000000	0.000000	0.000000	0.000000	0.000000	0.000000
0.907177	-0.842696	0.000000	0.842625	0.000000	0.000000	0.000000	0.000000	0.000000	0.000000
0.907177	-0.842626	0.000000	0.842573	0.000000	0.000000	0.000000	0.000000	0.000000	0.000000
0.907177	-0.842684	-0.000000	0.842656	0.000000	0.000000	0.000000	0.000000	0.000000	0.000000
0.907177	-0.842650	-0.000000	0.842629	0.000000	0.000000	0.000000	0.000000	0.000000	0.000000
0.907177	-0.842704	-0.000000	0.840984	0.000000	0.000000	0.000000	0.000000	0.000000	0.000000
0.907177	-0.842704	-0.000000	0.823043	0.000000	0.000000	0.000000	0.000000	0.000000	0.000000
0.907177	-0.842647	-0.000000	0.842605	0.000000	0.000000	0.000000	0.000000	0.000000	0.000000
0.907177	-0.842689	0.000000	0.841320	0.000000	0.000000	0.000000	0.000000	0.000000	0.000000
0.907177	-0.842671	-0.000000	0.842626	0.000000	0.000000	0.000000	0.000000	0.000000	0.000000
0.907177	-0.842763	0.000000	0.842627	0.000000	0.000000	0.000000	0.000000	0.000000	0.000000
0.907177	-0.842675	0.000000	0.841754	0.000000	0.000000	0.000000	0.000000	0.000000	0.000000
0.907177	-0.842658	-0.000000	0.842646	0.000000	0.000000	0.000000	0.000000	0.000000	0.000000
0.907177	-0.842710	0.000000	0.842650	0.000000	0.000000	0.000000	0.000000	0.000000	0.000000
0.907177	-0.842669	0.000000	0.842626	0.000000	0.000000	0.000000	0.000000	0.000000	0.000000
0.907177	-0.842630	-0.000000	0.842553	0.000000	0.000000	0.000000	0.000000	0.000000	0.000000
0.907177	-0.842658	0.000000	0.842687	0.000000	0.000000	0.000000	0.000000	0.000000	0.000000
0.907177	-0.842687	-0.000000	0.842573	0.000000	0.000000	0.000000	0.000000	0.000000	0.000000
0.907177	-0.842666	-0.000000	0.842473	0.000000	0.000000	0.000000	0.000000	0.000000	0.000000
0.907177	-0.842634	0.000000	0.842681	0.000000	0.000000	0.000000	0.000000	0.000000	0.000000
0.907177	-0.842656	0.000000	0.842620	0.000000	0.000000	0.000000	0.000000	0.000000	0.000000
0.907177	-0.842721	-0.000000	0.837284	0.000000	0.000000	0.000000	0.000000	0.000000	0.000000
0.907177	-0.842681	-0.000000	0.842575	0.000000	0.000000	0.000000	0.000000	0.000000	0.000000
0.907177	-0.842662	0.000000	0.842559	0.000000	0.000000	0.000000	0.000000	0.000000	0.000000
0.907177	-0.842676	-0.000000	0.842530	0.000000	0.000000	0.000000	0.000000	0.000000	0.000000
0.907177	-0.842706	-0.000000	0.842596	0.000000	0.000000	0.000000	0.000000	0.000000	0.000000
0.907177	-0.842672	-0.000000	0.842629	0.000000	0.000000	0.000000	0.000000	0.000000	0.000000
0.907177	-0.842728	0.000000	0.842653	0.000000	0.000000	0.000000	0.000000	0.000000	0.000000
0.907177	-0.842657	-0.000000	0.842684	0.000000	0.000000	0.000000	0.000000	0.000000	0.000000
0.907177	-0.842704	-0.000000	0.842612	0.000000	0.000000	0.000000	0.000000	0.000000	0.000000
0.907178	-0.842704	-0.000000	0.842606	0.000000	0.000000	0.000000	0.000000	0.000000	0.000000
0.907177	-0.842630	0.000000	0.842086	0.000000	0.000000	0.000000	0.000000	0.000000	0.000000
0.907177	-0.842710	-0.000000	0.842626	0.000000	0.000000	0.000000	0.000000	0.000000	0.000000
0.907177	-0.842662	0.000000	0.842735	0.000000	0.000000	0.000000	0.000000	0.000000	0.000000
0.907177	-0.842694	-0.000000	0.842638	0.000000	0.000000	0.000000	0.000000	0.000000	0.000000
0.907177	-0.842709	0.000000	0.842723	0.000000	0.000000	0.000000	0.000000	0.000000	0.000000
0.907177	-0.842688	0.000000	0.807236	0.000000	0.000000	0.000000	0.000000	0.000000	0.000000
0.907177	-0.838732	0.000000	0.842666	0.000000	0.000000	0.000000	0.000000	0.000000	0.000000
0.907177	-0.842628	-0.000000	0.842557	0.000000	0.000000	0.000000	0.000000	0.000000	0.000000
0.907177	-0.842616	-0.000000	0.842687	0.000000	0.000000	0.000000	0.000000	0.000000	0.000000
0.907177	-0.842600	-0.000000	0.842596	0.000000	0.000000	0.000000	0.000000	0.000000	0.000000
0.907177	-0.842696	-0.000000	0.842624	0.000000	0.000000	0.000000	0.000000	0.000000	0.000000
0.907177	-0.842743	0.000000	0.842687	0.000000	0.000000	0.000000	0.000000	0.000000	0.000000
0.907177	-0.842685	0.000000	0.842627	0.000000	0.000000	0.000000	0.000000	0.000000	0.000000
0.907177	-0.842661	-0.000000	0.842579	0.000000	0.000000	0.000000	0.000000	0.000000	0.000000
0.907177	-0.842652	0.000000	0.842784	0.000000	0.000000	0.000000	0.000000	0.000000	0.000000
0.907177	-0.842677	-0.000000	0.839057	0.000000	0.000000	0.000000	0.000000	0.000000	0.000000
0.907177	-0.842665	0.000000	0.842632	0.000000	0.000000	0.000000	0.000000	0.000000	0.000000
0.907177	-0.842670	0.000000	0.842676	0.000000	0.000000	0.000000	0.000000	0.000000	0.000000
0.907177	-0.842670	-0.000000	0.842695	0.000000	0.000000	0.000000	0.000000	0.000000	0.000000
0.907177	-0.842706	0.000000	0.842728	0.000000	0.000000	0.000000	0.000000	0.000000	0.000000
0.907177	-0.842710	-0.000000	0.842637	0.000000	0.000000	0.000000	0.000000	0.000000	0.000000
0.907177	-0.842637	-0.000000	0.842239	0.000000	0.000000	0.000000	0.000000	0.000000	0.000000
0.907177	-0.842648	-0.000000	0.841403	0.000000	0.000000	0.000000	0.000000	0.000000	0.000000
0.907177	-0.842656	0.000000	0.842640	0.000000	0.000000	0.000000	0.000000	0.000000	0.000000
0.907177	-0.842695	-0.000000	0.842626	0.000000	0.000000	0.000000	0.000000	0.000000	0.000000
0.907177	-0.842699	-0.000000	0.842595	0.000000	0.000000	0.000000	0.000000	0.000000	0.000000
0.907177	-0.842684	-0.000000	0.840710	0.000000	0.000000	0.000000	0.000000	0.000000	0.000000
0.907177	-0.842653	0.000000	0.842658	0.000000	0.000000	0.000000	0.000000	0.000000	0.000000
0.907177	-0.842669	-0.000000	0.842723	0.000000	0.000000	0.000000	0.000000	0.000000	0.000000
0.907177	-0.842694	-0.000000	0.842662	0.000000	0.000000	0.000000	0.000000	0.000000	0.000000
0.907177	-0.842677	-0.000000	0.842509	0.000000	0.000000	0.000000	0.000000	0.000000	0.000000
0.907177	-0.842690	0.000000	0.842746	0.000000	0.000000	0.000000	0.000000	0.000000	0.000000
0.907177	-0.842651	0.000000	0.842757	0.000000	0.000000	0.000000	0.000000	0.000000	0.000000
0.907178	-0.842660	0.000000	0.842654	0.000000	0.000000	0.000000	0.000000	0.000000	0.000000
0.907177	-0.842706	0.000000	0.841465	0.000000	0.000000	0.000000	0.000000	0.000000	0.000000
0.907178	-0.842623	-0.000000	0.842594	0.000000	0.000000	0.000000	0.000000	0.000000	0.000000
0.907177	-0.842661	-0.000000	0.842382	0.000000	0.000000	0.000000	0.000000	0.000000	0.000000
0.907177	-0.842620	-0.000000	0.842700	0.000000	0.000000	0.000000	0.000000	0.000000	0.000000
0.907177	-0.842701	0.000000	0.842616	0.000000	0.000000	0.000000	0.000000	0.000000	0.000000
0.907177	-0.842756	0.000000	0.842577	0.000000	0.000000	0.000000	0.000000	0.000000	0.000000
0.907177	-0.842676	-0.000000	0.842671	0.000000	0.000000	0.000000	0.000000	0.000000	0.000000
0.907177	-0.842711	0.000000	0.842641	0.000000	0.000000	0.000000	0.000000	0.000000	0.000000
