-0.915731	0.868007	0.000000	-0.822453	0.000000	0.000000	0.000000	0.000000	0.000000	0.000000
-0.915530	0.868179	0.000000	-0.822533	0.000000	0.000000	0.000000	0.000000	0.000000	0.000000
-0.915464	0.867935	-0.000000	-0.822535	0.000000	0.000000	0.000000	0.000000	0.000000	0.000000
-0.915587	0.867905	-0.000000	-0.822537	0.000000	0.000000	0.000000	0.000000	0.000000	0.000000
-0.915448	0.868109	-0.000000	-0.822537	0.000000	0.000000	0.000000	0.000000	0.000000	0.000000
-0.915490	0.867900	-0.000000	-0.822521	0.000000	0.000000	0.000000	0.000000	0.000000	0.000000
-0.915652	0.867839	-0.000000	-0.822482	0.000000	0.000000	0.000000	0.000000	0.000000	0.000000
-0.915536	0.868011	0.000000	-0.822536	0.000000	0.000000	0.000000	0.000000	0.000000	0.000000
-0.915434	0.867831	-0.000000	-0.822453	0.000000	0.000000	0.000000	0.000000	0.000000	0.000000
-0.915462	0.867916	0.000000	-0.821298	0.000000	0.000000	0.000000	0.000000	0.000000	0.000000
-0.915571	0.867974	-0.000000	-0.822532	0.000000	0.000000	0.000000	0.000000	0.000000	0.000000
-0.915472	0.868110	0.000000	-0.822536	0.000000	0.000000	0.000000	0.000000	0.000000	0.000000
-0.915710	0.867912	0.000000	-0.822537	0.000000	0.000000	0.000000	0.000000	0.000000	0.000000
-0.915516	0.868114	0.000000	-0.822351	0.000000	0.000000	0.000000	0.000000	0.000000	0.000000
-0.915236	0.868000	-0.000000	-0.822537	0.000000	0.000000	0.000000	0.000000	0.000000	0.000000
-0.915387	0.868034	0.000000	-0.822537	0.000000	0.000000	0.000000	0.000000	0.000000	0.000000
-0.915596	0.867999	0.000000	-0.822449	0.000000	0.000000	0.000000	0.000000	0.000000	0.000000
-0.915531	0.868023	0.000000	-0.822509	0.000000	0.000000	0.000000	0.000000	0.000000	0.000000
-0.915455	0.867960	-0.000000	-0.822537	0.000000	0.000000	0.000000	0.000000	0.000000	0.000000
-0.915666	0.868062	-0.000000	-0.822536	0.000000	0.000000	0.000000	0.000000	0.000000	0.000000
-0.915754	0.867972	-0.000000	-0.822537	0.000000	0.000000	0.000000	0.000000	0.000000	0.000000
-0.915740	0.868069	-0.000000	-0.822501	0.000000	0.000000	0.000000	0.000000	0.000000	0.000000
-0.915807	0.867980	0.000000	-0.822537	0.000000	0.000000	0.000000	0.000000	0.000000	0.000000
-0.915513	0.867899	0.000000	-0.822536	0.000000	0.000000	0.000000	0.000000	0.000000	0.000000
-0.915429	0.867960	0.000000	-0.822537	0.000000	0.000000	0.000000	0.000000	0.000000	0.000000
-0.915484	0.867728	-0.000000	-0.822537	0.000000	0.000000	0.000000	0.000000	0.000000	0.000000
-0.915373	0.868044	0.000000	-0.822537	0.000000	0.000000	0.000000	0.000000	0.000000	0.000000
-0.915654	0.868013	-0.000000	-0.793415	0.000000	0.000000	0.000000	0.000000	0.000000	0.000000
-0.915514	0.867957	-0.000000	-0.822537	0.000000	0.000000	0.000000	0.000000	0.000000	0.000000
-0.915561	0.867857	0.000000	-0.822155	0.000000	0.000000	0.000000	0.000000	0.000000	0.000000
-0.915365	0.867939	0.000000	-0.822500	0.000000	0.000000	0.000000	0.000000	0.000000	0.000000
-0.915569	0.867892	-0.000000	-0.822537	0.000000	0.000000	0.000000	0.000000	0.000000	0.000000
-0.915584	0.867885	-0.000000	-0.822536	0.000000	0.000000	0.000000	0.000000	0.000000	0.000000
-0.915563	0.868006	0.000000	-0.822536	0.000000	0.000000	0.000000	0.000000	0.000000	0.000000
-0.915731	0.868043	-0.000000	-0.822537	0.000000	0.000000	0.000000	0.000000	0.000000	0.000000
-0.915408	0.868012	-0.000000	-0.821324	0.000000	0.000000	0.000000	0.000000	0.000000	0.000000
-0.915508	0.867940	-0.000000	-0.821585	0.000000	0.000000	0.000000	0.000000	0.000000	0.000000
-0.915618	0.867948	-0.000000	-0.822483	0.000000	0.000000	0.000000	0.000000	0.000000	0.000000
-0.915604	0.867882	-0.000000	-0.822522	0.000000	0.000000	0.000000	0.000000	0.000000	0.000000
-0.915534	0.867858	0.000000	-0.822532	0.000000	0.000000	0.000000	0.000000	0.000000	0.000000
-0.915672	0.867935	-0.000000	-0.822537	0.000000	0.000000	0.000000	0.000000	0.000000	0.000000
-0.915839	0.868104	-0.000000	-0.822537	0.000000	0.000000	0.000000	0.000000	0.000000	0.000000
-0.915355	0.867981	0.000000	-0.822537	0.000000	0.000000	0.000000	0.000000	0.000000	0.000000
-0.915584	0.868021	-0.000000	-0.822418	0.000000	0.000000	0.000000	0.000000	0.000000	0.000000
-0.915837	0.867895	0.000000	-0.813930	0.000000	0.000000	0.000000	0.000000	0.000000	0.000000
-0.915529	0.867953	-0.000000	-0.822537	0.000000	0.000000	0.000000	0.000000	0.000000	0.000000
-0.915377	0.867966	-0.000000	-0.822533	0.000000	0.000000	0.000000	0.000000	0.000000	0.000000
-0.915637	0.867977	-0.000000	-0.822535	0.000000	0.000000	0.000000	0.000000	0.000000	0.000000
-0.915461	0.867862	0.000000	-0.822537	0.000000	0.000000	0.000000	0.000000	0.000000	0.000000
-0.915715	0.867990	0.000000	-0.801329	0.000000	0.000000	0.000000	0.000000	0.000000	0.000000
-0.915420	0.868113	0.000000	-0.822535	0.000000	0.000000	0.000000	0.000000	0.000000	0.000000
-0.915501	0.868023	0.000000	-0.822512	0.000000	0.000000	0.000000	0.000000	0.000000	0.000000
-0.915424	0.867871	0.000000	-0.822536	0.000000	0.000000	0.000000	0.000000	0.000000	0.000000
-0.915568	0.868007	-0.000000	-0.822536	0.000000	0.000000	0.000000	0.000000	0.000000	0.000000
-0.915514	0.867902	0.000000	-0.822535	0.000000	0.000000	0.000000	0.000000	0.000000	0.000000
-0.915661	0.868065	-0.000000	-0.822470	0.000000	0.000000	0.000000	0.000000	0.000000	0.000000
-0.915467	0.867970	0.000000	-0.822532	0.000000	0.000000	0.000000	0.000000	0.000000	0.000000
-0.915592	0.867949	-0.000000	-0.822537	0.000000	0.000000	0.000000	0.000000	0.000000	0.000000
-0.915587	0.867837	-0.000000	-0.822210	0.000000	0.000000	0.000000	0.000000	0.000000	0.000000
-0.915466	0.867946	-0.000000	-0.822536	0.000000	0.000000	0.000000	0.000000	0.000000	0.000000
-0.915604	0.867901	0.000000	-0.822537	0.000000	0.000000	0.000000	0.000000	0.000000	0.000000
-0.915737	0.867978	-0.000000	-0.822537	0.000000	0.000000	0.000000	0.000000	0.000000	0.000000
-0.915414	0.868040	0.000000	-0.822535	0.000000	0.000000	0.000000	0.000000	0.000000	0.000000
-0.915642	0.867984	0.000000	-0.822537	0.000000	0.000000	0.000000	0.000000	0.000000	0.000000
-0.915410	0.867984	-0.000000	-0.822320	0.000000	0.000000	0.000000	0.000000	0.000000	0.000000
-0.915427	0.868062	-0.000000	-0.822537	0.000000	0.000000	0.000000	0.000000	0.000000	0.000000
-0.915516	0.867956	0.000000	-0.822537	0.000000	0.000000	0.000000	0.000000	0.000000	0.000000
-0.915747	0.867961	-0.000000	-0.822537	0.000000	0.000000	0.000000	0.000000	0.000000	0.000000
-0.915553	0.867960	-0.000000	-0.822537	0.000000	0.000000	0.000000	0.000000	0.000000	0.000000
-0.915295	0.867934	0.000000	-0.822338	0.000000	0.000000	0.000000	0.000000	0.000000	0.000000
-0.915660	0.867947	-0.000000	-0.822537	0.000000	0.000000	0.000000	0.000000	0.000000	0.000000
-0.915564	0.867962	0.000000	-0.822537	0.000000	0.000000	0.000000	0.000000	0.000000	0.000000
-0.915469	0.867904	0.000000	-0.822537	0.000000	0.000000	0.000000	0.000000	0.000000	0.000000
-0.915759	0.867926	-0.000000	-0.822531	0.000000	0.000000	0.000000	0.000000	0.000000	0.000000
-0.915563	0.867982	0.000000	-0.822537	0.000000	0.000000	0.000000	0.000000	0.000000	0.000000
-0.915322	0.868049	-0.000000	-0.822537	0.000000	0.000000	0.000000	0.000000	0.000000	0.000000
-0.915480	0.867986	0.000000	-0.822537	0.000000	0.000000	0.000000	0.000000	0.000000	0.000000
-0.915295	0.868108	0.000000	-0.822419	0.000000	0.000000	0.000000	0.000000	0.000000	0.000000
-0.915689	0.868010	0.000000	-0.822536	0.000000	0.000000	0.000000	0.000000	0.000000	0.000000
-0.915465	0.868066	0.000000	-0.822537	0.000000	0.000000	0.000000	0.000000	0.000000	0.000000
-0.915706	0.867923	0.000000	-0.822530	0.000000	0.000000	0.000000	0.000000	0.000000	0.000000
-0.915650	0.867985	0.000000	-0.822533	0.000000	0.000000	0.000000	0.000000	0.000000	0.000000
-0.915709	0.868014	0.000000	-0.820332	0.000000	0.000000	0.000000	0.000000	0.000000	0.000000
-0.915356	0.868104	-0.000000	-0.822536	0.000000	0.000000	0.000000	0.000000	0.000000	0.000000
-0.915375	0.867950	0.000000	-0.822492	0.000000	0.000000	0.000000	0.000000	0.000000	0.000000
-0.915465	0.868052	-0.000000	-0.822498	0.000000	0.000000	0.000000	0.000000	0.000000	0.000000
-0.915533	0.867870	0.000000	-0.817513	0.000000	0.000000	0.000000	0.000000	0.000000	0.000000
-0.915693	0.867996	0.000000	-0.822354	0.000000	0.000000	0.000000	0.000000	0.000000	0.000000
-0.915658	0.868024	-0.000000	-0.822534	0.000000	0.000000	0.000000	0.000000	0.000000	0.000000
-0.915499	0.867970	-0.000000	-0.822536	0.000000	0.000000	0.000000	0.000000	0.000000	0.000000
-0.915501	0.868007	0.000000	-0.822536	0.000000	0.000000	0.000000	0.000000	0.000000	0.000000
-0.915637	0.867968	-0.000000	-0.822531	0.000000	0.000000	0.000000	0.000000	0.000000	0.000000
-0.915490	0.867939	0.000000	-0.822537	0.000000	0.000000	0.000000	0.000000	0.000000	0.000000
-0.915403	0.867928	-0.000000	-0.822298	0.000000	0.000000	0.000000	0.000000	0.000000	0.000000
-0.915534	0.868041	-0.000000	-0.822528	0.000000	0.000000	0.000000	0.000000	0.000000	0.000000
-0.915515	0.867851	-0.000000	-0.822460	0.000000	0.000000	0.000000	0.000000	0.000000	0.000000
-0.915461	0.868028	0.000000	-0.822537	0.000000	0.000000	0.000000	0.000000	0.000000	0.000000
-0.915581	0.867942	0.000000	-0.822537	0.000000	0.000000	0.000000	0.000000	0.000000	0.000000
-0.915520	0.867978	-0.000000	-0.822537	0.000000	0.000000	0.000000	0.000000	0.000000	0.000000
-0.915473	0.868083	-0.000000	-0.822537	0.000000	0.000000	0.000000	0.000000	0.000000	0.000000
-0.915539	0.868073	-0.000000	-0.822536	0.000000	0.000000	0.000000	0.000000	0.000000	0.000000
-0.915732	0.867912	0.000000	-0.821935	0.000000	0.000000	0.000000	0.000000	0.000000	0.000000
-0.915457	0.868116	0.000000	-0.822536	0.000000	0.000000	0.000000	0.000000	0.000000	0.000000
-0.915339	0.867940	0.000000	-0.822537	0.000000	0.000000	0.000000	0.000000	0.000000	0.000000
-0.915657	0.868039	0.000000	-0.822403	0.000000	0.000000	0.000000	0.000000	0.000000	0.000000
-0.915572	0.867963	0.000000	-0.822537	0.000000	0.000000	0.000000	0.000000	0.000000	0.000000
-0.915670	0.867969	-0.000000	-0.822537	0.000000	0.000000	0.000000	0.000000	0.000000	0.000000
-0.915582	0.867901	0.000000	-0.822535	0.000000	0.000000	0.000000	0.000000	0.000000	0.000000
-0.915773	0.867846	0.000000	-0.822521	0.000000	0.000000	0.000000	0.000000	0.000000	0.000000
-0.915471	0.867977	-0.000000	-0.822537	0.000000	0.000000	0.000000	0.000000	0.000000	0.000000
-0.915661	0.867940	-0.000000	-0.822535	0.000000	0.000000	0.000000	0.000000	0.000000	0.000000
-0.915673	0.867974	0.000000	-0.822537	0.000000	0.000000	0.000000	0.000000	0.000000	0.000000
-0.915311	0.868059	0.000000	-0.822537	0.000000	0.000000	0.000000	0.000000	0.000000	0.000000
-0.915734	0.868036	-0.000000	-0.822306	0.000000	0.000000	0.000000	0.000000	0.000000	0.000000
-0.915750	0.867961	0.000000	-0.784892	0.000000	0.000000	0.000000	0.000000	0.000000	0.000000
-0.915364	0.868041	-0.000000	-0.821816	0.000000	0.000000	0.000000	0.000000	0.000000	0.000000
-0.915590	0.868040	0.000000	-0.822500	0.000000	0.000000	0.000000	0.000000	0.000000	0.000000
-0.915600	0.867961	-0.000000	-0.822493	0.000000	0.000000	0.000000	0.000000	0.000000	0.000000
-0.915330	0.867929	0.000000	-0.822521	0.000000	0.000000	0.000000	0.000000	0.000000	0.000000
-0.915602	0.868041	0.000000	-0.822537	0.000000	0.000000	0.000000	0.000000	0.000000	0.000000
-0.915725	0.867963	-0.000000	-0.822537	0.000000	0.000000	0.000000	0.000000	0.000000	0.000000
-0.915648	0.867965	-0.000000	-0.820733	0.000000	0.000000	0.000000	0.000000	0.000000	0.000000
-0.915503	0.867882	-0.000000	-0.822532	0.000000	0.000000	0.000000	0.000000	0.000000	0.000000
-0.915628	0.867946	0.000000	-0.822537	0.000000	0.000000	0.000000	0.000000	0.000000	0.000000
-0.915486	0.867878	0.000000	-0.822534	0.000000	0.000000	0.000000	0.000000	0.000000	0.000000
-0.915489	0.867816	0.000000	-0.818615	0.000000	0.000000	0.000000	0.000000	0.000000	0.000000
-0.915440	0.867996	0.000000	-0.822537	0.000000	0.000000	0.000000	0.000000	0.000000	0.000000
-0.915406	0.868031	0.000000	-0.822537	0.000000	0.000000	0.000000	0.000000	0.000000	0.000000
-0.915220	0.867868	0.000000	-0.822537	0.000000	0.000000	0.000000	0.000000	0.000000	0.000000
-0.915912	0.868025	0.000000	-0.822537	0.000000	0.000000	0.000000	0.000000	0.000000	0.000000
-0.915676	0.867983	-0.000000	-0.822535	0.000000	0.000000	0.000000	0.000000	0.000000	0.000000
-0.915590	0.868037	0.000000	-0.818822	0.000000	0.000000	0.000000	0.000000	0.000000	0.000000
-0.915452	0.868046	0.000000	-0.822537	0.000000	0.000000	0.000000	0.000000	0.000000	0.000000
-0.915500	0.868035	0.000000	-0.822506	0.000000	0.000000	0.000000	0.000000	0.000000	0.000000
-0.915426	0.868021	0.000000	-0.822532	0.000000	0.000000	0.000000	0.000000	0.000000	0.000000
-0.915605	0.868071	0.000000	-0.822535	0.000000	0.000000	0.000000	0.000000	0.000000	0.000000
-0.915447	0.867970	-0.000000	-0.822519	0.000000	0.000000	0.000000	0.000000	0.000000	0.000000
-0.915596	0.868054	-0.000000	-0.822485	0.000000	0.000000	0.000000	0.000000	0.000000	0.000000
-0.915596	0.867993	-0.000000	-0.822530	0.000000	0.000000	0.000000	0.000000	0.000000	0.000000
-0.915612	0.867974	0.000000	-0.822537	0.000000	0.000000	0.000000	0.000000	0.000000	0.000000
-0.915582	0.868040	-0.000000	-0.822537	0.000000	0.000000	0.000000	0.000000	0.000000	0.000000
-0.915626	0.868012	-0.000000	-0.822537	0.000000	0.000000	0.000000	0.000000	0.000000	0.000000
-0.915640	0.867963	-0.000000	-0.822502	0.000000	0.000000	0.000000	0.000000	0.000000	0.000000
-0.915329	0.868097	-0.000000	-0.822536	0.000000	0.000000	0.000000	0.000000	0.000000	0.000000
-0.915799	0.867948	-0.000000	-0.822523	0.000000	0.000000	0.000000	0.000000	0.000000	0.000000
-0.915581	0.868041	0.000000	-0.817518	0.000000	0.000000	0.000000	0.000000	0.000000	0.000000
-0.915463	0.868014	0.000000	-0.822537	0.000000	0.000000	0.000000	0.000000	0.000000	0.000000
-0.915609	0.868056	-0.000000	-0.822193	0.000000	0.000000	0.000000	0.000000	0.000000	0.000000
-0.915440	0.867994	0.000000	-0.820593	0.000000	0.000000	0.000000	0.000000	0.000000	0.000000
-0.915734	0.867975	-0.000000	-0.816957	0.000000	0.000000	0.000000	0.000000	0.000000	0.000000
-0.915595	0.868068	0.000000	-0.822537	0.000000	0.000000	0.000000	0.000000	0.000000	0.000000
-0.915525	0.867975	0.000000	-0.822534	0.000000	0.000000	0.000000	0.000000	0.000000	0.000000
-0.915656	0.867974	0.000000	-0.822537	0.000000	0.000000	0.000000	0.000000	0.000000	0.000000
-0.915429	0.867988	-0.000000	-0.822537	0.000000	0.000000	0.000000	0.000000	0.000000	0.000000
-0.915380	0.867996	0.000000	-0.822537	0.000000	0.000000	0.000000	0.000000	0.000000	0.000000
-0.915619	0.867916	-0.000000	-0.822481	0.000000	0.000000	0.000000	0.000000	0.000000	0.000000
-0.915714	0.868045	-0.000000	-0.822535	0.000000	0.000000	0.000000	0.000000	0.000000	0.000000
-0.915505	0.868117	-0.000000	-0.822525	0.000000	0.000000	0.000000	0.000000	0.000000	0.000000
-0.915608	0.868049	0.000000	-0.822537	0.000000	0.000000	0.000000	0.000000	0.000000	0.000000
-0.915548	0.867908	-0.000000	-0.822531	0.000000	0.000000	0.000000	0.000000	0.000000	0.000000
-0.915628	0.867974	0.000000	-0.822534	0.000000	0.000000	0.000000	0.000000	0.000000	0.000000
-0.915782	0.868056	-0.000000	-0.822537	0.000000	0.000000	0.000000	0.000000	0.000000	0.000000
-0.915384	0.867969	0.000000	-0.822537	0.000000	0.000000	0.000000	0.000000	0.000000	0.000000
-0.915476	0.867916	-0.000000	-0.822535	0.000000	0.000000	0.000000	0.000000	0.000000	0.000000
-0.915619	0.867946	0.000000	-0.822537	0.000000	0.000000	0.000000	0.000000	0.000000	0.000000
-0.915883	0.867889	-0.000000	-0.822528	0.000000	0.000000	0.000000	0.000000	0.000000	0.000000
-0.915529	0.868001	0.000000	-0.822537	0.000000	0.000000	0.000000	0.000000	0.000000	0.000000
-0.915507	0.868190	0.000000	-0.818488	0.000000	0.000000	0.000000	0.000000	0.000000	0.000000
-0.915508	0.867982	-0.000000	-0.822452	0.000000	0.000000	0.000000	0.000000	0.000000	0.000000
-0.915496	0.868009	0.000000	-0.820179	0.000000	0.000000	0.000000	0.000000	0.000000	0.000000
-0.915564	0.867830	-0.000000	-0.822537	0.000000	0.000000	0.000000	0.000000	0.000000	0.000000
-0.915838	0.868071	0.000000	-0.822492	0.000000	0.000000	0.000000	0.000000	0.000000	0.000000
-0.915647	0.868033	-0.000000	-0.822537	0.000000	0.000000	0.000000	0.000000	0.000000	0.000000
-0.915801	0.868026	-0.000000	-0.822537	0.000000	0.000000	0.000000	0.000000	0.000000	0.000000
-0.915576	0.868077	-0.000000	-0.822525	0.000000	0.000000	0.000000	0.000000	0.000000	0.000000
-0.915389	0.867922	0.000000	-0.822535	0.000000	0.000000	0.000000	0.000000	0.000000	0.000000
-0.915730	0.868043	0.000000	-0.822537	0.000000	0.000000	0.000000	0.000000	0.000000	0.000000
-0.915629	0.868014	-0.000000	-0.822420	0.000000	0.000000	0.000000	0.000000	0.000000	0.000000
-0.915441	0.868029	-0.000000	-0.822529	0.000000	0.000000	0.000000	0.000000	0.000000	0.000000
-0.915345	0.867899	0.000000	-0.822536	0.000000	0.000000	0.000000	0.000000	0.000000	0.000000
-0.915528	0.868145	0.000000	-0.822419	0.000000	0.000000	0.000000	0.000000	0.000000	0.000000
-0.915553	0.868017	-0.000000	-0.814459	0.000000	0.000000	0.000000	0.000000	0.000000	0.000000
-0.915670	0.868127	-0.000000	-0.822537	0.000000	0.000000	0.000000	0.000000	0.000000	0.000000
-0.915662	0.867977	0.000000	-0.822537	0.000000	0.000000	0.000000	0.000000	0.000000	0.000000
-0.915725	0.867856	-0.000000	-0.822196	0.000000	0.000000	0.000000	0.000000	0.000000	0.000000
-0.915558	0.868018	-0.000000	-0.822518	0.000000	0.000000	0.000000	0.000000	0.000000	0.000000
-0.915463	0.868048	0.000000	-0.822532	0.000000	0.000000	0.000000	0.000000	0.000000	0.000000
-0.915641	0.868079	0.000000	-0.822491	0.000000	0.000000	0.000000	0.000000	0.000000	0.000000
-0.915574	0.867998	0.000000	-0.822536	0.000000	0.000000	0.000000	0.000000	0.000000	0.000000
-0.915713	0.867993	0.000000	-0.822494	0.000000	0.000000	0.000000	0.000000	0.000000	0.000000
-0.915465	0.867953	0.000000	-0.822537	0.000000	0.000000	0.000000	0.000000	0.000000	0.000000
-0.915490	0.867938	0.000000	-0.822537	0.000000	0.000000	0.000000	0.000000	0.000000	0.000000
-0.915423	0.867880	0.000000	-0.822446	0.000000	0.000000	0.000000	0.000000	0.000000	0.000000
-0.915570	0.868043	0.000000	-0.822537	0.000000	0.000000	0.000000	0.000000	0.000000	0.000000
-0.915546	0.868096	0.000000	-0.822537	0.000000	0.000000	0.000000	0.000000	0.000000	0.000000
-0.915601	0.867959	-0.000000	-0.822048	0.000000	0.000000	0.000000	0.000000	0.000000	0.000000
-0.915426	0.868005	-0.000000	-0.822532	0.000000	0.000000	0.000000	0.000000	0.000000	0.000000
-0.915523	0.867905	-0.000000	-0.822537	0.000000	0.000000	0.000000	0.000000	0.000000	0.000000
-0.915376	0.867881	0.000000	-0.822531	0.000000	0.000000	0.000000	0.000000	0.000000	0.000000
-0.915657	0.868044	0.000000	-0.822536	0.000000	0.000000	0.000000	0.000000	0.000000	0.000000
-0.915366	0.868051	0.000000	-0.822537	0.000000	0.000000	0.000000	0.000000	0.000000	0.000000
-0.915525	0.867910	0.000000	-0.822537	0.000000	0.000000	0.000000	0.000000	0.000000	0.000000
-0.915573	0.867960	-0.000000	-0.822533	0.000000	0.000000	0.000000	0.000000	0.000000	0.000000
-0.915510	0.867938	0.000000	-0.822520	0.000000	0.000000	0.000000	0.000000	0.000000	0.000000
-0.915703	0.867929	-0.000000	-0.822535	0.000000	0.000000	0.000000	0.000000	0.000000	0.000000
-0.915551	0.867900	0.000000	-0.822536	0.000000	0.000000	0.000000	0.000000	0.000000	0.000000
-0.915501	0.867925	-0.000000	-0.822536	0.000000	0.000000	0.000000	0.000000	0.000000	0.000000
-0.915402	0.868039	0.000000	-0.820968	0.000000	0.000000	0.000000	0.000000	0.000000	0.000000
-0.915517	0.867914	-0.000000	-0.822537	0.000000	0.000000	0.000000	0.000000	0.000000	0.000000
-0.915446	0.867983	-0.000000	-0.822531	0.000000	0.000000	0.000000	0.000000	0.000000	0.000000
-0.915197	0.867951	-0.000000	-0.822504	0.000000	0.000000	0.000000	0.000000	0.000000	0.000000
-0.915661	0.868033	0.000000	-0.822535	0.000000	0.000000	0.000000	0.000000	0.000000	0.000000
-0.915523	0.867914	0.000000	-0.822534	0.000000	0.000000	0.000000	0.000000	0.000000	0.000000
-0.915592	0.867894	0.000000	-0.822380	0.000000	0.000000	0.000000	0.000000	0.000000	0.000000
-0.915495	0.867958	0.000000	-0.822537	0.000000	0.000000	0.000000	0.000000	0.000000	0.000000
-0.915438	0.867926	0.000000	-0.822533	0.000000	0.000000	0.000000	0.000000	0.000000	0.000000
-0.915717	0.867939	-0.000000	-0.822536	0.000000	0.000000	0.000000	0.000000	0.000000	0.000000
-0.915756	0.867939	0.000000	-0.805635	0.000000	0.000000	0.000000	0.000000	0.000000	0.000000
-0.915603	0.868012	0.000000	-0.822513	0.000000	0.000000	0.000000	0.000000	0.000000	0.000000
-0.915523	0.867966	0.000000	-0.822532	0.000000	0.000000	0.000000	0.000000	0.000000	0.000000
-0.915392	0.868029	-0.000000	-0.821714	0.000000	0.000000	0.000000	0.000000	0.000000	0.000000
-0.915497	0.868065	-0.000000	-0.822537	0.000000	0.000000	0.000000	0.000000	0.000000	0.000000
-0.915589	0.868002	-0.000000	-0.819169	0.000000	0.000000	0.000000	0.000000	0.000000	0.000000
-0.915524	0.868039	-0.000000	-0.822537	0.000000	0.000000	0.000000	0.000000	0.000000	0.000000
-0.915366	0.867995	0.000000	-0.822532	0.000000	0.000000	0.000000	0.000000	0.000000	0.000000
-0.915438	0.868064	-0.000000	-0.822537	0.000000	0.000000	0.000000	0.000000	0.000000	0.000000
-0.915694	0.868069	0.000000	-0.822537	0.000000	0.000000	0.000000	0.000000	0.000000	0.000000
-0.915550	0.867929	0.000000	-0.822404	0.000000	0.000000	0.000000	0.000000	0.000000	0.000000
-0.915636	0.868114	-0.000000	-0.820923	0.000000	0.000000	0.000000	0.000000	0.000000	0.000000
-0.915697	0.868030	-0.000000	-0.822537	0.000000	0.000000	0.000000	0.000000	0.000000	0.000000
-0.915571	0.867954	-0.000000	-0.444641	0.000000	0.000000	0.000000	0.000000	0.000000	0.000000
-0.915443	0.867990	0.000000	-0.822528	0.000000	0.000000	0.000000	0.000000	0.000000	0.000000
-0.915579	0.868084	0.000000	-0.822537	0.000000	0.000000	0.000000	0.000000	0.000000	0.000000
-0.915641	0.867877	0.000000	-0.822537	0.000000	0.000000	0.000000	0.000000	0.000000	0.000000
-0.915652	0.867764	-0.000000	-0.822537	0.000000	0.000000	0.000000	0.000000	0.000000	0.000000
-0.915541	0.867994	0.000000	-0.822503	0.000000	0.000000	0.000000	0.000000	0.000000	0.000000
-0.915710	0.868083	0.000000	-0.822534	0.000000	0.000000	0.000000	0.000000	0.000000	0.000000
-0.915275	0.867957	0.000000	-0.822537	0.000000	0.000000	0.000000	0.000000	0.000000	0.000000
-0.915596	0.868047	0.000000	-0.822537	0.000000	0.000000	0.000000	0.000000	0.000000	0.000000
-0.915250	0.867944	0.000000	-0.822536	0.000000	0.000000	0.000000	0.000000	0.000000	0.000000
-0.915690	0.867841	0.000000	-0.822537	0.000000	0.000000	0.000000	0.000000	0.000000	0.000000
-0.915683	0.867880	0.000000	-0.822492	0.000000	0.000000	0.000000	0.000000	0.000000	0.000000
-0.915466	0.867936	-0.000000	-0.822536	0.000000	0.000000	0.000000	0.000000	0.000000	0.000000
-0.915409	0.867869	-0.000000	-0.822533	0.000000	0.000000	0.000000	0.000000	0.000000	0.000000
-0.915455	0.868027	0.000000	-0.822532	0.000000	0.000000	0.000000	0.000000	0.000000	0.000000
-0.915705	0.867996	0.000000	-0.820751	0.000000	0.000000	0.000000	0.000000	0.000000	0.000000
-0.915447	0.867983	0.000000	-0.822526	0.000000	0.000000	0.000000	0.000000	0.000000	0.000000
-0.915442	0.867990	0.000000	-0.822014	0.000000	0.000000	0.000000	0.000000	0.000000	0.000000
-0.915455	0.868025	-0.000000	-0.822537	0.000000	0.000000	0.000000	0.000000	0.000000	0.000000
-0.915619	0.867921	0.000000	-0.822536	0.000000	0.000000	0.000000	0.000000	0.000000	0.000000
-0.915254	0.867781	-0.000000	0.000153	0.000000	0.000000	0.000000	0.000000	0.000000	0.000000
-0.915490	0.868019	-0.000000	0.816886	0.000000	0.000000	0.000000	0.000000	0.000000	0.000000
-0.915622	0.867923	-0.000000	0.817103	0.000000	0.000000	0.000000	0.000000	0.000000	0.000000
-0.915496	0.867902	-0.000000	0.816869	0.000000	0.000000	0.000000	0.000000	0.000000	0.000000
-0.915526	0.868054	-0.000000	0.816797	0.000000	0.000000	0.000000	0.000000	0.000000	0.000000
-0.915720	0.868009	0.000000	0.817079	0.000000	0.000000	0.000000	0.000000	0.000000	0.000000
-0.915773	0.867927	0.000000	0.816173	0.000000	0.000000	0.000000	0.000000	0.000000	0.000000
-0.915420	0.867936	-0.000000	0.816887	0.000000	0.000000	0.000000	0.000000	0.000000	0.000000
-0.915458	0.867948	0.000000	0.816147	0.000000	0.000000	0.000000	0.000000	0.000000	0.000000
-0.915620	0.867830	-0.000000	0.816310	0.000000	0.000000	0.000000	0.000000	0.000000	0.000000
-0.915588	0.868059	0.000000	0.816880	0.000000	0.000000	0.000000	0.000000	0.000000	0.000000
-0.915309	0.868064	-0.000000	0.757518	0.000000	0.000000	0.000000	0.000000	0.000000	0.000000
-0.915743	0.867935	0.000000	0.816896	0.000000	0.000000	0.000000	0.000000	0.000000	0.000000
-0.915631	0.868004	0.000000	0.816489	0.000000	0.000000	0.000000	0.000000	0.000000	0.000000
-0.915617	0.867991	0.000000	0.816570	0.000000	0.000000	0.000000	0.000000	0.000000	0.000000
-0.915495	0.867942	-0.000000	0.816433	0.000000	0.000000	0.000000	0.000000	0.000000	0.000000
-0.915422	0.867982	0.000000	0.816928	0.000000	0.000000	0.000000	0.000000	0.000000	0.000000
-0.915425	0.867951	0.000000	0.816689	0.000000	0.000000	0.000000	0.000000	0.000000	0.000000
-0.915430	0.868008	0.000000	0.816465	0.000000	0.000000	0.000000	0.000000	0.000000	0.000000
-0.915755	0.867872	0.000000	0.814766	0.000000	0.000000	0.000000	0.000000	0.000000	0.000000
-0.915398	0.868040	-0.000000	0.816683	0.000000	0.000000	0.000000	0.000000	0.000000	0.000000
-0.915369	0.868034	0.000000	0.816689	0.000000	0.000000	0.000000	0.000000	0.000000	0.000000
-0.915538	0.867941	0.000000	0.816588	0.000000	0.000000	0.000000	0.000000	0.000000	0.000000
-0.915631	0.867893	0.000000	0.816156	0.000000	0.000000	0.000000	0.000000	0.000000	0.000000
-0.915449	0.867995	0.000000	0.816558	0.000000	0.000000	0.000000	0.000000	0.000000	0.000000
-0.915719	0.867946	0.000000	0.816424	0.000000	0.000000	0.000000	0.000000	0.000000	0.000000
-0.915510	0.867976	-0.000000	0.816590	0.000000	0.000000	0.000000	0.000000	0.000000	0.000000
-0.915688	0.868043	-0.000000	0.816670	0.000000	0.000000	0.000000	0.000000	0.000000	0.000000
-0.915736	0.868057	-0.000000	0.816159	0.000000	0.000000	0.000000	0.000000	0.000000	0.000000
-0.915694	0.868039	-0.000000	0.816583	0.000000	0.000000	0.000000	0.000000	0.000000	0.000000
-0.915836	0.867983	-0.000000	0.816644	0.000000	0.000000	0.000000	0.000000	0.000000	0.000000
-0.915437	0.867865	-0.000000	0.816723	0.000000	0.000000	0.000000	0.000000	0.000000	0.000000
-0.915359	0.867940	0.000000	0.816560	0.000000	0.000000	0.000000	0.000000	0.000000	0.000000
-0.915451	0.867989	-0.000000	0.816247	0.000000	0.000000	0.000000	0.000000	0.000000	0.000000
-0.915648	0.867999	0.000000	0.816383	0.000000	0.000000	0.000000	0.000000	0.000000	0.000000
-0.915655	0.867840	0.000000	0.816806	0.000000	0.000000	0.000000	0.000000	0.000000	0.000000
-0.915926	0.868088	-0.000000	0.816660	0.000000	0.000000	0.000000	0.000000	0.000000	0.000000
-0.915649	0.868026	0.000000	0.815195	0.000000	0.000000	0.000000	0.000000	0.000000	0.000000
-0.915374	0.867998	-0.000000	0.816059	0.000000	0.000000	0.000000	0.000000	0.000000	0.000000
-0.915541	0.867973	0.000000	0.816600	0.000000	0.000000	0.000000	0.000000	0.000000	0.000000
-0.915505	0.868030	0.000000	0.816791	0.000000	0.000000	0.000000	0.000000	0.000000	0.000000
-0.915310	0.867963	-0.000000	0.816631	0.000000	0.000000	0.000000	0.000000	0.000000	0.000000
-0.915525	0.867884	0.000000	0.816932	0.000000	0.000000	0.000000	0.000000	0.000000	0.000000
-0.915684	0.867983	-0.000000	0.816654	0.000000	0.000000	0.000000	0.000000	0.000000	0.000000
-0.915448	0.867904	0.000000	0.816465	0.000000	0.000000	0.000000	0.000000	0.000000	0.000000
-0.915512	0.868070	-0.000000	0.816230	0.000000	0.000000	0.000000	0.000000	0.000000	0.000000
-0.915497	0.868056	-0.000000	0.816584	0.000000	0.000000	0.000000	0.000000	0.000000	0.000000
-0.915511	0.867992	-0.000000	0.816743	0.000000	0.000000	0.000000	0.000000	0.000000	0.000000
-0.915350	0.868004	0.000000	0.816268	0.000000	0.000000	0.000000	0.000000	0.000000	0.000000
-0.915466	0.868016	0.000000	0.816754	0.000000	0.000000	0.000000	0.000000	0.000000	0.000000
-0.915454	0.867924	0.000000	0.816711	0.000000	0.000000	0.000000	0.000000	0.000000	0.000000
-0.915427	0.868041	-0.000000	0.816698	0.000000	0.000000	0.000000	0.000000	0.000000	0.000000
-0.915496	0.868086	0.000000	0.816734	0.000000	0.000000	0.000000	0.000000	0.000000	0.000000
-0.915619	0.867960	-0.000000	0.816848	0.000000	0.000000	0.000000	0.000000	0.000000	0.000000
-0.915854	0.868041	0.000000	0.816782	0.000000	0.000000	0.000000	0.000000	0.000000	0.000000
-0.915345	0.868042	0.000000	0.816633	0.000000	0.000000	0.000000	0.000000	0.000000	0.000000
-0.915665	0.868015	-0.000000	0.816905	0.000000	0.000000	0.000000	0.000000	0.000000	0.000000
-0.915421	0.867928	0.000000	0.816626	0.000000	0.000000	0.000000	0.000000	0.000000	0.000000
-0.915364	0.867807	-0.000000	0.816983	0.000000	0.000000	0.000000	0.000000	0.000000	0.000000
-0.915473	0.868041	-0.000000	0.816838	0.000000	0.000000	0.000000	0.000000	0.000000	0.000000
-0.915430	0.868043	0.000000	0.816531	0.000000	0.000000	0.000000	0.000000	0.000000	0.000000
-0.915587	0.868048	-0.000000	0.816706	0.000000	0.000000	0.000000	0.000000	0.000000	0.000000
-0.915788	0.867833	0.000000	0.816713	0.000000	0.000000	0.000000	0.000000	0.000000	0.000000
-0.915355	0.868050	-0.000000	0.815885	0.000000	0.000000	0.000000	0.000000	0.000000	0.000000
-0.915366	0.867943	0.000000	0.816386	0.000000	0.000000	0.000000	0.000000	0.000000	0.000000
-0.915580	0.867921	0.000000	0.816677	0.000000	0.000000	0.000000	0.000000	0.000000	0.000000
-0.915457	0.868025	-0.000000	0.816748	0.000000	0.000000	0.000000	0.000000	0.000000	0.000000
-0.915523	0.868006	0.000000	0.816580	0.000000	0.000000	0.000000	0.000000	0.000000	0.000000
-0.915401	0.868068	-0.000000	0.816243	0.000000	0.000000	0.000000	0.000000	0.000000	0.000000
-0.915748	0.867990	0.000000	0.816523	0.000000	0.000000	0.000000	0.000000	0.000000	0.000000
-0.915772	0.867971	0.000000	0.816833	0.000000	0.000000	0.000000	0.000000	0.000000	0.000000
-0.915549	0.868011	-0.000000	0.816891	0.000000	0.000000	0.000000	0.000000	0.000000	0.000000
-0.915567	0.867923	0.000000	0.816842	0.000000	0.000000	0.000000	0.000000	0.000000	0.000000
-0.915433	0.867900	0.000000	0.812012	0.000000	0.000000	0.000000	0.000000	0.000000	0.000000
-0.915479	0.868049	-0.000000	0.817066	0.000000	0.000000	0.000000	0.000000	0.000000	0.000000
-0.915398	0.867935	0.000000	0.816747	0.000000	0.000000	0.000000	0.000000	0.000000	0.000000
-0.915711	0.868079	0.000000	0.816674	0.000000	0.000000	0.000000	0.000000	0.000000	0.000000
-0.915692	0.867965	0.000000	0.816493	0.000000	0.000000	0.000000	0.000000	0.000000	0.000000
-0.915477	0.867915	0.000000	0.815859	0.000000	0.000000	0.000000	0.000000	0.000000	0.000000
-0.915504	0.868056	0.000000	0.816791	0.000000	0.000000	0.000000	0.000000	0.000000	0.000000
-0.915421	0.867872	0.000000	0.816894	0.000000	0.000000	0.000000	0.000000	0.000000	0.000000
-0.915268	0.868035	0.000000	0.816685	0.000000	0.000000	0.000000	0.000000	0.000000	0.000000
-0.915539	0.868018	-0.000000	0.816329	0.000000	0.000000	0.000000	0.000000	0.000000	0.000000
-0.915347	0.867956	-0.000000	0.770477	0.000000	0.000000	0.000000	0.000000	0.000000	0.000000
-0.915525	0.868039	-0.000000	0.816463	0.000000	0.000000	0.000000	0.000000	0.000000	0.000000
-0.915594	0.867976	-0.000000	0.816218	0.000000	0.000000	0.000000	0.000000	0.000000	0.000000
-0.915585	0.867963	-0.000000	0.816936	0.000000	0.000000	0.000000	0.000000	0.000000	0.000000
-0.915514	0.867945	0.000000	0.816572	0.000000	0.000000	0.000000	0.000000	0.000000	0.000000
-0.915499	0.867985	0.000000	0.816900	0.000000	0.000000	0.000000	0.000000	0.000000	0.000000
-0.915671	0.867968	-0.000000	0.816480	0.000000	0.000000	0.000000	0.000000	0.000000	0.000000
-0.915471	0.868000	-0.000000	0.809196	0.000000	0.000000	0.000000	0.000000	0.000000	0.000000
-0.915638	0.867906	0.000000	0.816697	0.000000	0.000000	0.000000	0.000000	0.000000	0.000000
-0.915638	0.867927	0.000000	0.816856	0.000000	0.000000	0.000000	0.000000	0.000000	0.000000
-0.915777	0.868085	0.000000	0.816211	0.000000	0.000000	0.000000	0.000000	0.000000	0.000000
-0.915445	0.867989	-0.000000	0.816224	0.000000	0.000000	0.000000	0.000000	0.000000	0.000000
-0.915501	0.868053	-0.000000	0.816490	0.000000	0.000000	0.000000	0.000000	0.000000	0.000000
-0.915646	0.868035	0.000000	0.816481	0.000000	0.000000	0.000000	0.000000	0.000000	0.000000
-0.915684	0.868092	0.000000	0.816067	0.000000	0.000000	0.000000	0.000000	0.000000	0.000000
-0.915486	0.867941	0.000000	0.816680	0.000000	0.000000	0.000000	0.000000	0.000000	0.000000
-0.915571	0.868017	-0.000000	0.809298	0.000000	0.000000	0.000000	0.000000	0.000000	0.000000
-0.915370	0.867981	0.000000	0.814888	0.000000	0.000000	0.000000	0.000000	0.000000	0.000000
-0.915264	0.867938	-0.000000	0.813354	0.000000	0.000000	0.000000	0.000000	0.000000	0.000000
-0.915467	0.867911	0.000000	0.816916	0.000000	0.000000	0.000000	0.000000	0.000000	0.000000
-0.915462	0.868004	0.000000	0.816991	0.000000	0.000000	0.000000	0.000000	0.000000	0.000000
-0.915548	0.867897	0.000000	0.816591	0.000000	0.000000	0.000000	0.000000	0.000000	0.000000
-0.915411	0.867998	0.000000	0.816758	0.000000	0.000000	0.000000	0.000000	0.000000	0.000000
-0.915547	0.867998	-0.000000	0.817029	0.000000	0.000000	0.000000	0.000000	0.000000	0.000000
-0.915795	0.867992	-0.000000	0.814177	0.000000	0.000000	0.000000	0.000000	0.000000	0.000000
-0.915430	0.867924	-0.000000	0.816300	0.000000	0.000000	0.000000	0.000000	0.000000	0.000000
-0.915660	0.867911	0.000000	0.816771	0.000000	0.000000	0.000000	0.000000	0.000000	0.000000
-0.915562	0.868043	0.000000	0.812215	0.000000	0.000000	0.000000	0.000000	0.000000	0.000000
-0.915289	0.867964	0.000000	0.816797	0.000000	0.000000	0.000000	0.000000	0.000000	0.000000
-0.915641	0.867992	0.000000	0.816157	0.000000	0.000000	0.000000	0.000000	0.000000	0.000000
-0.915528	0.868067	-0.000000	0.816942	0.000000	0.000000	0.000000	0.000000	0.000000	0.000000
-0.915426	0.867879	0.000000	0.784562	0.000000	0.000000	0.000000	0.000000	0.000000	0.000000
-0.915604	0.867948	-0.000000	0.816507	0.000000	0.000000	0.000000	0.000000	0.000000	0.000000
-0.915438	0.868082	-0.000000	0.816682	0.000000	0.000000	0.000000	0.000000	0.000000	0.000000
-0.915467	0.868019	0.000000	0.816781	0.000000	0.000000	0.000000	0.000000	0.000000	0.000000
-0.915749	0.867988	0.000000	0.816475	0.000000	0.000000	0.000000	0.000000	0.000000	0.000000
-0.915599	0.867865	-0.000000	0.816352	0.000000	0.000000	0.000000	0.000000	0.000000	0.000000
-0.915512	0.867970	-0.000000	0.816739	0.000000	0.000000	0.000000	0.000000	0.000000	0.000000
-0.915591	0.867904	0.000000	0.816604	0.000000	0.000000	0.000000	0.000000	0.000000	0.000000
-0.915498	0.867970	0.000000	0.816419	0.000000	0.000000	0.000000	0.000000	0.000000	0.000000
-0.915617	0.867987	0.000000	0.816851	0.000000	0.000000	0.000000	0.000000	0.000000	0.000000
-0.915527	0.867940	-0.000000	0.816867	0.000000	0.000000	0.000000	0.000000	0.000000	0.000000
-0.915660	0.867907	-0.000000	0.816868	0.000000	0.000000	0.000000	0.000000	0.000000	0.000000
-0.915446	0.867920	-0.000000	0.816910	0.000000	0.000000	0.000000	0.000000	0.000000	0.000000
-0.915597	0.867910	-0.000000	0.815744	0.000000	0.000000	0.000000	0.000000	0.000000	0.000000
-0.915662	0.868012	-0.000000	0.816615	0.000000	0.000000	0.000000	0.000000	0.000000	0.000000
-0.915551	0.868019	-0.000000	0.816631	0.000000	0.000000	0.000000	0.000000	0.000000	0.000000
-0.915688	0.867919	-0.000000	0.634086	0.000000	0.000000	0.000000	0.000000	0.000000	0.000000
-0.915573	0.868061	0.000000	0.817064	0.000000	0.000000	0.000000	0.000000	0.000000	0.000000
-0.915745	0.867939	-0.000000	0.816341	0.000000	0.000000	0.000000	0.000000	0.000000	0.000000
-0.915364	0.867956	-0.000000	0.816342	0.000000	0.000000	0.000000	0.000000	0.000000	0.000000
-0.915384	0.867881	-0.000000	0.816390	0.000000	0.000000	0.000000	0.000000	0.000000	0.000000
-0.915434	0.868007	-0.000000	0.816907	0.000000	0.000000	0.000000	0.000000	0.000000	0.000000
-0.915590	0.867991	-0.000000	0.816513	0.000000	0.000000	0.000000	0.000000	0.000000	0.000000
-0.915568	0.868016	-0.000000	0.815444	0.000000	0.000000	0.000000	0.000000	0.000000	0.000000
-0.915592	0.867797	0.000000	0.799864	0.000000	0.000000	0.000000	0.000000	0.000000	0.000000
-0.915852	0.867877	0.000000	0.816688	0.000000	0.000000	0.000000	0.000000	0.000000	0.000000
-0.915340	0.868018	-0.000000	0.816412	0.000000	0.000000	0.000000	0.000000	0.000000	0.000000
-0.915459	0.867908	0.000000	0.816321	0.000000	0.000000	0.000000	0.000000	0.000000	0.000000
-0.915895	0.867936	-0.000000	0.816997	0.000000	0.000000	0.000000	0.000000	0.000000	0.000000
-0.915340	0.867965	-0.000000	0.654150	0.000000	0.000000	0.000000	0.000000	0.000000	0.000000
-0.915399	0.867903	-0.000000	0.816534	0.000000	0.000000	0.000000	0.000000	0.000000	0.000000
-0.915597	0.867949	0.000000	0.816438	0.000000	0.000000	0.000000	0.000000	0.000000	0.000000
-0.915531	0.867922	0.000000	0.816842	0.000000	0.000000	0.000000	0.000000	0.000000	0.000000
-0.915491	0.868048	0.000000	0.815902	0.000000	0.000000	0.000000	0.000000	0.000000	0.000000
-0.915637	0.867985	-0.000000	0.742288	0.000000	0.000000	0.000000	0.000000	0.000000	0.000000
-0.915592	0.867941	-0.000000	0.816701	0.000000	0.000000	0.000000	0.000000	0.000000	0.000000
-0.915595	0.868042	0.000000	0.816742	0.000000	0.000000	0.000000	0.000000	0.000000	0.000000
-0.915643	0.867955	0.000000	0.816444	0.000000	0.000000	0.000000	0.000000	0.000000	0.000000
-0.915709	0.868054	-0.000000	0.816472	0.000000	0.000000	0.000000	0.000000	0.000000	0.000000
-0.915707	0.867869	-0.000000	0.816460	0.000000	0.000000	0.000000	0.000000	0.000000	0.000000
-0.915433	0.867986	0.000000	0.816705	0.000000	0.000000	0.000000	0.000000	0.000000	0.000000
-0.915567	0.867959	-0.000000	0.815466	0.000000	0.000000	0.000000	0.000000	0.000000	0.000000
-0.915678	0.867991	-0.000000	0.816813	0.000000	0.000000	0.000000	0.000000	0.000000	0.000000
-0.915519	0.868075	-0.000000	0.815504	0.000000	0.000000	0.000000	0.000000	0.000000	0.000000
-0.915458	0.867937	0.000000	0.816156	0.000000	0.000000	0.000000	0.000000	0.000000	0.000000
-0.915539	0.868011	0.000000	0.816351	0.000000	0.000000	0.000000	0.000000	0.000000	0.000000
-0.915451	0.868043	-0.000000	0.816998	0.000000	0.000000	0.000000	0.000000	0.000000	0.000000
-0.915607	0.868054	0.000000	0.816837	0.000000	0.000000	0.000000	0.000000	0.000000	0.000000
-0.915505	0.867915	-0.000000	0.813222	0.000000	0.000000	0.000000	0.000000	0.000000	0.000000
-0.915462	0.867963	0.000000	0.816251	0.000000	0.000000	0.000000	0.000000	0.000000	0.000000
-0.915574	0.867820	0.000000	0.816211	0.000000	0.000000	0.000000	0.000000	0.000000	0.000000
-0.915475	0.868110	0.000000	0.816510	0.000000	0.000000	0.000000	0.000000	0.000000	0.000000
-0.915623	0.868058	0.000000	0.816208	0.000000	0.000000	0.000000	0.000000	0.000000	0.000000
-0.915610	0.867881	-0.000000	0.816656	0.000000	0.000000	0.000000	0.000000	0.000000	0.000000
-0.915665	0.868025	-0.000000	0.817150	0.000000	0.000000	0.000000	0.000000	0.000000	0.000000
-0.915673	0.867933	-0.000000	0.816120	0.000000	0.000000	0.000000	0.000000	0.000000	0.000000
-0.915520	0.867930	0.000000	0.816691	0.000000	0.000000	0.000000	0.000000	0.000000	0.000000
-0.915520	0.868074	-0.000000	0.816770	0.000000	0.000000	0.000000	0.000000	0.000000	0.000000
-0.915653	0.867872	-0.000000	0.816687	0.000000	0.000000	0.000000	0.000000	0.000000	0.000000
-0.915578	0.868051	0.000000	0.814950	0.000000	0.000000	0.000000	0.000000	0.000000	0.000000
-0.915650	0.867932	-0.000000	0.816768	0.000000	0.000000	0.000000	0.000000	0.000000	0.000000
-0.915451	0.867974	0.000000	0.816619	0.000000	0.000000	0.000000	0.000000	0.000000	0.000000
-0.915390	0.868083	0.000000	0.816439	0.000000	0.000000	0.000000	0.000000	0.000000	0.000000
-0.915541	0.868000	0.000000	0.816987	0.000000	0.000000	0.000000	0.000000	0.000000	0.000000
-0.915526	0.868094	-0.000000	0.816693	0.000000	0.000000	0.000000	0.000000	0.000000	0.000000
-0.915761	0.867999	-0.000000	0.816712	0.000000	0.000000	0.000000	0.000000	0.000000	0.000000
-0.915376	0.867949	0.000000	0.816639	0.000000	0.000000	0.000000	0.000000	0.000000	0.000000
-0.915455	0.868128	0.000000	0.816794	0.000000	0.000000	0.000000	0.000000	0.000000	0.000000
-0.915544	0.867982	0.000000	0.816551	0.000000	0.000000	0.000000	0.000000	0.000000	0.000000
-0.915606	0.867988	-0.000000	0.816208	0.000000	0.000000	0.000000	0.000000	0.000000	0.000000
-0.915493	0.867872	0.000000	0.816872	0.000000	0.000000	0.000000	0.000000	0.000000	0.000000
-0.915489	0.867882	-0.000000	0.816618	0.000000	0.000000	0.000000	0.000000	0.000000	0.000000
-0.915673	0.868099	0.000000	0.816410	0.000000	0.000000	0.000000	0.000000	0.000000	0.000000
-0.915591	0.867991	0.000000	0.816728	0.000000	0.000000	0.000000	0.000000	0.000000	0.000000
-0.915430	0.867995	0.000000	0.816509	0.000000	0.000000	0.000000	0.000000	0.000000	0.000000
-0.915617	0.867966	0.000000	0.816567	0.000000	0.000000	0.000000	0.000000	0.000000	0.000000
-0.915483	0.868029	0.000000	0.816391	0.000000	0.000000	0.000000	0.000000	0.000000	0.000000
-0.915620	0.867890	-0.000000	0.816669	0.000000	0.000000	0.000000	0.000000	0.000000	0.000000
-0.915436	0.867835	-0.000000	0.816416	0.000000	0.000000	0.000000	0.000000	0.000000	0.000000
-0.915468	0.867907	-0.000000	0.816418	0.000000	0.000000	0.000000	0.000000	0.000000	0.000000
-0.915593	0.868049	-0.000000	0.817016	0.000000	0.000000	0.000000	0.000000	0.000000	0.000000
-0.915753	0.867954	-0.000000	0.816845	0.000000	0.000000	0.000000	0.000000	0.000000	0.000000
-0.915328	0.868002	0.000000	0.816991	0.000000	0.000000	0.000000	0.000000	0.000000	0.000000
-0.915409	0.867885	0.000000	0.816063	0.000000	0.000000	0.000000	0.000000	0.000000	0.000000
-0.915465	0.868025	0.000000	0.816482	0.000000	0.000000	0.000000	0.000000	0.000000	0.000000
-0.915470	0.868085	0.000000	0.816669	0.000000	0.000000	0.000000	0.000000	0.000000	0.000000
-0.915678	0.867848	0.000000	0.816518	0.000000	0.000000	0.000000	0.000000	0.000000	0.000000
-0.915713	0.868020	-0.000000	0.808674	0.000000	0.000000	0.000000	0.000000	0.000000	0.000000
-0.915639	0.867910	0.000000	0.816374	0.000000	0.000000	0.000000	0.000000	0.000000	0.000000
-0.915382	0.867949	0.000000	0.816259	0.000000	0.000000	0.000000	0.000000	0.000000	0.000000
-0.915564	0.867933	0.000000	0.816216	0.000000	0.000000	0.000000	0.000000	0.000000	0.000000
-0.915535	0.867980	0.000000	0.816755	0.000000	0.000000	0.000000	0.000000	0.000000	0.000000
-0.915651	0.867998	-0.000000	0.816531	0.000000	0.000000	0.000000	0.000000	0.000000	0.000000
-0.915491	0.868085	0.000000	0.816798	0.000000	0.000000	0.000000	0.000000	0.000000	0.000000
-0.915507	0.868010	0.000000	0.816982	0.000000	0.000000	0.000000	0.000000	0.000000	0.000000
-0.915524	0.867946	0.000000	0.816413	0.000000	0.000000	0.000000	0.000000	0.000000	0.000000
-0.915694	0.867984	0.000000	0.774019	0.000000	0.000000	0.000000	0.000000	0.000000	0.000000
-0.915314	0.868144	-0.000000	0.816516	0.000000	0.000000	0.000000	0.000000	0.000000	0.000000
-0.915494	0.867920	0.000000	0.644219	0.000000	0.000000	0.000000	0.000000	0.000000	0.000000
-0.915571	0.867948	0.000000	0.816627	0.000000	0.000000	0.000000	0.000000	0.000000	0.000000
-0.915695	0.867984	-0.000000	0.816659	0.000000	0.000000	0.000000	0.000000	0.000000	0.000000
-0.915555	0.868026	0.000000	0.816670	0.000000	0.000000	0.000000	0.000000	0.000000	0.000000
-0.915641	0.868036	-0.000000	0.816342	0.000000	0.000000	0.000000	0.000000	0.000000	0.000000
-0.915417	0.868121	0.000000	0.816629	0.000000	0.000000	0.000000	0.000000	0.000000	0.000000
-0.915521	0.868020	0.000000	0.810542	0.000000	0.000000	0.000000	0.000000	0.000000	0.000000
-0.915577	0.867902	-0.000000	0.815594	0.000000	0.000000	0.000000	0.000000	0.000000	0.000000
-0.915445	0.868024	-0.000000	0.816364	0.000000	0.000000	0.000000	0.000000	0.000000	0.000000
-0.915431	0.867981	0.000000	0.816528	0.000000	0.000000	0.000000	0.000000	0.000000	0.000000
-0.915625	0.868007	-0.000000	0.816287	0.000000	0.000000	0.000000	0.000000	0.000000	0.000000
-0.915473	0.867877	-0.000000	0.816637	0.000000	0.000000	0.000000	0.000000	0.000000	0.000000
-0.915398	0.868030	-0.000000	0.816471	0.000000	0.000000	0.000000	0.000000	0.000000	0.000000
-0.915645	0.867978	0.000000	0.816945	0.000000	0.000000	0.000000	0.000000	0.000000	0.000000
-0.915500	0.868039	0.000000	0.816663	0.000000	0.000000	0.000000	0.000000	0.000000	0.000000
-0.915495	0.867922	-0.000000	0.814157	0.000000	0.000000	0.000000	0.000000	0.000000	0.000000
-0.915691	0.867911	0.000000	0.816728	0.000000	0.000000	0.000000	0.000000	0.000000	0.000000
-0.915554	0.868014	-0.000000	0.816489	0.000000	0.000000	0.000000	0.000000	0.000000	0.000000
-0.915737	0.867984	0.000000	0.816405	0.000000	0.000000	0.000000	0.000000	0.000000	0.000000
-0.915650	0.868015	0.000000	0.816856	0.000000	0.000000	0.000000	0.000000	0.000000	0.000000
-0.915584	0.867942	-0.000000	0.816743	0.000000	0.000000	0.000000	0.000000	0.000000	0.000000
-0.915435	0.868098	0.000000	0.816465	0.000000	0.000000	0.000000	0.000000	0.000000	0.000000
-0.915576	0.867953	0.000000	0.816903	0.000000	0.000000	0.000000	0.000000	0.000000	0.000000
-0.915482	0.868032	-0.000000	0.816748	0.000000	0.000000	0.000000	0.000000	0.000000	0.000000
-0.915335	0.867843	0.000000	0.816612	0.000000	0.000000	0.000000	0.000000	0.000000	0.000000
-0.915518	0.867949	0.000000	0.816375	0.000000	0.000000	0.000000	0.000000	0.000000	0.000000
-0.915586	0.868017	-0.000000	0.816781	0.000000	0.000000	0.000000	0.000000	0.000000	0.000000
-0.915620	0.868041	-0.000000	0.816730	0.000000	0.000000	0.000000	0.000000	0.000000	0.000000
-0.915715	0.868006	-0.000000	0.816083	0.000000	0.000000	0.000000	0.000000	0.000000	0.000000
-0.915474	0.868048	-0.000000	0.816965	0.000000	0.000000	0.000000	0.000000	0.000000	0.000000
-0.915515	0.867997	-0.000000	0.816611	0.000000	0.000000	0.000000	0.000000	0.000000	0.000000
-0.915478	0.868157	0.000000	0.817044	0.000000	0.000000	0.000000	0.000000	0.000000	0.000000
-0.915490	0.868070	0.000000	0.816461	0.000000	0.000000	0.000000	0.000000	0.000000	0.000000
-0.915482	0.868092	0.000000	0.816414	0.000000	0.000000	0.000000	0.000000	0.000000	0.000000
-0.915702	0.867974	-0.000000	0.816723	0.000000	0.000000	0.000000	0.000000	0.000000	0.000000
-0.915734	0.868100	0.000000	0.816907	0.000000	0.000000	0.000000	0.000000	0.000000	0.000000
-0.915493	0.867967	-0.000000	0.816711	0.000000	0.000000	0.000000	0.000000	0.000000	0.000000
-0.915576	0.868075	-0.000000	0.813858	0.000000	0.000000	0.000000	0.000000	0.000000	0.000000
-0.915406	-0.852405	-0.001636	-0.000000	0.000000	0.000000	0.000000	0.000000	0.000000	0.000000
-0.915568	-0.853106	0.805457	-0.000000	0.000000	0.000000	0.000000	0.000000	0.000000	0.000000
-0.915469	-0.853063	0.805457	-0.000000	0.000000	0.000000	0.000000	0.000000	0.000000	0.000000
-0.915614	-0.852852	0.805457	-0.000000	0.000000	0.000000	0.000000	0.000000	0.000000	0.000000
-0.915639	-0.852935	0.805456	-0.000000	0.000000	0.000000	0.000000	0.000000	0.000000	0.000000
-0.915391	-0.852721	0.805457	0.000000	0.000000	0.000000	0.000000	0.000000	0.000000	0.000000
-0.915698	-0.853308	0.805457	-0.000000	0.000000	0.000000	0.000000	0.000000	0.000000	0.000000
-0.915585	-0.852720	0.805457	-0.000000	0.000000	0.000000	0.000000	0.000000	0.000000	0.000000
-0.915530	-0.852965	0.805457	0.000000	0.000000	0.000000	0.000000	0.000000	0.000000	0.000000
-0.915292	-0.852838	0.805455	0.000000	0.000000	0.000000	0.000000	0.000000	0.000000	0.000000
-0.915538	-0.852933	0.805456	0.000000	0.000000	0.000000	0.000000	0.000000	0.000000	0.000000
-0.915492	-0.852702	0.805457	-0.000000	0.000000	0.000000	0.000000	0.000000	0.000000	0.000000
-0.915505	-0.852832	0.805457	0.000000	0.000000	0.000000	0.000000	0.000000	0.000000	0.000000
-0.915724	-0.853302	0.805457	0.000000	0.000000	0.000000	0.000000	0.000000	0.000000	0.000000
-0.915556	-0.853011	0.805457	-0.000000	0.000000	0.000000	0.000000	0.000000	0.000000	0.000000
-0.915448	-0.852564	0.805457	0.000000	0.000000	0.000000	0.000000	0.000000	0.000000	0.000000
-0.915226	-0.853099	0.805457	-0.000000	0.000000	0.000000	0.000000	0.000000	0.000000	0.000000
-0.915335	-0.852659	0.805457	0.000000	0.000000	0.000000	0.000000	0.000000	0.000000	0.000000
-0.915455	-0.853043	0.805457	0.000000	0.000000	0.000000	0.000000	0.000000	0.000000	0.000000
-0.915575	-0.852714	0.805457	0.000000	0.000000	0.000000	0.000000	0.000000	0.000000	0.000000
-0.915675	-0.852705	0.805457	-0.000000	0.000000	0.000000	0.000000	0.000000	0.000000	0.000000
-0.915452	-0.852963	0.805457	0.000000	0.000000	0.000000	0.000000	0.000000	0.000000	0.000000
-0.915559	-0.853319	0.805457	0.000000	0.000000	0.000000	0.000000	0.000000	0.000000	0.000000
-0.915523	-0.853044	0.805457	0.000000	0.000000	0.000000	0.000000	0.000000	0.000000	0.000000
-0.915552	-0.852948	0.805457	-0.000000	0.000000	0.000000	0.000000	0.000000	0.000000	0.000000
-0.915404	-0.852796	0.805457	0.000000	0.000000	0.000000	0.000000	0.000000	0.000000	0.000000
-0.915303	-0.853444	0.805457	0.000000	0.000000	0.000000	0.000000	0.000000	0.000000	0.000000
-0.915383	-0.852730	0.805457	-0.000000	0.000000	0.000000	0.000000	0.000000	0.000000	0.000000
-0.915440	-0.853127	0.805457	-0.000000	0.000000	0.000000	0.000000	0.000000	0.000000	0.000000
-0.915499	-0.852967	0.805457	0.000000	0.000000	0.000000	0.000000	0.000000	0.000000	0.000000
-0.915482	-0.852536	0.805457	-0.000000	0.000000	0.000000	0.000000	0.000000	0.000000	0.000000
-0.915469	-0.852792	0.805457	-0.000000	0.000000	0.000000	0.000000	0.000000	0.000000	0.000000
-0.915356	-0.852899	0.805457	0.000000	0.000000	0.000000	0.000000	0.000000	0.000000	0.000000
-0.915132	-0.853037	0.805457	0.000000	0.000000	0.000000	0.000000	0.000000	0.000000	0.000000
-0.915647	-0.852754	0.805456	-0.000000	0.000000	0.000000	0.000000	0.000000	0.000000	0.000000
-0.915622	-0.852836	0.805457	0.000000	0.000000	0.000000	0.000000	0.000000	0.000000	0.000000
-0.915558	-0.852775	0.805457	0.000000	0.000000	0.000000	0.000000	0.000000	0.000000	0.000000
-0.915300	-0.852730	0.805457	-0.000000	0.000000	0.000000	0.000000	0.000000	0.000000	0.000000
-0.915585	-0.853162	0.805457	-0.000000	0.000000	0.000000	0.000000	0.000000	0.000000	0.000000
-0.915679	-0.853274	0.805437	-0.000000	0.000000	0.000000	0.000000	0.000000	0.000000	0.000000
-0.915687	-0.853038	0.805457	0.000000	0.000000	0.000000	0.000000	0.000000	0.000000	0.000000
-0.915640	-0.852871	0.805443	0.000000	0.000000	0.000000	0.000000	0.000000	0.000000	0.000000
-0.915554	-0.853114	0.805457	-0.000000	0.000000	0.000000	0.000000	0.000000	0.000000	0.000000
-0.915526	-0.853356	0.805457	0.000000	0.000000	0.000000	0.000000	0.000000	0.000000	0.000000
-0.915457	-0.853415	0.805457	-0.000000	0.000000	0.000000	0.000000	0.000000	0.000000	0.000000
-0.915356	-0.852759	0.805457	-0.000000	0.000000	0.000000	0.000000	0.000000	0.000000	0.000000
-0.915731	-0.853149	0.805457	-0.000000	0.000000	0.000000	0.000000	0.000000	0.000000	0.000000
-0.915283	-0.852800	0.805454	-0.000000	0.000000	0.000000	0.000000	0.000000	0.000000	0.000000
-0.915665	-0.853125	0.805455	0.000000	0.000000	0.000000	0.000000	0.000000	0.000000	0.000000
-0.915462	-0.853105	0.805457	-0.000000	0.000000	0.000000	0.000000	0.000000	0.000000	0.000000
-0.915587	-0.853030	0.805457	-0.000000	0.000000	0.000000	0.000000	0.000000	0.000000	0.000000
-0.915662	-0.853052	0.805457	-0.000000	0.000000	0.000000	0.000000	0.000000	0.000000	0.000000
-0.915507	-0.852953	0.805403	-0.000000	0.000000	0.000000	0.000000	0.000000	0.000000	0.000000
-0.915515	-0.853065	0.805457	-0.000000	0.000000	0.000000	0.000000	0.000000	0.000000	0.000000
-0.915497	-0.853245	0.805457	0.000000	0.000000	0.000000	0.000000	0.000000	0.000000	0.000000
-0.915432	-0.853227	0.805457	0.000000	0.000000	0.000000	0.000000	0.000000	0.000000	0.000000
-0.915770	-0.852820	0.805457	-0.000000	0.000000	0.000000	0.000000	0.000000	0.000000	0.000000
-0.915514	-0.852890	0.805457	-0.000000	0.000000	0.000000	0.000000	0.000000	0.000000	0.000000
-0.915610	-0.853063	0.805457	-0.000000	0.000000	0.000000	0.000000	0.000000	0.000000	0.000000
-0.915553	-0.853082	0.805457	0.000000	0.000000	0.000000	0.000000	0.000000	0.000000	0.000000
-0.915408	-0.853238	0.805457	0.000000	0.000000	0.000000	0.000000	0.000000	0.000000	0.000000
-0.915574	-0.853071	0.805457	-0.000000	0.000000	0.000000	0.000000	0.000000	0.000000	0.000000
-0.915612	-0.853054	0.805457	0.000000	0.000000	0.000000	0.000000	0.000000	0.000000	0.000000
-0.915741	-0.852979	0.805456	0.000000	0.000000	0.000000	0.000000	0.000000	0.000000	0.000000
-0.915333	-0.852825	0.805456	-0.000000	0.000000	0.000000	0.000000	0.000000	0.000000	0.000000
-0.915642	-0.852742	0.805457	0.000000	0.000000	0.000000	0.000000	0.000000	0.000000	0.000000
-0.915667	-0.852873	0.805457	0.000000	0.000000	0.000000	0.000000	0.000000	0.000000	0.000000
-0.915404	-0.853058	0.805457	-0.000000	0.000000	0.000000	0.000000	0.000000	0.000000	0.000000
-0.915422	-0.853012	0.805457	0.000000	0.000000	0.000000	0.000000	0.000000	0.000000	0.000000
-0.915567	-0.852685	0.805457	0.000000	0.000000	0.000000	0.000000	0.000000	0.000000	0.000000
-0.915573	-0.853014	0.805457	0.000000	0.000000	0.000000	0.000000	0.000000	0.000000	0.000000
-0.915423	-0.852948	0.805457	0.000000	0.000000	0.000000	0.000000	0.000000	0.000000	0.000000
-0.915416	-0.852893	0.805457	0.000000	0.000000	0.000000	0.000000	0.000000	0.000000	0.000000
-0.915729	-0.852991	0.805457	0.000000	0.000000	0.000000	0.000000	0.000000	0.000000	0.000000
-0.915567	-0.853024	0.805457	-0.000000	0.000000	0.000000	0.000000	0.000000	0.000000	0.000000
-0.915610	-0.853041	0.805457	-0.000000	0.000000	0.000000	0.000000	0.000000	0.000000	0.000000
-0.915697	-0.852873	0.805457	-0.000000	0.000000	0.000000	0.000000	0.000000	0.000000	0.000000
-0.915412	-0.852794	0.805457	0.000000	0.000000	0.000000	0.000000	0.000000	0.000000	0.000000
-0.915547	-0.853045	0.805457	-0.000000	0.000000	0.000000	0.000000	0.000000	0.000000	0.000000
-0.915514	-0.852940	0.805415	0.000000	0.000000	0.000000	0.000000	0.000000	0.000000	0.000000
-0.915361	-0.852811	0.805457	-0.000000	0.000000	0.000000	0.000000	0.000000	0.000000	0.000000
-0.915843	-0.853142	0.805457	0.000000	0.000000	0.000000	0.000000	0.000000	0.000000	0.000000
-0.915560	-0.852598	0.805457	-0.000000	0.000000	0.000000	0.000000	0.000000	0.000000	0.000000
-0.915406	-0.853352	0.805453	-0.000000	0.000000	0.000000	0.000000	0.000000	0.000000	0.000000
-0.915616	-0.853060	0.805457	-0.000000	0.000000	0.000000	0.000000	0.000000	0.000000	0.000000
-0.915239	-0.853122	0.805456	0.000000	0.000000	0.000000	0.000000	0.000000	0.000000	0.000000
-0.915698	-0.852962	0.805457	-0.000000	0.000000	0.000000	0.000000	0.000000	0.000000	0.000000
-0.915541	-0.852523	0.805457	-0.000000	0.000000	0.000000	0.000000	0.000000	0.000000	0.000000
-0.915384	-0.853074	0.805449	0.000000	0.000000	0.000000	0.000000	0.000000	0.000000	0.000000
-0.915584	-0.852649	0.805457	0.000000	0.000000	0.000000	0.000000	0.000000	0.000000	0.000000
-0.915614	-0.852866	0.805457	0.000000	0.000000	0.000000	0.000000	0.000000	0.000000	0.000000
-0.915723	-0.852923	0.805457	0.000000	0.000000	0.000000	0.000000	0.000000	0.000000	0.000000
-0.916067	-0.852651	0.805457	0.000000	0.000000	0.000000	0.000000	0.000000	0.000000	0.000000
-0.915658	-0.852854	0.805457	0.000000	0.000000	0.000000	0.000000	0.000000	0.000000	0.000000
-0.915815	-0.852997	0.805457	0.000000	0.000000	0.000000	0.000000	0.000000	0.000000	0.000000
-0.915351	-0.853110	0.805457	-0.000000	0.000000	0.000000	0.000000	0.000000	0.000000	0.000000
-0.915474	-0.852527	0.805457	-0.000000	0.000000	0.000000	0.000000	0.000000	0.000000	0.000000
-0.915578	-0.853136	0.805457	0.000000	0.000000	0.000000	0.000000	0.000000	0.000000	0.000000
-0.915746	-0.853118	0.805457	-0.000000	0.000000	0.000000	0.000000	0.000000	0.000000	0.000000
-0.915474	-0.853158	0.805454	0.000000	0.000000	0.000000	0.000000	0.000000	0.000000	0.000000
-0.915399	-0.852901	0.805457	-0.000000	0.000000	0.000000	0.000000	0.000000	0.000000	0.000000
-0.915582	-0.853152	0.805390	0.000000	0.000000	0.000000	0.000000	0.000000	0.000000	0.000000
-0.915695	-0.852675	0.805457	-0.000000	0.000000	0.000000	0.000000	0.000000	0.000000	0.000000
-0.915618	-0.853021	0.805457	0.000001	0.000000	0.000000	0.000000	0.000000	0.000000	0.000000
-0.915469	-0.852565	0.805457	0.000000	0.000000	0.000000	0.000000	0.000000	0.000000	0.000000
-0.915653	-0.852794	0.805457	-0.000000	0.000000	0.000000	0.000000	0.000000	0.000000	0.000000
-0.915525	-0.852763	0.805457	-0.000000	0.000000	0.000000	0.000000	0.000000	0.000000	0.000000
-0.915462	-0.853212	0.805457	-0.000000	0.000000	0.000000	0.000000	0.000000	0.000000	0.000000
-0.915452	-0.852773	0.805457	-0.000000	0.000000	0.000000	0.000000	0.000000	0.000000	0.000000
-0.915672	-0.852791	0.805457	0.000000	0.000000	0.000000	0.000000	0.000000	0.000000	0.000000
-0.915631	-0.852657	0.805457	-0.000000	0.000000	0.000000	0.000000	0.000000	0.000000	0.000000
-0.915676	-0.852991	0.805457	-0.000000	0.000000	0.000000	0.000000	0.000000	0.000000	0.000000
-0.915485	-0.852718	0.805457	-0.000000	0.000000	0.000000	0.000000	0.000000	0.000000	0.000000
-0.915536	-0.852879	0.805457	-0.000000	0.000000	0.000000	0.000000	0.000000	0.000000	0.000000
-0.915662	-0.852900	0.805457	0.000000	0.000000	0.000000	0.000000	0.000000	0.000000	0.000000
-0.915583	-0.853118	0.805457	0.000000	0.000000	0.000000	0.000000	0.000000	0.000000	0.000000
-0.915451	-0.853090	0.805457	-0.000000	0.000000	0.000000	0.000000	0.000000	0.000000	0.000000
-0.915504	-0.852984	0.805454	-0.000000	0.000000	0.000000	0.000000	0.000000	0.000000	0.000000
-0.915583	-0.853074	0.805457	0.000000	0.000000	0.000000	0.000000	0.000000	0.000000	0.000000
-0.915752	-0.852679	0.805455	-0.000000	0.000000	0.000000	0.000000	0.000000	0.000000	0.000000
-0.915355	-0.853109	0.805457	0.000000	0.000000	0.000000	0.000000	0.000000	0.000000	0.000000
-0.915576	-0.853349	0.805457	0.000000	0.000000	0.000000	0.000000	0.000000	0.000000	0.000000
-0.915439	-0.852464	0.805457	0.000000	0.000000	0.000000	0.000000	0.000000	0.000000	0.000000
-0.915598	-0.852973	0.805297	-0.000000	0.000000	0.000000	0.000000	0.000000	0.000000	0.000000
-0.915410	-0.853202	0.805457	0.000000	0.000000	0.000000	0.000000	0.000000	0.000000	0.000000
-0.915787	-0.852821	0.804458	0.000000	0.000000	0.000000	0.000000	0.000000	0.000000	0.000000
-0.915673	-0.852863	0.805457	-0.000000	0.000000	0.000000	0.000000	0.000000	0.000000	0.000000
-0.915583	-0.852950	0.805457	0.000000	0.000000	0.000000	0.000000	0.000000	0.000000	0.000000
-0.915616	-0.852865	0.805457	-0.000000	0.000000	0.000000	0.000000	0.000000	0.000000	0.000000
-0.915597	-0.852761	0.805453	-0.000000	0.000000	0.000000	0.000000	0.000000	0.000000	0.000000
-0.915340	-0.852915	0.805457	-0.000000	0.000000	0.000000	0.000000	0.000000	0.000000	0.000000
-0.915513	-0.852914	0.805457	0.000000	0.000000	0.000000	0.000000	0.000000	0.000000	0.000000
-0.915453	-0.853177	0.805457	0.000000	0.000000	0.000000	0.000000	0.000000	0.000000	0.000000
-0.915431	-0.852599	0.805454	-0.000000	0.000000	0.000000	0.000000	0.000000	0.000000	0.000000
-0.915284	-0.852722	0.805457	0.000000	0.000000	0.000000	0.000000	0.000000	0.000000	0.000000
-0.915501	-0.852692	0.805457	-0.000000	0.000000	0.000000	0.000000	0.000000	0.000000	0.000000
-0.915418	-0.852726	0.805457	-0.000000	0.000000	0.000000	0.000000	0.000000	0.000000	0.000000
-0.915316	-0.852848	0.805457	-0.000000	0.000000	0.000000	0.000000	0.000000	0.000000	0.000000
-0.915641	-0.853045	0.805442	0.000000	0.000000	0.000000	0.000000	0.000000	0.000000	0.000000
-0.915406	-0.852882	0.805457	-0.000000	0.000000	0.000000	0.000000	0.000000	0.000000	0.000000
-0.915606	-0.852982	0.805456	-0.000000	0.000000	0.000000	0.000000	0.000000	0.000000	0.000000
-0.915838	-0.852892	0.805457	-0.000000	0.000000	0.000000	0.000000	0.000000	0.000000	0.000000
-0.915666	-0.852923	0.805456	0.000000	0.000000	0.000000	0.000000	0.000000	0.000000	0.000000
-0.915538	-0.853076	0.804861	-0.000000	0.000000	0.000000	0.000000	0.000000	0.000000	0.000000
-0.915587	-0.852711	0.805456	0.000000	0.000000	0.000000	0.000000	0.000000	0.000000	0.000000
-0.915712	-0.852815	0.805456	-0.000000	0.000000	0.000000	0.000000	0.000000	0.000000	0.000000
-0.915700	-0.853033	0.805457	-0.000000	0.000000	0.000000	0.000000	0.000000	0.000000	0.000000
-0.915946	-0.853188	0.805457	-0.000000	0.000000	0.000000	0.000000	0.000000	0.000000	0.000000
-0.915689	-0.852911	0.805457	-0.000000	0.000000	0.000000	0.000000	0.000000	0.000000	0.000000
-0.915572	-0.853408	0.805457	0.000000	0.000000	0.000000	0.000000	0.000000	0.000000	0.000000
-0.915639	-0.852875	0.805457	0.000000	0.000000	0.000000	0.000000	0.000000	0.000000	0.000000
-0.915501	-0.853106	0.805457	-0.000000	0.000000	0.000000	0.000000	0.000000	0.000000	0.000000
-0.915511	-0.852974	0.805457	-0.000000	0.000000	0.000000	0.000000	0.000000	0.000000	0.000000
-0.915649	-0.852900	0.805457	0.000000	0.000000	0.000000	0.000000	0.000000	0.000000	0.000000
-0.915483	-0.852927	0.805457	-0.000000	0.000000	0.000000	0.000000	0.000000	0.000000	0.000000
-0.915725	-0.852903	0.805457	-0.000000	0.000000	0.000000	0.000000	0.000000	0.000000	0.000000
-0.915658	-0.852849	0.805457	-0.000000	0.000000	0.000000	0.000000	0.000000	0.000000	0.000000
-0.915500	-0.853090	0.805457	-0.000000	0.000000	0.000000	0.000000	0.000000	0.000000	0.000000
-0.915642	-0.853196	0.805457	-0.000000	0.000000	0.000000	0.000000	0.000000	0.000000	0.000000
-0.915577	-0.853073	0.805457	0.000000	0.000000	0.000000	0.000000	0.000000	0.000000	0.000000
-0.915832	-0.852727	0.805457	-0.000000	0.000000	0.000000	0.000000	0.000000	0.000000	0.000000
-0.915500	-0.852906	0.805456	0.000000	0.000000	0.000000	0.000000	0.000000	0.000000	0.000000
-0.915735	-0.852623	0.805457	0.000000	0.000000	0.000000	0.000000	0.000000	0.000000	0.000000
-0.915606	-0.853190	0.805457	0.000000	0.000000	0.000000	0.000000	0.000000	0.000000	0.000000
-0.915706	-0.853173	0.805456	-0.000000	0.000000	0.000000	0.000000	0.000000	0.000000	0.000000
-0.915633	-0.852654	0.805457	-0.000000	0.000000	0.000000	0.000000	0.000000	0.000000	0.000000
-0.915634	-0.852923	0.805456	0.000000	0.000000	0.000000	0.000000	0.000000	0.000000	0.000000
-0.915541	-0.852630	0.805457	-0.000000	0.000000	0.000000	0.000000	0.000000	0.000000	0.000000
-0.915544	-0.852792	0.805457	0.000000	0.000000	0.000000	0.000000	0.000000	0.000000	0.000000
-0.915558	-0.853197	0.805452	0.000000	0.000000	0.000000	0.000000	0.000000	0.000000	0.000000
-0.915490	-0.852859	0.805457	-0.000000	0.000000	0.000000	0.000000	0.000000	0.000000	0.000000
-0.915412	-0.853064	0.805457	-0.000000	0.000000	0.000000	0.000000	0.000000	0.000000	0.000000
-0.915562	-0.852894	0.805443	-0.000000	0.000000	0.000000	0.000000	0.000000	0.000000	0.000000
-0.915489	-0.852781	0.805457	0.000000	0.000000	0.000000	0.000000	0.000000	0.000000	0.000000
-0.915582	-0.853100	0.805456	0.000000	0.000000	0.000000	0.000000	0.000000	0.000000	0.000000
-0.915689	-0.852757	0.805457	0.000000	0.000000	0.000000	0.000000	0.000000	0.000000	0.000000
-0.915588	-0.852645	0.805457	0.000000	0.000000	0.000000	0.000000	0.000000	0.000000	0.000000
-0.915574	-0.852723	0.805457	0.000000	0.000000	0.000000	0.000000	0.000000	0.000000	0.000000
-0.915586	-0.852887	0.805457	-0.000000	0.000000	0.000000	0.000000	0.000000	0.000000	0.000000
-0.915452	-0.852891	0.805457	0.000000	0.000000	0.000000	0.000000	0.000000	0.000000	0.000000
-0.915520	-0.853025	0.805457	-0.000000	0.000000	0.000000	0.000000	0.000000	0.000000	0.000000
-0.915778	-0.852667	0.805456	0.000000	0.000000	0.000000	0.000000	0.000000	0.000000	0.000000
-0.915522	-0.852807	0.805457	0.000000	0.000000	0.000000	0.000000	0.000000	0.000000	0.000000
-0.915300	-0.853034	0.805457	-0.000000	0.000000	0.000000	0.000000	0.000000	0.000000	0.000000
-0.915551	-0.852710	0.805456	0.000000	0.000000	0.000000	0.000000	0.000000	0.000000	0.000000
-0.915591	-0.852959	0.805455	0.000000	0.000000	0.000000	0.000000	0.000000	0.000000	0.000000
-0.915760	-0.853323	0.805457	0.000000	0.000000	0.000000	0.000000	0.000000	0.000000	0.000000
-0.915485	-0.852632	0.805457	0.000000	0.000000	0.000000	0.000000	0.000000	0.000000	0.000000
-0.915628	-0.853101	0.805457	0.000000	0.000000	0.000000	0.000000	0.000000	0.000000	0.000000
-0.915225	-0.853217	0.805456	-0.000000	0.000000	0.000000	0.000000	0.000000	0.000000	0.000000
-0.915675	-0.852927	0.805457	-0.000000	0.000000	0.000000	0.000000	0.000000	0.000000	0.000000
-0.915742	-0.852723	0.805457	0.000000	0.000000	0.000000	0.000000	0.000000	0.000000	0.000000
-0.915677	-0.853394	0.805454	0.000000	0.000000	0.000000	0.000000	0.000000	0.000000	0.000000
-0.915422	-0.852784	0.805457	-0.000000	0.000000	0.000000	0.000000	0.000000	0.000000	0.000000
-0.915406	-0.853115	0.805456	-0.000000	0.000000	0.000000	0.000000	0.000000	0.000000	0.000000
-0.915464	-0.852923	0.805420	-0.000000	0.000000	0.000000	0.000000	0.000000	0.000000	0.000000
-0.915592	-0.852964	0.805457	0.000000	0.000000	0.000000	0.000000	0.000000	0.000000	0.000000
-0.915438	-0.852605	0.805457	-0.000000	0.000000	0.000000	0.000000	0.000000	0.000000	0.000000
-0.915477	-0.852859	0.805457	-0.000000	0.000000	0.000000	0.000000	0.000000	0.000000	0.000000
-0.915584	-0.853172	0.805457	-0.000000	0.000000	0.000000	0.000000	0.000000	0.000000	0.000000
-0.915647	-0.852698	0.805457	-0.000000	0.000000	0.000000	0.000000	0.000000	0.000000	0.000000
-0.915483	-0.853286	0.805439	0.000000	0.000000	0.000000	0.000000	0.000000	0.000000	0.000000
-0.915499	-0.853090	0.805457	0.000000	0.000000	0.000000	0.000000	0.000000	0.000000	0.000000
-0.915473	-0.853001	0.805457	-0.000000	0.000000	0.000000	0.000000	0.000000	0.000000	0.000000
-0.915321	-0.852547	0.805457	-0.000000	0.000000	0.000000	0.000000	0.000000	0.000000	0.000000
-0.915479	-0.852869	0.805457	0.000000	0.000000	0.000000	0.000000	0.000000	0.000000	0.000000
-0.915622	-0.853268	0.805012	-0.000000	0.000000	0.000000	0.000000	0.000000	0.000000	0.000000
-0.915382	-0.853191	0.805430	0.000000	0.000000	0.000000	0.000000	0.000000	0.000000	0.000000
-0.915617	-0.852920	0.805457	0.000000	0.000000	0.000000	0.000000	0.000000	0.000000	0.000000
-0.915509	-0.853214	0.805457	-0.000000	0.000000	0.000000	0.000000	0.000000	0.000000	0.000000
-0.915379	-0.852998	0.805456	-0.000000	0.000000	0.000000	0.000000	0.000000	0.000000	0.000000
-0.915391	-0.853088	0.805457	-0.000000	0.000000	0.000000	0.000000	0.000000	0.000000	0.000000
-0.915507	-0.853126	0.805457	-0.000000	0.000000	0.000000	0.000000	0.000000	0.000000	0.000000
-0.915650	-0.853112	0.805457	-0.000000	0.000000	0.000000	0.000000	0.000000	0.000000	0.000000
-0.915392	-0.852940	0.805450	0.000000	0.000000	0.000000	0.000000	0.000000	0.000000	0.000000
-0.915562	-0.853318	0.805457	-0.000000	0.000000	0.000000	0.000000	0.000000	0.000000	0.000000
-0.915641	-0.852998	0.805457	0.000000	0.000000	0.000000	0.000000	0.000000	0.000000	0.000000
-0.915549	-0.852610	0.805038	-0.000000	0.000000	0.000000	0.000000	0.000000	0.000000	0.000000
-0.915494	-0.852962	0.805457	-0.000000	0.000000	0.000000	0.000000	0.000000	0.000000	0.000000
-0.915618	-0.852695	0.805454	-0.000000	0.000000	0.000000	0.000000	0.000000	0.000000	0.000000
-0.915502	-0.852772	0.805456	0.000000	0.000000	0.000000	0.000000	0.000000	0.000000	0.000000
-0.915565	-0.852891	0.805457	-0.000000	0.000000	0.000000	0.000000	0.000000	0.000000	0.000000
-0.915625	-0.852940	0.805457	-0.000000	0.000000	0.000000	0.000000	0.000000	0.000000	0.000000
-0.915494	-0.853066	0.805457	0.000000	0.000000	0.000000	0.000000	0.000000	0.000000	0.000000
-0.915732	-0.852438	0.805457	0.000000	0.000000	0.000000	0.000000	0.000000	0.000000	0.000000
-0.915734	-0.852743	0.805457	-0.000000	0.000000	0.000000	0.000000	0.000000	0.000000	0.000000
-0.915463	-0.853192	0.805457	-0.000000	0.000000	0.000000	0.000000	0.000000	0.000000	0.000000
-0.915607	-0.852935	0.805457	0.000000	0.000000	0.000000	0.000000	0.000000	0.000000	0.000000
-0.915513	-0.853268	0.805457	-0.000000	0.000000	0.000000	0.000000	0.000000	0.000000	0.000000
-0.915824	-0.852771	0.805457	-0.000000	0.000000	0.000000	0.000000	0.000000	0.000000	0.000000
-0.915412	-0.853090	0.805457	0.000000	0.000000	0.000000	0.000000	0.000000	0.000000	0.000000
-0.915540	-0.853006	0.805457	0.000000	0.000000	0.000000	0.000000	0.000000	0.000000	0.000000
-0.915576	-0.852773	0.805457	0.000000	0.000000	0.000000	0.000000	0.000000	0.000000	0.000000
-0.915353	-0.853196	0.805457	0.000000	0.000000	0.000000	0.000000	0.000000	0.000000	0.000000
-0.915613	-0.852970	0.805457	0.000000	0.000000	0.000000	0.000000	0.000000	0.000000	0.000000
-0.915606	-0.853230	0.805457	0.000000	0.000000	0.000000	0.000000	0.000000	0.000000	0.000000
-0.915533	-0.852840	0.805457	0.000000	0.000000	0.000000	0.000000	0.000000	0.000000	0.000000
-0.915347	-0.853065	0.805457	0.000000	0.000000	0.000000	0.000000	0.000000	0.000000	0.000000
-0.915812	-0.852867	0.805457	0.000000	0.000000	0.000000	0.000000	0.000000	0.000000	0.000000
-0.915507	-0.853326	0.805457	0.000000	0.000000	0.000000	0.000000	0.000000	0.000000	0.000000
-0.915568	-0.853007	0.805457	0.000000	0.000000	0.000000	0.000000	0.000000	0.000000	0.000000
-0.915835	-0.853270	0.805457	-0.000000	0.000000	0.000000	0.000000	0.000000	0.000000	0.000000
-0.915533	-0.852931	0.805457	-0.000000	0.000000	0.000000	0.000000	0.000000	0.000000	0.000000
-0.915611	-0.853052	0.805457	-0.000000	0.000000	0.000000	0.000000	0.000000	0.000000	0.000000
-0.915508	-0.852972	0.805457	-0.000000	0.000000	0.000000	0.000000	0.000000	0.000000	0.000000
-0.915512	-0.852941	0.805457	-0.000000	0.000000	0.000000	0.000000	0.000000	0.000000	0.000000
-0.915631	-0.853115	0.805457	-0.000000	0.000000	0.000000	0.000000	0.000000	0.000000	0.000000
-0.915220	-0.852568	0.805457	-0.000000	0.000000	0.000000	0.000000	0.000000	0.000000	0.000000
-0.915614	-0.852834	0.805452	-0.000000	0.000000	0.000000	0.000000	0.000000	0.000000	0.000000
-0.915677	-0.852683	0.805457	-0.000000	0.000000	0.000000	0.000000	0.000000	0.000000	0.000000
-0.915153	-0.851780	0.000001	-0.000000	0.000000	0.000000	0.000000	0.000000	0.000000	0.000000
-0.915441	-0.852930	-0.842347	-0.000000	0.000000	0.000000	0.000000	0.000000	0.000000	0.000000
-0.915424	-0.852913	-0.842793	-0.000000	0.000000	0.000000	0.000000	0.000000	0.000000	0.000000
-0.915531	-0.852480	-0.841890	0.000000	0.000000	0.000000	0.000000	0.000000	0.000000	0.000000
-0.915388	-0.852974	-0.843551	0.000000	0.000000	0.000000	0.000000	0.000000	0.000000	0.000000
-0.915561	-0.853170	-0.841977	0.000000	0.000000	0.000000	0.000000	0.000000	0.000000	0.000000
-0.915585	-0.853044	-0.842495	-0.000000	0.000000	0.000000	0.000000	0.000000	0.000000	0.000000
-0.915398	-0.852934	-0.844191	-0.000000	0.000000	0.000000	0.000000	0.000000	0.000000	0.000000
-0.915483	-0.853070	-0.841922	-0.000000	0.000000	0.000000	0.000000	0.000000	0.000000	0.000000
-0.915510	-0.852830	-0.843077	-0.000000	0.000000	0.000000	0.000000	0.000000	0.000000	0.000000
-0.915472	-0.852926	-0.842608	-0.000000	0.000000	0.000000	0.000000	0.000000	0.000000	0.000000
-0.915794	-0.852628	-0.843088	-0.000000	0.000000	0.000000	0.000000	0.000000	0.000000	0.000000
-0.915445	-0.852899	-0.839765	-0.000000	0.000000	0.000000	0.000000	0.000000	0.000000	0.000000
-0.915595	-0.852664	-0.842565	-0.000000	0.000000	0.000000	0.000000	0.000000	0.000000	0.000000
-0.915390	-0.852638	-0.841632	-0.000000	0.000000	0.000000	0.000000	0.000000	0.000000	0.000000
-0.915245	-0.853093	-0.842728	-0.000000	0.000000	0.000000	0.000000	0.000000	0.000000	0.000000
-0.915298	-0.852591	-0.843322	-0.000000	0.000000	0.000000	0.000000	0.000000	0.000000	0.000000
-0.915432	-0.853186	-0.843564	-0.000000	0.000000	0.000000	0.000000	0.000000	0.000000	0.000000
-0.915366	-0.852856	-0.842987	0.000000	0.000000	0.000000	0.000000	0.000000	0.000000	0.000000
-0.915636	-0.852741	-0.843194	-0.000000	0.000000	0.000000	0.000000	0.000000	0.000000	0.000000
-0.915667	-0.852922	-0.842329	-0.000000	0.000000	0.000000	0.000000	0.000000	0.000000	0.000000
-0.915560	-0.852787	-0.841622	0.000000	0.000000	0.000000	0.000000	0.000000	0.000000	0.000000
-0.915504	-0.852893	-0.843394	0.000000	0.000000	0.000000	0.000000	0.000000	0.000000	0.000000
-0.915311	-0.852626	-0.843248	-0.000000	0.000000	0.000000	0.000000	0.000000	0.000000	0.000000
-0.915621	-0.852953	-0.844848	-0.000000	0.000000	0.000000	0.000000	0.000000	0.000000	0.000000
-0.915447	-0.852982	-0.842750	0.000000	0.000000	0.000000	0.000000	0.000000	0.000000	0.000000
-0.915662	-0.852788	-0.842509	-0.000000	0.000000	0.000000	0.000000	0.000000	0.000000	0.000000
-0.915581	-0.853042	-0.843906	-0.000000	0.000000	0.000000	0.000000	0.000000	0.000000	0.000000
-0.915548	-0.852973	-0.842333	-0.000000	0.000000	0.000000	0.000000	0.000000	0.000000	0.000000
-0.915647	-0.853123	-0.842865	-0.000000	0.000000	0.000000	0.000000	0.000000	0.000000	0.000000
-0.915330	-0.853244	-0.842957	0.000000	0.000000	0.000000	0.000000	0.000000	0.000000	0.000000
-0.915667	-0.852939	-0.841809	-0.000000	0.000000	0.000000	0.000000	0.000000	0.000000	0.000000
-0.915599	-0.853035	-0.841020	-0.000000	0.000000	0.000000	0.000000	0.000000	0.000000	0.000000
-0.915859	-0.853093	-0.842782	0.000000	0.000000	0.000000	0.000000	0.000000	0.000000	0.000000
-0.915552	-0.852922	-0.831464	-0.000000	0.000000	0.000000	0.000000	0.000000	0.000000	0.000000
-0.915671	-0.853046	-0.842635	0.000000	0.000000	0.000000	0.000000	0.000000	0.000000	0.000000
-0.915493	-0.852816	-0.842658	-0.000000	0.000000	0.000000	0.000000	0.000000	0.000000	0.000000
-0.915398	-0.853370	-0.842937	0.000000	0.000000	0.000000	0.000000	0.000000	0.000000	0.000000
-0.915756	-0.853114	-0.843024	-0.000000	0.000000	0.000000	0.000000	0.000000	0.000000	0.000000
-0.915412	-0.852757	-0.841996	0.000000	0.000000	0.000000	0.000000	0.000000	0.000000	0.000000
-0.915430	-0.852704	-0.841930	-0.000000	0.000000	0.000000	0.000000	0.000000	0.000000	0.000000
-0.915516	-0.852660	-0.843234	-0.000000	0.000000	0.000000	0.000000	0.000000	0.000000	0.000000
-0.915628	-0.853053	-0.843152	0.000000	0.000000	0.000000	0.000000	0.000000	0.000000	0.000000
-0.915643	-0.853168	-0.842192	-0.000000	0.000000	0.000000	0.000000	0.000000	0.000000	0.000000
-0.915474	-0.852917	-0.842835	-0.000000	0.000000	0.000000	0.000000	0.000000	0.000000	0.000000
-0.915500	-0.853141	-0.842226	0.000000	0.000000	0.000000	0.000000	0.000000	0.000000	0.000000
-0.915416	-0.852723	-0.842184	-0.000000	0.000000	0.000000	0.000000	0.000000	0.000000	0.000000
-0.915235	-0.852847	-0.843851	-0.000000	0.000000	0.000000	0.000000	0.000000	0.000000	0.000000
-0.915719	-0.853193	-0.841516	-0.000000	0.000000	0.000000	0.000000	0.000000	0.000000	0.000000
-0.915578	-0.853106	-0.842021	-0.000000	0.000000	0.000000	0.000000	0.000000	0.000000	0.000000
-0.915587	-0.852802	-0.841683	0.000000	0.000000	0.000000	0.000000	0.000000	0.000000	0.000000
-0.915427	-0.853076	-0.843521	-0.000000	0.000000	0.000000	0.000000	0.000000	0.000000	0.000000
-0.915284	-0.853166	-0.845051	-0.000000	0.000000	0.000000	0.000000	0.000000	0.000000	0.000000
-0.915694	-0.853058	-0.843290	0.000000	0.000000	0.000000	0.000000	0.000000	0.000000	0.000000
-0.915470	-0.853063	-0.842206	0.000000	0.000000	0.000000	0.000000	0.000000	0.000000	0.000000
-0.915597	-0.852999	-0.842945	-0.000000	0.000000	0.000000	0.000000	0.000000	0.000000	0.000000
-0.915386	-0.852902	-0.841945	-0.000000	0.000000	0.000000	0.000000	0.000000	0.000000	0.000000
-0.915654	-0.853314	-0.842378	0.000000	0.000000	0.000000	0.000000	0.000000	0.000000	0.000000
-0.915614	-0.853145	-0.842025	-0.000000	0.000000	0.000000	0.000000	0.000000	0.000000	0.000000
-0.915651	-0.852751	-0.842357	-0.000000	0.000000	0.000000	0.000000	0.000000	0.000000	0.000000
-0.915513	-0.853033	-0.842391	-0.000000	0.000000	0.000000	0.000000	0.000000	0.000000	0.000000
-0.915470	-0.853324	-0.844031	-0.000000	0.000000	0.000000	0.000000	0.000000	0.000000	0.000000
-0.915744	-0.853014	-0.842169	-0.000000	0.000000	0.000000	0.000000	0.000000	0.000000	0.000000
-0.915596	-0.853026	-0.844083	0.000000	0.000000	0.000000	0.000000	0.000000	0.000000	0.000000
-0.915592	-0.852913	-0.843229	0.000000	0.000000	0.000000	0.000000	0.000000	0.000000	0.000000
-0.915306	-0.852741	-0.842720	-0.000000	0.000000	0.000000	0.000000	0.000000	0.000000	0.000000
-0.915544	-0.852823	-0.843104	-0.000000	0.000000	0.000000	0.000000	0.000000	0.000000	0.000000
-0.915731	-0.852995	-0.842647	-0.000000	0.000000	0.000000	0.000000	0.000000	0.000000	0.000000
-0.915680	-0.852626	-0.844095	0.000000	0.000000	0.000000	0.000000	0.000000	0.000000	0.000000
-0.915818	-0.852838	-0.842534	0.000000	0.000000	0.000000	0.000000	0.000000	0.000000	0.000000
-0.915503	-0.852923	-0.841409	0.000000	0.000000	0.000000	0.000000	0.000000	0.000000	0.000000
-0.915640	-0.853143	-0.841169	0.000000	0.000000	0.000000	0.000000	0.000000	0.000000	0.000000
-0.915603	-0.852537	-0.841970	0.000000	0.000000	0.000000	0.000000	0.000000	0.000000	0.000000
-0.915439	-0.853099	-0.843524	0.000000	0.000000	0.000000	0.000000	0.000000	0.000000	0.000000
-0.915533	-0.852842	-0.409427	0.000000	0.000000	0.000000	0.000000	0.000000	0.000000	0.000000
-0.915411	-0.852621	-0.842357	0.000000	0.000000	0.000000	0.000000	0.000000	0.000000	0.000000
-0.915618	-0.852943	-0.842708	0.000000	0.000000	0.000000	0.000000	0.000000	0.000000	0.000000
-0.915564	-0.853060	-0.842764	0.000000	0.000000	0.000000	0.000000	0.000000	0.000000	0.000000
-0.915453	-0.852834	-0.842452	-0.000000	0.000000	0.000000	0.000000	0.000000	0.000000	0.000000
-0.915596	-0.853410	-0.843106	0.000000	0.000000	0.000000	0.000000	0.000000	0.000000	0.000000
-0.915633	-0.853110	-0.843731	-0.000000	0.000000	0.000000	0.000000	0.000000	0.000000	0.000000
-0.915585	-0.853063	-0.843116	0.000000	0.000000	0.000000	0.000000	0.000000	0.000000	0.000000
-0.915591	-0.852908	-0.842561	0.000000	0.000000	0.000000	0.000000	0.000000	0.000000	0.000000
-0.915376	-0.853142	-0.843580	-0.000000	0.000000	0.000000	0.000000	0.000000	0.000000	0.000000
-0.915482	-0.852704	-0.843468	0.000000	0.000000	0.000000	0.000000	0.000000	0.000000	0.000000
-0.915316	-0.852971	-0.843412	0.000000	0.000000	0.000000	0.000000	0.000000	0.000000	0.000000
-0.915424	-0.853017	-0.843654	0.000000	0.000000	0.000000	0.000000	0.000000	0.000000	0.000000
-0.915601	-0.852953	-0.843230	0.000000	0.000000	0.000000	0.000000	0.000000	0.000000	0.000000
-0.915495	-0.852853	-0.843807	-0.000000	0.000000	0.000000	0.000000	0.000000	0.000000	0.000000
-0.915572	-0.852825	-0.842188	0.000000	0.000000	0.000000	0.000000	0.000000	0.000000	0.000000
-0.915599	-0.852950	-0.844343	-0.000000	0.000000	0.000000	0.000000	0.000000	0.000000	0.000000
-0.915771	-0.852657	-0.842750	0.000000	0.000000	0.000000	0.000000	0.000000	0.000000	0.000000
-0.915614	-0.852583	-0.841472	0.000000	0.000000	0.000000	0.000000	0.000000	0.000000	0.000000
-0.915479	-0.852880	-0.842686	-0.000000	0.000000	0.000000	0.000000	0.000000	0.000000	0.000000
-0.915765	-0.852809	-0.841765	-0.000000	0.000000	0.000000	0.000000	0.000000	0.000000	0.000000
-0.915609	-0.852767	-0.842230	-0.000000	0.000000	0.000000	0.000000	0.000000	0.000000	0.000000
-0.915753	-0.853073	-0.844100	0.000000	0.000000	0.000000	0.000000	0.000000	0.000000	0.000000
-0.915432	-0.853453	-0.842271	0.000000	0.000000	0.000000	0.000000	0.000000	0.000000	0.000000
-0.915369	-0.852931	-0.843843	0.000000	0.000000	0.000000	0.000000	0.000000	0.000000	0.000000
-0.915477	-0.852813	-0.842833	0.000000	0.000000	0.000000	0.000000	0.000000	0.000000	0.000000
-0.915573	-0.852478	-0.843772	-0.000000	0.000000	0.000000	0.000000	0.000000	0.000000	0.000000
-0.915410	-0.852901	-0.844473	-0.000000	0.000000	0.000000	0.000000	0.000000	0.000000	0.000000
-0.915702	-0.852425	-0.842576	-0.000000	0.000000	0.000000	0.000000	0.000000	0.000000	0.000000
-0.915642	-0.852983	-0.844484	0.000000	0.000000	0.000000	0.000000	0.000000	0.000000	0.000000
-0.915458	-0.852425	-0.842992	0.000000	0.000000	0.000000	0.000000	0.000000	0.000000	0.000000
-0.915486	-0.852964	-0.841193	-0.000000	0.000000	0.000000	0.000000	0.000000	0.000000	0.000000
-0.915596	-0.853029	-0.842802	-0.000000	0.000000	0.000000	0.000000	0.000000	0.000000	0.000000
-0.915416	-0.853080	-0.842425	0.000000	0.000000	0.000000	0.000000	0.000000	0.000000	0.000000
-0.915631	-0.852906	-0.844344	-0.000000	0.000000	0.000000	0.000000	0.000000	0.000000	0.000000
-0.915556	-0.852418	-0.842499	0.000000	0.000000	0.000000	0.000000	0.000000	0.000000	0.000000
-0.915506	-0.852972	-0.842283	-0.000000	0.000000	0.000000	0.000000	0.000000	0.000000	0.000000
-0.915534	-0.852947	-0.842546	0.000000	0.000000	0.000000	0.000000	0.000000	0.000000	0.000000
-0.915687	-0.853288	-0.843280	0.000000	0.000000	0.000000	0.000000	0.000000	0.000000	0.000000
-0.915744	-0.852808	-0.841631	0.000000	0.000000	0.000000	0.000000	0.000000	0.000000	0.000000
-0.915513	-0.853169	-0.844880	-0.000000	0.000000	0.000000	0.000000	0.000000	0.000000	0.000000
-0.915612	-0.852927	-0.844076	-0.000000	0.000000	0.000000	0.000000	0.000000	0.000000	0.000000
-0.915733	-0.852745	-0.842119	0.000000	0.000000	0.000000	0.000000	0.000000	0.000000	0.000000
-0.915746	-0.852818	-0.842489	0.000000	0.000000	0.000000	0.000000	0.000000	0.000000	0.000000
-0.915449	-0.852843	-0.843322	0.000000	0.000000	0.000000	0.000000	0.000000	0.000000	0.000000
-0.915670	-0.853031	-0.843281	0.000000	0.000000	0.000000	0.000000	0.000000	0.000000	0.000000
-0.915535	-0.853007	-0.842824	-0.000000	0.000000	0.000000	0.000000	0.000000	0.000000	0.000000
-0.915569	-0.852901	-0.842980	0.000000	0.000000	0.000000	0.000000	0.000000	0.000000	0.000000
-0.915438	-0.853008	-0.842033	0.000000	0.000000	0.000000	0.000000	0.000000	0.000000	0.000000
-0.915698	-0.852992	-0.843193	-0.000000	0.000000	0.000000	0.000000	0.000000	0.000000	0.000000
-0.915498	-0.853378	-0.842222	0.000000	0.000000	0.000000	0.000000	0.000000	0.000000	0.000000
-0.915562	-0.852679	-0.843165	0.000000	0.000000	0.000000	0.000000	0.000000	0.000000	0.000000
-0.915633	-0.853069	-0.844446	0.000000	0.000000	0.000000	0.000000	0.000000	0.000000	0.000000
-0.915746	-0.852660	-0.842416	-0.000000	0.000000	0.000000	0.000000	0.000000	0.000000	0.000000
-0.915598	-0.852941	-0.842570	0.000000	0.000000	0.000000	0.000000	0.000000	0.000000	0.000000
-0.915340	-0.852886	-0.842974	-0.000000	0.000000	0.000000	0.000000	0.000000	0.000000	0.000000
-0.915405	-0.852893	-0.843301	-0.000000	0.000000	0.000000	0.000000	0.000000	0.000000	0.000000
-0.915509	-0.852950	-0.842457	-0.000000	0.000000	0.000000	0.000000	0.000000	0.000000	0.000000
-0.915491	-0.852609	-0.842864	0.000000	0.000000	0.000000	0.000000	0.000000	0.000000	0.000000
-0.915433	-0.853084	-0.843000	-0.000000	0.000000	0.000000	0.000000	0.000000	0.000000	0.000000
-0.915510	-0.852985	-0.842911	0.000000	0.000000	0.000000	0.000000	0.000000	0.000000	0.000000
-0.915483	-0.852883	-0.843103	-0.000000	0.000000	0.000000	0.000000	0.000000	0.000000	0.000000
-0.915580	-0.853310	-0.842055	0.000000	0.000000	0.000000	0.000000	0.000000	0.000000	0.000000
-0.915722	-0.852690	-0.843505	-0.000000	0.000000	0.000000	0.000000	0.000000	0.000000	0.000000
-0.915430	-0.852795	-0.841706	-0.000000	0.000000	0.000000	0.000000	0.000000	0.000000	0.000000
-0.915659	-0.852989	-0.842392	0.000000	0.000000	0.000000	0.000000	0.000000	0.000000	0.000000
-0.915506	-0.852924	-0.841750	-0.000000	0.000000	0.000000	0.000000	0.000000	0.000000	0.000000
-0.915499	-0.852866	-0.842834	-0.000000	0.000000	0.000000	0.000000	0.000000	0.000000	0.000000
-0.915414	-0.852783	-0.841861	0.000000	0.000000	0.000000	0.000000	0.000000	0.000000	0.000000
-0.915434	-0.852947	-0.841786	-0.000000	0.000000	0.000000	0.000000	0.000000	0.000000	0.000000
-0.915448	-0.852625	-0.841820	0.000000	0.000000	0.000000	0.000000	0.000000	0.000000	0.000000
-0.915602	-0.852866	-0.842031	0.000000	0.000000	0.000000	0.000000	0.000000	0.000000	0.000000
-0.915585	-0.852800	-0.843387	0.000000	0.000000	0.000000	0.000000	0.000000	0.000000	0.000000
-0.915305	-0.852828	-0.842037	0.000000	0.000000	0.000000	0.000000	0.000000	0.000000	0.000000
-0.915655	-0.853017	-0.841995	0.000000	0.000000	0.000000	0.000000	0.000000	0.000000	0.000000
-0.915443	-0.852734	-0.844919	-0.000000	0.000000	0.000000	0.000000	0.000000	0.000000	0.000000
-0.915983	-0.852410	-0.843397	-0.000000	0.000000	0.000000	0.000000	0.000000	0.000000	0.000000
-0.915587	-0.853345	-0.842570	-0.000000	0.000000	0.000000	0.000000	0.000000	0.000000	0.000000
-0.915404	-0.852530	-0.842954	-0.000000	0.000000	0.000000	0.000000	0.000000	0.000000	0.000000
-0.915403	-0.852932	-0.843504	-0.000000	0.000000	0.000000	0.000000	0.000000	0.000000	0.000000
-0.915512	-0.852990	-0.844118	0.000000	0.000000	0.000000	0.000000	0.000000	0.000000	0.000000
-0.915333	-0.852980	-0.842751	-0.000000	0.000000	0.000000	0.000000	0.000000	0.000000	0.000000
-0.915358	-0.853243	-0.842047	0.000000	0.000000	0.000000	0.000000	0.000000	0.000000	0.000000
-0.915472	-0.853120	-0.843687	0.000000	0.000000	0.000000	0.000000	0.000000	0.000000	0.000000
-0.915416	-0.853073	-0.841630	0.000000	0.000000	0.000000	0.000000	0.000000	0.000000	0.000000
-0.915555	-0.852989	-0.842797	0.000000	0.000000	0.000000	0.000000	0.000000	0.000000	0.000000
-0.915672	-0.852904	-0.841158	-0.000000	0.000000	0.000000	0.000000	0.000000	0.000000	0.000000
-0.915495	-0.853107	-0.841902	0.000000	0.000000	0.000000	0.000000	0.000000	0.000000	0.000000
-0.915667	-0.852893	-0.843752	0.000000	0.000000	0.000000	0.000000	0.000000	0.000000	0.000000
-0.915554	-0.853227	-0.842277	-0.000000	0.000000	0.000000	0.000000	0.000000	0.000000	0.000000
-0.915575	-0.853070	-0.841528	-0.000000	0.000000	0.000000	0.000000	0.000000	0.000000	0.000000
-0.915642	-0.852684	-0.842307	0.000000	0.000000	0.000000	0.000000	0.000000	0.000000	0.000000
-0.915719	-0.853114	-0.842498	-0.000000	0.000000	0.000000	0.000000	0.000000	0.000000	0.000000
-0.915597	-0.852993	-0.842299	0.000000	0.000000	0.000000	0.000000	0.000000	0.000000	0.000000
-0.915456	-0.852932	-0.843582	0.000000	0.000000	0.000000	0.000000	0.000000	0.000000	0.000000
-0.915387	-0.852909	-0.842211	-0.000000	0.000000	0.000000	0.000000	0.000000	0.000000	0.000000
-0.915399	-0.852982	-0.843148	-0.000000	0.000000	0.000000	0.000000	0.000000	0.000000	0.000000
-0.915294	-0.852836	-0.843340	0.000000	0.000000	0.000000	0.000000	0.000000	0.000000	0.000000
-0.915693	-0.852666	-0.842150	-0.000000	0.000000	0.000000	0.000000	0.000000	0.000000	0.000000
-0.915559	-0.852717	-0.842266	-0.000000	0.000000	0.000000	0.000000	0.000000	0.000000	0.000000
-0.915632	-0.853148	-0.844088	0.000000	0.000000	0.000000	0.000000	0.000000	0.000000	0.000000
-0.915812	-0.852999	-0.842785	-0.000000	0.000000	0.000000	0.000000	0.000000	0.000000	0.000000
-0.915630	-0.853088	-0.842018	-0.000000	0.000000	0.000000	0.000000	0.000000	0.000000	0.000000
-0.915717	-0.853101	-0.840988	-0.000000	0.000000	0.000000	0.000000	0.000000	0.000000	0.000000
-0.915593	-0.853104	-0.841785	0.000000	0.000000	0.000000	0.000000	0.000000	0.000000	0.000000
-0.915629	-0.853023	-0.842989	0.000000	0.000000	0.000000	0.000000	0.000000	0.000000	0.000000
-0.915536	-0.853182	-0.842600	0.000000	0.000000	0.000000	0.000000	0.000000	0.000000	0.000000
-0.915618	-0.852938	-0.842147	-0.000000	0.000000	0.000000	0.000000	0.000000	0.000000	0.000000
-0.915387	-0.853389	-0.843801	-0.000000	0.000000	0.000000	0.000000	0.000000	0.000000	0.000000
-0.915553	-0.852802	-0.843677	-0.000000	0.000000	0.000000	0.000000	0.000000	0.000000	0.000000
-0.915581	-0.852649	-0.843355	-0.000000	0.000000	0.000000	0.000000	0.000000	0.000000	0.000000
-0.915801	-0.853043	-0.842783	0.000000	0.000000	0.000000	0.000000	0.000000	0.000000	0.000000
-0.915417	-0.853218	-0.842770	0.000000	0.000000	0.000000	0.000000	0.000000	0.000000	0.000000
-0.915452	-0.852862	-0.843611	0.000000	0.000000	0.000000	0.000000	0.000000	0.000000	0.000000
-0.915511	-0.852740	-0.843011	-0.000000	0.000000	0.000000	0.000000	0.000000	0.000000	0.000000
-0.915613	-0.852934	-0.841406	0.000000	0.000000	0.000000	0.000000	0.000000	0.000000	0.000000
-0.915796	-0.852998	-0.843095	-0.000000	0.000000	0.000000	0.000000	0.000000	0.000000	0.000000
-0.915607	-0.853132	-0.842664	0.000000	0.000000	0.000000	0.000000	0.000000	0.000000	0.000000
-0.915585	-0.852994	-0.842151	-0.000000	0.000000	0.000000	0.000000	0.000000	0.000000	0.000000
-0.915677	-0.852920	-0.841963	0.000000	0.000000	0.000000	0.000000	0.000000	0.000000	0.000000
-0.915553	-0.853112	-0.844000	0.000000	0.000000	0.000000	0.000000	0.000000	0.000000	0.000000
-0.915521	-0.853217	-0.841590	0.000000	0.000000	0.000000	0.000000	0.000000	0.000000	0.000000
-0.915454	-0.852839	-0.842748	-0.000000	0.000000	0.000000	0.000000	0.000000	0.000000	0.000000
-0.915396	-0.853252	-0.842967	0.000000	0.000000	0.000000	0.000000	0.000000	0.000000	0.000000
-0.915608	-0.852803	-0.842925	-0.000000	0.000000	0.000000	0.000000	0.000000	0.000000	0.000000
-0.915402	-0.853088	-0.844608	0.000000	0.000000	0.000000	0.000000	0.000000	0.000000	0.000000
-0.915595	-0.852846	-0.842778	0.000000	0.000000	0.000000	0.000000	0.000000	0.000000	0.000000
-0.915570	-0.853268	-0.842426	-0.000000	0.000000	0.000000	0.000000	0.000000	0.000000	0.000000
-0.915437	-0.852904	-0.841662	-0.000000	0.000000	0.000000	0.000000	0.000000	0.000000	0.000000
-0.915711	-0.852909	-0.842559	-0.000000	0.000000	0.000000	0.000000	0.000000	0.000000	0.000000
-0.915482	-0.852710	-0.843550	0.000000	0.000000	0.000000	0.000000	0.000000	0.000000	0.000000
-0.915463	-0.852987	-0.842407	0.000000	0.000000	0.000000	0.000000	0.000000	0.000000	0.000000
-0.915398	-0.852928	-0.843005	0.000000	0.000000	0.000000	0.000000	0.000000	0.000000	0.000000
-0.915601	-0.853087	-0.843135	0.000000	0.000000	0.000000	0.000000	0.000000	0.000000	0.000000
-0.915372	-0.853182	-0.841659	0.000000	0.000000	0.000000	0.000000	0.000000	0.000000	0.000000
-0.915596	-0.853126	-0.842814	0.000000	0.000000	0.000000	0.000000	0.000000	0.000000	0.000000
-0.915464	-0.852829	-0.843862	0.000000	0.000000	0.000000	0.000000	0.000000	0.000000	0.000000
-0.915680	-0.853028	-0.843240	0.000000	0.000000	0.000000	0.000000	0.000000	0.000000	0.000000
-0.915557	-0.852782	-0.842381	0.000000	0.000000	0.000000	0.000000	0.000000	0.000000	0.000000
-0.915528	-0.852962	-0.842701	-0.000000	0.000000	0.000000	0.000000	0.000000	0.000000	0.000000
-0.915605	-0.852782	-0.842446	0.000000	0.000000	0.000000	0.000000	0.000000	0.000000	0.000000
-0.915407	-0.852742	-0.844409	0.000000	0.000000	0.000000	0.000000	0.000000	0.000000	0.000000
-0.915401	-0.853042	-0.843233	-0.000000	0.000000	0.000000	0.000000	0.000000	0.000000	0.000000
-0.915301	-0.852764	-0.842185	0.000000	0.000000	0.000000	0.000000	0.000000	0.000000	0.000000
-0.915649	-0.852860	-0.844069	-0.000000	0.000000	0.000000	0.000000	0.000000	0.000000	0.000000
-0.915361	-0.853222	-0.843403	-0.000000	0.000000	0.000000	0.000000	0.000000	0.000000	0.000000
-0.915816	-0.852875	-0.843363	-0.000000	0.000000	0.000000	0.000000	0.000000	0.000000	0.000000
-0.915443	-0.852589	-0.842374	-0.000000	0.000000	0.000000	0.000000	0.000000	0.000000	0.000000
-0.915563	-0.852848	-0.841600	-0.000000	0.000000	0.000000	0.000000	0.000000	0.000000	0.000000
-0.915583	-0.852886	-0.842656	0.000000	0.000000	0.000000	0.000000	0.000000	0.000000	0.000000
-0.915606	-0.852654	-0.838811	0.000000	0.000000	0.000000	0.000000	0.000000	0.000000	0.000000
-0.915562	-0.853299	-0.842636	-0.000000	0.000000	0.000000	0.000000	0.000000	0.000000	0.000000
-0.915463	-0.853307	-0.844369	0.000000	0.000000	0.000000	0.000000	0.000000	0.000000	0.000000
-0.915434	-0.852785	-0.844090	0.000000	0.000000	0.000000	0.000000	0.000000	0.000000	0.000000
-0.915378	-0.852785	-0.843242	0.000000	0.000000	0.000000	0.000000	0.000000	0.000000	0.000000
-0.915589	-0.852633	-0.842814	-0.000000	0.000000	0.000000	0.000000	0.000000	0.000000	0.000000
-0.915388	-0.852548	-0.841787	0.000000	0.000000	0.000000	0.000000	0.000000	0.000000	0.000000
-0.915611	-0.853127	-0.843170	0.000000	0.000000	0.000000	0.000000	0.000000	0.000000	0.000000
-0.915313	-0.852521	-0.841676	-0.000000	0.000000	0.000000	0.000000	0.000000	0.000000	0.000000
-0.915519	-0.852763	-0.842312	-0.000000	0.000000	0.000000	0.000000	0.000000	0.000000	0.000000
-0.915597	-0.853335	-0.842781	0.000000	0.000000	0.000000	0.000000	0.000000	0.000000	0.000000
-0.915625	-0.852753	-0.842173	0.000000	0.000000	0.000000	0.000000	0.000000	0.000000	0.000000
-0.915571	-0.852898	-0.843651	0.000000	0.000000	0.000000	0.000000	0.000000	0.000000	0.000000
-0.915394	-0.852480	-0.841992	0.000000	0.000000	0.000000	0.000000	0.000000	0.000000	0.000000
-0.915414	-0.853088	-0.842885	0.000000	0.000000	0.000000	0.000000	0.000000	0.000000	0.000000
-0.915634	-0.853012	-0.844468	-0.000000	0.000000	0.000000	0.000000	0.000000	0.000000	0.000000
-0.915630	-0.852757	-0.843927	-0.000000	0.000000	0.000000	0.000000	0.000000	0.000000	0.000000
-0.915590	-0.853055	-0.843681	-0.000000	0.000000	0.000000	0.000000	0.000000	0.000000	0.000000
-0.915507	-0.852653	-0.843014	0.000000	0.000000	0.000000	0.000000	0.000000	0.000000	0.000000
-0.915460	-0.852977	-0.842384	0.000000	0.000000	0.000000	0.000000	0.000000	0.000000	0.000000
-0.915683	-0.853071	-0.841607	0.000000	0.000000	0.000000	0.000000	0.000000	0.000000	0.000000
-0.915652	-0.852882	-0.842273	-0.000000	0.000000	0.000000	0.000000	0.000000	0.000000	0.000000
-0.915648	-0.852829	-0.842610	-0.000000	0.000000	0.000000	0.000000	0.000000	0.000000	0.000000
-0.915552	-0.853014	-0.843437	-0.000000	0.000000	0.000000	0.000000	0.000000	0.000000	0.000000
-0.915843	-0.852889	-0.841823	0.000000	0.000000	0.000000	0.000000	0.000000	0.000000	0.000000
-0.915656	-0.852704	-0.843330	-0.000000	0.000000	0.000000	0.000000	0.000000	0.000000	0.000000
