-0.905233	-0.830600	-0.821873	-0.791716	0.000000	0.000000	0.000000	0.000000	0.000000	0.000000
-0.905233	-0.830600	-0.821703	-0.791975	0.000000	0.000000	0.000000	0.000000	0.000000	0.000000
-0.905232	-0.830600	-0.821926	-0.791846	0.000000	0.000000	0.000000	0.000000	0.000000	0.000000
-0.905233	-0.830600	-0.821922	-0.791973	0.000000	0.000000	0.000000	0.000000	0.000000	0.000000
-0.905233	-0.830600	-0.812677	-0.791749	0.000000	0.000000	0.000000	0.000000	0.000000	0.000000
-0.905233	-0.830600	-0.821915	-0.790874	0.000000	0.000000	0.000000	0.000000	0.000000	0.000000
-0.905233	-0.830600	-0.821854	-0.791511	0.000000	0.000000	0.000000	0.000000	0.000000	0.000000
-0.905233	-0.830600	-0.821918	-0.791974	0.000000	0.000000	0.000000	0.000000	0.000000	0.000000
-0.905233	-0.830600	-0.821926	-0.764582	0.000000	0.000000	0.000000	0.000000	0.000000	0.000000
-0.905233	-0.830600	-0.821926	-0.791974	0.000000	0.000000	0.000000	0.000000	0.000000	0.000000
-0.905233	-0.830600	-0.820656	-0.791603	0.000000	0.000000	0.000000	0.000000	0.000000	0.000000
-0.905233	-0.830599	-0.821921	-0.791848	0.000000	0.000000	0.000000	0.000000	0.000000	0.000000
-0.905233	-0.830600	-0.821922	-0.791916	0.000000	0.000000	0.000000	0.000000	0.000000	0.000000
-0.905233	-0.830599	-0.821927	-0.791971	0.000000	0.000000	0.000000	0.000000	0.000000	0.000000
-0.905233	-0.830600	-0.815583	-0.791889	0.000000	0.000000	0.000000	0.000000	0.000000	0.000000
-0.905233	-0.830600	-0.821926	-0.791964	0.000000	0.000000	0.000000	0.000000	0.000000	0.000000
-0.905233	-0.830600	-0.821927	-0.791939	0.000000	0.000000	0.000000	0.000000	0.000000	0.000000
-0.905233	-0.830599	-0.821721	-0.791955	0.000000	0.000000	0.000000	0.000000	0.000000	0.000000
-0.905233	-0.830600	-0.821909	-0.789348	0.000000	0.000000	0.000000	0.000000	0.000000	0.000000
-0.905233	-0.830598	-0.821911	-0.791951	0.000000	0.000000	0.000000	0.000000	0.000000	0.000000
-0.905233	-0.830600	-0.821926	-0.702598	0.000000	0.000000	0.000000	0.000000	0.000000	0.000000
-0.905233	-0.830600	-0.821926	-0.791974	0.000000	0.000000	0.000000	0.000000	0.000000	0.000000
-0.905233	-0.830600	-0.821889	-0.791975	0.000000	0.000000	0.000000	0.000000	0.000000	0.000000
-0.905233	-0.830599	-0.821694	-0.791973	0.000000	0.000000	0.000000	0.000000	0.000000	0.000000
-0.905233	-0.830600	-0.821926	-0.751831	0.000000	0.000000	0.000000	0.000000	0.000000	0.000000
-0.905233	-0.830599	-0.821927	-0.791824	0.000000	0.000000	0.000000	0.000000	0.000000	0.000000
-0.905233	-0.830600	-0.821927	-0.791867	0.000000	0.000000	0.000000	0.000000	0.000000	0.000000
-0.905233	-0.830599	-0.821923	-0.791975	0.000000	0.000000	0.000000	0.000000	0.000000	0.000000
-0.905233	-0.830600	-0.819563	-0.791945	0.000000	0.000000	0.000000	0.000000	0.000000	0.000000
-0.905233	-0.830600	-0.821926	-0.791760	0.000000	0.000000	0.000000	0.000000	0.000000	0.000000
-0.905233	-0.830600	-0.790142	-0.791886	0.000000	0.000000	0.000000	0.000000	0.000000	0.000000
-0.905233	-0.830600	-0.821909	-0.791961	0.000000	0.000000	0.000000	0.000000	0.000000	0.000000
-0.905233	-0.830600	-0.821140	-0.791961	0.000000	0.000000	0.000000	0.000000	0.000000	0.000000
-0.905233	-0.830600	-0.821927	-0.791974	0.000000	0.000000	0.000000	0.000000	0.000000	0.000000
-0.905233	-0.830600	-0.813263	-0.791560	0.000000	0.000000	0.000000	0.000000	0.000000	0.000000
-0.905233	-0.830600	-0.821927	-0.790746	0.000000	0.000000	0.000000	0.000000	0.000000	0.000000
-0.905233	-0.830598	-0.821927	-0.791872	0.000000	0.000000	0.000000	0.000000	0.000000	0.000000
-0.905233	-0.830600	-0.804969	-0.788285	0.000000	0.000000	0.000000	0.000000	0.000000	0.000000
-0.905233	-0.830600	-0.821927	-0.791963	0.000000	0.000000	0.000000	0.000000	0.000000	0.000000
-0.905233	-0.830598	-0.821822	-0.791957	0.000000	0.000000	0.000000	0.000000	0.000000	0.000000
-0.905233	-0.830600	-0.821543	-0.791974	0.000000	0.000000	0.000000	0.000000	0.000000	0.000000
-0.905233	-0.830600	-0.821927	-0.789482	0.000000	0.000000	0.000000	0.000000	0.000000	0.000000
-0.905233	-0.830600	-0.821927	-0.791938	0.000000	0.000000	0.000000	0.000000	0.000000	0.000000
-0.905233	-0.830600	-0.821927	-0.789116	0.000000	0.000000	0.000000	0.000000	0.000000	0.000000
-0.905233	-0.830600	-0.821927	-0.791832	0.000000	0.000000	0.000000	0.000000	0.000000	0.000000
-0.905233	-0.830600	-0.821927	-0.791832	0.000000	0.000000	0.000000	0.000000	0.000000	0.000000
-0.905233	-0.830600	-0.821921	-0.791967	0.000000	0.000000	0.000000	0.000000	0.000000	0.000000
-0.905233	-0.830600	-0.821926	-0.791965	0.000000	0.000000	0.000000	0.000000	0.000000	0.000000
-0.905233	-0.830600	-0.821923	-0.791914	0.000000	0.000000	0.000000	0.000000	0.000000	0.000000
-0.905233	-0.830600	-0.820678	-0.791951	0.000000	0.000000	0.000000	0.000000	0.000000	0.000000
-0.905233	-0.830599	-0.821927	-0.791972	0.000000	0.000000	0.000000	0.000000	0.000000	0.000000
-0.905233	-0.830600	-0.821927	-0.787835	0.000000	0.000000	0.000000	0.000000	0.000000	0.000000
-0.905233	-0.830600	-0.821926	-0.791955	0.000000	0.000000	0.000000	0.000000	0.000000	0.000000
-0.905233	-0.830600	-0.821922	-0.791925	0.000000	0.000000	0.000000	0.000000	0.000000	0.000000
-0.905233	-0.830600	-0.821529	-0.790835	0.000000	0.000000	0.000000	0.000000	0.000000	0.000000
-0.905233	-0.830600	-0.821924	-0.791950	0.000000	0.000000	0.000000	0.000000	0.000000	0.000000
-0.905233	-0.830600	-0.821019	-0.791975	0.000000	0.000000	0.000000	0.000000	0.000000	0.000000
-0.905233	-0.830600	-0.821909	-0.791740	0.000000	0.000000	0.000000	0.000000	0.000000	0.000000
-0.905233	-0.830600	-0.821924	-0.791975	0.000000	0.000000	0.000000	0.000000	0.000000	0.000000
-0.905233	-0.830600	-0.821153	-0.791974	0.000000	0.000000	0.000000	0.000000	0.000000	0.000000
-0.905233	-0.830599	-0.821904	-0.791908	0.000000	0.000000	0.000000	0.000000	0.000000	0.000000
-0.905233	-0.830600	-0.821917	-0.791881	0.000000	0.000000	0.000000	0.000000	0.000000	0.000000
-0.905233	-0.830599	-0.821926	-0.791745	0.000000	0.000000	0.000000	0.000000	0.000000	0.000000
-0.905233	-0.830600	-0.821862	-0.788134	0.000000	0.000000	0.000000	0.000000	0.000000	0.000000
-0.905233	-0.830600	-0.821916	-0.791974	0.000000	0.000000	0.000000	0.000000	0.000000	0.000000
-0.905233	-0.830599	-0.821748	-0.791969	0.000000	0.000000	0.000000	0.000000	0.000000	0.000000
-0.905233	-0.830600	-0.821927	-0.791974	0.000000	0.000000	0.000000	0.000000	0.000000	0.000000
-0.905233	-0.830600	-0.821925	-0.791969	0.000000	0.000000	0.000000	0.000000	0.000000	0.000000
-0.905233	-0.830599	-0.821926	-0.791605	0.000000	0.000000	0.000000	0.000000	0.000000	0.000000
-0.905233	-0.830600	-0.821925	-0.791969	0.000000	0.000000	0.000000	0.000000	0.000000	0.000000
-0.905233	-0.830600	-0.821927	-0.791974	0.000000	0.000000	0.000000	0.000000	0.000000	0.000000
-0.905233	-0.830600	-0.821925	-0.791956	0.000000	0.000000	0.000000	0.000000	0.000000	0.000000
-0.905233	-0.830600	-0.821517	-0.791965	0.000000	0.000000	0.000000	0.000000	0.000000	0.000000
-0.905233	-0.830600	-0.821629	-0.791788	0.000000	0.000000	0.000000	0.000000	0.000000	0.000000
-0.905233	-0.830600	-0.821924	-0.788569	0.000000	0.000000	0.000000	0.000000	0.000000	0.000000
-0.905233	-0.830600	-0.821927	-0.791872	0.000000	0.000000	0.000000	0.000000	0.000000	0.000000
-0.905233	-0.830600	-0.821927	-0.791529	0.000000	0.000000	0.000000	0.000000	0.000000	0.000000
-0.905233	-0.830600	-0.821713	-0.791975	0.000000	0.000000	0.000000	0.000000	0.000000	0.000000
-0.905233	-0.830600	-0.821915	-0.791975	0.000000	0.000000	0.000000	0.000000	0.000000	0.000000
-0.905233	-0.830596	-0.821887	-0.791898	0.000000	0.000000	0.000000	0.000000	0.000000	0.000000
-0.905233	-0.830600	-0.820782	-0.791950	0.000000	0.000000	0.000000	0.000000	0.000000	0.000000
-0.905233	-0.830600	-0.821647	-0.781274	0.000000	0.000000	0.000000	0.000000	0.000000	0.000000
-0.905233	-0.830600	-0.821924	-0.791255	0.000000	0.000000	0.000000	0.000000	0.000000	0.000000
-0.905233	-0.830600	-0.821927	-0.791973	0.000000	0.000000	0.000000	0.000000	0.000000	0.000000
-0.905233	-0.830600	-0.821927	-0.788029	0.000000	0.000000	0.000000	0.000000	0.000000	0.000000
-0.905233	-0.830600	-0.821926	-0.791972	0.000000	0.000000	0.000000	0.000000	0.000000	0.000000
-0.905232	-0.830600	-0.821926	-0.791820	0.000000	0.000000	0.000000	0.000000	0.000000	0.000000
-0.905233	-0.830600	-0.821876	-0.791970	0.000000	0.000000	0.000000	0.000000	0.000000	0.000000
-0.905233	-0.830600	-0.821926	-0.791975	0.000000	0.000000	0.000000	0.000000	0.000000	0.000000
-0.905233	-0.830599	-0.821925	-0.791975	0.000000	0.000000	0.000000	0.000000	0.000000	0.000000
-0.905233	-0.830600	-0.816500	-0.791969	0.000000	0.000000	0.000000	0.000000	0.000000	0.000000
-0.905233	-0.830600	-0.821836	-0.791973	0.000000	0.000000	0.000000	0.000000	0.000000	0.000000
-0.905233	-0.830600	-0.821927	-0.791865	0.000000	0.000000	0.000000	0.000000	0.000000	0.000000
-0.905233	-0.830600	-0.820880	-0.791973	0.000000	0.000000	0.000000	0.000000	0.000000	0.000000
-0.905232	-0.830600	-0.821924	-0.791916	0.000000	0.000000	0.000000	0.000000	0.000000	0.000000
-0.905233	-0.830600	-0.821917	-0.791878	0.000000	0.000000	0.000000	0.000000	0.000000	0.000000
-0.905233	-0.830600	-0.821926	-0.791964	0.000000	0.000000	0.000000	0.000000	0.000000	0.000000
-0.905233	-0.830600	-0.821890	-0.791974	0.000000	0.000000	0.000000	0.000000	0.000000	0.000000
-0.905233	-0.830600	-0.821926	-0.791967	0.000000	0.000000	0.000000	0.000000	0.000000	0.000000
-0.905233	-0.830600	-0.821926	-0.786861	0.000000	0.000000	0.000000	0.000000	0.000000	0.000000
-0.905233	-0.830600	-0.821927	-0.791888	0.000000	0.000000	0.000000	0.000000	0.000000	0.000000
-0.905233	-0.830600	-0.821927	-0.791329	0.000000	0.000000	0.000000	0.000000	0.000000	0.000000
-0.905233	-0.830600	-0.821927	-0.791646	0.000000	0.000000	0.000000	0.000000	0.000000	0.000000
-0.905233	-0.830600	-0.821927	-0.785580	0.000000	0.000000	0.000000	0.000000	0.000000	0.000000
-0.905233	-0.830600	-0.821422	-0.791959	0.000000	0.000000	0.000000	0.000000	0.000000	0.000000
-0.905233	-0.830600	-0.821927	-0.791974	0.000000	0.000000	0.000000	0.000000	0.000000	0.000000
-0.905233	-0.830600	-0.821925	-0.791975	0.000000	0.000000	0.000000	0.000000	0.000000	0.000000
-0.905233	-0.830600	-0.821926	-0.791974	0.000000	0.000000	0.000000	0.000000	0.000000	0.000000
-0.905233	-0.830600	-0.821927	-0.791972	0.000000	0.000000	0.000000	0.000000	0.000000	0.000000
-0.905233	-0.830600	-0.821920	-0.791973	0.000000	0.000000	0.000000	0.000000	0.000000	0.000000
-0.905233	-0.830599	-0.818187	-0.791959	0.000000	0.000000	0.000000	0.000000	0.000000	0.000000
-0.905233	-0.830600	-0.821925	-0.791970	0.000000	0.000000	0.000000	0.000000	0.000000	0.000000
-0.905233	-0.830600	-0.821845	-0.791975	0.000000	0.000000	0.000000	0.000000	0.000000	0.000000
-0.905233	-0.830600	-0.821927	-0.791966	0.000000	0.000000	0.000000	0.000000	0.000000	0.000000
-0.905233	-0.830600	-0.821926	-0.791973	0.000000	0.000000	0.000000	0.000000	0.000000	0.000000
-0.905233	-0.830600	-0.821926	-0.791429	0.000000	0.000000	0.000000	0.000000	0.000000	0.000000
-0.905233	-0.830600	-0.821927	-0.791898	0.000000	0.000000	0.000000	0.000000	0.000000	0.000000
-0.905233	-0.830600	-0.821926	-0.791972	0.000000	0.000000	0.000000	0.000000	0.000000	0.000000
-0.905233	-0.830600	-0.821927	-0.791754	0.000000	0.000000	0.000000	0.000000	0.000000	0.000000
-0.905232	-0.830600	-0.821926	-0.791768	0.000000	0.000000	0.000000	0.000000	0.000000	0.000000
-0.905233	-0.830600	-0.821926	-0.711258	0.000000	0.000000	0.000000	0.000000	0.000000	0.000000
-0.905233	-0.830600	-0.821852	-0.791975	0.000000	0.000000	0.000000	0.000000	0.000000	0.000000
-0.905233	-0.830600	-0.821837	-0.791974	0.000000	0.000000	0.000000	0.000000	0.000000	0.000000
-0.905233	-0.830600	-0.821919	-0.786016	0.000000	0.000000	0.000000	0.000000	0.000000	0.000000
-0.905233	-0.830600	-0.821927	-0.711110	0.000000	0.000000	0.000000	0.000000	0.000000	0.000000
-0.905232	-0.830600	-0.821927	-0.791918	0.000000	0.000000	0.000000	0.000000	0.000000	0.000000
-0.905233	-0.830600	-0.799913	-0.791951	0.000000	0.000000	0.000000	0.000000	0.000000	0.000000
-0.905233	-0.830600	-0.821927	-0.791975	0.000000	0.000000	0.000000	0.000000	0.000000	0.000000
-0.905233	-0.830600	-0.821927	-0.791786	0.000000	0.000000	0.000000	0.000000	0.000000	0.000000
-0.905233	-0.830600	-0.821926	-0.791956	0.000000	0.000000	0.000000	0.000000	0.000000	0.000000
-0.905233	-0.830600	-0.821927	-0.791974	0.000000	0.000000	0.000000	0.000000	0.000000	0.000000
-0.905233	-0.830600	-0.821088	-0.791967	0.000000	0.000000	0.000000	0.000000	0.000000	0.000000
-0.905233	-0.830600	-0.821926	-0.791683	0.000000	0.000000	0.000000	0.000000	0.000000	0.000000
-0.905233	-0.830600	-0.821927	-0.788992	0.000000	0.000000	0.000000	0.000000	0.000000	0.000000
-0.905233	-0.830599	-0.821514	-0.791975	0.000000	0.000000	0.000000	0.000000	0.000000	0.000000
-0.905233	-0.830600	-0.821925	-0.789424	0.000000	0.000000	0.000000	0.000000	0.000000	0.000000
-0.905233	-0.830596	-0.821926	-0.791967	0.000000	0.000000	0.000000	0.000000	0.000000	0.000000
-0.905233	-0.830600	-0.821923	-0.791963	0.000000	0.000000	0.000000	0.000000	0.000000	0.000000
-0.905233	-0.830600	-0.821926	-0.791966	0.000000	0.000000	0.000000	0.000000	0.000000	0.000000
-0.905233	-0.830600	-0.821624	-0.791220	0.000000	0.000000	0.000000	0.000000	0.000000	0.000000
-0.905233	-0.830600	-0.815417	-0.791845	0.000000	0.000000	0.000000	0.000000	0.000000	0.000000
-0.905233	-0.830600	-0.821924	-0.789921	0.000000	0.000000	0.000000	0.000000	0.000000	0.000000
-0.905233	-0.830600	-0.821925	-0.791969	0.000000	0.000000	0.000000	0.000000	0.000000	0.000000
-0.905232	-0.830600	-0.821925	-0.791975	0.000000	0.000000	0.000000	0.000000	0.000000	0.000000
-0.905233	-0.830600	-0.821924	-0.791963	0.000000	0.000000	0.000000	0.000000	0.000000	0.000000
-0.905233	-0.830600	-0.821704	-0.791974	0.000000	0.000000	0.000000	0.000000	0.000000	0.000000
-0.905233	-0.830600	-0.821927	-0.791975	0.000000	0.000000	0.000000	0.000000	0.000000	0.000000
-0.905233	-0.830600	-0.821924	-0.791394	0.000000	0.000000	0.000000	0.000000	0.000000	0.000000
-0.905233	-0.830599	-0.821927	-0.791974	0.000000	0.000000	0.000000	0.000000	0.000000	0.000000
-0.905233	-0.830600	-0.821921	-0.790760	0.000000	0.000000	0.000000	0.000000	0.000000	0.000000
-0.905233	-0.830600	-0.821926	-0.776735	0.000000	0.000000	0.000000	0.000000	0.000000	0.000000
-0.905233	-0.830600	-0.821927	-0.791388	0.000000	0.000000	0.000000	0.000000	0.000000	0.000000
-0.905233	-0.830600	-0.821927	-0.791931	0.000000	0.000000	0.000000	0.000000	0.000000	0.000000
-0.905233	-0.830600	-0.821853	-0.791922	0.000000	0.000000	0.000000	0.000000	0.000000	0.000000
-0.905233	-0.830600	-0.821927	-0.791951	0.000000	0.000000	0.000000	0.000000	0.000000	0.000000
-0.905233	-0.830599	-0.821925	-0.791126	0.000000	0.000000	0.000000	0.000000	0.000000	0.000000
-0.905233	-0.830600	-0.821925	-0.791969	0.000000	0.000000	0.000000	0.000000	0.000000	0.000000
-0.905233	-0.830600	-0.821927	-0.791973	0.000000	0.000000	0.000000	0.000000	0.000000	0.000000
-0.905233	-0.830600	-0.821927	-0.791975	0.000000	0.000000	0.000000	0.000000	0.000000	0.000000
-0.905233	-0.830600	-0.821578	-0.791975	0.000000	0.000000	0.000000	0.000000	0.000000	0.000000
-0.905233	-0.830600	-0.821924	-0.791970	0.000000	0.000000	0.000000	0.000000	0.000000	0.000000
-0.905233	-0.830600	-0.821926	-0.791945	0.000000	0.000000	0.000000	0.000000	0.000000	0.000000
-0.905233	-0.830600	-0.821925	-0.791974	0.000000	0.000000	0.000000	0.000000	0.000000	0.000000
-0.905233	-0.830600	-0.821926	-0.791962	0.000000	0.000000	0.000000	0.000000	0.000000	0.000000
-0.905233	-0.830600	-0.821925	-0.791966	0.000000	0.000000	0.000000	0.000000	0.000000	0.000000
-0.905233	-0.830600	-0.821901	-0.791955	0.000000	0.000000	0.000000	0.000000	0.000000	0.000000
-0.905233	-0.830600	-0.821927	-0.791964	0.000000	0.000000	0.000000	0.000000	0.000000	0.000000
-0.905233	-0.830600	-0.821927	-0.791974	0.000000	0.000000	0.000000	0.000000	0.000000	0.000000
-0.905233	-0.830600	-0.598201	-0.791974	0.000000	0.000000	0.000000	0.000000	0.000000	0.000000
-0.905233	-0.830600	-0.817639	-0.791964	0.000000	0.000000	0.000000	0.000000	0.000000	0.000000
-0.905233	-0.830600	-0.821926	-0.791974	0.000000	0.000000	0.000000	0.000000	0.000000	0.000000
-0.905233	-0.830600	-0.821926	-0.791943	0.000000	0.000000	0.000000	0.000000	0.000000	0.000000
-0.905233	-0.830600	-0.821920	-0.791913	0.000000	0.000000	0.000000	0.000000	0.000000	0.000000
-0.905233	-0.830600	-0.821898	-0.791975	0.000000	0.000000	0.000000	0.000000	0.000000	0.000000
-0.905233	-0.830600	-0.821921	-0.791315	0.000000	0.000000	0.000000	0.000000	0.000000	0.000000
-0.905232	-0.830600	-0.821923	-0.791959	0.000000	0.000000	0.000000	0.000000	0.000000	0.000000
-0.905233	-0.830600	-0.821923	-0.791957	0.000000	0.000000	0.000000	0.000000	0.000000	0.000000
-0.905233	-0.830600	-0.821917	-0.791975	0.000000	0.000000	0.000000	0.000000	0.000000	0.000000
-0.905233	-0.830600	-0.821921	-0.788770	0.000000	0.000000	0.000000	0.000000	0.000000	0.000000
-0.905233	-0.830600	-0.821926	-0.791484	0.000000	0.000000	0.000000	0.000000	0.000000	0.000000
-0.905233	-0.830600	-0.821900	-0.778851	0.000000	0.000000	0.000000	0.000000	0.000000	0.000000
-0.905233	-0.830600	-0.821927	-0.732228	0.000000	0.000000	0.000000	0.000000	0.000000	0.000000
-0.905233	-0.830600	-0.821925	-0.787784	0.000000	0.000000	0.000000	0.000000	0.000000	0.000000
-0.905233	-0.830600	-0.818614	-0.791825	0.000000	0.000000	0.000000	0.000000	0.000000	0.000000
-0.905233	-0.830600	-0.821919	-0.791974	0.000000	0.000000	0.000000	0.000000	0.000000	0.000000
-0.905233	-0.830600	-0.821926	-0.791975	0.000000	0.000000	0.000000	0.000000	0.000000	0.000000
-0.905233	-0.830600	-0.821926	-0.791907	0.000000	0.000000	0.000000	0.000000	0.000000	0.000000
-0.905233	-0.830600	-0.821926	-0.791915	0.000000	0.000000	0.000000	0.000000	0.000000	0.000000
-0.905233	-0.830598	-0.821926	-0.778828	0.000000	0.000000	0.000000	0.000000	0.000000	0.000000
-0.905233	-0.830600	-0.821927	-0.791624	0.000000	0.000000	0.000000	0.000000	0.000000	0.000000
-0.905233	-0.830600	-0.821927	-0.791967	0.000000	0.000000	0.000000	0.000000	0.000000	0.000000
-0.905233	-0.830600	-0.820865	-0.791753	0.000000	0.000000	0.000000	0.000000	0.000000	0.000000
-0.905233	-0.830600	-0.821921	-0.791965	0.000000	0.000000	0.000000	0.000000	0.000000	0.000000
-0.905233	-0.830599	-0.821574	-0.791853	0.000000	0.000000	0.000000	0.000000	0.000000	0.000000
-0.905233	-0.830600	-0.821926	-0.785510	0.000000	0.000000	0.000000	0.000000	0.000000	0.000000
-0.905233	-0.830600	-0.821925	-0.791931	0.000000	0.000000	0.000000	0.000000	0.000000	0.000000
-0.905233	-0.830600	-0.821927	-0.791972	0.000000	0.000000	0.000000	0.000000	0.000000	0.000000
-0.905232	-0.830600	-0.821926	-0.791926	0.000000	0.000000	0.000000	0.000000	0.000000	0.000000
-0.905233	-0.830600	-0.820498	-0.791763	0.000000	0.000000	0.000000	0.000000	0.000000	0.000000
-0.905233	-0.830599	-0.820554	-0.791973	0.000000	0.000000	0.000000	0.000000	0.000000	0.000000
-0.905233	-0.830599	-0.821925	-0.791975	0.000000	0.000000	0.000000	0.000000	0.000000	0.000000
-0.905233	-0.830599	-0.821924	-0.789625	0.000000	0.000000	0.000000	0.000000	0.000000	0.000000
-0.905233	-0.830600	-0.821926	-0.791755	0.000000	0.000000	0.000000	0.000000	0.000000	0.000000
-0.905233	-0.830600	-0.816774	-0.778510	0.000000	0.000000	0.000000	0.000000	0.000000	0.000000
-0.905233	-0.830599	-0.821926	-0.689439	0.000000	0.000000	0.000000	0.000000	0.000000	0.000000
-0.905233	-0.830599	-0.821926	-0.791969	0.000000	0.000000	0.000000	0.000000	0.000000	0.000000
-0.905233	-0.830600	-0.821915	-0.791109	0.000000	0.000000	0.000000	0.000000	0.000000	0.000000
-0.905233	-0.830600	-0.821926	-0.791929	0.000000	0.000000	0.000000	0.000000	0.000000	0.000000
-0.905233	-0.830600	-0.821718	-0.791595	0.000000	0.000000	0.000000	0.000000	0.000000	0.000000
-0.905232	-0.830600	-0.821926	-0.791973	0.000000	0.000000	0.000000	0.000000	0.000000	0.000000
-0.905233	-0.830600	-0.821920	-0.791974	0.000000	0.000000	0.000000	0.000000	0.000000	0.000000
-0.905233	-0.830600	-0.821926	-0.785742	0.000000	0.000000	0.000000	0.000000	0.000000	0.000000
-0.905233	-0.830600	-0.819519	-0.791975	0.000000	0.000000	0.000000	0.000000	0.000000	0.000000
-0.905232	-0.830600	-0.821920	-0.788862	0.000000	0.000000	0.000000	0.000000	0.000000	0.000000
-0.905233	-0.830600	-0.821829	-0.791927	0.000000	0.000000	0.000000	0.000000	0.000000	0.000000
-0.905233	-0.830600	-0.821927	-0.791974	0.000000	0.000000	0.000000	0.000000	0.000000	0.000000
-0.905233	-0.830600	-0.821926	-0.791955	0.000000	0.000000	0.000000	0.000000	0.000000	0.000000
-0.905232	-0.830600	-0.821852	-0.786115	0.000000	0.000000	0.000000	0.000000	0.000000	0.000000
-0.905233	-0.830600	-0.821927	-0.791659	0.000000	0.000000	0.000000	0.000000	0.000000	0.000000
-0.905233	-0.830599	-0.821859	-0.791937	0.000000	0.000000	0.000000	0.000000	0.000000	0.000000
-0.905233	-0.830600	-0.821426	-0.791590	0.000000	0.000000	0.000000	0.000000	0.000000	0.000000
-0.905233	-0.830600	-0.821860	-0.791335	0.000000	0.000000	0.000000	0.000000	0.000000	0.000000
-0.905233	-0.830599	-0.821904	-0.791956	0.000000	0.000000	0.000000	0.000000	0.000000	0.000000
-0.905233	-0.830600	-0.821927	-0.791956	0.000000	0.000000	0.000000	0.000000	0.000000	0.000000
-0.905233	-0.830600	-0.821927	-0.791974	0.000000	0.000000	0.000000	0.000000	0.000000	0.000000
-0.905233	-0.830600	-0.821923	-0.791975	0.000000	0.000000	0.000000	0.000000	0.000000	0.000000
-0.905232	-0.830600	-0.821927	-0.701820	0.000000	0.000000	0.000000	0.000000	0.000000	0.000000
-0.905233	-0.830600	-0.492776	-0.759662	0.000000	0.000000	0.000000	0.000000	0.000000	0.000000
-0.905233	-0.830600	-0.821913	-0.791975	0.000000	0.000000	0.000000	0.000000	0.000000	0.000000
-0.905233	-0.830600	-0.821849	-0.791973	0.000000	0.000000	0.000000	0.000000	0.000000	0.000000
-0.905233	-0.830600	-0.821922	-0.775321	0.000000	0.000000	0.000000	0.000000	0.000000	0.000000
-0.905233	-0.830599	-0.821924	-0.791865	0.000000	0.000000	0.000000	0.000000	0.000000	0.000000
-0.905233	-0.830600	-0.821927	-0.791959	0.000000	0.000000	0.000000	0.000000	0.000000	0.000000
-0.905233	-0.830599	-0.821913	-0.791973	0.000000	0.000000	0.000000	0.000000	0.000000	0.000000
-0.905233	-0.830599	-0.818816	-0.791957	0.000000	0.000000	0.000000	0.000000	0.000000	0.000000
-0.905233	-0.830599	-0.821926	-0.791971	0.000000	0.000000	0.000000	0.000000	0.000000	0.000000
-0.905233	-0.830599	-0.821927	-0.791836	0.000000	0.000000	0.000000	0.000000	0.000000	0.000000
-0.905233	-0.830600	-0.821926	-0.791765	0.000000	0.000000	0.000000	0.000000	0.000000	0.000000
-0.905233	-0.830600	-0.821909	-0.791972	0.000000	0.000000	0.000000	0.000000	0.000000	0.000000
-0.905232	-0.830599	-0.821926	-0.791928	0.000000	0.000000	0.000000	0.000000	0.000000	0.000000
-0.905233	-0.830600	-0.821915	-0.791975	0.000000	0.000000	0.000000	0.000000	0.000000	0.000000
-0.905233	-0.830600	-0.821921	-0.791812	0.000000	0.000000	0.000000	0.000000	0.000000	0.000000
-0.905233	-0.830600	-0.821925	-0.791940	0.000000	0.000000	0.000000	0.000000	0.000000	0.000000
-0.905233	-0.821333	-0.821925	-0.791974	0.000000	0.000000	0.000000	0.000000	0.000000	0.000000
-0.905233	-0.830600	-0.821916	-0.791876	0.000000	0.000000	0.000000	0.000000	0.000000	0.000000
-0.905233	-0.830600	-0.821927	-0.790510	0.000000	0.000000	0.000000	0.000000	0.000000	0.000000
-0.905233	-0.830600	-0.821911	-0.188964	0.000000	0.000000	0.000000	0.000000	0.000000	0.000000
-0.905233	-0.830600	-0.821926	-0.791140	0.000000	0.000000	0.000000	0.000000	0.000000	0.000000
-0.905233	-0.830600	-0.821921	-0.791974	0.000000	0.000000	0.000000	0.000000	0.000000	0.000000
-0.905233	-0.830600	-0.821926	-0.791912	0.000000	0.000000	0.000000	0.000000	0.000000	0.000000
-0.905233	-0.829442	0.000067	-0.000049	0.000000	0.000000	0.000000	0.000000	0.000000	0.000000
-0.905232	-0.830600	0.774202	0.760507	0.000000	0.000000	0.000000	0.000000	0.000000	0.000000
-0.905232	-0.830600	0.773904	0.760613	0.000000	0.000000	0.000000	0.000000	0.000000	0.000000
-0.905233	-0.830600	0.774042	0.760335	0.000000	0.000000	0.000000	0.000000	0.000000	0.000000
-0.905233	-0.830600	0.751097	0.756588	0.000000	0.000000	0.000000	0.000000	0.000000	0.000000
-0.905233	-0.830600	0.774126	0.760574	0.000000	0.000000	0.000000	0.000000	0.000000	0.000000
-0.905233	-0.830600	0.774297	0.760614	0.000000	0.000000	0.000000	0.000000	0.000000	0.000000
-0.905233	-0.830600	0.771500	0.760699	0.000000	0.000000	0.000000	0.000000	0.000000	0.000000
-0.905233	-0.830599	0.774197	0.760831	0.000000	0.000000	0.000000	0.000000	0.000000	0.000000
-0.905233	-0.830597	0.773818	0.759463	0.000000	0.000000	0.000000	0.000000	0.000000	0.000000
-0.905233	-0.830600	0.774332	0.760579	0.000000	0.000000	0.000000	0.000000	0.000000	0.000000
-0.905233	-0.830600	0.774441	0.760023	0.000000	0.000000	0.000000	0.000000	0.000000	0.000000
-0.905233	-0.830600	0.774505	0.760596	0.000000	0.000000	0.000000	0.000000	0.000000	0.000000
-0.905233	-0.830600	0.774313	0.760520	0.000000	0.000000	0.000000	0.000000	0.000000	0.000000
-0.905233	-0.830599	0.773918	0.759769	0.000000	0.000000	0.000000	0.000000	0.000000	0.000000
-0.905233	-0.830600	0.774385	0.749591	0.000000	0.000000	0.000000	0.000000	0.000000	0.000000
-0.905233	-0.830600	0.773902	0.760610	0.000000	0.000000	0.000000	0.000000	0.000000	0.000000
-0.905233	-0.830600	0.774232	0.760648	0.000000	0.000000	0.000000	0.000000	0.000000	0.000000
-0.905233	-0.830600	0.772290	0.760552	0.000000	0.000000	0.000000	0.000000	0.000000	0.000000
-0.905233	-0.830594	0.774135	0.760527	0.000000	0.000000	0.000000	0.000000	0.000000	0.000000
-0.905233	-0.830600	0.774323	0.760675	0.000000	0.000000	0.000000	0.000000	0.000000	0.000000
-0.905233	-0.830599	0.774571	0.759876	0.000000	0.000000	0.000000	0.000000	0.000000	0.000000
-0.905233	-0.830600	0.772449	0.760712	0.000000	0.000000	0.000000	0.000000	0.000000	0.000000
-0.905233	-0.830600	0.774284	0.760620	0.000000	0.000000	0.000000	0.000000	0.000000	0.000000
-0.905233	-0.830599	0.773838	0.760396	0.000000	0.000000	0.000000	0.000000	0.000000	0.000000
-0.905233	-0.830600	0.774398	0.760311	0.000000	0.000000	0.000000	0.000000	0.000000	0.000000
-0.905233	-0.830600	0.774025	0.759997	0.000000	0.000000	0.000000	0.000000	0.000000	0.000000
-0.905233	-0.830600	0.774201	0.760637	0.000000	0.000000	0.000000	0.000000	0.000000	0.000000
-0.905233	-0.830599	0.774279	0.683497	0.000000	0.000000	0.000000	0.000000	0.000000	0.000000
-0.905233	-0.830600	0.774767	0.760877	0.000000	0.000000	0.000000	0.000000	0.000000	0.000000
-0.905233	-0.830600	0.773947	0.759074	0.000000	0.000000	0.000000	0.000000	0.000000	0.000000
-0.905233	-0.830600	0.773506	0.760731	0.000000	0.000000	0.000000	0.000000	0.000000	0.000000
-0.905233	-0.830599	0.774118	0.760787	0.000000	0.000000	0.000000	0.000000	0.000000	0.000000
-0.905232	-0.830600	0.773466	0.760466	0.000000	0.000000	0.000000	0.000000	0.000000	0.000000
-0.905233	-0.830600	0.770953	0.760606	0.000000	0.000000	0.000000	0.000000	0.000000	0.000000
-0.905233	-0.830600	0.774028	0.759508	0.000000	0.000000	0.000000	0.000000	0.000000	0.000000
-0.905232	-0.830599	0.774071	0.760669	0.000000	0.000000	0.000000	0.000000	0.000000	0.000000
-0.905233	-0.830600	0.774423	0.760224	0.000000	0.000000	0.000000	0.000000	0.000000	0.000000
-0.905233	-0.830600	0.774292	0.759271	0.000000	0.000000	0.000000	0.000000	0.000000	0.000000
-0.905233	-0.830600	0.773832	0.760711	0.000000	0.000000	0.000000	0.000000	0.000000	0.000000
-0.905233	-0.830600	0.773824	0.760524	0.000000	0.000000	0.000000	0.000000	0.000000	0.000000
-0.905233	-0.830600	0.774666	0.760168	0.000000	0.000000	0.000000	0.000000	0.000000	0.000000
-0.905233	-0.830600	0.774391	0.730990	0.000000	0.000000	0.000000	0.000000	0.000000	0.000000
-0.905233	-0.830600	0.774244	0.760738	0.000000	0.000000	0.000000	0.000000	0.000000	0.000000
-0.905233	-0.830600	0.774767	0.760164	0.000000	0.000000	0.000000	0.000000	0.000000	0.000000
-0.905232	-0.830600	0.770833	0.760732	0.000000	0.000000	0.000000	0.000000	0.000000	0.000000
-0.905233	-0.830599	0.773323	0.739402	0.000000	0.000000	0.000000	0.000000	0.000000	0.000000
-0.905233	-0.830600	0.774361	0.760667	0.000000	0.000000	0.000000	0.000000	0.000000	0.000000
-0.905233	-0.830600	0.774136	0.760218	0.000000	0.000000	0.000000	0.000000	0.000000	0.000000
-0.905233	-0.830600	0.774227	0.760488	0.000000	0.000000	0.000000	0.000000	0.000000	0.000000
-0.905233	-0.830600	0.773534	0.741251	0.000000	0.000000	0.000000	0.000000	0.000000	0.000000
-0.905232	-0.830600	0.774378	0.760851	0.000000	0.000000	0.000000	0.000000	0.000000	0.000000
-0.905232	-0.830600	0.774563	0.760691	0.000000	0.000000	0.000000	0.000000	0.000000	0.000000
-0.905233	-0.830600	0.773960	0.760607	0.000000	0.000000	0.000000	0.000000	0.000000	0.000000
-0.905233	-0.830598	0.773014	0.760582	0.000000	0.000000	0.000000	0.000000	0.000000	0.000000
-0.905233	-0.830600	0.773912	0.760662	0.000000	0.000000	0.000000	0.000000	0.000000	0.000000
-0.905233	-0.830600	0.774346	0.760708	0.000000	0.000000	0.000000	0.000000	0.000000	0.000000
-0.905232	-0.830599	0.774500	0.757481	0.000000	0.000000	0.000000	0.000000	0.000000	0.000000
-0.905233	-0.830600	0.774540	0.760250	0.000000	0.000000	0.000000	0.000000	0.000000	0.000000
-0.905233	-0.830600	0.772827	0.758941	0.000000	0.000000	0.000000	0.000000	0.000000	0.000000
-0.905232	-0.830599	0.774415	0.756814	0.000000	0.000000	0.000000	0.000000	0.000000	0.000000
-0.905233	-0.830600	0.774054	0.760737	0.000000	0.000000	0.000000	0.000000	0.000000	0.000000
-0.905233	-0.830600	0.773768	0.760663	0.000000	0.000000	0.000000	0.000000	0.000000	0.000000
-0.905233	-0.830600	0.773705	0.760473	0.000000	0.000000	0.000000	0.000000	0.000000	0.000000
-0.905233	-0.830600	0.774163	0.758716	0.000000	0.000000	0.000000	0.000000	0.000000	0.000000
-0.905233	-0.830600	0.773867	0.759987	0.000000	0.000000	0.000000	0.000000	0.000000	0.000000
-0.905233	-0.830599	0.774105	0.760514	0.000000	0.000000	0.000000	0.000000	0.000000	0.000000
-0.905233	-0.830600	0.773855	0.760150	0.000000	0.000000	0.000000	0.000000	0.000000	0.000000
-0.905233	-0.830600	0.773831	0.760370	0.000000	0.000000	0.000000	0.000000	0.000000	0.000000
-0.905233	-0.830599	0.774518	0.756324	0.000000	0.000000	0.000000	0.000000	0.000000	0.000000
-0.905233	-0.830600	0.774185	0.760603	0.000000	0.000000	0.000000	0.000000	0.000000	0.000000
-0.905233	-0.830600	0.772013	0.757571	0.000000	0.000000	0.000000	0.000000	0.000000	0.000000
-0.905233	-0.830600	0.773847	0.758889	0.000000	0.000000	0.000000	0.000000	0.000000	0.000000
-0.905233	-0.830600	0.774211	0.760040	0.000000	0.000000	0.000000	0.000000	0.000000	0.000000
-0.905233	-0.830600	0.774083	0.760543	0.000000	0.000000	0.000000	0.000000	0.000000	0.000000
-0.905233	-0.830600	0.774283	0.760515	0.000000	0.000000	0.000000	0.000000	0.000000	0.000000
-0.905233	-0.830600	0.773205	0.760311	0.000000	0.000000	0.000000	0.000000	0.000000	0.000000
-0.905233	-0.830600	0.774702	0.760560	0.000000	0.000000	0.000000	0.000000	0.000000	0.000000
-0.905233	-0.830600	0.772432	0.760739	0.000000	0.000000	0.000000	0.000000	0.000000	0.000000
-0.905233	-0.830600	0.774349	0.760657	0.000000	0.000000	0.000000	0.000000	0.000000	0.000000
-0.905233	-0.830600	0.774325	0.759331	0.000000	0.000000	0.000000	0.000000	0.000000	0.000000
-0.905233	-0.830600	0.773201	0.760456	0.000000	0.000000	0.000000	0.000000	0.000000	0.000000
-0.905233	-0.830600	0.774170	0.760660	0.000000	0.000000	0.000000	0.000000	0.000000	0.000000
-0.905233	-0.830600	0.774183	0.760656	0.000000	0.000000	0.000000	0.000000	0.000000	0.000000
-0.905233	-0.830600	0.774646	0.760502	0.000000	0.000000	0.000000	0.000000	0.000000	0.000000
-0.905233	-0.830600	0.773168	0.760842	0.000000	0.000000	0.000000	0.000000	0.000000	0.000000
-0.905233	-0.830600	0.773741	0.760260	0.000000	0.000000	0.000000	0.000000	0.000000	0.000000
-0.905233	-0.830600	0.774724	0.760541	0.000000	0.000000	0.000000	0.000000	0.000000	0.000000
-0.905233	-0.830600	0.774948	0.760626	0.000000	0.000000	0.000000	0.000000	0.000000	0.000000
-0.905233	-0.830600	0.774452	0.760498	0.000000	0.000000	0.000000	0.000000	0.000000	0.000000
-0.905233	-0.830600	0.774354	0.760697	0.000000	0.000000	0.000000	0.000000	0.000000	0.000000
-0.905233	-0.830600	0.774401	0.757682	0.000000	0.000000	0.000000	0.000000	0.000000	0.000000
-0.905233	-0.830600	0.772571	0.760409	0.000000	0.000000	0.000000	0.000000	0.000000	0.000000
-0.905233	-0.830600	0.772697	0.760684	0.000000	0.000000	0.000000	0.000000	0.000000	0.000000
-0.905233	-0.830600	0.774252	0.760797	0.000000	0.000000	0.000000	0.000000	0.000000	0.000000
-0.905233	-0.830600	0.774505	0.760689	0.000000	0.000000	0.000000	0.000000	0.000000	0.000000
-0.905233	-0.830600	0.774753	0.760539	0.000000	0.000000	0.000000	0.000000	0.000000	0.000000
-0.905233	-0.830599	0.774288	0.760694	0.000000	0.000000	0.000000	0.000000	0.000000	0.000000
-0.905233	-0.830600	0.774511	0.760571	0.000000	0.000000	0.000000	0.000000	0.000000	0.000000
-0.905233	-0.830584	0.774603	0.760410	0.000000	0.000000	0.000000	0.000000	0.000000	0.000000
-0.905233	-0.830599	0.523478	0.754121	0.000000	0.000000	0.000000	0.000000	0.000000	0.000000
-0.905233	-0.830600	0.774188	0.760532	0.000000	0.000000	0.000000	0.000000	0.000000	0.000000
-0.905233	-0.830599	0.774202	0.760626	0.000000	0.000000	0.000000	0.000000	0.000000	0.000000
-0.905233	-0.830600	0.774225	0.760580	0.000000	0.000000	0.000000	0.000000	0.000000	0.000000
-0.905233	-0.830600	0.774449	0.760151	0.000000	0.000000	0.000000	0.000000	0.000000	0.000000
-0.905233	-0.830599	0.774625	0.760583	0.000000	0.000000	0.000000	0.000000	0.000000	0.000000
-0.905233	-0.830599	0.774543	0.758658	0.000000	0.000000	0.000000	0.000000	0.000000	0.000000
-0.905233	-0.830599	0.758192	0.760311	0.000000	0.000000	0.000000	0.000000	0.000000	0.000000
-0.905233	-0.830600	0.774261	0.760485	0.000000	0.000000	0.000000	0.000000	0.000000	0.000000
-0.905233	-0.830600	0.773535	0.760786	0.000000	0.000000	0.000000	0.000000	0.000000	0.000000
-0.905233	-0.830600	0.774293	0.750161	0.000000	0.000000	0.000000	0.000000	0.000000	0.000000
-0.905233	-0.830600	0.774507	0.760428	0.000000	0.000000	0.000000	0.000000	0.000000	0.000000
-0.905233	-0.830600	0.774502	0.746309	0.000000	0.000000	0.000000	0.000000	0.000000	0.000000
-0.905233	-0.830600	0.773911	0.760856	0.000000	0.000000	0.000000	0.000000	0.000000	0.000000
-0.905233	-0.830599	0.774591	0.757720	0.000000	0.000000	0.000000	0.000000	0.000000	0.000000
-0.905233	-0.830600	0.774608	0.759601	0.000000	0.000000	0.000000	0.000000	0.000000	0.000000
-0.905233	-0.830599	0.773882	0.760792	0.000000	0.000000	0.000000	0.000000	0.000000	0.000000
-0.905233	-0.830599	0.774950	0.760814	0.000000	0.000000	0.000000	0.000000	0.000000	0.000000
-0.905233	-0.830600	0.773682	0.738838	0.000000	0.000000	0.000000	0.000000	0.000000	0.000000
-0.905233	-0.830600	0.774182	0.760429	0.000000	0.000000	0.000000	0.000000	0.000000	0.000000
-0.905233	-0.830600	0.771597	0.760570	0.000000	0.000000	0.000000	0.000000	0.000000	0.000000
-0.905233	-0.830600	0.774019	0.760572	0.000000	0.000000	0.000000	0.000000	0.000000	0.000000
-0.905233	-0.830600	0.773712	0.760061	0.000000	0.000000	0.000000	0.000000	0.000000	0.000000
-0.905233	-0.830600	0.773802	0.758457	0.000000	0.000000	0.000000	0.000000	0.000000	0.000000
-0.905233	-0.830599	0.774445	0.760621	0.000000	0.000000	0.000000	0.000000	0.000000	0.000000
-0.905233	-0.830599	0.774861	0.760747	0.000000	0.000000	0.000000	0.000000	0.000000	0.000000
-0.905233	-0.830600	0.774334	0.759079	0.000000	0.000000	0.000000	0.000000	0.000000	0.000000
-0.905233	-0.830600	0.774280	0.760536	0.000000	0.000000	0.000000	0.000000	0.000000	0.000000
-0.905233	-0.830600	0.774413	0.760824	0.000000	0.000000	0.000000	0.000000	0.000000	0.000000
-0.905233	-0.830600	0.774106	0.538502	0.000000	0.000000	0.000000	0.000000	0.000000	0.000000
-0.905233	-0.830600	0.774009	0.760631	0.000000	0.000000	0.000000	0.000000	0.000000	0.000000
-0.905233	-0.830600	0.774749	0.737107	0.000000	0.000000	0.000000	0.000000	0.000000	0.000000
-0.905233	-0.830600	0.774468	0.759856	0.000000	0.000000	0.000000	0.000000	0.000000	0.000000
-0.905233	-0.830600	0.773855	0.760376	0.000000	0.000000	0.000000	0.000000	0.000000	0.000000
-0.905232	-0.830599	0.774497	0.760309	0.000000	0.000000	0.000000	0.000000	0.000000	0.000000
-0.905233	-0.830600	0.773594	0.760808	0.000000	0.000000	0.000000	0.000000	0.000000	0.000000
-0.905233	-0.830600	0.771267	0.760510	0.000000	0.000000	0.000000	0.000000	0.000000	0.000000
-0.905233	-0.830600	0.774524	0.758292	0.000000	0.000000	0.000000	0.000000	0.000000	0.000000
-0.905233	-0.830600	0.774414	0.760650	0.000000	0.000000	0.000000	0.000000	0.000000	0.000000
-0.905233	-0.830600	0.774065	0.760502	0.000000	0.000000	0.000000	0.000000	0.000000	0.000000
-0.905233	-0.830600	0.772624	0.760275	0.000000	0.000000	0.000000	0.000000	0.000000	0.000000
-0.905232	-0.830599	0.774437	0.760424	0.000000	0.000000	0.000000	0.000000	0.000000	0.000000
-0.905233	-0.830600	0.774425	0.756850	0.000000	0.000000	0.000000	0.000000	0.000000	0.000000
-0.905233	-0.830599	0.773776	0.760491	0.000000	0.000000	0.000000	0.000000	0.000000	0.000000
-0.905233	-0.830599	0.774501	0.760600	0.000000	0.000000	0.000000	0.000000	0.000000	0.000000
-0.905233	-0.830600	0.770854	0.760767	0.000000	0.000000	0.000000	0.000000	0.000000	0.000000
-0.905233	-0.830600	0.774354	0.760702	0.000000	0.000000	0.000000	0.000000	0.000000	0.000000
-0.905233	-0.830600	0.774093	0.757840	0.000000	0.000000	0.000000	0.000000	0.000000	0.000000
-0.905233	-0.830599	0.774410	0.760550	0.000000	0.000000	0.000000	0.000000	0.000000	0.000000
-0.905233	-0.830600	0.774003	0.760674	0.000000	0.000000	0.000000	0.000000	0.000000	0.000000
-0.905233	-0.830600	0.774536	0.760797	0.000000	0.000000	0.000000	0.000000	0.000000	0.000000
-0.905232	-0.830599	0.774205	0.760705	0.000000	0.000000	0.000000	0.000000	0.000000	0.000000
-0.905233	-0.830600	0.773345	0.760659	0.000000	0.000000	0.000000	0.000000	0.000000	0.000000
-0.905233	-0.830599	0.774009	0.759429	0.000000	0.000000	0.000000	0.000000	0.000000	0.000000
-0.905233	-0.830600	0.774422	0.760667	0.000000	0.000000	0.000000	0.000000	0.000000	0.000000
-0.905233	-0.830600	0.774414	0.756745	0.000000	0.000000	0.000000	0.000000	0.000000	0.000000
-0.905233	-0.830600	0.774627	0.748004	0.000000	0.000000	0.000000	0.000000	0.000000	0.000000
-0.905233	-0.830600	0.774271	0.760786	0.000000	0.000000	0.000000	0.000000	0.000000	0.000000
-0.905233	-0.830600	0.774580	0.760593	0.000000	0.000000	0.000000	0.000000	0.000000	0.000000
-0.905233	-0.830600	0.774411	0.619332	0.000000	0.000000	0.000000	0.000000	0.000000	0.000000
-0.905233	-0.830600	0.772704	0.760581	0.000000	0.000000	0.000000	0.000000	0.000000	0.000000
-0.905233	-0.830600	0.774061	0.760633	0.000000	0.000000	0.000000	0.000000	0.000000	0.000000
-0.905233	-0.830599	0.774322	0.760604	0.000000	0.000000	0.000000	0.000000	0.000000	0.000000
-0.905233	-0.830599	0.773911	0.759014	0.000000	0.000000	0.000000	0.000000	0.000000	0.000000
-0.905233	-0.830600	0.773147	0.760588	0.000000	0.000000	0.000000	0.000000	0.000000	0.000000
-0.905233	-0.830600	0.774801	0.760541	0.000000	0.000000	0.000000	0.000000	0.000000	0.000000
-0.905233	-0.830600	0.773706	0.758986	0.000000	0.000000	0.000000	0.000000	0.000000	0.000000
-0.905233	-0.830599	0.773966	0.760513	0.000000	0.000000	0.000000	0.000000	0.000000	0.000000
-0.905233	-0.830599	0.775059	0.760340	0.000000	0.000000	0.000000	0.000000	0.000000	0.000000
-0.905233	-0.830600	0.773049	0.760737	0.000000	0.000000	0.000000	0.000000	0.000000	0.000000
-0.905233	-0.830600	0.774074	0.760633	0.000000	0.000000	0.000000	0.000000	0.000000	0.000000
-0.905232	-0.830600	0.774274	0.756980	0.000000	0.000000	0.000000	0.000000	0.000000	0.000000
-0.905233	-0.830600	0.773734	0.760628	0.000000	0.000000	0.000000	0.000000	0.000000	0.000000
-0.905232	-0.830600	0.774392	0.716623	0.000000	0.000000	0.000000	0.000000	0.000000	0.000000
-0.905233	-0.830600	0.774498	0.759933	0.000000	0.000000	0.000000	0.000000	0.000000	0.000000
-0.905232	-0.830600	0.226187	0.760453	0.000000	0.000000	0.000000	0.000000	0.000000	0.000000
-0.905233	-0.830600	0.774062	0.760390	0.000000	0.000000	0.000000	0.000000	0.000000	0.000000
-0.905233	-0.830600	0.774427	0.760688	0.000000	0.000000	0.000000	0.000000	0.000000	0.000000
-0.905232	-0.830599	0.774327	0.760732	0.000000	0.000000	0.000000	0.000000	0.000000	0.000000
-0.905233	-0.830600	0.774325	0.760764	0.000000	0.000000	0.000000	0.000000	0.000000	0.000000
-0.905233	-0.830599	0.774255	0.760692	0.000000	0.000000	0.000000	0.000000	0.000000	0.000000
-0.905233	-0.830600	0.773881	0.760572	0.000000	0.000000	0.000000	0.000000	0.000000	0.000000
-0.905233	-0.830600	0.774197	0.760547	0.000000	0.000000	0.000000	0.000000	0.000000	0.000000
-0.905233	-0.830600	0.773638	0.760689	0.000000	0.000000	0.000000	0.000000	0.000000	0.000000
-0.905233	-0.830600	0.774516	0.740817	0.000000	0.000000	0.000000	0.000000	0.000000	0.000000
-0.905233	-0.830600	0.774448	0.427073	0.000000	0.000000	0.000000	0.000000	0.000000	0.000000
-0.905233	-0.830600	0.774644	0.760636	0.000000	0.000000	0.000000	0.000000	0.000000	0.000000
-0.905233	-0.830600	0.773607	0.758267	0.000000	0.000000	0.000000	0.000000	0.000000	0.000000
-0.905233	-0.830600	0.774419	0.760219	0.000000	0.000000	0.000000	0.000000	0.000000	0.000000
-0.905233	-0.830600	0.774516	0.760697	0.000000	0.000000	0.000000	0.000000	0.000000	0.000000
-0.905233	-0.830600	0.774383	0.760240	0.000000	0.000000	0.000000	0.000000	0.000000	0.000000
-0.905233	-0.830600	0.773840	0.760613	0.000000	0.000000	0.000000	0.000000	0.000000	0.000000
-0.905233	-0.830600	0.774100	0.759768	0.000000	0.000000	0.000000	0.000000	0.000000	0.000000
-0.905233	-0.830600	0.774249	0.760499	0.000000	0.000000	0.000000	0.000000	0.000000	0.000000
-0.905233	-0.830599	0.773678	0.760695	0.000000	0.000000	0.000000	0.000000	0.000000	0.000000
-0.905233	-0.830600	0.774275	0.760636	0.000000	0.000000	0.000000	0.000000	0.000000	0.000000
-0.905233	-0.830600	0.774417	0.377490	0.000000	0.000000	0.000000	0.000000	0.000000	0.000000
-0.905233	-0.830599	0.774530	0.760676	0.000000	0.000000	0.000000	0.000000	0.000000	0.000000
-0.905233	-0.830600	0.773508	0.760531	0.000000	0.000000	0.000000	0.000000	0.000000	0.000000
-0.905233	-0.830600	0.774313	0.744441	0.000000	0.000000	0.000000	0.000000	0.000000	0.000000
-0.905233	-0.830600	0.773729	0.757666	0.000000	0.000000	0.000000	0.000000	0.000000	0.000000
-0.905233	-0.830600	0.774444	0.760457	0.000000	0.000000	0.000000	0.000000	0.000000	0.000000
-0.905233	-0.830599	0.774407	0.760461	0.000000	0.000000	0.000000	0.000000	0.000000	0.000000
-0.905233	-0.830600	0.774632	0.760366	0.000000	0.000000	0.000000	0.000000	0.000000	0.000000
-0.905233	-0.830600	0.751909	0.760528	0.000000	0.000000	0.000000	0.000000	0.000000	0.000000
-0.905233	-0.830599	0.774200	0.758246	0.000000	0.000000	0.000000	0.000000	0.000000	0.000000
-0.905233	-0.830599	0.774560	0.760582	0.000000	0.000000	0.000000	0.000000	0.000000	0.000000
-0.905232	-0.830600	0.773533	0.364523	0.000000	0.000000	0.000000	0.000000	0.000000	0.000000
-0.905233	-0.830600	0.774012	0.760631	0.000000	0.000000	0.000000	0.000000	0.000000	0.000000
-0.905233	-0.830600	0.774495	0.760742	0.000000	0.000000	0.000000	0.000000	0.000000	0.000000
-0.905233	-0.830600	0.773438	0.760628	0.000000	0.000000	0.000000	0.000000	0.000000	0.000000
-0.905233	-0.830600	0.774330	0.760786	0.000000	0.000000	0.000000	0.000000	0.000000	0.000000
-0.905232	-0.830600	0.647597	0.760571	0.000000	0.000000	0.000000	0.000000	0.000000	0.000000
-0.905233	-0.830600	0.773817	0.760375	0.000000	0.000000	0.000000	0.000000	0.000000	0.000000
-0.905233	-0.830600	0.774341	0.760553	0.000000	0.000000	0.000000	0.000000	0.000000	0.000000
-0.905233	-0.830600	0.774102	0.759602	0.000000	0.000000	0.000000	0.000000	0.000000	0.000000
-0.905233	-0.830599	0.773818	0.735210	0.000000	0.000000	0.000000	0.000000	0.000000	0.000000
-0.905233	-0.830600	0.773478	0.760563	0.000000	0.000000	0.000000	0.000000	0.000000	0.000000
-0.905233	-0.830600	0.774229	0.756737	0.000000	0.000000	0.000000	0.000000	0.000000	0.000000
-0.905233	-0.830600	0.774080	0.760535	0.000000	0.000000	0.000000	0.000000	0.000000	0.000000
-0.905233	-0.830600	0.774374	0.760758	0.000000	0.000000	0.000000	0.000000	0.000000	0.000000
-0.905233	-0.830599	0.773700	0.760360	0.000000	0.000000	0.000000	0.000000	0.000000	0.000000
-0.905233	-0.830600	0.774100	0.718165	0.000000	0.000000	0.000000	0.000000	0.000000	0.000000
-0.905233	-0.830600	0.774369	0.754455	0.000000	0.000000	0.000000	0.000000	0.000000	0.000000
-0.905233	-0.830600	0.774006	0.760642	0.000000	0.000000	0.000000	0.000000	0.000000	0.000000
-0.905233	-0.830599	0.774562	0.760439	0.000000	0.000000	0.000000	0.000000	0.000000	0.000000
-0.905233	-0.830600	0.774459	0.760028	0.000000	0.000000	0.000000	0.000000	0.000000	0.000000
-0.905233	-0.830600	0.772941	0.760832	0.000000	0.000000	0.000000	0.000000	0.000000	0.000000
-0.905233	-0.830600	0.773681	0.760264	0.000000	0.000000	0.000000	0.000000	0.000000	0.000000
-0.905233	-0.830600	0.773366	0.759712	0.000000	0.000000	0.000000	0.000000	0.000000	0.000000
-0.905233	-0.830599	0.774475	0.760873	0.000000	0.000000	0.000000	0.000000	0.000000	0.000000
-0.905233	-0.830600	0.774839	0.758888	0.000000	0.000000	0.000000	0.000000	0.000000	0.000000
-0.905233	-0.830600	0.774304	0.760581	0.000000	0.000000	0.000000	0.000000	0.000000	0.000000
-0.905233	-0.830600	0.773967	0.758817	0.000000	0.000000	0.000000	0.000000	0.000000	0.000000
-0.905233	-0.830600	0.774181	0.760054	0.000000	0.000000	0.000000	0.000000	0.000000	0.000000
-0.905233	-0.830600	0.774875	0.760816	0.000000	0.000000	0.000000	0.000000	0.000000	0.000000
-0.905233	-0.830599	0.773855	0.760703	0.000000	0.000000	0.000000	0.000000	0.000000	0.000000
-0.905233	-0.830600	0.774248	0.760698	0.000000	0.000000	0.000000	0.000000	0.000000	0.000000
-0.905233	-0.830599	0.772858	0.760663	0.000000	0.000000	0.000000	0.000000	0.000000	0.000000
-0.905233	-0.830600	0.774551	0.760628	0.000000	0.000000	0.000000	0.000000	0.000000	0.000000
-0.905233	-0.830600	0.774634	0.760639	0.000000	0.000000	0.000000	0.000000	0.000000	0.000000
-0.905233	-0.830600	0.774618	0.760714	0.000000	0.000000	0.000000	0.000000	0.000000	0.000000
-0.905233	-0.830600	0.774064	0.760555	0.000000	0.000000	0.000000	0.000000	0.000000	0.000000
-0.905233	-0.830600	0.773133	0.760709	0.000000	0.000000	0.000000	0.000000	0.000000	0.000000
-0.905233	-0.830600	0.773757	0.760612	0.000000	0.000000	0.000000	0.000000	0.000000	0.000000
-0.905233	-0.830600	0.692432	0.760306	0.000000	0.000000	0.000000	0.000000	0.000000	0.000000
-0.905233	-0.830600	0.774255	0.760778	0.000000	0.000000	0.000000	0.000000	0.000000	0.000000
-0.905233	-0.830600	0.772483	0.757450	0.000000	0.000000	0.000000	0.000000	0.000000	0.000000
-0.905233	-0.830600	0.748799	0.760595	0.000000	0.000000	0.000000	0.000000	0.000000	0.000000
-0.905233	-0.830600	0.773591	0.760777	0.000000	0.000000	0.000000	0.000000	0.000000	0.000000
-0.905233	0.856314	0.000009	-0.000019	0.000000	0.000000	0.000000	0.000000	0.000000	0.000000
-0.905232	0.856288	-0.821927	0.760669	0.000000	0.000000	0.000000	0.000000	0.000000	0.000000
-0.905233	0.856435	-0.821927	0.760459	0.000000	0.000000	0.000000	0.000000	0.000000	0.000000
-0.905233	0.856321	-0.819741	0.760739	0.000000	0.000000	0.000000	0.000000	0.000000	0.000000
-0.905233	0.856357	-0.821383	0.760728	0.000000	0.000000	0.000000	0.000000	0.000000	0.000000
-0.905233	0.856406	-0.821920	0.760333	0.000000	0.000000	0.000000	0.000000	0.000000	0.000000
-0.905233	0.856371	-0.821927	0.759078	0.000000	0.000000	0.000000	0.000000	0.000000	0.000000
-0.905233	0.856189	-0.821921	0.760685	0.000000	0.000000	0.000000	0.000000	0.000000	0.000000
-0.905233	0.856268	-0.821927	0.758524	0.000000	0.000000	0.000000	0.000000	0.000000	0.000000
-0.905233	0.856476	-0.821927	0.760657	0.000000	0.000000	0.000000	0.000000	0.000000	0.000000
-0.905233	0.856317	-0.821830	0.752268	0.000000	0.000000	0.000000	0.000000	0.000000	0.000000
-0.905232	0.856102	-0.821927	0.760642	0.000000	0.000000	0.000000	0.000000	0.000000	0.000000
-0.905233	0.856388	-0.821329	0.760911	0.000000	0.000000	0.000000	0.000000	0.000000	0.000000
-0.905233	0.856384	-0.821927	0.756071	0.000000	0.000000	0.000000	0.000000	0.000000	0.000000
-0.905233	0.856431	-0.821926	0.760733	0.000000	0.000000	0.000000	0.000000	0.000000	0.000000
-0.905233	0.856404	-0.821926	0.758452	0.000000	0.000000	0.000000	0.000000	0.000000	0.000000
-0.905233	0.856358	-0.821927	0.757434	0.000000	0.000000	0.000000	0.000000	0.000000	0.000000
-0.905233	0.856397	-0.821349	0.759837	0.000000	0.000000	0.000000	0.000000	0.000000	0.000000
-0.905233	0.856259	-0.821927	0.758201	0.000000	0.000000	0.000000	0.000000	0.000000	0.000000
-0.905233	0.856436	-0.821927	0.760860	0.000000	0.000000	0.000000	0.000000	0.000000	0.000000
-0.905233	0.856378	-0.821924	0.760754	0.000000	0.000000	0.000000	0.000000	0.000000	0.000000
-0.905233	0.856356	-0.821881	0.760495	0.000000	0.000000	0.000000	0.000000	0.000000	0.000000
-0.905233	0.856438	-0.821927	0.760618	0.000000	0.000000	0.000000	0.000000	0.000000	0.000000
-0.905233	0.856350	-0.821924	0.760625	0.000000	0.000000	0.000000	0.000000	0.000000	0.000000
-0.905233	0.856474	-0.821887	0.758275	0.000000	0.000000	0.000000	0.000000	0.000000	0.000000
-0.905233	0.856340	-0.821927	0.760035	0.000000	0.000000	0.000000	0.000000	0.000000	0.000000
-0.905233	0.856416	-0.814811	0.760749	0.000000	0.000000	0.000000	0.000000	0.000000	0.000000
-0.905233	0.856376	-0.821927	0.760589	0.000000	0.000000	0.000000	0.000000	0.000000	0.000000
-0.905233	0.856425	-0.821925	0.758920	0.000000	0.000000	0.000000	0.000000	0.000000	0.000000
-0.905233	0.856304	-0.636500	0.760808	0.000000	0.000000	0.000000	0.000000	0.000000	0.000000
-0.905233	0.856393	-0.821922	0.760751	0.000000	0.000000	0.000000	0.000000	0.000000	0.000000
-0.905233	0.856337	-0.821910	0.760422	0.000000	0.000000	0.000000	0.000000	0.000000	0.000000
-0.905232	0.856425	-0.821927	0.742208	0.000000	0.000000	0.000000	0.000000	0.000000	0.000000
-0.905233	0.856356	-0.821924	0.760055	0.000000	0.000000	0.000000	0.000000	0.000000	0.000000
-0.905233	0.856420	-0.821927	0.760584	0.000000	0.000000	0.000000	0.000000	0.000000	0.000000
-0.905233	0.856286	-0.821903	0.760372	0.000000	0.000000	0.000000	0.000000	0.000000	0.000000
-0.905233	0.856342	-0.821921	0.760007	0.000000	0.000000	0.000000	0.000000	0.000000	0.000000
-0.905233	0.856301	-0.821481	0.760483	0.000000	0.000000	0.000000	0.000000	0.000000	0.000000
-0.905233	0.856337	-0.821871	0.760637	0.000000	0.000000	0.000000	0.000000	0.000000	0.000000
-0.905233	0.856284	-0.821913	0.760093	0.000000	0.000000	0.000000	0.000000	0.000000	0.000000
-0.905233	0.856318	-0.821927	0.760582	0.000000	0.000000	0.000000	0.000000	0.000000	0.000000
-0.905233	0.856361	-0.821926	0.760605	0.000000	0.000000	0.000000	0.000000	0.000000	0.000000
-0.905233	0.856408	-0.821905	0.758275	0.000000	0.000000	0.000000	0.000000	0.000000	0.000000
-0.905233	0.856301	-0.821926	0.760766	0.000000	0.000000	0.000000	0.000000	0.000000	0.000000
-0.905233	0.856375	-0.821927	0.730501	0.000000	0.000000	0.000000	0.000000	0.000000	0.000000
-0.905233	0.856272	-0.821914	0.760771	0.000000	0.000000	0.000000	0.000000	0.000000	0.000000
-0.905233	0.856437	-0.821924	0.758225	0.000000	0.000000	0.000000	0.000000	0.000000	0.000000
-0.905233	0.856402	-0.819757	0.760083	0.000000	0.000000	0.000000	0.000000	0.000000	0.000000
-0.905233	0.856436	-0.821927	0.760362	0.000000	0.000000	0.000000	0.000000	0.000000	0.000000
-0.905232	0.856411	-0.821927	0.760762	0.000000	0.000000	0.000000	0.000000	0.000000	0.000000
-0.905233	0.856451	-0.821927	0.759602	0.000000	0.000000	0.000000	0.000000	0.000000	0.000000
-0.905233	0.856290	-0.821922	0.759961	0.000000	0.000000	0.000000	0.000000	0.000000	0.000000
-0.905233	0.856341	-0.821927	0.760696	0.000000	0.000000	0.000000	0.000000	0.000000	0.000000
-0.905233	0.856383	-0.821851	0.760235	0.000000	0.000000	0.000000	0.000000	0.000000	0.000000
-0.905233	0.856267	-0.821925	0.760207	0.000000	0.000000	0.000000	0.000000	0.000000	0.000000
-0.905233	0.856344	-0.821885	0.760654	0.000000	0.000000	0.000000	0.000000	0.000000	0.000000
-0.905233	0.856439	-0.725609	0.760635	0.000000	0.000000	0.000000	0.000000	0.000000	0.000000
-0.905233	0.856342	-0.821922	0.760715	0.000000	0.000000	0.000000	0.000000	0.000000	0.000000
-0.905233	0.856388	-0.821902	0.759765	0.000000	0.000000	0.000000	0.000000	0.000000	0.000000
-0.905233	0.856473	-0.821926	0.749106	0.000000	0.000000	0.000000	0.000000	0.000000	0.000000
-0.905233	0.856363	-0.821923	0.760755	0.000000	0.000000	0.000000	0.000000	0.000000	0.000000
-0.905233	0.856411	-0.821910	0.759218	0.000000	0.000000	0.000000	0.000000	0.000000	0.000000
-0.905233	0.856424	-0.821926	0.760711	0.000000	0.000000	0.000000	0.000000	0.000000	0.000000
-0.905233	0.856464	-0.821882	0.760255	0.000000	0.000000	0.000000	0.000000	0.000000	0.000000
-0.905233	0.856356	-0.821926	0.760704	0.000000	0.000000	0.000000	0.000000	0.000000	0.000000
-0.905233	0.856417	-0.821312	0.759549	0.000000	0.000000	0.000000	0.000000	0.000000	0.000000
-0.905233	0.856413	-0.821866	0.760397	0.000000	0.000000	0.000000	0.000000	0.000000	0.000000
-0.905233	0.856387	-0.821926	0.760741	0.000000	0.000000	0.000000	0.000000	0.000000	0.000000
-0.905233	0.856362	-0.821927	0.760593	0.000000	0.000000	0.000000	0.000000	0.000000	0.000000
-0.905233	0.856369	-0.821925	0.760561	0.000000	0.000000	0.000000	0.000000	0.000000	0.000000
-0.905233	0.856306	-0.821927	0.760752	0.000000	0.000000	0.000000	0.000000	0.000000	0.000000
-0.905233	0.856356	-0.821863	0.760698	0.000000	0.000000	0.000000	0.000000	0.000000	0.000000
-0.905233	0.856415	-0.821921	0.751155	0.000000	0.000000	0.000000	0.000000	0.000000	0.000000
-0.905233	0.856342	-0.821595	0.760482	0.000000	0.000000	0.000000	0.000000	0.000000	0.000000
-0.905233	0.856447	-0.821927	0.760679	0.000000	0.000000	0.000000	0.000000	0.000000	0.000000
-0.905233	0.856414	-0.821926	0.760760	0.000000	0.000000	0.000000	0.000000	0.000000	0.000000
-0.905233	0.856394	-0.821926	0.760678	0.000000	0.000000	0.000000	0.000000	0.000000	0.000000
-0.905233	0.856250	-0.821833	0.760567	0.000000	0.000000	0.000000	0.000000	0.000000	0.000000
-0.905233	0.856364	-0.821874	0.754562	0.000000	0.000000	0.000000	0.000000	0.000000	0.000000
-0.905233	0.856393	-0.821927	0.760744	0.000000	0.000000	0.000000	0.000000	0.000000	0.000000
-0.905233	0.856329	-0.821926	0.760595	0.000000	0.000000	0.000000	0.000000	0.000000	0.000000
-0.905233	0.856305	-0.807671	0.760547	0.000000	0.000000	0.000000	0.000000	0.000000	0.000000
-0.905233	0.856355	-0.821771	0.760702	0.000000	0.000000	0.000000	0.000000	0.000000	0.000000
-0.905233	0.856380	-0.821926	0.660625	0.000000	0.000000	0.000000	0.000000	0.000000	0.000000
-0.905233	0.856353	-0.821751	0.760700	0.000000	0.000000	0.000000	0.000000	0.000000	0.000000
-0.905233	0.856347	-0.821927	0.759560	0.000000	0.000000	0.000000	0.000000	0.000000	0.000000
-0.905233	0.856356	-0.821889	0.752226	0.000000	0.000000	0.000000	0.000000	0.000000	0.000000
-0.905233	0.856394	-0.821908	0.760609	0.000000	0.000000	0.000000	0.000000	0.000000	0.000000
-0.905233	0.856342	-0.813879	0.760641	0.000000	0.000000	0.000000	0.000000	0.000000	0.000000
-0.905233	0.856346	-0.821922	0.760191	0.000000	0.000000	0.000000	0.000000	0.000000	0.000000
-0.905233	0.856496	-0.821927	0.760921	0.000000	0.000000	0.000000	0.000000	0.000000	0.000000
-0.905233	0.856479	-0.821924	0.760807	0.000000	0.000000	0.000000	0.000000	0.000000	0.000000
-0.905233	0.856365	-0.814671	0.760280	0.000000	0.000000	0.000000	0.000000	0.000000	0.000000
-0.905233	0.856379	-0.821919	0.760608	0.000000	0.000000	0.000000	0.000000	0.000000	0.000000
-0.905233	0.856330	-0.821926	0.760199	0.000000	0.000000	0.000000	0.000000	0.000000	0.000000
-0.905233	0.856354	-0.814826	0.755123	0.000000	0.000000	0.000000	0.000000	0.000000	0.000000
-0.905233	0.856411	-0.821926	0.760727	0.000000	0.000000	0.000000	0.000000	0.000000	0.000000
-0.905233	0.856394	-0.821921	0.750447	0.000000	0.000000	0.000000	0.000000	0.000000	0.000000
-0.905233	0.856425	-0.821740	0.760595	0.000000	0.000000	0.000000	0.000000	0.000000	0.000000
-0.905233	0.856435	-0.821927	0.760156	0.000000	0.000000	0.000000	0.000000	0.000000	0.000000
-0.905233	0.856355	-0.821924	0.759912	0.000000	0.000000	0.000000	0.000000	0.000000	0.000000
-0.905233	0.856372	-0.821927	0.760670	0.000000	0.000000	0.000000	0.000000	0.000000	0.000000
-0.905232	0.856327	-0.821926	0.753866	0.000000	0.000000	0.000000	0.000000	0.000000	0.000000
-0.905233	0.856443	-0.821794	0.760772	0.000000	0.000000	0.000000	0.000000	0.000000	0.000000
-0.905233	0.856434	-0.821927	0.758423	0.000000	0.000000	0.000000	0.000000	0.000000	0.000000
-0.905233	0.856379	-0.817589	0.760501	0.000000	0.000000	0.000000	0.000000	0.000000	0.000000
-0.905233	0.856367	-0.821847	0.754584	0.000000	0.000000	0.000000	0.000000	0.000000	0.000000
-0.905233	0.856480	-0.821927	0.751957	0.000000	0.000000	0.000000	0.000000	0.000000	0.000000
-0.905233	0.856402	-0.821926	0.760854	0.000000	0.000000	0.000000	0.000000	0.000000	0.000000
-0.905233	0.856378	-0.821926	0.760607	0.000000	0.000000	0.000000	0.000000	0.000000	0.000000
-0.905233	0.856339	-0.821904	0.760847	0.000000	0.000000	0.000000	0.000000	0.000000	0.000000
-0.905233	0.856393	-0.821920	0.760532	0.000000	0.000000	0.000000	0.000000	0.000000	0.000000
-0.905233	0.856417	-0.821914	0.612178	0.000000	0.000000	0.000000	0.000000	0.000000	0.000000
-0.905233	0.856424	-0.821900	0.760451	0.000000	0.000000	0.000000	0.000000	0.000000	0.000000
-0.905233	0.856417	-0.821926	0.760383	0.000000	0.000000	0.000000	0.000000	0.000000	0.000000
-0.905233	0.856335	-0.821700	0.760699	0.000000	0.000000	0.000000	0.000000	0.000000	0.000000
-0.905233	0.856392	-0.821502	0.745045	0.000000	0.000000	0.000000	0.000000	0.000000	0.000000
-0.905233	0.856341	-0.821927	0.760824	0.000000	0.000000	0.000000	0.000000	0.000000	0.000000
-0.905233	0.856295	-0.821925	0.760775	0.000000	0.000000	0.000000	0.000000	0.000000	0.000000
-0.905233	0.856355	-0.821925	0.729282	0.000000	0.000000	0.000000	0.000000	0.000000	0.000000
-0.905233	0.856409	-0.821926	0.760559	0.000000	0.000000	0.000000	0.000000	0.000000	0.000000
-0.905233	0.856384	-0.821926	0.760214	0.000000	0.000000	0.000000	0.000000	0.000000	0.000000
-0.905233	0.856367	-0.821926	0.760419	0.000000	0.000000	0.000000	0.000000	0.000000	0.000000
-0.905233	0.856434	-0.821616	0.758382	0.000000	0.000000	0.000000	0.000000	0.000000	0.000000
-0.905233	0.856376	-0.821851	0.760510	0.000000	0.000000	0.000000	0.000000	0.000000	0.000000
-0.905233	0.856394	-0.821927	0.760729	0.000000	0.000000	0.000000	0.000000	0.000000	0.000000
-0.905233	0.856343	-0.821924	0.760278	0.000000	0.000000	0.000000	0.000000	0.000000	0.000000
-0.905233	0.856404	-0.821926	0.760528	0.000000	0.000000	0.000000	0.000000	0.000000	0.000000
-0.905233	0.856324	-0.821927	0.760797	0.000000	0.000000	0.000000	0.000000	0.000000	0.000000
-0.905232	0.856318	-0.821926	0.760617	0.000000	0.000000	0.000000	0.000000	0.000000	0.000000
-0.905233	0.856423	-0.821730	0.760684	0.000000	0.000000	0.000000	0.000000	0.000000	0.000000
-0.905233	0.856316	-0.821926	0.760521	0.000000	0.000000	0.000000	0.000000	0.000000	0.000000
-0.905233	0.856371	-0.821925	0.760638	0.000000	0.000000	0.000000	0.000000	0.000000	0.000000
-0.905233	0.856263	-0.821869	0.760924	0.000000	0.000000	0.000000	0.000000	0.000000	0.000000
-0.905233	0.856421	-0.821927	0.760680	0.000000	0.000000	0.000000	0.000000	0.000000	0.000000
-0.905233	0.856345	-0.821920	0.760681	0.000000	0.000000	0.000000	0.000000	0.000000	0.000000
-0.905233	0.856449	-0.821795	0.637406	0.000000	0.000000	0.000000	0.000000	0.000000	0.000000
-0.905233	0.856465	-0.821925	0.760686	0.000000	0.000000	0.000000	0.000000	0.000000	0.000000
-0.905233	0.856355	-0.812331	0.760651	0.000000	0.000000	0.000000	0.000000	0.000000	0.000000
-0.905233	0.856451	-0.821927	0.760579	0.000000	0.000000	0.000000	0.000000	0.000000	0.000000
-0.905233	0.856289	-0.821727	0.759830	0.000000	0.000000	0.000000	0.000000	0.000000	0.000000
-0.905233	0.856412	-0.821893	0.760630	0.000000	0.000000	0.000000	0.000000	0.000000	0.000000
-0.905233	0.856390	-0.821918	0.760408	0.000000	0.000000	0.000000	0.000000	0.000000	0.000000
-0.905233	0.856302	-0.821927	0.760419	0.000000	0.000000	0.000000	0.000000	0.000000	0.000000
-0.905233	0.856484	-0.821927	0.757640	0.000000	0.000000	0.000000	0.000000	0.000000	0.000000
-0.905233	0.856360	-0.821926	0.758307	0.000000	0.000000	0.000000	0.000000	0.000000	0.000000
-0.905233	0.856407	-0.821927	0.757123	0.000000	0.000000	0.000000	0.000000	0.000000	0.000000
-0.905233	0.856449	-0.821850	0.760602	0.000000	0.000000	0.000000	0.000000	0.000000	0.000000
-0.905233	0.856410	-0.821926	0.760843	0.000000	0.000000	0.000000	0.000000	0.000000	0.000000
-0.905233	0.856347	-0.815070	0.760735	0.000000	0.000000	0.000000	0.000000	0.000000	0.000000
-0.905233	0.856374	-0.819974	0.760690	0.000000	0.000000	0.000000	0.000000	0.000000	0.000000
-0.905233	0.856388	-0.821925	0.760612	0.000000	0.000000	0.000000	0.000000	0.000000	0.000000
-0.905233	0.856330	-0.821915	0.760524	0.000000	0.000000	0.000000	0.000000	0.000000	0.000000
-0.905233	0.856386	-0.821923	0.751063	0.000000	0.000000	0.000000	0.000000	0.000000	0.000000
-0.905233	0.856353	-0.821927	0.760614	0.000000	0.000000	0.000000	0.000000	0.000000	0.000000
-0.905233	0.856339	-0.821849	0.758960	0.000000	0.000000	0.000000	0.000000	0.000000	0.000000
-0.905233	0.856365	-0.821926	0.760819	0.000000	0.000000	0.000000	0.000000	0.000000	0.000000
-0.905233	0.856389	-0.821927	0.760074	0.000000	0.000000	0.000000	0.000000	0.000000	0.000000
-0.905233	0.856438	-0.821776	0.760895	0.000000	0.000000	0.000000	0.000000	0.000000	0.000000
-0.905233	0.856283	-0.821917	0.757655	0.000000	0.000000	0.000000	0.000000	0.000000	0.000000
-0.905233	0.856326	-0.821927	0.748868	0.000000	0.000000	0.000000	0.000000	0.000000	0.000000
-0.905233	0.856378	-0.821926	0.760407	0.000000	0.000000	0.000000	0.000000	0.000000	0.000000
-0.905233	0.856368	-0.821927	0.710950	0.000000	0.000000	0.000000	0.000000	0.000000	0.000000
-0.905233	0.856410	-0.821927	0.760309	0.000000	0.000000	0.000000	0.000000	0.000000	0.000000
-0.905232	0.856427	-0.821927	0.757426	0.000000	0.000000	0.000000	0.000000	0.000000	0.000000
-0.905233	0.856282	-0.821926	0.760684	0.000000	0.000000	0.000000	0.000000	0.000000	0.000000
-0.905233	0.856449	-0.821927	0.760652	0.000000	0.000000	0.000000	0.000000	0.000000	0.000000
-0.905233	0.856348	-0.821927	0.760554	0.000000	0.000000	0.000000	0.000000	0.000000	0.000000
-0.905233	0.856418	-0.821927	0.760444	0.000000	0.000000	0.000000	0.000000	0.000000	0.000000
-0.905233	0.856360	-0.821926	0.760696	0.000000	0.000000	0.000000	0.000000	0.000000	0.000000
-0.905233	0.856299	-0.821926	0.760139	0.000000	0.000000	0.000000	0.000000	0.000000	0.000000
-0.905233	0.856439	-0.821926	0.760590	0.000000	0.000000	0.000000	0.000000	0.000000	0.000000
-0.905233	0.856455	-0.821927	0.760619	0.000000	0.000000	0.000000	0.000000	0.000000	0.000000
-0.905233	0.856309	-0.821918	0.760562	0.000000	0.000000	0.000000	0.000000	0.000000	0.000000
-0.905233	0.856453	-0.821873	0.760670	0.000000	0.000000	0.000000	0.000000	0.000000	0.000000
-0.905233	0.856475	-0.821889	0.760677	0.000000	0.000000	0.000000	0.000000	0.000000	0.000000
-0.905233	0.856422	-0.821918	0.760624	0.000000	0.000000	0.000000	0.000000	0.000000	0.000000
-0.905233	0.856390	-0.821927	0.760382	0.000000	0.000000	0.000000	0.000000	0.000000	0.000000
-0.905233	0.856405	-0.821927	0.760670	0.000000	0.000000	0.000000	0.000000	0.000000	0.000000
-0.905233	0.856367	-0.821617	0.760398	0.000000	0.000000	0.000000	0.000000	0.000000	0.000000
-0.905233	0.856462	-0.821915	0.761003	0.000000	0.000000	0.000000	0.000000	0.000000	0.000000
-0.905233	0.856464	-0.821922	0.760345	0.000000	0.000000	0.000000	0.000000	0.000000	0.000000
-0.905233	0.856304	-0.821927	0.760048	0.000000	0.000000	0.000000	0.000000	0.000000	0.000000
-0.905233	0.856362	-0.821927	0.751262	0.000000	0.000000	0.000000	0.000000	0.000000	0.000000
-0.905233	0.856378	-0.821924	0.760348	0.000000	0.000000	0.000000	0.000000	0.000000	0.000000
-0.905233	0.856421	-0.821927	0.760711	0.000000	0.000000	0.000000	0.000000	0.000000	0.000000
-0.905233	0.856313	-0.821926	0.756190	0.000000	0.000000	0.000000	0.000000	0.000000	0.000000
-0.905233	0.856477	-0.821927	0.758759	0.000000	0.000000	0.000000	0.000000	0.000000	0.000000
-0.905233	0.856345	-0.803250	0.539734	0.000000	0.000000	0.000000	0.000000	0.000000	0.000000
-0.905233	0.856339	-0.821926	0.759226	0.000000	0.000000	0.000000	0.000000	0.000000	0.000000
-0.905233	0.856466	-0.821922	0.743569	0.000000	0.000000	0.000000	0.000000	0.000000	0.000000
-0.905233	0.856342	-0.821916	0.760541	0.000000	0.000000	0.000000	0.000000	0.000000	0.000000
-0.905233	0.856358	-0.821917	0.760521	0.000000	0.000000	0.000000	0.000000	0.000000	0.000000
-0.905233	0.856394	-0.821926	0.760503	0.000000	0.000000	0.000000	0.000000	0.000000	0.000000
-0.905233	0.856463	-0.821927	0.760694	0.000000	0.000000	0.000000	0.000000	0.000000	0.000000
-0.905233	0.856350	-0.821926	0.760401	0.000000	0.000000	0.000000	0.000000	0.000000	0.000000
-0.905233	0.856376	-0.821926	0.760422	0.000000	0.000000	0.000000	0.000000	0.000000	0.000000
-0.905233	0.856309	-0.821927	0.757840	0.000000	0.000000	0.000000	0.000000	0.000000	0.000000
-0.905233	0.856307	-0.811754	0.760679	0.000000	0.000000	0.000000	0.000000	0.000000	0.000000
-0.905233	0.856478	-0.821926	0.760604	0.000000	0.000000	0.000000	0.000000	0.000000	0.000000
-0.905233	0.856461	-0.821917	0.760894	0.000000	0.000000	0.000000	0.000000	0.000000	0.000000
-0.905233	0.856399	-0.821927	0.756927	0.000000	0.000000	0.000000	0.000000	0.000000	0.000000
-0.905233	0.856362	-0.821927	0.760930	0.000000	0.000000	0.000000	0.000000	0.000000	0.000000
-0.905233	0.856491	-0.821926	0.757983	0.000000	0.000000	0.000000	0.000000	0.000000	0.000000
-0.905233	0.856406	-0.821926	0.760758	0.000000	0.000000	0.000000	0.000000	0.000000	0.000000
-0.905233	0.856436	-0.821925	0.760630	0.000000	0.000000	0.000000	0.000000	0.000000	0.000000
-0.905233	0.856254	-0.821927	0.760561	0.000000	0.000000	0.000000	0.000000	0.000000	0.000000
-0.905233	0.856354	-0.821927	0.760805	0.000000	0.000000	0.000000	0.000000	0.000000	0.000000
-0.905233	0.856395	-0.821926	0.760642	0.000000	0.000000	0.000000	0.000000	0.000000	0.000000
-0.905233	0.856369	-0.821901	0.752519	0.000000	0.000000	0.000000	0.000000	0.000000	0.000000
-0.905233	0.856337	-0.821908	0.760135	0.000000	0.000000	0.000000	0.000000	0.000000	0.000000
-0.905233	0.856356	-0.817614	0.760790	0.000000	0.000000	0.000000	0.000000	0.000000	0.000000
-0.905233	0.856390	-0.821922	0.760701	0.000000	0.000000	0.000000	0.000000	0.000000	0.000000
-0.905233	0.856371	-0.821921	0.760812	0.000000	0.000000	0.000000	0.000000	0.000000	0.000000
-0.905232	0.856367	-0.821926	0.760663	0.000000	0.000000	0.000000	0.000000	0.000000	0.000000
-0.905233	0.856367	-0.821926	0.758765	0.000000	0.000000	0.000000	0.000000	0.000000	0.000000
-0.905233	0.856384	-0.821807	0.760505	0.000000	0.000000	0.000000	0.000000	0.000000	0.000000
-0.905233	0.856350	-0.821927	0.760524	0.000000	0.000000	0.000000	0.000000	0.000000	0.000000
-0.905233	0.856400	-0.821926	0.760541	0.000000	0.000000	0.000000	0.000000	0.000000	0.000000
-0.905233	0.856421	-0.821884	0.760693	0.000000	0.000000	0.000000	0.000000	0.000000	0.000000
-0.905233	0.856349	-0.821926	0.760423	0.000000	0.000000	0.000000	0.000000	0.000000	0.000000
-0.905232	0.856396	-0.821331	0.760594	0.000000	0.000000	0.000000	0.000000	0.000000	0.000000
-0.905233	0.856329	-0.810395	0.736209	0.000000	0.000000	0.000000	0.000000	0.000000	0.000000
-0.905233	0.856322	-0.791512	0.760406	0.000000	0.000000	0.000000	0.000000	0.000000	0.000000
-0.905233	0.856423	-0.821926	0.760585	0.000000	0.000000	0.000000	0.000000	0.000000	0.000000
-0.905233	0.856288	-0.821627	0.760555	0.000000	0.000000	0.000000	0.000000	0.000000	0.000000
-0.905233	0.856356	-0.821380	0.754710	0.000000	0.000000	0.000000	0.000000	0.000000	0.000000
-0.905233	0.856466	-0.821867	0.760767	0.000000	0.000000	0.000000	0.000000	0.000000	0.000000
-0.905233	0.856465	-0.821927	0.694649	0.000000	0.000000	0.000000	0.000000	0.000000	0.000000
-0.905233	0.856420	-0.821739	0.760788	0.000000	0.000000	0.000000	0.000000	0.000000	0.000000
-0.905233	0.856355	-0.821927	0.722770	0.000000	0.000000	0.000000	0.000000	0.000000	0.000000
-0.905233	0.856458	-0.821927	0.760752	0.000000	0.000000	0.000000	0.000000	0.000000	0.000000
-0.905233	0.856297	-0.821926	0.759105	0.000000	0.000000	0.000000	0.000000	0.000000	0.000000
-0.905232	0.856414	-0.821925	0.759690	0.000000	0.000000	0.000000	0.000000	0.000000	0.000000
-0.905233	0.856342	-0.821926	0.760575	0.000000	0.000000	0.000000	0.000000	0.000000	0.000000
-0.905233	0.856415	-0.821893	0.737704	0.000000	0.000000	0.000000	0.000000	0.000000	0.000000
-0.905233	0.856336	-0.821659	0.760369	0.000000	0.000000	0.000000	0.000000	0.000000	0.000000
-0.905233	0.856316	-0.821927	0.760618	0.000000	0.000000	0.000000	0.000000	0.000000	0.000000
-0.905233	0.856295	-0.821926	0.760221	0.000000	0.000000	0.000000	0.000000	0.000000	0.000000
-0.905233	0.856388	-0.821927	0.760176	0.000000	0.000000	0.000000	0.000000	0.000000	0.000000
-0.905232	0.856308	-0.821925	0.760649	0.000000	0.000000	0.000000	0.000000	0.000000	0.000000
-0.905233	0.856426	-0.821926	0.758646	0.000000	0.000000	0.000000	0.000000	0.000000	0.000000
-0.905233	0.856470	-0.821922	0.640933	0.000000	0.000000	0.000000	0.000000	0.000000	0.000000
-0.905233	0.856382	-0.821927	0.757093	0.000000	0.000000	0.000000	0.000000	0.000000	0.000000
-0.905233	0.856424	-0.821927	0.759525	0.000000	0.000000	0.000000	0.000000	0.000000	0.000000
-0.905233	0.856411	-0.821926	0.760550	0.000000	0.000000	0.000000	0.000000	0.000000	0.000000
-0.905233	0.856384	-0.821927	0.760395	0.000000	0.000000	0.000000	0.000000	0.000000	0.000000
-0.905233	0.856425	-0.821906	0.760525	0.000000	0.000000	0.000000	0.000000	0.000000	0.000000
-0.905233	0.856386	-0.821818	0.760666	0.000000	0.000000	0.000000	0.000000	0.000000	0.000000
-0.905233	0.856402	-0.821009	0.731491	0.000000	0.000000	0.000000	0.000000	0.000000	0.000000
-0.905233	0.846322	0.017048	-0.000057	0.000000	0.000000	0.000000	0.000000	0.000000	0.000000
-0.905233	0.856331	0.774224	-0.791968	0.000000	0.000000	0.000000	0.000000	0.000000	0.000000
-0.905233	0.856354	0.774781	-0.791974	0.000000	0.000000	0.000000	0.000000	0.000000	0.000000
-0.905233	0.856304	0.774255	-0.791939	0.000000	0.000000	0.000000	0.000000	0.000000	0.000000
-0.905232	0.856377	0.774591	-0.791964	0.000000	0.000000	0.000000	0.000000	0.000000	0.000000
-0.905233	0.856424	0.774374	-0.791964	0.000000	0.000000	0.000000	0.000000	0.000000	0.000000
-0.905233	0.856385	0.774100	-0.791969	0.000000	0.000000	0.000000	0.000000	0.000000	0.000000
-0.905233	0.856412	0.772575	-0.791962	0.000000	0.000000	0.000000	0.000000	0.000000	0.000000
-0.905233	0.856391	0.773607	-0.791775	0.000000	0.000000	0.000000	0.000000	0.000000	0.000000
-0.905233	0.856360	0.774037	-0.791904	0.000000	0.000000	0.000000	0.000000	0.000000	0.000000
-0.905233	0.856307	0.773861	-0.791974	0.000000	0.000000	0.000000	0.000000	0.000000	0.000000
-0.905233	0.856351	0.774431	-0.791975	0.000000	0.000000	0.000000	0.000000	0.000000	0.000000
-0.905233	0.856303	0.774716	-0.791015	0.000000	0.000000	0.000000	0.000000	0.000000	0.000000
-0.905233	0.856331	0.774036	-0.791267	0.000000	0.000000	0.000000	0.000000	0.000000	0.000000
-0.905233	0.856340	0.774371	-0.791970	0.000000	0.000000	0.000000	0.000000	0.000000	0.000000
-0.905233	0.856349	0.774203	-0.791971	0.000000	0.000000	0.000000	0.000000	0.000000	0.000000
-0.905233	0.856324	0.774583	-0.791971	0.000000	0.000000	0.000000	0.000000	0.000000	0.000000
-0.905233	0.856307	0.774171	-0.791972	0.000000	0.000000	0.000000	0.000000	0.000000	0.000000
-0.905233	0.856354	0.774670	-0.791965	0.000000	0.000000	0.000000	0.000000	0.000000	0.000000
-0.905233	0.856474	0.773710	-0.484780	0.000000	0.000000	0.000000	0.000000	0.000000	0.000000
-0.905233	0.856314	0.774351	-0.780267	0.000000	0.000000	0.000000	0.000000	0.000000	0.000000
-0.905233	0.856357	0.773495	-0.791960	0.000000	0.000000	0.000000	0.000000	0.000000	0.000000
-0.905233	0.856263	0.774534	-0.791974	0.000000	0.000000	0.000000	0.000000	0.000000	0.000000
-0.905232	0.856425	0.774063	-0.791842	0.000000	0.000000	0.000000	0.000000	0.000000	0.000000
-0.905233	0.856423	0.774533	-0.791967	0.000000	0.000000	0.000000	0.000000	0.000000	0.000000
-0.905233	0.856284	0.774353	-0.791937	0.000000	0.000000	0.000000	0.000000	0.000000	0.000000
-0.905233	0.856317	0.774503	-0.791970	0.000000	0.000000	0.000000	0.000000	0.000000	0.000000
-0.905232	0.856389	0.774130	-0.791019	0.000000	0.000000	0.000000	0.000000	0.000000	0.000000
-0.905233	0.856303	0.774429	-0.791884	0.000000	0.000000	0.000000	0.000000	0.000000	0.000000
-0.905233	0.856406	0.774383	-0.791975	0.000000	0.000000	0.000000	0.000000	0.000000	0.000000
-0.905233	0.856312	0.774259	-0.791557	0.000000	0.000000	0.000000	0.000000	0.000000	0.000000
-0.905233	0.856359	0.772544	-0.791871	0.000000	0.000000	0.000000	0.000000	0.000000	0.000000
-0.905233	0.856401	0.774337	-0.791965	0.000000	0.000000	0.000000	0.000000	0.000000	0.000000
-0.905233	0.856403	0.750108	-0.791507	0.000000	0.000000	0.000000	0.000000	0.000000	0.000000
-0.905233	0.856380	0.774572	-0.791974	0.000000	0.000000	0.000000	0.000000	0.000000	0.000000
-0.905233	0.856373	0.774663	-0.791974	0.000000	0.000000	0.000000	0.000000	0.000000	0.000000
-0.905233	0.856356	0.774327	-0.791966	0.000000	0.000000	0.000000	0.000000	0.000000	0.000000
-0.905233	0.856324	0.774477	-0.791975	0.000000	0.000000	0.000000	0.000000	0.000000	0.000000
-0.905233	0.856373	0.774669	-0.791974	0.000000	0.000000	0.000000	0.000000	0.000000	0.000000
-0.905233	0.856332	0.774539	-0.791975	0.000000	0.000000	0.000000	0.000000	0.000000	0.000000
-0.905233	0.856371	0.761910	-0.789666	0.000000	0.000000	0.000000	0.000000	0.000000	0.000000
-0.905233	0.856381	0.774493	-0.791844	0.000000	0.000000	0.000000	0.000000	0.000000	0.000000
-0.905233	0.856366	0.772441	-0.791975	0.000000	0.000000	0.000000	0.000000	0.000000	0.000000
-0.905233	0.856407	0.774585	-0.791890	0.000000	0.000000	0.000000	0.000000	0.000000	0.000000
-0.905233	0.856367	0.774902	-0.791269	0.000000	0.000000	0.000000	0.000000	0.000000	0.000000
-0.905233	0.856447	0.768220	-0.791673	0.000000	0.000000	0.000000	0.000000	0.000000	0.000000
-0.905233	0.856450	0.774235	-0.791972	0.000000	0.000000	0.000000	0.000000	0.000000	0.000000
-0.905232	0.856383	0.774422	-0.774166	0.000000	0.000000	0.000000	0.000000	0.000000	0.000000
-0.905233	0.856384	0.774165	-0.791973	0.000000	0.000000	0.000000	0.000000	0.000000	0.000000
-0.905233	0.856431	0.774368	-0.783644	0.000000	0.000000	0.000000	0.000000	0.000000	0.000000
-0.905233	0.856532	0.772424	-0.769452	0.000000	0.000000	0.000000	0.000000	0.000000	0.000000
-0.905233	0.856407	0.774057	-0.791974	0.000000	0.000000	0.000000	0.000000	0.000000	0.000000
-0.905233	0.856406	0.773867	-0.791964	0.000000	0.000000	0.000000	0.000000	0.000000	0.000000
-0.905233	0.856346	0.774624	-0.716091	0.000000	0.000000	0.000000	0.000000	0.000000	0.000000
-0.905233	0.856367	0.774492	-0.791974	0.000000	0.000000	0.000000	0.000000	0.000000	0.000000
-0.905233	0.856385	0.774238	-0.791960	0.000000	0.000000	0.000000	0.000000	0.000000	0.000000
-0.905233	0.856370	0.774264	-0.406022	0.000000	0.000000	0.000000	0.000000	0.000000	0.000000
-0.905233	0.856408	0.768808	-0.319691	0.000000	0.000000	0.000000	0.000000	0.000000	0.000000
-0.905233	0.856355	0.774281	-0.791890	0.000000	0.000000	0.000000	0.000000	0.000000	0.000000
-0.905233	0.856345	0.774353	-0.791741	0.000000	0.000000	0.000000	0.000000	0.000000	0.000000
-0.905233	0.856407	0.774477	-0.790616	0.000000	0.000000	0.000000	0.000000	0.000000	0.000000
-0.905233	0.856377	0.774969	-0.791974	0.000000	0.000000	0.000000	0.000000	0.000000	0.000000
-0.905233	0.856322	0.773846	-0.791921	0.000000	0.000000	0.000000	0.000000	0.000000	0.000000
-0.905233	0.856253	0.773820	-0.791951	0.000000	0.000000	0.000000	0.000000	0.000000	0.000000
-0.905233	0.856368	0.774600	-0.791927	0.000000	0.000000	0.000000	0.000000	0.000000	0.000000
-0.905233	0.856409	0.774075	-0.791420	0.000000	0.000000	0.000000	0.000000	0.000000	0.000000
-0.905233	0.856408	0.773892	-0.791937	0.000000	0.000000	0.000000	0.000000	0.000000	0.000000
-0.905233	0.856111	0.774044	-0.791925	0.000000	0.000000	0.000000	0.000000	0.000000	0.000000
-0.905233	0.856406	0.773736	-0.791706	0.000000	0.000000	0.000000	0.000000	0.000000	0.000000
-0.905233	0.856361	0.774686	-0.790777	0.000000	0.000000	0.000000	0.000000	0.000000	0.000000
-0.905233	0.856288	0.774197	-0.788227	0.000000	0.000000	0.000000	0.000000	0.000000	0.000000
-0.905233	0.856366	0.774928	-0.791944	0.000000	0.000000	0.000000	0.000000	0.000000	0.000000
-0.905233	0.856267	0.774575	-0.791489	0.000000	0.000000	0.000000	0.000000	0.000000	0.000000
-0.905233	0.856406	0.773858	-0.791974	0.000000	0.000000	0.000000	0.000000	0.000000	0.000000
-0.905233	0.856397	0.774196	-0.791398	0.000000	0.000000	0.000000	0.000000	0.000000	0.000000
-0.905233	0.856400	0.774199	-0.784185	0.000000	0.000000	0.000000	0.000000	0.000000	0.000000
-0.905233	0.856448	0.764840	-0.791937	0.000000	0.000000	0.000000	0.000000	0.000000	0.000000
-0.905233	0.856457	0.774022	-0.638919	0.000000	0.000000	0.000000	0.000000	0.000000	0.000000
-0.905233	0.856335	0.772626	-0.790312	0.000000	0.000000	0.000000	0.000000	0.000000	0.000000
-0.905233	0.856355	0.774676	-0.791685	0.000000	0.000000	0.000000	0.000000	0.000000	0.000000
-0.905233	0.856252	0.774381	-0.790413	0.000000	0.000000	0.000000	0.000000	0.000000	0.000000
-0.905232	0.856287	0.774325	-0.791975	0.000000	0.000000	0.000000	0.000000	0.000000	0.000000
-0.905233	0.856339	0.774451	-0.791962	0.000000	0.000000	0.000000	0.000000	0.000000	0.000000
-0.905233	0.856345	0.774283	-0.518510	0.000000	0.000000	0.000000	0.000000	0.000000	0.000000
-0.905233	0.856372	0.774185	-0.783166	0.000000	0.000000	0.000000	0.000000	0.000000	0.000000
-0.905233	0.856384	0.773953	-0.789984	0.000000	0.000000	0.000000	0.000000	0.000000	0.000000
-0.905233	0.856404	0.774290	-0.791092	0.000000	0.000000	0.000000	0.000000	0.000000	0.000000
-0.905233	0.856485	0.774561	-0.791974	0.000000	0.000000	0.000000	0.000000	0.000000	0.000000
-0.905233	0.856355	0.774238	-0.791975	0.000000	0.000000	0.000000	0.000000	0.000000	0.000000
-0.905233	0.856414	0.774910	-0.791893	0.000000	0.000000	0.000000	0.000000	0.000000	0.000000
-0.905233	0.856368	0.774414	-0.791971	0.000000	0.000000	0.000000	0.000000	0.000000	0.000000
-0.905233	0.856334	0.350880	-0.791832	0.000000	0.000000	0.000000	0.000000	0.000000	0.000000
-0.905233	0.856439	0.774241	-0.791547	0.000000	0.000000	0.000000	0.000000	0.000000	0.000000
-0.905233	0.856449	0.773841	-0.791974	0.000000	0.000000	0.000000	0.000000	0.000000	0.000000
-0.905233	0.856355	0.774098	-0.791972	0.000000	0.000000	0.000000	0.000000	0.000000	0.000000
-0.905233	0.856417	0.773853	-0.791639	0.000000	0.000000	0.000000	0.000000	0.000000	0.000000
-0.905233	0.856477	0.774358	-0.791739	0.000000	0.000000	0.000000	0.000000	0.000000	0.000000
-0.905233	0.856394	0.774216	-0.790893	0.000000	0.000000	0.000000	0.000000	0.000000	0.000000
-0.905233	0.856481	0.773888	-0.791895	0.000000	0.000000	0.000000	0.000000	0.000000	0.000000
-0.905233	0.856371	0.774740	-0.791974	0.000000	0.000000	0.000000	0.000000	0.000000	0.000000
-0.905233	0.856430	0.773875	-0.791848	0.000000	0.000000	0.000000	0.000000	0.000000	0.000000
-0.905233	0.856314	0.774091	-0.791975	0.000000	0.000000	0.000000	0.000000	0.000000	0.000000
-0.905233	0.856283	0.774140	-0.770477	0.000000	0.000000	0.000000	0.000000	0.000000	0.000000
-0.905233	0.856319	0.774200	-0.788664	0.000000	0.000000	0.000000	0.000000	0.000000	0.000000
-0.905233	0.856474	0.773827	-0.789407	0.000000	0.000000	0.000000	0.000000	0.000000	0.000000
-0.905233	0.856295	0.773692	-0.791781	0.000000	0.000000	0.000000	0.000000	0.000000	0.000000
-0.905233	0.856439	0.774146	-0.791975	0.000000	0.000000	0.000000	0.000000	0.000000	0.000000
-0.905233	0.856409	0.773902	-0.791040	0.000000	0.000000	0.000000	0.000000	0.000000	0.000000
-0.905233	0.856323	0.774026	-0.791966	0.000000	0.000000	0.000000	0.000000	0.000000	0.000000
-0.905233	0.856408	0.774365	-0.791943	0.000000	0.000000	0.000000	0.000000	0.000000	0.000000
-0.905233	0.856405	0.774488	-0.791951	0.000000	0.000000	0.000000	0.000000	0.000000	0.000000
-0.905233	0.856431	0.774142	-0.790810	0.000000	0.000000	0.000000	0.000000	0.000000	0.000000
-0.905233	0.856483	0.774051	-0.791755	0.000000	0.000000	0.000000	0.000000	0.000000	0.000000
-0.905233	0.856359	0.774422	-0.791957	0.000000	0.000000	0.000000	0.000000	0.000000	0.000000
-0.905233	0.856189	0.774601	-0.791975	0.000000	0.000000	0.000000	0.000000	0.000000	0.000000
-0.905233	0.856378	0.773709	-0.791958	0.000000	0.000000	0.000000	0.000000	0.000000	0.000000
-0.905233	0.856327	0.773799	-0.782907	0.000000	0.000000	0.000000	0.000000	0.000000	0.000000
-0.905233	0.856439	0.774032	-0.791900	0.000000	0.000000	0.000000	0.000000	0.000000	0.000000
-0.905233	0.856367	0.774358	-0.791975	0.000000	0.000000	0.000000	0.000000	0.000000	0.000000
-0.905233	0.856329	0.772891	-0.791970	0.000000	0.000000	0.000000	0.000000	0.000000	0.000000
-0.905233	0.856433	0.770726	-0.791950	0.000000	0.000000	0.000000	0.000000	0.000000	0.000000
-0.905233	0.856371	0.774246	-0.791974	0.000000	0.000000	0.000000	0.000000	0.000000	0.000000
-0.905233	0.856377	0.774294	-0.791974	0.000000	0.000000	0.000000	0.000000	0.000000	0.000000
-0.905233	0.856357	0.761502	-0.791970	0.000000	0.000000	0.000000	0.000000	0.000000	0.000000
-0.905233	0.856392	0.773608	-0.791971	0.000000	0.000000	0.000000	0.000000	0.000000	0.000000
-0.905233	0.856412	0.772258	-0.791957	0.000000	0.000000	0.000000	0.000000	0.000000	0.000000
-0.905233	0.856307	0.774895	-0.791686	0.000000	0.000000	0.000000	0.000000	0.000000	0.000000
-0.905233	0.856415	0.774712	-0.791975	0.000000	0.000000	0.000000	0.000000	0.000000	0.000000
-0.905233	0.856331	0.774030	-0.791973	0.000000	0.000000	0.000000	0.000000	0.000000	0.000000
-0.905233	0.856354	0.771105	-0.791901	0.000000	0.000000	0.000000	0.000000	0.000000	0.000000
-0.905233	0.856448	0.774093	-0.791702	0.000000	0.000000	0.000000	0.000000	0.000000	0.000000
-0.905233	0.856336	0.774099	-0.791824	0.000000	0.000000	0.000000	0.000000	0.000000	0.000000
-0.905233	0.856453	0.772967	-0.791933	0.000000	0.000000	0.000000	0.000000	0.000000	0.000000
-0.905233	0.856397	0.774441	-0.789931	0.000000	0.000000	0.000000	0.000000	0.000000	0.000000
-0.905233	0.856342	0.774089	-0.791580	0.000000	0.000000	0.000000	0.000000	0.000000	0.000000
-0.905233	0.856393	0.774308	-0.791969	0.000000	0.000000	0.000000	0.000000	0.000000	0.000000
-0.905232	0.856390	0.774134	-0.791580	0.000000	0.000000	0.000000	0.000000	0.000000	0.000000
-0.905233	0.856219	0.774325	-0.776801	0.000000	0.000000	0.000000	0.000000	0.000000	0.000000
-0.905232	0.856405	0.773880	-0.791975	0.000000	0.000000	0.000000	0.000000	0.000000	0.000000
-0.905233	0.856292	0.774038	-0.768802	0.000000	0.000000	0.000000	0.000000	0.000000	0.000000
-0.905233	0.856369	0.774212	-0.791973	0.000000	0.000000	0.000000	0.000000	0.000000	0.000000
-0.905233	0.856347	0.774411	-0.791975	0.000000	0.000000	0.000000	0.000000	0.000000	0.000000
-0.905233	0.856409	0.774800	-0.791779	0.000000	0.000000	0.000000	0.000000	0.000000	0.000000
-0.905233	0.856381	0.774224	-0.787935	0.000000	0.000000	0.000000	0.000000	0.000000	0.000000
-0.905233	0.856258	0.774163	-0.791975	0.000000	0.000000	0.000000	0.000000	0.000000	0.000000
-0.905233	0.856327	0.774220	-0.791953	0.000000	0.000000	0.000000	0.000000	0.000000	0.000000
-0.905233	0.856321	0.773698	-0.791703	0.000000	0.000000	0.000000	0.000000	0.000000	0.000000
-0.905233	0.856339	0.773961	-0.791906	0.000000	0.000000	0.000000	0.000000	0.000000	0.000000
-0.905233	0.856388	0.631363	-0.791970	0.000000	0.000000	0.000000	0.000000	0.000000	0.000000
-0.905233	0.856375	0.774285	-0.791855	0.000000	0.000000	0.000000	0.000000	0.000000	0.000000
-0.905233	0.856340	0.774215	-0.791974	0.000000	0.000000	0.000000	0.000000	0.000000	0.000000
-0.905233	0.856420	0.774299	-0.791721	0.000000	0.000000	0.000000	0.000000	0.000000	0.000000
-0.905233	0.856450	0.774236	-0.791975	0.000000	0.000000	0.000000	0.000000	0.000000	0.000000
-0.905233	0.856414	0.773921	-0.791881	0.000000	0.000000	0.000000	0.000000	0.000000	0.000000
-0.905233	0.856364	0.773980	-0.791956	0.000000	0.000000	0.000000	0.000000	0.000000	0.000000
-0.905233	0.856373	0.774279	-0.790898	0.000000	0.000000	0.000000	0.000000	0.000000	0.000000
-0.905233	0.856369	0.773912	-0.787043	0.000000	0.000000	0.000000	0.000000	0.000000	0.000000
-0.905233	0.856476	0.743346	-0.791968	0.000000	0.000000	0.000000	0.000000	0.000000	0.000000
-0.905233	0.856336	0.774410	-0.788928	0.000000	0.000000	0.000000	0.000000	0.000000	0.000000
-0.905232	0.856327	0.770321	-0.791974	0.000000	0.000000	0.000000	0.000000	0.000000	0.000000
-0.905233	0.856389	0.774211	-0.791937	0.000000	0.000000	0.000000	0.000000	0.000000	0.000000
-0.905233	0.856325	0.772558	-0.791643	0.000000	0.000000	0.000000	0.000000	0.000000	0.000000
-0.905233	0.856313	0.739867	-0.791633	0.000000	0.000000	0.000000	0.000000	0.000000	0.000000
-0.905233	0.856366	0.773275	-0.791975	0.000000	0.000000	0.000000	0.000000	0.000000	0.000000
-0.905233	0.856336	0.774979	-0.791975	0.000000	0.000000	0.000000	0.000000	0.000000	0.000000
-0.905233	0.856376	0.772470	-0.791974	0.000000	0.000000	0.000000	0.000000	0.000000	0.000000
-0.905233	0.856326	0.774681	-0.791140	0.000000	0.000000	0.000000	0.000000	0.000000	0.000000
-0.905233	0.856355	0.773845	-0.791974	0.000000	0.000000	0.000000	0.000000	0.000000	0.000000
-0.905233	0.856412	0.774350	-0.791953	0.000000	0.000000	0.000000	0.000000	0.000000	0.000000
-0.905233	0.856466	0.774056	-0.791975	0.000000	0.000000	0.000000	0.000000	0.000000	0.000000
-0.905233	0.856363	0.774098	-0.791656	0.000000	0.000000	0.000000	0.000000	0.000000	0.000000
-0.905233	0.856399	0.774575	-0.791618	0.000000	0.000000	0.000000	0.000000	0.000000	0.000000
-0.905233	0.856280	0.774206	-0.791849	0.000000	0.000000	0.000000	0.000000	0.000000	0.000000
-0.905233	0.856305	0.772013	-0.791968	0.000000	0.000000	0.000000	0.000000	0.000000	0.000000
-0.905233	0.856391	0.774560	-0.791972	0.000000	0.000000	0.000000	0.000000	0.000000	0.000000
-0.905233	0.856405	0.771458	-0.754437	0.000000	0.000000	0.000000	0.000000	0.000000	0.000000
-0.905233	0.856411	0.774074	-0.791717	0.000000	0.000000	0.000000	0.000000	0.000000	0.000000
-0.905233	0.856376	0.774683	-0.791940	0.000000	0.000000	0.000000	0.000000	0.000000	0.000000
-0.905233	0.856363	0.774658	-0.789329	0.000000	0.000000	0.000000	0.000000	0.000000	0.000000
-0.905233	0.856384	0.773523	-0.791974	0.000000	0.000000	0.000000	0.000000	0.000000	0.000000
-0.905232	0.856426	0.765547	-0.791940	0.000000	0.000000	0.000000	0.000000	0.000000	0.000000
-0.905233	0.856326	0.774355	-0.791895	0.000000	0.000000	0.000000	0.000000	0.000000	0.000000
-0.905233	0.856356	0.773989	-0.791968	0.000000	0.000000	0.000000	0.000000	0.000000	0.000000
-0.905233	0.856335	0.774419	-0.791939	0.000000	0.000000	0.000000	0.000000	0.000000	0.000000
-0.905233	0.856334	0.774209	-0.271947	0.000000	0.000000	0.000000	0.000000	0.000000	0.000000
-0.905233	0.856427	0.774503	-0.791102	0.000000	0.000000	0.000000	0.000000	0.000000	0.000000
-0.905232	0.856331	0.774550	-0.791975	0.000000	0.000000	0.000000	0.000000	0.000000	0.000000
-0.905233	0.856330	0.774740	-0.791967	0.000000	0.000000	0.000000	0.000000	0.000000	0.000000
-0.905233	0.856303	0.774296	-0.791975	0.000000	0.000000	0.000000	0.000000	0.000000	0.000000
-0.905233	0.856399	0.774557	-0.791975	0.000000	0.000000	0.000000	0.000000	0.000000	0.000000
-0.905233	0.856473	0.755321	-0.791962	0.000000	0.000000	0.000000	0.000000	0.000000	0.000000
-0.905233	0.856351	0.774405	-0.791956	0.000000	0.000000	0.000000	0.000000	0.000000	0.000000
-0.905233	0.856411	0.773796	-0.790010	0.000000	0.000000	0.000000	0.000000	0.000000	0.000000
-0.905233	0.856346	0.774170	-0.791898	0.000000	0.000000	0.000000	0.000000	0.000000	0.000000
-0.905233	0.856422	0.773962	-0.654248	0.000000	0.000000	0.000000	0.000000	0.000000	0.000000
-0.905233	0.856426	0.774310	-0.791971	0.000000	0.000000	0.000000	0.000000	0.000000	0.000000
-0.905233	0.856382	0.773035	-0.791974	0.000000	0.000000	0.000000	0.000000	0.000000	0.000000
-0.905233	0.856355	0.773996	-0.791482	0.000000	0.000000	0.000000	0.000000	0.000000	0.000000
-0.905233	0.856370	0.773003	-0.791885	0.000000	0.000000	0.000000	0.000000	0.000000	0.000000
-0.905233	0.856409	0.759108	-0.791975	0.000000	0.000000	0.000000	0.000000	0.000000	0.000000
-0.905233	0.856344	0.774259	-0.791655	0.000000	0.000000	0.000000	0.000000	0.000000	0.000000
-0.905232	0.856317	0.773583	-0.791764	0.000000	0.000000	0.000000	0.000000	0.000000	0.000000
-0.905233	0.856438	0.773632	-0.791975	0.000000	0.000000	0.000000	0.000000	0.000000	0.000000
-0.905233	0.856394	0.774625	-0.791947	0.000000	0.000000	0.000000	0.000000	0.000000	0.000000
-0.905233	0.856397	0.774426	-0.791973	0.000000	0.000000	0.000000	0.000000	0.000000	0.000000
-0.905233	0.856366	0.774294	-0.791913	0.000000	0.000000	0.000000	0.000000	0.000000	0.000000
-0.905233	0.856304	0.774678	-0.791865	0.000000	0.000000	0.000000	0.000000	0.000000	0.000000
-0.905233	0.856334	0.774029	-0.791938	0.000000	0.000000	0.000000	0.000000	0.000000	0.000000
-0.905233	0.856441	0.774128	-0.791597	0.000000	0.000000	0.000000	0.000000	0.000000	0.000000
-0.905232	0.856364	0.773894	-0.791966	0.000000	0.000000	0.000000	0.000000	0.000000	0.000000
-0.905233	0.856367	0.774360	-0.791965	0.000000	0.000000	0.000000	0.000000	0.000000	0.000000
-0.905233	0.856386	0.774320	-0.791974	0.000000	0.000000	0.000000	0.000000	0.000000	0.000000
-0.905233	0.856455	0.774150	-0.791974	0.000000	0.000000	0.000000	0.000000	0.000000	0.000000
-0.905233	0.856347	0.773875	-0.791739	0.000000	0.000000	0.000000	0.000000	0.000000	0.000000
-0.905233	0.856467	0.774086	-0.791974	0.000000	0.000000	0.000000	0.000000	0.000000	0.000000
-0.905233	0.856349	0.772859	-0.791974	0.000000	0.000000	0.000000	0.000000	0.000000	0.000000
-0.905233	0.856416	0.774628	-0.791971	0.000000	0.000000	0.000000	0.000000	0.000000	0.000000
-0.905233	0.856268	0.773914	-0.791974	0.000000	0.000000	0.000000	0.000000	0.000000	0.000000
-0.905233	0.856417	0.773975	-0.791959	0.000000	0.000000	0.000000	0.000000	0.000000	0.000000
-0.905233	0.856324	0.774442	-0.791875	0.000000	0.000000	0.000000	0.000000	0.000000	0.000000
-0.905232	0.856475	0.773470	-0.790962	0.000000	0.000000	0.000000	0.000000	0.000000	0.000000
-0.905233	0.856364	0.774358	-0.778458	0.000000	0.000000	0.000000	0.000000	0.000000	0.000000
-0.905233	0.856376	0.774080	-0.791917	0.000000	0.000000	0.000000	0.000000	0.000000	0.000000
-0.905233	0.856383	0.774566	-0.791690	0.000000	0.000000	0.000000	0.000000	0.000000	0.000000
-0.905233	0.856431	0.774285	-0.791801	0.000000	0.000000	0.000000	0.000000	0.000000	0.000000
-0.905233	0.856372	0.774922	-0.788976	0.000000	0.000000	0.000000	0.000000	0.000000	0.000000
-0.905233	0.856406	0.774345	-0.791913	0.000000	0.000000	0.000000	0.000000	0.000000	0.000000
-0.905233	0.856387	0.773968	-0.791913	0.000000	0.000000	0.000000	0.000000	0.000000	0.000000
-0.905233	0.856276	0.774025	-0.791966	0.000000	0.000000	0.000000	0.000000	0.000000	0.000000
-0.905233	0.856298	0.772911	-0.788704	0.000000	0.000000	0.000000	0.000000	0.000000	0.000000
-0.905233	0.856443	0.767624	-0.791962	0.000000	0.000000	0.000000	0.000000	0.000000	0.000000
-0.905233	0.856376	0.774093	-0.787589	0.000000	0.000000	0.000000	0.000000	0.000000	0.000000
-0.905233	0.856413	0.774223	-0.791858	0.000000	0.000000	0.000000	0.000000	0.000000	0.000000
-0.905233	0.856371	0.774232	-0.763454	0.000000	0.000000	0.000000	0.000000	0.000000	0.000000
-0.905233	0.856463	0.773548	-0.791959	0.000000	0.000000	0.000000	0.000000	0.000000	0.000000
-0.905233	0.856412	0.772724	-0.791875	0.000000	0.000000	0.000000	0.000000	0.000000	0.000000
-0.905233	0.856334	0.774172	-0.781629	0.000000	0.000000	0.000000	0.000000	0.000000	0.000000
-0.905233	0.856378	0.774129	-0.791973	0.000000	0.000000	0.000000	0.000000	0.000000	0.000000
-0.905233	0.856331	0.774336	-0.791975	0.000000	0.000000	0.000000	0.000000	0.000000	0.000000
-0.905233	0.856386	0.773898	-0.791973	0.000000	0.000000	0.000000	0.000000	0.000000	0.000000
-0.905233	0.856379	0.773938	-0.791683	0.000000	0.000000	0.000000	0.000000	0.000000	0.000000
-0.905233	0.856418	0.774866	-0.791970	0.000000	0.000000	0.000000	0.000000	0.000000	0.000000
-0.905233	0.856424	0.773997	-0.791781	0.000000	0.000000	0.000000	0.000000	0.000000	0.000000
-0.905233	0.856311	0.773824	-0.790613	0.000000	0.000000	0.000000	0.000000	0.000000	0.000000
-0.905233	0.856345	0.773990	-0.791971	0.000000	0.000000	0.000000	0.000000	0.000000	0.000000
-0.905233	0.856391	0.774501	-0.791953	0.000000	0.000000	0.000000	0.000000	0.000000	0.000000
-0.905232	0.856404	0.774469	-0.791975	0.000000	0.000000	0.000000	0.000000	0.000000	0.000000
-0.905233	0.856362	0.774065	-0.789293	0.000000	0.000000	0.000000	0.000000	0.000000	0.000000
-0.905233	0.856284	0.774097	-0.791931	0.000000	0.000000	0.000000	0.000000	0.000000	0.000000
-0.905233	0.856353	0.774336	-0.791975	0.000000	0.000000	0.000000	0.000000	0.000000	0.000000
