-0.925141	-0.835588	0.000000	0.798898	0.000000	0.000000	0.000000	0.000000	0.000000	0.000000
-0.925141	-0.835880	0.000000	0.798863	0.000000	0.000000	0.000000	0.000000	0.000000	0.000000
-0.925141	-0.835700	0.000000	0.798898	0.000000	0.000000	0.000000	0.000000	0.000000	0.000000
-0.925141	-0.836048	-0.000000	0.798898	0.000000	0.000000	0.000000	0.000000	0.000000	0.000000
-0.925141	-0.835655	0.000000	0.798895	0.000000	0.000000	0.000000	0.000000	0.000000	0.000000
-0.925141	-0.836063	-0.000000	0.798898	0.000000	0.000000	0.000000	0.000000	0.000000	0.000000
-0.925141	-0.836301	-0.000000	0.798898	0.000000	0.000000	0.000000	0.000000	0.000000	0.000000
-0.925141	-0.835913	0.000000	0.798898	0.000000	0.000000	0.000000	0.000000	0.000000	0.000000
-0.925141	-0.835276	-0.000000	0.798898	0.000000	0.000000	0.000000	0.000000	0.000000	0.000000
-0.925141	-0.835700	0.000000	0.798891	0.000000	0.000000	0.000000	0.000000	0.000000	0.000000
-0.925141	-0.835425	-0.000000	0.798853	0.000000	0.000000	0.000000	0.000000	0.000000	0.000000
-0.925141	-0.835764	0.000000	0.798897	0.000000	0.000000	0.000000	0.000000	0.000000	0.000000
-0.925141	-0.835126	0.000000	0.798898	0.000000	0.000000	0.000000	0.000000	0.000000	0.000000
-0.925141	-0.835844	0.000000	0.798898	0.000000	0.000000	0.000000	0.000000	0.000000	0.000000
-0.925141	-0.835680	-0.000000	0.798891	0.000000	0.000000	0.000000	0.000000	0.000000	0.000000
-0.925140	-0.836073	-0.000000	0.798898	0.000000	0.000000	0.000000	0.000000	0.000000	0.000000
-0.925141	-0.835899	-0.000000	0.798896	0.000000	0.000000	0.000000	0.000000	0.000000	0.000000
-0.925141	-0.835615	-0.000000	0.798898	0.000000	0.000000	0.000000	0.000000	0.000000	0.000000
-0.925141	-0.835762	0.000000	0.798898	0.000000	0.000000	0.000000	0.000000	0.000000	0.000000
-0.925141	-0.835387	-0.000000	0.798898	0.000000	0.000000	0.000000	0.000000	0.000000	0.000000
-0.925141	-0.835278	0.000000	0.798898	0.000000	0.000000	0.000000	0.000000	0.000000	0.000000
-0.925141	-0.835662	0.000000	0.798898	0.000000	0.000000	0.000000	0.000000	0.000000	0.000000
-0.925140	-0.835509	-0.000000	0.798897	0.000000	0.000000	0.000000	0.000000	0.000000	0.000000
-0.925141	-0.835837	0.000000	0.798895	0.000000	0.000000	0.000000	0.000000	0.000000	0.000000
-0.925141	-0.835894	0.000000	0.798020	0.000000	0.000000	0.000000	0.000000	0.000000	0.000000
-0.925141	-0.835656	-0.000000	0.798898	0.000000	0.000000	0.000000	0.000000	0.000000	0.000000
-0.925141	-0.835937	-0.000000	0.798898	0.000000	0.000000	0.000000	0.000000	0.000000	0.000000
-0.925141	-0.835599	-0.000000	0.798898	0.000000	0.000000	0.000000	0.000000	0.000000	0.000000
-0.925141	-0.835479	-0.000000	0.798892	0.000000	0.000000	0.000000	0.000000	0.000000	0.000000
-0.925141	-0.836175	0.000000	0.798731	0.000000	0.000000	0.000000	0.000000	0.000000	0.000000
-0.925141	-0.835303	0.000000	0.798898	0.000000	0.000000	0.000000	0.000000	0.000000	0.000000
-0.925141	-0.835531	-0.000000	0.798898	0.000000	0.000000	0.000000	0.000000	0.000000	0.000000
-0.925141	-0.835636	0.000000	0.798898	0.000000	0.000000	0.000000	0.000000	0.000000	0.000000
-0.925141	-0.835473	0.000000	0.798898	0.000000	0.000000	0.000000	0.000000	0.000000	0.000000
-0.925141	-0.836036	-0.000000	0.798898	0.000000	0.000000	0.000000	0.000000	0.000000	0.000000
-0.925141	-0.835810	0.000000	0.798893	0.000000	0.000000	0.000000	0.000000	0.000000	0.000000
-0.925141	-0.835954	-0.000000	0.798898	0.000000	0.000000	0.000000	0.000000	0.000000	0.000000
-0.925141	-0.835615	-0.000000	0.798898	0.000000	0.000000	0.000000	0.000000	0.000000	0.000000
-0.925141	-0.835723	0.000000	0.798898	0.000000	0.000000	0.000000	0.000000	0.000000	0.000000
-0.925141	-0.835726	-0.000000	0.798898	0.000000	0.000000	0.000000	0.000000	0.000000	0.000000
-0.925141	-0.835554	-0.000000	0.798898	0.000000	0.000000	0.000000	0.000000	0.000000	0.000000
-0.925141	-0.835673	-0.000000	0.798898	0.000000	0.000000	0.000000	0.000000	0.000000	0.000000
-0.925141	-0.835616	-0.000000	0.798898	0.000000	0.000000	0.000000	0.000000	0.000000	0.000000
-0.925141	-0.835621	-0.000000	0.796313	0.000000	0.000000	0.000000	0.000000	0.000000	0.000000
-0.925141	-0.835415	-0.000000	0.798897	0.000000	0.000000	0.000000	0.000000	0.000000	0.000000
-0.925140	-0.835556	-0.000000	0.361789	0.000000	0.000000	0.000000	0.000000	0.000000	0.000000
-0.925141	-0.835980	0.000000	0.798898	0.000000	0.000000	0.000000	0.000000	0.000000	0.000000
-0.925141	-0.835686	-0.000000	0.798898	0.000000	0.000000	0.000000	0.000000	0.000000	0.000000
-0.925141	-0.835489	0.000000	0.798898	0.000000	0.000000	0.000000	0.000000	0.000000	0.000000
-0.925141	-0.835538	-0.000000	0.798791	0.000000	0.000000	0.000000	0.000000	0.000000	0.000000
-0.925141	-0.835261	-0.000000	0.798898	0.000000	0.000000	0.000000	0.000000	0.000000	0.000000
-0.925141	-0.835831	-0.000000	0.798898	0.000000	0.000000	0.000000	0.000000	0.000000	0.000000
-0.925141	-0.835789	-0.000000	0.798898	0.000000	0.000000	0.000000	0.000000	0.000000	0.000000
-0.925141	-0.836126	-0.000000	0.797747	0.000000	0.000000	0.000000	0.000000	0.000000	0.000000
-0.925141	-0.835399	-0.000000	0.798898	0.000000	0.000000	0.000000	0.000000	0.000000	0.000000
-0.925141	-0.835969	-0.000000	0.798171	0.000000	0.000000	0.000000	0.000000	0.000000	0.000000
-0.925141	-0.835877	0.000000	0.798898	0.000000	0.000000	0.000000	0.000000	0.000000	0.000000
-0.925141	-0.836034	-0.000000	0.798898	0.000000	0.000000	0.000000	0.000000	0.000000	0.000000
-0.925141	-0.835723	-0.000000	0.798898	0.000000	0.000000	0.000000	0.000000	0.000000	0.000000
-0.925141	-0.835700	0.000000	0.798898	0.000000	0.000000	0.000000	0.000000	0.000000	0.000000
-0.925141	-0.835449	0.000000	0.798898	0.000000	0.000000	0.000000	0.000000	0.000000	0.000000
-0.925141	-0.835666	-0.000000	0.798898	0.000000	0.000000	0.000000	0.000000	0.000000	0.000000
-0.925141	-0.836197	-0.000000	0.798898	0.000000	0.000000	0.000000	0.000000	0.000000	0.000000
-0.925141	-0.835851	0.000000	0.798898	0.000000	0.000000	0.000000	0.000000	0.000000	0.000000
-0.925141	-0.835346	-0.000000	0.798898	0.000000	0.000000	0.000000	0.000000	0.000000	0.000000
-0.925141	-0.835798	0.000000	0.798898	0.000000	0.000000	0.000000	0.000000	0.000000	0.000000
-0.925140	-0.835566	0.000000	0.798898	0.000000	0.000000	0.000000	0.000000	0.000000	0.000000
-0.925141	-0.835936	-0.000000	0.798898	0.000000	0.000000	0.000000	0.000000	0.000000	0.000000
-0.925141	-0.835836	-0.000000	0.798898	0.000000	0.000000	0.000000	0.000000	0.000000	0.000000
-0.925141	-0.835292	-0.000000	0.798898	0.000000	0.000000	0.000000	0.000000	0.000000	0.000000
-0.925141	-0.836464	-0.000000	0.798897	0.000000	0.000000	0.000000	0.000000	0.000000	0.000000
-0.925141	-0.835707	0.000000	0.798237	0.000000	0.000000	0.000000	0.000000	0.000000	0.000000
-0.925141	-0.835558	-0.000000	0.790910	0.000000	0.000000	0.000000	0.000000	0.000000	0.000000
-0.925141	-0.835913	0.000000	0.798898	0.000000	0.000000	0.000000	0.000000	0.000000	0.000000
-0.925141	-0.835780	0.000000	0.798894	0.000000	0.000000	0.000000	0.000000	0.000000	0.000000
-0.925141	-0.835621	-0.000000	0.798896	0.000000	0.000000	0.000000	0.000000	0.000000	0.000000
-0.925141	-0.835786	-0.000000	0.798898	0.000000	0.000000	0.000000	0.000000	0.000000	0.000000
-0.925141	-0.835415	0.000000	0.798897	0.000000	0.000000	0.000000	0.000000	0.000000	0.000000
-0.925141	-0.835842	-0.000000	0.798898	0.000000	0.000000	0.000000	0.000000	0.000000	0.000000
-0.925141	-0.835311	-0.000000	0.798898	0.000000	0.000000	0.000000	0.000000	0.000000	0.000000
-0.925141	-0.835586	-0.000000	0.798898	0.000000	0.000000	0.000000	0.000000	0.000000	0.000000
-0.925141	-0.835771	-0.000000	0.798897	0.000000	0.000000	0.000000	0.000000	0.000000	0.000000
-0.925141	-0.836029	0.000000	0.797763	0.000000	0.000000	0.000000	0.000000	0.000000	0.000000
-0.925141	-0.835270	-0.000000	0.798888	0.000000	0.000000	0.000000	0.000000	0.000000	0.000000
-0.925141	-0.835926	0.000000	0.798885	0.000000	0.000000	0.000000	0.000000	0.000000	0.000000
-0.925141	-0.835221	0.000000	0.798898	0.000000	0.000000	0.000000	0.000000	0.000000	0.000000
-0.925141	-0.835806	-0.000000	0.798898	0.000000	0.000000	0.000000	0.000000	0.000000	0.000000
-0.925141	-0.835543	-0.000000	0.798895	0.000000	0.000000	0.000000	0.000000	0.000000	0.000000
-0.925141	-0.835835	-0.000000	0.798898	0.000000	0.000000	0.000000	0.000000	0.000000	0.000000
-0.925141	-0.835992	0.000000	0.798898	0.000000	0.000000	0.000000	0.000000	0.000000	0.000000
-0.925140	-0.835477	-0.000000	0.798880	0.000000	0.000000	0.000000	0.000000	0.000000	0.000000
-0.925141	-0.835451	0.000000	0.798898	0.000000	0.000000	0.000000	0.000000	0.000000	0.000000
-0.925141	-0.836297	-0.000000	0.798898	0.000000	0.000000	0.000000	0.000000	0.000000	0.000000
-0.925141	-0.835734	0.000000	0.798898	0.000000	0.000000	0.000000	0.000000	0.000000	0.000000
-0.925141	-0.835683	-0.000000	0.798898	0.000000	0.000000	0.000000	0.000000	0.000000	0.000000
-0.925141	-0.835617	-0.000000	0.798898	0.000000	0.000000	0.000000	0.000000	0.000000	0.000000
-0.925141	-0.834770	0.000000	0.798898	0.000000	0.000000	0.000000	0.000000	0.000000	0.000000
-0.925141	-0.835546	0.000000	0.798898	0.000000	0.000000	0.000000	0.000000	0.000000	0.000000
-0.925141	-0.835541	0.000000	0.798898	0.000000	0.000000	0.000000	0.000000	0.000000	0.000000
-0.925141	-0.835465	-0.000000	0.798898	0.000000	0.000000	0.000000	0.000000	0.000000	0.000000
-0.925140	-0.835513	0.000000	0.798898	0.000000	0.000000	0.000000	0.000000	0.000000	0.000000
-0.925141	-0.836016	0.000000	0.798898	0.000000	0.000000	0.000000	0.000000	0.000000	0.000000
-0.925141	-0.836141	0.000000	0.798898	0.000000	0.000000	0.000000	0.000000	0.000000	0.000000
-0.925141	-0.835553	0.000000	0.798898	0.000000	0.000000	0.000000	0.000000	0.000000	0.000000
-0.925141	-0.836233	-0.000000	0.793038	0.000000	0.000000	0.000000	0.000000	0.000000	0.000000
-0.925141	-0.835839	-0.000000	0.798898	0.000000	0.000000	0.000000	0.000000	0.000000	0.000000
-0.925141	-0.835740	-0.000000	0.798898	0.000000	0.000000	0.000000	0.000000	0.000000	0.000000
-0.925141	-0.836326	-0.000000	0.798892	0.000000	0.000000	0.000000	0.000000	0.000000	0.000000
-0.925141	-0.835323	0.000000	0.798898	0.000000	0.000000	0.000000	0.000000	0.000000	0.000000
-0.925141	-0.835559	-0.000000	0.798898	0.000000	0.000000	0.000000	0.000000	0.000000	0.000000
-0.925141	-0.835388	0.000000	0.797820	0.000000	0.000000	0.000000	0.000000	0.000000	0.000000
-0.925141	-0.836032	0.000000	0.798892	0.000000	0.000000	0.000000	0.000000	0.000000	0.000000
-0.925141	-0.835520	0.000000	0.798898	0.000000	0.000000	0.000000	0.000000	0.000000	0.000000
-0.925141	-0.835362	-0.000000	0.798898	0.000000	0.000000	0.000000	0.000000	0.000000	0.000000
-0.925141	-0.835306	0.000000	0.798895	0.000000	0.000000	0.000000	0.000000	0.000000	0.000000
-0.925141	-0.835691	0.000000	0.798898	0.000000	0.000000	0.000000	0.000000	0.000000	0.000000
-0.925141	-0.835266	0.000000	0.798898	0.000000	0.000000	0.000000	0.000000	0.000000	0.000000
-0.925141	-0.835358	0.000000	0.798898	0.000000	0.000000	0.000000	0.000000	0.000000	0.000000
-0.925141	-0.835814	-0.000000	0.798896	0.000000	0.000000	0.000000	0.000000	0.000000	0.000000
-0.925141	-0.835814	0.000000	0.798898	0.000000	0.000000	0.000000	0.000000	0.000000	0.000000
-0.925141	-0.835597	0.000000	0.798898	0.000000	0.000000	0.000000	0.000000	0.000000	0.000000
-0.925141	-0.835541	-0.000000	0.798898	0.000000	0.000000	0.000000	0.000000	0.000000	0.000000
-0.925140	-0.835451	-0.000000	0.798890	0.000000	0.000000	0.000000	0.000000	0.000000	0.000000
-0.925141	-0.835448	-0.000000	0.798898	0.000000	0.000000	0.000000	0.000000	0.000000	0.000000
-0.925141	-0.835797	-0.000000	0.798898	0.000000	0.000000	0.000000	0.000000	0.000000	0.000000
-0.925141	-0.835754	-0.000000	0.798898	0.000000	0.000000	0.000000	0.000000	0.000000	0.000000
-0.925140	-0.835226	-0.000000	0.798896	0.000000	0.000000	0.000000	0.000000	0.000000	0.000000
-0.925141	-0.835463	-0.000000	0.798898	0.000000	0.000000	0.000000	0.000000	0.000000	0.000000
-0.925141	-0.835692	-0.000000	0.798898	0.000000	0.000000	0.000000	0.000000	0.000000	0.000000
-0.925141	-0.835598	-0.000000	0.798898	0.000000	0.000000	0.000000	0.000000	0.000000	0.000000
-0.925141	-0.835618	-0.000000	0.798898	0.000000	0.000000	0.000000	0.000000	0.000000	0.000000
-0.925141	-0.835684	-0.000000	0.798898	0.000000	0.000000	0.000000	0.000000	0.000000	0.000000
-0.925141	-0.835793	-0.000000	0.798898	0.000000	0.000000	0.000000	0.000000	0.000000	0.000000
-0.925141	-0.835708	0.000000	0.798898	0.000000	0.000000	0.000000	0.000000	0.000000	0.000000
-0.925141	-0.835334	0.000000	0.798898	0.000000	0.000000	0.000000	0.000000	0.000000	0.000000
-0.925141	-0.835410	0.000000	0.798898	0.000000	0.000000	0.000000	0.000000	0.000000	0.000000
-0.925141	-0.835341	-0.000000	0.798898	0.000000	0.000000	0.000000	0.000000	0.000000	0.000000
-0.925141	-0.836180	0.000000	0.798898	0.000000	0.000000	0.000000	0.000000	0.000000	0.000000
-0.925141	-0.835763	0.000000	0.798819	0.000000	0.000000	0.000000	0.000000	0.000000	0.000000
-0.925141	-0.835435	0.000000	0.798898	0.000000	0.000000	0.000000	0.000000	0.000000	0.000000
-0.925141	-0.836018	-0.000000	0.798898	0.000000	0.000000	0.000000	0.000000	0.000000	0.000000
-0.925141	-0.835478	0.000000	0.798891	0.000000	0.000000	0.000000	0.000000	0.000000	0.000000
-0.925141	-0.836288	-0.000000	0.798898	0.000000	0.000000	0.000000	0.000000	0.000000	0.000000
-0.925141	-0.835685	0.000000	0.798898	0.000000	0.000000	0.000000	0.000000	0.000000	0.000000
-0.925141	-0.835606	-0.000000	0.798884	0.000000	0.000000	0.000000	0.000000	0.000000	0.000000
-0.925141	-0.835513	-0.000000	0.798183	0.000000	0.000000	0.000000	0.000000	0.000000	0.000000
-0.925141	-0.835914	0.000000	0.798896	0.000000	0.000000	0.000000	0.000000	0.000000	0.000000
-0.925140	-0.835829	0.000000	0.798898	0.000000	0.000000	0.000000	0.000000	0.000000	0.000000
-0.925140	-0.836111	0.000000	0.798898	0.000000	0.000000	0.000000	0.000000	0.000000	0.000000
-0.925141	-0.835684	0.000000	0.798898	0.000000	0.000000	0.000000	0.000000	0.000000	0.000000
-0.925141	-0.835806	-0.000000	0.798278	0.000000	0.000000	0.000000	0.000000	0.000000	0.000000
-0.925141	-0.835942	-0.000000	0.798897	0.000000	0.000000	0.000000	0.000000	0.000000	0.000000
-0.925141	-0.835666	0.000000	0.798314	0.000000	0.000000	0.000000	0.000000	0.000000	0.000000
-0.925141	-0.836075	-0.000000	0.798891	0.000000	0.000000	0.000000	0.000000	0.000000	0.000000
-0.925141	-0.835648	0.000000	0.798898	0.000000	0.000000	0.000000	0.000000	0.000000	0.000000
-0.925141	-0.835759	0.000000	0.798898	0.000000	0.000000	0.000000	0.000000	0.000000	0.000000
-0.925141	-0.835573	-0.000000	0.798897	0.000000	0.000000	0.000000	0.000000	0.000000	0.000000
-0.925141	-0.836445	-0.000000	0.798898	0.000000	0.000000	0.000000	0.000000	0.000000	0.000000
-0.925140	-0.835802	0.000000	0.798892	0.000000	0.000000	0.000000	0.000000	0.000000	0.000000
-0.925141	-0.835817	0.000000	0.798892	0.000000	0.000000	0.000000	0.000000	0.000000	0.000000
-0.925141	-0.835904	-0.000000	0.798896	0.000000	0.000000	0.000000	0.000000	0.000000	0.000000
-0.925141	-0.835702	0.000000	0.798898	0.000000	0.000000	0.000000	0.000000	0.000000	0.000000
-0.925141	-0.835744	0.000000	0.798898	0.000000	0.000000	0.000000	0.000000	0.000000	0.000000
-0.925141	-0.835640	-0.000000	0.798133	0.000000	0.000000	0.000000	0.000000	0.000000	0.000000
-0.925141	-0.835577	0.000000	0.798897	0.000000	0.000000	0.000000	0.000000	0.000000	0.000000
-0.925141	-0.835999	-0.000000	0.798898	0.000000	0.000000	0.000000	0.000000	0.000000	0.000000
-0.925141	-0.835508	0.000000	0.798898	0.000000	0.000000	0.000000	0.000000	0.000000	0.000000
-0.925141	-0.835797	0.000000	0.798789	0.000000	0.000000	0.000000	0.000000	0.000000	0.000000
-0.925141	-0.835982	-0.000000	0.798898	0.000000	0.000000	0.000000	0.000000	0.000000	0.000000
-0.925141	-0.835644	0.000000	0.798898	0.000000	0.000000	0.000000	0.000000	0.000000	0.000000
-0.925141	-0.835616	-0.000000	0.798898	0.000000	0.000000	0.000000	0.000000	0.000000	0.000000
-0.925141	-0.835668	0.000000	0.798897	0.000000	0.000000	0.000000	0.000000	0.000000	0.000000
-0.925141	-0.835881	0.000000	0.798898	0.000000	0.000000	0.000000	0.000000	0.000000	0.000000
-0.925141	-0.836065	-0.000000	0.798898	0.000000	0.000000	0.000000	0.000000	0.000000	0.000000
-0.925141	-0.836440	0.000000	0.798897	0.000000	0.000000	0.000000	0.000000	0.000000	0.000000
-0.925141	-0.835326	0.000000	0.798898	0.000000	0.000000	0.000000	0.000000	0.000000	0.000000
-0.925140	-0.835781	-0.000000	0.798889	0.000000	0.000000	0.000000	0.000000	0.000000	0.000000
-0.925141	-0.836035	-0.000000	0.798864	0.000000	0.000000	0.000000	0.000000	0.000000	0.000000
-0.925140	-0.835960	0.000000	0.798898	0.000000	0.000000	0.000000	0.000000	0.000000	0.000000
-0.925141	-0.835535	0.000000	0.798898	0.000000	0.000000	0.000000	0.000000	0.000000	0.000000
-0.925141	-0.835652	0.000000	0.798898	0.000000	0.000000	0.000000	0.000000	0.000000	0.000000
-0.925141	-0.835659	-0.000000	0.798897	0.000000	0.000000	0.000000	0.000000	0.000000	0.000000
-0.925141	-0.835146	-0.000000	0.798898	0.000000	0.000000	0.000000	0.000000	0.000000	0.000000
-0.925141	-0.835718	0.000000	0.798898	0.000000	0.000000	0.000000	0.000000	0.000000	0.000000
-0.925141	-0.836013	-0.000000	0.798898	0.000000	0.000000	0.000000	0.000000	0.000000	0.000000
-0.925141	-0.835867	0.000000	0.798898	0.000000	0.000000	0.000000	0.000000	0.000000	0.000000
-0.925141	-0.835283	-0.000000	0.798898	0.000000	0.000000	0.000000	0.000000	0.000000	0.000000
-0.925141	-0.835581	-0.000000	0.798898	0.000000	0.000000	0.000000	0.000000	0.000000	0.000000
-0.925141	-0.835575	-0.000000	0.798898	0.000000	0.000000	0.000000	0.000000	0.000000	0.000000
-0.925141	-0.835394	-0.000000	0.798898	0.000000	0.000000	0.000000	0.000000	0.000000	0.000000
-0.925140	-0.835586	-0.000000	0.798407	0.000000	0.000000	0.000000	0.000000	0.000000	0.000000
-0.925141	-0.835698	-0.000000	0.798898	0.000000	0.000000	0.000000	0.000000	0.000000	0.000000
-0.925141	-0.835927	-0.000000	0.798898	0.000000	0.000000	0.000000	0.000000	0.000000	0.000000
-0.925140	-0.835587	-0.000000	0.798898	0.000000	0.000000	0.000000	0.000000	0.000000	0.000000
-0.925141	-0.835384	-0.000000	0.798898	0.000000	0.000000	0.000000	0.000000	0.000000	0.000000
-0.925141	-0.835882	0.000000	0.798898	0.000000	0.000000	0.000000	0.000000	0.000000	0.000000
-0.925141	-0.835844	-0.000000	0.798898	0.000000	0.000000	0.000000	0.000000	0.000000	0.000000
-0.925141	-0.836001	0.000000	0.752190	0.000000	0.000000	0.000000	0.000000	0.000000	0.000000
-0.925141	-0.835794	0.000000	0.798898	0.000000	0.000000	0.000000	0.000000	0.000000	0.000000
-0.925141	-0.835681	-0.000000	0.798898	0.000000	0.000000	0.000000	0.000000	0.000000	0.000000
-0.925141	-0.835991	-0.000000	0.798898	0.000000	0.000000	0.000000	0.000000	0.000000	0.000000
-0.925141	-0.835430	-0.000000	0.798898	0.000000	0.000000	0.000000	0.000000	0.000000	0.000000
-0.925140	-0.835834	-0.000000	0.791102	0.000000	0.000000	0.000000	0.000000	0.000000	0.000000
-0.925141	-0.835689	0.000000	0.798898	0.000000	0.000000	0.000000	0.000000	0.000000	0.000000
-0.925141	-0.835612	0.000000	0.798898	0.000000	0.000000	0.000000	0.000000	0.000000	0.000000
-0.925141	-0.835719	-0.000000	0.798898	0.000000	0.000000	0.000000	0.000000	0.000000	0.000000
-0.925141	-0.835670	-0.000000	0.798898	0.000000	0.000000	0.000000	0.000000	0.000000	0.000000
-0.925141	-0.835014	-0.000000	0.798889	0.000000	0.000000	0.000000	0.000000	0.000000	0.000000
-0.925141	-0.835937	-0.000000	0.798898	0.000000	0.000000	0.000000	0.000000	0.000000	0.000000
-0.925141	-0.835156	0.000000	0.798876	0.000000	0.000000	0.000000	0.000000	0.000000	0.000000
-0.925141	-0.835754	-0.000000	0.798879	0.000000	0.000000	0.000000	0.000000	0.000000	0.000000
-0.925141	-0.835797	-0.000000	0.798898	0.000000	0.000000	0.000000	0.000000	0.000000	0.000000
-0.925141	-0.835873	0.000000	0.798898	0.000000	0.000000	0.000000	0.000000	0.000000	0.000000
-0.925141	-0.836283	-0.000000	0.798897	0.000000	0.000000	0.000000	0.000000	0.000000	0.000000
-0.925141	-0.835402	-0.000000	0.798862	0.000000	0.000000	0.000000	0.000000	0.000000	0.000000
-0.925141	-0.835890	0.000000	0.798898	0.000000	0.000000	0.000000	0.000000	0.000000	0.000000
-0.925141	-0.836365	-0.000000	0.798897	0.000000	0.000000	0.000000	0.000000	0.000000	0.000000
-0.925141	-0.835415	-0.000000	0.798898	0.000000	0.000000	0.000000	0.000000	0.000000	0.000000
-0.925141	-0.835632	-0.000000	0.798898	0.000000	0.000000	0.000000	0.000000	0.000000	0.000000
-0.925140	-0.835622	-0.000000	0.798889	0.000000	0.000000	0.000000	0.000000	0.000000	0.000000
-0.925141	-0.835607	-0.000000	0.798898	0.000000	0.000000	0.000000	0.000000	0.000000	0.000000
-0.925141	-0.835534	-0.000000	0.798898	0.000000	0.000000	0.000000	0.000000	0.000000	0.000000
-0.925141	-0.835841	0.000000	0.798889	0.000000	0.000000	0.000000	0.000000	0.000000	0.000000
-0.925141	-0.836061	-0.000000	0.798898	0.000000	0.000000	0.000000	0.000000	0.000000	0.000000
-0.925141	-0.835919	0.000000	0.798897	0.000000	0.000000	0.000000	0.000000	0.000000	0.000000
-0.925141	-0.835610	-0.000000	0.798898	0.000000	0.000000	0.000000	0.000000	0.000000	0.000000
-0.925141	-0.835782	0.000000	0.798681	0.000000	0.000000	0.000000	0.000000	0.000000	0.000000
-0.925141	-0.835395	-0.000000	0.798898	0.000000	0.000000	0.000000	0.000000	0.000000	0.000000
-0.925141	-0.835672	-0.000000	0.798898	0.000000	0.000000	0.000000	0.000000	0.000000	0.000000
-0.925141	-0.835812	-0.000000	0.798897	0.000000	0.000000	0.000000	0.000000	0.000000	0.000000
-0.925141	-0.835742	-0.000000	0.798898	0.000000	0.000000	0.000000	0.000000	0.000000	0.000000
-0.925141	-0.835451	-0.000000	0.798898	0.000000	0.000000	0.000000	0.000000	0.000000	0.000000
-0.925141	-0.836139	0.000000	0.794776	0.000000	0.000000	0.000000	0.000000	0.000000	0.000000
-0.925141	-0.835326	0.000000	0.798894	0.000000	0.000000	0.000000	0.000000	0.000000	0.000000
-0.925141	-0.836297	-0.000000	0.798897	0.000000	0.000000	0.000000	0.000000	0.000000	0.000000
-0.925141	-0.835828	-0.000000	0.798898	0.000000	0.000000	0.000000	0.000000	0.000000	0.000000
-0.925141	-0.836309	0.000000	0.798898	0.000000	0.000000	0.000000	0.000000	0.000000	0.000000
-0.925141	-0.835996	-0.000000	0.798897	0.000000	0.000000	0.000000	0.000000	0.000000	0.000000
-0.925141	-0.835731	0.000000	0.798895	0.000000	0.000000	0.000000	0.000000	0.000000	0.000000
-0.925141	-0.835470	-0.000000	0.798898	0.000000	0.000000	0.000000	0.000000	0.000000	0.000000
-0.925141	-0.836204	-0.000000	0.798705	0.000000	0.000000	0.000000	0.000000	0.000000	0.000000
-0.925141	-0.835838	-0.000000	0.798898	0.000000	0.000000	0.000000	0.000000	0.000000	0.000000
-0.925141	-0.836335	-0.000000	0.798898	0.000000	0.000000	0.000000	0.000000	0.000000	0.000000
-0.925141	-0.835611	-0.000000	0.798898	0.000000	0.000000	0.000000	0.000000	0.000000	0.000000
-0.925141	-0.835581	-0.000000	0.798898	0.000000	0.000000	0.000000	0.000000	0.000000	0.000000
-0.925141	-0.835467	0.000000	0.798898	0.000000	0.000000	0.000000	0.000000	0.000000	0.000000
-0.925141	-0.835833	-0.000000	0.798898	0.000000	0.000000	0.000000	0.000000	0.000000	0.000000
-0.925141	-0.835467	0.000000	0.798898	0.000000	0.000000	0.000000	0.000000	0.000000	0.000000
-0.925141	-0.835975	0.000000	0.798897	0.000000	0.000000	0.000000	0.000000	0.000000	0.000000
-0.925141	-0.835947	-0.000000	0.798898	0.000000	0.000000	0.000000	0.000000	0.000000	0.000000
-0.925141	-0.835084	0.000000	-0.001968	0.000000	0.000000	0.000000	0.000000	0.000000	0.000000
-0.925141	-0.835542	-0.000000	-0.845998	0.000000	0.000000	0.000000	0.000000	0.000000	0.000000
-0.925141	-0.835448	-0.000000	-0.845998	0.000000	0.000000	0.000000	0.000000	0.000000	0.000000
-0.925141	-0.835554	-0.000000	-0.845997	0.000000	0.000000	0.000000	0.000000	0.000000	0.000000
-0.925141	-0.835946	0.000000	-0.845997	0.000000	0.000000	0.000000	0.000000	0.000000	0.000000
-0.925141	-0.835766	-0.000000	-0.845997	0.000000	0.000000	0.000000	0.000000	0.000000	0.000000
-0.925140	-0.835775	-0.000000	-0.845996	0.000000	0.000000	0.000000	0.000000	0.000000	0.000000
-0.925141	-0.835852	0.000000	-0.845997	0.000000	0.000000	0.000000	0.000000	0.000000	0.000000
-0.925141	-0.835647	0.000000	-0.845992	0.000000	0.000000	0.000000	0.000000	0.000000	0.000000
-0.925141	-0.836122	0.000000	-0.845997	0.000000	0.000000	0.000000	0.000000	0.000000	0.000000
-0.925141	-0.835634	0.000000	-0.845997	0.000000	0.000000	0.000000	0.000000	0.000000	0.000000
-0.925141	-0.835649	0.000000	-0.845997	0.000000	0.000000	0.000000	0.000000	0.000000	0.000000
-0.925140	-0.835730	-0.000000	-0.845997	0.000000	0.000000	0.000000	0.000000	0.000000	0.000000
-0.925141	-0.835888	0.000000	-0.845998	0.000000	0.000000	0.000000	0.000000	0.000000	0.000000
-0.925141	-0.835618	-0.000000	-0.845997	0.000000	0.000000	0.000000	0.000000	0.000000	0.000000
-0.925141	-0.835912	-0.000000	-0.845997	0.000000	0.000000	0.000000	0.000000	0.000000	0.000000
-0.925141	-0.835204	0.000000	-0.845997	0.000000	0.000000	0.000000	0.000000	0.000000	0.000000
-0.925141	-0.835702	0.000000	-0.845997	0.000000	0.000000	0.000000	0.000000	0.000000	0.000000
-0.925141	-0.835957	0.000000	-0.845997	0.000000	0.000000	0.000000	0.000000	0.000000	0.000000
-0.925141	-0.835365	-0.000000	-0.845997	0.000000	0.000000	0.000000	0.000000	0.000000	0.000000
-0.925141	-0.835847	-0.000000	-0.845997	0.000000	0.000000	0.000000	0.000000	0.000000	0.000000
-0.925141	-0.835725	-0.000000	-0.845998	0.000000	0.000000	0.000000	0.000000	0.000000	0.000000
-0.925141	-0.835379	-0.000000	-0.845995	0.000000	0.000000	0.000000	0.000000	0.000000	0.000000
-0.925141	-0.835742	0.000000	-0.845997	0.000000	0.000000	0.000000	0.000000	0.000000	0.000000
-0.925141	-0.835477	-0.000000	-0.845997	0.000000	0.000000	0.000000	0.000000	0.000000	0.000000
-0.925141	-0.835506	-0.000000	-0.845996	0.000000	0.000000	0.000000	0.000000	0.000000	0.000000
-0.925141	-0.835754	-0.000000	-0.845993	0.000000	0.000000	0.000000	0.000000	0.000000	0.000000
-0.925141	-0.835900	0.000000	-0.845997	0.000000	0.000000	0.000000	0.000000	0.000000	0.000000
-0.925141	-0.836077	-0.000000	-0.845929	0.000000	0.000000	0.000000	0.000000	0.000000	0.000000
-0.925141	-0.835625	0.000000	-0.845997	0.000000	0.000000	0.000000	0.000000	0.000000	0.000000
-0.925141	-0.835296	-0.000000	-0.845997	0.000000	0.000000	0.000000	0.000000	0.000000	0.000000
-0.925141	-0.835852	0.000000	-0.845997	0.000000	0.000000	0.000000	0.000000	0.000000	0.000000
-0.925141	-0.836124	0.000000	-0.845997	0.000000	0.000000	0.000000	0.000000	0.000000	0.000000
-0.925141	-0.835984	-0.000000	-0.845997	0.000000	0.000000	0.000000	0.000000	0.000000	0.000000
-0.925141	-0.835484	0.000000	-0.845983	0.000000	0.000000	0.000000	0.000000	0.000000	0.000000
-0.925141	-0.835942	-0.000000	-0.845998	0.000000	0.000000	0.000000	0.000000	0.000000	0.000000
-0.925141	-0.835612	0.000000	-0.845997	0.000000	0.000000	0.000000	0.000000	0.000000	0.000000
-0.925141	-0.835833	-0.000000	-0.845996	0.000000	0.000000	0.000000	0.000000	0.000000	0.000000
-0.925141	-0.835945	0.000000	-0.845997	0.000000	0.000000	0.000000	0.000000	0.000000	0.000000
-0.925140	-0.835582	-0.000000	-0.845998	0.000000	0.000000	0.000000	0.000000	0.000000	0.000000
-0.925141	-0.835571	-0.000000	-0.845998	0.000000	0.000000	0.000000	0.000000	0.000000	0.000000
-0.925141	-0.835579	0.000000	-0.845988	0.000000	0.000000	0.000000	0.000000	0.000000	0.000000
-0.925141	-0.835566	-0.000000	-0.845997	0.000000	0.000000	0.000000	0.000000	0.000000	0.000000
-0.925141	-0.835717	-0.000000	-0.845998	0.000000	0.000000	0.000000	0.000000	0.000000	0.000000
-0.925140	-0.835337	-0.000000	-0.845997	0.000000	0.000000	0.000000	0.000000	0.000000	0.000000
-0.925141	-0.835643	-0.000000	-0.845997	0.000000	0.000000	0.000000	0.000000	0.000000	0.000000
-0.925141	-0.835404	-0.000000	-0.845782	0.000000	0.000000	0.000000	0.000000	0.000000	0.000000
-0.925141	-0.835880	-0.000000	-0.845997	0.000000	0.000000	0.000000	0.000000	0.000000	0.000000
-0.925141	-0.835799	0.000000	-0.845998	0.000000	0.000000	0.000000	0.000000	0.000000	0.000000
-0.925140	-0.835649	-0.000000	-0.845997	0.000000	0.000000	0.000000	0.000000	0.000000	0.000000
-0.925141	-0.835357	0.000000	-0.845997	0.000000	0.000000	0.000000	0.000000	0.000000	0.000000
-0.925141	-0.835844	-0.000000	-0.845998	0.000000	0.000000	0.000000	0.000000	0.000000	0.000000
-0.925141	-0.835330	-0.000000	-0.845997	0.000000	0.000000	0.000000	0.000000	0.000000	0.000000
-0.925141	-0.836282	0.000000	-0.845997	0.000000	0.000000	0.000000	0.000000	0.000000	0.000000
-0.925141	-0.836462	-0.000000	-0.845989	0.000000	0.000000	0.000000	0.000000	0.000000	0.000000
-0.925141	-0.835304	0.000000	-0.845998	0.000000	0.000000	0.000000	0.000000	0.000000	0.000000
-0.925141	-0.835700	-0.000000	-0.845982	0.000000	0.000000	0.000000	0.000000	0.000000	0.000000
-0.925141	-0.835440	-0.000000	-0.845997	0.000000	0.000000	0.000000	0.000000	0.000000	0.000000
-0.925140	-0.835215	0.000000	-0.845998	0.000000	0.000000	0.000000	0.000000	0.000000	0.000000
-0.925141	-0.835615	-0.000000	-0.845997	0.000000	0.000000	0.000000	0.000000	0.000000	0.000000
-0.925141	-0.835332	0.000000	-0.845998	0.000000	0.000000	0.000000	0.000000	0.000000	0.000000
-0.925141	-0.835912	-0.000000	-0.845997	0.000000	0.000000	0.000000	0.000000	0.000000	0.000000
-0.925141	-0.836036	-0.000000	-0.845998	0.000000	0.000000	0.000000	0.000000	0.000000	0.000000
-0.925141	-0.836074	-0.000000	-0.845998	0.000000	0.000000	0.000000	0.000000	0.000000	0.000000
-0.925141	-0.836014	0.000000	-0.845998	0.000000	0.000000	0.000000	0.000000	0.000000	0.000000
-0.925141	-0.836219	-0.000000	-0.845998	0.000000	0.000000	0.000000	0.000000	0.000000	0.000000
-0.925141	-0.835682	-0.000000	-0.845997	0.000000	0.000000	0.000000	0.000000	0.000000	0.000000
-0.925141	-0.836055	0.000000	-0.845998	0.000000	0.000000	0.000000	0.000000	0.000000	0.000000
-0.925140	-0.836040	0.000000	-0.845998	0.000000	0.000000	0.000000	0.000000	0.000000	0.000000
-0.925141	-0.835994	-0.000000	-0.845996	0.000000	0.000000	0.000000	0.000000	0.000000	0.000000
-0.925141	-0.835615	0.000000	-0.845997	0.000000	0.000000	0.000000	0.000000	0.000000	0.000000
-0.925141	-0.835622	-0.000000	-0.845997	0.000000	0.000000	0.000000	0.000000	0.000000	0.000000
-0.925141	-0.835178	0.000000	-0.845998	0.000000	0.000000	0.000000	0.000000	0.000000	0.000000
-0.925141	-0.835515	-0.000000	-0.845997	0.000000	0.000000	0.000000	0.000000	0.000000	0.000000
-0.925140	-0.835464	0.000000	-0.845997	0.000000	0.000000	0.000000	0.000000	0.000000	0.000000
-0.925141	-0.836342	-0.000000	-0.845997	0.000000	0.000000	0.000000	0.000000	0.000000	0.000000
-0.925141	-0.835560	-0.000000	-0.842148	0.000000	0.000000	0.000000	0.000000	0.000000	0.000000
-0.925140	-0.835950	-0.000000	-0.845998	0.000000	0.000000	0.000000	0.000000	0.000000	0.000000
-0.925141	-0.835823	-0.000000	-0.845996	0.000000	0.000000	0.000000	0.000000	0.000000	0.000000
-0.925141	-0.834949	-0.000000	-0.845997	0.000000	0.000000	0.000000	0.000000	0.000000	0.000000
-0.925141	-0.835744	-0.000000	-0.845998	0.000000	0.000000	0.000000	0.000000	0.000000	0.000000
-0.925141	-0.835673	-0.000000	-0.845997	0.000000	0.000000	0.000000	0.000000	0.000000	0.000000
-0.925141	-0.835190	-0.000000	-0.845997	0.000000	0.000000	0.000000	0.000000	0.000000	0.000000
-0.925141	-0.835887	-0.000000	-0.845997	0.000000	0.000000	0.000000	0.000000	0.000000	0.000000
-0.925141	-0.835623	-0.000000	-0.845997	0.000000	0.000000	0.000000	0.000000	0.000000	0.000000
-0.925141	-0.835890	-0.000000	-0.845994	0.000000	0.000000	0.000000	0.000000	0.000000	0.000000
-0.925141	-0.835562	0.000000	-0.845992	0.000000	0.000000	0.000000	0.000000	0.000000	0.000000
-0.925141	-0.836003	-0.000000	-0.845998	0.000000	0.000000	0.000000	0.000000	0.000000	0.000000
-0.925141	-0.835358	-0.000000	-0.845997	0.000000	0.000000	0.000000	0.000000	0.000000	0.000000
-0.925141	-0.835581	-0.000000	-0.845977	0.000000	0.000000	0.000000	0.000000	0.000000	0.000000
-0.925141	-0.835663	0.000000	-0.845997	0.000000	0.000000	0.000000	0.000000	0.000000	0.000000
-0.925141	-0.836301	-0.000000	-0.845997	0.000000	0.000000	0.000000	0.000000	0.000000	0.000000
-0.925141	-0.835372	-0.000000	-0.845997	0.000000	0.000000	0.000000	0.000000	0.000000	0.000000
-0.925141	-0.835831	-0.000000	-0.845998	0.000000	0.000000	0.000000	0.000000	0.000000	0.000000
-0.925141	-0.836065	-0.000000	-0.845998	0.000000	0.000000	0.000000	0.000000	0.000000	0.000000
-0.925141	-0.836136	0.000000	-0.845998	0.000000	0.000000	0.000000	0.000000	0.000000	0.000000
-0.925141	-0.836129	0.000000	-0.845996	0.000000	0.000000	0.000000	0.000000	0.000000	0.000000
-0.925141	-0.835888	0.000000	-0.845997	0.000000	0.000000	0.000000	0.000000	0.000000	0.000000
-0.925141	-0.836335	-0.000000	-0.845997	0.000000	0.000000	0.000000	0.000000	0.000000	0.000000
-0.925141	-0.835661	-0.000000	-0.845998	0.000000	0.000000	0.000000	0.000000	0.000000	0.000000
-0.925141	-0.835146	-0.000000	-0.845997	0.000000	0.000000	0.000000	0.000000	0.000000	0.000000
-0.925141	-0.835451	-0.000000	-0.845998	0.000000	0.000000	0.000000	0.000000	0.000000	0.000000
-0.925141	-0.835649	0.000000	-0.845969	0.000000	0.000000	0.000000	0.000000	0.000000	0.000000
-0.925141	-0.835703	-0.000000	-0.845997	0.000000	0.000000	0.000000	0.000000	0.000000	0.000000
-0.925141	-0.835470	-0.000000	-0.845998	0.000000	0.000000	0.000000	0.000000	0.000000	0.000000
-0.925141	-0.836501	0.000000	-0.845998	0.000000	0.000000	0.000000	0.000000	0.000000	0.000000
-0.925141	-0.835868	0.000000	-0.845997	0.000000	0.000000	0.000000	0.000000	0.000000	0.000000
-0.925141	-0.835826	-0.000000	-0.845997	0.000000	0.000000	0.000000	0.000000	0.000000	0.000000
-0.925141	-0.835800	-0.000000	-0.845987	0.000000	0.000000	0.000000	0.000000	0.000000	0.000000
-0.925141	-0.835865	0.000000	-0.845998	0.000000	0.000000	0.000000	0.000000	0.000000	0.000000
-0.925141	-0.835840	-0.000000	-0.845998	0.000000	0.000000	0.000000	0.000000	0.000000	0.000000
-0.925141	-0.836125	-0.000000	-0.845998	0.000000	0.000000	0.000000	0.000000	0.000000	0.000000
-0.925141	-0.835387	0.000000	-0.845997	0.000000	0.000000	0.000000	0.000000	0.000000	0.000000
-0.925141	-0.836056	-0.000000	-0.845997	0.000000	0.000000	0.000000	0.000000	0.000000	0.000000
-0.925141	-0.835755	-0.000000	-0.845998	0.000000	0.000000	0.000000	0.000000	0.000000	0.000000
-0.925141	-0.836181	0.000000	-0.845997	0.000000	0.000000	0.000000	0.000000	0.000000	0.000000
-0.925141	-0.835668	0.000000	-0.845997	0.000000	0.000000	0.000000	0.000000	0.000000	0.000000
-0.925141	-0.835548	0.000000	-0.845997	0.000000	0.000000	0.000000	0.000000	0.000000	0.000000
-0.925141	-0.836049	0.000000	-0.845996	0.000000	0.000000	0.000000	0.000000	0.000000	0.000000
-0.925141	-0.835551	0.000000	-0.845997	0.000000	0.000000	0.000000	0.000000	0.000000	0.000000
-0.925141	-0.835474	-0.000000	-0.845997	0.000000	0.000000	0.000000	0.000000	0.000000	0.000000
-0.925141	-0.835883	-0.000000	-0.845997	0.000000	0.000000	0.000000	0.000000	0.000000	0.000000
-0.925141	-0.835235	-0.000000	-0.845998	0.000000	0.000000	0.000000	0.000000	0.000000	0.000000
-0.925141	-0.835909	0.000000	-0.845998	0.000000	0.000000	0.000000	0.000000	0.000000	0.000000
-0.925141	-0.835491	0.000000	-0.845997	0.000000	0.000000	0.000000	0.000000	0.000000	0.000000
-0.925141	-0.835511	0.000000	-0.845869	0.000000	0.000000	0.000000	0.000000	0.000000	0.000000
-0.925141	-0.835916	0.000000	-0.845997	0.000000	0.000000	0.000000	0.000000	0.000000	0.000000
-0.925141	-0.835297	-0.000000	-0.845997	0.000000	0.000000	0.000000	0.000000	0.000000	0.000000
-0.925141	-0.836029	-0.000000	-0.845997	0.000000	0.000000	0.000000	0.000000	0.000000	0.000000
-0.925141	-0.835613	-0.000000	-0.845997	0.000000	0.000000	0.000000	0.000000	0.000000	0.000000
-0.925141	-0.836000	0.000000	-0.845997	0.000000	0.000000	0.000000	0.000000	0.000000	0.000000
-0.925141	-0.835734	-0.000000	-0.845997	0.000000	0.000000	0.000000	0.000000	0.000000	0.000000
-0.925141	-0.835575	0.000000	-0.845997	0.000000	0.000000	0.000000	0.000000	0.000000	0.000000
-0.925141	-0.835579	-0.000000	-0.845997	0.000000	0.000000	0.000000	0.000000	0.000000	0.000000
-0.925141	-0.835762	-0.000000	-0.845995	0.000000	0.000000	0.000000	0.000000	0.000000	0.000000
-0.925141	-0.835807	-0.000000	-0.845997	0.000000	0.000000	0.000000	0.000000	0.000000	0.000000
-0.925141	-0.835444	-0.000000	-0.845997	0.000000	0.000000	0.000000	0.000000	0.000000	0.000000
-0.925141	-0.835796	-0.000000	-0.845997	0.000000	0.000000	0.000000	0.000000	0.000000	0.000000
-0.925141	-0.835831	-0.000000	-0.845998	0.000000	0.000000	0.000000	0.000000	0.000000	0.000000
-0.925141	-0.835945	-0.000000	-0.845995	0.000000	0.000000	0.000000	0.000000	0.000000	0.000000
-0.925141	-0.835155	0.000000	-0.845998	0.000000	0.000000	0.000000	0.000000	0.000000	0.000000
-0.925141	-0.835117	-0.000000	-0.845998	0.000000	0.000000	0.000000	0.000000	0.000000	0.000000
-0.925141	-0.835782	-0.000000	-0.845997	0.000000	0.000000	0.000000	0.000000	0.000000	0.000000
-0.925141	-0.835678	0.000000	-0.845330	0.000000	0.000000	0.000000	0.000000	0.000000	0.000000
-0.925141	-0.836091	0.000000	-0.845997	0.000000	0.000000	0.000000	0.000000	0.000000	0.000000
-0.925141	-0.835696	-0.000000	-0.845997	0.000000	0.000000	0.000000	0.000000	0.000000	0.000000
-0.925141	-0.835868	-0.000000	-0.845979	0.000000	0.000000	0.000000	0.000000	0.000000	0.000000
-0.925141	-0.835773	-0.000000	-0.845997	0.000000	0.000000	0.000000	0.000000	0.000000	0.000000
-0.925141	-0.835950	0.000000	-0.845997	0.000000	0.000000	0.000000	0.000000	0.000000	0.000000
-0.925141	-0.835986	-0.000000	-0.845997	0.000000	0.000000	0.000000	0.000000	0.000000	0.000000
-0.925141	-0.835458	-0.000000	-0.845997	0.000000	0.000000	0.000000	0.000000	0.000000	0.000000
-0.925141	-0.836053	0.000000	-0.845997	0.000000	0.000000	0.000000	0.000000	0.000000	0.000000
-0.925141	-0.836179	0.000000	-0.845998	0.000000	0.000000	0.000000	0.000000	0.000000	0.000000
-0.925141	-0.835803	-0.000000	-0.845997	0.000000	0.000000	0.000000	0.000000	0.000000	0.000000
-0.925141	-0.835981	-0.000000	-0.845997	0.000000	0.000000	0.000000	0.000000	0.000000	0.000000
-0.925141	-0.835966	0.000000	-0.845997	0.000000	0.000000	0.000000	0.000000	0.000000	0.000000
-0.925141	-0.835975	-0.000000	-0.845998	0.000000	0.000000	0.000000	0.000000	0.000000	0.000000
-0.925141	-0.835652	0.000000	-0.845869	0.000000	0.000000	0.000000	0.000000	0.000000	0.000000
-0.925141	-0.836102	0.000000	-0.845997	0.000000	0.000000	0.000000	0.000000	0.000000	0.000000
-0.925141	-0.835640	0.000000	-0.845330	0.000000	0.000000	0.000000	0.000000	0.000000	0.000000
-0.925141	-0.835443	0.000000	-0.845997	0.000000	0.000000	0.000000	0.000000	0.000000	0.000000
-0.925141	-0.835785	-0.000000	-0.845998	0.000000	0.000000	0.000000	0.000000	0.000000	0.000000
-0.925141	-0.835815	-0.000000	-0.845997	0.000000	0.000000	0.000000	0.000000	0.000000	0.000000
-0.925141	-0.835548	-0.000000	-0.845997	0.000000	0.000000	0.000000	0.000000	0.000000	0.000000
-0.925141	-0.835289	0.000000	-0.845997	0.000000	0.000000	0.000000	0.000000	0.000000	0.000000
-0.925141	-0.835510	0.000000	-0.815625	0.000000	0.000000	0.000000	0.000000	0.000000	0.000000
-0.925141	-0.835652	-0.000000	-0.845946	0.000000	0.000000	0.000000	0.000000	0.000000	0.000000
-0.925141	-0.835479	-0.000000	-0.845997	0.000000	0.000000	0.000000	0.000000	0.000000	0.000000
-0.925141	-0.835629	0.000000	-0.845996	0.000000	0.000000	0.000000	0.000000	0.000000	0.000000
-0.925141	-0.835841	0.000000	-0.845998	0.000000	0.000000	0.000000	0.000000	0.000000	0.000000
-0.925141	-0.835750	0.000000	-0.845997	0.000000	0.000000	0.000000	0.000000	0.000000	0.000000
-0.925141	-0.835250	-0.000000	-0.845997	0.000000	0.000000	0.000000	0.000000	0.000000	0.000000
-0.925140	-0.834777	-0.000000	-0.845997	0.000000	0.000000	0.000000	0.000000	0.000000	0.000000
-0.925141	-0.835492	-0.000000	-0.845997	0.000000	0.000000	0.000000	0.000000	0.000000	0.000000
-0.925141	-0.835403	0.000000	-0.845998	0.000000	0.000000	0.000000	0.000000	0.000000	0.000000
-0.925141	-0.835234	0.000000	-0.845997	0.000000	0.000000	0.000000	0.000000	0.000000	0.000000
-0.925141	-0.836221	-0.000000	-0.845997	0.000000	0.000000	0.000000	0.000000	0.000000	0.000000
-0.925141	-0.835789	0.000000	-0.845997	0.000000	0.000000	0.000000	0.000000	0.000000	0.000000
-0.925141	-0.835833	0.000000	-0.845998	0.000000	0.000000	0.000000	0.000000	0.000000	0.000000
-0.925141	-0.836055	-0.000000	-0.845997	0.000000	0.000000	0.000000	0.000000	0.000000	0.000000
-0.925141	-0.835824	0.000000	-0.845997	0.000000	0.000000	0.000000	0.000000	0.000000	0.000000
-0.925141	-0.835703	-0.000000	-0.845997	0.000000	0.000000	0.000000	0.000000	0.000000	0.000000
-0.925141	-0.835463	0.000000	-0.845997	0.000000	0.000000	0.000000	0.000000	0.000000	0.000000
-0.925141	-0.836161	-0.000000	-0.845997	0.000000	0.000000	0.000000	0.000000	0.000000	0.000000
-0.925141	-0.835839	-0.000000	-0.845997	0.000000	0.000000	0.000000	0.000000	0.000000	0.000000
-0.925141	-0.835235	-0.000000	-0.845998	0.000000	0.000000	0.000000	0.000000	0.000000	0.000000
-0.925141	-0.835847	0.000000	-0.845997	0.000000	0.000000	0.000000	0.000000	0.000000	0.000000
-0.925141	-0.835958	0.000000	-0.845995	0.000000	0.000000	0.000000	0.000000	0.000000	0.000000
-0.925141	-0.835444	-0.000000	-0.845997	0.000000	0.000000	0.000000	0.000000	0.000000	0.000000
-0.925141	-0.835288	-0.000000	-0.845987	0.000000	0.000000	0.000000	0.000000	0.000000	0.000000
-0.925141	-0.835958	0.000000	-0.845997	0.000000	0.000000	0.000000	0.000000	0.000000	0.000000
-0.925141	-0.835777	-0.000000	-0.845997	0.000000	0.000000	0.000000	0.000000	0.000000	0.000000
-0.925141	-0.835658	-0.000000	-0.845994	0.000000	0.000000	0.000000	0.000000	0.000000	0.000000
-0.925141	-0.835467	0.000000	-0.845998	0.000000	0.000000	0.000000	0.000000	0.000000	0.000000
-0.925141	-0.835642	0.000000	-0.845997	0.000000	0.000000	0.000000	0.000000	0.000000	0.000000
-0.925141	-0.835511	0.000000	-0.845998	0.000000	0.000000	0.000000	0.000000	0.000000	0.000000
-0.925141	-0.835835	-0.000000	-0.845996	0.000000	0.000000	0.000000	0.000000	0.000000	0.000000
-0.925141	-0.835690	-0.000000	-0.845997	0.000000	0.000000	0.000000	0.000000	0.000000	0.000000
-0.925141	-0.835487	0.000000	-0.845997	0.000000	0.000000	0.000000	0.000000	0.000000	0.000000
-0.925141	-0.835472	-0.000000	-0.845998	0.000000	0.000000	0.000000	0.000000	0.000000	0.000000
-0.925140	-0.835760	0.000000	-0.845997	0.000000	0.000000	0.000000	0.000000	0.000000	0.000000
-0.925141	-0.835370	0.000000	-0.845998	0.000000	0.000000	0.000000	0.000000	0.000000	0.000000
-0.925140	-0.835394	0.000000	-0.845993	0.000000	0.000000	0.000000	0.000000	0.000000	0.000000
-0.925141	-0.835720	-0.000000	-0.845997	0.000000	0.000000	0.000000	0.000000	0.000000	0.000000
-0.925141	-0.835366	0.000000	-0.845997	0.000000	0.000000	0.000000	0.000000	0.000000	0.000000
-0.925141	-0.835625	0.000000	-0.845997	0.000000	0.000000	0.000000	0.000000	0.000000	0.000000
-0.925140	-0.835685	0.000000	-0.845998	0.000000	0.000000	0.000000	0.000000	0.000000	0.000000
-0.925141	-0.835601	0.000000	-0.845998	0.000000	0.000000	0.000000	0.000000	0.000000	0.000000
-0.925141	-0.836285	0.000000	-0.845715	0.000000	0.000000	0.000000	0.000000	0.000000	0.000000
-0.925141	-0.835608	0.000000	-0.845998	0.000000	0.000000	0.000000	0.000000	0.000000	0.000000
-0.925141	-0.835492	0.000000	-0.845998	0.000000	0.000000	0.000000	0.000000	0.000000	0.000000
-0.925141	-0.836074	0.000000	-0.845995	0.000000	0.000000	0.000000	0.000000	0.000000	0.000000
-0.925141	-0.835620	0.000000	-0.845998	0.000000	0.000000	0.000000	0.000000	0.000000	0.000000
-0.925141	-0.835465	-0.000000	-0.839766	0.000000	0.000000	0.000000	0.000000	0.000000	0.000000
-0.925141	-0.835654	0.000000	-0.845997	0.000000	0.000000	0.000000	0.000000	0.000000	0.000000
-0.925141	-0.836046	-0.000000	-0.845998	0.000000	0.000000	0.000000	0.000000	0.000000	0.000000
-0.925141	-0.835360	0.000000	-0.845997	0.000000	0.000000	0.000000	0.000000	0.000000	0.000000
-0.925141	-0.835893	0.000000	-0.845998	0.000000	0.000000	0.000000	0.000000	0.000000	0.000000
-0.925141	-0.835886	0.000000	-0.845997	0.000000	0.000000	0.000000	0.000000	0.000000	0.000000
-0.925141	-0.835533	-0.000000	-0.845987	0.000000	0.000000	0.000000	0.000000	0.000000	0.000000
-0.925141	-0.836332	-0.000000	-0.845997	0.000000	0.000000	0.000000	0.000000	0.000000	0.000000
-0.925141	-0.835469	0.000000	-0.845747	0.000000	0.000000	0.000000	0.000000	0.000000	0.000000
-0.925141	-0.835613	0.000000	-0.845997	0.000000	0.000000	0.000000	0.000000	0.000000	0.000000
-0.925141	-0.835939	0.000000	-0.845997	0.000000	0.000000	0.000000	0.000000	0.000000	0.000000
-0.925141	-0.835575	-0.000000	-0.845997	0.000000	0.000000	0.000000	0.000000	0.000000	0.000000
-0.925141	-0.835502	0.000000	-0.845998	0.000000	0.000000	0.000000	0.000000	0.000000	0.000000
-0.925141	-0.835287	0.000000	-0.845997	0.000000	0.000000	0.000000	0.000000	0.000000	0.000000
-0.925141	-0.835687	0.000000	-0.845998	0.000000	0.000000	0.000000	0.000000	0.000000	0.000000
-0.925141	-0.835517	-0.000000	-0.845997	0.000000	0.000000	0.000000	0.000000	0.000000	0.000000
-0.925141	-0.835824	0.000000	-0.845997	0.000000	0.000000	0.000000	0.000000	0.000000	0.000000
-0.925141	-0.835879	-0.000000	-0.845997	0.000000	0.000000	0.000000	0.000000	0.000000	0.000000
-0.925141	-0.836003	0.000000	-0.845997	0.000000	0.000000	0.000000	0.000000	0.000000	0.000000
-0.925141	-0.835984	-0.000000	-0.845997	0.000000	0.000000	0.000000	0.000000	0.000000	0.000000
-0.925141	-0.835733	-0.000000	-0.845997	0.000000	0.000000	0.000000	0.000000	0.000000	0.000000
-0.925141	-0.835824	0.000000	-0.845998	0.000000	0.000000	0.000000	0.000000	0.000000	0.000000
-0.925141	-0.835489	-0.000000	-0.845998	0.000000	0.000000	0.000000	0.000000	0.000000	0.000000
-0.925141	-0.835305	0.000000	-0.845997	0.000000	0.000000	0.000000	0.000000	0.000000	0.000000
-0.925141	-0.835709	-0.000000	-0.845997	0.000000	0.000000	0.000000	0.000000	0.000000	0.000000
-0.925140	-0.835861	0.000000	-0.845998	0.000000	0.000000	0.000000	0.000000	0.000000	0.000000
-0.925141	-0.835838	0.000000	-0.845997	0.000000	0.000000	0.000000	0.000000	0.000000	0.000000
-0.925140	-0.835916	0.000000	-0.845997	0.000000	0.000000	0.000000	0.000000	0.000000	0.000000
-0.925141	-0.835962	0.000000	-0.845997	0.000000	0.000000	0.000000	0.000000	0.000000	0.000000
-0.925141	-0.836206	0.000000	-0.845997	0.000000	0.000000	0.000000	0.000000	0.000000	0.000000
-0.925141	-0.835455	-0.000000	-0.845998	0.000000	0.000000	0.000000	0.000000	0.000000	0.000000
-0.925141	-0.835709	-0.000000	-0.845997	0.000000	0.000000	0.000000	0.000000	0.000000	0.000000
-0.925141	-0.835838	-0.000000	-0.845997	0.000000	0.000000	0.000000	0.000000	0.000000	0.000000
-0.925141	-0.836186	0.000000	-0.845997	0.000000	0.000000	0.000000	0.000000	0.000000	0.000000
-0.925141	-0.835612	0.000000	-0.845995	0.000000	0.000000	0.000000	0.000000	0.000000	0.000000
-0.925141	-0.835650	0.000000	-0.845998	0.000000	0.000000	0.000000	0.000000	0.000000	0.000000
-0.925141	-0.835332	0.000000	-0.845997	0.000000	0.000000	0.000000	0.000000	0.000000	0.000000
-0.925140	0.852358	0.000193	0.000000	0.000000	0.000000	0.000000	0.000000	0.000000	0.000000
-0.925141	0.856101	-0.812146	-0.000000	0.000000	0.000000	0.000000	0.000000	0.000000	0.000000
-0.925141	0.856419	-0.811152	-0.000000	0.000000	0.000000	0.000000	0.000000	0.000000	0.000000
-0.925141	0.856824	-0.811875	0.000000	0.000000	0.000000	0.000000	0.000000	0.000000	0.000000
-0.925141	0.856358	-0.810141	-0.000000	0.000000	0.000000	0.000000	0.000000	0.000000	0.000000
-0.925141	0.856178	-0.811680	-0.000000	0.000000	0.000000	0.000000	0.000000	0.000000	0.000000
-0.925141	0.856295	-0.812635	-0.000000	0.000000	0.000000	0.000000	0.000000	0.000000	0.000000
-0.925141	0.855908	-0.811523	-0.000000	0.000000	0.000000	0.000000	0.000000	0.000000	0.000000
-0.925141	0.855798	-0.811960	-0.000000	0.000000	0.000000	0.000000	0.000000	0.000000	0.000000
-0.925141	0.855890	-0.812004	-0.000000	0.000000	0.000000	0.000000	0.000000	0.000000	0.000000
-0.925141	0.856301	-0.810095	0.000000	0.000000	0.000000	0.000000	0.000000	0.000000	0.000000
-0.925140	0.856301	-0.813229	-0.000000	0.000000	0.000000	0.000000	0.000000	0.000000	0.000000
-0.925141	0.856166	-0.810673	-0.000000	0.000000	0.000000	0.000000	0.000000	0.000000	0.000000
-0.925141	0.855829	-0.812155	-0.000002	0.000000	0.000000	0.000000	0.000000	0.000000	0.000000
-0.925141	0.855470	-0.811326	-0.000000	0.000000	0.000000	0.000000	0.000000	0.000000	0.000000
-0.925141	0.855557	-0.812784	0.000000	0.000000	0.000000	0.000000	0.000000	0.000000	0.000000
-0.925141	0.855996	-0.811944	-0.000000	0.000000	0.000000	0.000000	0.000000	0.000000	0.000000
-0.925141	0.855892	-0.810588	0.000000	0.000000	0.000000	0.000000	0.000000	0.000000	0.000000
-0.925140	0.855761	-0.811354	-0.000000	0.000000	0.000000	0.000000	0.000000	0.000000	0.000000
-0.925141	0.856133	-0.811405	0.000000	0.000000	0.000000	0.000000	0.000000	0.000000	0.000000
-0.925141	0.855821	-0.812546	0.000000	0.000000	0.000000	0.000000	0.000000	0.000000	0.000000
-0.925141	0.856156	-0.810180	-0.000000	0.000000	0.000000	0.000000	0.000000	0.000000	0.000000
-0.925141	0.855799	-0.812210	-0.000000	0.000000	0.000000	0.000000	0.000000	0.000000	0.000000
-0.925141	0.855416	-0.810684	-0.000000	0.000000	0.000000	0.000000	0.000000	0.000000	0.000000
-0.925141	0.856054	-0.811875	-0.000000	0.000000	0.000000	0.000000	0.000000	0.000000	0.000000
-0.925141	0.855551	-0.812083	0.000000	0.000000	0.000000	0.000000	0.000000	0.000000	0.000000
-0.925141	0.855435	-0.809829	-0.000000	0.000000	0.000000	0.000000	0.000000	0.000000	0.000000
-0.925141	0.855486	-0.811203	-0.000000	0.000000	0.000000	0.000000	0.000000	0.000000	0.000000
-0.925141	0.855669	-0.811144	-0.000000	0.000000	0.000000	0.000000	0.000000	0.000000	0.000000
-0.925141	0.856054	-0.812413	0.000000	0.000000	0.000000	0.000000	0.000000	0.000000	0.000000
-0.925141	0.856041	-0.810831	-0.000000	0.000000	0.000000	0.000000	0.000000	0.000000	0.000000
-0.925141	0.856397	-0.812587	-0.000000	0.000000	0.000000	0.000000	0.000000	0.000000	0.000000
-0.925141	0.855761	-0.811545	-0.000000	0.000000	0.000000	0.000000	0.000000	0.000000	0.000000
-0.925141	0.855860	-0.811323	-0.000000	0.000000	0.000000	0.000000	0.000000	0.000000	0.000000
-0.925141	0.855598	-0.811923	-0.000000	0.000000	0.000000	0.000000	0.000000	0.000000	0.000000
-0.925141	0.855924	-0.812067	0.000000	0.000000	0.000000	0.000000	0.000000	0.000000	0.000000
-0.925141	0.856017	-0.811894	0.000000	0.000000	0.000000	0.000000	0.000000	0.000000	0.000000
-0.925141	0.855558	-0.807086	-0.000000	0.000000	0.000000	0.000000	0.000000	0.000000	0.000000
-0.925140	0.856192	-0.810601	0.000000	0.000000	0.000000	0.000000	0.000000	0.000000	0.000000
-0.925141	0.855902	-0.812065	0.000000	0.000000	0.000000	0.000000	0.000000	0.000000	0.000000
-0.925141	0.855917	-0.811703	-0.000000	0.000000	0.000000	0.000000	0.000000	0.000000	0.000000
-0.925141	0.855705	-0.811601	-0.000000	0.000000	0.000000	0.000000	0.000000	0.000000	0.000000
-0.925141	0.855560	-0.811878	-0.000000	0.000000	0.000000	0.000000	0.000000	0.000000	0.000000
-0.925141	0.856180	-0.811494	-0.000000	0.000000	0.000000	0.000000	0.000000	0.000000	0.000000
-0.925141	0.855833	-0.811238	-0.000000	0.000000	0.000000	0.000000	0.000000	0.000000	0.000000
-0.925141	0.855810	-0.811483	-0.000000	0.000000	0.000000	0.000000	0.000000	0.000000	0.000000
-0.925141	0.856154	-0.811026	-0.000000	0.000000	0.000000	0.000000	0.000000	0.000000	0.000000
-0.925141	0.856484	-0.812105	-0.000001	0.000000	0.000000	0.000000	0.000000	0.000000	0.000000
-0.925141	0.855778	-0.811946	0.000000	0.000000	0.000000	0.000000	0.000000	0.000000	0.000000
-0.925141	0.855898	-0.813319	0.000000	0.000000	0.000000	0.000000	0.000000	0.000000	0.000000
-0.925141	0.855932	-0.811082	-0.000000	0.000000	0.000000	0.000000	0.000000	0.000000	0.000000
-0.925141	0.856277	-0.811828	-0.000000	0.000000	0.000000	0.000000	0.000000	0.000000	0.000000
-0.925141	0.855919	-0.685344	-0.000000	0.000000	0.000000	0.000000	0.000000	0.000000	0.000000
-0.925141	0.855514	-0.812444	-0.000000	0.000000	0.000000	0.000000	0.000000	0.000000	0.000000
-0.925141	0.856522	-0.813531	0.000000	0.000000	0.000000	0.000000	0.000000	0.000000	0.000000
-0.925141	0.856208	-0.812326	-0.000000	0.000000	0.000000	0.000000	0.000000	0.000000	0.000000
-0.925141	0.855426	-0.811215	-0.000000	0.000000	0.000000	0.000000	0.000000	0.000000	0.000000
-0.925141	0.856063	-0.811129	-0.000000	0.000000	0.000000	0.000000	0.000000	0.000000	0.000000
-0.925141	0.855972	-0.811999	0.000000	0.000000	0.000000	0.000000	0.000000	0.000000	0.000000
-0.925141	0.856241	-0.812538	-0.000000	0.000000	0.000000	0.000000	0.000000	0.000000	0.000000
-0.925141	0.855586	-0.812675	0.000000	0.000000	0.000000	0.000000	0.000000	0.000000	0.000000
-0.925141	0.855776	-0.811130	-0.000000	0.000000	0.000000	0.000000	0.000000	0.000000	0.000000
-0.925141	0.855678	-0.812990	-0.000000	0.000000	0.000000	0.000000	0.000000	0.000000	0.000000
-0.925141	0.856115	-0.484795	-0.000000	0.000000	0.000000	0.000000	0.000000	0.000000	0.000000
-0.925141	0.855714	-0.811523	-0.000000	0.000000	0.000000	0.000000	0.000000	0.000000	0.000000
-0.925141	0.855605	-0.811497	-0.000000	0.000000	0.000000	0.000000	0.000000	0.000000	0.000000
-0.925141	0.855710	-0.812493	-0.000000	0.000000	0.000000	0.000000	0.000000	0.000000	0.000000
-0.925141	0.856385	-0.811930	0.000000	0.000000	0.000000	0.000000	0.000000	0.000000	0.000000
-0.925141	0.855250	-0.811525	0.000000	0.000000	0.000000	0.000000	0.000000	0.000000	0.000000
-0.925141	0.855748	-0.811983	0.000000	0.000000	0.000000	0.000000	0.000000	0.000000	0.000000
-0.925141	0.856040	-0.810743	-0.000000	0.000000	0.000000	0.000000	0.000000	0.000000	0.000000
-0.925141	0.855550	-0.812278	-0.000000	0.000000	0.000000	0.000000	0.000000	0.000000	0.000000
-0.925141	0.855247	-0.812388	0.000000	0.000000	0.000000	0.000000	0.000000	0.000000	0.000000
-0.925141	0.855902	-0.813178	0.000000	0.000000	0.000000	0.000000	0.000000	0.000000	0.000000
-0.925141	0.856197	-0.812397	-0.000000	0.000000	0.000000	0.000000	0.000000	0.000000	0.000000
-0.925141	0.855519	-0.812313	-0.000000	0.000000	0.000000	0.000000	0.000000	0.000000	0.000000
-0.925141	0.856119	-0.807302	0.000000	0.000000	0.000000	0.000000	0.000000	0.000000	0.000000
-0.925141	0.856313	-0.811112	-0.000000	0.000000	0.000000	0.000000	0.000000	0.000000	0.000000
-0.925141	0.855595	-0.812526	-0.000000	0.000000	0.000000	0.000000	0.000000	0.000000	0.000000
-0.925141	0.856165	-0.811957	0.000000	0.000000	0.000000	0.000000	0.000000	0.000000	0.000000
-0.925141	0.856489	-0.810828	-0.000000	0.000000	0.000000	0.000000	0.000000	0.000000	0.000000
-0.925141	0.855767	-0.812123	0.000000	0.000000	0.000000	0.000000	0.000000	0.000000	0.000000
-0.925140	0.855856	-0.812114	-0.000006	0.000000	0.000000	0.000000	0.000000	0.000000	0.000000
-0.925141	0.856197	-0.812032	-0.000000	0.000000	0.000000	0.000000	0.000000	0.000000	0.000000
-0.925141	0.855712	-0.812452	-0.000000	0.000000	0.000000	0.000000	0.000000	0.000000	0.000000
-0.925141	0.856057	-0.811556	0.000000	0.000000	0.000000	0.000000	0.000000	0.000000	0.000000
-0.925141	0.855475	-0.812288	-0.000000	0.000000	0.000000	0.000000	0.000000	0.000000	0.000000
-0.925141	0.855777	-0.811395	-0.000000	0.000000	0.000000	0.000000	0.000000	0.000000	0.000000
-0.925141	0.856021	-0.813055	-0.000000	0.000000	0.000000	0.000000	0.000000	0.000000	0.000000
-0.925141	0.855885	-0.810660	-0.000000	0.000000	0.000000	0.000000	0.000000	0.000000	0.000000
-0.925141	0.856425	-0.812658	-0.000000	0.000000	0.000000	0.000000	0.000000	0.000000	0.000000
-0.925141	0.856091	-0.812606	-0.000000	0.000000	0.000000	0.000000	0.000000	0.000000	0.000000
-0.925141	0.856693	-0.811608	0.000000	0.000000	0.000000	0.000000	0.000000	0.000000	0.000000
-0.925141	0.855903	-0.811984	0.000000	0.000000	0.000000	0.000000	0.000000	0.000000	0.000000
-0.925141	0.855741	-0.810848	-0.000000	0.000000	0.000000	0.000000	0.000000	0.000000	0.000000
-0.925141	0.856411	-0.811266	0.000000	0.000000	0.000000	0.000000	0.000000	0.000000	0.000000
-0.925141	0.855729	-0.812419	-0.000000	0.000000	0.000000	0.000000	0.000000	0.000000	0.000000
-0.925141	0.856040	-0.812350	0.000000	0.000000	0.000000	0.000000	0.000000	0.000000	0.000000
-0.925141	0.855537	-0.813508	0.000000	0.000000	0.000000	0.000000	0.000000	0.000000	0.000000
-0.925141	0.855835	-0.810568	-0.000000	0.000000	0.000000	0.000000	0.000000	0.000000	0.000000
-0.925140	0.856189	-0.812027	0.000000	0.000000	0.000000	0.000000	0.000000	0.000000	0.000000
-0.925140	0.856071	-0.811804	-0.000000	0.000000	0.000000	0.000000	0.000000	0.000000	0.000000
-0.925141	0.855819	-0.810432	-0.000000	0.000000	0.000000	0.000000	0.000000	0.000000	0.000000
-0.925141	0.856151	-0.812497	-0.000000	0.000000	0.000000	0.000000	0.000000	0.000000	0.000000
-0.925141	0.855921	-0.811156	-0.000000	0.000000	0.000000	0.000000	0.000000	0.000000	0.000000
-0.925141	0.855928	-0.812716	-0.000000	0.000000	0.000000	0.000000	0.000000	0.000000	0.000000
-0.925141	0.855536	-0.812477	0.000000	0.000000	0.000000	0.000000	0.000000	0.000000	0.000000
-0.925141	0.856160	-0.811481	0.000000	0.000000	0.000000	0.000000	0.000000	0.000000	0.000000
-0.925141	0.855667	-0.812218	-0.000000	0.000000	0.000000	0.000000	0.000000	0.000000	0.000000
-0.925141	0.856064	-0.812455	0.000000	0.000000	0.000000	0.000000	0.000000	0.000000	0.000000
-0.925141	0.855538	-0.810852	0.000000	0.000000	0.000000	0.000000	0.000000	0.000000	0.000000
-0.925141	0.855422	-0.812130	-0.000000	0.000000	0.000000	0.000000	0.000000	0.000000	0.000000
-0.925141	0.856493	-0.811739	-0.000000	0.000000	0.000000	0.000000	0.000000	0.000000	0.000000
-0.925141	0.855563	-0.812879	-0.000000	0.000000	0.000000	0.000000	0.000000	0.000000	0.000000
-0.925141	0.855726	-0.810755	-0.000000	0.000000	0.000000	0.000000	0.000000	0.000000	0.000000
-0.925141	0.856132	-0.811864	-0.000000	0.000000	0.000000	0.000000	0.000000	0.000000	0.000000
-0.925141	0.856199	-0.811055	-0.000000	0.000000	0.000000	0.000000	0.000000	0.000000	0.000000
-0.925141	0.855934	-0.811550	-0.000000	0.000000	0.000000	0.000000	0.000000	0.000000	0.000000
-0.925141	0.855866	-0.811141	0.000000	0.000000	0.000000	0.000000	0.000000	0.000000	0.000000
-0.925141	0.855805	-0.811297	-0.000000	0.000000	0.000000	0.000000	0.000000	0.000000	0.000000
-0.925141	0.856561	-0.813312	0.000000	0.000000	0.000000	0.000000	0.000000	0.000000	0.000000
-0.925141	0.855609	-0.811255	-0.000000	0.000000	0.000000	0.000000	0.000000	0.000000	0.000000
-0.925141	0.855807	-0.811291	0.000000	0.000000	0.000000	0.000000	0.000000	0.000000	0.000000
-0.925141	0.856344	-0.812179	0.000000	0.000000	0.000000	0.000000	0.000000	0.000000	0.000000
-0.925141	0.856500	-0.811205	0.000000	0.000000	0.000000	0.000000	0.000000	0.000000	0.000000
-0.925141	0.855934	-0.812271	-0.000000	0.000000	0.000000	0.000000	0.000000	0.000000	0.000000
-0.925141	0.856013	-0.810795	-0.000000	0.000000	0.000000	0.000000	0.000000	0.000000	0.000000
-0.925141	0.855901	-0.811431	0.000000	0.000000	0.000000	0.000000	0.000000	0.000000	0.000000
-0.925141	0.855786	-0.811112	-0.000000	0.000000	0.000000	0.000000	0.000000	0.000000	0.000000
-0.925141	0.855712	-0.812113	0.000000	0.000000	0.000000	0.000000	0.000000	0.000000	0.000000
-0.925141	0.855922	-0.811539	-0.000000	0.000000	0.000000	0.000000	0.000000	0.000000	0.000000
-0.925141	0.855783	-0.811387	0.000000	0.000000	0.000000	0.000000	0.000000	0.000000	0.000000
-0.925141	0.855762	-0.803887	-0.000000	0.000000	0.000000	0.000000	0.000000	0.000000	0.000000
-0.925141	0.856075	-0.811870	0.000000	0.000000	0.000000	0.000000	0.000000	0.000000	0.000000
-0.925141	0.856383	-0.811769	-0.000000	0.000000	0.000000	0.000000	0.000000	0.000000	0.000000
-0.925141	0.855421	-0.811144	-0.000000	0.000000	0.000000	0.000000	0.000000	0.000000	0.000000
-0.925141	0.856042	-0.811892	-0.000000	0.000000	0.000000	0.000000	0.000000	0.000000	0.000000
-0.925141	0.855928	-0.811133	-0.000000	0.000000	0.000000	0.000000	0.000000	0.000000	0.000000
-0.925141	0.856337	-0.811425	0.000000	0.000000	0.000000	0.000000	0.000000	0.000000	0.000000
-0.925141	0.855597	-0.811062	-0.000000	0.000000	0.000000	0.000000	0.000000	0.000000	0.000000
-0.925141	0.856610	-0.813342	-0.000000	0.000000	0.000000	0.000000	0.000000	0.000000	0.000000
-0.925141	0.855760	-0.812025	0.000000	0.000000	0.000000	0.000000	0.000000	0.000000	0.000000
-0.925141	0.856276	-0.811446	0.000000	0.000000	0.000000	0.000000	0.000000	0.000000	0.000000
-0.925141	0.855955	-0.810907	0.000000	0.000000	0.000000	0.000000	0.000000	0.000000	0.000000
-0.925141	0.855533	-0.812070	0.000000	0.000000	0.000000	0.000000	0.000000	0.000000	0.000000
-0.925141	0.855902	-0.813782	-0.000000	0.000000	0.000000	0.000000	0.000000	0.000000	0.000000
-0.925140	0.856331	-0.812831	-0.014183	0.000000	0.000000	0.000000	0.000000	0.000000	0.000000
-0.925141	0.856253	-0.810459	0.000000	0.000000	0.000000	0.000000	0.000000	0.000000	0.000000
-0.925141	0.855782	-0.812490	-0.000000	0.000000	0.000000	0.000000	0.000000	0.000000	0.000000
-0.925141	0.856071	-0.812128	0.000000	0.000000	0.000000	0.000000	0.000000	0.000000	0.000000
-0.925141	0.855945	-0.810443	-0.000000	0.000000	0.000000	0.000000	0.000000	0.000000	0.000000
-0.925141	0.856012	-0.811518	-0.000000	0.000000	0.000000	0.000000	0.000000	0.000000	0.000000
-0.925141	0.855728	-0.813201	-0.000000	0.000000	0.000000	0.000000	0.000000	0.000000	0.000000
-0.925141	0.855677	-0.812261	-0.000000	0.000000	0.000000	0.000000	0.000000	0.000000	0.000000
-0.925141	0.855647	-0.811442	-0.000000	0.000000	0.000000	0.000000	0.000000	0.000000	0.000000
-0.925141	0.856114	-0.812917	-0.000001	0.000000	0.000000	0.000000	0.000000	0.000000	0.000000
-0.925141	0.856189	-0.812253	-0.000000	0.000000	0.000000	0.000000	0.000000	0.000000	0.000000
-0.925141	0.856470	-0.811405	-0.000000	0.000000	0.000000	0.000000	0.000000	0.000000	0.000000
-0.925141	0.855578	-0.812009	0.000000	0.000000	0.000000	0.000000	0.000000	0.000000	0.000000
-0.925141	0.855886	-0.812273	-0.000000	0.000000	0.000000	0.000000	0.000000	0.000000	0.000000
-0.925141	0.855793	-0.811369	-0.000000	0.000000	0.000000	0.000000	0.000000	0.000000	0.000000
-0.925141	0.855777	-0.813851	0.000000	0.000000	0.000000	0.000000	0.000000	0.000000	0.000000
-0.925141	0.856025	-0.812177	-0.000000	0.000000	0.000000	0.000000	0.000000	0.000000	0.000000
-0.925141	0.855969	-0.812733	-0.000000	0.000000	0.000000	0.000000	0.000000	0.000000	0.000000
-0.925141	0.855988	-0.813279	-0.000000	0.000000	0.000000	0.000000	0.000000	0.000000	0.000000
-0.925141	0.855650	-0.810624	-0.000000	0.000000	0.000000	0.000000	0.000000	0.000000	0.000000
-0.925141	0.855856	-0.810708	-0.000000	0.000000	0.000000	0.000000	0.000000	0.000000	0.000000
-0.925141	0.856046	-0.813101	-0.000000	0.000000	0.000000	0.000000	0.000000	0.000000	0.000000
-0.925141	0.856232	-0.810366	-0.000000	0.000000	0.000000	0.000000	0.000000	0.000000	0.000000
-0.925141	0.855656	-0.811370	-0.000000	0.000000	0.000000	0.000000	0.000000	0.000000	0.000000
-0.925141	0.855822	-0.812582	0.000000	0.000000	0.000000	0.000000	0.000000	0.000000	0.000000
-0.925141	0.855313	-0.813407	-0.000000	0.000000	0.000000	0.000000	0.000000	0.000000	0.000000
-0.925141	0.856003	-0.814630	0.000000	0.000000	0.000000	0.000000	0.000000	0.000000	0.000000
-0.925141	0.855791	-0.812335	0.000000	0.000000	0.000000	0.000000	0.000000	0.000000	0.000000
-0.925141	0.855924	-0.813277	0.000000	0.000000	0.000000	0.000000	0.000000	0.000000	0.000000
-0.925141	0.855932	-0.809763	-0.000000	0.000000	0.000000	0.000000	0.000000	0.000000	0.000000
-0.925141	0.855532	-0.811515	0.000000	0.000000	0.000000	0.000000	0.000000	0.000000	0.000000
-0.925141	0.855850	-0.810778	0.000000	0.000000	0.000000	0.000000	0.000000	0.000000	0.000000
-0.925141	0.856341	-0.811147	0.000000	0.000000	0.000000	0.000000	0.000000	0.000000	0.000000
-0.925141	0.855493	-0.812399	-0.000000	0.000000	0.000000	0.000000	0.000000	0.000000	0.000000
-0.925141	0.856255	-0.811241	-0.000000	0.000000	0.000000	0.000000	0.000000	0.000000	0.000000
-0.925141	0.856075	-0.812518	-0.000000	0.000000	0.000000	0.000000	0.000000	0.000000	0.000000
-0.925141	0.855954	-0.811519	-0.000000	0.000000	0.000000	0.000000	0.000000	0.000000	0.000000
-0.925141	0.856545	-0.810911	0.000000	0.000000	0.000000	0.000000	0.000000	0.000000	0.000000
-0.925141	0.856498	-0.810577	-0.000000	0.000000	0.000000	0.000000	0.000000	0.000000	0.000000
-0.925141	0.855904	-0.812540	0.000000	0.000000	0.000000	0.000000	0.000000	0.000000	0.000000
-0.925141	0.855804	-0.810772	-0.000000	0.000000	0.000000	0.000000	0.000000	0.000000	0.000000
-0.925141	0.856071	-0.812480	-0.000000	0.000000	0.000000	0.000000	0.000000	0.000000	0.000000
-0.925141	0.855576	-0.810508	-0.000000	0.000000	0.000000	0.000000	0.000000	0.000000	0.000000
-0.925141	0.855793	-0.812606	0.000000	0.000000	0.000000	0.000000	0.000000	0.000000	0.000000
-0.925140	0.855605	-0.813750	-0.000000	0.000000	0.000000	0.000000	0.000000	0.000000	0.000000
-0.925141	0.856359	-0.812194	-0.000000	0.000000	0.000000	0.000000	0.000000	0.000000	0.000000
-0.925141	0.855430	-0.812771	-0.000000	0.000000	0.000000	0.000000	0.000000	0.000000	0.000000
-0.925141	0.856395	-0.812954	-0.000000	0.000000	0.000000	0.000000	0.000000	0.000000	0.000000
-0.925141	0.855841	-0.811253	-0.000000	0.000000	0.000000	0.000000	0.000000	0.000000	0.000000
-0.925141	0.855732	-0.812642	0.000000	0.000000	0.000000	0.000000	0.000000	0.000000	0.000000
-0.925141	0.855895	-0.812153	-0.000000	0.000000	0.000000	0.000000	0.000000	0.000000	0.000000
-0.925141	0.856189	-0.813245	-0.000000	0.000000	0.000000	0.000000	0.000000	0.000000	0.000000
-0.925141	0.856298	-0.810910	0.000000	0.000000	0.000000	0.000000	0.000000	0.000000	0.000000
-0.925141	0.855247	-0.811023	-0.000000	0.000000	0.000000	0.000000	0.000000	0.000000	0.000000
-0.925141	0.855721	-0.812567	0.000000	0.000000	0.000000	0.000000	0.000000	0.000000	0.000000
-0.925141	0.855790	-0.812394	-0.000000	0.000000	0.000000	0.000000	0.000000	0.000000	0.000000
-0.925141	0.855925	-0.812028	-0.000000	0.000000	0.000000	0.000000	0.000000	0.000000	0.000000
-0.925141	0.855654	-0.812828	-0.000000	0.000000	0.000000	0.000000	0.000000	0.000000	0.000000
-0.925141	0.855821	-0.812124	0.000000	0.000000	0.000000	0.000000	0.000000	0.000000	0.000000
-0.925140	0.855741	-0.810501	-0.000000	0.000000	0.000000	0.000000	0.000000	0.000000	0.000000
-0.925141	0.856072	-0.812939	-0.000000	0.000000	0.000000	0.000000	0.000000	0.000000	0.000000
-0.925141	0.856135	-0.810711	0.000000	0.000000	0.000000	0.000000	0.000000	0.000000	0.000000
-0.925141	0.856079	-0.810615	-0.000000	0.000000	0.000000	0.000000	0.000000	0.000000	0.000000
-0.925141	0.856218	-0.811639	-0.000000	0.000000	0.000000	0.000000	0.000000	0.000000	0.000000
-0.925141	0.856326	-0.810415	-0.000000	0.000000	0.000000	0.000000	0.000000	0.000000	0.000000
-0.925141	0.855879	-0.812205	-0.000000	0.000000	0.000000	0.000000	0.000000	0.000000	0.000000
-0.925141	0.856404	-0.810712	0.000000	0.000000	0.000000	0.000000	0.000000	0.000000	0.000000
-0.925141	0.856008	-0.810727	-0.000000	0.000000	0.000000	0.000000	0.000000	0.000000	0.000000
-0.925141	0.855795	-0.811460	-0.000000	0.000000	0.000000	0.000000	0.000000	0.000000	0.000000
-0.925140	0.856130	-0.812221	-0.000000	0.000000	0.000000	0.000000	0.000000	0.000000	0.000000
-0.925141	0.855603	-0.807865	-0.000000	0.000000	0.000000	0.000000	0.000000	0.000000	0.000000
-0.925141	0.856052	-0.811447	0.000000	0.000000	0.000000	0.000000	0.000000	0.000000	0.000000
-0.925141	0.855840	-0.810848	0.000000	0.000000	0.000000	0.000000	0.000000	0.000000	0.000000
-0.925141	0.855931	-0.811541	0.000000	0.000000	0.000000	0.000000	0.000000	0.000000	0.000000
-0.925141	0.855763	-0.813237	-0.000000	0.000000	0.000000	0.000000	0.000000	0.000000	0.000000
-0.925141	0.855653	-0.809972	-0.000000	0.000000	0.000000	0.000000	0.000000	0.000000	0.000000
-0.925141	0.856312	-0.811541	-0.000000	0.000000	0.000000	0.000000	0.000000	0.000000	0.000000
-0.925140	0.855768	-0.813051	-0.000000	0.000000	0.000000	0.000000	0.000000	0.000000	0.000000
-0.925141	0.855997	-0.810815	-0.000000	0.000000	0.000000	0.000000	0.000000	0.000000	0.000000
-0.925141	0.855694	-0.813844	-0.000000	0.000000	0.000000	0.000000	0.000000	0.000000	0.000000
-0.925141	0.856163	-0.811305	0.000000	0.000000	0.000000	0.000000	0.000000	0.000000	0.000000
-0.925141	0.855505	-0.811564	0.000000	0.000000	0.000000	0.000000	0.000000	0.000000	0.000000
-0.925141	0.856428	-0.811143	0.000000	0.000000	0.000000	0.000000	0.000000	0.000000	0.000000
-0.925141	0.856074	-0.810870	-0.000000	0.000000	0.000000	0.000000	0.000000	0.000000	0.000000
-0.925141	0.856413	-0.810511	0.000000	0.000000	0.000000	0.000000	0.000000	0.000000	0.000000
-0.925141	0.856041	-0.813364	0.000000	0.000000	0.000000	0.000000	0.000000	0.000000	0.000000
-0.925141	0.855988	-0.813691	-0.000000	0.000000	0.000000	0.000000	0.000000	0.000000	0.000000
-0.925141	0.855477	-0.810670	-0.000000	0.000000	0.000000	0.000000	0.000000	0.000000	0.000000
-0.925140	0.856068	-0.811788	-0.000000	0.000000	0.000000	0.000000	0.000000	0.000000	0.000000
-0.925141	0.855931	-0.810977	-0.000000	0.000000	0.000000	0.000000	0.000000	0.000000	0.000000
-0.925141	0.856169	-0.812554	0.000000	0.000000	0.000000	0.000000	0.000000	0.000000	0.000000
-0.925141	0.855753	-0.811590	-0.000000	0.000000	0.000000	0.000000	0.000000	0.000000	0.000000
-0.925141	0.856265	-0.812208	0.000000	0.000000	0.000000	0.000000	0.000000	0.000000	0.000000
-0.925141	0.855920	-0.812596	-0.000000	0.000000	0.000000	0.000000	0.000000	0.000000	0.000000
-0.925141	0.856243	-0.812096	-0.000000	0.000000	0.000000	0.000000	0.000000	0.000000	0.000000
-0.925141	0.855835	-0.810805	-0.000000	0.000000	0.000000	0.000000	0.000000	0.000000	0.000000
-0.925141	0.855889	-0.811307	-0.000000	0.000000	0.000000	0.000000	0.000000	0.000000	0.000000
-0.925141	0.856006	-0.812342	0.000000	0.000000	0.000000	0.000000	0.000000	0.000000	0.000000
-0.925141	0.856105	-0.813100	-0.000000	0.000000	0.000000	0.000000	0.000000	0.000000	0.000000
-0.925141	0.855808	-0.812339	0.000000	0.000000	0.000000	0.000000	0.000000	0.000000	0.000000
-0.925141	0.856596	-0.812283	-0.000000	0.000000	0.000000	0.000000	0.000000	0.000000	0.000000
-0.925141	0.855599	-0.813230	0.000000	0.000000	0.000000	0.000000	0.000000	0.000000	0.000000
-0.925141	0.855454	-0.814809	-0.000000	0.000000	0.000000	0.000000	0.000000	0.000000	0.000000
-0.925141	0.855917	-0.812110	-0.000000	0.000000	0.000000	0.000000	0.000000	0.000000	0.000000
-0.925141	0.855674	-0.000003	-0.000000	0.000000	0.000000	0.000000	0.000000	0.000000	0.000000
-0.925141	0.856414	0.825287	0.000000	0.000000	0.000000	0.000000	0.000000	0.000000	0.000000
-0.925141	0.856148	0.825287	0.000000	0.000000	0.000000	0.000000	0.000000	0.000000	0.000000
-0.925141	0.856536	0.825286	0.000000	0.000000	0.000000	0.000000	0.000000	0.000000	0.000000
-0.925140	0.855287	0.825279	-0.000000	0.000000	0.000000	0.000000	0.000000	0.000000	0.000000
-0.925141	0.855978	0.825287	0.000000	0.000000	0.000000	0.000000	0.000000	0.000000	0.000000
-0.925141	0.856088	0.825287	0.000000	0.000000	0.000000	0.000000	0.000000	0.000000	0.000000
-0.925141	0.855874	0.825284	-0.000000	0.000000	0.000000	0.000000	0.000000	0.000000	0.000000
-0.925141	0.856033	0.825287	-0.000000	0.000000	0.000000	0.000000	0.000000	0.000000	0.000000
-0.925140	0.855095	0.825287	-0.000000	0.000000	0.000000	0.000000	0.000000	0.000000	0.000000
-0.925141	0.856277	0.825287	-0.000000	0.000000	0.000000	0.000000	0.000000	0.000000	0.000000
-0.925141	0.856331	0.825287	0.000000	0.000000	0.000000	0.000000	0.000000	0.000000	0.000000
-0.925141	0.856317	0.825210	0.000000	0.000000	0.000000	0.000000	0.000000	0.000000	0.000000
-0.925141	0.856096	0.825287	-0.000000	0.000000	0.000000	0.000000	0.000000	0.000000	0.000000
-0.925141	0.855354	0.825287	-0.000000	0.000000	0.000000	0.000000	0.000000	0.000000	0.000000
-0.925141	0.856280	0.825286	-0.000000	0.000000	0.000000	0.000000	0.000000	0.000000	0.000000
-0.925141	0.855748	0.825284	-0.000000	0.000000	0.000000	0.000000	0.000000	0.000000	0.000000
-0.925141	0.855525	0.825287	-0.000000	0.000000	0.000000	0.000000	0.000000	0.000000	0.000000
-0.925141	0.855985	0.825286	0.000000	0.000000	0.000000	0.000000	0.000000	0.000000	0.000000
-0.925141	0.855717	0.825285	-0.000000	0.000000	0.000000	0.000000	0.000000	0.000000	0.000000
-0.925141	0.856026	0.825286	-0.000000	0.000000	0.000000	0.000000	0.000000	0.000000	0.000000
-0.925141	0.855946	0.825287	0.000000	0.000000	0.000000	0.000000	0.000000	0.000000	0.000000
-0.925141	0.856477	0.825286	0.000000	0.000000	0.000000	0.000000	0.000000	0.000000	0.000000
-0.925141	0.855252	0.825287	0.000000	0.000000	0.000000	0.000000	0.000000	0.000000	0.000000
-0.925141	0.856389	0.825287	0.000000	0.000000	0.000000	0.000000	0.000000	0.000000	0.000000
-0.925141	0.855723	0.825275	-0.000000	0.000000	0.000000	0.000000	0.000000	0.000000	0.000000
-0.925141	0.855683	0.825241	-0.000000	0.000000	0.000000	0.000000	0.000000	0.000000	0.000000
-0.925141	0.855917	0.825284	0.000000	0.000000	0.000000	0.000000	0.000000	0.000000	0.000000
-0.925141	0.856447	0.825287	0.000000	0.000000	0.000000	0.000000	0.000000	0.000000	0.000000
-0.925141	0.855689	0.825287	0.000000	0.000000	0.000000	0.000000	0.000000	0.000000	0.000000
-0.925141	0.854889	0.825287	-0.000000	0.000000	0.000000	0.000000	0.000000	0.000000	0.000000
-0.925141	0.855692	0.825286	0.000000	0.000000	0.000000	0.000000	0.000000	0.000000	0.000000
-0.925141	0.855486	0.825287	-0.000000	0.000000	0.000000	0.000000	0.000000	0.000000	0.000000
-0.925141	0.856279	0.825286	0.000000	0.000000	0.000000	0.000000	0.000000	0.000000	0.000000
-0.925141	0.855730	0.825287	0.000000	0.000000	0.000000	0.000000	0.000000	0.000000	0.000000
-0.925141	0.855666	0.825284	0.000000	0.000000	0.000000	0.000000	0.000000	0.000000	0.000000
-0.925141	0.855592	0.825286	0.000000	0.000000	0.000000	0.000000	0.000000	0.000000	0.000000
-0.925141	0.663708	0.825224	-0.000000	0.000000	0.000000	0.000000	0.000000	0.000000	0.000000
-0.925141	0.855809	0.825287	0.000000	0.000000	0.000000	0.000000	0.000000	0.000000	0.000000
-0.925140	0.855691	0.825287	-0.000000	0.000000	0.000000	0.000000	0.000000	0.000000	0.000000
-0.925141	0.856286	0.825287	-0.000000	0.000000	0.000000	0.000000	0.000000	0.000000	0.000000
-0.925141	0.856110	0.825287	-0.000000	0.000000	0.000000	0.000000	0.000000	0.000000	0.000000
-0.925141	0.856132	0.825287	-0.000000	0.000000	0.000000	0.000000	0.000000	0.000000	0.000000
-0.925141	0.855893	0.825287	0.000000	0.000000	0.000000	0.000000	0.000000	0.000000	0.000000
-0.925141	0.855915	0.825287	-0.000000	0.000000	0.000000	0.000000	0.000000	0.000000	0.000000
-0.925141	0.856375	0.825287	-0.000000	0.000000	0.000000	0.000000	0.000000	0.000000	0.000000
-0.925141	0.855777	0.825286	0.000000	0.000000	0.000000	0.000000	0.000000	0.000000	0.000000
-0.925141	0.856586	0.825287	-0.000000	0.000000	0.000000	0.000000	0.000000	0.000000	0.000000
-0.925141	0.855882	0.825287	0.000000	0.000000	0.000000	0.000000	0.000000	0.000000	0.000000
-0.925141	0.856371	0.825286	-0.000000	0.000000	0.000000	0.000000	0.000000	0.000000	0.000000
-0.925141	0.855743	0.825286	0.000000	0.000000	0.000000	0.000000	0.000000	0.000000	0.000000
-0.925141	0.856150	0.825287	0.000000	0.000000	0.000000	0.000000	0.000000	0.000000	0.000000
-0.925141	0.856548	0.825286	-0.000000	0.000000	0.000000	0.000000	0.000000	0.000000	0.000000
-0.925141	0.855932	0.825287	0.000000	0.000000	0.000000	0.000000	0.000000	0.000000	0.000000
-0.925141	0.856248	0.825287	-0.000000	0.000000	0.000000	0.000000	0.000000	0.000000	0.000000
-0.925141	0.856232	0.825287	0.000000	0.000000	0.000000	0.000000	0.000000	0.000000	0.000000
-0.925141	0.855954	0.825287	-0.000000	0.000000	0.000000	0.000000	0.000000	0.000000	0.000000
-0.925141	0.856051	0.825286	0.000000	0.000000	0.000000	0.000000	0.000000	0.000000	0.000000
-0.925141	0.856300	0.825278	0.000000	0.000000	0.000000	0.000000	0.000000	0.000000	0.000000
-0.925141	0.855887	0.825287	0.000000	0.000000	0.000000	0.000000	0.000000	0.000000	0.000000
-0.925141	0.856473	0.825287	0.000000	0.000000	0.000000	0.000000	0.000000	0.000000	0.000000
-0.925141	0.855595	0.825287	0.000000	0.000000	0.000000	0.000000	0.000000	0.000000	0.000000
-0.925141	0.856067	0.825287	-0.000000	0.000000	0.000000	0.000000	0.000000	0.000000	0.000000
-0.925141	0.855637	0.825287	-0.000000	0.000000	0.000000	0.000000	0.000000	0.000000	0.000000
-0.925141	0.856060	0.825286	-0.000000	0.000000	0.000000	0.000000	0.000000	0.000000	0.000000
-0.925141	0.855404	0.825287	0.000000	0.000000	0.000000	0.000000	0.000000	0.000000	0.000000
-0.925141	0.855462	0.825287	-0.000000	0.000000	0.000000	0.000000	0.000000	0.000000	0.000000
-0.925141	0.856114	0.825287	0.000000	0.000000	0.000000	0.000000	0.000000	0.000000	0.000000
-0.925141	0.855387	0.825287	0.000000	0.000000	0.000000	0.000000	0.000000	0.000000	0.000000
-0.925141	0.855801	0.825287	0.000000	0.000000	0.000000	0.000000	0.000000	0.000000	0.000000
-0.925141	0.856377	0.825287	-0.000000	0.000000	0.000000	0.000000	0.000000	0.000000	0.000000
-0.925141	0.855907	0.825285	-0.000000	0.000000	0.000000	0.000000	0.000000	0.000000	0.000000
-0.925141	0.856126	0.825263	-0.000000	0.000000	0.000000	0.000000	0.000000	0.000000	0.000000
-0.925141	0.855632	0.825287	0.000000	0.000000	0.000000	0.000000	0.000000	0.000000	0.000000
-0.925141	0.855833	0.825285	0.000000	0.000000	0.000000	0.000000	0.000000	0.000000	0.000000
-0.925141	0.855481	0.825287	0.000000	0.000000	0.000000	0.000000	0.000000	0.000000	0.000000
-0.925141	0.855577	0.825271	0.000000	0.000000	0.000000	0.000000	0.000000	0.000000	0.000000
-0.925141	0.855826	0.825287	0.000000	0.000000	0.000000	0.000000	0.000000	0.000000	0.000000
-0.925141	0.855519	0.825287	0.000000	0.000000	0.000000	0.000000	0.000000	0.000000	0.000000
-0.925141	0.855997	0.825287	-0.000000	0.000000	0.000000	0.000000	0.000000	0.000000	0.000000
-0.925141	0.855868	0.825287	0.000000	0.000000	0.000000	0.000000	0.000000	0.000000	0.000000
-0.925141	0.856279	0.825287	-0.000000	0.000000	0.000000	0.000000	0.000000	0.000000	0.000000
-0.925141	0.856334	0.825281	0.000000	0.000000	0.000000	0.000000	0.000000	0.000000	0.000000
-0.925141	0.856155	0.825287	-0.000000	0.000000	0.000000	0.000000	0.000000	0.000000	0.000000
-0.925141	0.855789	0.825287	0.000000	0.000000	0.000000	0.000000	0.000000	0.000000	0.000000
-0.925141	0.855770	0.825287	0.000000	0.000000	0.000000	0.000000	0.000000	0.000000	0.000000
-0.925141	0.856243	0.825284	-0.000000	0.000000	0.000000	0.000000	0.000000	0.000000	0.000000
-0.925141	0.855802	0.825287	-0.000000	0.000000	0.000000	0.000000	0.000000	0.000000	0.000000
-0.925141	0.856168	0.825287	0.000000	0.000000	0.000000	0.000000	0.000000	0.000000	0.000000
-0.925141	0.856247	0.825286	0.000000	0.000000	0.000000	0.000000	0.000000	0.000000	0.000000
-0.925141	0.855710	0.825286	0.000000	0.000000	0.000000	0.000000	0.000000	0.000000	0.000000
-0.925141	0.855906	0.825277	-0.000000	0.000000	0.000000	0.000000	0.000000	0.000000	0.000000
-0.925141	0.855797	0.825277	-0.000000	0.000000	0.000000	0.000000	0.000000	0.000000	0.000000
-0.925141	0.856056	0.825287	0.000000	0.000000	0.000000	0.000000	0.000000	0.000000	0.000000
-0.925141	0.855734	0.825287	0.000000	0.000000	0.000000	0.000000	0.000000	0.000000	0.000000
-0.925141	0.855483	0.825287	0.000000	0.000000	0.000000	0.000000	0.000000	0.000000	0.000000
-0.925141	0.855235	0.825287	-0.000000	0.000000	0.000000	0.000000	0.000000	0.000000	0.000000
-0.925141	0.855997	0.825287	0.000000	0.000000	0.000000	0.000000	0.000000	0.000000	0.000000
-0.925141	0.855672	0.825287	0.000000	0.000000	0.000000	0.000000	0.000000	0.000000	0.000000
-0.925141	0.855410	0.825287	-0.000000	0.000000	0.000000	0.000000	0.000000	0.000000	0.000000
-0.925141	0.856473	0.825287	-0.000000	0.000000	0.000000	0.000000	0.000000	0.000000	0.000000
-0.925141	0.855798	0.825286	0.000000	0.000000	0.000000	0.000000	0.000000	0.000000	0.000000
-0.925141	0.856265	0.825287	-0.000000	0.000000	0.000000	0.000000	0.000000	0.000000	0.000000
-0.925141	0.856713	0.825239	0.000000	0.000000	0.000000	0.000000	0.000000	0.000000	0.000000
-0.925141	0.856276	0.825287	-0.000000	0.000000	0.000000	0.000000	0.000000	0.000000	0.000000
-0.925141	0.855806	0.825287	-0.000000	0.000000	0.000000	0.000000	0.000000	0.000000	0.000000
-0.925141	0.855640	0.825287	-0.000000	0.000000	0.000000	0.000000	0.000000	0.000000	0.000000
-0.925141	0.855949	0.825286	0.000000	0.000000	0.000000	0.000000	0.000000	0.000000	0.000000
-0.925141	0.855870	0.825110	0.000000	0.000000	0.000000	0.000000	0.000000	0.000000	0.000000
-0.925140	0.855775	0.825283	0.000000	0.000000	0.000000	0.000000	0.000000	0.000000	0.000000
-0.925141	0.855996	0.825287	-0.000000	0.000000	0.000000	0.000000	0.000000	0.000000	0.000000
-0.925141	0.856296	0.825286	-0.000000	0.000000	0.000000	0.000000	0.000000	0.000000	0.000000
-0.925141	0.855881	0.825287	-0.000000	0.000000	0.000000	0.000000	0.000000	0.000000	0.000000
-0.925141	0.855440	0.825286	0.000000	0.000000	0.000000	0.000000	0.000000	0.000000	0.000000
-0.925141	0.855907	0.825287	-0.000000	0.000000	0.000000	0.000000	0.000000	0.000000	0.000000
-0.925141	0.856479	0.825287	-0.000000	0.000000	0.000000	0.000000	0.000000	0.000000	0.000000
-0.925141	0.855667	0.825287	0.000000	0.000000	0.000000	0.000000	0.000000	0.000000	0.000000
-0.925141	0.856360	0.825072	0.000000	0.000000	0.000000	0.000000	0.000000	0.000000	0.000000
-0.925141	0.856484	0.825286	-0.000000	0.000000	0.000000	0.000000	0.000000	0.000000	0.000000
-0.925141	0.856171	0.825284	-0.000000	0.000000	0.000000	0.000000	0.000000	0.000000	0.000000
-0.925141	0.855963	0.825245	0.000000	0.000000	0.000000	0.000000	0.000000	0.000000	0.000000
-0.925141	0.855626	0.825287	0.000000	0.000000	0.000000	0.000000	0.000000	0.000000	0.000000
-0.925141	0.855994	0.825287	0.000000	0.000000	0.000000	0.000000	0.000000	0.000000	0.000000
-0.925141	0.855871	0.825286	0.000000	0.000000	0.000000	0.000000	0.000000	0.000000	0.000000
-0.925141	0.856576	0.825287	0.000000	0.000000	0.000000	0.000000	0.000000	0.000000	0.000000
-0.925141	0.856312	0.825286	-0.000000	0.000000	0.000000	0.000000	0.000000	0.000000	0.000000
-0.925141	0.855583	0.825287	0.000000	0.000000	0.000000	0.000000	0.000000	0.000000	0.000000
-0.925140	0.856101	0.825287	0.000000	0.000000	0.000000	0.000000	0.000000	0.000000	0.000000
-0.925141	0.856233	0.825287	-0.000000	0.000000	0.000000	0.000000	0.000000	0.000000	0.000000
-0.925141	0.856111	0.825287	-0.000000	0.000000	0.000000	0.000000	0.000000	0.000000	0.000000
-0.925141	0.855351	0.825286	0.000000	0.000000	0.000000	0.000000	0.000000	0.000000	0.000000
-0.925141	0.855616	0.825287	-0.000000	0.000000	0.000000	0.000000	0.000000	0.000000	0.000000
-0.925141	0.856084	0.825276	-0.000000	0.000000	0.000000	0.000000	0.000000	0.000000	0.000000
-0.925141	0.856369	0.825286	-0.000000	0.000000	0.000000	0.000000	0.000000	0.000000	0.000000
-0.925141	0.856197	0.825286	0.000000	0.000000	0.000000	0.000000	0.000000	0.000000	0.000000
-0.925141	0.855545	0.825287	0.000000	0.000000	0.000000	0.000000	0.000000	0.000000	0.000000
-0.925141	0.855904	0.825286	-0.000000	0.000000	0.000000	0.000000	0.000000	0.000000	0.000000
-0.925141	0.856432	0.825284	-0.000000	0.000000	0.000000	0.000000	0.000000	0.000000	0.000000
-0.925141	0.856721	0.825287	0.000000	0.000000	0.000000	0.000000	0.000000	0.000000	0.000000
-0.925141	0.855869	0.825263	-0.000000	0.000000	0.000000	0.000000	0.000000	0.000000	0.000000
-0.925140	0.856004	0.825287	0.000000	0.000000	0.000000	0.000000	0.000000	0.000000	0.000000
-0.925141	0.855113	0.825287	-0.000000	0.000000	0.000000	0.000000	0.000000	0.000000	0.000000
-0.925141	0.855898	0.824524	-0.000000	0.000000	0.000000	0.000000	0.000000	0.000000	0.000000
-0.925141	0.855533	0.825216	-0.000000	0.000000	0.000000	0.000000	0.000000	0.000000	0.000000
-0.925141	0.856004	0.825286	-0.000000	0.000000	0.000000	0.000000	0.000000	0.000000	0.000000
-0.925140	0.856107	0.825287	0.000000	0.000000	0.000000	0.000000	0.000000	0.000000	0.000000
-0.925141	0.856302	0.825286	-0.000000	0.000000	0.000000	0.000000	0.000000	0.000000	0.000000
-0.925141	0.855623	0.825286	0.000000	0.000000	0.000000	0.000000	0.000000	0.000000	0.000000
-0.925141	0.855877	0.825286	0.000000	0.000000	0.000000	0.000000	0.000000	0.000000	0.000000
-0.925141	0.856189	0.825287	-0.000000	0.000000	0.000000	0.000000	0.000000	0.000000	0.000000
-0.925141	0.856137	0.825287	-0.000000	0.000000	0.000000	0.000000	0.000000	0.000000	0.000000
-0.925141	0.855958	0.825287	0.000000	0.000000	0.000000	0.000000	0.000000	0.000000	0.000000
-0.925141	0.855576	0.825239	0.000000	0.000000	0.000000	0.000000	0.000000	0.000000	0.000000
-0.925141	0.856292	0.825276	0.000000	0.000000	0.000000	0.000000	0.000000	0.000000	0.000000
-0.925141	0.856059	0.825287	0.000000	0.000000	0.000000	0.000000	0.000000	0.000000	0.000000
-0.925141	0.855924	0.825275	0.000000	0.000000	0.000000	0.000000	0.000000	0.000000	0.000000
-0.925141	0.856216	0.825287	0.000000	0.000000	0.000000	0.000000	0.000000	0.000000	0.000000
-0.925141	0.855878	0.825287	-0.000000	0.000000	0.000000	0.000000	0.000000	0.000000	0.000000
-0.925141	0.856017	0.825287	0.000000	0.000000	0.000000	0.000000	0.000000	0.000000	0.000000
-0.925140	0.856104	0.825286	0.000000	0.000000	0.000000	0.000000	0.000000	0.000000	0.000000
-0.925141	0.856142	0.825286	0.000000	0.000000	0.000000	0.000000	0.000000	0.000000	0.000000
-0.925141	0.855917	0.825254	0.000000	0.000000	0.000000	0.000000	0.000000	0.000000	0.000000
-0.925141	0.856374	0.825287	0.000000	0.000000	0.000000	0.000000	0.000000	0.000000	0.000000
-0.925141	0.855641	0.825287	0.000000	0.000000	0.000000	0.000000	0.000000	0.000000	0.000000
-0.925141	0.855632	0.825287	-0.000000	0.000000	0.000000	0.000000	0.000000	0.000000	0.000000
-0.925141	0.855905	0.825287	0.000000	0.000000	0.000000	0.000000	0.000000	0.000000	0.000000
-0.925141	0.856136	0.825287	0.000000	0.000000	0.000000	0.000000	0.000000	0.000000	0.000000
-0.925141	0.856650	0.825272	0.000000	0.000000	0.000000	0.000000	0.000000	0.000000	0.000000
-0.925141	0.855752	0.825286	0.000000	0.000000	0.000000	0.000000	0.000000	0.000000	0.000000
-0.925141	0.855831	0.822105	0.000000	0.000000	0.000000	0.000000	0.000000	0.000000	0.000000
-0.925141	0.855813	0.825287	0.000000	0.000000	0.000000	0.000000	0.000000	0.000000	0.000000
-0.925141	0.855909	0.825287	0.000000	0.000000	0.000000	0.000000	0.000000	0.000000	0.000000
-0.925141	0.855704	0.825286	-0.000000	0.000000	0.000000	0.000000	0.000000	0.000000	0.000000
-0.925141	0.856227	0.825287	-0.000000	0.000000	0.000000	0.000000	0.000000	0.000000	0.000000
-0.925141	0.855590	0.825287	-0.000000	0.000000	0.000000	0.000000	0.000000	0.000000	0.000000
-0.925141	0.855960	0.823500	-0.000000	0.000000	0.000000	0.000000	0.000000	0.000000	0.000000
-0.925141	0.855672	0.825286	-0.000000	0.000000	0.000000	0.000000	0.000000	0.000000	0.000000
-0.925141	0.855601	0.825286	-0.000000	0.000000	0.000000	0.000000	0.000000	0.000000	0.000000
-0.925141	0.855547	0.825287	-0.000000	0.000000	0.000000	0.000000	0.000000	0.000000	0.000000
-0.925141	0.855836	0.825287	-0.000000	0.000000	0.000000	0.000000	0.000000	0.000000	0.000000
-0.925141	0.856089	0.825287	-0.000000	0.000000	0.000000	0.000000	0.000000	0.000000	0.000000
-0.925141	0.855825	0.825287	0.000000	0.000000	0.000000	0.000000	0.000000	0.000000	0.000000
-0.925141	0.856415	0.825287	-0.000000	0.000000	0.000000	0.000000	0.000000	0.000000	0.000000
-0.925141	0.856074	0.825286	0.000000	0.000000	0.000000	0.000000	0.000000	0.000000	0.000000
-0.925141	0.856120	0.825286	0.000000	0.000000	0.000000	0.000000	0.000000	0.000000	0.000000
-0.925141	0.855641	0.825287	0.000000	0.000000	0.000000	0.000000	0.000000	0.000000	0.000000
-0.925141	0.855230	0.825287	-0.000000	0.000000	0.000000	0.000000	0.000000	0.000000	0.000000
-0.925141	0.855804	0.825287	-0.000000	0.000000	0.000000	0.000000	0.000000	0.000000	0.000000
-0.925141	0.856634	0.825287	-0.000000	0.000000	0.000000	0.000000	0.000000	0.000000	0.000000
-0.925141	0.856194	0.825287	0.000000	0.000000	0.000000	0.000000	0.000000	0.000000	0.000000
-0.925141	0.856225	0.825287	0.000000	0.000000	0.000000	0.000000	0.000000	0.000000	0.000000
-0.925141	0.855740	0.825287	-0.000000	0.000000	0.000000	0.000000	0.000000	0.000000	0.000000
-0.925141	0.856677	0.825287	0.000000	0.000000	0.000000	0.000000	0.000000	0.000000	0.000000
-0.925141	0.856106	0.825287	-0.000000	0.000000	0.000000	0.000000	0.000000	0.000000	0.000000
-0.925141	0.856344	0.825282	-0.000000	0.000000	0.000000	0.000000	0.000000	0.000000	0.000000
-0.925141	0.798016	0.825287	-0.000000	0.000000	0.000000	0.000000	0.000000	0.000000	0.000000
-0.925141	0.856420	0.825287	-0.000000	0.000000	0.000000	0.000000	0.000000	0.000000	0.000000
-0.925141	0.856307	0.825286	0.000000	0.000000	0.000000	0.000000	0.000000	0.000000	0.000000
-0.925140	0.855190	0.825281	-0.000000	0.000000	0.000000	0.000000	0.000000	0.000000	0.000000
-0.925141	0.855611	0.824552	0.000000	0.000000	0.000000	0.000000	0.000000	0.000000	0.000000
-0.925141	0.855648	0.825287	0.000000	0.000000	0.000000	0.000000	0.000000	0.000000	0.000000
-0.925141	0.856131	0.825287	0.000000	0.000000	0.000000	0.000000	0.000000	0.000000	0.000000
-0.925141	0.856032	0.825287	0.000000	0.000000	0.000000	0.000000	0.000000	0.000000	0.000000
-0.925141	0.855906	0.825287	-0.000000	0.000000	0.000000	0.000000	0.000000	0.000000	0.000000
-0.925141	0.856521	0.825287	0.000000	0.000000	0.000000	0.000000	0.000000	0.000000	0.000000
-0.925141	0.855638	0.825287	0.000000	0.000000	0.000000	0.000000	0.000000	0.000000	0.000000
-0.925141	0.855680	0.825287	-0.000000	0.000000	0.000000	0.000000	0.000000	0.000000	0.000000
-0.925141	0.856030	0.825286	-0.000000	0.000000	0.000000	0.000000	0.000000	0.000000	0.000000
-0.925141	0.855645	0.825287	0.000000	0.000000	0.000000	0.000000	0.000000	0.000000	0.000000
-0.925141	0.855970	0.825283	-0.000000	0.000000	0.000000	0.000000	0.000000	0.000000	0.000000
-0.925141	0.856002	0.825287	0.000000	0.000000	0.000000	0.000000	0.000000	0.000000	0.000000
-0.925141	0.856748	0.825287	0.000000	0.000000	0.000000	0.000000	0.000000	0.000000	0.000000
-0.925141	0.855746	0.825283	-0.000000	0.000000	0.000000	0.000000	0.000000	0.000000	0.000000
-0.925141	0.855785	0.825287	-0.000000	0.000000	0.000000	0.000000	0.000000	0.000000	0.000000
-0.925141	0.856054	0.825287	0.000000	0.000000	0.000000	0.000000	0.000000	0.000000	0.000000
-0.925141	0.856791	0.825287	0.000000	0.000000	0.000000	0.000000	0.000000	0.000000	0.000000
-0.925141	0.855855	0.824944	0.000000	0.000000	0.000000	0.000000	0.000000	0.000000	0.000000
-0.925141	0.856133	0.825286	-0.000000	0.000000	0.000000	0.000000	0.000000	0.000000	0.000000
-0.925141	0.855822	0.825287	-0.000000	0.000000	0.000000	0.000000	0.000000	0.000000	0.000000
-0.925140	0.855898	0.825287	-0.000000	0.000000	0.000000	0.000000	0.000000	0.000000	0.000000
-0.925141	0.856065	0.825282	0.000000	0.000000	0.000000	0.000000	0.000000	0.000000	0.000000
-0.925141	0.855726	0.825287	-0.000000	0.000000	0.000000	0.000000	0.000000	0.000000	0.000000
-0.925140	0.855954	0.825287	-0.000000	0.000000	0.000000	0.000000	0.000000	0.000000	0.000000
-0.925141	0.855920	0.825287	0.000000	0.000000	0.000000	0.000000	0.000000	0.000000	0.000000
-0.925141	0.855801	0.825287	-0.000000	0.000000	0.000000	0.000000	0.000000	0.000000	0.000000
-0.925140	0.856356	0.825287	0.000000	0.000000	0.000000	0.000000	0.000000	0.000000	0.000000
-0.925141	0.855961	0.825287	-0.000000	0.000000	0.000000	0.000000	0.000000	0.000000	0.000000
-0.925141	0.856362	0.825287	0.000000	0.000000	0.000000	0.000000	0.000000	0.000000	0.000000
-0.925141	0.855348	0.825278	0.000000	0.000000	0.000000	0.000000	0.000000	0.000000	0.000000
-0.925141	0.855504	0.825287	0.000000	0.000000	0.000000	0.000000	0.000000	0.000000	0.000000
-0.925141	0.856139	0.825285	-0.000000	0.000000	0.000000	0.000000	0.000000	0.000000	0.000000
-0.925141	0.854939	0.825287	0.000000	0.000000	0.000000	0.000000	0.000000	0.000000	0.000000
-0.925141	0.855845	0.825286	0.000000	0.000000	0.000000	0.000000	0.000000	0.000000	0.000000
-0.925141	0.856031	0.825287	0.000000	0.000000	0.000000	0.000000	0.000000	0.000000	0.000000
-0.925141	0.856230	0.825286	0.000000	0.000000	0.000000	0.000000	0.000000	0.000000	0.000000
-0.925141	0.856445	0.825277	0.000000	0.000000	0.000000	0.000000	0.000000	0.000000	0.000000
-0.925141	0.856325	0.825287	0.000000	0.000000	0.000000	0.000000	0.000000	0.000000	0.000000
-0.925141	0.856158	0.825271	0.000000	0.000000	0.000000	0.000000	0.000000	0.000000	0.000000
-0.925141	0.856092	0.825287	-0.000000	0.000000	0.000000	0.000000	0.000000	0.000000	0.000000
-0.925141	0.855726	0.825287	-0.000000	0.000000	0.000000	0.000000	0.000000	0.000000	0.000000
-0.925141	0.856337	0.821266	0.000000	0.000000	0.000000	0.000000	0.000000	0.000000	0.000000
-0.925141	0.855815	0.825286	0.000000	0.000000	0.000000	0.000000	0.000000	0.000000	0.000000
-0.925141	0.856130	0.825285	0.000000	0.000000	0.000000	0.000000	0.000000	0.000000	0.000000
-0.925141	0.855607	0.825259	-0.000000	0.000000	0.000000	0.000000	0.000000	0.000000	0.000000
-0.925141	0.855787	0.825287	0.000000	0.000000	0.000000	0.000000	0.000000	0.000000	0.000000
-0.925141	0.856286	0.825286	0.000000	0.000000	0.000000	0.000000	0.000000	0.000000	0.000000
-0.925140	0.856042	0.825287	0.000000	0.000000	0.000000	0.000000	0.000000	0.000000	0.000000
-0.925141	0.856060	0.825287	0.000000	0.000000	0.000000	0.000000	0.000000	0.000000	0.000000
-0.925141	0.855940	0.825287	-0.000000	0.000000	0.000000	0.000000	0.000000	0.000000	0.000000
-0.925141	0.855922	0.825287	0.000000	0.000000	0.000000	0.000000	0.000000	0.000000	0.000000
