-0.957821	0.834181	-0.000000	0.849311	0.000000	0.000000	0.000000	0.000000	0.000000	0.000000
-0.957821	0.834181	0.000000	0.849312	0.000000	0.000000	0.000000	0.000000	0.000000	0.000000
-0.957821	0.834181	-0.000000	0.849158	0.000000	0.000000	0.000000	0.000000	0.000000	0.000000
-0.957820	0.834181	0.000000	0.844522	0.000000	0.000000	0.000000	0.000000	0.000000	0.000000
-0.957821	0.834181	-0.000000	0.849301	0.000000	0.000000	0.000000	0.000000	0.000000	0.000000
-0.957821	0.834180	0.000000	0.849312	0.000000	0.000000	0.000000	0.000000	0.000000	0.000000
-0.957821	0.834181	0.000000	0.849311	0.000000	0.000000	0.000000	0.000000	0.000000	0.000000
-0.957820	0.834180	-0.000000	0.849312	0.000000	0.000000	0.000000	0.000000	0.000000	0.000000
-0.957821	0.834181	0.000000	0.849312	0.000000	0.000000	0.000000	0.000000	0.000000	0.000000
-0.957821	0.834181	0.000000	0.849312	0.000000	0.000000	0.000000	0.000000	0.000000	0.000000
-0.957821	0.834181	-0.000000	0.849311	0.000000	0.000000	0.000000	0.000000	0.000000	0.000000
-0.957821	0.834181	-0.000000	0.849312	0.000000	0.000000	0.000000	0.000000	0.000000	0.000000
-0.957821	0.834181	-0.000000	0.849297	0.000000	0.000000	0.000000	0.000000	0.000000	0.000000
-0.957821	0.834181	-0.000000	0.849312	0.000000	0.000000	0.000000	0.000000	0.000000	0.000000
-0.957820	0.834180	0.000000	0.849312	0.000000	0.000000	0.000000	0.000000	0.000000	0.000000
-0.957820	0.834180	0.000000	0.849311	0.000000	0.000000	0.000000	0.000000	0.000000	0.000000
-0.957821	0.834181	0.000000	0.849312	0.000000	0.000000	0.000000	0.000000	0.000000	0.000000
-0.957820	0.834181	-0.000000	0.849311	0.000000	0.000000	0.000000	0.000000	0.000000	0.000000
-0.957821	0.834181	0.000000	0.846456	0.000000	0.000000	0.000000	0.000000	0.000000	0.000000
-0.957820	0.834181	-0.000000	0.849312	0.000000	0.000000	0.000000	0.000000	0.000000	0.000000
-0.957821	0.834181	0.000000	0.849310	0.000000	0.000000	0.000000	0.000000	0.000000	0.000000
-0.957821	0.834101	0.000000	0.849312	0.000000	0.000000	0.000000	0.000000	0.000000	0.000000
-0.957821	0.834181	0.000000	0.849312	0.000000	0.000000	0.000000	0.000000	0.000000	0.000000
-0.957820	0.834181	-0.000000	0.849312	0.000000	0.000000	0.000000	0.000000	0.000000	0.000000
-0.957821	0.834181	-0.000000	0.849311	0.000000	0.000000	0.000000	0.000000	0.000000	0.000000
-0.957820	0.834181	-0.000000	0.849312	0.000000	0.000000	0.000000	0.000000	0.000000	0.000000
-0.957821	0.834181	0.000000	0.849191	0.000000	0.000000	0.000000	0.000000	0.000000	0.000000
-0.957820	0.834181	0.000000	0.849312	0.000000	0.000000	0.000000	0.000000	0.000000	0.000000
-0.957821	0.834181	-0.000000	0.849310	0.000000	0.000000	0.000000	0.000000	0.000000	0.000000
-0.957821	0.834181	-0.000000	0.849312	0.000000	0.000000	0.000000	0.000000	0.000000	0.000000
-0.957821	0.834181	-0.000000	0.849309	0.000000	0.000000	0.000000	0.000000	0.000000	0.000000
-0.957820	0.834181	-0.000000	0.849312	0.000000	0.000000	0.000000	0.000000	0.000000	0.000000
-0.957821	0.834181	0.000000	0.849312	0.000000	0.000000	0.000000	0.000000	0.000000	0.000000
-0.957821	0.834181	0.000000	0.849305	0.000000	0.000000	0.000000	0.000000	0.000000	0.000000
-0.957821	0.834181	-0.000000	0.849312	0.000000	0.000000	0.000000	0.000000	0.000000	0.000000
-0.957821	0.834181	0.000000	0.849312	0.000000	0.000000	0.000000	0.000000	0.000000	0.000000
-0.957820	0.834181	0.000000	0.849312	0.000000	0.000000	0.000000	0.000000	0.000000	0.000000
-0.957820	0.834181	-0.000000	0.849305	0.000000	0.000000	0.000000	0.000000	0.000000	0.000000
-0.957821	0.834181	-0.000000	0.849311	0.000000	0.000000	0.000000	0.000000	0.000000	0.000000
-0.957821	0.834179	-0.000000	0.848989	0.000000	0.000000	0.000000	0.000000	0.000000	0.000000
-0.957820	0.829389	-0.000000	0.849297	0.000000	0.000000	0.000000	0.000000	0.000000	0.000000
-0.957821	0.834181	0.000000	0.849311	0.000000	0.000000	0.000000	0.000000	0.000000	0.000000
-0.957821	0.834181	-0.000000	0.849312	0.000000	0.000000	0.000000	0.000000	0.000000	0.000000
-0.957821	0.834181	0.000000	0.849312	0.000000	0.000000	0.000000	0.000000	0.000000	0.000000
-0.957821	0.834181	0.000000	0.849306	0.000000	0.000000	0.000000	0.000000	0.000000	0.000000
-0.957820	0.834181	0.000000	0.849311	0.000000	0.000000	0.000000	0.000000	0.000000	0.000000
-0.957821	0.833992	-0.000000	0.849311	0.000000	0.000000	0.000000	0.000000	0.000000	0.000000
-0.957821	0.834181	-0.000000	0.849311	0.000000	0.000000	0.000000	0.000000	0.000000	0.000000
-0.957821	0.834181	-0.000000	0.783545	0.000000	0.000000	0.000000	0.000000	0.000000	0.000000
-0.957821	0.834181	0.000000	0.849311	0.000000	0.000000	0.000000	0.000000	0.000000	0.000000
-0.957821	0.834181	-0.000000	0.849307	0.000000	0.000000	0.000000	0.000000	0.000000	0.000000
-0.957821	0.834181	0.000000	0.849312	0.000000	0.000000	0.000000	0.000000	0.000000	0.000000
-0.957821	0.834180	-0.000000	0.848784	0.000000	0.000000	0.000000	0.000000	0.000000	0.000000
-0.957821	0.834180	-0.000000	0.849312	0.000000	0.000000	0.000000	0.000000	0.000000	0.000000
-0.957821	0.834181	0.000000	0.849311	0.000000	0.000000	0.000000	0.000000	0.000000	0.000000
-0.957821	0.834181	0.000000	0.849312	0.000000	0.000000	0.000000	0.000000	0.000000	0.000000
-0.957821	0.834181	0.000000	0.849312	0.000000	0.000000	0.000000	0.000000	0.000000	0.000000
-0.957821	0.834181	0.000000	0.849311	0.000000	0.000000	0.000000	0.000000	0.000000	0.000000
-0.957821	0.834181	-0.000000	0.849311	0.000000	0.000000	0.000000	0.000000	0.000000	0.000000
-0.957821	0.834181	0.000000	0.849303	0.000000	0.000000	0.000000	0.000000	0.000000	0.000000
-0.957821	0.834181	0.000000	0.849295	0.000000	0.000000	0.000000	0.000000	0.000000	0.000000
-0.957820	0.834181	-0.000000	0.849311	0.000000	0.000000	0.000000	0.000000	0.000000	0.000000
-0.957821	0.834181	0.000000	0.849311	0.000000	0.000000	0.000000	0.000000	0.000000	0.000000
-0.957821	0.834181	0.000000	0.849312	0.000000	0.000000	0.000000	0.000000	0.000000	0.000000
-0.957820	0.834181	0.000000	0.849312	0.000000	0.000000	0.000000	0.000000	0.000000	0.000000
-0.957821	0.834180	-0.000000	0.849312	0.000000	0.000000	0.000000	0.000000	0.000000	0.000000
-0.957821	0.834181	0.000000	0.849312	0.000000	0.000000	0.000000	0.000000	0.000000	0.000000
-0.957821	0.834181	0.000000	0.849312	0.000000	0.000000	0.000000	0.000000	0.000000	0.000000
-0.957820	0.834181	-0.000000	0.849266	0.000000	0.000000	0.000000	0.000000	0.000000	0.000000
-0.957821	0.834181	-0.000000	0.849253	0.000000	0.000000	0.000000	0.000000	0.000000	0.000000
-0.957820	0.834181	0.000000	0.849312	0.000000	0.000000	0.000000	0.000000	0.000000	0.000000
-0.957821	0.834181	-0.000000	0.849311	0.000000	0.000000	0.000000	0.000000	0.000000	0.000000
-0.957821	0.834181	-0.000000	0.849312	0.000000	0.000000	0.000000	0.000000	0.000000	0.000000
-0.957821	0.834181	-0.000000	0.849303	0.000000	0.000000	0.000000	0.000000	0.000000	0.000000
-0.957821	0.834181	0.000000	0.849312	0.000000	0.000000	0.000000	0.000000	0.000000	0.000000
-0.957821	0.834181	0.000000	0.849308	0.000000	0.000000	0.000000	0.000000	0.000000	0.000000
-0.957821	0.834181	0.000000	0.849312	0.000000	0.000000	0.000000	0.000000	0.000000	0.000000
-0.957821	0.834181	-0.000000	0.849298	0.000000	0.000000	0.000000	0.000000	0.000000	0.000000
-0.957820	0.834181	-0.000000	0.848523	0.000000	0.000000	0.000000	0.000000	0.000000	0.000000
-0.957821	0.834181	0.000000	0.849312	0.000000	0.000000	0.000000	0.000000	0.000000	0.000000
-0.957821	0.834181	-0.000000	0.849311	0.000000	0.000000	0.000000	0.000000	0.000000	0.000000
-0.957821	0.834181	0.000000	0.849305	0.000000	0.000000	0.000000	0.000000	0.000000	0.000000
-0.957821	0.834180	0.000000	0.849312	0.000000	0.000000	0.000000	0.000000	0.000000	0.000000
-0.957820	0.834181	0.000000	0.849311	0.000000	0.000000	0.000000	0.000000	0.000000	0.000000
-0.957821	0.834181	0.000000	0.849312	0.000000	0.000000	0.000000	0.000000	0.000000	0.000000
-0.957821	0.834181	0.000000	0.849312	0.000000	0.000000	0.000000	0.000000	0.000000	0.000000
-0.957821	0.834181	0.000000	0.849308	0.000000	0.000000	0.000000	0.000000	0.000000	0.000000
-0.957820	0.834181	0.000000	0.849312	0.000000	0.000000	0.000000	0.000000	0.000000	0.000000
-0.957821	0.834181	0.000000	0.849311	0.000000	0.000000	0.000000	0.000000	0.000000	0.000000
-0.957820	0.834180	0.000000	0.849160	0.000000	0.000000	0.000000	0.000000	0.000000	0.000000
-0.957821	0.834181	-0.000000	0.849312	0.000000	0.000000	0.000000	0.000000	0.000000	0.000000
-0.957821	0.834181	-0.000000	0.848486	0.000000	0.000000	0.000000	0.000000	0.000000	0.000000
-0.957821	0.834181	0.000000	0.849312	0.000000	0.000000	0.000000	0.000000	0.000000	0.000000
-0.957821	0.834181	0.000000	0.849312	0.000000	0.000000	0.000000	0.000000	0.000000	0.000000
-0.957821	0.834181	-0.000000	0.849312	0.000000	0.000000	0.000000	0.000000	0.000000	0.000000
-0.957821	0.834180	-0.000000	0.848966	0.000000	0.000000	0.000000	0.000000	0.000000	0.000000
-0.957820	0.834180	0.000000	0.849312	0.000000	0.000000	0.000000	0.000000	0.000000	0.000000
-0.957821	0.834181	0.000000	0.849312	0.000000	0.000000	0.000000	0.000000	0.000000	0.000000
-0.957821	0.834181	0.000000	0.849312	0.000000	0.000000	0.000000	0.000000	0.000000	0.000000
-0.957821	0.834181	0.000000	0.849312	0.000000	0.000000	0.000000	0.000000	0.000000	0.000000
-0.957821	0.834181	-0.000000	0.849312	0.000000	0.000000	0.000000	0.000000	0.000000	0.000000
-0.957821	0.834181	-0.000000	0.849311	0.000000	0.000000	0.000000	0.000000	0.000000	0.000000
-0.957821	0.834181	-0.000000	0.849308	0.000000	0.000000	0.000000	0.000000	0.000000	0.000000
-0.957821	0.834181	-0.000000	0.849312	0.000000	0.000000	0.000000	0.000000	0.000000	0.000000
-0.957820	0.834177	-0.000000	0.849311	0.000000	0.000000	0.000000	0.000000	0.000000	0.000000
-0.957821	0.834180	0.000000	0.849311	0.000000	0.000000	0.000000	0.000000	0.000000	0.000000
-0.957821	0.834180	-0.000000	0.849309	0.000000	0.000000	0.000000	0.000000	0.000000	0.000000
-0.957821	0.834181	-0.000000	0.848614	0.000000	0.000000	0.000000	0.000000	0.000000	0.000000
-0.957821	0.834181	0.000000	0.849312	0.000000	0.000000	0.000000	0.000000	0.000000	0.000000
-0.957820	0.834181	-0.000000	0.849310	0.000000	0.000000	0.000000	0.000000	0.000000	0.000000
-0.957821	0.834181	0.000000	0.849311	0.000000	0.000000	0.000000	0.000000	0.000000	0.000000
-0.957820	0.834181	0.000000	0.847810	0.000000	0.000000	0.000000	0.000000	0.000000	0.000000
-0.957821	0.834132	0.000000	0.849311	0.000000	0.000000	0.000000	0.000000	0.000000	0.000000
-0.957820	0.834181	-0.000000	0.849310	0.000000	0.000000	0.000000	0.000000	0.000000	0.000000
-0.957820	0.834179	0.000000	0.849273	0.000000	0.000000	0.000000	0.000000	0.000000	0.000000
-0.957820	0.834181	0.000000	0.849258	0.000000	0.000000	0.000000	0.000000	0.000000	0.000000
-0.957820	0.834181	-0.000000	0.849311	0.000000	0.000000	0.000000	0.000000	0.000000	0.000000
-0.957821	0.834181	0.000000	0.848788	0.000000	0.000000	0.000000	0.000000	0.000000	0.000000
-0.957821	0.834181	-0.000000	0.849311	0.000000	0.000000	0.000000	0.000000	0.000000	0.000000
-0.957821	0.834181	-0.000000	0.849306	0.000000	0.000000	0.000000	0.000000	0.000000	0.000000
-0.957820	0.834181	-0.000000	0.849311	0.000000	0.000000	0.000000	0.000000	0.000000	0.000000
-0.957821	0.834181	0.000000	0.849311	0.000000	0.000000	0.000000	0.000000	0.000000	0.000000
-0.957820	0.834181	0.000000	0.849309	0.000000	0.000000	0.000000	0.000000	0.000000	0.000000
-0.957821	0.834181	-0.000000	0.849293	0.000000	0.000000	0.000000	0.000000	0.000000	0.000000
-0.957821	0.834176	-0.000000	0.849312	0.000000	0.000000	0.000000	0.000000	0.000000	0.000000
-0.957821	0.834181	-0.000000	0.849275	0.000000	0.000000	0.000000	0.000000	0.000000	0.000000
-0.957820	0.834180	0.000000	0.849251	0.000000	0.000000	0.000000	0.000000	0.000000	0.000000
-0.957821	0.834181	-0.000000	0.849311	0.000000	0.000000	0.000000	0.000000	0.000000	0.000000
-0.957821	0.834181	-0.000000	0.849311	0.000000	0.000000	0.000000	0.000000	0.000000	0.000000
-0.957821	0.834161	0.000000	0.849311	0.000000	0.000000	0.000000	0.000000	0.000000	0.000000
-0.957821	0.834181	-0.000000	0.849312	0.000000	0.000000	0.000000	0.000000	0.000000	0.000000
-0.957820	0.834181	0.000000	0.849312	0.000000	0.000000	0.000000	0.000000	0.000000	0.000000
-0.957821	0.834180	0.000000	0.849312	0.000000	0.000000	0.000000	0.000000	0.000000	0.000000
-0.957821	0.834181	0.000000	0.849289	0.000000	0.000000	0.000000	0.000000	0.000000	0.000000
-0.957820	0.834181	0.000000	0.849308	0.000000	0.000000	0.000000	0.000000	0.000000	0.000000
-0.957821	0.834181	-0.000000	0.849311	0.000000	0.000000	0.000000	0.000000	0.000000	0.000000
-0.957821	0.834181	0.000000	0.849311	0.000000	0.000000	0.000000	0.000000	0.000000	0.000000
-0.957820	0.834181	0.000000	0.849040	0.000000	0.000000	0.000000	0.000000	0.000000	0.000000
-0.957820	0.834180	0.000000	0.849311	0.000000	0.000000	0.000000	0.000000	0.000000	0.000000
-0.957820	0.834180	0.000000	0.849311	0.000000	0.000000	0.000000	0.000000	0.000000	0.000000
-0.957821	0.834181	-0.000000	0.849295	0.000000	0.000000	0.000000	0.000000	0.000000	0.000000
-0.957820	0.834181	-0.000000	0.849311	0.000000	0.000000	0.000000	0.000000	0.000000	0.000000
-0.957820	0.722328	-0.000000	0.849312	0.000000	0.000000	0.000000	0.000000	0.000000	0.000000
-0.957821	0.834181	-0.000000	0.847927	0.000000	0.000000	0.000000	0.000000	0.000000	0.000000
-0.957821	0.834180	0.000000	0.849291	0.000000	0.000000	0.000000	0.000000	0.000000	0.000000
-0.957821	0.834181	0.000000	0.849312	0.000000	0.000000	0.000000	0.000000	0.000000	0.000000
-0.957821	0.834181	-0.000000	0.847467	0.000000	0.000000	0.000000	0.000000	0.000000	0.000000
-0.957821	0.834181	0.000000	0.849312	0.000000	0.000000	0.000000	0.000000	0.000000	0.000000
-0.957820	0.834181	0.000000	0.849297	0.000000	0.000000	0.000000	0.000000	0.000000	0.000000
-0.957820	0.834181	0.000000	0.849311	0.000000	0.000000	0.000000	0.000000	0.000000	0.000000
-0.957821	0.834180	-0.000000	0.849311	0.000000	0.000000	0.000000	0.000000	0.000000	0.000000
-0.957821	0.834181	0.000000	0.849312	0.000000	0.000000	0.000000	0.000000	0.000000	0.000000
-0.957820	0.834181	-0.000000	0.849311	0.000000	0.000000	0.000000	0.000000	0.000000	0.000000
-0.957821	0.834181	-0.000000	0.849312	0.000000	0.000000	0.000000	0.000000	0.000000	0.000000
-0.957820	0.834181	-0.000000	0.849312	0.000000	0.000000	0.000000	0.000000	0.000000	0.000000
-0.957820	0.834181	-0.000000	0.849242	0.000000	0.000000	0.000000	0.000000	0.000000	0.000000
-0.957821	0.834180	0.000000	0.849311	0.000000	0.000000	0.000000	0.000000	0.000000	0.000000
-0.957820	0.834181	0.000000	0.849311	0.000000	0.000000	0.000000	0.000000	0.000000	0.000000
-0.957821	0.834181	-0.000000	0.849303	0.000000	0.000000	0.000000	0.000000	0.000000	0.000000
-0.957821	0.834181	-0.000000	0.849312	0.000000	0.000000	0.000000	0.000000	0.000000	0.000000
-0.957821	0.834181	-0.000000	0.849310	0.000000	0.000000	0.000000	0.000000	0.000000	0.000000
-0.957821	0.834180	0.000000	0.849123	0.000000	0.000000	0.000000	0.000000	0.000000	0.000000
-0.957821	0.834181	0.000000	0.849310	0.000000	0.000000	0.000000	0.000000	0.000000	0.000000
-0.957820	0.834181	0.000000	0.849295	0.000000	0.000000	0.000000	0.000000	0.000000	0.000000
-0.957821	0.834181	0.000000	0.849312	0.000000	0.000000	0.000000	0.000000	0.000000	0.000000
-0.957821	0.834181	-0.000000	0.849311	0.000000	0.000000	0.000000	0.000000	0.000000	0.000000
-0.957820	0.834181	0.000000	0.849312	0.000000	0.000000	0.000000	0.000000	0.000000	0.000000
-0.957821	0.834181	0.000000	0.849312	0.000000	0.000000	0.000000	0.000000	0.000000	0.000000
-0.957821	0.834181	0.000000	0.849272	0.000000	0.000000	0.000000	0.000000	0.000000	0.000000
-0.957821	0.834181	-0.000000	0.849301	0.000000	0.000000	0.000000	0.000000	0.000000	0.000000
-0.957821	0.834181	0.000000	0.849311	0.000000	0.000000	0.000000	0.000000	0.000000	0.000000
-0.957821	0.834181	-0.000000	0.849310	0.000000	0.000000	0.000000	0.000000	0.000000	0.000000
-0.957821	0.834181	0.000000	0.849312	0.000000	0.000000	0.000000	0.000000	0.000000	0.000000
-0.957821	0.834181	0.000000	0.849312	0.000000	0.000000	0.000000	0.000000	0.000000	0.000000
-0.957821	0.834181	-0.000000	0.849310	0.000000	0.000000	0.000000	0.000000	0.000000	0.000000
-0.957820	0.834181	-0.000000	0.849292	0.000000	0.000000	0.000000	0.000000	0.000000	0.000000
-0.957821	0.834180	0.000000	0.849312	0.000000	0.000000	0.000000	0.000000	0.000000	0.000000
-0.957820	0.834181	-0.000000	0.849311	0.000000	0.000000	0.000000	0.000000	0.000000	0.000000
-0.957820	0.834180	0.000000	0.849275	0.000000	0.000000	0.000000	0.000000	0.000000	0.000000
-0.957821	0.834181	0.000000	0.849312	0.000000	0.000000	0.000000	0.000000	0.000000	0.000000
-0.957821	0.834181	0.000000	0.849312	0.000000	0.000000	0.000000	0.000000	0.000000	0.000000
-0.957821	0.834181	-0.000000	0.849312	0.000000	0.000000	0.000000	0.000000	0.000000	0.000000
-0.957821	0.834180	0.000000	0.849312	0.000000	0.000000	0.000000	0.000000	0.000000	0.000000
-0.957820	0.834180	0.000000	0.849312	0.000000	0.000000	0.000000	0.000000	0.000000	0.000000
-0.957821	0.834181	0.000000	0.849303	0.000000	0.000000	0.000000	0.000000	0.000000	0.000000
-0.957821	0.834181	-0.000000	0.849305	0.000000	0.000000	0.000000	0.000000	0.000000	0.000000
-0.957821	0.834181	-0.000000	0.849308	0.000000	0.000000	0.000000	0.000000	0.000000	0.000000
-0.957821	0.834181	-0.000000	0.849308	0.000000	0.000000	0.000000	0.000000	0.000000	0.000000
-0.957821	0.834179	-0.000000	0.849311	0.000000	0.000000	0.000000	0.000000	0.000000	0.000000
-0.957821	0.834181	0.000000	0.849311	0.000000	0.000000	0.000000	0.000000	0.000000	0.000000
-0.957821	0.834181	0.000000	0.849311	0.000000	0.000000	0.000000	0.000000	0.000000	0.000000
-0.957821	0.834181	0.000000	0.847057	0.000000	0.000000	0.000000	0.000000	0.000000	0.000000
-0.957820	0.834181	0.000000	0.849312	0.000000	0.000000	0.000000	0.000000	0.000000	0.000000
-0.957821	0.834181	0.000000	0.849311	0.000000	0.000000	0.000000	0.000000	0.000000	0.000000
-0.957820	0.834181	0.000000	0.848949	0.000000	0.000000	0.000000	0.000000	0.000000	0.000000
-0.957820	0.834180	0.000000	0.849280	0.000000	0.000000	0.000000	0.000000	0.000000	0.000000
-0.957821	0.834180	-0.000000	0.849263	0.000000	0.000000	0.000000	0.000000	0.000000	0.000000
-0.957821	0.834181	0.000000	0.849312	0.000000	0.000000	0.000000	0.000000	0.000000	0.000000
-0.957821	0.834181	0.000000	0.849311	0.000000	0.000000	0.000000	0.000000	0.000000	0.000000
-0.957820	0.834181	0.000000	0.849287	0.000000	0.000000	0.000000	0.000000	0.000000	0.000000
-0.957821	0.834176	-0.000000	0.849312	0.000000	0.000000	0.000000	0.000000	0.000000	0.000000
-0.957821	0.834181	0.000000	0.849311	0.000000	0.000000	0.000000	0.000000	0.000000	0.000000
-0.957820	0.834181	0.000000	0.849312	0.000000	0.000000	0.000000	0.000000	0.000000	0.000000
-0.957821	0.834181	0.000000	0.849301	0.000000	0.000000	0.000000	0.000000	0.000000	0.000000
-0.957821	0.834181	0.000000	0.849309	0.000000	0.000000	0.000000	0.000000	0.000000	0.000000
-0.957820	0.834180	-0.000000	0.849308	0.000000	0.000000	0.000000	0.000000	0.000000	0.000000
-0.957820	0.834181	0.000000	0.849312	0.000000	0.000000	0.000000	0.000000	0.000000	0.000000
-0.957820	0.834181	-0.000000	0.849312	0.000000	0.000000	0.000000	0.000000	0.000000	0.000000
-0.957821	0.834180	-0.000000	0.849306	0.000000	0.000000	0.000000	0.000000	0.000000	0.000000
-0.957820	0.834181	0.000000	0.849312	0.000000	0.000000	0.000000	0.000000	0.000000	0.000000
-0.957820	0.834180	0.000000	0.849312	0.000000	0.000000	0.000000	0.000000	0.000000	0.000000
-0.957821	0.834181	-0.000000	0.849209	0.000000	0.000000	0.000000	0.000000	0.000000	0.000000
-0.957821	0.834181	-0.000000	0.849309	0.000000	0.000000	0.000000	0.000000	0.000000	0.000000
-0.957821	0.834181	0.000000	0.849312	0.000000	0.000000	0.000000	0.000000	0.000000	0.000000
-0.957820	0.834181	0.000000	0.849309	0.000000	0.000000	0.000000	0.000000	0.000000	0.000000
-0.957821	0.834181	0.000000	0.849312	0.000000	0.000000	0.000000	0.000000	0.000000	0.000000
-0.957821	0.834181	-0.000000	0.849312	0.000000	0.000000	0.000000	0.000000	0.000000	0.000000
-0.957821	0.834181	-0.000000	0.849312	0.000000	0.000000	0.000000	0.000000	0.000000	0.000000
-0.957820	0.834170	0.000000	0.849312	0.000000	0.000000	0.000000	0.000000	0.000000	0.000000
-0.957821	0.834181	-0.000000	0.849312	0.000000	0.000000	0.000000	0.000000	0.000000	0.000000
-0.957820	0.834180	0.000000	0.849312	0.000000	0.000000	0.000000	0.000000	0.000000	0.000000
-0.957821	0.834181	-0.000000	0.849312	0.000000	0.000000	0.000000	0.000000	0.000000	0.000000
-0.957821	0.834181	0.000000	0.849312	0.000000	0.000000	0.000000	0.000000	0.000000	0.000000
-0.957820	0.834180	-0.000000	0.849312	0.000000	0.000000	0.000000	0.000000	0.000000	0.000000
-0.957820	0.834181	0.000000	0.849311	0.000000	0.000000	0.000000	0.000000	0.000000	0.000000
-0.957820	0.834181	-0.000000	0.849311	0.000000	0.000000	0.000000	0.000000	0.000000	0.000000
-0.957821	0.834181	-0.000000	0.849311	0.000000	0.000000	0.000000	0.000000	0.000000	0.000000
-0.957821	0.834181	-0.000000	0.849312	0.000000	0.000000	0.000000	0.000000	0.000000	0.000000
-0.957821	0.834181	0.000000	0.849312	0.000000	0.000000	0.000000	0.000000	0.000000	0.000000
-0.957821	0.834181	-0.000000	0.849312	0.000000	0.000000	0.000000	0.000000	0.000000	0.000000
-0.957821	0.834181	-0.000000	0.849129	0.000000	0.000000	0.000000	0.000000	0.000000	0.000000
-0.957820	0.834181	0.000000	0.849312	0.000000	0.000000	0.000000	0.000000	0.000000	0.000000
-0.957820	0.834179	-0.000000	0.849311	0.000000	0.000000	0.000000	0.000000	0.000000	0.000000
-0.957821	0.834181	0.000000	0.849312	0.000000	0.000000	0.000000	0.000000	0.000000	0.000000
-0.957821	0.834181	-0.000000	0.849199	0.000000	0.000000	0.000000	0.000000	0.000000	0.000000
-0.957821	0.834180	0.000000	0.849311	0.000000	0.000000	0.000000	0.000000	0.000000	0.000000
-0.957821	0.834181	0.000000	0.849312	0.000000	0.000000	0.000000	0.000000	0.000000	0.000000
-0.957821	0.834181	-0.000000	0.849311	0.000000	0.000000	0.000000	0.000000	0.000000	0.000000
-0.957821	0.834130	0.000000	0.849142	0.000000	0.000000	0.000000	0.000000	0.000000	0.000000
-0.957820	0.834181	-0.000000	0.849312	0.000000	0.000000	0.000000	0.000000	0.000000	0.000000
-0.957821	0.834181	-0.000000	0.849311	0.000000	0.000000	0.000000	0.000000	0.000000	0.000000
-0.957821	0.834181	-0.000000	0.849228	0.000000	0.000000	0.000000	0.000000	0.000000	0.000000
-0.957821	0.834180	-0.000000	0.849311	0.000000	0.000000	0.000000	0.000000	0.000000	0.000000
-0.957821	0.834181	-0.000000	0.849252	0.000000	0.000000	0.000000	0.000000	0.000000	0.000000
-0.957820	0.834181	-0.000000	0.849312	0.000000	0.000000	0.000000	0.000000	0.000000	0.000000
-0.957820	0.834180	-0.000000	0.849312	0.000000	0.000000	0.000000	0.000000	0.000000	0.000000
-0.957821	0.834181	-0.000000	0.849012	0.000000	0.000000	0.000000	0.000000	0.000000	0.000000
-0.957821	0.834181	-0.000000	0.849258	0.000000	0.000000	0.000000	0.000000	0.000000	0.000000
-0.957820	0.834181	-0.000000	0.849312	0.000000	0.000000	0.000000	0.000000	0.000000	0.000000
-0.957821	0.834181	0.000000	0.825130	0.000000	0.000000	0.000000	0.000000	0.000000	0.000000
-0.957820	0.000000	0.000000	-0.000000	0.000000	0.000000	0.000000	0.000000	0.000000	0.000000
-0.957821	0.834170	0.000000	-0.775724	0.000000	0.000000	0.000000	0.000000	0.000000	0.000000
-0.957820	0.834181	0.000000	-0.777147	0.000000	0.000000	0.000000	0.000000	0.000000	0.000000
-0.957821	0.834180	0.000000	-0.777147	0.000000	0.000000	0.000000	0.000000	0.000000	0.000000
-0.957821	0.834181	0.000000	-0.777148	0.000000	0.000000	0.000000	0.000000	0.000000	0.000000
-0.957821	0.834181	0.000000	-0.777137	0.000000	0.000000	0.000000	0.000000	0.000000	0.000000
-0.957821	0.834181	-0.000000	-0.777145	0.000000	0.000000	0.000000	0.000000	0.000000	0.000000
-0.957820	0.834181	-0.000000	-0.777147	0.000000	0.000000	0.000000	0.000000	0.000000	0.000000
-0.957821	0.834180	0.000000	-0.204563	0.000000	0.000000	0.000000	0.000000	0.000000	0.000000
-0.957821	0.834149	-0.000000	-0.777148	0.000000	0.000000	0.000000	0.000000	0.000000	0.000000
-0.957820	0.834181	0.000000	-0.777147	0.000000	0.000000	0.000000	0.000000	0.000000	0.000000
-0.957821	0.834181	-0.000000	-0.777147	0.000000	0.000000	0.000000	0.000000	0.000000	0.000000
-0.957821	0.834181	0.000000	-0.777134	0.000000	0.000000	0.000000	0.000000	0.000000	0.000000
-0.957821	0.834181	0.000000	-0.753846	0.000000	0.000000	0.000000	0.000000	0.000000	0.000000
-0.957821	0.834181	-0.000000	-0.777147	0.000000	0.000000	0.000000	0.000000	0.000000	0.000000
-0.957820	0.834181	0.000000	-0.776751	0.000000	0.000000	0.000000	0.000000	0.000000	0.000000
-0.957821	0.834181	0.000000	-0.777147	0.000000	0.000000	0.000000	0.000000	0.000000	0.000000
-0.957820	0.834181	-0.000000	-0.777147	0.000000	0.000000	0.000000	0.000000	0.000000	0.000000
-0.957821	0.834180	0.000000	-0.777148	0.000000	0.000000	0.000000	0.000000	0.000000	0.000000
-0.957821	0.834181	0.000000	-0.777120	0.000000	0.000000	0.000000	0.000000	0.000000	0.000000
-0.957821	0.834181	-0.000000	-0.777147	0.000000	0.000000	0.000000	0.000000	0.000000	0.000000
-0.957821	0.834181	-0.000000	-0.765382	0.000000	0.000000	0.000000	0.000000	0.000000	0.000000
-0.957821	0.834181	-0.000000	-0.775267	0.000000	0.000000	0.000000	0.000000	0.000000	0.000000
-0.957821	0.834181	0.000000	-0.777147	0.000000	0.000000	0.000000	0.000000	0.000000	0.000000
-0.957820	0.834181	0.000000	-0.777147	0.000000	0.000000	0.000000	0.000000	0.000000	0.000000
-0.957821	0.834181	0.000000	-0.777147	0.000000	0.000000	0.000000	0.000000	0.000000	0.000000
-0.957821	0.834181	-0.000000	-0.777147	0.000000	0.000000	0.000000	0.000000	0.000000	0.000000
-0.957821	0.834181	0.000000	-0.776583	0.000000	0.000000	0.000000	0.000000	0.000000	0.000000
-0.957821	0.834181	0.000000	-0.777147	0.000000	0.000000	0.000000	0.000000	0.000000	0.000000
-0.957821	0.834180	-0.000000	-0.777148	0.000000	0.000000	0.000000	0.000000	0.000000	0.000000
-0.957820	0.834181	0.000000	-0.753817	0.000000	0.000000	0.000000	0.000000	0.000000	0.000000
-0.957821	0.834181	0.000000	-0.777148	0.000000	0.000000	0.000000	0.000000	0.000000	0.000000
-0.957821	0.834181	0.000000	-0.776499	0.000000	0.000000	0.000000	0.000000	0.000000	0.000000
-0.957821	0.834181	0.000000	-0.777147	0.000000	0.000000	0.000000	0.000000	0.000000	0.000000
-0.957821	0.834181	0.000000	-0.777143	0.000000	0.000000	0.000000	0.000000	0.000000	0.000000
-0.957821	0.834181	0.000000	-0.777147	0.000000	0.000000	0.000000	0.000000	0.000000	0.000000
-0.957821	0.834181	-0.000000	-0.777147	0.000000	0.000000	0.000000	0.000000	0.000000	0.000000
-0.957820	0.834179	0.000000	-0.777147	0.000000	0.000000	0.000000	0.000000	0.000000	0.000000
-0.957821	0.834181	-0.000000	-0.777136	0.000000	0.000000	0.000000	0.000000	0.000000	0.000000
-0.957821	0.834181	-0.000000	-0.777147	0.000000	0.000000	0.000000	0.000000	0.000000	0.000000
-0.957820	0.834181	0.000000	-0.777144	0.000000	0.000000	0.000000	0.000000	0.000000	0.000000
-0.957820	0.834181	0.000000	-0.777147	0.000000	0.000000	0.000000	0.000000	0.000000	0.000000
-0.957821	0.834181	0.000000	-0.777142	0.000000	0.000000	0.000000	0.000000	0.000000	0.000000
-0.957820	0.834181	-0.000000	-0.777148	0.000000	0.000000	0.000000	0.000000	0.000000	0.000000
-0.957821	0.834181	-0.000000	-0.777147	0.000000	0.000000	0.000000	0.000000	0.000000	0.000000
-0.957821	0.834181	-0.000000	-0.770735	0.000000	0.000000	0.000000	0.000000	0.000000	0.000000
-0.957820	0.834181	-0.000000	-0.777146	0.000000	0.000000	0.000000	0.000000	0.000000	0.000000
-0.957820	0.834181	0.000000	-0.775640	0.000000	0.000000	0.000000	0.000000	0.000000	0.000000
-0.957821	0.834181	-0.000000	-0.777147	0.000000	0.000000	0.000000	0.000000	0.000000	0.000000
-0.957821	0.834181	0.000000	-0.777148	0.000000	0.000000	0.000000	0.000000	0.000000	0.000000
-0.957821	0.834181	0.000000	-0.777147	0.000000	0.000000	0.000000	0.000000	0.000000	0.000000
-0.957820	0.834181	-0.000000	-0.760318	0.000000	0.000000	0.000000	0.000000	0.000000	0.000000
-0.957821	0.834181	-0.000000	-0.777129	0.000000	0.000000	0.000000	0.000000	0.000000	0.000000
-0.957820	0.834181	0.000000	-0.777133	0.000000	0.000000	0.000000	0.000000	0.000000	0.000000
-0.957820	0.834180	-0.000000	-0.777127	0.000000	0.000000	0.000000	0.000000	0.000000	0.000000
-0.957820	0.834181	-0.000000	-0.777145	0.000000	0.000000	0.000000	0.000000	0.000000	0.000000
-0.957820	0.834181	-0.000000	-0.777147	0.000000	0.000000	0.000000	0.000000	0.000000	0.000000
-0.957821	0.834181	0.000000	-0.777147	0.000000	0.000000	0.000000	0.000000	0.000000	0.000000
-0.957821	0.834181	-0.000000	-0.776766	0.000000	0.000000	0.000000	0.000000	0.000000	0.000000
-0.957821	0.834181	0.000000	-0.776771	0.000000	0.000000	0.000000	0.000000	0.000000	0.000000
-0.957820	0.834181	-0.000000	-0.776833	0.000000	0.000000	0.000000	0.000000	0.000000	0.000000
-0.957821	0.834181	-0.000000	-0.777148	0.000000	0.000000	0.000000	0.000000	0.000000	0.000000
-0.957821	0.834181	-0.000000	-0.777147	0.000000	0.000000	0.000000	0.000000	0.000000	0.000000
-0.957821	0.834181	-0.000000	-0.777112	0.000000	0.000000	0.000000	0.000000	0.000000	0.000000
-0.957821	0.834181	0.000000	-0.777120	0.000000	0.000000	0.000000	0.000000	0.000000	0.000000
-0.957821	0.834181	-0.000000	-0.767669	0.000000	0.000000	0.000000	0.000000	0.000000	0.000000
-0.957821	0.834181	0.000000	-0.771146	0.000000	0.000000	0.000000	0.000000	0.000000	0.000000
-0.957820	0.834181	-0.000000	-0.777147	0.000000	0.000000	0.000000	0.000000	0.000000	0.000000
-0.957820	0.834181	0.000000	-0.776712	0.000000	0.000000	0.000000	0.000000	0.000000	0.000000
-0.957821	0.834181	-0.000000	-0.777147	0.000000	0.000000	0.000000	0.000000	0.000000	0.000000
-0.957820	0.834180	0.000000	-0.777134	0.000000	0.000000	0.000000	0.000000	0.000000	0.000000
-0.957821	0.834181	0.000000	-0.777147	0.000000	0.000000	0.000000	0.000000	0.000000	0.000000
-0.957820	0.834180	-0.000000	-0.777147	0.000000	0.000000	0.000000	0.000000	0.000000	0.000000
-0.957821	0.834181	0.000000	-0.777148	0.000000	0.000000	0.000000	0.000000	0.000000	0.000000
-0.957821	0.834181	0.000000	-0.777148	0.000000	0.000000	0.000000	0.000000	0.000000	0.000000
-0.957820	0.834180	-0.000000	-0.776493	0.000000	0.000000	0.000000	0.000000	0.000000	0.000000
-0.957820	0.834181	-0.000000	-0.777136	0.000000	0.000000	0.000000	0.000000	0.000000	0.000000
-0.957821	0.834181	-0.000000	-0.777147	0.000000	0.000000	0.000000	0.000000	0.000000	0.000000
-0.957821	0.834181	0.000000	-0.777123	0.000000	0.000000	0.000000	0.000000	0.000000	0.000000
-0.957821	0.834180	-0.000000	-0.777147	0.000000	0.000000	0.000000	0.000000	0.000000	0.000000
-0.957820	0.834181	-0.000000	-0.777147	0.000000	0.000000	0.000000	0.000000	0.000000	0.000000
-0.957820	0.834180	0.000000	-0.777147	0.000000	0.000000	0.000000	0.000000	0.000000	0.000000
-0.957820	0.834181	0.000000	-0.776895	0.000000	0.000000	0.000000	0.000000	0.000000	0.000000
-0.957821	0.834181	-0.000000	-0.777138	0.000000	0.000000	0.000000	0.000000	0.000000	0.000000
-0.957821	0.834181	-0.000000	-0.777147	0.000000	0.000000	0.000000	0.000000	0.000000	0.000000
-0.957821	0.834181	-0.000000	-0.777147	0.000000	0.000000	0.000000	0.000000	0.000000	0.000000
-0.957820	0.834181	0.000000	-0.777147	0.000000	0.000000	0.000000	0.000000	0.000000	0.000000
-0.957821	0.834181	-0.000000	-0.777147	0.000000	0.000000	0.000000	0.000000	0.000000	0.000000
-0.957820	0.834181	0.000000	-0.777126	0.000000	0.000000	0.000000	0.000000	0.000000	0.000000
-0.957821	0.834181	0.000000	-0.777140	0.000000	0.000000	0.000000	0.000000	0.000000	0.000000
-0.957820	0.834181	-0.000000	-0.777147	0.000000	0.000000	0.000000	0.000000	0.000000	0.000000
-0.957821	0.834181	0.000000	-0.777146	0.000000	0.000000	0.000000	0.000000	0.000000	0.000000
-0.957821	0.834181	-0.000000	-0.777148	0.000000	0.000000	0.000000	0.000000	0.000000	0.000000
-0.957821	0.834181	-0.000000	-0.777145	0.000000	0.000000	0.000000	0.000000	0.000000	0.000000
-0.957821	0.834181	-0.000000	-0.772882	0.000000	0.000000	0.000000	0.000000	0.000000	0.000000
-0.957821	0.834181	0.000000	-0.774876	0.000000	0.000000	0.000000	0.000000	0.000000	0.000000
-0.957821	0.834181	-0.000000	-0.777009	0.000000	0.000000	0.000000	0.000000	0.000000	0.000000
-0.957820	0.830036	0.000000	-0.777134	0.000000	0.000000	0.000000	0.000000	0.000000	0.000000
-0.957820	0.834181	0.000000	-0.777147	0.000000	0.000000	0.000000	0.000000	0.000000	0.000000
-0.957820	0.834181	-0.000000	-0.777147	0.000000	0.000000	0.000000	0.000000	0.000000	0.000000
-0.957821	0.834181	-0.000000	-0.776892	0.000000	0.000000	0.000000	0.000000	0.000000	0.000000
-0.957820	0.834181	0.000000	-0.774016	0.000000	0.000000	0.000000	0.000000	0.000000	0.000000
-0.957821	0.834181	-0.000000	-0.776948	0.000000	0.000000	0.000000	0.000000	0.000000	0.000000
-0.957821	0.834181	0.000000	-0.777134	0.000000	0.000000	0.000000	0.000000	0.000000	0.000000
-0.957821	0.834181	0.000000	-0.777143	0.000000	0.000000	0.000000	0.000000	0.000000	0.000000
-0.957821	0.834181	-0.000000	-0.777124	0.000000	0.000000	0.000000	0.000000	0.000000	0.000000
-0.957820	0.834181	0.000000	-0.777039	0.000000	0.000000	0.000000	0.000000	0.000000	0.000000
-0.957821	0.834181	0.000000	-0.777147	0.000000	0.000000	0.000000	0.000000	0.000000	0.000000
-0.957821	0.834181	0.000000	-0.776913	0.000000	0.000000	0.000000	0.000000	0.000000	0.000000
-0.957821	0.834181	0.000000	-0.777147	0.000000	0.000000	0.000000	0.000000	0.000000	0.000000
-0.957821	0.834181	0.000000	-0.742006	0.000000	0.000000	0.000000	0.000000	0.000000	0.000000
-0.957821	0.834181	0.000000	-0.777147	0.000000	0.000000	0.000000	0.000000	0.000000	0.000000
-0.957821	0.834181	-0.000000	-0.775594	0.000000	0.000000	0.000000	0.000000	0.000000	0.000000
-0.957820	0.834181	-0.000000	-0.777147	0.000000	0.000000	0.000000	0.000000	0.000000	0.000000
-0.957821	0.834181	0.000000	-0.777133	0.000000	0.000000	0.000000	0.000000	0.000000	0.000000
-0.957821	0.834180	0.000000	-0.777147	0.000000	0.000000	0.000000	0.000000	0.000000	0.000000
-0.957821	0.834181	-0.000000	-0.777011	0.000000	0.000000	0.000000	0.000000	0.000000	0.000000
-0.957821	0.834181	-0.000000	-0.777147	0.000000	0.000000	0.000000	0.000000	0.000000	0.000000
-0.957821	0.834181	0.000000	-0.777139	0.000000	0.000000	0.000000	0.000000	0.000000	0.000000
-0.957820	0.834181	0.000000	-0.775972	0.000000	0.000000	0.000000	0.000000	0.000000	0.000000
-0.957820	0.834181	0.000000	-0.777144	0.000000	0.000000	0.000000	0.000000	0.000000	0.000000
-0.957821	0.834181	-0.000000	-0.777087	0.000000	0.000000	0.000000	0.000000	0.000000	0.000000
-0.957821	0.834181	0.000000	-0.777138	0.000000	0.000000	0.000000	0.000000	0.000000	0.000000
-0.957821	0.834176	-0.000000	-0.422362	0.000000	0.000000	0.000000	0.000000	0.000000	0.000000
-0.957821	0.834181	-0.000000	-0.777147	0.000000	0.000000	0.000000	0.000000	0.000000	0.000000
-0.957821	0.834181	-0.000000	-0.777147	0.000000	0.000000	0.000000	0.000000	0.000000	0.000000
-0.957821	0.834181	0.000000	-0.777147	0.000000	0.000000	0.000000	0.000000	0.000000	0.000000
-0.957821	0.834181	-0.000000	-0.777146	0.000000	0.000000	0.000000	0.000000	0.000000	0.000000
-0.957821	0.834181	0.000000	-0.777147	0.000000	0.000000	0.000000	0.000000	0.000000	0.000000
-0.957821	0.834181	0.000000	-0.777147	0.000000	0.000000	0.000000	0.000000	0.000000	0.000000
-0.957820	0.834181	-0.000000	-0.777135	0.000000	0.000000	0.000000	0.000000	0.000000	0.000000
-0.957821	0.834181	0.000000	-0.776586	0.000000	0.000000	0.000000	0.000000	0.000000	0.000000
-0.957821	0.834181	-0.000000	-0.777148	0.000000	0.000000	0.000000	0.000000	0.000000	0.000000
-0.957821	0.834181	0.000000	-0.777146	0.000000	0.000000	0.000000	0.000000	0.000000	0.000000
-0.957821	0.834181	0.000000	-0.777147	0.000000	0.000000	0.000000	0.000000	0.000000	0.000000
-0.957821	0.834181	0.000000	-0.777139	0.000000	0.000000	0.000000	0.000000	0.000000	0.000000
-0.957821	0.834181	0.000000	-0.777147	0.000000	0.000000	0.000000	0.000000	0.000000	0.000000
-0.957821	0.834181	0.000000	-0.777148	0.000000	0.000000	0.000000	0.000000	0.000000	0.000000
-0.957821	0.834181	0.000000	-0.776192	0.000000	0.000000	0.000000	0.000000	0.000000	0.000000
-0.957820	0.834181	0.000000	-0.777131	0.000000	0.000000	0.000000	0.000000	0.000000	0.000000
-0.957821	0.834181	0.000000	-0.777147	0.000000	0.000000	0.000000	0.000000	0.000000	0.000000
-0.957821	0.834181	-0.000000	-0.777147	0.000000	0.000000	0.000000	0.000000	0.000000	0.000000
-0.957821	0.834181	-0.000000	-0.775843	0.000000	0.000000	0.000000	0.000000	0.000000	0.000000
-0.957821	0.834181	0.000000	-0.777147	0.000000	0.000000	0.000000	0.000000	0.000000	0.000000
-0.957821	0.834180	-0.000000	-0.777148	0.000000	0.000000	0.000000	0.000000	0.000000	0.000000
-0.957821	0.834181	0.000000	-0.777137	0.000000	0.000000	0.000000	0.000000	0.000000	0.000000
-0.957820	0.834181	0.000000	-0.775638	0.000000	0.000000	0.000000	0.000000	0.000000	0.000000
-0.957821	0.834181	0.000000	-0.777147	0.000000	0.000000	0.000000	0.000000	0.000000	0.000000
-0.957821	0.834181	-0.000000	-0.777147	0.000000	0.000000	0.000000	0.000000	0.000000	0.000000
-0.957821	0.834181	-0.000000	-0.777148	0.000000	0.000000	0.000000	0.000000	0.000000	0.000000
-0.957821	0.834181	0.000000	-0.777116	0.000000	0.000000	0.000000	0.000000	0.000000	0.000000
-0.957821	0.834181	0.000000	-0.775524	0.000000	0.000000	0.000000	0.000000	0.000000	0.000000
-0.957820	0.834180	-0.000000	-0.777146	0.000000	0.000000	0.000000	0.000000	0.000000	0.000000
-0.957821	0.834174	0.000000	-0.777145	0.000000	0.000000	0.000000	0.000000	0.000000	0.000000
-0.957821	0.834181	-0.000000	-0.777148	0.000000	0.000000	0.000000	0.000000	0.000000	0.000000
-0.957821	0.834181	-0.000000	-0.773258	0.000000	0.000000	0.000000	0.000000	0.000000	0.000000
-0.957821	0.834181	0.000000	-0.777145	0.000000	0.000000	0.000000	0.000000	0.000000	0.000000
-0.957821	0.834181	-0.000000	-0.776923	0.000000	0.000000	0.000000	0.000000	0.000000	0.000000
-0.957820	0.834181	0.000000	-0.776183	0.000000	0.000000	0.000000	0.000000	0.000000	0.000000
-0.957821	0.834181	0.000000	-0.777147	0.000000	0.000000	0.000000	0.000000	0.000000	0.000000
-0.957821	0.834181	-0.000000	-0.777147	0.000000	0.000000	0.000000	0.000000	0.000000	0.000000
-0.957821	0.834181	-0.000000	-0.777147	0.000000	0.000000	0.000000	0.000000	0.000000	0.000000
-0.957820	0.834181	0.000000	-0.777147	0.000000	0.000000	0.000000	0.000000	0.000000	0.000000
-0.957821	0.834181	-0.000000	-0.775379	0.000000	0.000000	0.000000	0.000000	0.000000	0.000000
-0.957821	0.834181	-0.000000	-0.777148	0.000000	0.000000	0.000000	0.000000	0.000000	0.000000
-0.957821	0.834181	-0.000000	-0.777143	0.000000	0.000000	0.000000	0.000000	0.000000	0.000000
-0.957821	0.834181	-0.000000	-0.777148	0.000000	0.000000	0.000000	0.000000	0.000000	0.000000
-0.957820	0.834181	0.000000	-0.777147	0.000000	0.000000	0.000000	0.000000	0.000000	0.000000
-0.957821	0.834181	0.000000	-0.777147	0.000000	0.000000	0.000000	0.000000	0.000000	0.000000
-0.957820	0.834181	0.000000	-0.777003	0.000000	0.000000	0.000000	0.000000	0.000000	0.000000
-0.957821	0.834181	-0.000000	-0.777147	0.000000	0.000000	0.000000	0.000000	0.000000	0.000000
-0.957821	0.834181	0.000000	-0.777148	0.000000	0.000000	0.000000	0.000000	0.000000	0.000000
-0.957821	0.834181	0.000000	-0.777147	0.000000	0.000000	0.000000	0.000000	0.000000	0.000000
-0.957820	0.834181	-0.000000	-0.777146	0.000000	0.000000	0.000000	0.000000	0.000000	0.000000
-0.957820	0.834181	-0.000000	-0.777148	0.000000	0.000000	0.000000	0.000000	0.000000	0.000000
-0.957821	0.834181	0.000000	-0.776497	0.000000	0.000000	0.000000	0.000000	0.000000	0.000000
-0.957821	0.834181	-0.000000	-0.777147	0.000000	0.000000	0.000000	0.000000	0.000000	0.000000
-0.957821	0.834181	0.000000	-0.777059	0.000000	0.000000	0.000000	0.000000	0.000000	0.000000
-0.957820	0.834181	-0.000000	-0.777148	0.000000	0.000000	0.000000	0.000000	0.000000	0.000000
-0.957821	0.834181	0.000000	-0.777148	0.000000	0.000000	0.000000	0.000000	0.000000	0.000000
-0.957820	0.834181	0.000000	-0.777139	0.000000	0.000000	0.000000	0.000000	0.000000	0.000000
-0.957821	0.834181	-0.000000	-0.777148	0.000000	0.000000	0.000000	0.000000	0.000000	0.000000
-0.957821	0.834181	-0.000000	-0.777142	0.000000	0.000000	0.000000	0.000000	0.000000	0.000000
-0.957821	0.834181	0.000000	-0.777148	0.000000	0.000000	0.000000	0.000000	0.000000	0.000000
-0.957821	0.834181	0.000000	-0.777148	0.000000	0.000000	0.000000	0.000000	0.000000	0.000000
-0.957820	0.834181	-0.000000	-0.777146	0.000000	0.000000	0.000000	0.000000	0.000000	0.000000
-0.957820	0.834180	-0.000000	-0.777147	0.000000	0.000000	0.000000	0.000000	0.000000	0.000000
-0.957821	0.834181	0.000000	-0.777146	0.000000	0.000000	0.000000	0.000000	0.000000	0.000000
-0.957821	0.834180	-0.000000	-0.777147	0.000000	0.000000	0.000000	0.000000	0.000000	0.000000
-0.957821	0.834181	-0.000000	-0.777022	0.000000	0.000000	0.000000	0.000000	0.000000	0.000000
-0.957821	0.834181	0.000000	-0.777144	0.000000	0.000000	0.000000	0.000000	0.000000	0.000000
-0.957820	0.834179	0.000000	-0.777147	0.000000	0.000000	0.000000	0.000000	0.000000	0.000000
-0.957821	0.834181	-0.000000	-0.777147	0.000000	0.000000	0.000000	0.000000	0.000000	0.000000
-0.957821	0.834180	0.000000	-0.777147	0.000000	0.000000	0.000000	0.000000	0.000000	0.000000
-0.957821	0.834181	0.000000	-0.564973	0.000000	0.000000	0.000000	0.000000	0.000000	0.000000
-0.957821	0.834181	-0.000000	-0.777144	0.000000	0.000000	0.000000	0.000000	0.000000	0.000000
-0.957820	0.834181	0.000000	-0.777084	0.000000	0.000000	0.000000	0.000000	0.000000	0.000000
-0.957821	0.834181	-0.000000	-0.777147	0.000000	0.000000	0.000000	0.000000	0.000000	0.000000
-0.957820	0.834179	-0.000000	-0.775831	0.000000	0.000000	0.000000	0.000000	0.000000	0.000000
-0.957821	0.834181	-0.000000	-0.777147	0.000000	0.000000	0.000000	0.000000	0.000000	0.000000
-0.957820	0.834181	-0.000000	-0.777102	0.000000	0.000000	0.000000	0.000000	0.000000	0.000000
-0.957820	0.834181	-0.000000	-0.777146	0.000000	0.000000	0.000000	0.000000	0.000000	0.000000
-0.957821	0.834181	0.000000	-0.777147	0.000000	0.000000	0.000000	0.000000	0.000000	0.000000
-0.957821	0.834180	-0.000000	-0.777097	0.000000	0.000000	0.000000	0.000000	0.000000	0.000000
-0.957821	0.834181	-0.000000	-0.777147	0.000000	0.000000	0.000000	0.000000	0.000000	0.000000
-0.957820	0.834181	-0.000000	-0.777147	0.000000	0.000000	0.000000	0.000000	0.000000	0.000000
-0.957821	0.834181	0.000000	-0.777147	0.000000	0.000000	0.000000	0.000000	0.000000	0.000000
-0.957821	0.834181	0.000000	-0.776533	0.000000	0.000000	0.000000	0.000000	0.000000	0.000000
-0.957821	0.834176	-0.000000	-0.777147	0.000000	0.000000	0.000000	0.000000	0.000000	0.000000
-0.957820	0.834179	-0.000000	-0.777147	0.000000	0.000000	0.000000	0.000000	0.000000	0.000000
-0.957821	0.834181	0.000000	-0.777147	0.000000	0.000000	0.000000	0.000000	0.000000	0.000000
-0.957820	0.834181	-0.000000	-0.777148	0.000000	0.000000	0.000000	0.000000	0.000000	0.000000
-0.957821	0.834181	0.000000	-0.771447	0.000000	0.000000	0.000000	0.000000	0.000000	0.000000
-0.957821	0.834181	-0.000000	-0.777148	0.000000	0.000000	0.000000	0.000000	0.000000	0.000000
-0.957820	0.834181	0.000000	-0.777147	0.000000	0.000000	0.000000	0.000000	0.000000	0.000000
-0.957820	0.834181	-0.000000	-0.777147	0.000000	0.000000	0.000000	0.000000	0.000000	0.000000
-0.957821	0.834181	-0.000000	-0.777147	0.000000	0.000000	0.000000	0.000000	0.000000	0.000000
-0.957820	0.834181	-0.000000	-0.777143	0.000000	0.000000	0.000000	0.000000	0.000000	0.000000
-0.957821	0.834181	0.000000	-0.777117	0.000000	0.000000	0.000000	0.000000	0.000000	0.000000
-0.957821	0.834181	0.000000	-0.777118	0.000000	0.000000	0.000000	0.000000	0.000000	0.000000
-0.957820	0.834181	0.000000	-0.777146	0.000000	0.000000	0.000000	0.000000	0.000000	0.000000
-0.957821	0.834181	0.000000	-0.777147	0.000000	0.000000	0.000000	0.000000	0.000000	0.000000
-0.957821	0.834181	-0.000000	-0.777147	0.000000	0.000000	0.000000	0.000000	0.000000	0.000000
-0.957821	0.834181	0.000000	-0.777141	0.000000	0.000000	0.000000	0.000000	0.000000	0.000000
-0.957821	0.834181	0.000000	-0.777133	0.000000	0.000000	0.000000	0.000000	0.000000	0.000000
-0.957821	0.834180	0.000000	-0.777082	0.000000	0.000000	0.000000	0.000000	0.000000	0.000000
-0.957821	0.834181	-0.000000	-0.777130	0.000000	0.000000	0.000000	0.000000	0.000000	0.000000
-0.957821	0.834181	0.000000	-0.777148	0.000000	0.000000	0.000000	0.000000	0.000000	0.000000
-0.957821	0.834181	-0.000000	-0.777148	0.000000	0.000000	0.000000	0.000000	0.000000	0.000000
-0.957821	0.834181	0.000000	-0.777147	0.000000	0.000000	0.000000	0.000000	0.000000	0.000000
-0.957820	0.834181	0.000000	-0.777147	0.000000	0.000000	0.000000	0.000000	0.000000	0.000000
-0.957821	0.834181	-0.000000	-0.777147	0.000000	0.000000	0.000000	0.000000	0.000000	0.000000
-0.957821	0.834181	-0.000000	-0.777148	0.000000	0.000000	0.000000	0.000000	0.000000	0.000000
-0.957820	0.834181	0.000000	-0.777147	0.000000	0.000000	0.000000	0.000000	0.000000	0.000000
-0.957821	0.834180	0.000000	-0.777133	0.000000	0.000000	0.000000	0.000000	0.000000	0.000000
-0.957821	0.834181	0.000000	-0.777112	0.000000	0.000000	0.000000	0.000000	0.000000	0.000000
-0.957821	0.834181	-0.000000	-0.769986	0.000000	0.000000	0.000000	0.000000	0.000000	0.000000
-0.957820	0.834181	-0.000000	-0.777143	0.000000	0.000000	0.000000	0.000000	0.000000	0.000000
-0.957821	0.834180	-0.000000	-0.776983	0.000000	0.000000	0.000000	0.000000	0.000000	0.000000
-0.957821	0.834181	-0.000000	-0.777147	0.000000	0.000000	0.000000	0.000000	0.000000	0.000000
-0.957821	0.834181	-0.000000	-0.777144	0.000000	0.000000	0.000000	0.000000	0.000000	0.000000
-0.957821	0.834181	-0.000000	-0.777102	0.000000	0.000000	0.000000	0.000000	0.000000	0.000000
-0.957821	0.834181	0.000000	-0.776195	0.000000	0.000000	0.000000	0.000000	0.000000	0.000000
-0.957820	0.834018	-0.000000	-0.777148	0.000000	0.000000	0.000000	0.000000	0.000000	0.000000
-0.957821	0.834179	0.000000	-0.770210	0.000000	0.000000	0.000000	0.000000	0.000000	0.000000
-0.957821	0.834180	0.000000	-0.777111	0.000000	0.000000	0.000000	0.000000	0.000000	0.000000
-0.957820	0.834181	-0.000000	-0.777148	0.000000	0.000000	0.000000	0.000000	0.000000	0.000000
-0.957821	0.834181	-0.000000	-0.777147	0.000000	0.000000	0.000000	0.000000	0.000000	0.000000
-0.957820	0.834181	-0.000000	-0.777147	0.000000	0.000000	0.000000	0.000000	0.000000	0.000000
-0.957821	0.834181	0.000000	-0.777147	0.000000	0.000000	0.000000	0.000000	0.000000	0.000000
-0.957821	-0.894808	-0.041881	-0.000000	0.000000	0.000000	0.000000	0.000000	0.000000	0.000000
-0.957820	-0.895191	-0.828439	0.000000	0.000000	0.000000	0.000000	0.000000	0.000000	0.000000
-0.957821	-0.894976	-0.828435	-0.000000	0.000000	0.000000	0.000000	0.000000	0.000000	0.000000
-0.957821	-0.895042	-0.828439	-0.000000	0.000000	0.000000	0.000000	0.000000	0.000000	0.000000
-0.957821	-0.895351	-0.828060	0.000000	0.000000	0.000000	0.000000	0.000000	0.000000	0.000000
-0.957821	-0.894908	-0.828439	-0.000000	0.000000	0.000000	0.000000	0.000000	0.000000	0.000000
-0.957821	-0.895247	-0.828439	-0.000000	0.000000	0.000000	0.000000	0.000000	0.000000	0.000000
-0.957821	-0.895345	-0.828439	0.000000	0.000000	0.000000	0.000000	0.000000	0.000000	0.000000
-0.957820	-0.894906	-0.828439	0.000000	0.000000	0.000000	0.000000	0.000000	0.000000	0.000000
-0.957821	-0.895404	-0.828439	-0.000000	0.000000	0.000000	0.000000	0.000000	0.000000	0.000000
-0.957821	-0.895412	-0.828405	0.000000	0.000000	0.000000	0.000000	0.000000	0.000000	0.000000
-0.957821	-0.895052	-0.828439	0.000000	0.000000	0.000000	0.000000	0.000000	0.000000	0.000000
-0.957821	-0.895260	-0.828439	-0.000000	0.000000	0.000000	0.000000	0.000000	0.000000	0.000000
-0.957821	-0.895107	-0.828439	0.000000	0.000000	0.000000	0.000000	0.000000	0.000000	0.000000
-0.957821	-0.895202	-0.828439	0.000000	0.000000	0.000000	0.000000	0.000000	0.000000	0.000000
-0.957821	-0.895132	-0.828439	-0.000000	0.000000	0.000000	0.000000	0.000000	0.000000	0.000000
-0.957821	-0.894799	-0.828385	0.000000	0.000000	0.000000	0.000000	0.000000	0.000000	0.000000
-0.957821	-0.894789	-0.828436	-0.000000	0.000000	0.000000	0.000000	0.000000	0.000000	0.000000
-0.957821	-0.895289	-0.828439	-0.000000	0.000000	0.000000	0.000000	0.000000	0.000000	0.000000
-0.957821	-0.895600	-0.828439	-0.000000	0.000000	0.000000	0.000000	0.000000	0.000000	0.000000
-0.957820	-0.895154	-0.828378	0.000000	0.000000	0.000000	0.000000	0.000000	0.000000	0.000000
-0.957821	-0.895485	-0.828439	0.000000	0.000000	0.000000	0.000000	0.000000	0.000000	0.000000
-0.957821	-0.895644	-0.828439	0.000000	0.000000	0.000000	0.000000	0.000000	0.000000	0.000000
-0.957821	-0.894938	-0.828439	0.000000	0.000000	0.000000	0.000000	0.000000	0.000000	0.000000
-0.957821	-0.895358	-0.828436	-0.000000	0.000000	0.000000	0.000000	0.000000	0.000000	0.000000
-0.957821	-0.895541	-0.828439	0.000000	0.000000	0.000000	0.000000	0.000000	0.000000	0.000000
-0.957821	-0.895734	-0.828439	0.000000	0.000000	0.000000	0.000000	0.000000	0.000000	0.000000
-0.957821	-0.895191	-0.828439	0.000000	0.000000	0.000000	0.000000	0.000000	0.000000	0.000000
-0.957821	-0.894772	-0.828439	0.000000	0.000000	0.000000	0.000000	0.000000	0.000000	0.000000
-0.957821	-0.895417	-0.828439	0.000000	0.000000	0.000000	0.000000	0.000000	0.000000	0.000000
-0.957821	-0.895422	-0.828439	0.000000	0.000000	0.000000	0.000000	0.000000	0.000000	0.000000
-0.957821	-0.895240	-0.828438	0.000000	0.000000	0.000000	0.000000	0.000000	0.000000	0.000000
-0.957821	-0.895645	-0.828300	-0.000000	0.000000	0.000000	0.000000	0.000000	0.000000	0.000000
-0.957820	-0.895545	-0.828439	-0.000000	0.000000	0.000000	0.000000	0.000000	0.000000	0.000000
-0.957821	-0.895613	-0.828439	-0.000000	0.000000	0.000000	0.000000	0.000000	0.000000	0.000000
-0.957821	-0.895095	-0.828439	-0.000000	0.000000	0.000000	0.000000	0.000000	0.000000	0.000000
-0.957820	-0.895296	-0.828439	-0.000000	0.000000	0.000000	0.000000	0.000000	0.000000	0.000000
-0.957821	-0.895669	-0.828438	0.000000	0.000000	0.000000	0.000000	0.000000	0.000000	0.000000
-0.957821	-0.895273	-0.828439	0.000000	0.000000	0.000000	0.000000	0.000000	0.000000	0.000000
-0.957820	-0.895389	-0.828439	-0.000000	0.000000	0.000000	0.000000	0.000000	0.000000	0.000000
-0.957821	-0.894753	-0.828439	0.000000	0.000000	0.000000	0.000000	0.000000	0.000000	0.000000
-0.957821	-0.895250	-0.828435	0.000000	0.000000	0.000000	0.000000	0.000000	0.000000	0.000000
-0.957821	-0.895489	-0.828439	-0.000000	0.000000	0.000000	0.000000	0.000000	0.000000	0.000000
-0.957821	-0.895015	-0.828439	-0.000000	0.000000	0.000000	0.000000	0.000000	0.000000	0.000000
-0.957821	-0.895250	-0.828439	-0.000000	0.000000	0.000000	0.000000	0.000000	0.000000	0.000000
-0.957820	-0.895035	-0.828439	0.000000	0.000000	0.000000	0.000000	0.000000	0.000000	0.000000
-0.957820	-0.895297	-0.828415	0.000000	0.000000	0.000000	0.000000	0.000000	0.000000	0.000000
-0.957820	-0.895208	-0.828439	0.000000	0.000000	0.000000	0.000000	0.000000	0.000000	0.000000
-0.957821	-0.895286	-0.828439	-0.000000	0.000000	0.000000	0.000000	0.000000	0.000000	0.000000
-0.957820	-0.895505	-0.828439	-0.000000	0.000000	0.000000	0.000000	0.000000	0.000000	0.000000
-0.957820	-0.895241	-0.828438	0.000000	0.000000	0.000000	0.000000	0.000000	0.000000	0.000000
-0.957821	-0.895207	-0.828439	0.000000	0.000000	0.000000	0.000000	0.000000	0.000000	0.000000
-0.957821	-0.895491	-0.828439	0.000000	0.000000	0.000000	0.000000	0.000000	0.000000	0.000000
-0.957821	-0.895127	-0.828439	0.000000	0.000000	0.000000	0.000000	0.000000	0.000000	0.000000
-0.957821	-0.895162	-0.828439	-0.000000	0.000000	0.000000	0.000000	0.000000	0.000000	0.000000
-0.957820	-0.895187	-0.828439	-0.000000	0.000000	0.000000	0.000000	0.000000	0.000000	0.000000
-0.957821	-0.895393	-0.828439	0.000000	0.000000	0.000000	0.000000	0.000000	0.000000	0.000000
-0.957820	-0.895484	-0.828439	-0.000000	0.000000	0.000000	0.000000	0.000000	0.000000	0.000000
-0.957821	-0.895037	-0.828439	0.000000	0.000000	0.000000	0.000000	0.000000	0.000000	0.000000
-0.957821	-0.895322	-0.828439	-0.000000	0.000000	0.000000	0.000000	0.000000	0.000000	0.000000
-0.957820	-0.895358	-0.828439	-0.000000	0.000000	0.000000	0.000000	0.000000	0.000000	0.000000
-0.957821	-0.895184	-0.828439	0.000000	0.000000	0.000000	0.000000	0.000000	0.000000	0.000000
-0.957820	-0.895376	-0.828439	0.000000	0.000000	0.000000	0.000000	0.000000	0.000000	0.000000
-0.957821	-0.895038	-0.828439	0.000000	0.000000	0.000000	0.000000	0.000000	0.000000	0.000000
-0.957821	-0.895435	-0.828439	0.000000	0.000000	0.000000	0.000000	0.000000	0.000000	0.000000
-0.957821	-0.895198	-0.828439	0.000000	0.000000	0.000000	0.000000	0.000000	0.000000	0.000000
-0.957820	-0.895220	-0.828439	0.000000	0.000000	0.000000	0.000000	0.000000	0.000000	0.000000
-0.957821	-0.895453	-0.828437	0.000000	0.000000	0.000000	0.000000	0.000000	0.000000	0.000000
-0.957821	-0.895503	-0.828359	0.000000	0.000000	0.000000	0.000000	0.000000	0.000000	0.000000
-0.957821	-0.895546	-0.828439	0.000000	0.000000	0.000000	0.000000	0.000000	0.000000	0.000000
-0.957820	-0.895617	-0.828403	0.000000	0.000000	0.000000	0.000000	0.000000	0.000000	0.000000
-0.957821	-0.894984	-0.828438	0.000000	0.000000	0.000000	0.000000	0.000000	0.000000	0.000000
-0.957821	-0.895717	-0.828438	-0.000000	0.000000	0.000000	0.000000	0.000000	0.000000	0.000000
-0.957821	-0.895414	-0.828439	-0.000000	0.000000	0.000000	0.000000	0.000000	0.000000	0.000000
-0.957821	-0.895338	-0.828439	0.000000	0.000000	0.000000	0.000000	0.000000	0.000000	0.000000
-0.957821	-0.895724	-0.828439	-0.000000	0.000000	0.000000	0.000000	0.000000	0.000000	0.000000
-0.957821	-0.895449	-0.828439	-0.000000	0.000000	0.000000	0.000000	0.000000	0.000000	0.000000
-0.957820	-0.895120	-0.828439	-0.000000	0.000000	0.000000	0.000000	0.000000	0.000000	0.000000
-0.957821	-0.895255	-0.828439	0.000000	0.000000	0.000000	0.000000	0.000000	0.000000	0.000000
-0.957820	-0.895214	-0.828439	0.000000	0.000000	0.000000	0.000000	0.000000	0.000000	0.000000
-0.957821	-0.895503	-0.828439	-0.000000	0.000000	0.000000	0.000000	0.000000	0.000000	0.000000
-0.957821	-0.895053	-0.828439	0.000000	0.000000	0.000000	0.000000	0.000000	0.000000	0.000000
-0.957820	-0.895384	-0.828439	-0.000000	0.000000	0.000000	0.000000	0.000000	0.000000	0.000000
-0.957821	-0.895099	-0.828439	0.000000	0.000000	0.000000	0.000000	0.000000	0.000000	0.000000
-0.957821	-0.895148	-0.828439	-0.000000	0.000000	0.000000	0.000000	0.000000	0.000000	0.000000
-0.957821	-0.895218	-0.828439	-0.000000	0.000000	0.000000	0.000000	0.000000	0.000000	0.000000
-0.957821	-0.895044	-0.828439	0.000000	0.000000	0.000000	0.000000	0.000000	0.000000	0.000000
-0.957820	-0.895724	-0.828439	0.000000	0.000000	0.000000	0.000000	0.000000	0.000000	0.000000
-0.957821	-0.895287	-0.828439	0.000000	0.000000	0.000000	0.000000	0.000000	0.000000	0.000000
-0.957820	-0.895274	-0.828439	0.000000	0.000000	0.000000	0.000000	0.000000	0.000000	0.000000
-0.957820	-0.894714	-0.828439	0.000000	0.000000	0.000000	0.000000	0.000000	0.000000	0.000000
-0.957821	-0.895276	-0.828439	-0.000000	0.000000	0.000000	0.000000	0.000000	0.000000	0.000000
-0.957821	-0.895231	-0.828436	0.000000	0.000000	0.000000	0.000000	0.000000	0.000000	0.000000
-0.957820	-0.895722	-0.828438	0.000000	0.000000	0.000000	0.000000	0.000000	0.000000	0.000000
-0.957821	-0.895255	-0.828439	0.000000	0.000000	0.000000	0.000000	0.000000	0.000000	0.000000
-0.957821	-0.895007	-0.828439	0.000000	0.000000	0.000000	0.000000	0.000000	0.000000	0.000000
-0.957821	-0.895587	-0.828427	0.000000	0.000000	0.000000	0.000000	0.000000	0.000000	0.000000
-0.957820	-0.895103	-0.828439	-0.000000	0.000000	0.000000	0.000000	0.000000	0.000000	0.000000
-0.957821	-0.895286	-0.828439	0.000000	0.000000	0.000000	0.000000	0.000000	0.000000	0.000000
-0.957821	-0.894946	-0.828246	-0.000000	0.000000	0.000000	0.000000	0.000000	0.000000	0.000000
-0.957821	-0.895435	-0.828439	0.000000	0.000000	0.000000	0.000000	0.000000	0.000000	0.000000
-0.957821	-0.895140	-0.828439	-0.000000	0.000000	0.000000	0.000000	0.000000	0.000000	0.000000
-0.957821	-0.895496	-0.827847	0.000000	0.000000	0.000000	0.000000	0.000000	0.000000	0.000000
-0.957820	-0.895120	-0.828439	0.000000	0.000000	0.000000	0.000000	0.000000	0.000000	0.000000
-0.957821	-0.895247	-0.828439	-0.000000	0.000000	0.000000	0.000000	0.000000	0.000000	0.000000
-0.957820	-0.895280	-0.828432	-0.000000	0.000000	0.000000	0.000000	0.000000	0.000000	0.000000
-0.957820	-0.895110	-0.828438	0.000000	0.000000	0.000000	0.000000	0.000000	0.000000	0.000000
-0.957821	-0.895254	-0.828435	0.000000	0.000000	0.000000	0.000000	0.000000	0.000000	0.000000
-0.957821	-0.895335	-0.828439	0.000000	0.000000	0.000000	0.000000	0.000000	0.000000	0.000000
-0.957820	-0.895116	-0.828439	-0.000000	0.000000	0.000000	0.000000	0.000000	0.000000	0.000000
-0.957821	-0.895226	-0.827508	0.000000	0.000000	0.000000	0.000000	0.000000	0.000000	0.000000
-0.957821	-0.895059	-0.828438	0.000000	0.000000	0.000000	0.000000	0.000000	0.000000	0.000000
-0.957821	-0.895428	-0.828437	0.000000	0.000000	0.000000	0.000000	0.000000	0.000000	0.000000
-0.957821	-0.895466	-0.828439	0.000000	0.000000	0.000000	0.000000	0.000000	0.000000	0.000000
-0.957821	-0.895288	-0.828439	0.000000	0.000000	0.000000	0.000000	0.000000	0.000000	0.000000
-0.957820	-0.895119	-0.828439	0.000000	0.000000	0.000000	0.000000	0.000000	0.000000	0.000000
-0.957821	-0.895238	-0.828439	0.000000	0.000000	0.000000	0.000000	0.000000	0.000000	0.000000
-0.957821	-0.895441	-0.828426	-0.000000	0.000000	0.000000	0.000000	0.000000	0.000000	0.000000
-0.957820	-0.895255	-0.828435	0.000000	0.000000	0.000000	0.000000	0.000000	0.000000	0.000000
-0.957821	-0.895693	-0.828439	0.000000	0.000000	0.000000	0.000000	0.000000	0.000000	0.000000
-0.957821	-0.895160	-0.828439	0.000000	0.000000	0.000000	0.000000	0.000000	0.000000	0.000000
-0.957821	-0.895410	-0.828439	0.000000	0.000000	0.000000	0.000000	0.000000	0.000000	0.000000
-0.957821	-0.894858	-0.828438	0.000000	0.000000	0.000000	0.000000	0.000000	0.000000	0.000000
-0.957821	-0.895055	-0.828059	-0.000000	0.000000	0.000000	0.000000	0.000000	0.000000	0.000000
-0.957821	-0.895131	-0.828439	0.000000	0.000000	0.000000	0.000000	0.000000	0.000000	0.000000
-0.957821	-0.895118	-0.828361	-0.000000	0.000000	0.000000	0.000000	0.000000	0.000000	0.000000
-0.957821	-0.895431	-0.826320	0.000000	0.000000	0.000000	0.000000	0.000000	0.000000	0.000000
-0.957820	-0.895273	-0.828426	0.000000	0.000000	0.000000	0.000000	0.000000	0.000000	0.000000
-0.957821	-0.895691	-0.828432	0.000000	0.000000	0.000000	0.000000	0.000000	0.000000	0.000000
-0.957821	-0.894957	-0.828439	0.000000	0.000000	0.000000	0.000000	0.000000	0.000000	0.000000
-0.957821	-0.895572	-0.828439	0.000000	0.000000	0.000000	0.000000	0.000000	0.000000	0.000000
-0.957821	-0.895088	-0.828439	0.000000	0.000000	0.000000	0.000000	0.000000	0.000000	0.000000
-0.957821	-0.895187	-0.828439	0.000000	0.000000	0.000000	0.000000	0.000000	0.000000	0.000000
-0.957820	-0.895080	-0.828439	0.000000	0.000000	0.000000	0.000000	0.000000	0.000000	0.000000
-0.957820	-0.895483	-0.828439	0.000000	0.000000	0.000000	0.000000	0.000000	0.000000	0.000000
-0.957821	-0.895287	-0.828439	0.000000	0.000000	0.000000	0.000000	0.000000	0.000000	0.000000
-0.957821	-0.895299	-0.828439	0.000000	0.000000	0.000000	0.000000	0.000000	0.000000	0.000000
-0.957820	-0.895723	-0.828439	-0.000000	0.000000	0.000000	0.000000	0.000000	0.000000	0.000000
-0.957821	-0.894814	-0.828439	0.000000	0.000000	0.000000	0.000000	0.000000	0.000000	0.000000
-0.957820	-0.895245	-0.828439	0.000000	0.000000	0.000000	0.000000	0.000000	0.000000	0.000000
-0.957821	-0.894908	-0.828439	0.000000	0.000000	0.000000	0.000000	0.000000	0.000000	0.000000
-0.957821	-0.895477	-0.828439	-0.000000	0.000000	0.000000	0.000000	0.000000	0.000000	0.000000
-0.957821	-0.894801	-0.828431	0.000000	0.000000	0.000000	0.000000	0.000000	0.000000	0.000000
-0.957821	-0.895386	-0.828397	0.000000	0.000000	0.000000	0.000000	0.000000	0.000000	0.000000
-0.957821	-0.895111	-0.828439	0.000000	0.000000	0.000000	0.000000	0.000000	0.000000	0.000000
-0.957821	-0.895044	-0.828439	-0.000000	0.000000	0.000000	0.000000	0.000000	0.000000	0.000000
-0.957821	-0.895569	-0.828439	-0.000000	0.000000	0.000000	0.000000	0.000000	0.000000	0.000000
-0.957821	-0.895232	-0.828413	0.000000	0.000000	0.000000	0.000000	0.000000	0.000000	0.000000
-0.957821	-0.895653	-0.828439	0.000000	0.000000	0.000000	0.000000	0.000000	0.000000	0.000000
-0.957821	-0.895719	-0.828439	-0.000000	0.000000	0.000000	0.000000	0.000000	0.000000	0.000000
-0.957821	-0.894972	-0.828439	0.000000	0.000000	0.000000	0.000000	0.000000	0.000000	0.000000
-0.957821	-0.895327	-0.828439	-0.000000	0.000000	0.000000	0.000000	0.000000	0.000000	0.000000
-0.957821	-0.895317	-0.828439	0.000000	0.000000	0.000000	0.000000	0.000000	0.000000	0.000000
-0.957820	-0.895348	-0.828439	0.000000	0.000000	0.000000	0.000000	0.000000	0.000000	0.000000
-0.957820	-0.894955	-0.828439	-0.000000	0.000000	0.000000	0.000000	0.000000	0.000000	0.000000
-0.957820	-0.895460	-0.828435	-0.000000	0.000000	0.000000	0.000000	0.000000	0.000000	0.000000
-0.957821	-0.895087	-0.828439	0.000000	0.000000	0.000000	0.000000	0.000000	0.000000	0.000000
-0.957820	-0.895487	-0.828439	-0.000000	0.000000	0.000000	0.000000	0.000000	0.000000	0.000000
-0.957821	-0.895347	-0.828439	0.000000	0.000000	0.000000	0.000000	0.000000	0.000000	0.000000
-0.957821	-0.895515	-0.828367	0.000000	0.000000	0.000000	0.000000	0.000000	0.000000	0.000000
-0.957821	-0.894944	-0.828439	0.000000	0.000000	0.000000	0.000000	0.000000	0.000000	0.000000
-0.957820	-0.895028	-0.828359	-0.000000	0.000000	0.000000	0.000000	0.000000	0.000000	0.000000
-0.957821	-0.894960	-0.828439	0.000000	0.000000	0.000000	0.000000	0.000000	0.000000	0.000000
-0.957821	-0.895606	-0.828439	-0.000000	0.000000	0.000000	0.000000	0.000000	0.000000	0.000000
-0.957821	-0.895222	-0.828439	0.000000	0.000000	0.000000	0.000000	0.000000	0.000000	0.000000
-0.957821	-0.895332	-0.828439	-0.000000	0.000000	0.000000	0.000000	0.000000	0.000000	0.000000
-0.957820	-0.894938	-0.828439	0.000000	0.000000	0.000000	0.000000	0.000000	0.000000	0.000000
-0.957820	-0.895135	-0.828416	0.000000	0.000000	0.000000	0.000000	0.000000	0.000000	0.000000
-0.957820	-0.895126	-0.828439	-0.000000	0.000000	0.000000	0.000000	0.000000	0.000000	0.000000
-0.957821	-0.895198	-0.828439	-0.000000	0.000000	0.000000	0.000000	0.000000	0.000000	0.000000
-0.957821	-0.895733	-0.828439	0.000000	0.000000	0.000000	0.000000	0.000000	0.000000	0.000000
-0.957821	-0.895314	-0.828439	0.000000	0.000000	0.000000	0.000000	0.000000	0.000000	0.000000
-0.957820	-0.895174	-0.826996	-0.000000	0.000000	0.000000	0.000000	0.000000	0.000000	0.000000
-0.957821	-0.895141	-0.828439	0.000000	0.000000	0.000000	0.000000	0.000000	0.000000	0.000000
-0.957821	-0.895229	-0.828430	0.000002	0.000000	0.000000	0.000000	0.000000	0.000000	0.000000
-0.957820	-0.895398	-0.828439	0.000000	0.000000	0.000000	0.000000	0.000000	0.000000	0.000000
-0.957821	-0.895364	-0.828439	-0.000000	0.000000	0.000000	0.000000	0.000000	0.000000	0.000000
-0.957820	-0.895418	-0.828439	-0.000000	0.000000	0.000000	0.000000	0.000000	0.000000	0.000000
-0.957821	-0.895421	-0.828439	-0.000000	0.000000	0.000000	0.000000	0.000000	0.000000	0.000000
-0.957821	-0.895520	-0.828437	-0.000000	0.000000	0.000000	0.000000	0.000000	0.000000	0.000000
-0.957820	-0.895056	-0.828438	0.000000	0.000000	0.000000	0.000000	0.000000	0.000000	0.000000
-0.957821	-0.895244	-0.828439	0.000000	0.000000	0.000000	0.000000	0.000000	0.000000	0.000000
-0.957820	-0.895255	-0.828316	0.000000	0.000000	0.000000	0.000000	0.000000	0.000000	0.000000
-0.957821	-0.895491	-0.828438	-0.000000	0.000000	0.000000	0.000000	0.000000	0.000000	0.000000
-0.957821	-0.895109	-0.828439	0.000000	0.000000	0.000000	0.000000	0.000000	0.000000	0.000000
-0.957820	-0.895107	-0.828439	0.000000	0.000000	0.000000	0.000000	0.000000	0.000000	0.000000
-0.957821	-0.895263	-0.828436	0.000000	0.000000	0.000000	0.000000	0.000000	0.000000	0.000000
-0.957821	-0.895306	-0.828439	-0.000000	0.000000	0.000000	0.000000	0.000000	0.000000	0.000000
-0.957821	-0.895476	-0.828439	0.000000	0.000000	0.000000	0.000000	0.000000	0.000000	0.000000
-0.957820	-0.895296	-0.828439	-0.000000	0.000000	0.000000	0.000000	0.000000	0.000000	0.000000
-0.957821	-0.895491	-0.828439	0.000000	0.000000	0.000000	0.000000	0.000000	0.000000	0.000000
-0.957821	-0.895419	-0.828439	-0.000000	0.000000	0.000000	0.000000	0.000000	0.000000	0.000000
-0.957821	-0.895113	-0.828439	-0.000000	0.000000	0.000000	0.000000	0.000000	0.000000	0.000000
-0.957821	-0.895361	-0.828439	-0.000000	0.000000	0.000000	0.000000	0.000000	0.000000	0.000000
-0.957820	-0.895146	-0.828439	0.000000	0.000000	0.000000	0.000000	0.000000	0.000000	0.000000
-0.957821	-0.895612	-0.828436	0.000000	0.000000	0.000000	0.000000	0.000000	0.000000	0.000000
-0.957820	-0.895171	-0.828396	0.000000	0.000000	0.000000	0.000000	0.000000	0.000000	0.000000
-0.957821	-0.894983	-0.828429	-0.000000	0.000000	0.000000	0.000000	0.000000	0.000000	0.000000
-0.957821	-0.895292	-0.828426	0.000000	0.000000	0.000000	0.000000	0.000000	0.000000	0.000000
-0.957821	-0.895162	-0.828439	0.000000	0.000000	0.000000	0.000000	0.000000	0.000000	0.000000
-0.957820	-0.895381	-0.828436	0.000000	0.000000	0.000000	0.000000	0.000000	0.000000	0.000000
-0.957820	-0.895228	-0.828439	0.000000	0.000000	0.000000	0.000000	0.000000	0.000000	0.000000
-0.957821	-0.895052	-0.828439	0.000000	0.000000	0.000000	0.000000	0.000000	0.000000	0.000000
-0.957821	-0.895363	-0.828438	-0.000000	0.000000	0.000000	0.000000	0.000000	0.000000	0.000000
-0.957821	-0.895354	-0.828439	0.000000	0.000000	0.000000	0.000000	0.000000	0.000000	0.000000
-0.957821	-0.895424	-0.828439	-0.000000	0.000000	0.000000	0.000000	0.000000	0.000000	0.000000
-0.957820	-0.895270	-0.828417	-0.000000	0.000000	0.000000	0.000000	0.000000	0.000000	0.000000
-0.957821	-0.895062	-0.828439	-0.000000	0.000000	0.000000	0.000000	0.000000	0.000000	0.000000
-0.957820	-0.895318	-0.828437	0.000000	0.000000	0.000000	0.000000	0.000000	0.000000	0.000000
-0.957820	-0.895118	-0.828439	0.000000	0.000000	0.000000	0.000000	0.000000	0.000000	0.000000
-0.957821	-0.895460	-0.828439	0.000000	0.000000	0.000000	0.000000	0.000000	0.000000	0.000000
-0.957821	-0.894763	-0.828439	-0.000000	0.000000	0.000000	0.000000	0.000000	0.000000	0.000000
-0.957820	-0.895408	-0.828439	-0.000000	0.000000	0.000000	0.000000	0.000000	0.000000	0.000000
-0.957821	-0.895257	-0.827556	0.000000	0.000000	0.000000	0.000000	0.000000	0.000000	0.000000
-0.957821	-0.895594	-0.828439	0.000000	0.000000	0.000000	0.000000	0.000000	0.000000	0.000000
-0.957821	-0.895250	-0.828439	-0.000000	0.000000	0.000000	0.000000	0.000000	0.000000	0.000000
-0.957821	-0.895351	-0.828439	0.000000	0.000000	0.000000	0.000000	0.000000	0.000000	0.000000
-0.957820	-0.895500	-0.828439	-0.000000	0.000000	0.000000	0.000000	0.000000	0.000000	0.000000
-0.957821	-0.895125	-0.828435	0.000000	0.000000	0.000000	0.000000	0.000000	0.000000	0.000000
-0.957821	-0.895104	-0.828439	0.000000	0.000000	0.000000	0.000000	0.000000	0.000000	0.000000
-0.957820	-0.894874	-0.828257	0.000000	0.000000	0.000000	0.000000	0.000000	0.000000	0.000000
-0.957821	-0.894934	-0.828439	0.000000	0.000000	0.000000	0.000000	0.000000	0.000000	0.000000
-0.957821	-0.895287	-0.828422	-0.000000	0.000000	0.000000	0.000000	0.000000	0.000000	0.000000
-0.957821	-0.895287	-0.828439	-0.000000	0.000000	0.000000	0.000000	0.000000	0.000000	0.000000
-0.957821	-0.895200	-0.828438	0.000000	0.000000	0.000000	0.000000	0.000000	0.000000	0.000000
-0.957821	-0.895101	-0.828439	0.000000	0.000000	0.000000	0.000000	0.000000	0.000000	0.000000
-0.957821	-0.895480	-0.828439	0.000000	0.000000	0.000000	0.000000	0.000000	0.000000	0.000000
-0.957820	-0.895645	-0.828438	-0.000000	0.000000	0.000000	0.000000	0.000000	0.000000	0.000000
-0.957821	-0.895382	-0.828439	0.000000	0.000000	0.000000	0.000000	0.000000	0.000000	0.000000
-0.957821	-0.895183	-0.828417	-0.000000	0.000000	0.000000	0.000000	0.000000	0.000000	0.000000
-0.957821	-0.895146	-0.828439	0.000000	0.000000	0.000000	0.000000	0.000000	0.000000	0.000000
-0.957821	-0.895130	-0.828439	0.000000	0.000000	0.000000	0.000000	0.000000	0.000000	0.000000
-0.957821	-0.894981	-0.828439	0.000000	0.000000	0.000000	0.000000	0.000000	0.000000	0.000000
-0.957821	-0.895264	-0.828439	0.000000	0.000000	0.000000	0.000000	0.000000	0.000000	0.000000
-0.957821	-0.895137	-0.828368	0.000000	0.000000	0.000000	0.000000	0.000000	0.000000	0.000000
-0.957821	-0.895060	-0.828439	0.000000	0.000000	0.000000	0.000000	0.000000	0.000000	0.000000
-0.957820	-0.895561	-0.828439	0.000000	0.000000	0.000000	0.000000	0.000000	0.000000	0.000000
-0.957821	-0.895527	-0.828438	0.000000	0.000000	0.000000	0.000000	0.000000	0.000000	0.000000
-0.957821	-0.895537	-0.828437	-0.000000	0.000000	0.000000	0.000000	0.000000	0.000000	0.000000
-0.957821	-0.895157	-0.828439	-0.000000	0.000000	0.000000	0.000000	0.000000	0.000000	0.000000
-0.957820	-0.895668	-0.828431	0.000000	0.000000	0.000000	0.000000	0.000000	0.000000	0.000000
-0.957821	-0.895064	-0.828416	0.000000	0.000000	0.000000	0.000000	0.000000	0.000000	0.000000
-0.957821	-0.895636	-0.828439	0.000000	0.000000	0.000000	0.000000	0.000000	0.000000	0.000000
-0.957821	-0.895391	-0.828439	0.000000	0.000000	0.000000	0.000000	0.000000	0.000000	0.000000
-0.957820	-0.895199	-0.828439	-0.000000	0.000000	0.000000	0.000000	0.000000	0.000000	0.000000
-0.957821	-0.895278	-0.828436	0.000000	0.000000	0.000000	0.000000	0.000000	0.000000	0.000000
-0.957821	-0.894746	-0.828439	-0.000000	0.000000	0.000000	0.000000	0.000000	0.000000	0.000000
-0.957820	-0.895405	-0.828417	-0.000000	0.000000	0.000000	0.000000	0.000000	0.000000	0.000000
-0.957820	-0.895377	-0.828432	0.000000	0.000000	0.000000	0.000000	0.000000	0.000000	0.000000
-0.957821	-0.895464	-0.828439	0.000000	0.000000	0.000000	0.000000	0.000000	0.000000	0.000000
-0.957820	-0.894798	-0.000011	-0.000000	0.000000	0.000000	0.000000	0.000000	0.000000	0.000000
-0.957821	-0.895409	0.814770	0.000000	0.000000	0.000000	0.000000	0.000000	0.000000	0.000000
-0.957820	-0.895443	0.814449	-0.000000	0.000000	0.000000	0.000000	0.000000	0.000000	0.000000
-0.957821	-0.895343	0.814108	-0.000000	0.000000	0.000000	0.000000	0.000000	0.000000	0.000000
-0.957821	-0.895412	0.815522	0.000000	0.000000	0.000000	0.000000	0.000000	0.000000	0.000000
-0.957821	-0.895574	0.814682	0.000002	0.000000	0.000000	0.000000	0.000000	0.000000	0.000000
-0.957821	-0.895254	0.814770	0.000000	0.000000	0.000000	0.000000	0.000000	0.000000	0.000000
-0.957821	-0.895344	0.813780	-0.000000	0.000000	0.000000	0.000000	0.000000	0.000000	0.000000
-0.957821	-0.895126	0.814347	0.000000	0.000000	0.000000	0.000000	0.000000	0.000000	0.000000
-0.957821	-0.895404	0.813639	0.000000	0.000000	0.000000	0.000000	0.000000	0.000000	0.000000
-0.957821	-0.895450	0.814048	-0.000000	0.000000	0.000000	0.000000	0.000000	0.000000	0.000000
-0.957821	-0.895125	0.814498	0.000000	0.000000	0.000000	0.000000	0.000000	0.000000	0.000000
-0.957821	-0.895381	0.814490	0.000000	0.000000	0.000000	0.000000	0.000000	0.000000	0.000000
-0.957820	-0.895224	0.815120	0.000000	0.000000	0.000000	0.000000	0.000000	0.000000	0.000000
-0.957821	-0.895611	0.814895	0.000000	0.000000	0.000000	0.000000	0.000000	0.000000	0.000000
-0.957820	-0.895144	0.815835	-0.000000	0.000000	0.000000	0.000000	0.000000	0.000000	0.000000
-0.957821	-0.895442	0.813517	-0.000000	0.000000	0.000000	0.000000	0.000000	0.000000	0.000000
-0.957821	-0.895408	0.813938	-0.000000	0.000000	0.000000	0.000000	0.000000	0.000000	0.000000
-0.957821	-0.895336	0.814823	0.000000	0.000000	0.000000	0.000000	0.000000	0.000000	0.000000
-0.957821	-0.895377	0.805574	0.000000	0.000000	0.000000	0.000000	0.000000	0.000000	0.000000
-0.957821	-0.895491	0.814791	0.000000	0.000000	0.000000	0.000000	0.000000	0.000000	0.000000
-0.957820	-0.895373	0.814624	-0.000000	0.000000	0.000000	0.000000	0.000000	0.000000	0.000000
-0.957821	-0.875602	0.814831	-0.000000	0.000000	0.000000	0.000000	0.000000	0.000000	0.000000
-0.957821	-0.895140	0.814498	0.000000	0.000000	0.000000	0.000000	0.000000	0.000000	0.000000
-0.957821	-0.894980	0.814711	-0.000000	0.000000	0.000000	0.000000	0.000000	0.000000	0.000000
-0.957821	-0.895486	0.814842	0.000000	0.000000	0.000000	0.000000	0.000000	0.000000	0.000000
-0.957821	-0.895224	0.814139	0.000000	0.000000	0.000000	0.000000	0.000000	0.000000	0.000000
-0.957821	-0.895140	0.815672	0.000000	0.000000	0.000000	0.000000	0.000000	0.000000	0.000000
-0.957820	-0.895614	0.814939	0.000000	0.000000	0.000000	0.000000	0.000000	0.000000	0.000000
-0.957821	-0.895368	0.813428	-0.000000	0.000000	0.000000	0.000000	0.000000	0.000000	0.000000
-0.957820	-0.895641	0.814942	0.000000	0.000000	0.000000	0.000000	0.000000	0.000000	0.000000
-0.957820	-0.895290	0.813932	0.000000	0.000000	0.000000	0.000000	0.000000	0.000000	0.000000
-0.957821	-0.895274	0.814468	0.000000	0.000000	0.000000	0.000000	0.000000	0.000000	0.000000
-0.957821	-0.895464	0.815343	0.000000	0.000000	0.000000	0.000000	0.000000	0.000000	0.000000
-0.957820	-0.895131	0.814551	0.000000	0.000000	0.000000	0.000000	0.000000	0.000000	0.000000
-0.957821	-0.895228	0.813790	0.000000	0.000000	0.000000	0.000000	0.000000	0.000000	0.000000
-0.957820	-0.895547	0.813843	0.000000	0.000000	0.000000	0.000000	0.000000	0.000000	0.000000
-0.957821	-0.895258	0.814664	-0.000000	0.000000	0.000000	0.000000	0.000000	0.000000	0.000000
-0.957821	-0.894847	0.814633	-0.000000	0.000000	0.000000	0.000000	0.000000	0.000000	0.000000
-0.957821	-0.895432	0.814567	0.000000	0.000000	0.000000	0.000000	0.000000	0.000000	0.000000
-0.957820	-0.895272	0.814805	0.000000	0.000000	0.000000	0.000000	0.000000	0.000000	0.000000
-0.957820	-0.895641	0.814324	-0.000000	0.000000	0.000000	0.000000	0.000000	0.000000	0.000000
-0.957820	-0.894861	0.814799	-0.000000	0.000000	0.000000	0.000000	0.000000	0.000000	0.000000
-0.957820	-0.895300	0.801257	0.000000	0.000000	0.000000	0.000000	0.000000	0.000000	0.000000
-0.957821	-0.895251	0.814296	0.000000	0.000000	0.000000	0.000000	0.000000	0.000000	0.000000
-0.957821	-0.895275	0.815092	-0.000000	0.000000	0.000000	0.000000	0.000000	0.000000	0.000000
-0.957821	-0.895062	0.813689	0.000000	0.000000	0.000000	0.000000	0.000000	0.000000	0.000000
-0.957821	-0.895149	0.814402	-0.000000	0.000000	0.000000	0.000000	0.000000	0.000000	0.000000
-0.957820	-0.895274	0.815022	-0.000000	0.000000	0.000000	0.000000	0.000000	0.000000	0.000000
-0.957820	-0.895012	0.814058	0.000000	0.000000	0.000000	0.000000	0.000000	0.000000	0.000000
-0.957820	-0.895423	0.814788	-0.000000	0.000000	0.000000	0.000000	0.000000	0.000000	0.000000
-0.957821	-0.895094	0.815102	-0.000000	0.000000	0.000000	0.000000	0.000000	0.000000	0.000000
-0.957821	-0.895251	0.814648	0.000000	0.000000	0.000000	0.000000	0.000000	0.000000	0.000000
-0.957821	-0.895502	0.815063	0.000000	0.000000	0.000000	0.000000	0.000000	0.000000	0.000000
-0.957820	-0.895259	0.814365	-0.000000	0.000000	0.000000	0.000000	0.000000	0.000000	0.000000
-0.957820	-0.895695	0.814882	0.000000	0.000000	0.000000	0.000000	0.000000	0.000000	0.000000
-0.957820	-0.895231	0.815058	-0.000000	0.000000	0.000000	0.000000	0.000000	0.000000	0.000000
-0.957821	-0.895306	0.814597	-0.000000	0.000000	0.000000	0.000000	0.000000	0.000000	0.000000
-0.957820	-0.895394	0.814063	0.000000	0.000000	0.000000	0.000000	0.000000	0.000000	0.000000
-0.957821	-0.894893	0.814071	0.000000	0.000000	0.000000	0.000000	0.000000	0.000000	0.000000
-0.957821	-0.895279	0.814346	0.000000	0.000000	0.000000	0.000000	0.000000	0.000000	0.000000
-0.957821	-0.895231	0.814543	0.000000	0.000000	0.000000	0.000000	0.000000	0.000000	0.000000
-0.957820	-0.895462	0.815180	0.000000	0.000000	0.000000	0.000000	0.000000	0.000000	0.000000
-0.957821	-0.895499	0.813859	0.000000	0.000000	0.000000	0.000000	0.000000	0.000000	0.000000
-0.957821	-0.895427	0.814810	-0.000000	0.000000	0.000000	0.000000	0.000000	0.000000	0.000000
-0.957821	-0.894822	0.814444	-0.000000	0.000000	0.000000	0.000000	0.000000	0.000000	0.000000
-0.957821	-0.895109	0.814219	0.000000	0.000000	0.000000	0.000000	0.000000	0.000000	0.000000
-0.957821	-0.895224	0.814144	0.000000	0.000000	0.000000	0.000000	0.000000	0.000000	0.000000
-0.957821	-0.895098	0.815069	0.000000	0.000000	0.000000	0.000000	0.000000	0.000000	0.000000
-0.957821	-0.895132	0.814458	0.000000	0.000000	0.000000	0.000000	0.000000	0.000000	0.000000
-0.957821	-0.895044	0.815064	-0.000000	0.000000	0.000000	0.000000	0.000000	0.000000	0.000000
-0.957821	-0.894919	0.814146	-0.000000	0.000000	0.000000	0.000000	0.000000	0.000000	0.000000
-0.957820	-0.895293	0.814582	0.000000	0.000000	0.000000	0.000000	0.000000	0.000000	0.000000
-0.957821	-0.895119	0.814768	-0.000000	0.000000	0.000000	0.000000	0.000000	0.000000	0.000000
-0.957821	-0.895530	0.815169	-0.000000	0.000000	0.000000	0.000000	0.000000	0.000000	0.000000
-0.957821	-0.895414	0.814192	-0.000000	0.000000	0.000000	0.000000	0.000000	0.000000	0.000000
-0.957820	-0.895520	0.814412	0.000000	0.000000	0.000000	0.000000	0.000000	0.000000	0.000000
-0.957821	-0.895004	0.814317	-0.000000	0.000000	0.000000	0.000000	0.000000	0.000000	0.000000
-0.957820	-0.895147	0.814726	0.000000	0.000000	0.000000	0.000000	0.000000	0.000000	0.000000
-0.957821	-0.895086	0.814926	-0.000000	0.000000	0.000000	0.000000	0.000000	0.000000	0.000000
-0.957821	-0.894959	0.814230	0.000000	0.000000	0.000000	0.000000	0.000000	0.000000	0.000000
-0.957821	-0.895184	0.814940	0.000000	0.000000	0.000000	0.000000	0.000000	0.000000	0.000000
-0.957821	-0.895303	0.813800	0.000000	0.000000	0.000000	0.000000	0.000000	0.000000	0.000000
-0.957821	-0.895123	0.814304	0.000000	0.000000	0.000000	0.000000	0.000000	0.000000	0.000000
-0.957820	-0.894992	0.814218	0.000000	0.000000	0.000000	0.000000	0.000000	0.000000	0.000000
-0.957820	-0.895227	0.814494	-0.000000	0.000000	0.000000	0.000000	0.000000	0.000000	0.000000
-0.957821	-0.895612	0.814465	-0.000000	0.000000	0.000000	0.000000	0.000000	0.000000	0.000000
-0.957820	-0.895261	0.814647	0.000000	0.000000	0.000000	0.000000	0.000000	0.000000	0.000000
-0.957820	-0.895300	0.815305	0.000000	0.000000	0.000000	0.000000	0.000000	0.000000	0.000000
-0.957821	-0.895407	0.815393	0.000000	0.000000	0.000000	0.000000	0.000000	0.000000	0.000000
-0.957821	-0.895306	0.814287	0.000000	0.000000	0.000000	0.000000	0.000000	0.000000	0.000000
-0.957821	-0.895287	0.814232	0.000000	0.000000	0.000000	0.000000	0.000000	0.000000	0.000000
-0.957821	-0.895237	0.773916	-0.000000	0.000000	0.000000	0.000000	0.000000	0.000000	0.000000
-0.957820	-0.895225	0.814619	0.000000	0.000000	0.000000	0.000000	0.000000	0.000000	0.000000
-0.957820	-0.895519	0.814218	-0.000000	0.000000	0.000000	0.000000	0.000000	0.000000	0.000000
-0.957821	-0.895114	0.814620	0.000000	0.000000	0.000000	0.000000	0.000000	0.000000	0.000000
-0.957821	-0.895219	0.813910	0.000000	0.000000	0.000000	0.000000	0.000000	0.000000	0.000000
-0.957821	-0.895164	0.814526	0.000000	0.000000	0.000000	0.000000	0.000000	0.000000	0.000000
-0.957821	-0.894738	0.813692	-0.000000	0.000000	0.000000	0.000000	0.000000	0.000000	0.000000
-0.957820	-0.895196	0.815173	0.000000	0.000000	0.000000	0.000000	0.000000	0.000000	0.000000
-0.957821	-0.895297	0.813757	-0.000000	0.000000	0.000000	0.000000	0.000000	0.000000	0.000000
-0.957821	-0.895269	0.814189	0.000000	0.000000	0.000000	0.000000	0.000000	0.000000	0.000000
-0.957820	-0.895299	0.814436	0.000000	0.000000	0.000000	0.000000	0.000000	0.000000	0.000000
-0.957821	-0.894978	0.814605	0.000000	0.000000	0.000000	0.000000	0.000000	0.000000	0.000000
-0.957821	-0.895338	0.814351	0.000000	0.000000	0.000000	0.000000	0.000000	0.000000	0.000000
-0.957821	-0.894911	0.814687	-0.000000	0.000000	0.000000	0.000000	0.000000	0.000000	0.000000
-0.957821	-0.895177	0.814899	0.000000	0.000000	0.000000	0.000000	0.000000	0.000000	0.000000
-0.957821	-0.895302	0.813779	-0.000000	0.000000	0.000000	0.000000	0.000000	0.000000	0.000000
-0.957821	-0.894902	0.813780	0.000000	0.000000	0.000000	0.000000	0.000000	0.000000	0.000000
-0.957820	-0.895169	0.814654	-0.000000	0.000000	0.000000	0.000000	0.000000	0.000000	0.000000
-0.957821	-0.895774	0.814603	0.000000	0.000000	0.000000	0.000000	0.000000	0.000000	0.000000
-0.957820	-0.895266	0.815001	0.000000	0.000000	0.000000	0.000000	0.000000	0.000000	0.000000
-0.957821	-0.895419	0.814692	0.000000	0.000000	0.000000	0.000000	0.000000	0.000000	0.000000
-0.957820	-0.895420	0.814226	0.000000	0.000000	0.000000	0.000000	0.000000	0.000000	0.000000
-0.957821	-0.895484	0.813381	0.000000	0.000000	0.000000	0.000000	0.000000	0.000000	0.000000
-0.957821	-0.895296	0.814653	0.000000	0.000000	0.000000	0.000000	0.000000	0.000000	0.000000
-0.957820	-0.895359	0.813971	-0.000000	0.000000	0.000000	0.000000	0.000000	0.000000	0.000000
-0.957821	-0.895258	0.814336	0.000000	0.000000	0.000000	0.000000	0.000000	0.000000	0.000000
-0.957821	-0.895330	0.814175	0.000005	0.000000	0.000000	0.000000	0.000000	0.000000	0.000000
-0.957821	-0.895112	0.814258	0.000000	0.000000	0.000000	0.000000	0.000000	0.000000	0.000000
-0.957821	-0.894974	0.814440	-0.000000	0.000000	0.000000	0.000000	0.000000	0.000000	0.000000
-0.957820	-0.895414	0.815012	-0.000000	0.000000	0.000000	0.000000	0.000000	0.000000	0.000000
-0.957820	-0.895451	0.813989	0.000000	0.000000	0.000000	0.000000	0.000000	0.000000	0.000000
-0.957820	-0.895611	0.814877	0.000000	0.000000	0.000000	0.000000	0.000000	0.000000	0.000000
-0.957820	-0.895510	0.814815	0.000000	0.000000	0.000000	0.000000	0.000000	0.000000	0.000000
-0.957821	-0.895133	0.816107	0.000000	0.000000	0.000000	0.000000	0.000000	0.000000	0.000000
-0.957821	-0.895378	0.814708	0.000000	0.000000	0.000000	0.000000	0.000000	0.000000	0.000000
-0.957820	-0.895764	0.815165	-0.000000	0.000000	0.000000	0.000000	0.000000	0.000000	0.000000
-0.957820	-0.894912	0.814992	0.000000	0.000000	0.000000	0.000000	0.000000	0.000000	0.000000
-0.957821	-0.895138	0.814721	0.000000	0.000000	0.000000	0.000000	0.000000	0.000000	0.000000
-0.957820	-0.895217	0.813648	-0.000000	0.000000	0.000000	0.000000	0.000000	0.000000	0.000000
-0.957820	-0.895271	0.815630	-0.000000	0.000000	0.000000	0.000000	0.000000	0.000000	0.000000
-0.957820	-0.895321	0.312404	0.000000	0.000000	0.000000	0.000000	0.000000	0.000000	0.000000
-0.957821	-0.895257	0.814018	0.000000	0.000000	0.000000	0.000000	0.000000	0.000000	0.000000
-0.957820	-0.895375	0.814170	-0.000000	0.000000	0.000000	0.000000	0.000000	0.000000	0.000000
-0.957821	-0.895270	0.815160	0.000000	0.000000	0.000000	0.000000	0.000000	0.000000	0.000000
-0.957821	-0.894993	0.815794	0.000000	0.000000	0.000000	0.000000	0.000000	0.000000	0.000000
-0.957821	-0.895504	0.814264	0.000000	0.000000	0.000000	0.000000	0.000000	0.000000	0.000000
-0.957821	-0.895067	0.814144	0.000000	0.000000	0.000000	0.000000	0.000000	0.000000	0.000000
-0.957821	-0.895287	0.814673	0.000000	0.000000	0.000000	0.000000	0.000000	0.000000	0.000000
-0.957821	-0.895170	0.814077	0.000001	0.000000	0.000000	0.000000	0.000000	0.000000	0.000000
-0.957820	-0.895624	0.814236	-0.000000	0.000000	0.000000	0.000000	0.000000	0.000000	0.000000
-0.957820	-0.895384	0.814198	-0.000000	0.000000	0.000000	0.000000	0.000000	0.000000	0.000000
-0.957820	-0.894991	0.812680	-0.000000	0.000000	0.000000	0.000000	0.000000	0.000000	0.000000
-0.957821	-0.895081	0.814215	-0.000000	0.000000	0.000000	0.000000	0.000000	0.000000	0.000000
-0.957821	-0.895431	0.814686	0.000000	0.000000	0.000000	0.000000	0.000000	0.000000	0.000000
-0.957821	-0.895371	0.814753	-0.000000	0.000000	0.000000	0.000000	0.000000	0.000000	0.000000
-0.957821	-0.895520	0.814879	0.000000	0.000000	0.000000	0.000000	0.000000	0.000000	0.000000
-0.957820	-0.894879	0.813989	-0.000000	0.000000	0.000000	0.000000	0.000000	0.000000	0.000000
-0.957821	-0.895264	0.814374	-0.000000	0.000000	0.000000	0.000000	0.000000	0.000000	0.000000
-0.957820	-0.895306	0.814840	0.000000	0.000000	0.000000	0.000000	0.000000	0.000000	0.000000
-0.957821	-0.895361	0.814537	0.000000	0.000000	0.000000	0.000000	0.000000	0.000000	0.000000
-0.957820	-0.895617	0.815298	0.000000	0.000000	0.000000	0.000000	0.000000	0.000000	0.000000
-0.957821	-0.895334	0.815456	0.000000	0.000000	0.000000	0.000000	0.000000	0.000000	0.000000
-0.957821	-0.895034	0.814319	-0.000000	0.000000	0.000000	0.000000	0.000000	0.000000	0.000000
-0.957821	-0.894971	0.814347	0.000000	0.000000	0.000000	0.000000	0.000000	0.000000	0.000000
-0.957821	-0.895410	0.814178	-0.000000	0.000000	0.000000	0.000000	0.000000	0.000000	0.000000
-0.957820	-0.895535	0.813884	-0.000000	0.000000	0.000000	0.000000	0.000000	0.000000	0.000000
-0.957820	-0.895128	0.815757	0.000000	0.000000	0.000000	0.000000	0.000000	0.000000	0.000000
-0.957821	-0.895086	0.814239	0.000000	0.000000	0.000000	0.000000	0.000000	0.000000	0.000000
-0.957820	-0.895172	0.814579	-0.000000	0.000000	0.000000	0.000000	0.000000	0.000000	0.000000
-0.957821	-0.895147	0.814793	0.000000	0.000000	0.000000	0.000000	0.000000	0.000000	0.000000
-0.957820	-0.895093	0.725892	0.000000	0.000000	0.000000	0.000000	0.000000	0.000000	0.000000
-0.957821	-0.895524	0.814987	0.000000	0.000000	0.000000	0.000000	0.000000	0.000000	0.000000
-0.957821	-0.895391	0.815199	0.000000	0.000000	0.000000	0.000000	0.000000	0.000000	0.000000
-0.957821	-0.894874	0.814315	-0.000000	0.000000	0.000000	0.000000	0.000000	0.000000	0.000000
-0.957820	-0.895099	0.814259	0.000000	0.000000	0.000000	0.000000	0.000000	0.000000	0.000000
-0.957821	-0.895061	0.814294	0.000000	0.000000	0.000000	0.000000	0.000000	0.000000	0.000000
-0.957821	-0.894962	0.814049	0.000000	0.000000	0.000000	0.000000	0.000000	0.000000	0.000000
-0.957821	-0.895615	0.813763	0.000000	0.000000	0.000000	0.000000	0.000000	0.000000	0.000000
-0.957820	-0.895452	0.813995	-0.000000	0.000000	0.000000	0.000000	0.000000	0.000000	0.000000
-0.957820	-0.895399	0.814231	-0.000000	0.000000	0.000000	0.000000	0.000000	0.000000	0.000000
-0.957820	-0.895071	0.815038	-0.000000	0.000000	0.000000	0.000000	0.000000	0.000000	0.000000
-0.957820	-0.895053	0.814473	-0.000000	0.000000	0.000000	0.000000	0.000000	0.000000	0.000000
-0.957820	-0.894952	0.814999	-0.000000	0.000000	0.000000	0.000000	0.000000	0.000000	0.000000
-0.957821	-0.895080	0.814912	0.000000	0.000000	0.000000	0.000000	0.000000	0.000000	0.000000
-0.957821	-0.894918	0.814105	0.000000	0.000000	0.000000	0.000000	0.000000	0.000000	0.000000
-0.957821	-0.894996	0.814415	-0.000000	0.000000	0.000000	0.000000	0.000000	0.000000	0.000000
-0.957821	-0.895308	0.814840	0.000000	0.000000	0.000000	0.000000	0.000000	0.000000	0.000000
-0.957821	-0.895021	0.814360	0.000000	0.000000	0.000000	0.000000	0.000000	0.000000	0.000000
-0.957821	-0.895471	0.815179	0.000000	0.000000	0.000000	0.000000	0.000000	0.000000	0.000000
-0.957821	-0.895341	0.814917	-0.000000	0.000000	0.000000	0.000000	0.000000	0.000000	0.000000
-0.957821	-0.895495	0.814860	-0.000000	0.000000	0.000000	0.000000	0.000000	0.000000	0.000000
-0.957821	-0.895420	0.814847	0.000000	0.000000	0.000000	0.000000	0.000000	0.000000	0.000000
-0.957821	-0.895575	0.815040	-0.000000	0.000000	0.000000	0.000000	0.000000	0.000000	0.000000
-0.957821	-0.895215	0.813944	-0.000000	0.000000	0.000000	0.000000	0.000000	0.000000	0.000000
-0.957821	-0.895482	0.813838	-0.000000	0.000000	0.000000	0.000000	0.000000	0.000000	0.000000
-0.957820	-0.895394	0.814497	0.000000	0.000000	0.000000	0.000000	0.000000	0.000000	0.000000
-0.957821	-0.895177	0.815226	0.000000	0.000000	0.000000	0.000000	0.000000	0.000000	0.000000
-0.957820	-0.895575	0.812011	-0.000000	0.000000	0.000000	0.000000	0.000000	0.000000	0.000000
-0.957820	-0.895484	0.815468	-0.000000	0.000000	0.000000	0.000000	0.000000	0.000000	0.000000
-0.957820	-0.895677	0.814837	0.000000	0.000000	0.000000	0.000000	0.000000	0.000000	0.000000
-0.957821	-0.895094	0.814468	0.000000	0.000000	0.000000	0.000000	0.000000	0.000000	0.000000
-0.957821	-0.895548	0.815119	-0.000000	0.000000	0.000000	0.000000	0.000000	0.000000	0.000000
-0.957821	-0.895370	0.814629	-0.000000	0.000000	0.000000	0.000000	0.000000	0.000000	0.000000
-0.957821	-0.895043	0.814732	0.000000	0.000000	0.000000	0.000000	0.000000	0.000000	0.000000
-0.957821	-0.894934	0.813628	0.000000	0.000000	0.000000	0.000000	0.000000	0.000000	0.000000
-0.957821	-0.895491	0.813910	0.000000	0.000000	0.000000	0.000000	0.000000	0.000000	0.000000
-0.957821	-0.895218	0.813875	0.000000	0.000000	0.000000	0.000000	0.000000	0.000000	0.000000
-0.957821	-0.895054	0.814328	-0.000000	0.000000	0.000000	0.000000	0.000000	0.000000	0.000000
-0.957821	-0.895252	0.814565	-0.000000	0.000000	0.000000	0.000000	0.000000	0.000000	0.000000
-0.957820	-0.895564	0.815364	-0.000000	0.000000	0.000000	0.000000	0.000000	0.000000	0.000000
-0.957820	-0.895414	0.813600	-0.000000	0.000000	0.000000	0.000000	0.000000	0.000000	0.000000
-0.957821	-0.895466	0.815586	-0.000000	0.000000	0.000000	0.000000	0.000000	0.000000	0.000000
-0.957821	-0.895532	0.814902	0.000000	0.000000	0.000000	0.000000	0.000000	0.000000	0.000000
-0.957820	-0.895149	0.814338	-0.000000	0.000000	0.000000	0.000000	0.000000	0.000000	0.000000
-0.957820	-0.895655	0.815292	0.000000	0.000000	0.000000	0.000000	0.000000	0.000000	0.000000
-0.957820	-0.895479	0.814586	0.000000	0.000000	0.000000	0.000000	0.000000	0.000000	0.000000
-0.957821	-0.895341	0.814360	0.000000	0.000000	0.000000	0.000000	0.000000	0.000000	0.000000
-0.957820	-0.894853	0.814445	0.000000	0.000000	0.000000	0.000000	0.000000	0.000000	0.000000
-0.957821	-0.895319	0.814572	-0.000000	0.000000	0.000000	0.000000	0.000000	0.000000	0.000000
-0.957821	-0.895446	0.814724	0.000000	0.000000	0.000000	0.000000	0.000000	0.000000	0.000000
-0.957821	-0.894998	0.814616	-0.000000	0.000000	0.000000	0.000000	0.000000	0.000000	0.000000
-0.957820	-0.895277	0.814999	0.000000	0.000000	0.000000	0.000000	0.000000	0.000000	0.000000
-0.957821	-0.894657	0.814381	0.000000	0.000000	0.000000	0.000000	0.000000	0.000000	0.000000
-0.957820	-0.895294	0.814844	-0.000000	0.000000	0.000000	0.000000	0.000000	0.000000	0.000000
-0.957821	-0.895432	0.814236	-0.000000	0.000000	0.000000	0.000000	0.000000	0.000000	0.000000
-0.957821	-0.895209	0.814482	0.000000	0.000000	0.000000	0.000000	0.000000	0.000000	0.000000
-0.957821	-0.895223	0.813075	-0.000000	0.000000	0.000000	0.000000	0.000000	0.000000	0.000000
-0.957821	-0.895031	0.813405	-0.000000	0.000000	0.000000	0.000000	0.000000	0.000000	0.000000
-0.957821	-0.895031	0.814480	0.000000	0.000000	0.000000	0.000000	0.000000	0.000000	0.000000
-0.957821	-0.895283	0.813819	-0.000000	0.000000	0.000000	0.000000	0.000000	0.000000	0.000000
-0.957821	-0.895755	0.814654	0.000000	0.000000	0.000000	0.000000	0.000000	0.000000	0.000000
-0.957820	-0.895697	0.815054	0.000000	0.000000	0.000000	0.000000	0.000000	0.000000	0.000000
-0.957821	-0.895030	0.812661	0.000000	0.000000	0.000000	0.000000	0.000000	0.000000	0.000000
-0.957821	-0.895600	0.814315	0.000000	0.000000	0.000000	0.000000	0.000000	0.000000	0.000000
-0.957821	-0.895372	0.814675	0.000000	0.000000	0.000000	0.000000	0.000000	0.000000	0.000000
-0.957821	-0.895248	0.814688	0.000000	0.000000	0.000000	0.000000	0.000000	0.000000	0.000000
-0.957821	-0.895425	0.815078	-0.000000	0.000000	0.000000	0.000000	0.000000	0.000000	0.000000
-0.957821	-0.895166	0.815326	-0.000000	0.000000	0.000000	0.000000	0.000000	0.000000	0.000000
-0.957821	-0.895072	0.814979	-0.000000	0.000000	0.000000	0.000000	0.000000	0.000000	0.000000
-0.957820	-0.895334	0.813877	0.000000	0.000000	0.000000	0.000000	0.000000	0.000000	0.000000
-0.957821	-0.895531	0.811857	-0.000000	0.000000	0.000000	0.000000	0.000000	0.000000	0.000000
-0.957821	-0.895321	0.814193	0.000000	0.000000	0.000000	0.000000	0.000000	0.000000	0.000000
-0.957821	-0.895290	0.814255	0.000000	0.000000	0.000000	0.000000	0.000000	0.000000	0.000000
-0.957821	-0.895470	0.815265	0.000000	0.000000	0.000000	0.000000	0.000000	0.000000	0.000000
-0.957821	-0.894976	0.814644	0.000000	0.000000	0.000000	0.000000	0.000000	0.000000	0.000000
-0.957821	-0.895279	0.814559	-0.000000	0.000000	0.000000	0.000000	0.000000	0.000000	0.000000
-0.957821	-0.895436	0.814230	0.000000	0.000000	0.000000	0.000000	0.000000	0.000000	0.000000
-0.957821	-0.895443	0.814469	0.000000	0.000000	0.000000	0.000000	0.000000	0.000000	0.000000
-0.957821	-0.895515	0.812956	0.000000	0.000000	0.000000	0.000000	0.000000	0.000000	0.000000
-0.957821	-0.894465	0.814565	0.000000	0.000000	0.000000	0.000000	0.000000	0.000000	0.000000
-0.957820	-0.894963	0.814516	-0.000000	0.000000	0.000000	0.000000	0.000000	0.000000	0.000000
-0.957821	-0.894920	0.814830	0.000000	0.000000	0.000000	0.000000	0.000000	0.000000	0.000000
-0.957821	-0.895030	0.813932	0.000000	0.000000	0.000000	0.000000	0.000000	0.000000	0.000000
-0.957820	-0.895399	0.814148	0.000000	0.000000	0.000000	0.000000	0.000000	0.000000	0.000000
-0.957821	-0.895205	0.814649	0.000000	0.000000	0.000000	0.000000	0.000000	0.000000	0.000000
-0.957821	-0.895089	0.814640	0.000000	0.000000	0.000000	0.000000	0.000000	0.000000	0.000000
-0.957821	-0.895011	0.814481	0.000000	0.000000	0.000000	0.000000	0.000000	0.000000	0.000000
-0.957821	-0.895353	0.814533	0.000000	0.000000	0.000000	0.000000	0.000000	0.000000	0.000000
