-0.916421	-0.856295	0.000000	-0.822188	0.000000	0.000000	0.000000	0.000000	0.000000	0.000000
-0.916421	-0.856295	0.000000	-0.822202	0.000000	0.000000	0.000000	0.000000	0.000000	0.000000
-0.916421	-0.856295	0.000000	-0.822202	0.000000	0.000000	0.000000	0.000000	0.000000	0.000000
-0.916421	-0.856295	-0.000000	-0.822202	0.000000	0.000000	0.000000	0.000000	0.000000	0.000000
-0.916421	-0.856295	0.000000	-0.822202	0.000000	0.000000	0.000000	0.000000	0.000000	0.000000
-0.916421	-0.856295	-0.000000	-0.822201	0.000000	0.000000	0.000000	0.000000	0.000000	0.000000
-0.916421	-0.856295	0.000000	-0.822202	0.000000	0.000000	0.000000	0.000000	0.000000	0.000000
-0.916421	-0.856295	-0.000000	-0.795019	0.000000	0.000000	0.000000	0.000000	0.000000	0.000000
-0.916421	-0.856295	0.000000	-0.822198	0.000000	0.000000	0.000000	0.000000	0.000000	0.000000
-0.916421	-0.856295	0.000000	-0.822202	0.000000	0.000000	0.000000	0.000000	0.000000	0.000000
-0.916421	-0.856295	0.000000	-0.822186	0.000000	0.000000	0.000000	0.000000	0.000000	0.000000
-0.916421	-0.856295	0.000000	-0.822202	0.000000	0.000000	0.000000	0.000000	0.000000	0.000000
-0.916421	-0.856295	0.000000	-0.822202	0.000000	0.000000	0.000000	0.000000	0.000000	0.000000
-0.916421	-0.856272	-0.000000	-0.822201	0.000000	0.000000	0.000000	0.000000	0.000000	0.000000
-0.916421	-0.856295	0.000000	-0.822196	0.000000	0.000000	0.000000	0.000000	0.000000	0.000000
-0.916421	-0.856294	-0.000000	-0.822202	0.000000	0.000000	0.000000	0.000000	0.000000	0.000000
-0.916421	-0.856295	-0.000000	-0.822199	0.000000	0.000000	0.000000	0.000000	0.000000	0.000000
-0.916421	-0.856295	-0.000000	-0.822202	0.000000	0.000000	0.000000	0.000000	0.000000	0.000000
-0.916421	-0.856295	0.000000	-0.822189	0.000000	0.000000	0.000000	0.000000	0.000000	0.000000
-0.916421	-0.856295	0.000000	-0.822202	0.000000	0.000000	0.000000	0.000000	0.000000	0.000000
-0.916421	-0.856295	-0.000000	-0.821633	0.000000	0.000000	0.000000	0.000000	0.000000	0.000000
-0.916421	-0.856295	-0.000000	-0.822202	0.000000	0.000000	0.000000	0.000000	0.000000	0.000000
-0.916421	-0.856295	-0.000000	-0.822202	0.000000	0.000000	0.000000	0.000000	0.000000	0.000000
-0.916421	-0.856295	0.000000	-0.822202	0.000000	0.000000	0.000000	0.000000	0.000000	0.000000
-0.916421	-0.856295	0.000000	-0.822202	0.000000	0.000000	0.000000	0.000000	0.000000	0.000000
-0.916421	-0.856295	0.000000	-0.822202	0.000000	0.000000	0.000000	0.000000	0.000000	0.000000
-0.916421	-0.856295	-0.000000	-0.822202	0.000000	0.000000	0.000000	0.000000	0.000000	0.000000
-0.916421	-0.856295	0.000000	-0.822202	0.000000	0.000000	0.000000	0.000000	0.000000	0.000000
-0.916421	-0.856295	-0.000000	-0.821922	0.000000	0.000000	0.000000	0.000000	0.000000	0.000000
-0.916421	-0.856295	-0.000000	-0.822202	0.000000	0.000000	0.000000	0.000000	0.000000	0.000000
-0.916420	-0.856295	0.000000	-0.822018	0.000000	0.000000	0.000000	0.000000	0.000000	0.000000
-0.916421	-0.856295	-0.000000	-0.821822	0.000000	0.000000	0.000000	0.000000	0.000000	0.000000
-0.916421	-0.856295	-0.000000	-0.822202	0.000000	0.000000	0.000000	0.000000	0.000000	0.000000
-0.916421	-0.856295	-0.000000	-0.822202	0.000000	0.000000	0.000000	0.000000	0.000000	0.000000
-0.916421	-0.856295	-0.000000	-0.822202	0.000000	0.000000	0.000000	0.000000	0.000000	0.000000
-0.916421	-0.856295	0.000000	-0.822196	0.000000	0.000000	0.000000	0.000000	0.000000	0.000000
-0.916421	-0.856295	-0.000000	-0.822201	0.000000	0.000000	0.000000	0.000000	0.000000	0.000000
-0.916421	-0.856295	-0.000000	-0.822202	0.000000	0.000000	0.000000	0.000000	0.000000	0.000000
-0.916421	-0.856295	0.000000	-0.822202	0.000000	0.000000	0.000000	0.000000	0.000000	0.000000
-0.916421	-0.856295	0.000000	-0.822202	0.000000	0.000000	0.000000	0.000000	0.000000	0.000000
-0.916421	-0.856295	-0.000000	-0.822202	0.000000	0.000000	0.000000	0.000000	0.000000	0.000000
-0.916421	-0.856295	0.000000	-0.822202	0.000000	0.000000	0.000000	0.000000	0.000000	0.000000
-0.916421	-0.856294	-0.000000	-0.822197	0.000000	0.000000	0.000000	0.000000	0.000000	0.000000
-0.916421	-0.856295	-0.000000	-0.822176	0.000000	0.000000	0.000000	0.000000	0.000000	0.000000
-0.916421	-0.856295	0.000000	-0.822202	0.000000	0.000000	0.000000	0.000000	0.000000	0.000000
-0.916421	-0.856295	-0.000000	-0.822202	0.000000	0.000000	0.000000	0.000000	0.000000	0.000000
-0.916421	-0.856295	0.000000	-0.822202	0.000000	0.000000	0.000000	0.000000	0.000000	0.000000
-0.916421	-0.856295	-0.000000	-0.822202	0.000000	0.000000	0.000000	0.000000	0.000000	0.000000
-0.916421	-0.856295	0.000000	-0.822202	0.000000	0.000000	0.000000	0.000000	0.000000	0.000000
-0.916421	-0.856294	-0.000000	-0.822202	0.000000	0.000000	0.000000	0.000000	0.000000	0.000000
-0.916421	-0.856295	0.000000	-0.822196	0.000000	0.000000	0.000000	0.000000	0.000000	0.000000
-0.916421	-0.856295	0.000000	-0.822202	0.000000	0.000000	0.000000	0.000000	0.000000	0.000000
-0.916421	-0.856295	-0.000000	-0.822202	0.000000	0.000000	0.000000	0.000000	0.000000	0.000000
-0.916421	-0.856295	-0.000000	-0.822202	0.000000	0.000000	0.000000	0.000000	0.000000	0.000000
-0.916421	-0.856295	0.000000	-0.822200	0.000000	0.000000	0.000000	0.000000	0.000000	0.000000
-0.916421	-0.856295	-0.000000	-0.821569	0.000000	0.000000	0.000000	0.000000	0.000000	0.000000
-0.916421	-0.856295	0.000000	-0.822202	0.000000	0.000000	0.000000	0.000000	0.000000	0.000000
-0.916421	-0.856295	0.000000	-0.822202	0.000000	0.000000	0.000000	0.000000	0.000000	0.000000
-0.916421	-0.856295	0.000000	-0.819027	0.000000	0.000000	0.000000	0.000000	0.000000	0.000000
-0.916421	-0.856295	-0.000000	-0.822196	0.000000	0.000000	0.000000	0.000000	0.000000	0.000000
-0.916421	-0.856295	0.000000	-0.822202	0.000000	0.000000	0.000000	0.000000	0.000000	0.000000
-0.916421	-0.856295	-0.000000	-0.822202	0.000000	0.000000	0.000000	0.000000	0.000000	0.000000
-0.916421	-0.856295	-0.000000	-0.822197	0.000000	0.000000	0.000000	0.000000	0.000000	0.000000
-0.916421	-0.856295	0.000000	-0.822202	0.000000	0.000000	0.000000	0.000000	0.000000	0.000000
-0.916421	-0.856295	-0.000000	-0.822202	0.000000	0.000000	0.000000	0.000000	0.000000	0.000000
-0.916421	-0.856295	0.000000	-0.822202	0.000000	0.000000	0.000000	0.000000	0.000000	0.000000
-0.916421	-0.856292	-0.000000	-0.822202	0.000000	0.000000	0.000000	0.000000	0.000000	0.000000
-0.916421	-0.856287	0.000000	-0.822202	0.000000	0.000000	0.000000	0.000000	0.000000	0.000000
-0.916421	-0.856295	-0.000000	-0.822201	0.000000	0.000000	0.000000	0.000000	0.000000	0.000000
-0.916421	-0.856295	0.000000	-0.814121	0.000000	0.000000	0.000000	0.000000	0.000000	0.000000
-0.916421	-0.856295	-0.000000	-0.822196	0.000000	0.000000	0.000000	0.000000	0.000000	0.000000
-0.916421	-0.856295	-0.000000	-0.822202	0.000000	0.000000	0.000000	0.000000	0.000000	0.000000
-0.916421	-0.856295	-0.000000	-0.822202	0.000000	0.000000	0.000000	0.000000	0.000000	0.000000
-0.916421	-0.856295	-0.000000	-0.822202	0.000000	0.000000	0.000000	0.000000	0.000000	0.000000
-0.916421	-0.856295	0.000000	-0.822202	0.000000	0.000000	0.000000	0.000000	0.000000	0.000000
-0.916421	-0.856295	-0.000000	-0.822202	0.000000	0.000000	0.000000	0.000000	0.000000	0.000000
-0.916420	-0.856295	0.000000	-0.822202	0.000000	0.000000	0.000000	0.000000	0.000000	0.000000
-0.916420	-0.856295	0.000000	-0.822202	0.000000	0.000000	0.000000	0.000000	0.000000	0.000000
-0.916420	-0.856295	-0.000000	-0.822202	0.000000	0.000000	0.000000	0.000000	0.000000	0.000000
-0.916421	-0.856295	0.000000	-0.822202	0.000000	0.000000	0.000000	0.000000	0.000000	0.000000
-0.916421	-0.856295	0.000000	-0.820194	0.000000	0.000000	0.000000	0.000000	0.000000	0.000000
-0.916420	-0.856295	0.000000	-0.822198	0.000000	0.000000	0.000000	0.000000	0.000000	0.000000
-0.916421	-0.856295	0.000000	-0.822202	0.000000	0.000000	0.000000	0.000000	0.000000	0.000000
-0.916421	-0.856295	-0.000000	-0.822114	0.000000	0.000000	0.000000	0.000000	0.000000	0.000000
-0.916421	-0.856295	0.000000	-0.822202	0.000000	0.000000	0.000000	0.000000	0.000000	0.000000
-0.916421	-0.856295	-0.000000	-0.822201	0.000000	0.000000	0.000000	0.000000	0.000000	0.000000
-0.916421	-0.856295	0.000000	-0.822202	0.000000	0.000000	0.000000	0.000000	0.000000	0.000000
-0.916421	-0.856295	-0.000000	-0.822073	0.000000	0.000000	0.000000	0.000000	0.000000	0.000000
-0.916421	-0.856295	0.000000	-0.822202	0.000000	0.000000	0.000000	0.000000	0.000000	0.000000
-0.916421	-0.856295	0.000000	-0.822202	0.000000	0.000000	0.000000	0.000000	0.000000	0.000000
-0.916421	-0.856295	-0.000000	-0.822202	0.000000	0.000000	0.000000	0.000000	0.000000	0.000000
-0.916421	-0.856295	0.000000	-0.822183	0.000000	0.000000	0.000000	0.000000	0.000000	0.000000
-0.916421	-0.856295	-0.000000	-0.822175	0.000000	0.000000	0.000000	0.000000	0.000000	0.000000
-0.916421	-0.856295	-0.000000	-0.822202	0.000000	0.000000	0.000000	0.000000	0.000000	0.000000
-0.916421	-0.856295	0.000000	-0.822202	0.000000	0.000000	0.000000	0.000000	0.000000	0.000000
-0.916421	-0.856295	0.000000	-0.822202	0.000000	0.000000	0.000000	0.000000	0.000000	0.000000
-0.916421	-0.856295	-0.000000	-0.822202	0.000000	0.000000	0.000000	0.000000	0.000000	0.000000
-0.916421	-0.856286	-0.000000	-0.822202	0.000000	0.000000	0.000000	0.000000	0.000000	0.000000
-0.916421	-0.856295	-0.000000	-0.822201	0.000000	0.000000	0.000000	0.000000	0.000000	0.000000
-0.916421	-0.856295	-0.000000	-0.822202	0.000000	0.000000	0.000000	0.000000	0.000000	0.000000
-0.916421	-0.856295	0.000000	-0.822202	0.000000	0.000000	0.000000	0.000000	0.000000	0.000000
-0.916421	-0.856295	0.000000	-0.822181	0.000000	0.000000	0.000000	0.000000	0.000000	0.000000
-0.916421	-0.856295	0.000000	-0.822201	0.000000	0.000000	0.000000	0.000000	0.000000	0.000000
-0.916421	-0.856295	0.000000	-0.822202	0.000000	0.000000	0.000000	0.000000	0.000000	0.000000
-0.916421	-0.856295	0.000000	-0.822202	0.000000	0.000000	0.000000	0.000000	0.000000	0.000000
-0.916421	-0.856295	-0.000000	-0.822201	0.000000	0.000000	0.000000	0.000000	0.000000	0.000000
-0.916421	-0.856295	-0.000000	-0.822202	0.000000	0.000000	0.000000	0.000000	0.000000	0.000000
-0.916421	-0.856295	0.000000	-0.822202	0.000000	0.000000	0.000000	0.000000	0.000000	0.000000
-0.916421	-0.856275	-0.000000	-0.822202	0.000000	0.000000	0.000000	0.000000	0.000000	0.000000
-0.916421	-0.856295	-0.000000	-0.822202	0.000000	0.000000	0.000000	0.000000	0.000000	0.000000
-0.916420	-0.856295	0.000000	-0.822202	0.000000	0.000000	0.000000	0.000000	0.000000	0.000000
-0.916421	-0.856295	-0.000000	-0.822202	0.000000	0.000000	0.000000	0.000000	0.000000	0.000000
-0.916421	-0.856295	0.000000	-0.822202	0.000000	0.000000	0.000000	0.000000	0.000000	0.000000
-0.916421	-0.856295	-0.000000	-0.822197	0.000000	0.000000	0.000000	0.000000	0.000000	0.000000
-0.916421	-0.856295	0.000000	-0.822202	0.000000	0.000000	0.000000	0.000000	0.000000	0.000000
-0.916421	-0.856295	0.000000	-0.822202	0.000000	0.000000	0.000000	0.000000	0.000000	0.000000
-0.916421	-0.856295	-0.000000	-0.822202	0.000000	0.000000	0.000000	0.000000	0.000000	0.000000
-0.916421	-0.856295	0.000000	-0.822200	0.000000	0.000000	0.000000	0.000000	0.000000	0.000000
-0.916421	-0.856295	0.000000	-0.822202	0.000000	0.000000	0.000000	0.000000	0.000000	0.000000
-0.916421	-0.856294	0.000000	-0.822202	0.000000	0.000000	0.000000	0.000000	0.000000	0.000000
-0.916421	-0.856295	-0.000000	-0.822186	0.000000	0.000000	0.000000	0.000000	0.000000	0.000000
-0.916421	-0.856295	-0.000000	-0.822202	0.000000	0.000000	0.000000	0.000000	0.000000	0.000000
-0.916421	-0.856295	0.000000	-0.822202	0.000000	0.000000	0.000000	0.000000	0.000000	0.000000
-0.916421	-0.856295	0.000000	-0.822202	0.000000	0.000000	0.000000	0.000000	0.000000	0.000000
-0.916421	-0.856295	0.000000	-0.822202	0.000000	0.000000	0.000000	0.000000	0.000000	0.000000
-0.916421	-0.856295	0.000000	-0.822192	0.000000	0.000000	0.000000	0.000000	0.000000	0.000000
-0.916421	-0.856295	-0.000000	-0.822081	0.000000	0.000000	0.000000	0.000000	0.000000	0.000000
-0.916421	-0.856295	-0.000000	-0.822202	0.000000	0.000000	0.000000	0.000000	0.000000	0.000000
-0.916421	-0.856295	0.000000	-0.822201	0.000000	0.000000	0.000000	0.000000	0.000000	0.000000
-0.916420	-0.856295	0.000000	-0.822064	0.000000	0.000000	0.000000	0.000000	0.000000	0.000000
-0.916420	-0.856295	-0.000000	-0.816869	0.000000	0.000000	0.000000	0.000000	0.000000	0.000000
-0.916421	-0.856295	0.000000	-0.822202	0.000000	0.000000	0.000000	0.000000	0.000000	0.000000
-0.916421	-0.856295	0.000000	-0.822202	0.000000	0.000000	0.000000	0.000000	0.000000	0.000000
-0.916421	-0.856295	0.000000	-0.822202	0.000000	0.000000	0.000000	0.000000	0.000000	0.000000
-0.916421	-0.856295	-0.000000	-0.822201	0.000000	0.000000	0.000000	0.000000	0.000000	0.000000
-0.916421	-0.856295	0.000000	-0.822201	0.000000	0.000000	0.000000	0.000000	0.000000	0.000000
-0.916421	-0.856295	-0.000000	-0.822202	0.000000	0.000000	0.000000	0.000000	0.000000	0.000000
-0.916421	-0.856295	-0.000000	-0.822100	0.000000	0.000000	0.000000	0.000000	0.000000	0.000000
-0.916421	-0.856295	-0.000000	-0.822202	0.000000	0.000000	0.000000	0.000000	0.000000	0.000000
-0.916420	-0.856295	0.000000	-0.822202	0.000000	0.000000	0.000000	0.000000	0.000000	0.000000
-0.916421	-0.856295	0.000000	-0.822201	0.000000	0.000000	0.000000	0.000000	0.000000	0.000000
-0.916421	-0.856295	0.000000	-0.822202	0.000000	0.000000	0.000000	0.000000	0.000000	0.000000
-0.916421	-0.856295	0.000000	-0.822202	0.000000	0.000000	0.000000	0.000000	0.000000	0.000000
-0.916421	-0.856295	-0.000000	-0.822202	0.000000	0.000000	0.000000	0.000000	0.000000	0.000000
-0.916421	-0.856295	-0.000000	-0.819344	0.000000	0.000000	0.000000	0.000000	0.000000	0.000000
-0.916421	-0.856295	0.000000	-0.822202	0.000000	0.000000	0.000000	0.000000	0.000000	0.000000
-0.916421	-0.856295	0.000000	-0.822202	0.000000	0.000000	0.000000	0.000000	0.000000	0.000000
-0.916421	-0.856295	-0.000000	-0.822201	0.000000	0.000000	0.000000	0.000000	0.000000	0.000000
-0.916421	-0.856294	0.000000	-0.822202	0.000000	0.000000	0.000000	0.000000	0.000000	0.000000
-0.916421	-0.856295	0.000000	-0.822202	0.000000	0.000000	0.000000	0.000000	0.000000	0.000000
-0.916421	-0.856295	0.000000	-0.822202	0.000000	0.000000	0.000000	0.000000	0.000000	0.000000
-0.916421	-0.856295	-0.000000	-0.822202	0.000000	0.000000	0.000000	0.000000	0.000000	0.000000
-0.916421	-0.856295	0.000000	-0.822201	0.000000	0.000000	0.000000	0.000000	0.000000	0.000000
-0.916421	-0.856295	0.000000	-0.822185	0.000000	0.000000	0.000000	0.000000	0.000000	0.000000
-0.916421	-0.856295	0.000000	-0.822197	0.000000	0.000000	0.000000	0.000000	0.000000	0.000000
-0.916420	-0.856295	0.000000	-0.822202	0.000000	0.000000	0.000000	0.000000	0.000000	0.000000
-0.916421	-0.856295	-0.000000	-0.822201	0.000000	0.000000	0.000000	0.000000	0.000000	0.000000
-0.916421	-0.856295	-0.000000	-0.822193	0.000000	0.000000	0.000000	0.000000	0.000000	0.000000
-0.916421	-0.856295	-0.000000	-0.822155	0.000000	0.000000	0.000000	0.000000	0.000000	0.000000
-0.916421	-0.856295	-0.000000	-0.822172	0.000000	0.000000	0.000000	0.000000	0.000000	0.000000
-0.916421	-0.856295	-0.000000	-0.822202	0.000000	0.000000	0.000000	0.000000	0.000000	0.000000
-0.916421	-0.856295	-0.000000	-0.822202	0.000000	0.000000	0.000000	0.000000	0.000000	0.000000
-0.916421	-0.856295	-0.000000	-0.822202	0.000000	0.000000	0.000000	0.000000	0.000000	0.000000
-0.916421	-0.856295	0.000000	-0.822202	0.000000	0.000000	0.000000	0.000000	0.000000	0.000000
-0.916421	-0.856295	0.000000	-0.822202	0.000000	0.000000	0.000000	0.000000	0.000000	0.000000
-0.916421	-0.856295	-0.000000	-0.822200	0.000000	0.000000	0.000000	0.000000	0.000000	0.000000
-0.916421	-0.856295	0.000000	-0.822202	0.000000	0.000000	0.000000	0.000000	0.000000	0.000000
-0.916421	-0.856295	-0.000000	-0.822202	0.000000	0.000000	0.000000	0.000000	0.000000	0.000000
-0.916421	-0.856295	0.000000	-0.822202	0.000000	0.000000	0.000000	0.000000	0.000000	0.000000
-0.916421	-0.856295	0.000000	-0.822201	0.000000	0.000000	0.000000	0.000000	0.000000	0.000000
-0.916421	-0.856295	0.000000	-0.822202	0.000000	0.000000	0.000000	0.000000	0.000000	0.000000
-0.916421	-0.856295	0.000000	-0.822202	0.000000	0.000000	0.000000	0.000000	0.000000	0.000000
-0.916421	-0.856295	0.000000	-0.822202	0.000000	0.000000	0.000000	0.000000	0.000000	0.000000
-0.916421	-0.856295	-0.000000	-0.822202	0.000000	0.000000	0.000000	0.000000	0.000000	0.000000
-0.916421	-0.856295	-0.000000	-0.822202	0.000000	0.000000	0.000000	0.000000	0.000000	0.000000
-0.916421	-0.856295	0.000000	-0.822202	0.000000	0.000000	0.000000	0.000000	0.000000	0.000000
-0.916421	-0.856295	-0.000000	-0.822179	0.000000	0.000000	0.000000	0.000000	0.000000	0.000000
-0.916421	-0.856295	-0.000000	-0.822202	0.000000	0.000000	0.000000	0.000000	0.000000	0.000000
-0.916421	-0.856295	0.000000	-0.822201	0.000000	0.000000	0.000000	0.000000	0.000000	0.000000
-0.916421	-0.856295	0.000000	-0.822202	0.000000	0.000000	0.000000	0.000000	0.000000	0.000000
-0.916421	-0.856295	-0.000000	-0.822202	0.000000	0.000000	0.000000	0.000000	0.000000	0.000000
-0.916421	-0.856295	-0.000000	-0.822202	0.000000	0.000000	0.000000	0.000000	0.000000	0.000000
-0.916421	-0.856295	-0.000000	-0.822202	0.000000	0.000000	0.000000	0.000000	0.000000	0.000000
-0.916421	-0.856295	0.000000	-0.822202	0.000000	0.000000	0.000000	0.000000	0.000000	0.000000
-0.916421	-0.856295	-0.000000	-0.822202	0.000000	0.000000	0.000000	0.000000	0.000000	0.000000
-0.916421	-0.856295	0.000000	-0.822202	0.000000	0.000000	0.000000	0.000000	0.000000	0.000000
-0.916421	-0.856295	0.000000	-0.822202	0.000000	0.000000	0.000000	0.000000	0.000000	0.000000
-0.916421	-0.856295	-0.000000	-0.822200	0.000000	0.000000	0.000000	0.000000	0.000000	0.000000
-0.916421	-0.856295	0.000000	-0.822202	0.000000	0.000000	0.000000	0.000000	0.000000	0.000000
-0.916421	-0.856295	-0.000000	-0.822202	0.000000	0.000000	0.000000	0.000000	0.000000	0.000000
-0.916421	-0.856295	0.000000	-0.822187	0.000000	0.000000	0.000000	0.000000	0.000000	0.000000
-0.916421	-0.856295	0.000000	-0.822202	0.000000	0.000000	0.000000	0.000000	0.000000	0.000000
-0.916421	-0.856295	-0.000000	-0.822202	0.000000	0.000000	0.000000	0.000000	0.000000	0.000000
-0.916420	-0.856295	-0.000000	-0.822202	0.000000	0.000000	0.000000	0.000000	0.000000	0.000000
-0.916421	-0.856295	-0.000000	-0.822202	0.000000	0.000000	0.000000	0.000000	0.000000	0.000000
-0.916421	-0.856295	0.000000	-0.822119	0.000000	0.000000	0.000000	0.000000	0.000000	0.000000
-0.916421	-0.856291	-0.000000	-0.822202	0.000000	0.000000	0.000000	0.000000	0.000000	0.000000
-0.916421	-0.856295	-0.000000	-0.822202	0.000000	0.000000	0.000000	0.000000	0.000000	0.000000
-0.916421	-0.856295	-0.000000	-0.822163	0.000000	0.000000	0.000000	0.000000	0.000000	0.000000
-0.916421	-0.856295	-0.000000	-0.822202	0.000000	0.000000	0.000000	0.000000	0.000000	0.000000
-0.916421	-0.856295	-0.000000	-0.822202	0.000000	0.000000	0.000000	0.000000	0.000000	0.000000
-0.916421	-0.856295	-0.000000	-0.822202	0.000000	0.000000	0.000000	0.000000	0.000000	0.000000
-0.916421	-0.856295	0.000000	-0.822202	0.000000	0.000000	0.000000	0.000000	0.000000	0.000000
-0.916421	-0.856295	-0.000000	-0.822202	0.000000	0.000000	0.000000	0.000000	0.000000	0.000000
-0.916421	-0.856295	0.000000	-0.822201	0.000000	0.000000	0.000000	0.000000	0.000000	0.000000
-0.916421	-0.856295	0.000000	-0.822202	0.000000	0.000000	0.000000	0.000000	0.000000	0.000000
-0.916421	-0.856295	0.000000	-0.822202	0.000000	0.000000	0.000000	0.000000	0.000000	0.000000
-0.916421	-0.856295	0.000000	-0.822202	0.000000	0.000000	0.000000	0.000000	0.000000	0.000000
-0.916421	-0.856295	-0.000000	-0.822202	0.000000	0.000000	0.000000	0.000000	0.000000	0.000000
-0.916421	-0.856295	-0.000000	-0.822202	0.000000	0.000000	0.000000	0.000000	0.000000	0.000000
-0.916421	-0.856295	0.000000	-0.822202	0.000000	0.000000	0.000000	0.000000	0.000000	0.000000
-0.916421	-0.856295	0.000000	-0.822202	0.000000	0.000000	0.000000	0.000000	0.000000	0.000000
-0.916421	-0.856295	0.000000	-0.822202	0.000000	0.000000	0.000000	0.000000	0.000000	0.000000
-0.916421	-0.856295	-0.000000	-0.822202	0.000000	0.000000	0.000000	0.000000	0.000000	0.000000
-0.916421	-0.856295	-0.000000	-0.822201	0.000000	0.000000	0.000000	0.000000	0.000000	0.000000
-0.916421	-0.856295	0.000000	-0.822202	0.000000	0.000000	0.000000	0.000000	0.000000	0.000000
-0.916421	-0.856295	-0.000000	-0.822202	0.000000	0.000000	0.000000	0.000000	0.000000	0.000000
-0.916421	-0.856295	-0.000000	-0.822202	0.000000	0.000000	0.000000	0.000000	0.000000	0.000000
-0.916421	-0.856295	0.000000	-0.822202	0.000000	0.000000	0.000000	0.000000	0.000000	0.000000
-0.916421	-0.856295	0.000000	-0.822202	0.000000	0.000000	0.000000	0.000000	0.000000	0.000000
-0.916421	-0.856295	-0.000000	-0.822202	0.000000	0.000000	0.000000	0.000000	0.000000	0.000000
-0.916421	-0.856295	0.000000	-0.822202	0.000000	0.000000	0.000000	0.000000	0.000000	0.000000
-0.916421	-0.856295	0.000000	-0.822202	0.000000	0.000000	0.000000	0.000000	0.000000	0.000000
-0.916421	-0.856295	-0.000000	-0.822177	0.000000	0.000000	0.000000	0.000000	0.000000	0.000000
-0.916421	-0.856295	0.000000	-0.822202	0.000000	0.000000	0.000000	0.000000	0.000000	0.000000
-0.916421	-0.856295	0.000000	-0.822202	0.000000	0.000000	0.000000	0.000000	0.000000	0.000000
-0.916421	-0.856295	-0.000000	-0.822202	0.000000	0.000000	0.000000	0.000000	0.000000	0.000000
-0.916421	-0.856295	-0.000000	-0.822202	0.000000	0.000000	0.000000	0.000000	0.000000	0.000000
-0.916421	-0.856295	0.000000	-0.822202	0.000000	0.000000	0.000000	0.000000	0.000000	0.000000
-0.916421	-0.856295	0.000000	-0.822202	0.000000	0.000000	0.000000	0.000000	0.000000	0.000000
-0.916421	-0.856295	-0.000000	-0.822202	0.000000	0.000000	0.000000	0.000000	0.000000	0.000000
-0.916421	-0.856295	0.000000	-0.822202	0.000000	0.000000	0.000000	0.000000	0.000000	0.000000
-0.916421	-0.856295	0.000000	-0.822199	0.000000	0.000000	0.000000	0.000000	0.000000	0.000000
-0.916421	-0.856295	0.000000	-0.822202	0.000000	0.000000	0.000000	0.000000	0.000000	0.000000
-0.916421	-0.856295	-0.000000	-0.822202	0.000000	0.000000	0.000000	0.000000	0.000000	0.000000
-0.916421	-0.856295	-0.000000	-0.822090	0.000000	0.000000	0.000000	0.000000	0.000000	0.000000
-0.916421	-0.856295	0.000000	-0.822202	0.000000	0.000000	0.000000	0.000000	0.000000	0.000000
-0.916421	-0.856295	-0.000000	-0.822202	0.000000	0.000000	0.000000	0.000000	0.000000	0.000000
-0.916420	-0.856295	0.000000	-0.822201	0.000000	0.000000	0.000000	0.000000	0.000000	0.000000
-0.916421	-0.856295	-0.000000	-0.822202	0.000000	0.000000	0.000000	0.000000	0.000000	0.000000
-0.916421	-0.856295	-0.000000	-0.822190	0.000000	0.000000	0.000000	0.000000	0.000000	0.000000
-0.916421	-0.856295	0.000000	-0.822202	0.000000	0.000000	0.000000	0.000000	0.000000	0.000000
-0.916421	-0.856295	0.000000	-0.822202	0.000000	0.000000	0.000000	0.000000	0.000000	0.000000
-0.916421	-0.856295	0.000000	-0.822183	0.000000	0.000000	0.000000	0.000000	0.000000	0.000000
-0.916421	-0.856295	-0.000000	-0.822202	0.000000	0.000000	0.000000	0.000000	0.000000	0.000000
-0.916421	-0.856295	0.000000	-0.822202	0.000000	0.000000	0.000000	0.000000	0.000000	0.000000
-0.916421	-0.856295	0.000000	-0.822202	0.000000	0.000000	0.000000	0.000000	0.000000	0.000000
-0.916421	-0.856295	0.000000	-0.822202	0.000000	0.000000	0.000000	0.000000	0.000000	0.000000
-0.916421	-0.856295	-0.000000	-0.822202	0.000000	0.000000	0.000000	0.000000	0.000000	0.000000
-0.916420	-0.856295	-0.000000	-0.821935	0.000000	0.000000	0.000000	0.000000	0.000000	0.000000
-0.916420	-0.856291	0.000000	0.000072	0.000000	0.000000	0.000000	0.000000	0.000000	0.000000
-0.916421	-0.856295	-0.000000	0.820350	0.000000	0.000000	0.000000	0.000000	0.000000	0.000000
-0.916421	-0.856295	0.000000	0.820351	0.000000	0.000000	0.000000	0.000000	0.000000	0.000000
-0.916421	-0.856295	0.000000	0.820350	0.000000	0.000000	0.000000	0.000000	0.000000	0.000000
-0.916421	-0.856295	-0.000000	0.820351	0.000000	0.000000	0.000000	0.000000	0.000000	0.000000
-0.916421	-0.856295	-0.000000	0.820351	0.000000	0.000000	0.000000	0.000000	0.000000	0.000000
-0.916421	-0.856295	0.000000	0.820351	0.000000	0.000000	0.000000	0.000000	0.000000	0.000000
-0.916421	-0.856295	-0.000000	0.820351	0.000000	0.000000	0.000000	0.000000	0.000000	0.000000
-0.916421	-0.856295	-0.000000	0.820351	0.000000	0.000000	0.000000	0.000000	0.000000	0.000000
-0.916421	-0.856295	0.000000	0.820351	0.000000	0.000000	0.000000	0.000000	0.000000	0.000000
-0.916421	-0.856295	0.000000	0.820350	0.000000	0.000000	0.000000	0.000000	0.000000	0.000000
-0.916421	-0.856295	0.000000	0.820351	0.000000	0.000000	0.000000	0.000000	0.000000	0.000000
-0.916421	-0.856295	0.000000	0.820349	0.000000	0.000000	0.000000	0.000000	0.000000	0.000000
-0.916421	-0.856295	0.000000	0.820351	0.000000	0.000000	0.000000	0.000000	0.000000	0.000000
-0.916421	-0.856295	0.000000	0.820350	0.000000	0.000000	0.000000	0.000000	0.000000	0.000000
-0.916421	-0.856295	-0.000000	0.820351	0.000000	0.000000	0.000000	0.000000	0.000000	0.000000
-0.916421	-0.856295	-0.000000	0.820351	0.000000	0.000000	0.000000	0.000000	0.000000	0.000000
-0.916421	-0.856295	0.000000	0.820293	0.000000	0.000000	0.000000	0.000000	0.000000	0.000000
-0.916421	-0.856295	0.000000	0.820349	0.000000	0.000000	0.000000	0.000000	0.000000	0.000000
-0.916421	-0.856295	-0.000000	0.820351	0.000000	0.000000	0.000000	0.000000	0.000000	0.000000
-0.916421	-0.856295	0.000000	0.820351	0.000000	0.000000	0.000000	0.000000	0.000000	0.000000
-0.916420	-0.856295	0.000000	0.820351	0.000000	0.000000	0.000000	0.000000	0.000000	0.000000
-0.916421	-0.856295	0.000000	0.819799	0.000000	0.000000	0.000000	0.000000	0.000000	0.000000
-0.916421	-0.856295	0.000000	0.820070	0.000000	0.000000	0.000000	0.000000	0.000000	0.000000
-0.916421	-0.856295	0.000000	0.820331	0.000000	0.000000	0.000000	0.000000	0.000000	0.000000
-0.916421	-0.856295	-0.000000	0.820351	0.000000	0.000000	0.000000	0.000000	0.000000	0.000000
-0.916421	-0.856295	0.000000	0.820003	0.000000	0.000000	0.000000	0.000000	0.000000	0.000000
-0.916421	-0.856295	0.000000	0.820351	0.000000	0.000000	0.000000	0.000000	0.000000	0.000000
-0.916421	-0.856295	0.000000	0.820350	0.000000	0.000000	0.000000	0.000000	0.000000	0.000000
-0.916421	-0.856295	0.000000	0.820351	0.000000	0.000000	0.000000	0.000000	0.000000	0.000000
-0.916421	-0.856294	-0.000000	0.820351	0.000000	0.000000	0.000000	0.000000	0.000000	0.000000
-0.916421	-0.856295	0.000000	0.820324	0.000000	0.000000	0.000000	0.000000	0.000000	0.000000
-0.916421	-0.856295	0.000000	0.820350	0.000000	0.000000	0.000000	0.000000	0.000000	0.000000
-0.916421	-0.856295	-0.000000	0.820350	0.000000	0.000000	0.000000	0.000000	0.000000	0.000000
-0.916421	-0.856295	-0.000000	0.820351	0.000000	0.000000	0.000000	0.000000	0.000000	0.000000
-0.916421	-0.856295	-0.000000	0.820322	0.000000	0.000000	0.000000	0.000000	0.000000	0.000000
-0.916421	-0.856295	-0.000000	0.820351	0.000000	0.000000	0.000000	0.000000	0.000000	0.000000
-0.916421	-0.856295	-0.000000	0.820351	0.000000	0.000000	0.000000	0.000000	0.000000	0.000000
-0.916421	-0.856295	-0.000000	0.820351	0.000000	0.000000	0.000000	0.000000	0.000000	0.000000
-0.916421	-0.856295	0.000000	0.817722	0.000000	0.000000	0.000000	0.000000	0.000000	0.000000
-0.916421	-0.856295	0.000000	0.820351	0.000000	0.000000	0.000000	0.000000	0.000000	0.000000
-0.916420	-0.856295	0.000000	0.820351	0.000000	0.000000	0.000000	0.000000	0.000000	0.000000
-0.916421	-0.856295	-0.000000	0.820351	0.000000	0.000000	0.000000	0.000000	0.000000	0.000000
-0.916421	-0.856295	0.000000	0.820351	0.000000	0.000000	0.000000	0.000000	0.000000	0.000000
-0.916421	-0.856295	-0.000000	0.820351	0.000000	0.000000	0.000000	0.000000	0.000000	0.000000
-0.916421	-0.856295	-0.000000	0.820351	0.000000	0.000000	0.000000	0.000000	0.000000	0.000000
-0.916421	-0.856295	0.000000	0.820351	0.000000	0.000000	0.000000	0.000000	0.000000	0.000000
-0.916421	-0.856295	0.000000	0.820351	0.000000	0.000000	0.000000	0.000000	0.000000	0.000000
-0.916421	-0.856295	0.000000	0.820351	0.000000	0.000000	0.000000	0.000000	0.000000	0.000000
-0.916421	-0.856295	-0.000000	0.820351	0.000000	0.000000	0.000000	0.000000	0.000000	0.000000
-0.916421	-0.856295	-0.000000	0.820351	0.000000	0.000000	0.000000	0.000000	0.000000	0.000000
-0.916421	-0.856295	-0.000000	0.820351	0.000000	0.000000	0.000000	0.000000	0.000000	0.000000
-0.916421	-0.856295	0.000000	0.820351	0.000000	0.000000	0.000000	0.000000	0.000000	0.000000
-0.916421	-0.856295	-0.000000	0.820351	0.000000	0.000000	0.000000	0.000000	0.000000	0.000000
-0.916421	-0.856295	-0.000000	0.820351	0.000000	0.000000	0.000000	0.000000	0.000000	0.000000
-0.916421	-0.856295	0.000000	0.820349	0.000000	0.000000	0.000000	0.000000	0.000000	0.000000
-0.916421	-0.856295	0.000000	0.820339	0.000000	0.000000	0.000000	0.000000	0.000000	0.000000
-0.916421	-0.856295	-0.000000	0.820351	0.000000	0.000000	0.000000	0.000000	0.000000	0.000000
-0.916421	-0.856295	-0.000000	0.820351	0.000000	0.000000	0.000000	0.000000	0.000000	0.000000
-0.916421	-0.856295	-0.000000	0.820351	0.000000	0.000000	0.000000	0.000000	0.000000	0.000000
-0.916421	-0.856295	-0.000000	0.820351	0.000000	0.000000	0.000000	0.000000	0.000000	0.000000
-0.916421	-0.856295	-0.000000	0.820351	0.000000	0.000000	0.000000	0.000000	0.000000	0.000000
-0.916421	-0.856295	-0.000000	0.820351	0.000000	0.000000	0.000000	0.000000	0.000000	0.000000
-0.916421	-0.856295	-0.000000	0.820351	0.000000	0.000000	0.000000	0.000000	0.000000	0.000000
-0.916421	-0.856294	-0.000000	0.820351	0.000000	0.000000	0.000000	0.000000	0.000000	0.000000
-0.916421	-0.856295	-0.000000	0.820351	0.000000	0.000000	0.000000	0.000000	0.000000	0.000000
-0.916421	-0.856295	0.000000	0.820339	0.000000	0.000000	0.000000	0.000000	0.000000	0.000000
-0.916421	-0.856295	0.000000	0.820351	0.000000	0.000000	0.000000	0.000000	0.000000	0.000000
-0.916421	-0.856295	0.000000	0.820351	0.000000	0.000000	0.000000	0.000000	0.000000	0.000000
-0.916421	-0.856295	-0.000000	0.820351	0.000000	0.000000	0.000000	0.000000	0.000000	0.000000
-0.916421	-0.856295	-0.000000	0.820351	0.000000	0.000000	0.000000	0.000000	0.000000	0.000000
-0.916421	-0.856295	0.000000	0.820351	0.000000	0.000000	0.000000	0.000000	0.000000	0.000000
-0.916421	-0.856295	-0.000000	0.820350	0.000000	0.000000	0.000000	0.000000	0.000000	0.000000
-0.916421	-0.856295	0.000000	0.820351	0.000000	0.000000	0.000000	0.000000	0.000000	0.000000
-0.916421	-0.856295	0.000000	0.820351	0.000000	0.000000	0.000000	0.000000	0.000000	0.000000
-0.916421	-0.856295	0.000000	0.820351	0.000000	0.000000	0.000000	0.000000	0.000000	0.000000
-0.916421	-0.856295	0.000000	0.820351	0.000000	0.000000	0.000000	0.000000	0.000000	0.000000
-0.916421	-0.856295	0.000000	0.820351	0.000000	0.000000	0.000000	0.000000	0.000000	0.000000
-0.916421	-0.856295	0.000000	0.820164	0.000000	0.000000	0.000000	0.000000	0.000000	0.000000
-0.916421	-0.856295	0.000000	0.820351	0.000000	0.000000	0.000000	0.000000	0.000000	0.000000
-0.916421	-0.856295	-0.000000	0.820351	0.000000	0.000000	0.000000	0.000000	0.000000	0.000000
-0.916421	-0.856295	0.000000	0.820350	0.000000	0.000000	0.000000	0.000000	0.000000	0.000000
-0.916420	-0.856295	0.000000	0.820351	0.000000	0.000000	0.000000	0.000000	0.000000	0.000000
-0.916421	-0.856295	-0.000000	0.820351	0.000000	0.000000	0.000000	0.000000	0.000000	0.000000
-0.916421	-0.856295	-0.000000	0.820350	0.000000	0.000000	0.000000	0.000000	0.000000	0.000000
-0.916421	-0.856295	-0.000000	0.817052	0.000000	0.000000	0.000000	0.000000	0.000000	0.000000
-0.916421	-0.856295	-0.000000	0.820225	0.000000	0.000000	0.000000	0.000000	0.000000	0.000000
-0.916421	-0.856295	0.000000	0.820351	0.000000	0.000000	0.000000	0.000000	0.000000	0.000000
-0.916421	-0.856295	0.000000	0.820349	0.000000	0.000000	0.000000	0.000000	0.000000	0.000000
-0.916421	-0.856295	-0.000000	0.820339	0.000000	0.000000	0.000000	0.000000	0.000000	0.000000
-0.916420	-0.856295	0.000000	0.820351	0.000000	0.000000	0.000000	0.000000	0.000000	0.000000
-0.916421	-0.856295	-0.000000	0.820351	0.000000	0.000000	0.000000	0.000000	0.000000	0.000000
-0.916421	-0.856294	-0.000000	0.820023	0.000000	0.000000	0.000000	0.000000	0.000000	0.000000
-0.916421	-0.856295	0.000000	0.820351	0.000000	0.000000	0.000000	0.000000	0.000000	0.000000
-0.916421	-0.856295	-0.000000	0.820351	0.000000	0.000000	0.000000	0.000000	0.000000	0.000000
-0.916421	-0.856295	0.000000	0.820351	0.000000	0.000000	0.000000	0.000000	0.000000	0.000000
-0.916421	-0.856295	-0.000000	0.820351	0.000000	0.000000	0.000000	0.000000	0.000000	0.000000
-0.916421	-0.856295	-0.000000	0.820349	0.000000	0.000000	0.000000	0.000000	0.000000	0.000000
-0.916421	-0.856295	-0.000000	0.820351	0.000000	0.000000	0.000000	0.000000	0.000000	0.000000
-0.916421	-0.856295	-0.000000	0.819794	0.000000	0.000000	0.000000	0.000000	0.000000	0.000000
-0.916421	-0.856295	-0.000000	0.820351	0.000000	0.000000	0.000000	0.000000	0.000000	0.000000
-0.916421	-0.856295	0.000000	0.820344	0.000000	0.000000	0.000000	0.000000	0.000000	0.000000
-0.916421	-0.856295	-0.000000	0.820341	0.000000	0.000000	0.000000	0.000000	0.000000	0.000000
-0.916421	-0.856295	0.000000	0.820351	0.000000	0.000000	0.000000	0.000000	0.000000	0.000000
-0.916421	-0.856295	0.000000	0.820351	0.000000	0.000000	0.000000	0.000000	0.000000	0.000000
-0.916421	-0.856295	0.000000	0.820351	0.000000	0.000000	0.000000	0.000000	0.000000	0.000000
-0.916421	-0.856295	0.000000	0.820262	0.000000	0.000000	0.000000	0.000000	0.000000	0.000000
-0.916421	-0.856295	0.000000	0.820351	0.000000	0.000000	0.000000	0.000000	0.000000	0.000000
-0.916421	-0.856295	0.000000	0.820351	0.000000	0.000000	0.000000	0.000000	0.000000	0.000000
-0.916421	-0.856295	-0.000000	0.820308	0.000000	0.000000	0.000000	0.000000	0.000000	0.000000
-0.916421	-0.856295	0.000000	0.820350	0.000000	0.000000	0.000000	0.000000	0.000000	0.000000
-0.916421	-0.856295	0.000000	0.819971	0.000000	0.000000	0.000000	0.000000	0.000000	0.000000
-0.916421	-0.856295	-0.000000	0.820351	0.000000	0.000000	0.000000	0.000000	0.000000	0.000000
-0.916421	-0.856295	-0.000000	0.820351	0.000000	0.000000	0.000000	0.000000	0.000000	0.000000
-0.916421	-0.856295	-0.000000	0.820351	0.000000	0.000000	0.000000	0.000000	0.000000	0.000000
-0.916421	-0.856295	-0.000000	0.820269	0.000000	0.000000	0.000000	0.000000	0.000000	0.000000
-0.916421	-0.856295	-0.000000	0.820338	0.000000	0.000000	0.000000	0.000000	0.000000	0.000000
-0.916421	-0.856295	0.000000	0.820351	0.000000	0.000000	0.000000	0.000000	0.000000	0.000000
-0.916421	-0.856295	0.000000	0.820349	0.000000	0.000000	0.000000	0.000000	0.000000	0.000000
-0.916421	-0.856295	-0.000000	0.820351	0.000000	0.000000	0.000000	0.000000	0.000000	0.000000
-0.916421	-0.856295	0.000000	0.820350	0.000000	0.000000	0.000000	0.000000	0.000000	0.000000
-0.916421	-0.856295	-0.000000	0.820351	0.000000	0.000000	0.000000	0.000000	0.000000	0.000000
-0.916421	-0.856295	-0.000000	0.820351	0.000000	0.000000	0.000000	0.000000	0.000000	0.000000
-0.916421	-0.856295	-0.000000	0.820351	0.000000	0.000000	0.000000	0.000000	0.000000	0.000000
-0.916421	-0.856295	-0.000000	0.820351	0.000000	0.000000	0.000000	0.000000	0.000000	0.000000
-0.916421	-0.856295	-0.000000	0.820351	0.000000	0.000000	0.000000	0.000000	0.000000	0.000000
-0.916421	-0.856295	0.000000	0.820351	0.000000	0.000000	0.000000	0.000000	0.000000	0.000000
-0.916421	-0.856295	-0.000000	0.820351	0.000000	0.000000	0.000000	0.000000	0.000000	0.000000
-0.916421	-0.856295	0.000000	0.820351	0.000000	0.000000	0.000000	0.000000	0.000000	0.000000
-0.916421	-0.856295	0.000000	0.820351	0.000000	0.000000	0.000000	0.000000	0.000000	0.000000
-0.916421	-0.856295	0.000000	0.820351	0.000000	0.000000	0.000000	0.000000	0.000000	0.000000
-0.916421	-0.856295	0.000000	0.820328	0.000000	0.000000	0.000000	0.000000	0.000000	0.000000
-0.916421	-0.856295	-0.000000	0.820351	0.000000	0.000000	0.000000	0.000000	0.000000	0.000000
-0.916421	-0.856295	-0.000000	0.820351	0.000000	0.000000	0.000000	0.000000	0.000000	0.000000
-0.916421	-0.856295	0.000000	0.820351	0.000000	0.000000	0.000000	0.000000	0.000000	0.000000
-0.916421	-0.856295	0.000000	0.820348	0.000000	0.000000	0.000000	0.000000	0.000000	0.000000
-0.916421	-0.856295	0.000000	0.820351	0.000000	0.000000	0.000000	0.000000	0.000000	0.000000
-0.916421	-0.856295	-0.000000	0.820351	0.000000	0.000000	0.000000	0.000000	0.000000	0.000000
-0.916421	-0.856295	0.000000	0.820351	0.000000	0.000000	0.000000	0.000000	0.000000	0.000000
-0.916421	-0.856295	0.000000	0.820351	0.000000	0.000000	0.000000	0.000000	0.000000	0.000000
-0.916421	-0.856295	-0.000000	0.820349	0.000000	0.000000	0.000000	0.000000	0.000000	0.000000
-0.916421	-0.856295	0.000000	0.820351	0.000000	0.000000	0.000000	0.000000	0.000000	0.000000
-0.916421	-0.856295	0.000000	0.820351	0.000000	0.000000	0.000000	0.000000	0.000000	0.000000
-0.916421	-0.856295	0.000000	0.820351	0.000000	0.000000	0.000000	0.000000	0.000000	0.000000
-0.916421	-0.856295	0.000000	0.820351	0.000000	0.000000	0.000000	0.000000	0.000000	0.000000
-0.916421	-0.856295	0.000000	0.820351	0.000000	0.000000	0.000000	0.000000	0.000000	0.000000
-0.916421	-0.856295	0.000000	0.820351	0.000000	0.000000	0.000000	0.000000	0.000000	0.000000
-0.916421	-0.856295	0.000000	0.820351	0.000000	0.000000	0.000000	0.000000	0.000000	0.000000
-0.916421	-0.856295	-0.000000	0.820351	0.000000	0.000000	0.000000	0.000000	0.000000	0.000000
-0.916421	-0.856295	0.000000	0.820351	0.000000	0.000000	0.000000	0.000000	0.000000	0.000000
-0.916421	-0.856236	0.000000	0.820351	0.000000	0.000000	0.000000	0.000000	0.000000	0.000000
-0.916421	-0.856295	-0.000000	0.820172	0.000000	0.000000	0.000000	0.000000	0.000000	0.000000
-0.916421	-0.856295	0.000000	0.820351	0.000000	0.000000	0.000000	0.000000	0.000000	0.000000
-0.916420	-0.856295	0.000000	0.820351	0.000000	0.000000	0.000000	0.000000	0.000000	0.000000
-0.916421	-0.856295	-0.000000	0.820321	0.000000	0.000000	0.000000	0.000000	0.000000	0.000000
-0.916421	-0.856295	-0.000000	0.820351	0.000000	0.000000	0.000000	0.000000	0.000000	0.000000
-0.916421	-0.856295	0.000000	0.819990	0.000000	0.000000	0.000000	0.000000	0.000000	0.000000
-0.916421	-0.856295	-0.000000	0.820351	0.000000	0.000000	0.000000	0.000000	0.000000	0.000000
-0.916421	-0.856295	-0.000000	0.820351	0.000000	0.000000	0.000000	0.000000	0.000000	0.000000
-0.916421	-0.856295	0.000000	0.820351	0.000000	0.000000	0.000000	0.000000	0.000000	0.000000
-0.916420	-0.856295	0.000000	0.820351	0.000000	0.000000	0.000000	0.000000	0.000000	0.000000
-0.916421	-0.856295	0.000000	0.820351	0.000000	0.000000	0.000000	0.000000	0.000000	0.000000
-0.916420	-0.856295	0.000000	0.820351	0.000000	0.000000	0.000000	0.000000	0.000000	0.000000
-0.916421	-0.856295	0.000000	0.820349	0.000000	0.000000	0.000000	0.000000	0.000000	0.000000
-0.916421	-0.856295	-0.000000	0.820351	0.000000	0.000000	0.000000	0.000000	0.000000	0.000000
-0.916421	-0.856295	0.000000	0.820351	0.000000	0.000000	0.000000	0.000000	0.000000	0.000000
-0.916421	-0.856295	0.000000	0.818361	0.000000	0.000000	0.000000	0.000000	0.000000	0.000000
-0.916421	-0.856295	0.000000	0.820349	0.000000	0.000000	0.000000	0.000000	0.000000	0.000000
-0.916421	-0.856295	0.000000	0.820345	0.000000	0.000000	0.000000	0.000000	0.000000	0.000000
-0.916421	-0.856295	-0.000000	0.820351	0.000000	0.000000	0.000000	0.000000	0.000000	0.000000
-0.916420	-0.856295	-0.000000	0.820351	0.000000	0.000000	0.000000	0.000000	0.000000	0.000000
-0.916421	-0.856295	0.000000	0.820350	0.000000	0.000000	0.000000	0.000000	0.000000	0.000000
-0.916421	-0.856295	0.000000	0.820351	0.000000	0.000000	0.000000	0.000000	0.000000	0.000000
-0.916420	-0.856295	-0.000000	0.820351	0.000000	0.000000	0.000000	0.000000	0.000000	0.000000
-0.916421	-0.856295	0.000000	0.820351	0.000000	0.000000	0.000000	0.000000	0.000000	0.000000
-0.916421	-0.856295	0.000000	0.820268	0.000000	0.000000	0.000000	0.000000	0.000000	0.000000
-0.916421	-0.856295	0.000000	0.820351	0.000000	0.000000	0.000000	0.000000	0.000000	0.000000
-0.916421	-0.856295	-0.000000	0.820350	0.000000	0.000000	0.000000	0.000000	0.000000	0.000000
-0.916421	-0.856295	0.000000	0.820351	0.000000	0.000000	0.000000	0.000000	0.000000	0.000000
-0.916421	-0.856295	-0.000000	0.820351	0.000000	0.000000	0.000000	0.000000	0.000000	0.000000
-0.916421	-0.856295	0.000000	0.820350	0.000000	0.000000	0.000000	0.000000	0.000000	0.000000
-0.916421	-0.856295	-0.000000	0.820351	0.000000	0.000000	0.000000	0.000000	0.000000	0.000000
-0.916421	-0.856295	0.000000	0.820351	0.000000	0.000000	0.000000	0.000000	0.000000	0.000000
-0.916421	-0.856295	-0.000000	0.820351	0.000000	0.000000	0.000000	0.000000	0.000000	0.000000
-0.916421	-0.856295	-0.000000	0.820351	0.000000	0.000000	0.000000	0.000000	0.000000	0.000000
-0.916421	-0.856295	0.000000	0.820351	0.000000	0.000000	0.000000	0.000000	0.000000	0.000000
-0.916421	-0.856295	-0.000000	0.820346	0.000000	0.000000	0.000000	0.000000	0.000000	0.000000
-0.916421	-0.856295	0.000000	0.820348	0.000000	0.000000	0.000000	0.000000	0.000000	0.000000
-0.916421	-0.856295	-0.000000	0.820343	0.000000	0.000000	0.000000	0.000000	0.000000	0.000000
-0.916421	-0.856295	-0.000000	0.820351	0.000000	0.000000	0.000000	0.000000	0.000000	0.000000
-0.916421	-0.856295	0.000000	0.820351	0.000000	0.000000	0.000000	0.000000	0.000000	0.000000
-0.916421	-0.856295	0.000000	0.820351	0.000000	0.000000	0.000000	0.000000	0.000000	0.000000
-0.916421	-0.856295	-0.000000	0.820350	0.000000	0.000000	0.000000	0.000000	0.000000	0.000000
-0.916421	-0.856295	0.000000	0.820351	0.000000	0.000000	0.000000	0.000000	0.000000	0.000000
-0.916421	-0.856295	0.000000	0.820351	0.000000	0.000000	0.000000	0.000000	0.000000	0.000000
-0.916421	-0.856295	0.000000	0.820351	0.000000	0.000000	0.000000	0.000000	0.000000	0.000000
-0.916421	-0.856295	-0.000000	0.820351	0.000000	0.000000	0.000000	0.000000	0.000000	0.000000
-0.916421	-0.856295	0.000000	0.820350	0.000000	0.000000	0.000000	0.000000	0.000000	0.000000
-0.916421	-0.856295	-0.000000	0.820351	0.000000	0.000000	0.000000	0.000000	0.000000	0.000000
-0.916421	-0.856295	-0.000000	0.820351	0.000000	0.000000	0.000000	0.000000	0.000000	0.000000
-0.916421	-0.856295	-0.000000	0.820350	0.000000	0.000000	0.000000	0.000000	0.000000	0.000000
-0.916421	-0.856294	-0.000000	0.820351	0.000000	0.000000	0.000000	0.000000	0.000000	0.000000
-0.916421	-0.856295	0.000000	0.820351	0.000000	0.000000	0.000000	0.000000	0.000000	0.000000
-0.916421	-0.856295	0.000000	0.820351	0.000000	0.000000	0.000000	0.000000	0.000000	0.000000
-0.916421	-0.856295	0.000000	0.820351	0.000000	0.000000	0.000000	0.000000	0.000000	0.000000
-0.916421	-0.856295	-0.000000	0.820351	0.000000	0.000000	0.000000	0.000000	0.000000	0.000000
-0.916421	-0.856295	0.000000	0.820351	0.000000	0.000000	0.000000	0.000000	0.000000	0.000000
-0.916421	-0.856295	0.000000	0.820342	0.000000	0.000000	0.000000	0.000000	0.000000	0.000000
-0.916421	-0.856295	-0.000000	0.820351	0.000000	0.000000	0.000000	0.000000	0.000000	0.000000
-0.916421	-0.856295	0.000000	0.820351	0.000000	0.000000	0.000000	0.000000	0.000000	0.000000
-0.916421	-0.856295	-0.000000	0.820351	0.000000	0.000000	0.000000	0.000000	0.000000	0.000000
-0.916421	-0.856295	0.000000	0.820351	0.000000	0.000000	0.000000	0.000000	0.000000	0.000000
-0.916421	-0.856295	-0.000000	0.820351	0.000000	0.000000	0.000000	0.000000	0.000000	0.000000
-0.916421	-0.856295	-0.000000	0.820351	0.000000	0.000000	0.000000	0.000000	0.000000	0.000000
-0.916421	-0.856295	0.000000	0.820349	0.000000	0.000000	0.000000	0.000000	0.000000	0.000000
-0.916421	-0.856295	-0.000000	0.820346	0.000000	0.000000	0.000000	0.000000	0.000000	0.000000
-0.916421	-0.856295	0.000000	0.820351	0.000000	0.000000	0.000000	0.000000	0.000000	0.000000
-0.916421	-0.856295	-0.000000	0.820351	0.000000	0.000000	0.000000	0.000000	0.000000	0.000000
-0.916421	-0.856294	0.000000	0.153550	0.000000	0.000000	0.000000	0.000000	0.000000	0.000000
-0.916421	-0.856295	-0.000000	0.820350	0.000000	0.000000	0.000000	0.000000	0.000000	0.000000
-0.916421	-0.856295	-0.000000	0.820351	0.000000	0.000000	0.000000	0.000000	0.000000	0.000000
-0.916421	-0.856295	0.000000	0.820351	0.000000	0.000000	0.000000	0.000000	0.000000	0.000000
-0.916420	-0.856295	-0.000000	0.820351	0.000000	0.000000	0.000000	0.000000	0.000000	0.000000
-0.916421	-0.856295	0.000000	0.800194	0.000000	0.000000	0.000000	0.000000	0.000000	0.000000
-0.916421	-0.856295	0.000000	0.820351	0.000000	0.000000	0.000000	0.000000	0.000000	0.000000
-0.916421	-0.856295	-0.000000	0.820351	0.000000	0.000000	0.000000	0.000000	0.000000	0.000000
-0.916421	-0.856292	-0.000000	0.820351	0.000000	0.000000	0.000000	0.000000	0.000000	0.000000
-0.916421	-0.856295	0.000000	0.820304	0.000000	0.000000	0.000000	0.000000	0.000000	0.000000
-0.916420	-0.856295	-0.000000	0.820345	0.000000	0.000000	0.000000	0.000000	0.000000	0.000000
-0.916421	-0.856295	0.000000	0.820351	0.000000	0.000000	0.000000	0.000000	0.000000	0.000000
-0.916421	-0.856295	0.000000	0.820351	0.000000	0.000000	0.000000	0.000000	0.000000	0.000000
-0.916421	-0.856295	-0.000000	0.820351	0.000000	0.000000	0.000000	0.000000	0.000000	0.000000
-0.916420	-0.856295	0.000000	0.820342	0.000000	0.000000	0.000000	0.000000	0.000000	0.000000
-0.916421	-0.856295	0.000000	0.820349	0.000000	0.000000	0.000000	0.000000	0.000000	0.000000
-0.916420	-0.856295	-0.000000	0.820256	0.000000	0.000000	0.000000	0.000000	0.000000	0.000000
-0.916421	-0.856295	-0.000000	0.820351	0.000000	0.000000	0.000000	0.000000	0.000000	0.000000
-0.916421	-0.856295	-0.000000	0.820351	0.000000	0.000000	0.000000	0.000000	0.000000	0.000000
-0.916421	-0.856295	0.000000	0.820351	0.000000	0.000000	0.000000	0.000000	0.000000	0.000000
-0.916421	-0.856295	-0.000000	0.820351	0.000000	0.000000	0.000000	0.000000	0.000000	0.000000
-0.916421	-0.856295	-0.000000	0.820351	0.000000	0.000000	0.000000	0.000000	0.000000	0.000000
-0.916421	-0.856295	-0.000000	0.820348	0.000000	0.000000	0.000000	0.000000	0.000000	0.000000
-0.916421	-0.856295	0.000000	0.820350	0.000000	0.000000	0.000000	0.000000	0.000000	0.000000
-0.916421	-0.856295	-0.000000	0.820351	0.000000	0.000000	0.000000	0.000000	0.000000	0.000000
-0.916421	-0.856295	-0.000000	0.820351	0.000000	0.000000	0.000000	0.000000	0.000000	0.000000
-0.916421	-0.856295	0.000000	0.820351	0.000000	0.000000	0.000000	0.000000	0.000000	0.000000
-0.916421	-0.856295	-0.000000	0.820351	0.000000	0.000000	0.000000	0.000000	0.000000	0.000000
-0.916421	-0.856295	0.000000	0.820351	0.000000	0.000000	0.000000	0.000000	0.000000	0.000000
-0.916421	-0.856295	-0.000000	0.820351	0.000000	0.000000	0.000000	0.000000	0.000000	0.000000
-0.916421	-0.856295	0.000000	0.820351	0.000000	0.000000	0.000000	0.000000	0.000000	0.000000
-0.916421	-0.856295	-0.000000	0.820351	0.000000	0.000000	0.000000	0.000000	0.000000	0.000000
-0.916421	0.837890	0.000001	-0.000006	0.000000	0.000000	0.000000	0.000000	0.000000	0.000000
-0.916421	0.837890	-0.824519	-0.000000	0.000000	0.000000	0.000000	0.000000	0.000000	0.000000
-0.916421	0.837890	-0.824519	-0.000000	0.000000	0.000000	0.000000	0.000000	0.000000	0.000000
-0.916421	0.837890	-0.824519	0.000000	0.000000	0.000000	0.000000	0.000000	0.000000	0.000000
-0.916421	0.837890	-0.824515	-0.000000	0.000000	0.000000	0.000000	0.000000	0.000000	0.000000
-0.916421	0.837890	-0.823551	-0.000000	0.000000	0.000000	0.000000	0.000000	0.000000	0.000000
-0.916421	0.837890	-0.824519	0.000000	0.000000	0.000000	0.000000	0.000000	0.000000	0.000000
-0.916421	0.837890	-0.824520	0.000000	0.000000	0.000000	0.000000	0.000000	0.000000	0.000000
-0.916421	0.837890	-0.824479	-0.000000	0.000000	0.000000	0.000000	0.000000	0.000000	0.000000
-0.916421	0.837890	-0.824519	-0.000000	0.000000	0.000000	0.000000	0.000000	0.000000	0.000000
-0.916421	0.837890	-0.824519	-0.000000	0.000000	0.000000	0.000000	0.000000	0.000000	0.000000
-0.916421	0.837890	-0.824519	0.000000	0.000000	0.000000	0.000000	0.000000	0.000000	0.000000
-0.916421	0.837890	-0.824519	-0.000001	0.000000	0.000000	0.000000	0.000000	0.000000	0.000000
-0.916421	0.837890	-0.824519	0.000000	0.000000	0.000000	0.000000	0.000000	0.000000	0.000000
-0.916421	0.837890	-0.824519	-0.000000	0.000000	0.000000	0.000000	0.000000	0.000000	0.000000
-0.916421	0.837890	-0.824519	-0.000000	0.000000	0.000000	0.000000	0.000000	0.000000	0.000000
-0.916421	0.837890	-0.824519	-0.000000	0.000000	0.000000	0.000000	0.000000	0.000000	0.000000
-0.916421	0.837890	-0.824519	-0.000000	0.000000	0.000000	0.000000	0.000000	0.000000	0.000000
-0.916421	0.837890	-0.824519	0.000000	0.000000	0.000000	0.000000	0.000000	0.000000	0.000000
-0.916421	0.837890	-0.824520	0.000000	0.000000	0.000000	0.000000	0.000000	0.000000	0.000000
-0.916421	0.837890	-0.824519	0.000000	0.000000	0.000000	0.000000	0.000000	0.000000	0.000000
-0.916420	0.837889	-0.824519	0.000000	0.000000	0.000000	0.000000	0.000000	0.000000	0.000000
-0.916421	0.837890	-0.824520	0.000000	0.000000	0.000000	0.000000	0.000000	0.000000	0.000000
-0.916421	0.837890	-0.824519	-0.000000	0.000000	0.000000	0.000000	0.000000	0.000000	0.000000
-0.916421	0.837890	-0.824519	0.000000	0.000000	0.000000	0.000000	0.000000	0.000000	0.000000
-0.916421	0.837890	-0.824519	0.000000	0.000000	0.000000	0.000000	0.000000	0.000000	0.000000
-0.916421	0.837890	-0.824519	-0.000000	0.000000	0.000000	0.000000	0.000000	0.000000	0.000000
-0.916421	0.837890	-0.824519	-0.000000	0.000000	0.000000	0.000000	0.000000	0.000000	0.000000
-0.916421	0.837890	-0.824519	-0.000000	0.000000	0.000000	0.000000	0.000000	0.000000	0.000000
-0.916421	0.837890	-0.824519	-0.000000	0.000000	0.000000	0.000000	0.000000	0.000000	0.000000
-0.916421	0.837890	-0.824519	0.000000	0.000000	0.000000	0.000000	0.000000	0.000000	0.000000
-0.916421	0.837890	-0.824516	-0.000001	0.000000	0.000000	0.000000	0.000000	0.000000	0.000000
-0.916420	0.837890	-0.824520	0.000000	0.000000	0.000000	0.000000	0.000000	0.000000	0.000000
-0.916421	0.837890	-0.824519	-0.000000	0.000000	0.000000	0.000000	0.000000	0.000000	0.000000
-0.916421	0.837890	-0.824519	-0.000000	0.000000	0.000000	0.000000	0.000000	0.000000	0.000000
-0.916420	0.837882	-0.824519	0.000000	0.000000	0.000000	0.000000	0.000000	0.000000	0.000000
-0.916421	0.837890	-0.824519	0.000000	0.000000	0.000000	0.000000	0.000000	0.000000	0.000000
-0.916421	0.837890	-0.824519	-0.000000	0.000000	0.000000	0.000000	0.000000	0.000000	0.000000
-0.916421	0.837890	-0.824518	-0.000000	0.000000	0.000000	0.000000	0.000000	0.000000	0.000000
-0.916421	0.837890	-0.824519	0.000000	0.000000	0.000000	0.000000	0.000000	0.000000	0.000000
-0.916421	0.837890	-0.824518	0.000000	0.000000	0.000000	0.000000	0.000000	0.000000	0.000000
-0.916421	0.837890	-0.824519	0.000000	0.000000	0.000000	0.000000	0.000000	0.000000	0.000000
-0.916421	0.837888	-0.824519	0.000000	0.000000	0.000000	0.000000	0.000000	0.000000	0.000000
-0.916421	0.837890	-0.824519	-0.000000	0.000000	0.000000	0.000000	0.000000	0.000000	0.000000
-0.916421	0.837890	-0.824508	-0.000031	0.000000	0.000000	0.000000	0.000000	0.000000	0.000000
-0.916421	0.837890	-0.824450	0.000000	0.000000	0.000000	0.000000	0.000000	0.000000	0.000000
-0.916421	0.837890	-0.824509	-0.000000	0.000000	0.000000	0.000000	0.000000	0.000000	0.000000
-0.916421	0.837890	-0.824519	-0.000000	0.000000	0.000000	0.000000	0.000000	0.000000	0.000000
-0.916421	0.837890	-0.824519	-0.000006	0.000000	0.000000	0.000000	0.000000	0.000000	0.000000
-0.916421	0.837890	-0.824519	-0.000000	0.000000	0.000000	0.000000	0.000000	0.000000	0.000000
-0.916421	0.837890	-0.824519	-0.000000	0.000000	0.000000	0.000000	0.000000	0.000000	0.000000
-0.916421	0.837890	-0.824520	0.000000	0.000000	0.000000	0.000000	0.000000	0.000000	0.000000
-0.916421	0.837890	-0.824520	-0.000000	0.000000	0.000000	0.000000	0.000000	0.000000	0.000000
-0.916421	0.837890	-0.824519	-0.000000	0.000000	0.000000	0.000000	0.000000	0.000000	0.000000
-0.916421	0.837890	-0.824519	0.000000	0.000000	0.000000	0.000000	0.000000	0.000000	0.000000
-0.916421	0.837890	-0.824520	0.000000	0.000000	0.000000	0.000000	0.000000	0.000000	0.000000
-0.916421	0.837890	-0.824519	-0.000000	0.000000	0.000000	0.000000	0.000000	0.000000	0.000000
-0.916421	0.837890	-0.824519	-0.000000	0.000000	0.000000	0.000000	0.000000	0.000000	0.000000
-0.916421	0.837890	-0.824519	-0.000001	0.000000	0.000000	0.000000	0.000000	0.000000	0.000000
-0.916421	0.837890	-0.824519	0.000000	0.000000	0.000000	0.000000	0.000000	0.000000	0.000000
-0.916421	0.837890	-0.824519	0.000020	0.000000	0.000000	0.000000	0.000000	0.000000	0.000000
-0.916421	0.837890	-0.824518	-0.000002	0.000000	0.000000	0.000000	0.000000	0.000000	0.000000
-0.916421	0.837890	-0.824519	0.000000	0.000000	0.000000	0.000000	0.000000	0.000000	0.000000
-0.916421	0.837890	-0.729195	0.000000	0.000000	0.000000	0.000000	0.000000	0.000000	0.000000
-0.916421	0.837890	-0.824519	0.000000	0.000000	0.000000	0.000000	0.000000	0.000000	0.000000
-0.916421	0.837890	-0.824519	-0.000000	0.000000	0.000000	0.000000	0.000000	0.000000	0.000000
-0.916421	0.837890	-0.824519	-0.000001	0.000000	0.000000	0.000000	0.000000	0.000000	0.000000
-0.916420	0.837890	-0.824519	0.000000	0.000000	0.000000	0.000000	0.000000	0.000000	0.000000
-0.916421	0.837890	-0.824519	-0.000000	0.000000	0.000000	0.000000	0.000000	0.000000	0.000000
-0.916421	0.837890	-0.824505	0.000000	0.000000	0.000000	0.000000	0.000000	0.000000	0.000000
-0.916421	0.837890	-0.824519	-0.000000	0.000000	0.000000	0.000000	0.000000	0.000000	0.000000
-0.916421	0.837890	-0.824519	-0.000001	0.000000	0.000000	0.000000	0.000000	0.000000	0.000000
-0.916421	0.837890	-0.824519	-0.000000	0.000000	0.000000	0.000000	0.000000	0.000000	0.000000
-0.916421	0.837890	-0.824518	-0.000000	0.000000	0.000000	0.000000	0.000000	0.000000	0.000000
-0.916421	0.837890	-0.824519	0.000000	0.000000	0.000000	0.000000	0.000000	0.000000	0.000000
-0.916421	0.837890	-0.824520	-0.000000	0.000000	0.000000	0.000000	0.000000	0.000000	0.000000
-0.916421	0.837890	-0.824519	-0.000000	0.000000	0.000000	0.000000	0.000000	0.000000	0.000000
-0.916421	0.837890	-0.824519	-0.000001	0.000000	0.000000	0.000000	0.000000	0.000000	0.000000
-0.916421	0.837890	-0.824519	-0.000035	0.000000	0.000000	0.000000	0.000000	0.000000	0.000000
-0.916421	0.837890	-0.824519	-0.000000	0.000000	0.000000	0.000000	0.000000	0.000000	0.000000
-0.916421	0.837890	-0.824519	-0.000000	0.000000	0.000000	0.000000	0.000000	0.000000	0.000000
-0.916421	0.837890	-0.824519	-0.000000	0.000000	0.000000	0.000000	0.000000	0.000000	0.000000
-0.916421	0.837890	-0.824519	-0.000000	0.000000	0.000000	0.000000	0.000000	0.000000	0.000000
-0.916421	0.837890	-0.824519	0.000002	0.000000	0.000000	0.000000	0.000000	0.000000	0.000000
-0.916421	0.837890	-0.824519	-0.000000	0.000000	0.000000	0.000000	0.000000	0.000000	0.000000
-0.916421	0.837890	-0.824519	-0.000000	0.000000	0.000000	0.000000	0.000000	0.000000	0.000000
-0.916421	0.837890	-0.823783	-0.000000	0.000000	0.000000	0.000000	0.000000	0.000000	0.000000
-0.916421	0.837890	-0.824518	-0.000000	0.000000	0.000000	0.000000	0.000000	0.000000	0.000000
-0.916421	0.837890	-0.824519	0.000000	0.000000	0.000000	0.000000	0.000000	0.000000	0.000000
-0.916421	0.837891	-0.824520	0.000000	0.000000	0.000000	0.000000	0.000000	0.000000	0.000000
-0.916421	0.837890	-0.824519	-0.000000	0.000000	0.000000	0.000000	0.000000	0.000000	0.000000
-0.916421	0.837890	-0.824519	0.000000	0.000000	0.000000	0.000000	0.000000	0.000000	0.000000
-0.916421	0.837890	-0.824519	0.000032	0.000000	0.000000	0.000000	0.000000	0.000000	0.000000
-0.916421	0.837890	-0.824519	0.000000	0.000000	0.000000	0.000000	0.000000	0.000000	0.000000
-0.916421	0.837890	-0.824520	-0.000000	0.000000	0.000000	0.000000	0.000000	0.000000	0.000000
-0.916421	0.837890	-0.824519	-0.000000	0.000000	0.000000	0.000000	0.000000	0.000000	0.000000
-0.916421	0.837890	-0.824519	-0.000000	0.000000	0.000000	0.000000	0.000000	0.000000	0.000000
-0.916421	0.837890	-0.824519	0.000010	0.000000	0.000000	0.000000	0.000000	0.000000	0.000000
-0.916421	0.837890	-0.824519	0.000000	0.000000	0.000000	0.000000	0.000000	0.000000	0.000000
-0.916421	0.837890	-0.824519	0.000003	0.000000	0.000000	0.000000	0.000000	0.000000	0.000000
-0.916421	0.837883	-0.824519	-0.000000	0.000000	0.000000	0.000000	0.000000	0.000000	0.000000
-0.916421	0.837890	-0.824516	0.000000	0.000000	0.000000	0.000000	0.000000	0.000000	0.000000
-0.916421	0.837890	-0.824517	-0.000000	0.000000	0.000000	0.000000	0.000000	0.000000	0.000000
-0.916421	0.837890	-0.824519	0.000000	0.000000	0.000000	0.000000	0.000000	0.000000	0.000000
-0.916421	0.837890	-0.824519	-0.000000	0.000000	0.000000	0.000000	0.000000	0.000000	0.000000
-0.916421	0.837890	-0.824519	-0.000290	0.000000	0.000000	0.000000	0.000000	0.000000	0.000000
-0.916421	0.837890	-0.824519	-0.000000	0.000000	0.000000	0.000000	0.000000	0.000000	0.000000
-0.916421	0.837890	-0.824519	-0.000000	0.000000	0.000000	0.000000	0.000000	0.000000	0.000000
-0.916420	0.837890	-0.824519	0.000000	0.000000	0.000000	0.000000	0.000000	0.000000	0.000000
-0.916421	0.837890	-0.824518	0.000000	0.000000	0.000000	0.000000	0.000000	0.000000	0.000000
-0.916421	0.837890	-0.824519	-0.000000	0.000000	0.000000	0.000000	0.000000	0.000000	0.000000
-0.916420	0.837890	-0.824515	0.000000	0.000000	0.000000	0.000000	0.000000	0.000000	0.000000
-0.916421	0.837890	-0.824520	0.000000	0.000000	0.000000	0.000000	0.000000	0.000000	0.000000
-0.916421	0.837890	-0.824519	-0.000000	0.000000	0.000000	0.000000	0.000000	0.000000	0.000000
-0.916421	0.837890	-0.824519	-0.000000	0.000000	0.000000	0.000000	0.000000	0.000000	0.000000
-0.916421	0.837890	-0.824519	-0.000001	0.000000	0.000000	0.000000	0.000000	0.000000	0.000000
-0.916421	0.837890	-0.824519	0.000000	0.000000	0.000000	0.000000	0.000000	0.000000	0.000000
-0.916421	0.837890	-0.824519	-0.000001	0.000000	0.000000	0.000000	0.000000	0.000000	0.000000
-0.916421	0.837890	-0.824519	-0.000000	0.000000	0.000000	0.000000	0.000000	0.000000	0.000000
-0.916421	0.837890	-0.824519	-0.000000	0.000000	0.000000	0.000000	0.000000	0.000000	0.000000
-0.916421	0.837890	-0.824519	-0.000000	0.000000	0.000000	0.000000	0.000000	0.000000	0.000000
-0.916421	0.837890	-0.824519	-0.000000	0.000000	0.000000	0.000000	0.000000	0.000000	0.000000
-0.916421	0.837890	-0.824519	-0.000000	0.000000	0.000000	0.000000	0.000000	0.000000	0.000000
-0.916421	0.837890	-0.824517	-0.000010	0.000000	0.000000	0.000000	0.000000	0.000000	0.000000
-0.916421	0.837890	-0.824520	-0.000000	0.000000	0.000000	0.000000	0.000000	0.000000	0.000000
-0.916421	0.837890	-0.824519	-0.000000	0.000000	0.000000	0.000000	0.000000	0.000000	0.000000
-0.916421	0.837890	-0.824519	0.000000	0.000000	0.000000	0.000000	0.000000	0.000000	0.000000
-0.916421	0.837891	-0.824519	0.000000	0.000000	0.000000	0.000000	0.000000	0.000000	0.000000
-0.916421	0.837890	-0.824519	-0.000009	0.000000	0.000000	0.000000	0.000000	0.000000	0.000000
-0.916421	0.837891	-0.824519	-0.000001	0.000000	0.000000	0.000000	0.000000	0.000000	0.000000
-0.916420	0.837890	-0.824519	-0.000000	0.000000	0.000000	0.000000	0.000000	0.000000	0.000000
-0.916421	0.837890	-0.823291	0.000000	0.000000	0.000000	0.000000	0.000000	0.000000	0.000000
-0.916421	0.837890	-0.824519	-0.001365	0.000000	0.000000	0.000000	0.000000	0.000000	0.000000
-0.916421	0.837890	-0.822840	0.000000	0.000000	0.000000	0.000000	0.000000	0.000000	0.000000
-0.916421	0.837890	-0.824519	-0.000000	0.000000	0.000000	0.000000	0.000000	0.000000	0.000000
-0.916421	0.837890	-0.824519	-0.000000	0.000000	0.000000	0.000000	0.000000	0.000000	0.000000
-0.916421	0.837890	-0.824519	-0.000000	0.000000	0.000000	0.000000	0.000000	0.000000	0.000000
-0.916420	0.837890	-0.824519	-0.000000	0.000000	0.000000	0.000000	0.000000	0.000000	0.000000
-0.916421	0.837890	-0.824520	-0.000000	0.000000	0.000000	0.000000	0.000000	0.000000	0.000000
-0.916421	0.837890	-0.823690	-0.000004	0.000000	0.000000	0.000000	0.000000	0.000000	0.000000
-0.916421	0.837890	-0.824519	0.000000	0.000000	0.000000	0.000000	0.000000	0.000000	0.000000
-0.916421	0.837890	-0.824519	0.000001	0.000000	0.000000	0.000000	0.000000	0.000000	0.000000
-0.916421	0.837890	-0.824519	0.000000	0.000000	0.000000	0.000000	0.000000	0.000000	0.000000
-0.916420	0.837890	-0.824519	0.000000	0.000000	0.000000	0.000000	0.000000	0.000000	0.000000
-0.916421	0.837890	-0.824509	0.000000	0.000000	0.000000	0.000000	0.000000	0.000000	0.000000
-0.916421	0.837890	-0.824517	-0.000006	0.000000	0.000000	0.000000	0.000000	0.000000	0.000000
-0.916421	0.837890	-0.824519	-0.000000	0.000000	0.000000	0.000000	0.000000	0.000000	0.000000
-0.916421	0.837890	-0.824519	0.000000	0.000000	0.000000	0.000000	0.000000	0.000000	0.000000
-0.916421	0.837890	-0.824519	-0.000000	0.000000	0.000000	0.000000	0.000000	0.000000	0.000000
-0.916421	0.837890	-0.824519	-0.000000	0.000000	0.000000	0.000000	0.000000	0.000000	0.000000
-0.916421	0.837890	-0.824520	0.000000	0.000000	0.000000	0.000000	0.000000	0.000000	0.000000
-0.916421	0.837890	-0.824519	-0.000026	0.000000	0.000000	0.000000	0.000000	0.000000	0.000000
-0.916421	0.837890	-0.824519	-0.000000	0.000000	0.000000	0.000000	0.000000	0.000000	0.000000
-0.916421	0.837890	-0.824516	-0.817510	0.000000	0.000000	0.000000	0.000000	0.000000	0.000000
-0.916421	0.837890	-0.824505	-0.000000	0.000000	0.000000	0.000000	0.000000	0.000000	0.000000
-0.916421	0.837890	-0.824519	-0.000000	0.000000	0.000000	0.000000	0.000000	0.000000	0.000000
-0.916421	0.837890	-0.824519	0.000000	0.000000	0.000000	0.000000	0.000000	0.000000	0.000000
-0.916421	0.837890	-0.824519	-0.000001	0.000000	0.000000	0.000000	0.000000	0.000000	0.000000
-0.916421	0.837890	-0.824519	-0.000000	0.000000	0.000000	0.000000	0.000000	0.000000	0.000000
-0.916421	0.837890	-0.824520	0.000000	0.000000	0.000000	0.000000	0.000000	0.000000	0.000000
-0.916421	0.837890	-0.824281	-0.000000	0.000000	0.000000	0.000000	0.000000	0.000000	0.000000
-0.916421	0.837890	-0.824519	0.000000	0.000000	0.000000	0.000000	0.000000	0.000000	0.000000
-0.916421	0.837890	-0.824519	-0.000000	0.000000	0.000000	0.000000	0.000000	0.000000	0.000000
-0.916421	0.837890	-0.824519	0.000000	0.000000	0.000000	0.000000	0.000000	0.000000	0.000000
-0.916421	0.837890	-0.824520	-0.000000	0.000000	0.000000	0.000000	0.000000	0.000000	0.000000
-0.916421	0.837890	-0.824520	0.000000	0.000000	0.000000	0.000000	0.000000	0.000000	0.000000
-0.916421	0.837890	-0.824519	-0.000000	0.000000	0.000000	0.000000	0.000000	0.000000	0.000000
-0.916421	0.837830	-0.824519	0.000000	0.000000	0.000000	0.000000	0.000000	0.000000	0.000000
-0.916421	0.837890	-0.824519	-0.000000	0.000000	0.000000	0.000000	0.000000	0.000000	0.000000
-0.916421	0.837890	-0.824519	0.000000	0.000000	0.000000	0.000000	0.000000	0.000000	0.000000
-0.916421	0.837890	-0.824511	-0.000000	0.000000	0.000000	0.000000	0.000000	0.000000	0.000000
-0.916421	0.837890	-0.824518	0.000000	0.000000	0.000000	0.000000	0.000000	0.000000	0.000000
-0.916421	0.837890	-0.824520	-0.000000	0.000000	0.000000	0.000000	0.000000	0.000000	0.000000
-0.916421	0.837890	-0.824519	-0.000000	0.000000	0.000000	0.000000	0.000000	0.000000	0.000000
-0.916421	0.837890	-0.824519	0.000000	0.000000	0.000000	0.000000	0.000000	0.000000	0.000000
-0.916421	0.837890	-0.824519	-0.000000	0.000000	0.000000	0.000000	0.000000	0.000000	0.000000
-0.916421	0.837890	-0.824519	0.000000	0.000000	0.000000	0.000000	0.000000	0.000000	0.000000
-0.916421	0.837890	-0.824519	-0.000000	0.000000	0.000000	0.000000	0.000000	0.000000	0.000000
-0.916421	0.837890	-0.824519	0.000000	0.000000	0.000000	0.000000	0.000000	0.000000	0.000000
-0.916421	0.837890	-0.824520	0.000000	0.000000	0.000000	0.000000	0.000000	0.000000	0.000000
-0.916421	0.837890	-0.824519	-0.000000	0.000000	0.000000	0.000000	0.000000	0.000000	0.000000
-0.916421	0.837890	-0.824519	-0.000000	0.000000	0.000000	0.000000	0.000000	0.000000	0.000000
-0.916421	0.837890	-0.824519	-0.000000	0.000000	0.000000	0.000000	0.000000	0.000000	0.000000
-0.916421	0.837890	-0.824519	0.000000	0.000000	0.000000	0.000000	0.000000	0.000000	0.000000
-0.916421	0.837890	-0.824519	0.000000	0.000000	0.000000	0.000000	0.000000	0.000000	0.000000
-0.916421	0.837890	-0.824519	-0.000000	0.000000	0.000000	0.000000	0.000000	0.000000	0.000000
-0.916421	0.837890	-0.824519	0.000011	0.000000	0.000000	0.000000	0.000000	0.000000	0.000000
-0.916421	0.837890	-0.824519	-0.000003	0.000000	0.000000	0.000000	0.000000	0.000000	0.000000
-0.916421	0.837890	-0.824519	-0.000000	0.000000	0.000000	0.000000	0.000000	0.000000	0.000000
-0.916421	0.837890	-0.824519	-0.000000	0.000000	0.000000	0.000000	0.000000	0.000000	0.000000
-0.916421	0.837890	-0.824519	0.000003	0.000000	0.000000	0.000000	0.000000	0.000000	0.000000
-0.916421	0.837890	-0.824520	-0.000000	0.000000	0.000000	0.000000	0.000000	0.000000	0.000000
-0.916421	0.837891	-0.824518	-0.000000	0.000000	0.000000	0.000000	0.000000	0.000000	0.000000
-0.916421	0.837890	-0.824519	0.000000	0.000000	0.000000	0.000000	0.000000	0.000000	0.000000
-0.916421	0.837889	-0.824519	0.000000	0.000000	0.000000	0.000000	0.000000	0.000000	0.000000
-0.916421	0.837890	-0.824519	-0.000000	0.000000	0.000000	0.000000	0.000000	0.000000	0.000000
-0.916421	0.837890	-0.824519	0.000000	0.000000	0.000000	0.000000	0.000000	0.000000	0.000000
-0.916421	0.837890	-0.824519	0.000000	0.000000	0.000000	0.000000	0.000000	0.000000	0.000000
-0.916421	0.837890	-0.824519	-0.000007	0.000000	0.000000	0.000000	0.000000	0.000000	0.000000
-0.916420	0.837890	-0.824519	-0.000002	0.000000	0.000000	0.000000	0.000000	0.000000	0.000000
-0.916421	0.837890	-0.824518	0.000000	0.000000	0.000000	0.000000	0.000000	0.000000	0.000000
-0.916421	0.837890	-0.824519	-0.000018	0.000000	0.000000	0.000000	0.000000	0.000000	0.000000
-0.916421	0.837890	-0.824519	-0.000000	0.000000	0.000000	0.000000	0.000000	0.000000	0.000000
-0.916421	0.837890	-0.824520	-0.000011	0.000000	0.000000	0.000000	0.000000	0.000000	0.000000
-0.916421	0.837890	-0.824519	-0.000000	0.000000	0.000000	0.000000	0.000000	0.000000	0.000000
-0.916421	0.837890	-0.824519	-0.001002	0.000000	0.000000	0.000000	0.000000	0.000000	0.000000
-0.916421	0.837890	-0.824520	0.000000	0.000000	0.000000	0.000000	0.000000	0.000000	0.000000
-0.916421	0.837890	-0.824519	-0.000000	0.000000	0.000000	0.000000	0.000000	0.000000	0.000000
-0.916421	0.837890	-0.824519	0.000000	0.000000	0.000000	0.000000	0.000000	0.000000	0.000000
-0.916421	0.837891	-0.824519	-0.000000	0.000000	0.000000	0.000000	0.000000	0.000000	0.000000
-0.916421	0.837890	-0.824519	-0.000000	0.000000	0.000000	0.000000	0.000000	0.000000	0.000000
-0.916421	0.837890	-0.824519	0.000002	0.000000	0.000000	0.000000	0.000000	0.000000	0.000000
-0.916421	0.837890	-0.824071	0.000000	0.000000	0.000000	0.000000	0.000000	0.000000	0.000000
-0.916421	0.837890	-0.824517	0.000000	0.000000	0.000000	0.000000	0.000000	0.000000	0.000000
-0.916421	0.837890	-0.824519	-0.000006	0.000000	0.000000	0.000000	0.000000	0.000000	0.000000
-0.916421	0.837889	-0.824519	-0.000000	0.000000	0.000000	0.000000	0.000000	0.000000	0.000000
-0.916421	0.837890	-0.824519	0.000000	0.000000	0.000000	0.000000	0.000000	0.000000	0.000000
-0.916421	0.837890	-0.824519	-0.000000	0.000000	0.000000	0.000000	0.000000	0.000000	0.000000
-0.916421	0.837890	-0.824519	-0.000002	0.000000	0.000000	0.000000	0.000000	0.000000	0.000000
-0.916421	0.837890	-0.824517	-0.000011	0.000000	0.000000	0.000000	0.000000	0.000000	0.000000
-0.916421	0.837890	-0.824519	0.000000	0.000000	0.000000	0.000000	0.000000	0.000000	0.000000
-0.916421	0.837890	-0.824519	0.000029	0.000000	0.000000	0.000000	0.000000	0.000000	0.000000
-0.916421	0.837890	-0.824519	0.000000	0.000000	0.000000	0.000000	0.000000	0.000000	0.000000
-0.916421	0.837890	-0.824519	-0.000010	0.000000	0.000000	0.000000	0.000000	0.000000	0.000000
-0.916421	0.837890	-0.824519	0.000000	0.000000	0.000000	0.000000	0.000000	0.000000	0.000000
-0.916421	0.837890	-0.824519	-0.000000	0.000000	0.000000	0.000000	0.000000	0.000000	0.000000
-0.916421	0.837890	-0.824519	-0.000000	0.000000	0.000000	0.000000	0.000000	0.000000	0.000000
-0.916421	0.837890	-0.824519	-0.000000	0.000000	0.000000	0.000000	0.000000	0.000000	0.000000
-0.916421	0.837890	-0.824519	0.000000	0.000000	0.000000	0.000000	0.000000	0.000000	0.000000
-0.916421	0.837890	-0.824518	-0.000000	0.000000	0.000000	0.000000	0.000000	0.000000	0.000000
-0.916421	0.837890	-0.824519	0.000000	0.000000	0.000000	0.000000	0.000000	0.000000	0.000000
-0.916421	0.837890	-0.824519	0.000000	0.000000	0.000000	0.000000	0.000000	0.000000	0.000000
-0.916421	0.837890	-0.824520	-0.000000	0.000000	0.000000	0.000000	0.000000	0.000000	0.000000
-0.916421	0.837890	-0.824519	0.000000	0.000000	0.000000	0.000000	0.000000	0.000000	0.000000
-0.916421	0.837890	-0.824519	-0.000000	0.000000	0.000000	0.000000	0.000000	0.000000	0.000000
-0.916421	0.837891	-0.824520	-0.000000	0.000000	0.000000	0.000000	0.000000	0.000000	0.000000
-0.916421	0.837890	-0.824519	0.000000	0.000000	0.000000	0.000000	0.000000	0.000000	0.000000
-0.916421	0.837890	-0.824519	-0.000002	0.000000	0.000000	0.000000	0.000000	0.000000	0.000000
-0.916421	0.837890	-0.824519	-0.000094	0.000000	0.000000	0.000000	0.000000	0.000000	0.000000
-0.916421	0.837890	-0.824515	0.000000	0.000000	0.000000	0.000000	0.000000	0.000000	0.000000
-0.916421	0.837890	-0.824520	-0.000000	0.000000	0.000000	0.000000	0.000000	0.000000	0.000000
-0.916421	0.837890	-0.824519	0.000000	0.000000	0.000000	0.000000	0.000000	0.000000	0.000000
-0.916421	0.837890	-0.824519	-0.000000	0.000000	0.000000	0.000000	0.000000	0.000000	0.000000
-0.916421	0.837890	-0.824519	0.000000	0.000000	0.000000	0.000000	0.000000	0.000000	0.000000
-0.916421	0.837890	-0.824519	0.000000	0.000000	0.000000	0.000000	0.000000	0.000000	0.000000
-0.916421	0.837890	-0.824519	-0.000000	0.000000	0.000000	0.000000	0.000000	0.000000	0.000000
-0.916421	0.837890	-0.824519	-0.000000	0.000000	0.000000	0.000000	0.000000	0.000000	0.000000
-0.916421	0.837890	-0.824463	-0.000000	0.000000	0.000000	0.000000	0.000000	0.000000	0.000000
-0.916421	0.837890	-0.824519	0.000000	0.000000	0.000000	0.000000	0.000000	0.000000	0.000000
-0.916421	0.837890	-0.824519	-0.000000	0.000000	0.000000	0.000000	0.000000	0.000000	0.000000
-0.916420	0.837890	-0.000000	-0.000000	0.000000	0.000000	0.000000	0.000000	0.000000	0.000000
-0.916421	0.837890	0.810735	0.000000	0.000000	0.000000	0.000000	0.000000	0.000000	0.000000
-0.916421	0.837890	0.809921	0.000000	0.000000	0.000000	0.000000	0.000000	0.000000	0.000000
-0.916421	0.837890	0.810984	-0.000000	0.000000	0.000000	0.000000	0.000000	0.000000	0.000000
-0.916421	0.837890	0.810758	0.000000	0.000000	0.000000	0.000000	0.000000	0.000000	0.000000
-0.916421	0.837890	0.810940	-0.000000	0.000000	0.000000	0.000000	0.000000	0.000000	0.000000
-0.916421	0.837890	0.811298	-0.000000	0.000000	0.000000	0.000000	0.000000	0.000000	0.000000
-0.916421	0.837890	0.810925	-0.000000	0.000000	0.000000	0.000000	0.000000	0.000000	0.000000
-0.916421	0.837890	0.782528	0.000000	0.000000	0.000000	0.000000	0.000000	0.000000	0.000000
-0.916421	0.837890	0.811688	-0.000000	0.000000	0.000000	0.000000	0.000000	0.000000	0.000000
-0.916421	0.837890	0.810704	0.000000	0.000000	0.000000	0.000000	0.000000	0.000000	0.000000
-0.916421	0.837890	0.810692	-0.000000	0.000000	0.000000	0.000000	0.000000	0.000000	0.000000
-0.916421	0.837890	0.811014	-0.000000	0.000000	0.000000	0.000000	0.000000	0.000000	0.000000
-0.916420	0.837890	0.809991	0.000000	0.000000	0.000000	0.000000	0.000000	0.000000	0.000000
-0.916421	0.837890	0.810289	-0.000000	0.000000	0.000000	0.000000	0.000000	0.000000	0.000000
-0.916421	0.837890	0.810522	-0.000000	0.000000	0.000000	0.000000	0.000000	0.000000	0.000000
-0.916421	0.837890	0.810387	0.000000	0.000000	0.000000	0.000000	0.000000	0.000000	0.000000
-0.916421	0.837890	0.810487	-0.000000	0.000000	0.000000	0.000000	0.000000	0.000000	0.000000
-0.916421	0.837890	0.810437	0.000000	0.000000	0.000000	0.000000	0.000000	0.000000	0.000000
-0.916421	0.837884	0.810778	-0.000000	0.000000	0.000000	0.000000	0.000000	0.000000	0.000000
-0.916421	0.837890	0.809837	-0.000000	0.000000	0.000000	0.000000	0.000000	0.000000	0.000000
-0.916421	0.837890	0.811299	-0.000000	0.000000	0.000000	0.000000	0.000000	0.000000	0.000000
-0.916421	0.837890	0.810674	-0.000000	0.000000	0.000000	0.000000	0.000000	0.000000	0.000000
-0.916421	0.837890	0.810484	0.000000	0.000000	0.000000	0.000000	0.000000	0.000000	0.000000
-0.916421	0.837890	0.810152	-0.000000	0.000000	0.000000	0.000000	0.000000	0.000000	0.000000
-0.916421	0.837890	0.809836	-0.000000	0.000000	0.000000	0.000000	0.000000	0.000000	0.000000
-0.916421	0.837890	0.811081	-0.000000	0.000000	0.000000	0.000000	0.000000	0.000000	0.000000
-0.916421	0.837890	0.810089	-0.000000	0.000000	0.000000	0.000000	0.000000	0.000000	0.000000
-0.916421	0.837890	0.810861	-0.000000	0.000000	0.000000	0.000000	0.000000	0.000000	0.000000
-0.916421	0.837890	0.810985	-0.000000	0.000000	0.000000	0.000000	0.000000	0.000000	0.000000
-0.916421	0.837890	0.810399	0.000000	0.000000	0.000000	0.000000	0.000000	0.000000	0.000000
-0.916421	0.837890	0.810151	-0.000000	0.000000	0.000000	0.000000	0.000000	0.000000	0.000000
-0.916421	0.837890	0.810923	-0.000000	0.000000	0.000000	0.000000	0.000000	0.000000	0.000000
-0.916421	0.837890	0.810864	-0.000000	0.000000	0.000000	0.000000	0.000000	0.000000	0.000000
-0.916421	0.837890	0.810187	0.000000	0.000000	0.000000	0.000000	0.000000	0.000000	0.000000
-0.916421	0.837890	0.809812	0.000000	0.000000	0.000000	0.000000	0.000000	0.000000	0.000000
-0.916421	0.837890	0.811115	-0.000000	0.000000	0.000000	0.000000	0.000000	0.000000	0.000000
-0.916421	0.837890	0.810908	0.000000	0.000000	0.000000	0.000000	0.000000	0.000000	0.000000
-0.916421	0.837890	0.811571	0.000000	0.000000	0.000000	0.000000	0.000000	0.000000	0.000000
-0.916421	0.837890	0.810685	0.000000	0.000000	0.000000	0.000000	0.000000	0.000000	0.000000
-0.916421	0.837890	0.810382	-0.000000	0.000000	0.000000	0.000000	0.000000	0.000000	0.000000
-0.916421	0.837891	0.811395	-0.000000	0.000000	0.000000	0.000000	0.000000	0.000000	0.000000
-0.916421	0.837890	0.811054	-0.000000	0.000000	0.000000	0.000000	0.000000	0.000000	0.000000
-0.916421	0.837890	0.810836	0.000000	0.000000	0.000000	0.000000	0.000000	0.000000	0.000000
-0.916420	0.837890	0.810946	0.000000	0.000000	0.000000	0.000000	0.000000	0.000000	0.000000
-0.916421	0.837890	0.810302	-0.000000	0.000000	0.000000	0.000000	0.000000	0.000000	0.000000
-0.916421	0.837890	0.810765	-0.000000	0.000000	0.000000	0.000000	0.000000	0.000000	0.000000
-0.916421	0.837890	0.811397	-0.000001	0.000000	0.000000	0.000000	0.000000	0.000000	0.000000
-0.916421	0.837890	0.810695	-0.000000	0.000000	0.000000	0.000000	0.000000	0.000000	0.000000
-0.916421	0.837890	0.810553	0.000000	0.000000	0.000000	0.000000	0.000000	0.000000	0.000000
-0.916421	0.837890	0.811173	-0.000000	0.000000	0.000000	0.000000	0.000000	0.000000	0.000000
-0.916421	0.837890	0.810594	-0.000000	0.000000	0.000000	0.000000	0.000000	0.000000	0.000000
-0.916421	0.837890	0.810799	-0.000000	0.000000	0.000000	0.000000	0.000000	0.000000	0.000000
-0.916421	0.837890	0.809443	-0.000000	0.000000	0.000000	0.000000	0.000000	0.000000	0.000000
-0.916421	0.837890	0.810814	0.000000	0.000000	0.000000	0.000000	0.000000	0.000000	0.000000
-0.916421	0.837890	0.810967	0.000000	0.000000	0.000000	0.000000	0.000000	0.000000	0.000000
-0.916421	0.837890	0.809579	0.000000	0.000000	0.000000	0.000000	0.000000	0.000000	0.000000
-0.916421	0.837890	0.811095	-0.000000	0.000000	0.000000	0.000000	0.000000	0.000000	0.000000
-0.916421	0.837890	0.810033	-0.000000	0.000000	0.000000	0.000000	0.000000	0.000000	0.000000
-0.916421	0.837890	0.810678	0.000000	0.000000	0.000000	0.000000	0.000000	0.000000	0.000000
-0.916421	0.837890	0.811359	-0.000000	0.000000	0.000000	0.000000	0.000000	0.000000	0.000000
-0.916421	0.837890	0.810949	-0.000000	0.000000	0.000000	0.000000	0.000000	0.000000	0.000000
-0.916421	0.837890	0.811744	-0.000000	0.000000	0.000000	0.000000	0.000000	0.000000	0.000000
-0.916421	0.837890	0.810846	0.000000	0.000000	0.000000	0.000000	0.000000	0.000000	0.000000
-0.916421	0.837890	0.809811	-0.000000	0.000000	0.000000	0.000000	0.000000	0.000000	0.000000
-0.916421	0.837890	0.810732	0.000000	0.000000	0.000000	0.000000	0.000000	0.000000	0.000000
-0.916421	0.837890	0.809319	-0.000000	0.000000	0.000000	0.000000	0.000000	0.000000	0.000000
-0.916421	0.837890	0.811466	-0.000000	0.000000	0.000000	0.000000	0.000000	0.000000	0.000000
-0.916421	0.837890	0.811728	0.000000	0.000000	0.000000	0.000000	0.000000	0.000000	0.000000
-0.916421	0.837890	0.810402	0.000000	0.000000	0.000000	0.000000	0.000000	0.000000	0.000000
-0.916421	0.837890	0.810861	-0.000000	0.000000	0.000000	0.000000	0.000000	0.000000	0.000000
-0.916421	0.837890	0.810769	-0.000000	0.000000	0.000000	0.000000	0.000000	0.000000	0.000000
-0.916421	0.837890	0.810027	-0.000000	0.000000	0.000000	0.000000	0.000000	0.000000	0.000000
-0.916421	0.837890	0.810165	0.000000	0.000000	0.000000	0.000000	0.000000	0.000000	0.000000
-0.916421	0.837890	0.810716	0.000000	0.000000	0.000000	0.000000	0.000000	0.000000	0.000000
-0.916421	0.837890	0.810720	0.000000	0.000000	0.000000	0.000000	0.000000	0.000000	0.000000
-0.916421	0.837890	0.810679	0.000000	0.000000	0.000000	0.000000	0.000000	0.000000	0.000000
-0.916421	0.837890	0.811064	-0.000000	0.000000	0.000000	0.000000	0.000000	0.000000	0.000000
-0.916421	0.837890	0.811186	0.000000	0.000000	0.000000	0.000000	0.000000	0.000000	0.000000
-0.916421	0.837890	0.809857	-0.000000	0.000000	0.000000	0.000000	0.000000	0.000000	0.000000
-0.916421	0.837891	0.810460	0.000000	0.000000	0.000000	0.000000	0.000000	0.000000	0.000000
-0.916421	0.837890	0.810291	0.000000	0.000000	0.000000	0.000000	0.000000	0.000000	0.000000
-0.916421	0.837890	0.810171	0.000000	0.000000	0.000000	0.000000	0.000000	0.000000	0.000000
-0.916421	0.837890	0.811394	-0.000000	0.000000	0.000000	0.000000	0.000000	0.000000	0.000000
-0.916421	0.837890	0.810858	0.000000	0.000000	0.000000	0.000000	0.000000	0.000000	0.000000
-0.916421	0.837890	0.810293	0.000000	0.000000	0.000000	0.000000	0.000000	0.000000	0.000000
-0.916421	0.837890	0.809701	0.000000	0.000000	0.000000	0.000000	0.000000	0.000000	0.000000
-0.916421	0.837890	0.811557	-0.000000	0.000000	0.000000	0.000000	0.000000	0.000000	0.000000
-0.916421	0.837890	0.810948	0.000000	0.000000	0.000000	0.000000	0.000000	0.000000	0.000000
-0.916421	0.837890	0.810984	0.000000	0.000000	0.000000	0.000000	0.000000	0.000000	0.000000
-0.916421	0.837890	0.810426	-0.000000	0.000000	0.000000	0.000000	0.000000	0.000000	0.000000
-0.916421	0.837890	0.810425	-0.000000	0.000000	0.000000	0.000000	0.000000	0.000000	0.000000
-0.916420	0.837890	0.809963	0.000000	0.000000	0.000000	0.000000	0.000000	0.000000	0.000000
-0.916421	0.837888	0.810688	0.000000	0.000000	0.000000	0.000000	0.000000	0.000000	0.000000
-0.916421	0.837890	0.811015	0.000000	0.000000	0.000000	0.000000	0.000000	0.000000	0.000000
-0.916421	0.837890	0.810772	-0.000000	0.000000	0.000000	0.000000	0.000000	0.000000	0.000000
-0.916421	0.837890	0.810928	-0.000000	0.000000	0.000000	0.000000	0.000000	0.000000	0.000000
-0.916421	0.837890	0.811043	-0.000000	0.000000	0.000000	0.000000	0.000000	0.000000	0.000000
-0.916421	0.837890	0.810028	0.000000	0.000000	0.000000	0.000000	0.000000	0.000000	0.000000
-0.916421	0.837890	0.810817	-0.000000	0.000000	0.000000	0.000000	0.000000	0.000000	0.000000
-0.916421	0.837890	0.810647	0.000000	0.000000	0.000000	0.000000	0.000000	0.000000	0.000000
-0.916421	0.837890	0.810459	-0.000000	0.000000	0.000000	0.000000	0.000000	0.000000	0.000000
-0.916421	0.837890	0.810857	-0.000000	0.000000	0.000000	0.000000	0.000000	0.000000	0.000000
-0.916421	0.837890	0.811009	-0.000000	0.000000	0.000000	0.000000	0.000000	0.000000	0.000000
-0.916421	0.837890	0.810251	-0.000000	0.000000	0.000000	0.000000	0.000000	0.000000	0.000000
-0.916421	0.837890	0.810643	-0.000000	0.000000	0.000000	0.000000	0.000000	0.000000	0.000000
-0.916421	0.837890	0.810626	0.000000	0.000000	0.000000	0.000000	0.000000	0.000000	0.000000
-0.916421	0.837890	0.810844	0.000000	0.000000	0.000000	0.000000	0.000000	0.000000	0.000000
-0.916421	0.837890	0.810314	-0.000000	0.000000	0.000000	0.000000	0.000000	0.000000	0.000000
-0.916421	0.837890	0.810164	-0.000000	0.000000	0.000000	0.000000	0.000000	0.000000	0.000000
-0.916421	0.837890	0.810494	-0.000000	0.000000	0.000000	0.000000	0.000000	0.000000	0.000000
-0.916421	0.837890	0.810941	0.000000	0.000000	0.000000	0.000000	0.000000	0.000000	0.000000
-0.916421	0.837890	0.811277	-0.000000	0.000000	0.000000	0.000000	0.000000	0.000000	0.000000
-0.916421	0.837890	0.811286	-0.000000	0.000000	0.000000	0.000000	0.000000	0.000000	0.000000
-0.916421	0.837890	0.810760	-0.000000	0.000000	0.000000	0.000000	0.000000	0.000000	0.000000
-0.916421	0.837890	0.810219	-0.000000	0.000000	0.000000	0.000000	0.000000	0.000000	0.000000
-0.916421	0.837891	0.810586	-0.000000	0.000000	0.000000	0.000000	0.000000	0.000000	0.000000
-0.916421	0.837890	0.809686	-0.000000	0.000000	0.000000	0.000000	0.000000	0.000000	0.000000
-0.916421	0.837890	0.810144	-0.000000	0.000000	0.000000	0.000000	0.000000	0.000000	0.000000
-0.916421	0.837890	0.812111	-0.000000	0.000000	0.000000	0.000000	0.000000	0.000000	0.000000
-0.916421	0.837890	0.810563	-0.000000	0.000000	0.000000	0.000000	0.000000	0.000000	0.000000
-0.916421	0.837890	0.810873	-0.000000	0.000000	0.000000	0.000000	0.000000	0.000000	0.000000
-0.916421	0.837890	0.812072	-0.000000	0.000000	0.000000	0.000000	0.000000	0.000000	0.000000
-0.916421	0.837890	0.810989	-0.000000	0.000000	0.000000	0.000000	0.000000	0.000000	0.000000
-0.916421	0.837890	0.810481	-0.000000	0.000000	0.000000	0.000000	0.000000	0.000000	0.000000
-0.916421	0.837890	0.810858	0.000000	0.000000	0.000000	0.000000	0.000000	0.000000	0.000000
-0.916420	0.837890	0.811213	0.000000	0.000000	0.000000	0.000000	0.000000	0.000000	0.000000
-0.916421	0.837890	0.810545	-0.000000	0.000000	0.000000	0.000000	0.000000	0.000000	0.000000
-0.916421	0.837890	0.810797	-0.000000	0.000000	0.000000	0.000000	0.000000	0.000000	0.000000
-0.916421	0.837890	0.810278	-0.000000	0.000000	0.000000	0.000000	0.000000	0.000000	0.000000
-0.916421	0.837890	0.811404	0.000000	0.000000	0.000000	0.000000	0.000000	0.000000	0.000000
-0.916421	0.837890	0.810711	-0.000000	0.000000	0.000000	0.000000	0.000000	0.000000	0.000000
-0.916421	0.837890	0.810867	-0.000000	0.000000	0.000000	0.000000	0.000000	0.000000	0.000000
-0.916421	0.837890	0.810186	0.000000	0.000000	0.000000	0.000000	0.000000	0.000000	0.000000
-0.916421	0.837890	0.810759	0.000000	0.000000	0.000000	0.000000	0.000000	0.000000	0.000000
-0.916421	0.837890	0.810084	-0.000000	0.000000	0.000000	0.000000	0.000000	0.000000	0.000000
-0.916421	0.837890	0.809721	-0.000000	0.000000	0.000000	0.000000	0.000000	0.000000	0.000000
-0.916421	0.837890	0.810261	-0.000000	0.000000	0.000000	0.000000	0.000000	0.000000	0.000000
-0.916421	0.837890	0.810520	-0.000000	0.000000	0.000000	0.000000	0.000000	0.000000	0.000000
-0.916421	0.837890	0.810539	0.000000	0.000000	0.000000	0.000000	0.000000	0.000000	0.000000
-0.916421	0.837890	0.810809	0.000000	0.000000	0.000000	0.000000	0.000000	0.000000	0.000000
-0.916421	0.837890	0.809050	0.000000	0.000000	0.000000	0.000000	0.000000	0.000000	0.000000
-0.916421	0.837890	0.810186	0.000000	0.000000	0.000000	0.000000	0.000000	0.000000	0.000000
-0.916421	0.837890	0.810804	0.000000	0.000000	0.000000	0.000000	0.000000	0.000000	0.000000
-0.916421	0.837890	0.810787	-0.000000	0.000000	0.000000	0.000000	0.000000	0.000000	0.000000
-0.916421	0.837890	0.810706	0.000000	0.000000	0.000000	0.000000	0.000000	0.000000	0.000000
-0.916421	0.837890	0.810421	-0.000000	0.000000	0.000000	0.000000	0.000000	0.000000	0.000000
-0.916421	0.837890	0.811550	-0.000000	0.000000	0.000000	0.000000	0.000000	0.000000	0.000000
-0.916421	0.837890	0.811068	-0.000000	0.000000	0.000000	0.000000	0.000000	0.000000	0.000000
-0.916420	0.837890	0.811412	-0.000000	0.000000	0.000000	0.000000	0.000000	0.000000	0.000000
-0.916421	0.837890	0.810667	-0.000000	0.000000	0.000000	0.000000	0.000000	0.000000	0.000000
-0.916421	0.837890	0.810217	-0.000000	0.000000	0.000000	0.000000	0.000000	0.000000	0.000000
-0.916421	0.837890	0.810094	-0.000000	0.000000	0.000000	0.000000	0.000000	0.000000	0.000000
-0.916421	0.837890	0.811440	0.000000	0.000000	0.000000	0.000000	0.000000	0.000000	0.000000
-0.916421	0.837890	0.809701	0.000000	0.000000	0.000000	0.000000	0.000000	0.000000	0.000000
-0.916421	0.837890	0.810433	-0.000000	0.000000	0.000000	0.000000	0.000000	0.000000	0.000000
-0.916421	0.837886	0.810849	-0.000000	0.000000	0.000000	0.000000	0.000000	0.000000	0.000000
-0.916421	0.837890	0.811519	0.000000	0.000000	0.000000	0.000000	0.000000	0.000000	0.000000
-0.916421	0.837890	0.811402	0.000000	0.000000	0.000000	0.000000	0.000000	0.000000	0.000000
-0.916421	0.837890	0.811108	-0.000000	0.000000	0.000000	0.000000	0.000000	0.000000	0.000000
-0.916421	0.837889	0.811104	0.000000	0.000000	0.000000	0.000000	0.000000	0.000000	0.000000
-0.916421	0.837890	0.810667	-0.000000	0.000000	0.000000	0.000000	0.000000	0.000000	0.000000
-0.916421	0.837890	0.810593	0.000000	0.000000	0.000000	0.000000	0.000000	0.000000	0.000000
-0.916421	0.837890	0.810977	0.000000	0.000000	0.000000	0.000000	0.000000	0.000000	0.000000
-0.916421	0.837890	0.810358	0.000000	0.000000	0.000000	0.000000	0.000000	0.000000	0.000000
-0.916421	0.837890	0.810671	-0.000000	0.000000	0.000000	0.000000	0.000000	0.000000	0.000000
-0.916421	0.837890	0.810349	-0.000000	0.000000	0.000000	0.000000	0.000000	0.000000	0.000000
-0.916421	0.837890	0.811306	0.000000	0.000000	0.000000	0.000000	0.000000	0.000000	0.000000
-0.916421	0.837890	0.810969	-0.000000	0.000000	0.000000	0.000000	0.000000	0.000000	0.000000
-0.916421	0.837890	0.810302	-0.000000	0.000000	0.000000	0.000000	0.000000	0.000000	0.000000
-0.916421	0.837890	0.811362	-0.000000	0.000000	0.000000	0.000000	0.000000	0.000000	0.000000
-0.916421	0.837890	0.811159	-0.000000	0.000000	0.000000	0.000000	0.000000	0.000000	0.000000
-0.916421	0.837890	0.810352	0.000000	0.000000	0.000000	0.000000	0.000000	0.000000	0.000000
-0.916420	0.837890	0.810537	-0.000000	0.000000	0.000000	0.000000	0.000000	0.000000	0.000000
-0.916421	0.837890	0.810661	0.000000	0.000000	0.000000	0.000000	0.000000	0.000000	0.000000
-0.916421	0.837890	0.810423	0.000000	0.000000	0.000000	0.000000	0.000000	0.000000	0.000000
-0.916421	0.837890	0.810749	-0.000000	0.000000	0.000000	0.000000	0.000000	0.000000	0.000000
-0.916421	0.837890	0.811491	0.000000	0.000000	0.000000	0.000000	0.000000	0.000000	0.000000
-0.916421	0.837891	0.810312	-0.000000	0.000000	0.000000	0.000000	0.000000	0.000000	0.000000
-0.916420	0.837890	0.810752	-0.000000	0.000000	0.000000	0.000000	0.000000	0.000000	0.000000
-0.916421	0.837890	0.810998	-0.000000	0.000000	0.000000	0.000000	0.000000	0.000000	0.000000
-0.916421	0.837890	0.811314	0.000000	0.000000	0.000000	0.000000	0.000000	0.000000	0.000000
-0.916421	0.837890	0.811844	-0.000000	0.000000	0.000000	0.000000	0.000000	0.000000	0.000000
-0.916421	0.837888	0.810267	0.000000	0.000000	0.000000	0.000000	0.000000	0.000000	0.000000
-0.916421	0.837890	0.810494	-0.000000	0.000000	0.000000	0.000000	0.000000	0.000000	0.000000
-0.916421	0.837891	0.810880	-0.000000	0.000000	0.000000	0.000000	0.000000	0.000000	0.000000
-0.916421	0.837890	0.810733	0.000000	0.000000	0.000000	0.000000	0.000000	0.000000	0.000000
-0.916421	0.837890	0.811324	0.000000	0.000000	0.000000	0.000000	0.000000	0.000000	0.000000
-0.916421	0.837890	0.810733	0.000000	0.000000	0.000000	0.000000	0.000000	0.000000	0.000000
-0.916421	0.837890	0.809549	-0.000000	0.000000	0.000000	0.000000	0.000000	0.000000	0.000000
-0.916421	0.837890	0.811673	0.000000	0.000000	0.000000	0.000000	0.000000	0.000000	0.000000
-0.916421	0.837890	0.810909	0.000000	0.000000	0.000000	0.000000	0.000000	0.000000	0.000000
-0.916421	0.837890	0.809545	-0.000000	0.000000	0.000000	0.000000	0.000000	0.000000	0.000000
-0.916421	0.837890	0.789836	-0.000000	0.000000	0.000000	0.000000	0.000000	0.000000	0.000000
-0.916421	0.837890	0.811455	-0.000000	0.000000	0.000000	0.000000	0.000000	0.000000	0.000000
-0.916421	0.837890	0.809835	-0.000000	0.000000	0.000000	0.000000	0.000000	0.000000	0.000000
-0.916421	0.837890	0.811739	0.000000	0.000000	0.000000	0.000000	0.000000	0.000000	0.000000
-0.916421	0.837890	0.810704	0.000000	0.000000	0.000000	0.000000	0.000000	0.000000	0.000000
-0.916421	0.837890	0.810855	-0.000000	0.000000	0.000000	0.000000	0.000000	0.000000	0.000000
-0.916421	0.837890	0.810496	-0.000000	0.000000	0.000000	0.000000	0.000000	0.000000	0.000000
-0.916421	0.837890	0.809869	-0.000000	0.000000	0.000000	0.000000	0.000000	0.000000	0.000000
-0.916421	0.837890	0.810700	-0.000000	0.000000	0.000000	0.000000	0.000000	0.000000	0.000000
-0.916421	0.837890	0.810354	-0.000000	0.000000	0.000000	0.000000	0.000000	0.000000	0.000000
-0.916421	0.837890	0.811083	-0.000000	0.000000	0.000000	0.000000	0.000000	0.000000	0.000000
-0.916421	0.837890	0.810830	0.000000	0.000000	0.000000	0.000000	0.000000	0.000000	0.000000
-0.916421	0.837890	0.811180	-0.000000	0.000000	0.000000	0.000000	0.000000	0.000000	0.000000
-0.916421	0.837890	0.811003	0.000000	0.000000	0.000000	0.000000	0.000000	0.000000	0.000000
-0.916421	0.837890	0.810480	-0.000000	0.000000	0.000000	0.000000	0.000000	0.000000	0.000000
-0.916421	0.837890	0.810598	-0.000000	0.000000	0.000000	0.000000	0.000000	0.000000	0.000000
-0.916421	0.837890	0.811112	0.000000	0.000000	0.000000	0.000000	0.000000	0.000000	0.000000
-0.916421	0.837890	0.811163	-0.000000	0.000000	0.000000	0.000000	0.000000	0.000000	0.000000
-0.916421	0.837890	0.809960	-0.000000	0.000000	0.000000	0.000000	0.000000	0.000000	0.000000
-0.916421	0.837890	0.809680	-0.000000	0.000000	0.000000	0.000000	0.000000	0.000000	0.000000
-0.916421	0.837890	0.810604	0.000000	0.000000	0.000000	0.000000	0.000000	0.000000	0.000000
-0.916421	0.837890	0.811871	0.000000	0.000000	0.000000	0.000000	0.000000	0.000000	0.000000
-0.916421	0.837890	0.811549	-0.000000	0.000000	0.000000	0.000000	0.000000	0.000000	0.000000
-0.916421	0.837890	0.810903	-0.000000	0.000000	0.000000	0.000000	0.000000	0.000000	0.000000
-0.916421	0.837890	0.810186	-0.000000	0.000000	0.000000	0.000000	0.000000	0.000000	0.000000
-0.916421	0.837890	0.810723	-0.000000	0.000000	0.000000	0.000000	0.000000	0.000000	0.000000
-0.916421	0.837890	0.811500	-0.000000	0.000000	0.000000	0.000000	0.000000	0.000000	0.000000
-0.916420	0.837890	0.810956	0.000000	0.000000	0.000000	0.000000	0.000000	0.000000	0.000000
-0.916421	0.837890	0.810317	-0.000000	0.000000	0.000000	0.000000	0.000000	0.000000	0.000000
-0.916421	0.837890	0.810469	-0.000000	0.000000	0.000000	0.000000	0.000000	0.000000	0.000000
-0.916421	0.837890	0.810514	-0.000000	0.000000	0.000000	0.000000	0.000000	0.000000	0.000000
-0.916421	0.837890	0.810252	0.000000	0.000000	0.000000	0.000000	0.000000	0.000000	0.000000
-0.916421	0.837890	0.810179	-0.000000	0.000000	0.000000	0.000000	0.000000	0.000000	0.000000
-0.916421	0.837890	0.811131	-0.000000	0.000000	0.000000	0.000000	0.000000	0.000000	0.000000
-0.916421	0.837890	0.810796	-0.000000	0.000000	0.000000	0.000000	0.000000	0.000000	0.000000
-0.916421	0.837890	0.811387	-0.000000	0.000000	0.000000	0.000000	0.000000	0.000000	0.000000
-0.916421	0.837890	0.810559	-0.000000	0.000000	0.000000	0.000000	0.000000	0.000000	0.000000
-0.916421	0.837890	0.811369	-0.000000	0.000000	0.000000	0.000000	0.000000	0.000000	0.000000
-0.916421	0.837890	0.810786	-0.000000	0.000000	0.000000	0.000000	0.000000	0.000000	0.000000
-0.916421	0.837890	0.811043	-0.000000	0.000000	0.000000	0.000000	0.000000	0.000000	0.000000
-0.916421	0.837890	0.811435	0.000000	0.000000	0.000000	0.000000	0.000000	0.000000	0.000000
-0.916421	0.837890	0.810446	-0.000000	0.000000	0.000000	0.000000	0.000000	0.000000	0.000000
-0.916421	0.837890	0.809763	-0.000000	0.000000	0.000000	0.000000	0.000000	0.000000	0.000000
-0.916421	0.837890	0.810188	0.000000	0.000000	0.000000	0.000000	0.000000	0.000000	0.000000
-0.916421	0.837890	0.811332	0.000000	0.000000	0.000000	0.000000	0.000000	0.000000	0.000000
-0.916421	0.837890	0.810425	0.000000	0.000000	0.000000	0.000000	0.000000	0.000000	0.000000
-0.916421	0.837890	0.810516	-0.000000	0.000000	0.000000	0.000000	0.000000	0.000000	0.000000
-0.916421	0.837890	0.810182	-0.000000	0.000000	0.000000	0.000000	0.000000	0.000000	0.000000
-0.916421	0.837890	0.810615	-0.000000	0.000000	0.000000	0.000000	0.000000	0.000000	0.000000
-0.916421	0.837890	0.810713	0.000000	0.000000	0.000000	0.000000	0.000000	0.000000	0.000000
-0.916421	0.837889	0.811123	0.000000	0.000000	0.000000	0.000000	0.000000	0.000000	0.000000
-0.916421	0.837890	0.810063	-0.000000	0.000000	0.000000	0.000000	0.000000	0.000000	0.000000
-0.916421	0.837890	0.810576	-0.000000	0.000000	0.000000	0.000000	0.000000	0.000000	0.000000
-0.916421	0.837890	0.810642	0.000000	0.000000	0.000000	0.000000	0.000000	0.000000	0.000000
-0.916421	0.837890	0.810601	-0.000000	0.000000	0.000000	0.000000	0.000000	0.000000	0.000000
-0.916421	0.837890	0.809952	-0.000000	0.000000	0.000000	0.000000	0.000000	0.000000	0.000000
-0.916421	0.837890	0.810652	-0.000000	0.000000	0.000000	0.000000	0.000000	0.000000	0.000000
