-0.958045	-0.829069	0.784846	0.000000	0.000000	0.000000	0.000000	0.000000	0.000000	0.000000
-0.958045	-0.829069	0.784694	-0.000000	0.000000	0.000000	0.000000	0.000000	0.000000	0.000000
-0.958044	-0.829070	0.784846	-0.000000	0.000000	0.000000	0.000000	0.000000	0.000000	0.000000
-0.958045	-0.829069	0.784826	-0.000000	0.000000	0.000000	0.000000	0.000000	0.000000	0.000000
-0.958045	-0.829069	0.784847	0.000000	0.000000	0.000000	0.000000	0.000000	0.000000	0.000000
-0.958045	-0.829069	0.784844	-0.000000	0.000000	0.000000	0.000000	0.000000	0.000000	0.000000
-0.958045	-0.829070	0.784846	-0.000000	0.000000	0.000000	0.000000	0.000000	0.000000	0.000000
-0.958045	-0.829070	0.784846	-0.000000	0.000000	0.000000	0.000000	0.000000	0.000000	0.000000
-0.958045	-0.829069	0.784844	-0.000000	0.000000	0.000000	0.000000	0.000000	0.000000	0.000000
-0.958045	-0.829070	0.784830	0.000000	0.000000	0.000000	0.000000	0.000000	0.000000	0.000000
-0.958044	-0.829069	0.784554	-0.000000	0.000000	0.000000	0.000000	0.000000	0.000000	0.000000
-0.958045	-0.829069	0.784847	-0.000000	0.000000	0.000000	0.000000	0.000000	0.000000	0.000000
-0.958045	-0.829070	0.749320	-0.000000	0.000000	0.000000	0.000000	0.000000	0.000000	0.000000
-0.958044	-0.829069	0.784843	-0.000000	0.000000	0.000000	0.000000	0.000000	0.000000	0.000000
-0.958045	-0.829069	0.784834	-0.000000	0.000000	0.000000	0.000000	0.000000	0.000000	0.000000
-0.958044	-0.829069	0.784812	0.000000	0.000000	0.000000	0.000000	0.000000	0.000000	0.000000
-0.958044	-0.829070	0.784846	0.000000	0.000000	0.000000	0.000000	0.000000	0.000000	0.000000
-0.958044	-0.829069	0.784846	0.000000	0.000000	0.000000	0.000000	0.000000	0.000000	0.000000
-0.958045	-0.829070	0.784846	-0.000000	0.000000	0.000000	0.000000	0.000000	0.000000	0.000000
-0.958044	-0.829069	0.784834	0.000000	0.000000	0.000000	0.000000	0.000000	0.000000	0.000000
-0.958045	-0.829069	0.784812	-0.000000	0.000000	0.000000	0.000000	0.000000	0.000000	0.000000
-0.958044	-0.829069	0.784846	-0.000000	0.000000	0.000000	0.000000	0.000000	0.000000	0.000000
-0.958045	-0.829069	0.784846	-0.000000	0.000000	0.000000	0.000000	0.000000	0.000000	0.000000
-0.958045	-0.829068	0.784640	-0.000000	0.000000	0.000000	0.000000	0.000000	0.000000	0.000000
-0.958045	-0.829069	0.784846	-0.000000	0.000000	0.000000	0.000000	0.000000	0.000000	0.000000
-0.958045	-0.829070	0.784831	0.000000	0.000000	0.000000	0.000000	0.000000	0.000000	0.000000
-0.958045	-0.829069	0.784846	-0.000000	0.000000	0.000000	0.000000	0.000000	0.000000	0.000000
-0.958045	-0.829069	0.784846	-0.000000	0.000000	0.000000	0.000000	0.000000	0.000000	0.000000
-0.958045	-0.829069	0.784847	-0.000000	0.000000	0.000000	0.000000	0.000000	0.000000	0.000000
-0.958045	-0.829070	0.784847	-0.000000	0.000000	0.000000	0.000000	0.000000	0.000000	0.000000
-0.958045	-0.829069	0.784846	-0.000000	0.000000	0.000000	0.000000	0.000000	0.000000	0.000000
-0.958044	-0.829070	0.784830	-0.000000	0.000000	0.000000	0.000000	0.000000	0.000000	0.000000
-0.958045	-0.829069	0.784831	-0.000000	0.000000	0.000000	0.000000	0.000000	0.000000	0.000000
-0.958044	-0.829069	0.784702	0.000000	0.000000	0.000000	0.000000	0.000000	0.000000	0.000000
-0.958044	-0.829069	0.784538	0.000000	0.000000	0.000000	0.000000	0.000000	0.000000	0.000000
-0.958045	-0.829069	0.784846	-0.000000	0.000000	0.000000	0.000000	0.000000	0.000000	0.000000
-0.958045	-0.829069	0.784846	0.000000	0.000000	0.000000	0.000000	0.000000	0.000000	0.000000
-0.958044	-0.829069	0.784847	0.000000	0.000000	0.000000	0.000000	0.000000	0.000000	0.000000
-0.958045	-0.829070	0.784846	0.000000	0.000000	0.000000	0.000000	0.000000	0.000000	0.000000
-0.958045	-0.829069	0.784846	-0.000000	0.000000	0.000000	0.000000	0.000000	0.000000	0.000000
-0.958045	-0.829069	0.784846	0.000000	0.000000	0.000000	0.000000	0.000000	0.000000	0.000000
-0.958045	-0.829069	0.784846	-0.000000	0.000000	0.000000	0.000000	0.000000	0.000000	0.000000
-0.958044	-0.829069	0.784833	-0.000000	0.000000	0.000000	0.000000	0.000000	0.000000	0.000000
-0.958044	-0.829070	0.784846	0.000000	0.000000	0.000000	0.000000	0.000000	0.000000	0.000000
-0.958045	-0.829068	0.784838	0.000000	0.000000	0.000000	0.000000	0.000000	0.000000	0.000000
-0.958044	-0.829069	0.784847	-0.000000	0.000000	0.000000	0.000000	0.000000	0.000000	0.000000
-0.958044	-0.829069	0.784811	-0.000000	0.000000	0.000000	0.000000	0.000000	0.000000	0.000000
-0.958044	-0.829069	0.784845	0.000000	0.000000	0.000000	0.000000	0.000000	0.000000	0.000000
-0.958045	-0.829070	0.784845	-0.000000	0.000000	0.000000	0.000000	0.000000	0.000000	0.000000
-0.958045	-0.829069	0.784847	-0.000000	0.000000	0.000000	0.000000	0.000000	0.000000	0.000000
-0.958044	-0.829069	0.784843	-0.000000	0.000000	0.000000	0.000000	0.000000	0.000000	0.000000
-0.958045	-0.829069	0.784840	-0.000000	0.000000	0.000000	0.000000	0.000000	0.000000	0.000000
-0.958044	-0.829070	0.784846	-0.000000	0.000000	0.000000	0.000000	0.000000	0.000000	0.000000
-0.958044	-0.829069	0.784627	-0.000000	0.000000	0.000000	0.000000	0.000000	0.000000	0.000000
-0.958045	-0.829069	0.784846	0.000000	0.000000	0.000000	0.000000	0.000000	0.000000	0.000000
-0.958044	-0.829069	0.784845	-0.000000	0.000000	0.000000	0.000000	0.000000	0.000000	0.000000
-0.958044	-0.829069	0.783742	-0.000000	0.000000	0.000000	0.000000	0.000000	0.000000	0.000000
-0.958045	-0.829069	0.784847	-0.000000	0.000000	0.000000	0.000000	0.000000	0.000000	0.000000
-0.958045	-0.829069	0.783538	-0.000000	0.000000	0.000000	0.000000	0.000000	0.000000	0.000000
-0.958045	-0.829070	0.784845	-0.000000	0.000000	0.000000	0.000000	0.000000	0.000000	0.000000
-0.958045	-0.829069	0.783590	0.000000	0.000000	0.000000	0.000000	0.000000	0.000000	0.000000
-0.958044	-0.829069	0.784801	0.000000	0.000000	0.000000	0.000000	0.000000	0.000000	0.000000
-0.958045	-0.829069	0.784845	-0.000000	0.000000	0.000000	0.000000	0.000000	0.000000	0.000000
-0.958045	-0.829069	0.784846	0.000000	0.000000	0.000000	0.000000	0.000000	0.000000	0.000000
-0.958045	-0.829069	0.784847	-0.000000	0.000000	0.000000	0.000000	0.000000	0.000000	0.000000
-0.958044	-0.829069	0.784846	-0.000000	0.000000	0.000000	0.000000	0.000000	0.000000	0.000000
-0.958044	-0.829069	0.784847	-0.000000	0.000000	0.000000	0.000000	0.000000	0.000000	0.000000
-0.958044	-0.829069	0.784846	-0.000000	0.000000	0.000000	0.000000	0.000000	0.000000	0.000000
-0.958044	-0.829062	0.784843	-0.000000	0.000000	0.000000	0.000000	0.000000	0.000000	0.000000
-0.958045	-0.829069	0.783621	-0.000000	0.000000	0.000000	0.000000	0.000000	0.000000	0.000000
-0.958045	-0.829069	0.784841	-0.000000	0.000000	0.000000	0.000000	0.000000	0.000000	0.000000
-0.958045	-0.829069	0.784846	-0.000000	0.000000	0.000000	0.000000	0.000000	0.000000	0.000000
-0.958045	-0.829069	0.784846	-0.000000	0.000000	0.000000	0.000000	0.000000	0.000000	0.000000
-0.958045	-0.829069	0.784846	-0.000000	0.000000	0.000000	0.000000	0.000000	0.000000	0.000000
-0.958045	-0.829069	0.784847	0.000000	0.000000	0.000000	0.000000	0.000000	0.000000	0.000000
-0.958045	-0.829069	0.784772	-0.000000	0.000000	0.000000	0.000000	0.000000	0.000000	0.000000
-0.958044	-0.829069	0.784846	0.000000	0.000000	0.000000	0.000000	0.000000	0.000000	0.000000
-0.958045	-0.829069	0.784846	0.000000	0.000000	0.000000	0.000000	0.000000	0.000000	0.000000
-0.958045	-0.829069	0.784846	-0.000000	0.000000	0.000000	0.000000	0.000000	0.000000	0.000000
-0.958044	-0.829070	0.784847	-0.000000	0.000000	0.000000	0.000000	0.000000	0.000000	0.000000
-0.958045	-0.829069	0.784846	-0.000000	0.000000	0.000000	0.000000	0.000000	0.000000	0.000000
-0.958044	-0.829069	0.784846	-0.000000	0.000000	0.000000	0.000000	0.000000	0.000000	0.000000
-0.958044	-0.829069	0.780673	0.000000	0.000000	0.000000	0.000000	0.000000	0.000000	0.000000
-0.958044	-0.829069	0.784814	0.000000	0.000000	0.000000	0.000000	0.000000	0.000000	0.000000
-0.958045	-0.829070	0.784846	0.000000	0.000000	0.000000	0.000000	0.000000	0.000000	0.000000
-0.958045	-0.829070	0.784845	0.000000	0.000000	0.000000	0.000000	0.000000	0.000000	0.000000
-0.958045	-0.829069	0.784846	-0.000000	0.000000	0.000000	0.000000	0.000000	0.000000	0.000000
-0.958045	-0.829069	0.784846	0.000000	0.000000	0.000000	0.000000	0.000000	0.000000	0.000000
-0.958045	-0.829069	0.784841	0.000000	0.000000	0.000000	0.000000	0.000000	0.000000	0.000000
-0.958045	-0.829069	0.784846	-0.000000	0.000000	0.000000	0.000000	0.000000	0.000000	0.000000
-0.958045	-0.829069	0.784847	0.000000	0.000000	0.000000	0.000000	0.000000	0.000000	0.000000
-0.958045	-0.829069	0.784824	-0.000000	0.000000	0.000000	0.000000	0.000000	0.000000	0.000000
-0.958045	-0.829070	0.784808	0.000000	0.000000	0.000000	0.000000	0.000000	0.000000	0.000000
-0.958045	-0.829069	0.784846	-0.000000	0.000000	0.000000	0.000000	0.000000	0.000000	0.000000
-0.958045	-0.829069	0.784847	-0.000000	0.000000	0.000000	0.000000	0.000000	0.000000	0.000000
-0.958045	-0.829069	0.784845	-0.000000	0.000000	0.000000	0.000000	0.000000	0.000000	0.000000
-0.958044	-0.829069	0.784846	-0.000000	0.000000	0.000000	0.000000	0.000000	0.000000	0.000000
-0.958045	-0.829069	0.784800	0.000000	0.000000	0.000000	0.000000	0.000000	0.000000	0.000000
-0.958045	-0.829069	0.784845	-0.000000	0.000000	0.000000	0.000000	0.000000	0.000000	0.000000
-0.958044	-0.829069	0.784835	0.000000	0.000000	0.000000	0.000000	0.000000	0.000000	0.000000
-0.958045	-0.829069	0.784847	-0.000000	0.000000	0.000000	0.000000	0.000000	0.000000	0.000000
-0.958045	-0.829069	0.784846	0.000000	0.000000	0.000000	0.000000	0.000000	0.000000	0.000000
-0.958044	-0.829069	0.784846	0.000000	0.000000	0.000000	0.000000	0.000000	0.000000	0.000000
-0.958044	-0.829069	0.784847	-0.000000	0.000000	0.000000	0.000000	0.000000	0.000000	0.000000
-0.958045	-0.829069	0.784846	-0.000000	0.000000	0.000000	0.000000	0.000000	0.000000	0.000000
-0.958045	-0.829069	0.784835	0.000000	0.000000	0.000000	0.000000	0.000000	0.000000	0.000000
-0.958045	-0.829070	0.784846	-0.000000	0.000000	0.000000	0.000000	0.000000	0.000000	0.000000
-0.958045	-0.829070	0.784847	-0.000000	0.000000	0.000000	0.000000	0.000000	0.000000	0.000000
-0.958045	-0.829069	0.784813	-0.000000	0.000000	0.000000	0.000000	0.000000	0.000000	0.000000
-0.958045	-0.829069	0.783708	-0.000000	0.000000	0.000000	0.000000	0.000000	0.000000	0.000000
-0.958044	-0.829069	0.784846	0.000000	0.000000	0.000000	0.000000	0.000000	0.000000	0.000000
-0.958044	-0.829070	0.784846	-0.000000	0.000000	0.000000	0.000000	0.000000	0.000000	0.000000
-0.958044	-0.829070	0.784846	-0.000000	0.000000	0.000000	0.000000	0.000000	0.000000	0.000000
-0.958045	-0.829069	0.784844	0.000000	0.000000	0.000000	0.000000	0.000000	0.000000	0.000000
-0.958045	-0.829069	0.784846	-0.000000	0.000000	0.000000	0.000000	0.000000	0.000000	0.000000
-0.958044	-0.829068	0.784683	0.000000	0.000000	0.000000	0.000000	0.000000	0.000000	0.000000
-0.958045	-0.829070	0.784846	-0.000000	0.000000	0.000000	0.000000	0.000000	0.000000	0.000000
-0.958045	-0.829069	0.784845	-0.000000	0.000000	0.000000	0.000000	0.000000	0.000000	0.000000
-0.958044	-0.829069	0.784846	0.000000	0.000000	0.000000	0.000000	0.000000	0.000000	0.000000
-0.958045	-0.829069	0.784845	-0.000000	0.000000	0.000000	0.000000	0.000000	0.000000	0.000000
-0.958044	-0.829069	0.784649	-0.000000	0.000000	0.000000	0.000000	0.000000	0.000000	0.000000
-0.958044	-0.829069	0.784839	-0.000000	0.000000	0.000000	0.000000	0.000000	0.000000	0.000000
-0.958044	-0.829069	0.784847	-0.000000	0.000000	0.000000	0.000000	0.000000	0.000000	0.000000
-0.958044	-0.829069	0.784843	-0.000000	0.000000	0.000000	0.000000	0.000000	0.000000	0.000000
-0.958044	-0.829070	0.784847	-0.000000	0.000000	0.000000	0.000000	0.000000	0.000000	0.000000
-0.958044	-0.829069	0.784844	0.000000	0.000000	0.000000	0.000000	0.000000	0.000000	0.000000
-0.958044	-0.829070	0.784844	-0.000000	0.000000	0.000000	0.000000	0.000000	0.000000	0.000000
-0.958045	-0.829069	0.784847	-0.000000	0.000000	0.000000	0.000000	0.000000	0.000000	0.000000
-0.958044	-0.829069	0.784846	-0.000000	0.000000	0.000000	0.000000	0.000000	0.000000	0.000000
-0.958045	-0.829069	0.784846	-0.000000	0.000000	0.000000	0.000000	0.000000	0.000000	0.000000
-0.958045	-0.829069	0.784845	-0.000000	0.000000	0.000000	0.000000	0.000000	0.000000	0.000000
-0.958045	-0.829069	0.784847	-0.000000	0.000000	0.000000	0.000000	0.000000	0.000000	0.000000
-0.958045	-0.829069	0.783646	-0.000000	0.000000	0.000000	0.000000	0.000000	0.000000	0.000000
-0.958044	-0.829069	0.784829	0.000000	0.000000	0.000000	0.000000	0.000000	0.000000	0.000000
-0.958045	-0.829069	0.784659	-0.000000	0.000000	0.000000	0.000000	0.000000	0.000000	0.000000
-0.958045	-0.829069	0.784832	-0.000000	0.000000	0.000000	0.000000	0.000000	0.000000	0.000000
-0.958045	-0.829069	0.784846	-0.000000	0.000000	0.000000	0.000000	0.000000	0.000000	0.000000
-0.958045	-0.829070	0.784846	0.000000	0.000000	0.000000	0.000000	0.000000	0.000000	0.000000
-0.958044	-0.829069	0.784846	-0.000000	0.000000	0.000000	0.000000	0.000000	0.000000	0.000000
-0.958045	-0.829069	0.784811	0.000000	0.000000	0.000000	0.000000	0.000000	0.000000	0.000000
-0.958045	-0.829069	0.784823	-0.000000	0.000000	0.000000	0.000000	0.000000	0.000000	0.000000
-0.958045	-0.829069	0.784838	0.000000	0.000000	0.000000	0.000000	0.000000	0.000000	0.000000
-0.958045	-0.829069	0.784841	-0.000000	0.000000	0.000000	0.000000	0.000000	0.000000	0.000000
-0.958045	-0.829069	0.784141	0.000000	0.000000	0.000000	0.000000	0.000000	0.000000	0.000000
-0.958044	-0.829070	0.784847	0.000000	0.000000	0.000000	0.000000	0.000000	0.000000	0.000000
-0.958045	-0.829069	0.784846	0.000000	0.000000	0.000000	0.000000	0.000000	0.000000	0.000000
-0.958045	-0.829070	0.784846	-0.000000	0.000000	0.000000	0.000000	0.000000	0.000000	0.000000
-0.958045	-0.829069	0.784846	-0.000000	0.000000	0.000000	0.000000	0.000000	0.000000	0.000000
-0.958045	-0.829069	0.784844	-0.000000	0.000000	0.000000	0.000000	0.000000	0.000000	0.000000
-0.958044	-0.829069	0.784846	0.000000	0.000000	0.000000	0.000000	0.000000	0.000000	0.000000
-0.958044	-0.829069	0.784836	0.000000	0.000000	0.000000	0.000000	0.000000	0.000000	0.000000
-0.958045	-0.829070	0.379448	-0.000000	0.000000	0.000000	0.000000	0.000000	0.000000	0.000000
-0.958045	-0.829069	0.784239	0.000000	0.000000	0.000000	0.000000	0.000000	0.000000	0.000000
-0.958045	-0.829069	0.784841	0.000000	0.000000	0.000000	0.000000	0.000000	0.000000	0.000000
-0.958045	-0.829069	0.784846	0.000000	0.000000	0.000000	0.000000	0.000000	0.000000	0.000000
-0.958044	-0.829069	0.784846	-0.000000	0.000000	0.000000	0.000000	0.000000	0.000000	0.000000
-0.958045	-0.829069	0.784840	-0.000000	0.000000	0.000000	0.000000	0.000000	0.000000	0.000000
-0.958045	-0.829069	0.784847	-0.000000	0.000000	0.000000	0.000000	0.000000	0.000000	0.000000
-0.958045	-0.829069	0.784847	0.000000	0.000000	0.000000	0.000000	0.000000	0.000000	0.000000
-0.958045	-0.829069	0.784846	-0.000000	0.000000	0.000000	0.000000	0.000000	0.000000	0.000000
-0.958045	-0.829069	0.784846	0.000000	0.000000	0.000000	0.000000	0.000000	0.000000	0.000000
-0.958045	-0.829069	0.784836	0.000000	0.000000	0.000000	0.000000	0.000000	0.000000	0.000000
-0.958044	-0.829069	0.784843	-0.000000	0.000000	0.000000	0.000000	0.000000	0.000000	0.000000
-0.958044	-0.829069	0.784747	0.000000	0.000000	0.000000	0.000000	0.000000	0.000000	0.000000
-0.958044	-0.829069	0.784686	-0.000000	0.000000	0.000000	0.000000	0.000000	0.000000	0.000000
-0.958044	-0.829069	0.784840	-0.000000	0.000000	0.000000	0.000000	0.000000	0.000000	0.000000
-0.958044	-0.829069	0.784827	0.000000	0.000000	0.000000	0.000000	0.000000	0.000000	0.000000
-0.958045	-0.829069	0.784847	-0.000000	0.000000	0.000000	0.000000	0.000000	0.000000	0.000000
-0.958045	-0.829070	0.784626	-0.000000	0.000000	0.000000	0.000000	0.000000	0.000000	0.000000
-0.958044	-0.829069	0.784846	0.000000	0.000000	0.000000	0.000000	0.000000	0.000000	0.000000
-0.958045	-0.829070	0.784846	-0.000000	0.000000	0.000000	0.000000	0.000000	0.000000	0.000000
-0.958045	-0.829070	0.784847	-0.000000	0.000000	0.000000	0.000000	0.000000	0.000000	0.000000
-0.958045	-0.829070	0.784846	-0.000000	0.000000	0.000000	0.000000	0.000000	0.000000	0.000000
-0.958044	-0.829070	0.784841	-0.000000	0.000000	0.000000	0.000000	0.000000	0.000000	0.000000
-0.958044	-0.829069	0.784529	-0.000000	0.000000	0.000000	0.000000	0.000000	0.000000	0.000000
-0.958045	-0.829069	0.784792	-0.000000	0.000000	0.000000	0.000000	0.000000	0.000000	0.000000
-0.958044	-0.829069	0.784843	0.000000	0.000000	0.000000	0.000000	0.000000	0.000000	0.000000
-0.958045	-0.829069	0.783439	0.000000	0.000000	0.000000	0.000000	0.000000	0.000000	0.000000
-0.958044	-0.829069	0.784846	-0.000000	0.000000	0.000000	0.000000	0.000000	0.000000	0.000000
-0.958044	-0.829069	0.784847	0.000000	0.000000	0.000000	0.000000	0.000000	0.000000	0.000000
-0.958044	-0.829069	0.784840	-0.000000	0.000000	0.000000	0.000000	0.000000	0.000000	0.000000
-0.958044	-0.829069	0.784830	-0.000000	0.000000	0.000000	0.000000	0.000000	0.000000	0.000000
-0.958044	-0.829069	0.784846	-0.000000	0.000000	0.000000	0.000000	0.000000	0.000000	0.000000
-0.958045	-0.829067	0.784846	-0.000000	0.000000	0.000000	0.000000	0.000000	0.000000	0.000000
-0.958045	-0.829069	0.784519	-0.000000	0.000000	0.000000	0.000000	0.000000	0.000000	0.000000
-0.958045	-0.829069	0.784847	-0.000000	0.000000	0.000000	0.000000	0.000000	0.000000	0.000000
-0.958045	-0.829069	0.784792	-0.000000	0.000000	0.000000	0.000000	0.000000	0.000000	0.000000
-0.958045	-0.829070	0.784846	0.000000	0.000000	0.000000	0.000000	0.000000	0.000000	0.000000
-0.958045	-0.829070	0.784846	-0.000000	0.000000	0.000000	0.000000	0.000000	0.000000	0.000000
-0.958044	-0.829069	0.784847	-0.000000	0.000000	0.000000	0.000000	0.000000	0.000000	0.000000
-0.958044	-0.829069	0.784838	0.000000	0.000000	0.000000	0.000000	0.000000	0.000000	0.000000
-0.958045	-0.829069	0.784846	0.000000	0.000000	0.000000	0.000000	0.000000	0.000000	0.000000
-0.958044	-0.829069	0.784807	-0.000000	0.000000	0.000000	0.000000	0.000000	0.000000	0.000000
-0.958045	-0.829070	0.784450	-0.000000	0.000000	0.000000	0.000000	0.000000	0.000000	0.000000
-0.958045	-0.829070	0.784846	-0.000000	0.000000	0.000000	0.000000	0.000000	0.000000	0.000000
-0.958045	-0.829069	0.784820	0.000000	0.000000	0.000000	0.000000	0.000000	0.000000	0.000000
-0.958044	-0.829070	0.784782	0.000000	0.000000	0.000000	0.000000	0.000000	0.000000	0.000000
-0.958045	-0.829069	0.784846	-0.000000	0.000000	0.000000	0.000000	0.000000	0.000000	0.000000
-0.958045	-0.829069	0.784846	0.000000	0.000000	0.000000	0.000000	0.000000	0.000000	0.000000
-0.958045	-0.829069	0.784846	-0.000000	0.000000	0.000000	0.000000	0.000000	0.000000	0.000000
-0.958044	-0.829070	0.784847	-0.000000	0.000000	0.000000	0.000000	0.000000	0.000000	0.000000
-0.958044	-0.829069	0.784839	-0.000000	0.000000	0.000000	0.000000	0.000000	0.000000	0.000000
-0.958045	-0.829070	0.784837	-0.000000	0.000000	0.000000	0.000000	0.000000	0.000000	0.000000
-0.958045	-0.829069	0.784847	-0.000000	0.000000	0.000000	0.000000	0.000000	0.000000	0.000000
-0.958045	-0.829069	0.784846	-0.000000	0.000000	0.000000	0.000000	0.000000	0.000000	0.000000
-0.958044	-0.829069	0.784845	-0.000000	0.000000	0.000000	0.000000	0.000000	0.000000	0.000000
-0.958044	-0.829069	0.784847	-0.000000	0.000000	0.000000	0.000000	0.000000	0.000000	0.000000
-0.958044	-0.829069	0.784499	0.000000	0.000000	0.000000	0.000000	0.000000	0.000000	0.000000
-0.958045	-0.829069	0.784847	-0.000000	0.000000	0.000000	0.000000	0.000000	0.000000	0.000000
-0.958045	-0.829070	0.784846	0.000000	0.000000	0.000000	0.000000	0.000000	0.000000	0.000000
-0.958044	-0.829069	0.784627	0.000000	0.000000	0.000000	0.000000	0.000000	0.000000	0.000000
-0.958044	-0.829070	0.784817	0.000000	0.000000	0.000000	0.000000	0.000000	0.000000	0.000000
-0.958045	-0.829056	0.782842	-0.000000	0.000000	0.000000	0.000000	0.000000	0.000000	0.000000
-0.958044	-0.829069	0.784847	0.000000	0.000000	0.000000	0.000000	0.000000	0.000000	0.000000
-0.958045	-0.829069	0.784847	-0.000000	0.000000	0.000000	0.000000	0.000000	0.000000	0.000000
-0.958044	-0.829070	0.784846	-0.000000	0.000000	0.000000	0.000000	0.000000	0.000000	0.000000
-0.958045	-0.829070	0.784845	-0.000000	0.000000	0.000000	0.000000	0.000000	0.000000	0.000000
-0.958045	-0.829069	0.784846	-0.000000	0.000000	0.000000	0.000000	0.000000	0.000000	0.000000
-0.958045	-0.829069	0.784774	0.000000	0.000000	0.000000	0.000000	0.000000	0.000000	0.000000
-0.958045	-0.829070	0.784846	0.000000	0.000000	0.000000	0.000000	0.000000	0.000000	0.000000
-0.958044	-0.829069	0.784846	-0.000000	0.000000	0.000000	0.000000	0.000000	0.000000	0.000000
-0.958045	-0.829069	0.784844	0.000000	0.000000	0.000000	0.000000	0.000000	0.000000	0.000000
-0.958045	-0.829069	0.784846	-0.000000	0.000000	0.000000	0.000000	0.000000	0.000000	0.000000
-0.958044	-0.829069	0.784842	-0.000000	0.000000	0.000000	0.000000	0.000000	0.000000	0.000000
-0.958045	-0.829069	0.783583	0.000000	0.000000	0.000000	0.000000	0.000000	0.000000	0.000000
-0.958044	-0.829070	0.777813	0.000000	0.000000	0.000000	0.000000	0.000000	0.000000	0.000000
-0.958045	-0.829069	0.784846	-0.000000	0.000000	0.000000	0.000000	0.000000	0.000000	0.000000
-0.958044	-0.829069	0.784847	-0.000000	0.000000	0.000000	0.000000	0.000000	0.000000	0.000000
-0.958044	-0.829069	0.784829	-0.000000	0.000000	0.000000	0.000000	0.000000	0.000000	0.000000
-0.958044	-0.829069	0.784846	-0.000000	0.000000	0.000000	0.000000	0.000000	0.000000	0.000000
-0.958045	-0.829069	0.699690	0.000000	0.000000	0.000000	0.000000	0.000000	0.000000	0.000000
-0.958044	-0.829069	0.784845	-0.000000	0.000000	0.000000	0.000000	0.000000	0.000000	0.000000
-0.958045	-0.829069	0.784846	-0.000000	0.000000	0.000000	0.000000	0.000000	0.000000	0.000000
-0.958044	-0.829070	0.783270	-0.000000	0.000000	0.000000	0.000000	0.000000	0.000000	0.000000
-0.958044	-0.829069	0.784846	-0.000000	0.000000	0.000000	0.000000	0.000000	0.000000	0.000000
-0.958045	-0.829069	0.784847	-0.000000	0.000000	0.000000	0.000000	0.000000	0.000000	0.000000
-0.958044	-0.829069	0.784846	-0.000000	0.000000	0.000000	0.000000	0.000000	0.000000	0.000000
-0.958045	-0.829069	0.784846	-0.000000	0.000000	0.000000	0.000000	0.000000	0.000000	0.000000
-0.958044	-0.829069	0.784835	-0.000000	0.000000	0.000000	0.000000	0.000000	0.000000	0.000000
-0.958044	-0.829069	0.784846	0.000000	0.000000	0.000000	0.000000	0.000000	0.000000	0.000000
-0.958045	-0.829069	0.784845	-0.000000	0.000000	0.000000	0.000000	0.000000	0.000000	0.000000
-0.958045	-0.829069	0.784847	-0.000000	0.000000	0.000000	0.000000	0.000000	0.000000	0.000000
-0.958045	-0.829070	0.784845	0.000000	0.000000	0.000000	0.000000	0.000000	0.000000	0.000000
-0.958044	-0.829069	0.784828	0.000000	0.000000	0.000000	0.000000	0.000000	0.000000	0.000000
-0.958045	-0.829070	0.784846	0.000000	0.000000	0.000000	0.000000	0.000000	0.000000	0.000000
-0.958044	-0.829069	0.784847	-0.000000	0.000000	0.000000	0.000000	0.000000	0.000000	0.000000
-0.958045	-0.829069	0.784846	-0.000000	0.000000	0.000000	0.000000	0.000000	0.000000	0.000000
-0.958044	-0.829069	0.784847	-0.000000	0.000000	0.000000	0.000000	0.000000	0.000000	0.000000
-0.958044	-0.829069	0.784846	-0.000000	0.000000	0.000000	0.000000	0.000000	0.000000	0.000000
-0.958045	-0.829070	0.784846	-0.000000	0.000000	0.000000	0.000000	0.000000	0.000000	0.000000
-0.958045	-0.829068	-0.943800	-0.000000	0.000000	0.000000	0.000000	0.000000	0.000000	0.000000
-0.958044	-0.829069	-0.962560	-0.000000	0.000000	0.000000	0.000000	0.000000	0.000000	0.000000
-0.958045	-0.829069	-0.962560	-0.000000	0.000000	0.000000	0.000000	0.000000	0.000000	0.000000
-0.958045	-0.829069	-0.962560	-0.000000	0.000000	0.000000	0.000000	0.000000	0.000000	0.000000
-0.958045	-0.829069	-0.962506	-0.000000	0.000000	0.000000	0.000000	0.000000	0.000000	0.000000
-0.958045	-0.829069	-0.962560	-0.000000	0.000000	0.000000	0.000000	0.000000	0.000000	0.000000
-0.958045	-0.829069	-0.962560	0.000000	0.000000	0.000000	0.000000	0.000000	0.000000	0.000000
-0.958044	-0.829069	-0.962560	-0.000000	0.000000	0.000000	0.000000	0.000000	0.000000	0.000000
-0.958045	-0.829070	-0.962560	-0.000000	0.000000	0.000000	0.000000	0.000000	0.000000	0.000000
-0.958045	-0.829070	-0.962560	-0.000000	0.000000	0.000000	0.000000	0.000000	0.000000	0.000000
-0.958045	-0.829069	-0.962560	-0.000000	0.000000	0.000000	0.000000	0.000000	0.000000	0.000000
-0.958045	-0.829069	-0.962560	-0.000000	0.000000	0.000000	0.000000	0.000000	0.000000	0.000000
-0.958045	-0.829069	-0.962560	-0.000000	0.000000	0.000000	0.000000	0.000000	0.000000	0.000000
-0.958045	-0.829069	-0.962560	0.000000	0.000000	0.000000	0.000000	0.000000	0.000000	0.000000
-0.958045	-0.829070	-0.962560	0.000000	0.000000	0.000000	0.000000	0.000000	0.000000	0.000000
-0.958044	-0.829069	-0.962560	0.000000	0.000000	0.000000	0.000000	0.000000	0.000000	0.000000
-0.958045	-0.829069	-0.962560	0.000000	0.000000	0.000000	0.000000	0.000000	0.000000	0.000000
-0.958045	-0.829069	-0.962560	0.000000	0.000000	0.000000	0.000000	0.000000	0.000000	0.000000
-0.958045	-0.783241	-0.962560	0.000000	0.000000	0.000000	0.000000	0.000000	0.000000	0.000000
-0.958045	-0.829069	-0.962560	-0.000000	0.000000	0.000000	0.000000	0.000000	0.000000	0.000000
-0.958044	-0.829069	-0.962560	0.000000	0.000000	0.000000	0.000000	0.000000	0.000000	0.000000
-0.958044	-0.829069	-0.962560	0.000000	0.000000	0.000000	0.000000	0.000000	0.000000	0.000000
-0.958044	-0.829070	-0.962560	-0.000000	0.000000	0.000000	0.000000	0.000000	0.000000	0.000000
-0.958045	-0.829069	-0.962560	0.000000	0.000000	0.000000	0.000000	0.000000	0.000000	0.000000
-0.958045	-0.829069	-0.962560	-0.000000	0.000000	0.000000	0.000000	0.000000	0.000000	0.000000
-0.958045	-0.829069	-0.962560	0.000000	0.000000	0.000000	0.000000	0.000000	0.000000	0.000000
-0.958044	-0.829069	-0.962553	-0.000000	0.000000	0.000000	0.000000	0.000000	0.000000	0.000000
-0.958045	-0.829070	-0.962560	0.000000	0.000000	0.000000	0.000000	0.000000	0.000000	0.000000
-0.958044	-0.829069	-0.962560	0.000000	0.000000	0.000000	0.000000	0.000000	0.000000	0.000000
-0.958045	-0.829069	-0.962560	0.000000	0.000000	0.000000	0.000000	0.000000	0.000000	0.000000
-0.958045	-0.829069	-0.962560	-0.000000	0.000000	0.000000	0.000000	0.000000	0.000000	0.000000
-0.958044	-0.829069	-0.962560	0.000000	0.000000	0.000000	0.000000	0.000000	0.000000	0.000000
-0.958044	-0.829069	-0.957032	-0.000000	0.000000	0.000000	0.000000	0.000000	0.000000	0.000000
-0.958045	-0.829069	-0.962545	-0.000000	0.000000	0.000000	0.000000	0.000000	0.000000	0.000000
-0.958045	-0.829069	-0.962560	0.000000	0.000000	0.000000	0.000000	0.000000	0.000000	0.000000
-0.958045	-0.829069	-0.962499	-0.000000	0.000000	0.000000	0.000000	0.000000	0.000000	0.000000
-0.958045	-0.829069	-0.962560	0.000000	0.000000	0.000000	0.000000	0.000000	0.000000	0.000000
-0.958045	-0.829069	-0.962560	-0.000000	0.000000	0.000000	0.000000	0.000000	0.000000	0.000000
-0.958045	-0.829069	-0.962560	-0.000000	0.000000	0.000000	0.000000	0.000000	0.000000	0.000000
-0.958045	-0.829069	-0.962519	0.000000	0.000000	0.000000	0.000000	0.000000	0.000000	0.000000
-0.958045	-0.829069	-0.962546	0.000000	0.000000	0.000000	0.000000	0.000000	0.000000	0.000000
-0.958045	-0.829070	-0.962544	-0.000000	0.000000	0.000000	0.000000	0.000000	0.000000	0.000000
-0.958045	-0.829070	-0.962509	-0.000000	0.000000	0.000000	0.000000	0.000000	0.000000	0.000000
-0.958044	-0.829069	-0.962130	-0.000000	0.000000	0.000000	0.000000	0.000000	0.000000	0.000000
-0.958044	-0.829069	-0.962560	-0.000000	0.000000	0.000000	0.000000	0.000000	0.000000	0.000000
-0.958045	-0.829070	-0.962541	-0.000000	0.000000	0.000000	0.000000	0.000000	0.000000	0.000000
-0.958045	-0.829069	-0.962519	0.000000	0.000000	0.000000	0.000000	0.000000	0.000000	0.000000
-0.958044	-0.829069	-0.962560	0.000000	0.000000	0.000000	0.000000	0.000000	0.000000	0.000000
-0.958045	-0.829070	-0.962430	-0.000000	0.000000	0.000000	0.000000	0.000000	0.000000	0.000000
-0.958045	-0.829069	-0.962559	0.000000	0.000000	0.000000	0.000000	0.000000	0.000000	0.000000
-0.958044	-0.829069	-0.962523	-0.000000	0.000000	0.000000	0.000000	0.000000	0.000000	0.000000
-0.958045	-0.829070	-0.962545	0.000000	0.000000	0.000000	0.000000	0.000000	0.000000	0.000000
-0.958044	-0.829069	-0.962560	-0.000000	0.000000	0.000000	0.000000	0.000000	0.000000	0.000000
-0.958044	-0.829069	-0.961916	0.000000	0.000000	0.000000	0.000000	0.000000	0.000000	0.000000
-0.958044	-0.829069	-0.962560	0.000000	0.000000	0.000000	0.000000	0.000000	0.000000	0.000000
-0.958045	-0.829069	-0.962560	-0.000000	0.000000	0.000000	0.000000	0.000000	0.000000	0.000000
-0.958045	-0.829069	-0.962560	0.000000	0.000000	0.000000	0.000000	0.000000	0.000000	0.000000
-0.958044	-0.829069	-0.962560	-0.000000	0.000000	0.000000	0.000000	0.000000	0.000000	0.000000
-0.958045	-0.829069	-0.962560	-0.000000	0.000000	0.000000	0.000000	0.000000	0.000000	0.000000
-0.958045	-0.829069	-0.962560	-0.000000	0.000000	0.000000	0.000000	0.000000	0.000000	0.000000
-0.958044	-0.829068	-0.962560	-0.000000	0.000000	0.000000	0.000000	0.000000	0.000000	0.000000
-0.958045	-0.829069	-0.962524	-0.000000	0.000000	0.000000	0.000000	0.000000	0.000000	0.000000
-0.958045	-0.829069	-0.962560	-0.000000	0.000000	0.000000	0.000000	0.000000	0.000000	0.000000
-0.958045	-0.829069	-0.962560	-0.000000	0.000000	0.000000	0.000000	0.000000	0.000000	0.000000
-0.958044	-0.829070	-0.962560	-0.000000	0.000000	0.000000	0.000000	0.000000	0.000000	0.000000
-0.958045	-0.829069	-0.962560	0.000000	0.000000	0.000000	0.000000	0.000000	0.000000	0.000000
-0.958045	-0.829069	-0.962560	-0.000000	0.000000	0.000000	0.000000	0.000000	0.000000	0.000000
-0.958044	-0.829069	-0.962559	-0.000000	0.000000	0.000000	0.000000	0.000000	0.000000	0.000000
-0.958044	-0.829069	-0.962560	0.000000	0.000000	0.000000	0.000000	0.000000	0.000000	0.000000
-0.958044	-0.829069	-0.962560	-0.000000	0.000000	0.000000	0.000000	0.000000	0.000000	0.000000
-0.958044	-0.829069	-0.962560	-0.000000	0.000000	0.000000	0.000000	0.000000	0.000000	0.000000
-0.958045	-0.829070	-0.962560	-0.000000	0.000000	0.000000	0.000000	0.000000	0.000000	0.000000
-0.958045	-0.829069	-0.962560	-0.000000	0.000000	0.000000	0.000000	0.000000	0.000000	0.000000
-0.958044	-0.829069	-0.962560	0.000000	0.000000	0.000000	0.000000	0.000000	0.000000	0.000000
-0.958044	-0.829069	-0.962560	0.000000	0.000000	0.000000	0.000000	0.000000	0.000000	0.000000
-0.958044	-0.829065	-0.962560	0.000000	0.000000	0.000000	0.000000	0.000000	0.000000	0.000000
-0.958045	-0.829069	-0.962560	0.000000	0.000000	0.000000	0.000000	0.000000	0.000000	0.000000
-0.958045	-0.829069	-0.962560	0.000000	0.000000	0.000000	0.000000	0.000000	0.000000	0.000000
-0.958045	-0.829069	-0.962560	-0.000000	0.000000	0.000000	0.000000	0.000000	0.000000	0.000000
-0.958044	-0.829069	-0.962560	-0.000000	0.000000	0.000000	0.000000	0.000000	0.000000	0.000000
-0.958045	-0.829070	-0.962560	-0.000000	0.000000	0.000000	0.000000	0.000000	0.000000	0.000000
-0.958045	-0.829069	-0.962560	-0.000000	0.000000	0.000000	0.000000	0.000000	0.000000	0.000000
-0.958045	-0.829070	-0.962560	0.000000	0.000000	0.000000	0.000000	0.000000	0.000000	0.000000
-0.958045	-0.829069	-0.962560	0.000000	0.000000	0.000000	0.000000	0.000000	0.000000	0.000000
-0.958044	-0.829069	-0.962560	0.000000	0.000000	0.000000	0.000000	0.000000	0.000000	0.000000
-0.958045	-0.829069	-0.962560	-0.000000	0.000000	0.000000	0.000000	0.000000	0.000000	0.000000
-0.958045	-0.829069	-0.962560	0.000000	0.000000	0.000000	0.000000	0.000000	0.000000	0.000000
-0.958044	-0.829069	-0.962560	-0.000000	0.000000	0.000000	0.000000	0.000000	0.000000	0.000000
-0.958045	-0.829069	-0.962003	-0.000000	0.000000	0.000000	0.000000	0.000000	0.000000	0.000000
-0.958044	-0.829069	-0.962560	0.000000	0.000000	0.000000	0.000000	0.000000	0.000000	0.000000
-0.958045	-0.829070	-0.962312	0.000000	0.000000	0.000000	0.000000	0.000000	0.000000	0.000000
-0.958044	-0.829069	-0.962340	0.000000	0.000000	0.000000	0.000000	0.000000	0.000000	0.000000
-0.958045	-0.829069	-0.962560	-0.000000	0.000000	0.000000	0.000000	0.000000	0.000000	0.000000
-0.958044	-0.829070	-0.962560	-0.000000	0.000000	0.000000	0.000000	0.000000	0.000000	0.000000
-0.958045	-0.829069	-0.962555	-0.000000	0.000000	0.000000	0.000000	0.000000	0.000000	0.000000
-0.958045	-0.829069	-0.962560	-0.000000	0.000000	0.000000	0.000000	0.000000	0.000000	0.000000
-0.958045	-0.829069	-0.962560	0.000000	0.000000	0.000000	0.000000	0.000000	0.000000	0.000000
-0.958045	-0.829069	-0.962560	-0.000000	0.000000	0.000000	0.000000	0.000000	0.000000	0.000000
-0.958044	-0.829070	-0.962560	0.000000	0.000000	0.000000	0.000000	0.000000	0.000000	0.000000
-0.958044	-0.829069	-0.962560	-0.000000	0.000000	0.000000	0.000000	0.000000	0.000000	0.000000
-0.958045	-0.829070	-0.962560	-0.000000	0.000000	0.000000	0.000000	0.000000	0.000000	0.000000
-0.958044	-0.829069	-0.962560	-0.000000	0.000000	0.000000	0.000000	0.000000	0.000000	0.000000
-0.958044	-0.829069	-0.962560	0.000000	0.000000	0.000000	0.000000	0.000000	0.000000	0.000000
-0.958045	-0.829069	-0.962560	0.000000	0.000000	0.000000	0.000000	0.000000	0.000000	0.000000
-0.958045	-0.829069	-0.962560	0.000000	0.000000	0.000000	0.000000	0.000000	0.000000	0.000000
-0.958044	-0.829070	-0.962560	-0.000000	0.000000	0.000000	0.000000	0.000000	0.000000	0.000000
-0.958045	-0.829069	-0.962560	-0.000000	0.000000	0.000000	0.000000	0.000000	0.000000	0.000000
-0.958044	-0.829070	-0.962560	-0.000000	0.000000	0.000000	0.000000	0.000000	0.000000	0.000000
-0.958044	-0.829070	-0.962560	-0.000000	0.000000	0.000000	0.000000	0.000000	0.000000	0.000000
-0.958044	-0.829070	-0.962560	0.000000	0.000000	0.000000	0.000000	0.000000	0.000000	0.000000
-0.958045	-0.829069	-0.962559	-0.000000	0.000000	0.000000	0.000000	0.000000	0.000000	0.000000
-0.958044	-0.829069	-0.962560	-0.000000	0.000000	0.000000	0.000000	0.000000	0.000000	0.000000
-0.958045	-0.829069	-0.962560	0.000000	0.000000	0.000000	0.000000	0.000000	0.000000	0.000000
-0.958045	-0.829069	-0.962560	0.000000	0.000000	0.000000	0.000000	0.000000	0.000000	0.000000
-0.958045	-0.829070	-0.962556	-0.000000	0.000000	0.000000	0.000000	0.000000	0.000000	0.000000
-0.958045	-0.829069	-0.962560	-0.000000	0.000000	0.000000	0.000000	0.000000	0.000000	0.000000
-0.958044	-0.829069	-0.962560	-0.000000	0.000000	0.000000	0.000000	0.000000	0.000000	0.000000
-0.958045	-0.829069	-0.962559	0.000000	0.000000	0.000000	0.000000	0.000000	0.000000	0.000000
-0.958044	-0.829069	-0.962560	-0.000000	0.000000	0.000000	0.000000	0.000000	0.000000	0.000000
-0.958045	-0.829069	-0.962560	-0.000000	0.000000	0.000000	0.000000	0.000000	0.000000	0.000000
-0.958045	-0.829069	-0.962560	0.000000	0.000000	0.000000	0.000000	0.000000	0.000000	0.000000
-0.958044	-0.829070	-0.962556	0.000000	0.000000	0.000000	0.000000	0.000000	0.000000	0.000000
-0.958044	-0.829070	-0.962558	-0.000000	0.000000	0.000000	0.000000	0.000000	0.000000	0.000000
-0.958044	-0.829069	-0.962560	0.000000	0.000000	0.000000	0.000000	0.000000	0.000000	0.000000
-0.958045	-0.829069	-0.962560	-0.000000	0.000000	0.000000	0.000000	0.000000	0.000000	0.000000
-0.958045	-0.829069	-0.962560	0.000000	0.000000	0.000000	0.000000	0.000000	0.000000	0.000000
-0.958045	-0.829070	-0.962560	0.000000	0.000000	0.000000	0.000000	0.000000	0.000000	0.000000
-0.958045	-0.829069	-0.962560	0.000000	0.000000	0.000000	0.000000	0.000000	0.000000	0.000000
-0.958044	-0.829070	-0.962560	-0.000000	0.000000	0.000000	0.000000	0.000000	0.000000	0.000000
-0.958045	-0.829070	-0.962560	-0.000000	0.000000	0.000000	0.000000	0.000000	0.000000	0.000000
-0.958045	-0.829070	-0.962560	-0.000000	0.000000	0.000000	0.000000	0.000000	0.000000	0.000000
-0.958045	-0.829070	-0.962556	-0.000000	0.000000	0.000000	0.000000	0.000000	0.000000	0.000000
-0.958044	-0.829069	-0.962560	-0.000000	0.000000	0.000000	0.000000	0.000000	0.000000	0.000000
-0.958044	-0.829069	-0.962559	-0.000000	0.000000	0.000000	0.000000	0.000000	0.000000	0.000000
-0.958045	-0.829069	-0.962560	0.000000	0.000000	0.000000	0.000000	0.000000	0.000000	0.000000
-0.958045	-0.829069	-0.962560	0.000000	0.000000	0.000000	0.000000	0.000000	0.000000	0.000000
-0.958045	-0.829069	-0.962560	-0.000000	0.000000	0.000000	0.000000	0.000000	0.000000	0.000000
-0.958044	-0.829069	-0.962560	-0.000000	0.000000	0.000000	0.000000	0.000000	0.000000	0.000000
-0.958045	-0.829069	-0.962559	-0.000000	0.000000	0.000000	0.000000	0.000000	0.000000	0.000000
-0.958044	-0.829069	-0.962560	-0.000000	0.000000	0.000000	0.000000	0.000000	0.000000	0.000000
-0.958044	-0.829069	-0.962560	-0.000000	0.000000	0.000000	0.000000	0.000000	0.000000	0.000000
-0.958044	-0.829069	-0.962560	0.000000	0.000000	0.000000	0.000000	0.000000	0.000000	0.000000
-0.958045	-0.829069	-0.962558	-0.000000	0.000000	0.000000	0.000000	0.000000	0.000000	0.000000
-0.958045	-0.829070	-0.962560	0.000000	0.000000	0.000000	0.000000	0.000000	0.000000	0.000000
-0.958044	-0.829070	-0.962560	0.000000	0.000000	0.000000	0.000000	0.000000	0.000000	0.000000
-0.958045	-0.829070	-0.962560	-0.000000	0.000000	0.000000	0.000000	0.000000	0.000000	0.000000
-0.958044	-0.829069	-0.962560	0.000000	0.000000	0.000000	0.000000	0.000000	0.000000	0.000000
-0.958045	-0.829069	-0.962560	0.000000	0.000000	0.000000	0.000000	0.000000	0.000000	0.000000
-0.958045	-0.829069	-0.962560	-0.000000	0.000000	0.000000	0.000000	0.000000	0.000000	0.000000
-0.958045	-0.829069	-0.962558	-0.000000	0.000000	0.000000	0.000000	0.000000	0.000000	0.000000
-0.958045	-0.829069	-0.962560	-0.000000	0.000000	0.000000	0.000000	0.000000	0.000000	0.000000
-0.958044	-0.829069	-0.962560	0.000000	0.000000	0.000000	0.000000	0.000000	0.000000	0.000000
-0.958044	-0.829069	-0.962560	0.000000	0.000000	0.000000	0.000000	0.000000	0.000000	0.000000
-0.958045	-0.829069	-0.962560	-0.000000	0.000000	0.000000	0.000000	0.000000	0.000000	0.000000
-0.958044	-0.829069	-0.962560	-0.000000	0.000000	0.000000	0.000000	0.000000	0.000000	0.000000
-0.958044	-0.829069	-0.962560	-0.000000	0.000000	0.000000	0.000000	0.000000	0.000000	0.000000
-0.958045	-0.829069	-0.962560	-0.000000	0.000000	0.000000	0.000000	0.000000	0.000000	0.000000
-0.958044	-0.829070	-0.962535	-0.000000	0.000000	0.000000	0.000000	0.000000	0.000000	0.000000
-0.958045	-0.829069	-0.962548	-0.000000	0.000000	0.000000	0.000000	0.000000	0.000000	0.000000
-0.958044	-0.829069	-0.962560	0.000000	0.000000	0.000000	0.000000	0.000000	0.000000	0.000000
-0.958045	-0.829040	-0.962560	-0.000000	0.000000	0.000000	0.000000	0.000000	0.000000	0.000000
-0.958045	-0.829069	-0.962560	0.000000	0.000000	0.000000	0.000000	0.000000	0.000000	0.000000
-0.958045	-0.829069	-0.962560	-0.000000	0.000000	0.000000	0.000000	0.000000	0.000000	0.000000
-0.958045	-0.829069	-0.962560	-0.000000	0.000000	0.000000	0.000000	0.000000	0.000000	0.000000
-0.958044	-0.829053	-0.962560	0.000000	0.000000	0.000000	0.000000	0.000000	0.000000	0.000000
-0.958045	-0.829069	-0.962560	0.000000	0.000000	0.000000	0.000000	0.000000	0.000000	0.000000
-0.958044	-0.829070	-0.962560	-0.000000	0.000000	0.000000	0.000000	0.000000	0.000000	0.000000
-0.958044	-0.829069	-0.962560	-0.000000	0.000000	0.000000	0.000000	0.000000	0.000000	0.000000
-0.958045	-0.829069	-0.962560	0.000000	0.000000	0.000000	0.000000	0.000000	0.000000	0.000000
-0.958045	-0.829069	-0.962560	-0.000000	0.000000	0.000000	0.000000	0.000000	0.000000	0.000000
-0.958045	-0.829069	-0.962560	-0.000000	0.000000	0.000000	0.000000	0.000000	0.000000	0.000000
-0.958045	-0.829069	-0.962560	-0.000000	0.000000	0.000000	0.000000	0.000000	0.000000	0.000000
-0.958045	-0.829069	-0.962560	-0.000000	0.000000	0.000000	0.000000	0.000000	0.000000	0.000000
-0.958044	-0.829069	-0.962560	-0.000000	0.000000	0.000000	0.000000	0.000000	0.000000	0.000000
-0.958044	-0.829069	-0.962560	-0.000000	0.000000	0.000000	0.000000	0.000000	0.000000	0.000000
-0.958045	-0.829070	-0.962560	0.000000	0.000000	0.000000	0.000000	0.000000	0.000000	0.000000
-0.958045	-0.829069	-0.962560	-0.000000	0.000000	0.000000	0.000000	0.000000	0.000000	0.000000
-0.958044	-0.829069	-0.962560	0.000000	0.000000	0.000000	0.000000	0.000000	0.000000	0.000000
-0.958044	-0.829069	-0.962536	-0.000000	0.000000	0.000000	0.000000	0.000000	0.000000	0.000000
-0.958045	-0.829069	-0.962560	0.000000	0.000000	0.000000	0.000000	0.000000	0.000000	0.000000
-0.958044	-0.829069	-0.962560	-0.000000	0.000000	0.000000	0.000000	0.000000	0.000000	0.000000
-0.958045	-0.829069	-0.962556	-0.000000	0.000000	0.000000	0.000000	0.000000	0.000000	0.000000
-0.958045	-0.829069	-0.962560	-0.000000	0.000000	0.000000	0.000000	0.000000	0.000000	0.000000
-0.958045	-0.829070	-0.949546	-0.000000	0.000000	0.000000	0.000000	0.000000	0.000000	0.000000
-0.958044	-0.829069	-0.962560	-0.000000	0.000000	0.000000	0.000000	0.000000	0.000000	0.000000
-0.958045	-0.829070	-0.962560	-0.000000	0.000000	0.000000	0.000000	0.000000	0.000000	0.000000
-0.958044	-0.829069	-0.962560	-0.000000	0.000000	0.000000	0.000000	0.000000	0.000000	0.000000
-0.958045	-0.829069	-0.962560	-0.000000	0.000000	0.000000	0.000000	0.000000	0.000000	0.000000
-0.958044	-0.829069	-0.962560	-0.000000	0.000000	0.000000	0.000000	0.000000	0.000000	0.000000
-0.958045	-0.829070	-0.962560	-0.000000	0.000000	0.000000	0.000000	0.000000	0.000000	0.000000
-0.958045	-0.829069	-0.962560	0.000000	0.000000	0.000000	0.000000	0.000000	0.000000	0.000000
-0.958044	-0.829069	-0.962560	-0.000000	0.000000	0.000000	0.000000	0.000000	0.000000	0.000000
-0.958044	-0.829070	-0.962560	0.000000	0.000000	0.000000	0.000000	0.000000	0.000000	0.000000
-0.958044	-0.829069	-0.962549	-0.000000	0.000000	0.000000	0.000000	0.000000	0.000000	0.000000
-0.958044	-0.829069	-0.962560	-0.000000	0.000000	0.000000	0.000000	0.000000	0.000000	0.000000
-0.958045	-0.829069	-0.962560	0.000000	0.000000	0.000000	0.000000	0.000000	0.000000	0.000000
-0.958045	-0.829069	-0.962560	-0.000000	0.000000	0.000000	0.000000	0.000000	0.000000	0.000000
-0.958045	-0.829069	-0.962560	-0.000000	0.000000	0.000000	0.000000	0.000000	0.000000	0.000000
-0.958045	-0.829070	-0.955965	-0.000000	0.000000	0.000000	0.000000	0.000000	0.000000	0.000000
-0.958045	-0.829069	-0.962560	-0.000000	0.000000	0.000000	0.000000	0.000000	0.000000	0.000000
-0.958045	-0.829069	-0.962559	-0.000000	0.000000	0.000000	0.000000	0.000000	0.000000	0.000000
-0.958045	-0.829069	-0.962560	-0.000000	0.000000	0.000000	0.000000	0.000000	0.000000	0.000000
-0.958045	-0.829069	-0.962560	-0.000000	0.000000	0.000000	0.000000	0.000000	0.000000	0.000000
-0.958045	-0.829070	-0.962558	0.000000	0.000000	0.000000	0.000000	0.000000	0.000000	0.000000
-0.958045	-0.829069	-0.962560	0.000000	0.000000	0.000000	0.000000	0.000000	0.000000	0.000000
-0.958045	-0.829069	-0.962559	-0.000000	0.000000	0.000000	0.000000	0.000000	0.000000	0.000000
-0.958045	-0.829069	-0.962560	-0.000000	0.000000	0.000000	0.000000	0.000000	0.000000	0.000000
-0.958045	-0.829069	-0.962560	-0.000000	0.000000	0.000000	0.000000	0.000000	0.000000	0.000000
-0.958044	-0.829069	-0.962560	-0.000000	0.000000	0.000000	0.000000	0.000000	0.000000	0.000000
-0.958044	-0.829069	-0.962560	0.000000	0.000000	0.000000	0.000000	0.000000	0.000000	0.000000
-0.958044	-0.829069	-0.962560	-0.000000	0.000000	0.000000	0.000000	0.000000	0.000000	0.000000
-0.958045	-0.829069	-0.962560	0.000000	0.000000	0.000000	0.000000	0.000000	0.000000	0.000000
-0.958045	-0.829069	-0.962560	0.000000	0.000000	0.000000	0.000000	0.000000	0.000000	0.000000
-0.958045	-0.829069	-0.962559	-0.000000	0.000000	0.000000	0.000000	0.000000	0.000000	0.000000
-0.958045	-0.829069	-0.962560	-0.000000	0.000000	0.000000	0.000000	0.000000	0.000000	0.000000
-0.958045	-0.829069	-0.962560	-0.000000	0.000000	0.000000	0.000000	0.000000	0.000000	0.000000
-0.958045	-0.829069	-0.962560	-0.000000	0.000000	0.000000	0.000000	0.000000	0.000000	0.000000
-0.958044	-0.829069	-0.962560	-0.000000	0.000000	0.000000	0.000000	0.000000	0.000000	0.000000
-0.958045	-0.829069	-0.962560	-0.000000	0.000000	0.000000	0.000000	0.000000	0.000000	0.000000
-0.958044	-0.829069	-0.962560	0.000000	0.000000	0.000000	0.000000	0.000000	0.000000	0.000000
-0.958044	-0.829069	-0.962560	-0.000000	0.000000	0.000000	0.000000	0.000000	0.000000	0.000000
-0.958045	-0.829069	-0.962560	-0.000000	0.000000	0.000000	0.000000	0.000000	0.000000	0.000000
-0.958044	-0.829067	-0.962560	-0.000000	0.000000	0.000000	0.000000	0.000000	0.000000	0.000000
-0.958045	-0.829069	-0.962560	0.000000	0.000000	0.000000	0.000000	0.000000	0.000000	0.000000
-0.958045	-0.829069	-0.962560	0.000000	0.000000	0.000000	0.000000	0.000000	0.000000	0.000000
-0.958044	-0.829069	-0.962560	-0.000000	0.000000	0.000000	0.000000	0.000000	0.000000	0.000000
-0.958045	-0.829069	-0.962560	-0.000000	0.000000	0.000000	0.000000	0.000000	0.000000	0.000000
-0.958045	-0.829069	-0.962560	-0.000000	0.000000	0.000000	0.000000	0.000000	0.000000	0.000000
-0.958044	-0.829069	-0.962560	0.000000	0.000000	0.000000	0.000000	0.000000	0.000000	0.000000
-0.958044	-0.829070	-0.962557	-0.000000	0.000000	0.000000	0.000000	0.000000	0.000000	0.000000
-0.958045	-0.829070	-0.962553	-0.000000	0.000000	0.000000	0.000000	0.000000	0.000000	0.000000
-0.958045	-0.829069	-0.962558	0.000000	0.000000	0.000000	0.000000	0.000000	0.000000	0.000000
-0.958044	-0.829069	-0.962560	-0.000000	0.000000	0.000000	0.000000	0.000000	0.000000	0.000000
-0.958044	-0.829069	-0.962560	-0.000000	0.000000	0.000000	0.000000	0.000000	0.000000	0.000000
-0.958045	-0.829069	-0.962560	-0.000000	0.000000	0.000000	0.000000	0.000000	0.000000	0.000000
-0.958045	-0.829070	-0.962560	-0.000000	0.000000	0.000000	0.000000	0.000000	0.000000	0.000000
-0.958044	-0.829069	-0.962560	-0.000000	0.000000	0.000000	0.000000	0.000000	0.000000	0.000000
-0.958045	-0.829069	-0.962559	-0.000000	0.000000	0.000000	0.000000	0.000000	0.000000	0.000000
-0.958045	-0.829070	-0.962560	0.000000	0.000000	0.000000	0.000000	0.000000	0.000000	0.000000
-0.958045	-0.829069	-0.962560	-0.000000	0.000000	0.000000	0.000000	0.000000	0.000000	0.000000
-0.958044	-0.829069	-0.962560	0.000000	0.000000	0.000000	0.000000	0.000000	0.000000	0.000000
-0.958045	-0.829069	-0.962560	0.000000	0.000000	0.000000	0.000000	0.000000	0.000000	0.000000
-0.958045	-0.829070	-0.962560	0.000000	0.000000	0.000000	0.000000	0.000000	0.000000	0.000000
-0.958045	-0.829070	-0.962560	0.000000	0.000000	0.000000	0.000000	0.000000	0.000000	0.000000
-0.958045	-0.829070	-0.962560	-0.000000	0.000000	0.000000	0.000000	0.000000	0.000000	0.000000
-0.958045	-0.829069	-0.962560	-0.000000	0.000000	0.000000	0.000000	0.000000	0.000000	0.000000
-0.958045	-0.829069	-0.962560	-0.000000	0.000000	0.000000	0.000000	0.000000	0.000000	0.000000
-0.958045	-0.829069	-0.962560	-0.000000	0.000000	0.000000	0.000000	0.000000	0.000000	0.000000
-0.958044	-0.829069	-0.962560	0.000000	0.000000	0.000000	0.000000	0.000000	0.000000	0.000000
-0.958044	-0.829069	-0.962549	0.000000	0.000000	0.000000	0.000000	0.000000	0.000000	0.000000
-0.958045	0.885939	0.784478	0.713557	0.000000	0.000000	0.000000	0.000000	0.000000	0.000000
-0.958045	0.885935	0.000000	-0.795144	0.000000	0.000000	0.000000	0.000000	0.000000	0.000000
-0.958045	0.885936	-0.000000	-0.795238	0.000000	0.000000	0.000000	0.000000	0.000000	0.000000
-0.958045	0.885947	0.000000	-0.795113	0.000000	0.000000	0.000000	0.000000	0.000000	0.000000
-0.958044	0.885934	0.000000	-0.795316	0.000000	0.000000	0.000000	0.000000	0.000000	0.000000
-0.958044	0.885947	-0.000000	-0.794913	0.000000	0.000000	0.000000	0.000000	0.000000	0.000000
-0.958045	0.885943	-0.000000	-0.793589	0.000000	0.000000	0.000000	0.000000	0.000000	0.000000
-0.958045	0.885936	0.000000	-0.794914	0.000000	0.000000	0.000000	0.000000	0.000000	0.000000
-0.958044	0.885953	0.000000	-0.795235	0.000000	0.000000	0.000000	0.000000	0.000000	0.000000
-0.958044	0.885950	0.000000	-0.795254	0.000000	0.000000	0.000000	0.000000	0.000000	0.000000
-0.958045	0.885944	0.000000	-0.795359	0.000000	0.000000	0.000000	0.000000	0.000000	0.000000
-0.958044	0.885958	0.000000	-0.795317	0.000000	0.000000	0.000000	0.000000	0.000000	0.000000
-0.958044	0.885936	0.000000	-0.795130	0.000000	0.000000	0.000000	0.000000	0.000000	0.000000
-0.958044	0.885949	0.000000	-0.795127	0.000000	0.000000	0.000000	0.000000	0.000000	0.000000
-0.958044	0.885933	0.000000	-0.792068	0.000000	0.000000	0.000000	0.000000	0.000000	0.000000
-0.958044	0.885934	0.000000	-0.795151	0.000000	0.000000	0.000000	0.000000	0.000000	0.000000
-0.958044	0.885941	0.000000	-0.795067	0.000000	0.000000	0.000000	0.000000	0.000000	0.000000
-0.958044	0.885955	0.000000	-0.795355	0.000000	0.000000	0.000000	0.000000	0.000000	0.000000
-0.958045	0.885941	-0.000000	-0.795104	0.000000	0.000000	0.000000	0.000000	0.000000	0.000000
-0.958044	0.885937	0.000000	-0.795328	0.000000	0.000000	0.000000	0.000000	0.000000	0.000000
-0.958045	0.885933	0.000000	-0.795143	0.000000	0.000000	0.000000	0.000000	0.000000	0.000000
-0.958044	0.885941	0.000000	-0.795226	0.000000	0.000000	0.000000	0.000000	0.000000	0.000000
-0.958044	0.885949	-0.000000	-0.795134	0.000000	0.000000	0.000000	0.000000	0.000000	0.000000
-0.958044	0.885945	-0.000000	-0.795178	0.000000	0.000000	0.000000	0.000000	0.000000	0.000000
-0.958044	0.885954	-0.000000	-0.794716	0.000000	0.000000	0.000000	0.000000	0.000000	0.000000
-0.958044	0.885945	0.000000	-0.795224	0.000000	0.000000	0.000000	0.000000	0.000000	0.000000
-0.958045	0.885942	0.000000	-0.795461	0.000000	0.000000	0.000000	0.000000	0.000000	0.000000
-0.958045	0.885935	0.000000	-0.795212	0.000000	0.000000	0.000000	0.000000	0.000000	0.000000
-0.958045	0.885956	-0.000000	-0.795214	0.000000	0.000000	0.000000	0.000000	0.000000	0.000000
-0.958045	0.885944	0.000000	-0.795203	0.000000	0.000000	0.000000	0.000000	0.000000	0.000000
-0.958044	0.885947	-0.000000	-0.795075	0.000000	0.000000	0.000000	0.000000	0.000000	0.000000
-0.958045	0.885944	-0.000000	-0.795342	0.000000	0.000000	0.000000	0.000000	0.000000	0.000000
-0.958044	0.885955	0.000000	-0.795185	0.000000	0.000000	0.000000	0.000000	0.000000	0.000000
-0.958044	0.885947	0.000000	-0.795187	0.000000	0.000000	0.000000	0.000000	0.000000	0.000000
-0.958044	0.885947	0.000000	-0.795169	0.000000	0.000000	0.000000	0.000000	0.000000	0.000000
-0.958045	0.885938	0.000000	-0.795003	0.000000	0.000000	0.000000	0.000000	0.000000	0.000000
-0.958045	0.885946	-0.000000	-0.795394	0.000000	0.000000	0.000000	0.000000	0.000000	0.000000
-0.958044	0.885944	0.000000	-0.795191	0.000000	0.000000	0.000000	0.000000	0.000000	0.000000
-0.958044	0.885942	0.000000	-0.795251	0.000000	0.000000	0.000000	0.000000	0.000000	0.000000
-0.958044	0.885935	0.000000	-0.795263	0.000000	0.000000	0.000000	0.000000	0.000000	0.000000
-0.958044	0.885939	0.000000	-0.795270	0.000000	0.000000	0.000000	0.000000	0.000000	0.000000
-0.958045	0.885940	0.000000	-0.795270	0.000000	0.000000	0.000000	0.000000	0.000000	0.000000
-0.958044	0.885948	0.000000	-0.795239	0.000000	0.000000	0.000000	0.000000	0.000000	0.000000
-0.958044	0.885937	0.000000	-0.795164	0.000000	0.000000	0.000000	0.000000	0.000000	0.000000
-0.958044	0.885944	0.000000	-0.795173	0.000000	0.000000	0.000000	0.000000	0.000000	0.000000
-0.958045	0.885945	0.000000	-0.795113	0.000000	0.000000	0.000000	0.000000	0.000000	0.000000
-0.958044	0.885957	-0.000000	-0.795173	0.000000	0.000000	0.000000	0.000000	0.000000	0.000000
-0.958045	0.885939	-0.000000	-0.795126	0.000000	0.000000	0.000000	0.000000	0.000000	0.000000
-0.958045	0.885952	0.000000	-0.795310	0.000000	0.000000	0.000000	0.000000	0.000000	0.000000
-0.958044	0.885937	-0.000000	-0.794077	0.000000	0.000000	0.000000	0.000000	0.000000	0.000000
-0.958045	0.885940	0.000000	-0.795176	0.000000	0.000000	0.000000	0.000000	0.000000	0.000000
-0.958045	0.885944	0.000000	-0.795134	0.000000	0.000000	0.000000	0.000000	0.000000	0.000000
-0.958044	0.885954	0.000000	-0.795196	0.000000	0.000000	0.000000	0.000000	0.000000	0.000000
-0.958045	0.885946	0.000000	-0.795191	0.000000	0.000000	0.000000	0.000000	0.000000	0.000000
-0.958045	0.885941	0.000000	-0.795207	0.000000	0.000000	0.000000	0.000000	0.000000	0.000000
-0.958045	0.885941	-0.000000	-0.794270	0.000000	0.000000	0.000000	0.000000	0.000000	0.000000
-0.958044	0.885945	0.000000	-0.795013	0.000000	0.000000	0.000000	0.000000	0.000000	0.000000
-0.958045	0.885941	0.000000	-0.613047	0.000000	0.000000	0.000000	0.000000	0.000000	0.000000
-0.958044	0.885942	0.000000	-0.794977	0.000000	0.000000	0.000000	0.000000	0.000000	0.000000
-0.958044	0.885945	0.000000	-0.795383	0.000000	0.000000	0.000000	0.000000	0.000000	0.000000
-0.958045	0.885945	-0.000000	-0.795198	0.000000	0.000000	0.000000	0.000000	0.000000	0.000000
-0.958045	0.885938	0.000000	-0.795236	0.000000	0.000000	0.000000	0.000000	0.000000	0.000000
-0.958044	0.885952	-0.000000	-0.795285	0.000000	0.000000	0.000000	0.000000	0.000000	0.000000
-0.958044	0.885945	-0.000000	-0.795174	0.000000	0.000000	0.000000	0.000000	0.000000	0.000000
-0.958044	0.885945	0.000000	-0.795239	0.000000	0.000000	0.000000	0.000000	0.000000	0.000000
-0.958044	0.885926	-0.000000	-0.795178	0.000000	0.000000	0.000000	0.000000	0.000000	0.000000
-0.958045	0.885953	-0.000000	-0.794718	0.000000	0.000000	0.000000	0.000000	0.000000	0.000000
-0.958045	0.885937	0.000000	-0.795132	0.000000	0.000000	0.000000	0.000000	0.000000	0.000000
-0.958045	0.885943	0.000000	-0.795197	0.000000	0.000000	0.000000	0.000000	0.000000	0.000000
-0.958045	0.885947	0.000000	-0.795136	0.000000	0.000000	0.000000	0.000000	0.000000	0.000000
-0.958044	0.885951	-0.000000	-0.795067	0.000000	0.000000	0.000000	0.000000	0.000000	0.000000
-0.958045	0.885944	0.000000	-0.795125	0.000000	0.000000	0.000000	0.000000	0.000000	0.000000
-0.958044	0.885946	0.000000	-0.795108	0.000000	0.000000	0.000000	0.000000	0.000000	0.000000
-0.958045	0.885946	0.000000	-0.795194	0.000000	0.000000	0.000000	0.000000	0.000000	0.000000
-0.958045	0.885936	0.000000	-0.795255	0.000000	0.000000	0.000000	0.000000	0.000000	0.000000
-0.958045	0.885950	-0.000000	-0.795191	0.000000	0.000000	0.000000	0.000000	0.000000	0.000000
-0.958044	0.885952	0.000000	-0.795277	0.000000	0.000000	0.000000	0.000000	0.000000	0.000000
-0.958044	0.885943	0.000000	-0.795172	0.000000	0.000000	0.000000	0.000000	0.000000	0.000000
-0.958045	0.885946	0.000000	-0.795212	0.000000	0.000000	0.000000	0.000000	0.000000	0.000000
-0.958045	0.885939	0.000000	-0.795160	0.000000	0.000000	0.000000	0.000000	0.000000	0.000000
-0.958045	0.885941	0.000000	-0.795146	0.000000	0.000000	0.000000	0.000000	0.000000	0.000000
-0.958045	0.885934	0.000000	-0.795096	0.000000	0.000000	0.000000	0.000000	0.000000	0.000000
-0.958045	0.885941	-0.000000	-0.795256	0.000000	0.000000	0.000000	0.000000	0.000000	0.000000
-0.958045	0.885936	0.000000	-0.795343	0.000000	0.000000	0.000000	0.000000	0.000000	0.000000
-0.958045	0.885937	0.000000	-0.795312	0.000000	0.000000	0.000000	0.000000	0.000000	0.000000
-0.958045	0.885933	0.000000	-0.795168	0.000000	0.000000	0.000000	0.000000	0.000000	0.000000
-0.958045	0.885939	-0.000000	-0.794962	0.000000	0.000000	0.000000	0.000000	0.000000	0.000000
-0.958045	0.885937	0.000000	-0.794333	0.000000	0.000000	0.000000	0.000000	0.000000	0.000000
-0.958045	0.885946	0.000000	-0.795480	0.000000	0.000000	0.000000	0.000000	0.000000	0.000000
-0.958044	0.885942	0.000000	-0.795057	0.000000	0.000000	0.000000	0.000000	0.000000	0.000000
-0.958045	0.885950	0.000000	-0.795229	0.000000	0.000000	0.000000	0.000000	0.000000	0.000000
-0.958045	0.885946	-0.000000	-0.795136	0.000000	0.000000	0.000000	0.000000	0.000000	0.000000
-0.958045	0.885946	-0.000000	-0.795260	0.000000	0.000000	0.000000	0.000000	0.000000	0.000000
-0.958045	0.885935	0.000000	-0.795083	0.000000	0.000000	0.000000	0.000000	0.000000	0.000000
-0.958045	0.885933	0.000000	-0.776677	0.000000	0.000000	0.000000	0.000000	0.000000	0.000000
-0.958045	0.885933	0.000000	-0.791071	0.000000	0.000000	0.000000	0.000000	0.000000	0.000000
-0.958044	0.885950	0.000000	-0.795352	0.000000	0.000000	0.000000	0.000000	0.000000	0.000000
-0.958044	0.885947	0.000000	-0.795180	0.000000	0.000000	0.000000	0.000000	0.000000	0.000000
-0.958044	0.885957	-0.000000	-0.795095	0.000000	0.000000	0.000000	0.000000	0.000000	0.000000
-0.958044	0.885944	0.000000	-0.795035	0.000000	0.000000	0.000000	0.000000	0.000000	0.000000
-0.958044	0.885948	0.000000	-0.795159	0.000000	0.000000	0.000000	0.000000	0.000000	0.000000
-0.958044	0.885960	-0.000000	-0.794464	0.000000	0.000000	0.000000	0.000000	0.000000	0.000000
-0.958044	0.885947	0.000000	-0.795092	0.000000	0.000000	0.000000	0.000000	0.000000	0.000000
-0.958045	0.885946	-0.000000	-0.795160	0.000000	0.000000	0.000000	0.000000	0.000000	0.000000
-0.958045	0.885940	0.000000	-0.795216	0.000000	0.000000	0.000000	0.000000	0.000000	0.000000
-0.958045	0.885944	-0.000000	-0.795289	0.000000	0.000000	0.000000	0.000000	0.000000	0.000000
-0.958044	0.885943	-0.000000	-0.795176	0.000000	0.000000	0.000000	0.000000	0.000000	0.000000
-0.958045	0.885943	-0.000000	-0.795284	0.000000	0.000000	0.000000	0.000000	0.000000	0.000000
-0.958044	0.885943	-0.000000	-0.795261	0.000000	0.000000	0.000000	0.000000	0.000000	0.000000
-0.958045	0.885943	0.000000	-0.795220	0.000000	0.000000	0.000000	0.000000	0.000000	0.000000
-0.958045	0.885940	0.000000	-0.795319	0.000000	0.000000	0.000000	0.000000	0.000000	0.000000
-0.958045	0.885949	-0.000000	-0.795041	0.000000	0.000000	0.000000	0.000000	0.000000	0.000000
-0.958045	0.885942	0.000000	-0.795127	0.000000	0.000000	0.000000	0.000000	0.000000	0.000000
-0.958044	0.885942	0.000000	-0.791294	0.000000	0.000000	0.000000	0.000000	0.000000	0.000000
-0.958044	0.885947	0.000000	-0.795042	0.000000	0.000000	0.000000	0.000000	0.000000	0.000000
-0.958045	0.885937	0.000000	-0.795099	0.000000	0.000000	0.000000	0.000000	0.000000	0.000000
-0.958045	0.885937	0.000000	-0.795174	0.000000	0.000000	0.000000	0.000000	0.000000	0.000000
-0.958045	0.885934	-0.000000	-0.794982	0.000000	0.000000	0.000000	0.000000	0.000000	0.000000
-0.958045	0.885938	0.000000	-0.794938	0.000000	0.000000	0.000000	0.000000	0.000000	0.000000
-0.958045	0.885938	0.000000	-0.795013	0.000000	0.000000	0.000000	0.000000	0.000000	0.000000
-0.958044	0.885932	0.000000	-0.795253	0.000000	0.000000	0.000000	0.000000	0.000000	0.000000
-0.958045	0.885945	-0.000000	-0.795032	0.000000	0.000000	0.000000	0.000000	0.000000	0.000000
-0.958044	0.885945	0.000000	-0.795117	0.000000	0.000000	0.000000	0.000000	0.000000	0.000000
-0.958044	0.885946	0.000000	-0.795205	0.000000	0.000000	0.000000	0.000000	0.000000	0.000000
-0.958044	0.885946	-0.000000	-0.795288	0.000000	0.000000	0.000000	0.000000	0.000000	0.000000
-0.958045	0.885941	0.000000	-0.795252	0.000000	0.000000	0.000000	0.000000	0.000000	0.000000
-0.958044	0.885943	-0.000000	-0.795065	0.000000	0.000000	0.000000	0.000000	0.000000	0.000000
-0.958044	0.885953	-0.000000	-0.795040	0.000000	0.000000	0.000000	0.000000	0.000000	0.000000
-0.958045	0.885949	0.000000	-0.795120	0.000000	0.000000	0.000000	0.000000	0.000000	0.000000
-0.958045	0.885948	0.000000	-0.795115	0.000000	0.000000	0.000000	0.000000	0.000000	0.000000
-0.958044	0.885957	0.000000	-0.795373	0.000000	0.000000	0.000000	0.000000	0.000000	0.000000
-0.958045	0.885943	-0.000000	-0.795011	0.000000	0.000000	0.000000	0.000000	0.000000	0.000000
-0.958045	0.885958	-0.000000	-0.795187	0.000000	0.000000	0.000000	0.000000	0.000000	0.000000
-0.958044	0.885946	0.000000	-0.795129	0.000000	0.000000	0.000000	0.000000	0.000000	0.000000
-0.958044	0.885942	0.000000	-0.795107	0.000000	0.000000	0.000000	0.000000	0.000000	0.000000
-0.958045	0.885949	0.000000	-0.795143	0.000000	0.000000	0.000000	0.000000	0.000000	0.000000
-0.958045	0.885946	-0.000000	-0.795162	0.000000	0.000000	0.000000	0.000000	0.000000	0.000000
-0.958044	0.885930	0.000000	-0.795167	0.000000	0.000000	0.000000	0.000000	0.000000	0.000000
-0.958044	0.885939	-0.000000	-0.795177	0.000000	0.000000	0.000000	0.000000	0.000000	0.000000
-0.958044	0.885946	0.000000	-0.795388	0.000000	0.000000	0.000000	0.000000	0.000000	0.000000
-0.958044	0.885937	0.000000	-0.795200	0.000000	0.000000	0.000000	0.000000	0.000000	0.000000
-0.958044	0.885944	-0.000000	-0.795124	0.000000	0.000000	0.000000	0.000000	0.000000	0.000000
-0.958045	0.885945	0.000000	-0.795201	0.000000	0.000000	0.000000	0.000000	0.000000	0.000000
-0.958044	0.885946	0.000000	-0.795170	0.000000	0.000000	0.000000	0.000000	0.000000	0.000000
-0.958045	0.885946	-0.000000	-0.795308	0.000000	0.000000	0.000000	0.000000	0.000000	0.000000
-0.958045	0.885944	0.000000	-0.795107	0.000000	0.000000	0.000000	0.000000	0.000000	0.000000
-0.958044	0.885946	0.000000	-0.794739	0.000000	0.000000	0.000000	0.000000	0.000000	0.000000
-0.958044	0.885953	0.000000	-0.795279	0.000000	0.000000	0.000000	0.000000	0.000000	0.000000
-0.958045	0.885939	0.000000	-0.795109	0.000000	0.000000	0.000000	0.000000	0.000000	0.000000
-0.958045	0.885948	0.000000	-0.795008	0.000000	0.000000	0.000000	0.000000	0.000000	0.000000
-0.958045	0.885956	0.000000	-0.795190	0.000000	0.000000	0.000000	0.000000	0.000000	0.000000
-0.958044	0.885936	-0.000000	-0.795136	0.000000	0.000000	0.000000	0.000000	0.000000	0.000000
-0.958045	0.885950	0.000000	-0.795225	0.000000	0.000000	0.000000	0.000000	0.000000	0.000000
-0.958044	0.885943	0.000000	-0.795240	0.000000	0.000000	0.000000	0.000000	0.000000	0.000000
-0.958045	0.885942	0.000000	-0.795200	0.000000	0.000000	0.000000	0.000000	0.000000	0.000000
-0.958045	0.885935	0.000000	-0.795216	0.000000	0.000000	0.000000	0.000000	0.000000	0.000000
-0.958045	0.885939	-0.000000	-0.795071	0.000000	0.000000	0.000000	0.000000	0.000000	0.000000
-0.958045	0.885935	0.000000	-0.795057	0.000000	0.000000	0.000000	0.000000	0.000000	0.000000
-0.958044	0.885941	-0.000000	-0.795287	0.000000	0.000000	0.000000	0.000000	0.000000	0.000000
-0.958044	0.885948	0.000000	-0.795267	0.000000	0.000000	0.000000	0.000000	0.000000	0.000000
-0.958044	0.885947	-0.000000	-0.795167	0.000000	0.000000	0.000000	0.000000	0.000000	0.000000
-0.958045	0.885945	0.000000	-0.795250	0.000000	0.000000	0.000000	0.000000	0.000000	0.000000
-0.958045	0.885935	0.000000	-0.795059	0.000000	0.000000	0.000000	0.000000	0.000000	0.000000
-0.958045	0.885952	0.000000	-0.795248	0.000000	0.000000	0.000000	0.000000	0.000000	0.000000
-0.958044	0.885935	0.000000	-0.795123	0.000000	0.000000	0.000000	0.000000	0.000000	0.000000
-0.958045	0.885950	-0.000000	-0.795165	0.000000	0.000000	0.000000	0.000000	0.000000	0.000000
-0.958044	0.885954	-0.000000	-0.795264	0.000000	0.000000	0.000000	0.000000	0.000000	0.000000
-0.958045	0.885938	0.000000	-0.795245	0.000000	0.000000	0.000000	0.000000	0.000000	0.000000
-0.958045	0.885936	0.000000	-0.795237	0.000000	0.000000	0.000000	0.000000	0.000000	0.000000
-0.958044	0.885942	-0.000000	-0.795140	0.000000	0.000000	0.000000	0.000000	0.000000	0.000000
-0.958045	0.885941	0.000000	-0.795113	0.000000	0.000000	0.000000	0.000000	0.000000	0.000000
-0.958044	0.885957	0.000000	-0.795302	0.000000	0.000000	0.000000	0.000000	0.000000	0.000000
-0.958045	0.885952	-0.000000	-0.795261	0.000000	0.000000	0.000000	0.000000	0.000000	0.000000
-0.958045	0.885944	0.000000	-0.795139	0.000000	0.000000	0.000000	0.000000	0.000000	0.000000
-0.958045	0.883599	0.000000	-0.795134	0.000000	0.000000	0.000000	0.000000	0.000000	0.000000
-0.958044	0.885949	0.000000	-0.795192	0.000000	0.000000	0.000000	0.000000	0.000000	0.000000
-0.958044	0.885953	0.000000	-0.627421	0.000000	0.000000	0.000000	0.000000	0.000000	0.000000
-0.958044	0.885939	0.000000	-0.795407	0.000000	0.000000	0.000000	0.000000	0.000000	0.000000
-0.958045	0.885936	0.000000	-0.795155	0.000000	0.000000	0.000000	0.000000	0.000000	0.000000
-0.958045	0.885956	0.000000	-0.795304	0.000000	0.000000	0.000000	0.000000	0.000000	0.000000
-0.958045	0.885953	-0.000000	-0.795325	0.000000	0.000000	0.000000	0.000000	0.000000	0.000000
-0.958044	0.885949	-0.000000	-0.794089	0.000000	0.000000	0.000000	0.000000	0.000000	0.000000
-0.958045	0.885945	0.000000	-0.795172	0.000000	0.000000	0.000000	0.000000	0.000000	0.000000
-0.958044	0.885950	0.000000	-0.795291	0.000000	0.000000	0.000000	0.000000	0.000000	0.000000
-0.958045	0.885930	0.000000	-0.795149	0.000000	0.000000	0.000000	0.000000	0.000000	0.000000
-0.958044	0.885950	0.000000	-0.795201	0.000000	0.000000	0.000000	0.000000	0.000000	0.000000
-0.958044	0.885952	0.000000	-0.795110	0.000000	0.000000	0.000000	0.000000	0.000000	0.000000
-0.958044	0.885935	0.000000	-0.794939	0.000000	0.000000	0.000000	0.000000	0.000000	0.000000
-0.958045	0.885949	0.000000	-0.795282	0.000000	0.000000	0.000000	0.000000	0.000000	0.000000
-0.958045	0.885948	-0.000000	-0.795123	0.000000	0.000000	0.000000	0.000000	0.000000	0.000000
-0.958044	0.885939	-0.000000	-0.795103	0.000000	0.000000	0.000000	0.000000	0.000000	0.000000
-0.958044	0.885950	-0.000000	-0.795265	0.000000	0.000000	0.000000	0.000000	0.000000	0.000000
-0.958044	0.885939	0.000000	-0.795186	0.000000	0.000000	0.000000	0.000000	0.000000	0.000000
-0.958044	0.885937	0.000000	-0.795216	0.000000	0.000000	0.000000	0.000000	0.000000	0.000000
-0.958045	0.885958	0.000000	-0.795131	0.000000	0.000000	0.000000	0.000000	0.000000	0.000000
-0.958045	0.885946	0.000000	-0.795169	0.000000	0.000000	0.000000	0.000000	0.000000	0.000000
-0.958045	0.885936	0.000000	-0.795218	0.000000	0.000000	0.000000	0.000000	0.000000	0.000000
-0.958045	0.885947	-0.000000	-0.780544	0.000000	0.000000	0.000000	0.000000	0.000000	0.000000
-0.958045	0.885945	-0.000000	-0.795141	0.000000	0.000000	0.000000	0.000000	0.000000	0.000000
-0.958045	0.885945	0.000000	-0.795449	0.000000	0.000000	0.000000	0.000000	0.000000	0.000000
-0.958045	0.885952	-0.000000	-0.795022	0.000000	0.000000	0.000000	0.000000	0.000000	0.000000
-0.958044	0.885943	0.000000	-0.795299	0.000000	0.000000	0.000000	0.000000	0.000000	0.000000
-0.958045	0.885932	0.000000	-0.795212	0.000000	0.000000	0.000000	0.000000	0.000000	0.000000
-0.958045	0.885942	-0.000000	-0.795162	0.000000	0.000000	0.000000	0.000000	0.000000	0.000000
-0.958045	0.885952	-0.000000	-0.795191	0.000000	0.000000	0.000000	0.000000	0.000000	0.000000
-0.958044	0.885949	-0.000000	-0.795176	0.000000	0.000000	0.000000	0.000000	0.000000	0.000000
-0.958045	0.885940	0.000000	-0.795501	0.000000	0.000000	0.000000	0.000000	0.000000	0.000000
-0.958045	0.885949	-0.000000	-0.795092	0.000000	0.000000	0.000000	0.000000	0.000000	0.000000
-0.958045	0.885953	-0.000000	-0.792621	0.000000	0.000000	0.000000	0.000000	0.000000	0.000000
-0.958045	0.885946	0.000000	-0.795199	0.000000	0.000000	0.000000	0.000000	0.000000	0.000000
-0.958044	0.885953	0.000000	-0.795265	0.000000	0.000000	0.000000	0.000000	0.000000	0.000000
-0.958045	0.885944	-0.000000	-0.795145	0.000000	0.000000	0.000000	0.000000	0.000000	0.000000
-0.958045	0.885945	0.000000	-0.795203	0.000000	0.000000	0.000000	0.000000	0.000000	0.000000
-0.958045	0.885931	0.000000	-0.795252	0.000000	0.000000	0.000000	0.000000	0.000000	0.000000
-0.958044	0.885952	0.000000	-0.795426	0.000000	0.000000	0.000000	0.000000	0.000000	0.000000
-0.958044	0.885945	0.000000	-0.795184	0.000000	0.000000	0.000000	0.000000	0.000000	0.000000
-0.958045	0.885942	0.000000	-0.795206	0.000000	0.000000	0.000000	0.000000	0.000000	0.000000
-0.958045	0.885948	0.000000	-0.795265	0.000000	0.000000	0.000000	0.000000	0.000000	0.000000
-0.958045	0.885946	0.000000	-0.795070	0.000000	0.000000	0.000000	0.000000	0.000000	0.000000
-0.958045	0.885951	0.000000	-0.795177	0.000000	0.000000	0.000000	0.000000	0.000000	0.000000
-0.958045	0.885941	0.000000	-0.795238	0.000000	0.000000	0.000000	0.000000	0.000000	0.000000
-0.958045	0.885942	0.000000	-0.795159	0.000000	0.000000	0.000000	0.000000	0.000000	0.000000
-0.958044	0.885954	0.000000	-0.795176	0.000000	0.000000	0.000000	0.000000	0.000000	0.000000
-0.958045	0.885940	0.000000	-0.795193	0.000000	0.000000	0.000000	0.000000	0.000000	0.000000
-0.958044	0.885937	0.000000	-0.795335	0.000000	0.000000	0.000000	0.000000	0.000000	0.000000
-0.958044	0.885950	-0.000000	-0.780120	0.000000	0.000000	0.000000	0.000000	0.000000	0.000000
-0.958045	0.885930	0.000000	-0.795113	0.000000	0.000000	0.000000	0.000000	0.000000	0.000000
-0.958044	0.885937	0.000000	-0.795121	0.000000	0.000000	0.000000	0.000000	0.000000	0.000000
-0.958045	0.885943	0.000000	-0.795158	0.000000	0.000000	0.000000	0.000000	0.000000	0.000000
-0.958044	0.885936	0.000000	-0.795123	0.000000	0.000000	0.000000	0.000000	0.000000	0.000000
-0.958045	0.885940	-0.000000	-0.795035	0.000000	0.000000	0.000000	0.000000	0.000000	0.000000
-0.958044	0.885936	0.000000	-0.795297	0.000000	0.000000	0.000000	0.000000	0.000000	0.000000
-0.958045	0.885959	0.000000	-0.795282	0.000000	0.000000	0.000000	0.000000	0.000000	0.000000
-0.958044	0.885942	0.000000	-0.795302	0.000000	0.000000	0.000000	0.000000	0.000000	0.000000
-0.958045	0.885946	0.000000	-0.795201	0.000000	0.000000	0.000000	0.000000	0.000000	0.000000
-0.958044	0.885950	0.000000	-0.795252	0.000000	0.000000	0.000000	0.000000	0.000000	0.000000
-0.958044	0.885949	0.000000	-0.717901	0.000000	0.000000	0.000000	0.000000	0.000000	0.000000
-0.958044	0.885950	0.000000	-0.795201	0.000000	0.000000	0.000000	0.000000	0.000000	0.000000
-0.958045	0.885937	0.000000	-0.795157	0.000000	0.000000	0.000000	0.000000	0.000000	0.000000
-0.958045	0.885948	0.000000	-0.795254	0.000000	0.000000	0.000000	0.000000	0.000000	0.000000
-0.958044	0.885951	0.000000	-0.795214	0.000000	0.000000	0.000000	0.000000	0.000000	0.000000
-0.958045	0.885954	0.000000	-0.795207	0.000000	0.000000	0.000000	0.000000	0.000000	0.000000
-0.958044	0.885952	-0.000000	-0.795263	0.000000	0.000000	0.000000	0.000000	0.000000	0.000000
-0.958045	0.885937	0.000000	-0.795087	0.000000	0.000000	0.000000	0.000000	0.000000	0.000000
-0.958044	0.885943	-0.000000	-0.791299	0.000000	0.000000	0.000000	0.000000	0.000000	0.000000
-0.958044	0.885943	0.000000	-0.795175	0.000000	0.000000	0.000000	0.000000	0.000000	0.000000
-0.958045	0.885951	0.000000	-0.795258	0.000000	0.000000	0.000000	0.000000	0.000000	0.000000
-0.958045	0.885951	-0.000000	-0.795161	0.000000	0.000000	0.000000	0.000000	0.000000	0.000000
-0.958044	0.885944	0.000000	-0.795164	0.000000	0.000000	0.000000	0.000000	0.000000	0.000000
-0.958045	0.885916	0.000000	-0.795126	0.000000	0.000000	0.000000	0.000000	0.000000	0.000000
-0.958044	0.885926	0.000000	-0.000050	0.000000	0.000000	0.000000	0.000000	0.000000	0.000000
-0.958045	0.885938	0.784845	0.899433	0.000000	0.000000	0.000000	0.000000	0.000000	0.000000
-0.958044	0.885941	0.784846	0.899214	0.000000	0.000000	0.000000	0.000000	0.000000	0.000000
-0.958045	0.885942	0.784845	0.899747	0.000000	0.000000	0.000000	0.000000	0.000000	0.000000
-0.958045	0.885944	0.783179	0.900008	0.000000	0.000000	0.000000	0.000000	0.000000	0.000000
-0.958044	0.885950	0.784846	0.899759	0.000000	0.000000	0.000000	0.000000	0.000000	0.000000
-0.958045	0.885946	0.784846	0.899367	0.000000	0.000000	0.000000	0.000000	0.000000	0.000000
-0.958044	0.885944	0.784846	0.899732	0.000000	0.000000	0.000000	0.000000	0.000000	0.000000
-0.958045	0.885936	0.784846	0.899274	0.000000	0.000000	0.000000	0.000000	0.000000	0.000000
-0.958044	0.885954	0.784846	0.899411	0.000000	0.000000	0.000000	0.000000	0.000000	0.000000
-0.958045	0.885945	0.784843	0.899527	0.000000	0.000000	0.000000	0.000000	0.000000	0.000000
-0.958045	0.885944	0.784837	0.899976	0.000000	0.000000	0.000000	0.000000	0.000000	0.000000
-0.958045	0.885942	0.784846	0.899940	0.000000	0.000000	0.000000	0.000000	0.000000	0.000000
-0.958045	0.885947	0.784846	0.899968	0.000000	0.000000	0.000000	0.000000	0.000000	0.000000
-0.958045	0.885947	0.784843	0.899475	0.000000	0.000000	0.000000	0.000000	0.000000	0.000000
-0.958044	0.885950	0.784845	0.899613	0.000000	0.000000	0.000000	0.000000	0.000000	0.000000
-0.958044	0.885944	0.784846	0.899755	0.000000	0.000000	0.000000	0.000000	0.000000	0.000000
-0.958045	0.885933	0.784846	0.899994	0.000000	0.000000	0.000000	0.000000	0.000000	0.000000
-0.958045	0.885938	0.784727	0.899460	0.000000	0.000000	0.000000	0.000000	0.000000	0.000000
-0.958044	0.885942	0.784846	0.899922	0.000000	0.000000	0.000000	0.000000	0.000000	0.000000
-0.958044	0.885944	0.784845	0.900083	0.000000	0.000000	0.000000	0.000000	0.000000	0.000000
-0.958045	0.885952	0.784837	0.899651	0.000000	0.000000	0.000000	0.000000	0.000000	0.000000
-0.958044	0.885927	0.784847	0.899486	0.000000	0.000000	0.000000	0.000000	0.000000	0.000000
-0.958044	0.885950	0.784847	0.899611	0.000000	0.000000	0.000000	0.000000	0.000000	0.000000
-0.958044	0.885933	0.784847	0.899753	0.000000	0.000000	0.000000	0.000000	0.000000	0.000000
-0.958045	0.885947	0.784846	0.899281	0.000000	0.000000	0.000000	0.000000	0.000000	0.000000
-0.958044	0.885942	0.784846	0.900020	0.000000	0.000000	0.000000	0.000000	0.000000	0.000000
-0.958045	0.885936	0.784846	0.899853	0.000000	0.000000	0.000000	0.000000	0.000000	0.000000
-0.958045	0.885958	0.784846	0.899824	0.000000	0.000000	0.000000	0.000000	0.000000	0.000000
-0.958045	0.885949	0.783992	0.900217	0.000000	0.000000	0.000000	0.000000	0.000000	0.000000
-0.958045	0.885952	0.784847	0.899416	0.000000	0.000000	0.000000	0.000000	0.000000	0.000000
-0.958044	0.885949	0.784834	0.899409	0.000000	0.000000	0.000000	0.000000	0.000000	0.000000
-0.958044	0.885941	0.780602	0.899297	0.000000	0.000000	0.000000	0.000000	0.000000	0.000000
-0.958044	0.885946	0.784846	0.899381	0.000000	0.000000	0.000000	0.000000	0.000000	0.000000
-0.958045	0.885955	0.784842	0.899693	0.000000	0.000000	0.000000	0.000000	0.000000	0.000000
-0.958044	0.885961	0.784832	0.899860	0.000000	0.000000	0.000000	0.000000	0.000000	0.000000
-0.958044	0.885932	0.784763	0.899704	0.000000	0.000000	0.000000	0.000000	0.000000	0.000000
-0.958045	0.885956	0.784846	0.899523	0.000000	0.000000	0.000000	0.000000	0.000000	0.000000
-0.958045	0.885951	0.784845	0.899964	0.000000	0.000000	0.000000	0.000000	0.000000	0.000000
-0.958045	0.885944	0.784836	0.899685	0.000000	0.000000	0.000000	0.000000	0.000000	0.000000
-0.958044	0.885945	0.784847	0.899373	0.000000	0.000000	0.000000	0.000000	0.000000	0.000000
-0.958044	0.885943	0.784846	0.899456	0.000000	0.000000	0.000000	0.000000	0.000000	0.000000
-0.958045	0.885945	0.784846	0.899728	0.000000	0.000000	0.000000	0.000000	0.000000	0.000000
-0.958045	0.885939	0.784846	0.899866	0.000000	0.000000	0.000000	0.000000	0.000000	0.000000
-0.958045	0.885944	0.784847	0.899355	0.000000	0.000000	0.000000	0.000000	0.000000	0.000000
-0.958044	0.885951	0.784846	0.899730	0.000000	0.000000	0.000000	0.000000	0.000000	0.000000
-0.958045	0.885944	0.784542	0.899465	0.000000	0.000000	0.000000	0.000000	0.000000	0.000000
-0.958044	0.885932	0.784844	0.899821	0.000000	0.000000	0.000000	0.000000	0.000000	0.000000
-0.958045	0.885940	0.784846	0.899727	0.000000	0.000000	0.000000	0.000000	0.000000	0.000000
-0.958045	0.885939	0.784846	0.899498	0.000000	0.000000	0.000000	0.000000	0.000000	0.000000
-0.958044	0.885952	0.784750	0.899889	0.000000	0.000000	0.000000	0.000000	0.000000	0.000000
-0.958045	0.885946	0.784847	0.899848	0.000000	0.000000	0.000000	0.000000	0.000000	0.000000
-0.958045	0.885939	0.784846	0.899676	0.000000	0.000000	0.000000	0.000000	0.000000	0.000000
-0.958045	0.885936	0.784846	0.899816	0.000000	0.000000	0.000000	0.000000	0.000000	0.000000
-0.958044	0.885945	0.768753	0.899956	0.000000	0.000000	0.000000	0.000000	0.000000	0.000000
-0.958045	0.885942	0.784846	0.899854	0.000000	0.000000	0.000000	0.000000	0.000000	0.000000
-0.958044	0.885943	0.784369	0.900038	0.000000	0.000000	0.000000	0.000000	0.000000	0.000000
-0.958044	0.885953	0.784829	0.899734	0.000000	0.000000	0.000000	0.000000	0.000000	0.000000
-0.958044	0.885942	0.784523	0.900122	0.000000	0.000000	0.000000	0.000000	0.000000	0.000000
-0.958045	0.885958	0.784846	0.897789	0.000000	0.000000	0.000000	0.000000	0.000000	0.000000
-0.958044	0.885947	0.784774	0.899672	0.000000	0.000000	0.000000	0.000000	0.000000	0.000000
-0.958045	0.885947	0.784841	0.899834	0.000000	0.000000	0.000000	0.000000	0.000000	0.000000
-0.958044	0.885942	0.783423	0.899825	0.000000	0.000000	0.000000	0.000000	0.000000	0.000000
-0.958045	0.885944	0.784845	0.900128	0.000000	0.000000	0.000000	0.000000	0.000000	0.000000
-0.958045	0.885944	0.784845	0.899466	0.000000	0.000000	0.000000	0.000000	0.000000	0.000000
-0.958045	0.885948	0.784822	0.899603	0.000000	0.000000	0.000000	0.000000	0.000000	0.000000
-0.958045	0.885932	0.784846	0.899616	0.000000	0.000000	0.000000	0.000000	0.000000	0.000000
-0.958045	0.885958	0.784846	0.899745	0.000000	0.000000	0.000000	0.000000	0.000000	0.000000
-0.958045	0.885943	0.784768	0.899875	0.000000	0.000000	0.000000	0.000000	0.000000	0.000000
-0.958045	0.885940	0.784843	0.900068	0.000000	0.000000	0.000000	0.000000	0.000000	0.000000
-0.958045	0.885952	0.784845	0.899600	0.000000	0.000000	0.000000	0.000000	0.000000	0.000000
-0.958045	0.885941	0.784845	0.899430	0.000000	0.000000	0.000000	0.000000	0.000000	0.000000
-0.958044	0.885943	0.784847	0.899483	0.000000	0.000000	0.000000	0.000000	0.000000	0.000000
-0.958045	0.885943	0.784847	0.899401	0.000000	0.000000	0.000000	0.000000	0.000000	0.000000
-0.958045	0.885948	0.784846	0.899339	0.000000	0.000000	0.000000	0.000000	0.000000	0.000000
-0.958044	0.885949	0.784799	0.899800	0.000000	0.000000	0.000000	0.000000	0.000000	0.000000
-0.958045	0.885945	0.784772	0.899986	0.000000	0.000000	0.000000	0.000000	0.000000	0.000000
-0.958044	0.885947	0.784846	0.899863	0.000000	0.000000	0.000000	0.000000	0.000000	0.000000
-0.958044	0.885955	0.784846	0.899383	0.000000	0.000000	0.000000	0.000000	0.000000	0.000000
-0.958045	0.885933	0.784845	0.899937	0.000000	0.000000	0.000000	0.000000	0.000000	0.000000
-0.958044	0.885943	0.784846	0.899595	0.000000	0.000000	0.000000	0.000000	0.000000	0.000000
-0.958044	0.885944	0.784846	0.899887	0.000000	0.000000	0.000000	0.000000	0.000000	0.000000
-0.958044	0.885963	0.784841	0.899707	0.000000	0.000000	0.000000	0.000000	0.000000	0.000000
-0.958044	0.885936	0.784847	0.899523	0.000000	0.000000	0.000000	0.000000	0.000000	0.000000
-0.958044	0.885938	0.780550	0.899870	0.000000	0.000000	0.000000	0.000000	0.000000	0.000000
-0.958045	0.885944	0.784846	0.899255	0.000000	0.000000	0.000000	0.000000	0.000000	0.000000
-0.958044	0.885948	0.784846	0.899768	0.000000	0.000000	0.000000	0.000000	0.000000	0.000000
-0.958045	0.885945	0.784844	0.899875	0.000000	0.000000	0.000000	0.000000	0.000000	0.000000
-0.958045	0.885948	0.784846	0.899967	0.000000	0.000000	0.000000	0.000000	0.000000	0.000000
-0.958044	0.885938	0.784839	0.899936	0.000000	0.000000	0.000000	0.000000	0.000000	0.000000
-0.958044	0.885941	0.784846	0.899326	0.000000	0.000000	0.000000	0.000000	0.000000	0.000000
-0.958044	0.885939	0.784833	0.899796	0.000000	0.000000	0.000000	0.000000	0.000000	0.000000
-0.958045	0.885932	0.784847	0.899118	0.000000	0.000000	0.000000	0.000000	0.000000	0.000000
-0.958045	0.885950	0.784799	0.899902	0.000000	0.000000	0.000000	0.000000	0.000000	0.000000
-0.958044	0.885952	0.784842	0.899478	0.000000	0.000000	0.000000	0.000000	0.000000	0.000000
-0.958045	0.885943	0.784846	0.899333	0.000000	0.000000	0.000000	0.000000	0.000000	0.000000
-0.958045	0.885936	0.784846	0.899824	0.000000	0.000000	0.000000	0.000000	0.000000	0.000000
-0.958045	0.885943	0.784846	0.899485	0.000000	0.000000	0.000000	0.000000	0.000000	0.000000
-0.958044	0.885943	0.784846	0.899565	0.000000	0.000000	0.000000	0.000000	0.000000	0.000000
-0.958044	0.885931	0.784846	0.899690	0.000000	0.000000	0.000000	0.000000	0.000000	0.000000
-0.958044	0.885942	0.784845	0.899562	0.000000	0.000000	0.000000	0.000000	0.000000	0.000000
-0.958045	0.885952	0.784715	0.900032	0.000000	0.000000	0.000000	0.000000	0.000000	0.000000
-0.958045	0.885947	0.784844	0.899713	0.000000	0.000000	0.000000	0.000000	0.000000	0.000000
-0.958044	0.885944	0.784846	0.899411	0.000000	0.000000	0.000000	0.000000	0.000000	0.000000
-0.958044	0.885941	0.784846	0.899826	0.000000	0.000000	0.000000	0.000000	0.000000	0.000000
-0.958045	0.885947	0.783939	0.899958	0.000000	0.000000	0.000000	0.000000	0.000000	0.000000
-0.958045	0.885957	0.783253	0.899431	0.000000	0.000000	0.000000	0.000000	0.000000	0.000000
-0.958044	0.885946	0.784845	0.899504	0.000000	0.000000	0.000000	0.000000	0.000000	0.000000
-0.958045	0.885948	0.784802	0.900268	0.000000	0.000000	0.000000	0.000000	0.000000	0.000000
-0.958044	0.885939	0.784846	0.900029	0.000000	0.000000	0.000000	0.000000	0.000000	0.000000
-0.958045	0.885936	0.784840	0.899938	0.000000	0.000000	0.000000	0.000000	0.000000	0.000000
-0.958045	0.885935	0.784846	0.899935	0.000000	0.000000	0.000000	0.000000	0.000000	0.000000
-0.958045	0.885943	0.784847	0.899301	0.000000	0.000000	0.000000	0.000000	0.000000	0.000000
-0.958044	0.885944	0.784847	0.899553	0.000000	0.000000	0.000000	0.000000	0.000000	0.000000
-0.958045	0.885945	0.784846	0.899570	0.000000	0.000000	0.000000	0.000000	0.000000	0.000000
-0.958045	0.885937	0.784847	0.899604	0.000000	0.000000	0.000000	0.000000	0.000000	0.000000
-0.958045	0.885944	0.784846	0.899564	0.000000	0.000000	0.000000	0.000000	0.000000	0.000000
-0.958045	0.885953	0.784823	0.899761	0.000000	0.000000	0.000000	0.000000	0.000000	0.000000
-0.958044	0.885945	0.784846	0.900043	0.000000	0.000000	0.000000	0.000000	0.000000	0.000000
-0.958045	0.885948	0.784846	0.848960	0.000000	0.000000	0.000000	0.000000	0.000000	0.000000
-0.958045	0.885936	0.784846	0.899636	0.000000	0.000000	0.000000	0.000000	0.000000	0.000000
-0.958045	0.885948	0.784846	0.899315	0.000000	0.000000	0.000000	0.000000	0.000000	0.000000
-0.958044	0.885948	0.784847	0.899671	0.000000	0.000000	0.000000	0.000000	0.000000	0.000000
-0.958044	0.885945	0.784846	0.899718	0.000000	0.000000	0.000000	0.000000	0.000000	0.000000
-0.958045	0.885957	0.784846	0.899371	0.000000	0.000000	0.000000	0.000000	0.000000	0.000000
-0.958045	0.885950	0.784843	0.900105	0.000000	0.000000	0.000000	0.000000	0.000000	0.000000
-0.958045	0.885942	0.784846	0.899733	0.000000	0.000000	0.000000	0.000000	0.000000	0.000000
-0.958045	0.885939	0.784847	0.899615	0.000000	0.000000	0.000000	0.000000	0.000000	0.000000
-0.958044	0.885947	0.784846	0.899577	0.000000	0.000000	0.000000	0.000000	0.000000	0.000000
-0.958045	0.885937	0.784846	0.899487	0.000000	0.000000	0.000000	0.000000	0.000000	0.000000
-0.958045	0.885940	0.784830	0.899819	0.000000	0.000000	0.000000	0.000000	0.000000	0.000000
-0.958044	0.885946	0.784783	0.899989	0.000000	0.000000	0.000000	0.000000	0.000000	0.000000
-0.958044	0.885941	0.784846	0.899501	0.000000	0.000000	0.000000	0.000000	0.000000	0.000000
-0.958045	0.885957	0.727844	0.900028	0.000000	0.000000	0.000000	0.000000	0.000000	0.000000
-0.958045	0.885943	0.784846	0.899292	0.000000	0.000000	0.000000	0.000000	0.000000	0.000000
-0.958044	0.885944	0.784847	0.899363	0.000000	0.000000	0.000000	0.000000	0.000000	0.000000
-0.958045	0.885947	0.784847	0.899753	0.000000	0.000000	0.000000	0.000000	0.000000	0.000000
-0.958044	0.885941	0.784847	0.899682	0.000000	0.000000	0.000000	0.000000	0.000000	0.000000
-0.958045	0.885936	0.784846	0.899778	0.000000	0.000000	0.000000	0.000000	0.000000	0.000000
-0.958045	0.885946	0.784846	0.899628	0.000000	0.000000	0.000000	0.000000	0.000000	0.000000
-0.958045	0.885938	0.784823	0.899594	0.000000	0.000000	0.000000	0.000000	0.000000	0.000000
-0.958045	0.885944	0.783477	0.899544	0.000000	0.000000	0.000000	0.000000	0.000000	0.000000
-0.958045	0.885945	0.784845	0.899715	0.000000	0.000000	0.000000	0.000000	0.000000	0.000000
-0.958044	0.885954	0.784841	0.900214	0.000000	0.000000	0.000000	0.000000	0.000000	0.000000
-0.958044	0.885942	0.784846	0.899680	0.000000	0.000000	0.000000	0.000000	0.000000	0.000000
-0.958044	0.885933	0.784846	0.899523	0.000000	0.000000	0.000000	0.000000	0.000000	0.000000
-0.958044	0.885952	0.784844	0.899892	0.000000	0.000000	0.000000	0.000000	0.000000	0.000000
-0.958045	0.885944	0.784846	0.899396	0.000000	0.000000	0.000000	0.000000	0.000000	0.000000
-0.958045	0.885957	0.784846	0.899102	0.000000	0.000000	0.000000	0.000000	0.000000	0.000000
-0.958044	0.885945	0.784013	0.899702	0.000000	0.000000	0.000000	0.000000	0.000000	0.000000
-0.958044	0.885944	0.753381	0.899581	0.000000	0.000000	0.000000	0.000000	0.000000	0.000000
-0.958045	0.885945	0.784846	0.899978	0.000000	0.000000	0.000000	0.000000	0.000000	0.000000
-0.958045	0.885938	0.784845	0.899193	0.000000	0.000000	0.000000	0.000000	0.000000	0.000000
-0.958044	0.885935	0.784845	0.899706	0.000000	0.000000	0.000000	0.000000	0.000000	0.000000
-0.958044	0.885950	0.784846	0.899874	0.000000	0.000000	0.000000	0.000000	0.000000	0.000000
-0.958044	0.885955	0.784841	0.899531	0.000000	0.000000	0.000000	0.000000	0.000000	0.000000
-0.958044	0.885943	0.784846	0.899991	0.000000	0.000000	0.000000	0.000000	0.000000	0.000000
-0.958045	0.885934	0.784842	0.899883	0.000000	0.000000	0.000000	0.000000	0.000000	0.000000
-0.958044	0.885952	0.784843	0.899866	0.000000	0.000000	0.000000	0.000000	0.000000	0.000000
-0.958044	0.885949	0.784846	0.900154	0.000000	0.000000	0.000000	0.000000	0.000000	0.000000
-0.958044	0.885951	0.784847	0.899525	0.000000	0.000000	0.000000	0.000000	0.000000	0.000000
-0.958045	0.885953	0.784804	0.899645	0.000000	0.000000	0.000000	0.000000	0.000000	0.000000
-0.958045	0.885956	0.784846	0.899486	0.000000	0.000000	0.000000	0.000000	0.000000	0.000000
-0.958044	0.885934	0.784846	0.899468	0.000000	0.000000	0.000000	0.000000	0.000000	0.000000
-0.958045	0.885945	0.784846	0.899655	0.000000	0.000000	0.000000	0.000000	0.000000	0.000000
-0.958044	0.885953	0.784846	0.899499	0.000000	0.000000	0.000000	0.000000	0.000000	0.000000
-0.958044	0.885936	0.784792	0.899963	0.000000	0.000000	0.000000	0.000000	0.000000	0.000000
-0.958045	0.885953	0.784846	0.899494	0.000000	0.000000	0.000000	0.000000	0.000000	0.000000
-0.958045	0.885939	0.784847	0.900041	0.000000	0.000000	0.000000	0.000000	0.000000	0.000000
-0.958044	0.885942	0.784845	0.899363	0.000000	0.000000	0.000000	0.000000	0.000000	0.000000
-0.958044	0.885948	0.784838	0.899624	0.000000	0.000000	0.000000	0.000000	0.000000	0.000000
-0.958045	0.885947	0.784668	0.900267	0.000000	0.000000	0.000000	0.000000	0.000000	0.000000
-0.958045	0.885943	0.784846	0.899906	0.000000	0.000000	0.000000	0.000000	0.000000	0.000000
-0.958044	0.885947	0.784825	0.899932	0.000000	0.000000	0.000000	0.000000	0.000000	0.000000
-0.958045	0.885936	0.784846	0.899775	0.000000	0.000000	0.000000	0.000000	0.000000	0.000000
-0.958045	0.885946	0.784562	0.899899	0.000000	0.000000	0.000000	0.000000	0.000000	0.000000
-0.958045	0.885939	0.784846	0.899742	0.000000	0.000000	0.000000	0.000000	0.000000	0.000000
-0.958045	0.885946	0.784846	0.899395	0.000000	0.000000	0.000000	0.000000	0.000000	0.000000
-0.958045	0.885946	0.781164	0.900076	0.000000	0.000000	0.000000	0.000000	0.000000	0.000000
-0.958045	0.885949	0.784792	0.899563	0.000000	0.000000	0.000000	0.000000	0.000000	0.000000
-0.958045	0.885949	0.784846	0.899898	0.000000	0.000000	0.000000	0.000000	0.000000	0.000000
-0.958045	0.885946	0.784847	0.899544	0.000000	0.000000	0.000000	0.000000	0.000000	0.000000
-0.958045	0.885959	0.776561	0.899530	0.000000	0.000000	0.000000	0.000000	0.000000	0.000000
-0.958044	0.885942	0.784847	0.899982	0.000000	0.000000	0.000000	0.000000	0.000000	0.000000
-0.958044	0.885956	0.784843	0.899269	0.000000	0.000000	0.000000	0.000000	0.000000	0.000000
-0.958045	0.885941	0.494515	0.900413	0.000000	0.000000	0.000000	0.000000	0.000000	0.000000
-0.958044	0.885944	0.784786	0.900012	0.000000	0.000000	0.000000	0.000000	0.000000	0.000000
-0.958044	0.885942	0.784846	0.899466	0.000000	0.000000	0.000000	0.000000	0.000000	0.000000
-0.958045	0.885957	0.783544	0.899902	0.000000	0.000000	0.000000	0.000000	0.000000	0.000000
-0.958044	0.885937	0.784846	0.899666	0.000000	0.000000	0.000000	0.000000	0.000000	0.000000
-0.958045	0.885959	0.784846	0.899430	0.000000	0.000000	0.000000	0.000000	0.000000	0.000000
-0.958044	0.885951	0.784846	0.897503	0.000000	0.000000	0.000000	0.000000	0.000000	0.000000
-0.958044	0.885933	0.784846	0.899602	0.000000	0.000000	0.000000	0.000000	0.000000	0.000000
-0.958044	0.885930	0.784845	0.899852	0.000000	0.000000	0.000000	0.000000	0.000000	0.000000
-0.958045	0.885942	0.784822	0.899338	0.000000	0.000000	0.000000	0.000000	0.000000	0.000000
-0.958044	0.885955	0.744674	0.899869	0.000000	0.000000	0.000000	0.000000	0.000000	0.000000
-0.958045	0.885947	0.784847	0.899537	0.000000	0.000000	0.000000	0.000000	0.000000	0.000000
-0.958045	0.885945	0.784846	0.899384	0.000000	0.000000	0.000000	0.000000	0.000000	0.000000
-0.958044	0.885956	0.783418	0.899854	0.000000	0.000000	0.000000	0.000000	0.000000	0.000000
-0.958045	0.885940	0.784846	0.899739	0.000000	0.000000	0.000000	0.000000	0.000000	0.000000
-0.958044	0.885945	0.784846	0.899271	0.000000	0.000000	0.000000	0.000000	0.000000	0.000000
-0.958044	0.885945	0.784839	0.900140	0.000000	0.000000	0.000000	0.000000	0.000000	0.000000
-0.958044	0.885943	0.784846	0.899543	0.000000	0.000000	0.000000	0.000000	0.000000	0.000000
-0.958045	0.885935	0.784846	0.900063	0.000000	0.000000	0.000000	0.000000	0.000000	0.000000
-0.958045	0.885940	0.784846	0.899255	0.000000	0.000000	0.000000	0.000000	0.000000	0.000000
-0.958045	0.885944	0.784836	0.899854	0.000000	0.000000	0.000000	0.000000	0.000000	0.000000
-0.958044	0.885940	0.782084	0.899787	0.000000	0.000000	0.000000	0.000000	0.000000	0.000000
-0.958044	0.885947	0.784823	0.899665	0.000000	0.000000	0.000000	0.000000	0.000000	0.000000
-0.958044	0.885936	0.784846	0.899559	0.000000	0.000000	0.000000	0.000000	0.000000	0.000000
-0.958045	0.885948	0.784728	0.899940	0.000000	0.000000	0.000000	0.000000	0.000000	0.000000
-0.958044	0.885936	0.784806	0.899622	0.000000	0.000000	0.000000	0.000000	0.000000	0.000000
-0.958044	0.885942	0.784847	0.899274	0.000000	0.000000	0.000000	0.000000	0.000000	0.000000
-0.958044	0.885934	0.784846	0.900184	0.000000	0.000000	0.000000	0.000000	0.000000	0.000000
-0.958045	0.885950	0.784419	0.899975	0.000000	0.000000	0.000000	0.000000	0.000000	0.000000
-0.958045	0.885945	0.784846	0.899559	0.000000	0.000000	0.000000	0.000000	0.000000	0.000000
-0.958045	0.885939	0.784846	0.900210	0.000000	0.000000	0.000000	0.000000	0.000000	0.000000
-0.958045	0.885941	0.784846	0.899790	0.000000	0.000000	0.000000	0.000000	0.000000	0.000000
-0.958044	0.885946	0.784844	0.899741	0.000000	0.000000	0.000000	0.000000	0.000000	0.000000
-0.958044	0.885951	0.784846	0.899858	0.000000	0.000000	0.000000	0.000000	0.000000	0.000000
-0.958044	0.885949	0.784829	0.899817	0.000000	0.000000	0.000000	0.000000	0.000000	0.000000
-0.958045	0.885944	0.784842	0.899844	0.000000	0.000000	0.000000	0.000000	0.000000	0.000000
-0.958045	0.885950	0.784846	0.900102	0.000000	0.000000	0.000000	0.000000	0.000000	0.000000
-0.958045	0.885940	0.784847	0.900077	0.000000	0.000000	0.000000	0.000000	0.000000	0.000000
-0.958045	0.885946	0.784786	0.899844	0.000000	0.000000	0.000000	0.000000	0.000000	0.000000
-0.958045	0.885945	0.784844	0.899725	0.000000	0.000000	0.000000	0.000000	0.000000	0.000000
-0.958045	0.885936	0.784846	0.899864	0.000000	0.000000	0.000000	0.000000	0.000000	0.000000
-0.958045	0.885949	0.784846	0.899447	0.000000	0.000000	0.000000	0.000000	0.000000	0.000000
-0.958045	0.885946	0.784846	0.899442	0.000000	0.000000	0.000000	0.000000	0.000000	0.000000
-0.958045	0.885948	0.784823	0.899695	0.000000	0.000000	0.000000	0.000000	0.000000	0.000000
-0.958045	0.885956	0.784845	0.899494	0.000000	0.000000	0.000000	0.000000	0.000000	0.000000
-0.958044	0.885942	0.784846	0.900045	0.000000	0.000000	0.000000	0.000000	0.000000	0.000000
-0.958044	0.885944	0.784847	0.899360	0.000000	0.000000	0.000000	0.000000	0.000000	0.000000
-0.958045	0.885943	0.784842	0.899538	0.000000	0.000000	0.000000	0.000000	0.000000	0.000000
-0.958044	0.885937	0.784826	0.899621	0.000000	0.000000	0.000000	0.000000	0.000000	0.000000
-0.958045	0.885934	0.784847	0.899749	0.000000	0.000000	0.000000	0.000000	0.000000	0.000000
-0.958044	0.885950	0.784846	0.899406	0.000000	0.000000	0.000000	0.000000	0.000000	0.000000
-0.958045	0.885931	0.784847	0.899792	0.000000	0.000000	0.000000	0.000000	0.000000	0.000000
-0.958045	0.885952	0.771543	0.899872	0.000000	0.000000	0.000000	0.000000	0.000000	0.000000
-0.958045	0.885941	0.784668	0.899744	0.000000	0.000000	0.000000	0.000000	0.000000	0.000000
-0.958045	0.885940	0.784846	0.899637	0.000000	0.000000	0.000000	0.000000	0.000000	0.000000
-0.958044	0.885948	0.390877	0.900240	0.000000	0.000000	0.000000	0.000000	0.000000	0.000000
-0.958045	0.885933	0.784847	0.899734	0.000000	0.000000	0.000000	0.000000	0.000000	0.000000
-0.958044	0.885942	0.784846	0.899856	0.000000	0.000000	0.000000	0.000000	0.000000	0.000000
-0.958045	0.885943	0.784845	0.900060	0.000000	0.000000	0.000000	0.000000	0.000000	0.000000
-0.958045	0.885951	0.782539	0.899885	0.000000	0.000000	0.000000	0.000000	0.000000	0.000000
-0.958045	0.885944	0.784846	0.898737	0.000000	0.000000	0.000000	0.000000	0.000000	0.000000
-0.958044	0.885945	0.784843	0.899989	0.000000	0.000000	0.000000	0.000000	0.000000	0.000000
-0.958045	0.885952	0.784846	0.899694	0.000000	0.000000	0.000000	0.000000	0.000000	0.000000
-0.958045	0.885948	0.784846	0.899875	0.000000	0.000000	0.000000	0.000000	0.000000	0.000000
-0.958045	0.885936	0.784846	0.899618	0.000000	0.000000	0.000000	0.000000	0.000000	0.000000
