-0.932031	0.864814	0.776135	-0.721522	0.000000	0.000000	0.000000	0.000000	0.000000	0.000000
-0.932032	0.864624	0.776136	-0.718626	0.000000	0.000000	0.000000	0.000000	0.000000	0.000000
-0.932031	0.864807	0.775468	-0.721509	0.000000	0.000000	0.000000	0.000000	0.000000	0.000000
-0.932031	0.864730	0.776116	-0.721533	0.000000	0.000000	0.000000	0.000000	0.000000	0.000000
-0.932031	0.864699	0.776136	-0.712024	0.000000	0.000000	0.000000	0.000000	0.000000	0.000000
-0.932031	0.864724	0.730429	-0.721351	0.000000	0.000000	0.000000	0.000000	0.000000	0.000000
-0.932031	0.864519	0.776123	-0.674863	0.000000	0.000000	0.000000	0.000000	0.000000	0.000000
-0.932031	0.864717	0.775979	-0.721506	0.000000	0.000000	0.000000	0.000000	0.000000	0.000000
-0.932031	0.864806	0.775925	-0.720328	0.000000	0.000000	0.000000	0.000000	0.000000	0.000000
-0.932032	0.864704	0.760856	-0.699967	0.000000	0.000000	0.000000	0.000000	0.000000	0.000000
-0.932032	0.864501	0.719932	-0.721031	0.000000	0.000000	0.000000	0.000000	0.000000	0.000000
-0.932031	0.864700	0.775305	-0.716474	0.000000	0.000000	0.000000	0.000000	0.000000	0.000000
-0.932031	0.864727	0.776124	-0.721040	0.000000	0.000000	0.000000	0.000000	0.000000	0.000000
-0.932031	0.864801	0.776136	-0.721014	0.000000	0.000000	0.000000	0.000000	0.000000	0.000000
-0.932031	0.864769	0.776127	-0.721527	0.000000	0.000000	0.000000	0.000000	0.000000	0.000000
-0.932031	0.864705	0.776059	-0.721519	0.000000	0.000000	0.000000	0.000000	0.000000	0.000000
-0.932031	0.864900	0.776121	-0.720308	0.000000	0.000000	0.000000	0.000000	0.000000	0.000000
-0.932031	0.864855	0.776135	-0.707888	0.000000	0.000000	0.000000	0.000000	0.000000	0.000000
-0.932031	0.864943	0.775922	-0.720910	0.000000	0.000000	0.000000	0.000000	0.000000	0.000000
-0.932031	0.864607	0.776135	-0.714810	0.000000	0.000000	0.000000	0.000000	0.000000	0.000000
-0.932031	0.864841	0.776125	-0.721527	0.000000	0.000000	0.000000	0.000000	0.000000	0.000000
-0.932031	0.864720	0.776126	-0.721055	0.000000	0.000000	0.000000	0.000000	0.000000	0.000000
-0.932031	0.864841	0.776130	-0.721414	0.000000	0.000000	0.000000	0.000000	0.000000	0.000000
-0.932031	0.864714	0.745957	-0.721357	0.000000	0.000000	0.000000	0.000000	0.000000	0.000000
-0.932031	0.864999	0.669009	-0.721489	0.000000	0.000000	0.000000	0.000000	0.000000	0.000000
-0.932031	0.864570	0.616747	-0.719952	0.000000	0.000000	0.000000	0.000000	0.000000	0.000000
-0.932031	0.864546	0.776114	-0.720941	0.000000	0.000000	0.000000	0.000000	0.000000	0.000000
-0.932031	0.864746	0.771120	-0.717294	0.000000	0.000000	0.000000	0.000000	0.000000	0.000000
-0.932031	0.864782	0.775924	-0.698673	0.000000	0.000000	0.000000	0.000000	0.000000	0.000000
-0.932031	0.864789	0.776136	-0.719725	0.000000	0.000000	0.000000	0.000000	0.000000	0.000000
-0.932032	0.864556	0.766055	-0.711200	0.000000	0.000000	0.000000	0.000000	0.000000	0.000000
-0.932031	0.864786	0.775845	-0.721499	0.000000	0.000000	0.000000	0.000000	0.000000	0.000000
-0.932031	0.864824	0.774350	-0.721529	0.000000	0.000000	0.000000	0.000000	0.000000	0.000000
-0.932031	0.864602	0.776135	-0.450967	0.000000	0.000000	0.000000	0.000000	0.000000	0.000000
-0.932031	0.864597	0.776041	-0.721525	0.000000	0.000000	0.000000	0.000000	0.000000	0.000000
-0.932032	0.864724	0.775718	-0.719530	0.000000	0.000000	0.000000	0.000000	0.000000	0.000000
-0.932031	0.864603	0.776132	-0.720551	0.000000	0.000000	0.000000	0.000000	0.000000	0.000000
-0.932031	0.864528	0.776131	-0.720998	0.000000	0.000000	0.000000	0.000000	0.000000	0.000000
-0.932031	0.864863	0.776130	-0.721526	0.000000	0.000000	0.000000	0.000000	0.000000	0.000000
-0.932031	0.864568	0.776024	-0.721362	0.000000	0.000000	0.000000	0.000000	0.000000	0.000000
-0.932031	0.864561	0.776038	-0.721530	0.000000	0.000000	0.000000	0.000000	0.000000	0.000000
-0.932031	0.864976	0.775420	-0.721522	0.000000	0.000000	0.000000	0.000000	0.000000	0.000000
-0.932031	0.864789	0.776072	-0.721527	0.000000	0.000000	0.000000	0.000000	0.000000	0.000000
-0.932031	0.864576	0.776124	-0.721177	0.000000	0.000000	0.000000	0.000000	0.000000	0.000000
-0.932031	0.864453	0.776132	-0.720949	0.000000	0.000000	0.000000	0.000000	0.000000	0.000000
-0.932031	0.864461	0.775964	-0.721510	0.000000	0.000000	0.000000	0.000000	0.000000	0.000000
-0.932031	0.864760	0.776127	-0.713921	0.000000	0.000000	0.000000	0.000000	0.000000	0.000000
-0.932031	0.864647	0.776112	-0.624853	0.000000	0.000000	0.000000	0.000000	0.000000	0.000000
-0.932031	0.864540	0.775942	-0.716518	0.000000	0.000000	0.000000	0.000000	0.000000	0.000000
-0.932031	0.864725	0.776136	-0.720436	0.000000	0.000000	0.000000	0.000000	0.000000	0.000000
-0.932031	0.864683	0.775965	-0.721523	0.000000	0.000000	0.000000	0.000000	0.000000	0.000000
-0.932031	0.864764	0.752317	-0.721493	0.000000	0.000000	0.000000	0.000000	0.000000	0.000000
-0.932031	0.864822	0.776136	-0.721319	0.000000	0.000000	0.000000	0.000000	0.000000	0.000000
-0.932032	0.864765	0.776130	-0.721479	0.000000	0.000000	0.000000	0.000000	0.000000	0.000000
-0.932031	0.864746	0.776134	-0.721530	0.000000	0.000000	0.000000	0.000000	0.000000	0.000000
-0.932031	0.864632	0.776136	-0.663958	0.000000	0.000000	0.000000	0.000000	0.000000	0.000000
-0.932031	0.864888	0.776004	-0.721515	0.000000	0.000000	0.000000	0.000000	0.000000	0.000000
-0.932031	0.864812	0.776136	-0.710902	0.000000	0.000000	0.000000	0.000000	0.000000	0.000000
-0.932031	0.864765	0.776078	-0.721351	0.000000	0.000000	0.000000	0.000000	0.000000	0.000000
-0.932031	0.864769	0.776027	-0.721514	0.000000	0.000000	0.000000	0.000000	0.000000	0.000000
-0.932031	0.864721	0.776126	-0.713000	0.000000	0.000000	0.000000	0.000000	0.000000	0.000000
-0.932031	0.864826	0.774900	-0.719071	0.000000	0.000000	0.000000	0.000000	0.000000	0.000000
-0.932031	0.864792	0.775854	-0.721526	0.000000	0.000000	0.000000	0.000000	0.000000	0.000000
-0.932031	0.864790	0.775936	-0.720882	0.000000	0.000000	0.000000	0.000000	0.000000	0.000000
-0.932031	0.864613	0.776125	-0.720521	0.000000	0.000000	0.000000	0.000000	0.000000	0.000000
-0.932031	0.864618	0.772319	-0.716047	0.000000	0.000000	0.000000	0.000000	0.000000	0.000000
-0.932031	0.864623	0.773779	-0.721512	0.000000	0.000000	0.000000	0.000000	0.000000	0.000000
-0.932031	0.864834	0.775998	-0.705315	0.000000	0.000000	0.000000	0.000000	0.000000	0.000000
-0.932031	0.865006	0.776126	-0.721533	0.000000	0.000000	0.000000	0.000000	0.000000	0.000000
-0.932031	0.864563	0.776136	-0.721412	0.000000	0.000000	0.000000	0.000000	0.000000	0.000000
-0.932031	0.864660	0.776091	-0.721482	0.000000	0.000000	0.000000	0.000000	0.000000	0.000000
-0.932032	0.864757	0.776083	-0.721172	0.000000	0.000000	0.000000	0.000000	0.000000	0.000000
-0.932032	0.864892	0.767308	-0.721293	0.000000	0.000000	0.000000	0.000000	0.000000	0.000000
-0.932031	0.864507	0.775674	-0.721470	0.000000	0.000000	0.000000	0.000000	0.000000	0.000000
-0.932032	0.864259	0.776134	-0.704347	0.000000	0.000000	0.000000	0.000000	0.000000	0.000000
-0.932031	0.864801	0.776125	-0.718277	0.000000	0.000000	0.000000	0.000000	0.000000	0.000000
-0.932031	0.864748	0.776136	-0.721490	0.000000	0.000000	0.000000	0.000000	0.000000	0.000000
-0.932032	0.864742	0.776135	-0.719808	0.000000	0.000000	0.000000	0.000000	0.000000	0.000000
-0.932032	0.864467	0.776136	-0.720638	0.000000	0.000000	0.000000	0.000000	0.000000	0.000000
-0.932031	0.864845	0.775433	-0.720594	0.000000	0.000000	0.000000	0.000000	0.000000	0.000000
-0.932031	0.864665	0.776129	-0.720310	0.000000	0.000000	0.000000	0.000000	0.000000	0.000000
-0.932031	0.864546	0.774721	-0.702962	0.000000	0.000000	0.000000	0.000000	0.000000	0.000000
-0.932031	0.864744	0.776136	-0.721451	0.000000	0.000000	0.000000	0.000000	0.000000	0.000000
-0.932031	0.864838	0.776134	-0.721141	0.000000	0.000000	0.000000	0.000000	0.000000	0.000000
-0.932031	0.864376	0.774117	-0.721527	0.000000	0.000000	0.000000	0.000000	0.000000	0.000000
-0.932031	0.864813	0.776109	-0.721412	0.000000	0.000000	0.000000	0.000000	0.000000	0.000000
-0.932031	0.864695	0.775044	-0.721530	0.000000	0.000000	0.000000	0.000000	0.000000	0.000000
-0.932032	0.864512	0.776136	-0.721520	0.000000	0.000000	0.000000	0.000000	0.000000	0.000000
-0.932031	0.864768	0.775959	-0.720924	0.000000	0.000000	0.000000	0.000000	0.000000	0.000000
-0.932031	0.864552	0.775872	-0.720356	0.000000	0.000000	0.000000	0.000000	0.000000	0.000000
-0.932031	0.864468	0.775707	-0.715438	0.000000	0.000000	0.000000	0.000000	0.000000	0.000000
-0.932031	0.864940	0.776084	-0.721532	0.000000	0.000000	0.000000	0.000000	0.000000	0.000000
-0.932032	0.864780	0.776044	-0.601057	0.000000	0.000000	0.000000	0.000000	0.000000	0.000000
-0.932031	0.864742	0.776130	-0.721464	0.000000	0.000000	0.000000	0.000000	0.000000	0.000000
-0.932031	0.864505	0.776119	-0.720837	0.000000	0.000000	0.000000	0.000000	0.000000	0.000000
-0.932031	0.864962	0.776074	-0.716841	0.000000	0.000000	0.000000	0.000000	0.000000	0.000000
-0.932031	0.864432	0.775095	-0.720239	0.000000	0.000000	0.000000	0.000000	0.000000	0.000000
-0.932031	0.864426	0.776131	-0.721511	0.000000	0.000000	0.000000	0.000000	0.000000	0.000000
-0.932031	0.864700	0.776136	-0.715798	0.000000	0.000000	0.000000	0.000000	0.000000	0.000000
-0.932031	0.864465	0.776088	-0.719615	0.000000	0.000000	0.000000	0.000000	0.000000	0.000000
-0.932031	0.864672	0.776136	-0.721532	0.000000	0.000000	0.000000	0.000000	0.000000	0.000000
-0.932031	0.864954	0.776085	-0.721318	0.000000	0.000000	0.000000	0.000000	0.000000	0.000000
-0.932031	0.864555	0.776135	-0.721492	0.000000	0.000000	0.000000	0.000000	0.000000	0.000000
-0.932031	0.864670	0.768148	-0.658323	0.000000	0.000000	0.000000	0.000000	0.000000	0.000000
-0.932031	0.864748	0.776131	-0.662630	0.000000	0.000000	0.000000	0.000000	0.000000	0.000000
-0.932031	0.864650	0.776131	-0.721469	0.000000	0.000000	0.000000	0.000000	0.000000	0.000000
-0.932031	0.864662	0.776136	-0.721248	0.000000	0.000000	0.000000	0.000000	0.000000	0.000000
-0.932031	0.864706	0.776051	-0.720922	0.000000	0.000000	0.000000	0.000000	0.000000	0.000000
-0.932031	0.864600	0.775311	-0.716002	0.000000	0.000000	0.000000	0.000000	0.000000	0.000000
-0.932032	0.864523	0.776111	-0.721522	0.000000	0.000000	0.000000	0.000000	0.000000	0.000000
-0.932031	0.864826	0.776127	-0.721525	0.000000	0.000000	0.000000	0.000000	0.000000	0.000000
-0.932031	0.864737	0.775519	-0.721523	0.000000	0.000000	0.000000	0.000000	0.000000	0.000000
-0.932031	0.864417	0.776136	-0.721173	0.000000	0.000000	0.000000	0.000000	0.000000	0.000000
-0.932032	0.865054	0.708390	-0.721488	0.000000	0.000000	0.000000	0.000000	0.000000	0.000000
-0.932032	0.864764	0.776007	-0.241843	0.000000	0.000000	0.000000	0.000000	0.000000	0.000000
-0.932031	0.864718	0.776130	-0.718929	0.000000	0.000000	0.000000	0.000000	0.000000	0.000000
-0.932031	0.864920	0.768686	-0.720868	0.000000	0.000000	0.000000	0.000000	0.000000	0.000000
-0.932031	0.864813	0.686797	-0.720936	0.000000	0.000000	0.000000	0.000000	0.000000	0.000000
-0.932031	0.864569	0.734992	-0.721074	0.000000	0.000000	0.000000	0.000000	0.000000	0.000000
-0.932031	0.864490	0.775465	-0.720777	0.000000	0.000000	0.000000	0.000000	0.000000	0.000000
-0.932032	0.864777	0.776130	-0.716769	0.000000	0.000000	0.000000	0.000000	0.000000	0.000000
-0.932031	0.865090	0.774322	-0.721533	0.000000	0.000000	0.000000	0.000000	0.000000	0.000000
-0.932031	0.864375	0.770083	-0.720444	0.000000	0.000000	0.000000	0.000000	0.000000	0.000000
-0.932031	0.864616	0.775796	-0.721408	0.000000	0.000000	0.000000	0.000000	0.000000	0.000000
-0.932031	0.864758	0.776030	-0.710923	0.000000	0.000000	0.000000	0.000000	0.000000	0.000000
-0.932031	0.864850	0.776134	-0.702554	0.000000	0.000000	0.000000	0.000000	0.000000	0.000000
-0.932031	0.864969	0.776025	-0.721220	0.000000	0.000000	0.000000	0.000000	0.000000	0.000000
-0.932031	0.864518	0.776120	-0.721474	0.000000	0.000000	0.000000	0.000000	0.000000	0.000000
-0.932031	0.864705	0.772896	-0.721485	0.000000	0.000000	0.000000	0.000000	0.000000	0.000000
-0.932032	0.864620	0.776115	-0.720595	0.000000	0.000000	0.000000	0.000000	0.000000	0.000000
-0.932031	0.864491	0.776128	-0.710528	0.000000	0.000000	0.000000	0.000000	0.000000	0.000000
-0.932031	0.864857	0.776136	-0.721529	0.000000	0.000000	0.000000	0.000000	0.000000	0.000000
-0.932032	0.864747	0.776078	-0.721020	0.000000	0.000000	0.000000	0.000000	0.000000	0.000000
-0.932031	0.864813	0.761692	-0.721532	0.000000	0.000000	0.000000	0.000000	0.000000	0.000000
-0.932032	0.864527	0.776109	-0.720185	0.000000	0.000000	0.000000	0.000000	0.000000	0.000000
-0.932031	0.864719	0.776135	-0.721500	0.000000	0.000000	0.000000	0.000000	0.000000	0.000000
-0.932031	0.864838	0.757176	-0.720991	0.000000	0.000000	0.000000	0.000000	0.000000	0.000000
-0.932031	0.864990	0.773107	-0.721266	0.000000	0.000000	0.000000	0.000000	0.000000	0.000000
-0.932031	0.864643	0.776116	-0.720585	0.000000	0.000000	0.000000	0.000000	0.000000	0.000000
-0.932031	0.864713	0.776131	-0.721524	0.000000	0.000000	0.000000	0.000000	0.000000	0.000000
-0.932031	0.864462	0.776136	-0.721272	0.000000	0.000000	0.000000	0.000000	0.000000	0.000000
-0.932031	0.864777	0.772594	-0.721405	0.000000	0.000000	0.000000	0.000000	0.000000	0.000000
-0.932031	0.864538	0.084923	-0.721031	0.000000	0.000000	0.000000	0.000000	0.000000	0.000000
-0.932031	0.864733	0.775473	-0.721528	0.000000	0.000000	0.000000	0.000000	0.000000	0.000000
-0.932031	0.864685	0.776071	-0.719298	0.000000	0.000000	0.000000	0.000000	0.000000	0.000000
-0.932031	0.864623	0.776059	-0.721408	0.000000	0.000000	0.000000	0.000000	0.000000	0.000000
-0.932031	0.864616	0.776072	-0.721309	0.000000	0.000000	0.000000	0.000000	0.000000	0.000000
-0.932031	0.864590	0.776135	-0.721517	0.000000	0.000000	0.000000	0.000000	0.000000	0.000000
-0.932031	0.864886	0.776134	-0.700953	0.000000	0.000000	0.000000	0.000000	0.000000	0.000000
-0.932031	0.864818	0.775982	-0.714071	0.000000	0.000000	0.000000	0.000000	0.000000	0.000000
-0.932031	0.864943	0.776044	-0.721461	0.000000	0.000000	0.000000	0.000000	0.000000	0.000000
-0.932031	0.864753	0.776120	-0.719856	0.000000	0.000000	0.000000	0.000000	0.000000	0.000000
-0.932031	0.864788	0.776058	-0.717083	0.000000	0.000000	0.000000	0.000000	0.000000	0.000000
-0.932031	0.864786	0.775783	-0.720946	0.000000	0.000000	0.000000	0.000000	0.000000	0.000000
-0.932031	0.864630	0.770157	-0.721533	0.000000	0.000000	0.000000	0.000000	0.000000	0.000000
-0.932031	0.864406	0.776028	-0.721532	0.000000	0.000000	0.000000	0.000000	0.000000	0.000000
-0.932031	0.864963	0.775901	-0.721520	0.000000	0.000000	0.000000	0.000000	0.000000	0.000000
-0.932031	0.864885	0.776135	-0.721483	0.000000	0.000000	0.000000	0.000000	0.000000	0.000000
-0.932032	0.864864	0.770721	-0.721531	0.000000	0.000000	0.000000	0.000000	0.000000	0.000000
-0.932031	0.864546	0.769037	-0.704336	0.000000	0.000000	0.000000	0.000000	0.000000	0.000000
-0.932032	0.864472	0.776128	-0.715929	0.000000	0.000000	0.000000	0.000000	0.000000	0.000000
-0.932031	0.864675	0.776134	-0.721432	0.000000	0.000000	0.000000	0.000000	0.000000	0.000000
-0.932031	0.864755	0.464083	-0.720340	0.000000	0.000000	0.000000	0.000000	0.000000	0.000000
-0.932031	0.864354	0.776002	-0.721466	0.000000	0.000000	0.000000	0.000000	0.000000	0.000000
-0.932031	0.864463	0.776132	-0.721529	0.000000	0.000000	0.000000	0.000000	0.000000	0.000000
-0.932031	0.864957	0.776097	-0.721158	0.000000	0.000000	0.000000	0.000000	0.000000	0.000000
-0.932031	0.864512	0.776118	-0.721371	0.000000	0.000000	0.000000	0.000000	0.000000	0.000000
-0.932031	0.864671	0.776124	-0.705929	0.000000	0.000000	0.000000	0.000000	0.000000	0.000000
-0.932032	0.865034	0.776125	-0.721522	0.000000	0.000000	0.000000	0.000000	0.000000	0.000000
-0.932031	0.864625	0.774499	-0.721529	0.000000	0.000000	0.000000	0.000000	0.000000	0.000000
-0.932031	0.864693	0.776092	-0.720307	0.000000	0.000000	0.000000	0.000000	0.000000	0.000000
-0.932031	0.864631	0.776061	-0.719528	0.000000	0.000000	0.000000	0.000000	0.000000	0.000000
-0.932031	0.864863	0.776127	-0.716662	0.000000	0.000000	0.000000	0.000000	0.000000	0.000000
-0.932031	0.864928	0.776136	-0.721206	0.000000	0.000000	0.000000	0.000000	0.000000	0.000000
-0.932031	0.864686	0.776128	-0.721339	0.000000	0.000000	0.000000	0.000000	0.000000	0.000000
-0.932031	0.864700	0.776082	-0.694353	0.000000	0.000000	0.000000	0.000000	0.000000	0.000000
-0.932031	0.864647	0.769604	-0.721496	0.000000	0.000000	0.000000	0.000000	0.000000	0.000000
-0.932032	0.864864	0.776136	-0.721525	0.000000	0.000000	0.000000	0.000000	0.000000	0.000000
-0.932031	0.864911	0.774953	-0.721533	0.000000	0.000000	0.000000	0.000000	0.000000	0.000000
-0.932031	0.864825	0.776096	-0.720622	0.000000	0.000000	0.000000	0.000000	0.000000	0.000000
-0.932031	0.864724	0.776108	-0.716580	0.000000	0.000000	0.000000	0.000000	0.000000	0.000000
-0.932031	0.864946	0.776082	-0.721511	0.000000	0.000000	0.000000	0.000000	0.000000	0.000000
-0.932031	0.864587	0.776136	-0.721512	0.000000	0.000000	0.000000	0.000000	0.000000	0.000000
-0.932031	0.864792	0.775859	-0.721509	0.000000	0.000000	0.000000	0.000000	0.000000	0.000000
-0.932031	0.864695	0.776136	-0.701175	0.000000	0.000000	0.000000	0.000000	0.000000	0.000000
-0.932032	0.864562	0.775245	-0.721042	0.000000	0.000000	0.000000	0.000000	0.000000	0.000000
-0.932031	0.864797	0.774344	-0.721529	0.000000	0.000000	0.000000	0.000000	0.000000	0.000000
-0.932032	0.864805	0.776136	-0.164664	0.000000	0.000000	0.000000	0.000000	0.000000	0.000000
-0.932031	0.864686	0.776127	-0.720499	0.000000	0.000000	0.000000	0.000000	0.000000	0.000000
-0.932031	0.864807	0.776135	-0.719660	0.000000	0.000000	0.000000	0.000000	0.000000	0.000000
-0.932031	0.864868	0.757463	-0.721408	0.000000	0.000000	0.000000	0.000000	0.000000	0.000000
-0.932031	0.864571	0.776128	-0.685487	0.000000	0.000000	0.000000	0.000000	0.000000	0.000000
-0.932031	0.864553	0.776134	-0.669806	0.000000	0.000000	0.000000	0.000000	0.000000	0.000000
-0.932031	0.864479	0.775923	-0.721495	0.000000	0.000000	0.000000	0.000000	0.000000	0.000000
-0.932031	0.864745	0.776135	-0.721447	0.000000	0.000000	0.000000	0.000000	0.000000	0.000000
-0.932031	0.864518	0.775685	-0.692527	0.000000	0.000000	0.000000	0.000000	0.000000	0.000000
-0.932031	0.864841	0.772962	-0.720597	0.000000	0.000000	0.000000	0.000000	0.000000	0.000000
-0.932031	0.864784	0.776131	-0.721394	0.000000	0.000000	0.000000	0.000000	0.000000	0.000000
-0.932031	0.864754	0.776135	-0.496523	0.000000	0.000000	0.000000	0.000000	0.000000	0.000000
-0.932031	0.864737	0.776060	-0.719115	0.000000	0.000000	0.000000	0.000000	0.000000	0.000000
-0.932031	0.864870	0.776136	-0.721391	0.000000	0.000000	0.000000	0.000000	0.000000	0.000000
-0.932031	0.864792	0.776111	-0.432531	0.000000	0.000000	0.000000	0.000000	0.000000	0.000000
-0.932031	0.864679	0.775962	-0.716164	0.000000	0.000000	0.000000	0.000000	0.000000	0.000000
-0.932031	0.864502	0.776136	-0.565438	0.000000	0.000000	0.000000	0.000000	0.000000	0.000000
-0.932031	0.864589	0.768040	-0.720370	0.000000	0.000000	0.000000	0.000000	0.000000	0.000000
-0.932031	0.864390	0.775975	-0.720581	0.000000	0.000000	0.000000	0.000000	0.000000	0.000000
-0.932031	0.864649	0.776135	-0.721085	0.000000	0.000000	0.000000	0.000000	0.000000	0.000000
-0.932032	0.864440	0.776128	-0.718544	0.000000	0.000000	0.000000	0.000000	0.000000	0.000000
-0.932031	0.864821	0.776133	-0.719444	0.000000	0.000000	0.000000	0.000000	0.000000	0.000000
-0.932031	0.864752	0.776038	-0.721532	0.000000	0.000000	0.000000	0.000000	0.000000	0.000000
-0.932031	0.864572	0.776136	-0.720792	0.000000	0.000000	0.000000	0.000000	0.000000	0.000000
-0.932031	0.864521	0.776136	-0.708107	0.000000	0.000000	0.000000	0.000000	0.000000	0.000000
-0.932031	0.864719	0.776136	-0.720263	0.000000	0.000000	0.000000	0.000000	0.000000	0.000000
-0.932031	0.864531	0.776134	-0.708911	0.000000	0.000000	0.000000	0.000000	0.000000	0.000000
-0.932032	0.864664	0.767650	-0.721458	0.000000	0.000000	0.000000	0.000000	0.000000	0.000000
-0.932031	0.864554	0.775871	-0.721513	0.000000	0.000000	0.000000	0.000000	0.000000	0.000000
-0.932031	0.864631	0.776113	-0.721056	0.000000	0.000000	0.000000	0.000000	0.000000	0.000000
-0.932031	0.864769	0.776131	-0.720307	0.000000	0.000000	0.000000	0.000000	0.000000	0.000000
-0.932031	0.864724	0.776136	-0.719861	0.000000	0.000000	0.000000	0.000000	0.000000	0.000000
-0.932032	0.864976	0.773437	-0.721475	0.000000	0.000000	0.000000	0.000000	0.000000	0.000000
-0.932031	0.864629	0.776135	-0.721033	0.000000	0.000000	0.000000	0.000000	0.000000	0.000000
-0.932031	0.864784	0.776133	-0.129575	0.000000	0.000000	0.000000	0.000000	0.000000	0.000000
-0.932031	0.865009	0.776134	-0.719743	0.000000	0.000000	0.000000	0.000000	0.000000	0.000000
-0.932031	0.864588	0.776135	-0.720032	0.000000	0.000000	0.000000	0.000000	0.000000	0.000000
-0.932031	0.864832	0.776117	-0.720239	0.000000	0.000000	0.000000	0.000000	0.000000	0.000000
-0.932031	0.864737	0.776128	-0.721192	0.000000	0.000000	0.000000	0.000000	0.000000	0.000000
-0.932031	0.864669	0.776093	-0.721489	0.000000	0.000000	0.000000	0.000000	0.000000	0.000000
-0.932031	0.864925	0.774281	-0.718787	0.000000	0.000000	0.000000	0.000000	0.000000	0.000000
-0.932031	0.864872	0.776120	-0.716854	0.000000	0.000000	0.000000	0.000000	0.000000	0.000000
-0.932031	0.864690	0.776136	-0.721098	0.000000	0.000000	0.000000	0.000000	0.000000	0.000000
-0.932031	0.864759	0.776129	-0.720719	0.000000	0.000000	0.000000	0.000000	0.000000	0.000000
-0.932031	0.864920	0.775720	-0.719745	0.000000	0.000000	0.000000	0.000000	0.000000	0.000000
-0.932032	0.864623	0.775633	-0.721531	0.000000	0.000000	0.000000	0.000000	0.000000	0.000000
-0.932031	0.864742	0.776028	-0.720443	0.000000	0.000000	0.000000	0.000000	0.000000	0.000000
-0.932031	0.864710	0.775993	-0.721526	0.000000	0.000000	0.000000	0.000000	0.000000	0.000000
-0.932031	0.864684	0.776133	-0.721494	0.000000	0.000000	0.000000	0.000000	0.000000	0.000000
-0.932031	0.864730	0.776081	-0.721309	0.000000	0.000000	0.000000	0.000000	0.000000	0.000000
-0.932031	0.864572	0.775884	-0.721531	0.000000	0.000000	0.000000	0.000000	0.000000	0.000000
-0.932031	0.864429	0.776113	-0.711572	0.000000	0.000000	0.000000	0.000000	0.000000	0.000000
-0.932031	0.864527	0.776071	-0.720869	0.000000	0.000000	0.000000	0.000000	0.000000	0.000000
-0.932031	0.864888	0.552997	-0.406404	0.000000	0.000000	0.000000	0.000000	0.000000	0.000000
-0.932031	0.864875	0.776053	-0.721474	0.000000	0.000000	0.000000	0.000000	0.000000	0.000000
-0.932031	0.864790	0.776135	-0.720605	0.000000	0.000000	0.000000	0.000000	0.000000	0.000000
-0.932031	0.864641	0.775295	-0.721457	0.000000	0.000000	0.000000	0.000000	0.000000	0.000000
-0.932031	0.864763	0.775907	-0.720341	0.000000	0.000000	0.000000	0.000000	0.000000	0.000000
-0.932031	0.865024	0.776081	-0.721453	0.000000	0.000000	0.000000	0.000000	0.000000	0.000000
-0.932031	0.864663	0.776125	-0.721310	0.000000	0.000000	0.000000	0.000000	0.000000	0.000000
-0.932031	0.864451	0.775865	-0.721520	0.000000	0.000000	0.000000	0.000000	0.000000	0.000000
-0.932031	0.864599	0.776129	-0.721290	0.000000	0.000000	0.000000	0.000000	0.000000	0.000000
-0.932031	0.864651	0.765160	-0.721494	0.000000	0.000000	0.000000	0.000000	0.000000	0.000000
-0.932031	0.864535	-0.000005	-0.001570	0.000000	0.000000	0.000000	0.000000	0.000000	0.000000
-0.932031	0.864764	-0.802754	0.821803	0.000000	0.000000	0.000000	0.000000	0.000000	0.000000
-0.932031	0.864895	-0.802341	0.821488	0.000000	0.000000	0.000000	0.000000	0.000000	0.000000
-0.932031	0.864646	-0.802281	0.821970	0.000000	0.000000	0.000000	0.000000	0.000000	0.000000
-0.932031	0.864645	-0.802604	0.822485	0.000000	0.000000	0.000000	0.000000	0.000000	0.000000
-0.932031	0.864370	-0.802535	0.822429	0.000000	0.000000	0.000000	0.000000	0.000000	0.000000
-0.932031	0.864351	-0.802811	0.821371	0.000000	0.000000	0.000000	0.000000	0.000000	0.000000
-0.932031	0.864814	-0.802360	0.822657	0.000000	0.000000	0.000000	0.000000	0.000000	0.000000
-0.932031	0.864730	-0.802461	0.821784	0.000000	0.000000	0.000000	0.000000	0.000000	0.000000
-0.932032	0.864856	-0.796240	0.822478	0.000000	0.000000	0.000000	0.000000	0.000000	0.000000
-0.932031	0.864946	-0.802738	0.820266	0.000000	0.000000	0.000000	0.000000	0.000000	0.000000
-0.932032	0.864781	-0.802603	0.822784	0.000000	0.000000	0.000000	0.000000	0.000000	0.000000
-0.932031	0.864666	-0.802735	0.821786	0.000000	0.000000	0.000000	0.000000	0.000000	0.000000
-0.932031	0.864433	-0.802699	0.822159	0.000000	0.000000	0.000000	0.000000	0.000000	0.000000
-0.932031	0.864535	-0.802442	0.820699	0.000000	0.000000	0.000000	0.000000	0.000000	0.000000
-0.932031	0.864857	-0.802324	0.822370	0.000000	0.000000	0.000000	0.000000	0.000000	0.000000
-0.932032	0.036791	-0.802816	0.820216	0.000000	0.000000	0.000000	0.000000	0.000000	0.000000
-0.932031	0.864623	-0.802607	0.821334	0.000000	0.000000	0.000000	0.000000	0.000000	0.000000
-0.932031	0.864662	-0.801466	0.821114	0.000000	0.000000	0.000000	0.000000	0.000000	0.000000
-0.932031	0.864587	-0.802322	0.822355	0.000000	0.000000	0.000000	0.000000	0.000000	0.000000
-0.932032	0.864880	-0.802917	0.820851	0.000000	0.000000	0.000000	0.000000	0.000000	0.000000
-0.932032	0.864707	-0.801981	0.822044	0.000000	0.000000	0.000000	0.000000	0.000000	0.000000
-0.932031	0.864951	-0.644564	0.822581	0.000000	0.000000	0.000000	0.000000	0.000000	0.000000
-0.932031	0.864708	-0.802633	0.806961	0.000000	0.000000	0.000000	0.000000	0.000000	0.000000
-0.932032	0.864720	-0.802539	0.819564	0.000000	0.000000	0.000000	0.000000	0.000000	0.000000
-0.932031	0.864500	-0.802770	0.821653	0.000000	0.000000	0.000000	0.000000	0.000000	0.000000
-0.932031	0.864689	-0.802494	0.316481	0.000000	0.000000	0.000000	0.000000	0.000000	0.000000
-0.932032	0.864699	-0.802276	0.821305	0.000000	0.000000	0.000000	0.000000	0.000000	0.000000
-0.932031	0.864672	-0.802367	0.822572	0.000000	0.000000	0.000000	0.000000	0.000000	0.000000
-0.932031	0.864904	-0.802356	0.821574	0.000000	0.000000	0.000000	0.000000	0.000000	0.000000
-0.932031	0.864792	-0.802412	0.823044	0.000000	0.000000	0.000000	0.000000	0.000000	0.000000
-0.932032	0.864843	-0.802399	0.700872	0.000000	0.000000	0.000000	0.000000	0.000000	0.000000
-0.932031	0.864825	-0.802566	0.819307	0.000000	0.000000	0.000000	0.000000	0.000000	0.000000
-0.932031	0.864812	-0.802680	0.820428	0.000000	0.000000	0.000000	0.000000	0.000000	0.000000
-0.932031	0.864689	-0.802114	0.822191	0.000000	0.000000	0.000000	0.000000	0.000000	0.000000
-0.932031	0.864476	-0.802540	0.819701	0.000000	0.000000	0.000000	0.000000	0.000000	0.000000
-0.932031	0.864986	-0.801990	0.822716	0.000000	0.000000	0.000000	0.000000	0.000000	0.000000
-0.932031	0.864516	-0.802597	0.823177	0.000000	0.000000	0.000000	0.000000	0.000000	0.000000
-0.932032	0.864934	-0.802486	0.819600	0.000000	0.000000	0.000000	0.000000	0.000000	0.000000
-0.932031	0.864882	-0.797653	0.822321	0.000000	0.000000	0.000000	0.000000	0.000000	0.000000
-0.932031	0.864467	-0.798212	0.820769	0.000000	0.000000	0.000000	0.000000	0.000000	0.000000
-0.932031	0.864638	-0.802606	0.816491	0.000000	0.000000	0.000000	0.000000	0.000000	0.000000
-0.932031	0.864453	-0.802338	0.820526	0.000000	0.000000	0.000000	0.000000	0.000000	0.000000
-0.932031	0.864977	-0.802810	0.821940	0.000000	0.000000	0.000000	0.000000	0.000000	0.000000
-0.932032	0.864840	-0.802463	0.821835	0.000000	0.000000	0.000000	0.000000	0.000000	0.000000
-0.932031	0.864732	-0.802081	0.821799	0.000000	0.000000	0.000000	0.000000	0.000000	0.000000
-0.932031	0.864860	-0.797925	0.414937	0.000000	0.000000	0.000000	0.000000	0.000000	0.000000
-0.932031	0.864820	-0.802508	0.793809	0.000000	0.000000	0.000000	0.000000	0.000000	0.000000
-0.932031	0.865018	-0.802513	0.821793	0.000000	0.000000	0.000000	0.000000	0.000000	0.000000
-0.932031	0.864393	-0.802609	0.817967	0.000000	0.000000	0.000000	0.000000	0.000000	0.000000
-0.932031	0.864769	-0.799844	0.821260	0.000000	0.000000	0.000000	0.000000	0.000000	0.000000
-0.932031	0.864752	-0.802524	0.822739	0.000000	0.000000	0.000000	0.000000	0.000000	0.000000
-0.932031	0.864843	-0.802390	0.816696	0.000000	0.000000	0.000000	0.000000	0.000000	0.000000
-0.932031	0.864569	-0.802229	0.822316	0.000000	0.000000	0.000000	0.000000	0.000000	0.000000
-0.932031	0.864867	-0.801857	0.822012	0.000000	0.000000	0.000000	0.000000	0.000000	0.000000
-0.932031	0.864700	-0.796731	0.820796	0.000000	0.000000	0.000000	0.000000	0.000000	0.000000
-0.932031	0.864652	-0.802324	0.822617	0.000000	0.000000	0.000000	0.000000	0.000000	0.000000
-0.932031	0.864610	-0.802430	0.807722	0.000000	0.000000	0.000000	0.000000	0.000000	0.000000
-0.932031	0.864791	-0.802386	0.820678	0.000000	0.000000	0.000000	0.000000	0.000000	0.000000
-0.932031	0.864822	-0.802396	0.822161	0.000000	0.000000	0.000000	0.000000	0.000000	0.000000
-0.932031	0.864937	-0.801062	0.821331	0.000000	0.000000	0.000000	0.000000	0.000000	0.000000
-0.932031	0.864619	-0.758114	0.822345	0.000000	0.000000	0.000000	0.000000	0.000000	0.000000
-0.932032	0.864726	-0.802493	0.821929	0.000000	0.000000	0.000000	0.000000	0.000000	0.000000
-0.932031	0.864696	-0.797915	0.819078	0.000000	0.000000	0.000000	0.000000	0.000000	0.000000
-0.932031	0.864645	-0.802183	0.789124	0.000000	0.000000	0.000000	0.000000	0.000000	0.000000
-0.932031	0.864512	-0.802152	0.808241	0.000000	0.000000	0.000000	0.000000	0.000000	0.000000
-0.932031	0.864890	-0.799929	0.822549	0.000000	0.000000	0.000000	0.000000	0.000000	0.000000
-0.932031	0.864697	-0.802489	0.821405	0.000000	0.000000	0.000000	0.000000	0.000000	0.000000
-0.932031	0.864921	-0.802520	0.822748	0.000000	0.000000	0.000000	0.000000	0.000000	0.000000
-0.932031	0.864597	-0.802436	0.821849	0.000000	0.000000	0.000000	0.000000	0.000000	0.000000
-0.932031	0.864595	-0.800875	0.822076	0.000000	0.000000	0.000000	0.000000	0.000000	0.000000
-0.932032	0.864611	-0.799533	0.822906	0.000000	0.000000	0.000000	0.000000	0.000000	0.000000
-0.932031	0.864681	-0.802441	0.822988	0.000000	0.000000	0.000000	0.000000	0.000000	0.000000
-0.932031	0.864764	-0.802718	0.822405	0.000000	0.000000	0.000000	0.000000	0.000000	0.000000
-0.932032	0.864905	-0.802189	0.822314	0.000000	0.000000	0.000000	0.000000	0.000000	0.000000
-0.932031	0.864881	-0.802304	0.820142	0.000000	0.000000	0.000000	0.000000	0.000000	0.000000
-0.932031	0.864471	-0.802557	0.822050	0.000000	0.000000	0.000000	0.000000	0.000000	0.000000
-0.932031	0.864573	-0.802450	0.822474	0.000000	0.000000	0.000000	0.000000	0.000000	0.000000
-0.932031	0.864469	-0.802192	0.822471	0.000000	0.000000	0.000000	0.000000	0.000000	0.000000
-0.932031	0.864506	-0.753616	0.821618	0.000000	0.000000	0.000000	0.000000	0.000000	0.000000
-0.932031	0.864663	-0.802447	0.821701	0.000000	0.000000	0.000000	0.000000	0.000000	0.000000
-0.932031	0.864686	-0.802238	0.822758	0.000000	0.000000	0.000000	0.000000	0.000000	0.000000
-0.932031	0.864752	-0.802514	0.822137	0.000000	0.000000	0.000000	0.000000	0.000000	0.000000
-0.932031	0.864627	-0.802547	0.821705	0.000000	0.000000	0.000000	0.000000	0.000000	0.000000
-0.932031	0.864369	-0.778510	0.819695	0.000000	0.000000	0.000000	0.000000	0.000000	0.000000
-0.932031	0.864834	-0.802261	0.822755	0.000000	0.000000	0.000000	0.000000	0.000000	0.000000
-0.932032	0.864785	-0.802553	0.821457	0.000000	0.000000	0.000000	0.000000	0.000000	0.000000
-0.932031	0.864620	-0.802783	0.821301	0.000000	0.000000	0.000000	0.000000	0.000000	0.000000
-0.932031	0.864496	-0.749629	0.821319	0.000000	0.000000	0.000000	0.000000	0.000000	0.000000
-0.932031	0.864721	-0.747952	0.822234	0.000000	0.000000	0.000000	0.000000	0.000000	0.000000
-0.932031	0.864660	-0.802527	0.821584	0.000000	0.000000	0.000000	0.000000	0.000000	0.000000
-0.932031	0.864993	-0.802834	0.822022	0.000000	0.000000	0.000000	0.000000	0.000000	0.000000
-0.932031	0.864655	-0.802524	0.819683	0.000000	0.000000	0.000000	0.000000	0.000000	0.000000
-0.932031	0.864672	-0.802474	0.749515	0.000000	0.000000	0.000000	0.000000	0.000000	0.000000
-0.932031	0.864590	-0.802323	0.822532	0.000000	0.000000	0.000000	0.000000	0.000000	0.000000
-0.932031	0.864828	-0.802493	0.820717	0.000000	0.000000	0.000000	0.000000	0.000000	0.000000
-0.932031	0.864585	-0.802135	0.728795	0.000000	0.000000	0.000000	0.000000	0.000000	0.000000
-0.932031	0.864751	-0.802228	0.820896	0.000000	0.000000	0.000000	0.000000	0.000000	0.000000
-0.932031	0.864697	-0.802859	0.820622	0.000000	0.000000	0.000000	0.000000	0.000000	0.000000
-0.932031	0.864845	-0.802006	0.803939	0.000000	0.000000	0.000000	0.000000	0.000000	0.000000
-0.932031	0.864859	-0.802460	0.821419	0.000000	0.000000	0.000000	0.000000	0.000000	0.000000
-0.932032	0.864521	-0.802316	0.817724	0.000000	0.000000	0.000000	0.000000	0.000000	0.000000
-0.932031	0.864498	-0.803205	0.798150	0.000000	0.000000	0.000000	0.000000	0.000000	0.000000
-0.932031	0.864423	-0.801754	0.820750	0.000000	0.000000	0.000000	0.000000	0.000000	0.000000
-0.932031	0.864484	-0.797717	0.816565	0.000000	0.000000	0.000000	0.000000	0.000000	0.000000
-0.932031	0.864809	-0.800359	0.821539	0.000000	0.000000	0.000000	0.000000	0.000000	0.000000
-0.932031	0.864486	-0.801795	0.820701	0.000000	0.000000	0.000000	0.000000	0.000000	0.000000
-0.932031	0.864746	-0.802582	0.822634	0.000000	0.000000	0.000000	0.000000	0.000000	0.000000
-0.932031	0.864744	-0.802505	0.797244	0.000000	0.000000	0.000000	0.000000	0.000000	0.000000
-0.932031	0.864700	-0.802083	0.820606	0.000000	0.000000	0.000000	0.000000	0.000000	0.000000
-0.932031	0.864524	-0.797312	0.823335	0.000000	0.000000	0.000000	0.000000	0.000000	0.000000
-0.932031	0.864721	-0.802477	0.821293	0.000000	0.000000	0.000000	0.000000	0.000000	0.000000
-0.932031	0.864866	-0.801875	0.823083	0.000000	0.000000	0.000000	0.000000	0.000000	0.000000
-0.932031	0.864864	-0.802572	0.821288	0.000000	0.000000	0.000000	0.000000	0.000000	0.000000
-0.932031	0.864484	-0.802430	0.821879	0.000000	0.000000	0.000000	0.000000	0.000000	0.000000
-0.932031	0.864866	-0.802827	0.803314	0.000000	0.000000	0.000000	0.000000	0.000000	0.000000
-0.932031	0.864754	-0.792481	0.821616	0.000000	0.000000	0.000000	0.000000	0.000000	0.000000
-0.932031	0.864633	-0.802128	0.821583	0.000000	0.000000	0.000000	0.000000	0.000000	0.000000
-0.932031	0.864900	-0.802736	0.821244	0.000000	0.000000	0.000000	0.000000	0.000000	0.000000
-0.932031	0.864649	-0.802508	0.818783	0.000000	0.000000	0.000000	0.000000	0.000000	0.000000
-0.932031	0.864406	-0.802605	0.817323	0.000000	0.000000	0.000000	0.000000	0.000000	0.000000
-0.932031	0.864382	-0.802194	0.822094	0.000000	0.000000	0.000000	0.000000	0.000000	0.000000
-0.932031	0.864372	-0.802349	0.820845	0.000000	0.000000	0.000000	0.000000	0.000000	0.000000
-0.932031	0.864869	-0.802349	0.821774	0.000000	0.000000	0.000000	0.000000	0.000000	0.000000
-0.932031	0.864731	-0.802533	0.822102	0.000000	0.000000	0.000000	0.000000	0.000000	0.000000
-0.932031	0.864549	-0.801897	0.822798	0.000000	0.000000	0.000000	0.000000	0.000000	0.000000
-0.932031	0.864731	-0.802224	0.820964	0.000000	0.000000	0.000000	0.000000	0.000000	0.000000
-0.932031	0.864838	-0.802356	0.821897	0.000000	0.000000	0.000000	0.000000	0.000000	0.000000
-0.932031	0.864737	-0.802270	0.821438	0.000000	0.000000	0.000000	0.000000	0.000000	0.000000
-0.932031	0.864664	-0.802336	0.815905	0.000000	0.000000	0.000000	0.000000	0.000000	0.000000
-0.932031	0.864639	-0.802322	0.821509	0.000000	0.000000	0.000000	0.000000	0.000000	0.000000
-0.932031	0.864715	-0.801839	0.821272	0.000000	0.000000	0.000000	0.000000	0.000000	0.000000
-0.932031	0.864755	-0.801864	0.822387	0.000000	0.000000	0.000000	0.000000	0.000000	0.000000
-0.932031	0.865183	-0.802397	0.822723	0.000000	0.000000	0.000000	0.000000	0.000000	0.000000
-0.932031	0.864453	-0.802728	0.821768	0.000000	0.000000	0.000000	0.000000	0.000000	0.000000
-0.932031	0.864754	-0.802744	0.821452	0.000000	0.000000	0.000000	0.000000	0.000000	0.000000
-0.932031	0.864641	-0.801791	0.822889	0.000000	0.000000	0.000000	0.000000	0.000000	0.000000
-0.932031	0.864768	-0.802632	0.821828	0.000000	0.000000	0.000000	0.000000	0.000000	0.000000
-0.932032	0.864652	-0.802414	0.804357	0.000000	0.000000	0.000000	0.000000	0.000000	0.000000
-0.932031	0.864406	-0.802490	0.816241	0.000000	0.000000	0.000000	0.000000	0.000000	0.000000
-0.932031	0.864508	-0.802384	0.822341	0.000000	0.000000	0.000000	0.000000	0.000000	0.000000
-0.932031	0.864665	-0.802100	0.822164	0.000000	0.000000	0.000000	0.000000	0.000000	0.000000
-0.932031	0.864828	-0.802892	0.820812	0.000000	0.000000	0.000000	0.000000	0.000000	0.000000
-0.932031	0.864608	-0.802273	0.815047	0.000000	0.000000	0.000000	0.000000	0.000000	0.000000
-0.932031	0.864442	-0.802045	0.822098	0.000000	0.000000	0.000000	0.000000	0.000000	0.000000
-0.932031	0.864809	-0.801777	0.819500	0.000000	0.000000	0.000000	0.000000	0.000000	0.000000
-0.932031	0.864815	-0.750453	0.818024	0.000000	0.000000	0.000000	0.000000	0.000000	0.000000
-0.932031	0.864736	-0.802188	0.821875	0.000000	0.000000	0.000000	0.000000	0.000000	0.000000
-0.932031	0.850368	-0.802178	0.822358	0.000000	0.000000	0.000000	0.000000	0.000000	0.000000
-0.932031	0.864643	-0.802292	0.822058	0.000000	0.000000	0.000000	0.000000	0.000000	0.000000
-0.932031	0.864654	-0.791675	0.823026	0.000000	0.000000	0.000000	0.000000	0.000000	0.000000
-0.932031	0.864552	-0.801562	0.819622	0.000000	0.000000	0.000000	0.000000	0.000000	0.000000
-0.932031	0.864745	-0.802996	0.818891	0.000000	0.000000	0.000000	0.000000	0.000000	0.000000
-0.932031	0.865087	-0.802038	0.821784	0.000000	0.000000	0.000000	0.000000	0.000000	0.000000
-0.932031	0.864537	-0.802459	0.821692	0.000000	0.000000	0.000000	0.000000	0.000000	0.000000
-0.932031	0.864800	-0.802615	0.816998	0.000000	0.000000	0.000000	0.000000	0.000000	0.000000
-0.932031	0.864532	-0.802342	0.821544	0.000000	0.000000	0.000000	0.000000	0.000000	0.000000
-0.932032	0.864660	-0.800799	0.821765	0.000000	0.000000	0.000000	0.000000	0.000000	0.000000
-0.932031	0.864827	-0.802746	0.823222	0.000000	0.000000	0.000000	0.000000	0.000000	0.000000
-0.932031	0.864508	-0.802589	0.795804	0.000000	0.000000	0.000000	0.000000	0.000000	0.000000
-0.932031	0.864664	-0.802489	0.821278	0.000000	0.000000	0.000000	0.000000	0.000000	0.000000
-0.932031	0.864577	-0.802474	0.822055	0.000000	0.000000	0.000000	0.000000	0.000000	0.000000
-0.932031	0.864693	-0.802413	0.820577	0.000000	0.000000	0.000000	0.000000	0.000000	0.000000
-0.932031	0.864592	-0.802365	0.822475	0.000000	0.000000	0.000000	0.000000	0.000000	0.000000
-0.932031	0.864761	-0.802718	0.821225	0.000000	0.000000	0.000000	0.000000	0.000000	0.000000
-0.932031	0.864758	-0.802190	0.772256	0.000000	0.000000	0.000000	0.000000	0.000000	0.000000
-0.932031	0.864540	-0.802158	0.822521	0.000000	0.000000	0.000000	0.000000	0.000000	0.000000
-0.932031	0.864769	-0.802304	0.822412	0.000000	0.000000	0.000000	0.000000	0.000000	0.000000
-0.932031	0.864654	-0.268815	0.821422	0.000000	0.000000	0.000000	0.000000	0.000000	0.000000
-0.932031	0.864952	-0.802108	0.824151	0.000000	0.000000	0.000000	0.000000	0.000000	0.000000
-0.932031	0.864545	-0.802754	0.821720	0.000000	0.000000	0.000000	0.000000	0.000000	0.000000
-0.932031	0.864993	-0.802819	0.821849	0.000000	0.000000	0.000000	0.000000	0.000000	0.000000
-0.932031	0.864656	-0.802692	0.822294	0.000000	0.000000	0.000000	0.000000	0.000000	0.000000
-0.932031	0.864725	-0.802068	0.821440	0.000000	0.000000	0.000000	0.000000	0.000000	0.000000
-0.932031	0.864723	-0.802627	0.822272	0.000000	0.000000	0.000000	0.000000	0.000000	0.000000
-0.932032	0.865049	-0.801844	0.821557	0.000000	0.000000	0.000000	0.000000	0.000000	0.000000
-0.932031	0.864684	-0.802460	0.822710	0.000000	0.000000	0.000000	0.000000	0.000000	0.000000
-0.932031	0.864814	-0.802699	0.821428	0.000000	0.000000	0.000000	0.000000	0.000000	0.000000
-0.932031	0.864912	-0.802881	0.817410	0.000000	0.000000	0.000000	0.000000	0.000000	0.000000
-0.932031	0.864891	-0.801560	0.822541	0.000000	0.000000	0.000000	0.000000	0.000000	0.000000
-0.932031	0.864734	-0.802322	0.818842	0.000000	0.000000	0.000000	0.000000	0.000000	0.000000
-0.932031	0.864333	-0.802543	0.818258	0.000000	0.000000	0.000000	0.000000	0.000000	0.000000
-0.932031	0.864740	-0.802360	0.822454	0.000000	0.000000	0.000000	0.000000	0.000000	0.000000
-0.932031	0.865158	-0.802371	0.820815	0.000000	0.000000	0.000000	0.000000	0.000000	0.000000
-0.932031	0.864710	-0.802668	0.820024	0.000000	0.000000	0.000000	0.000000	0.000000	0.000000
-0.932031	0.864891	-0.800774	0.821264	0.000000	0.000000	0.000000	0.000000	0.000000	0.000000
-0.932031	0.864704	-0.802516	0.813755	0.000000	0.000000	0.000000	0.000000	0.000000	0.000000
-0.932032	0.864646	-0.802295	0.820942	0.000000	0.000000	0.000000	0.000000	0.000000	0.000000
-0.932032	0.864666	-0.802528	0.820885	0.000000	0.000000	0.000000	0.000000	0.000000	0.000000
-0.932031	0.864549	-0.802310	0.821608	0.000000	0.000000	0.000000	0.000000	0.000000	0.000000
-0.932031	0.865154	-0.802369	0.822309	0.000000	0.000000	0.000000	0.000000	0.000000	0.000000
-0.932031	0.865109	-0.802372	0.820361	0.000000	0.000000	0.000000	0.000000	0.000000	0.000000
-0.932031	0.864631	-0.802958	0.821450	0.000000	0.000000	0.000000	0.000000	0.000000	0.000000
-0.932031	0.864612	-0.801336	0.820603	0.000000	0.000000	0.000000	0.000000	0.000000	0.000000
-0.932031	0.864578	-0.802614	0.821592	0.000000	0.000000	0.000000	0.000000	0.000000	0.000000
-0.932031	0.864825	-0.802647	0.822041	0.000000	0.000000	0.000000	0.000000	0.000000	0.000000
-0.932031	0.864797	-0.802291	0.820769	0.000000	0.000000	0.000000	0.000000	0.000000	0.000000
-0.932031	0.864639	-0.802252	0.822822	0.000000	0.000000	0.000000	0.000000	0.000000	0.000000
-0.932031	0.864607	-0.796211	0.822831	0.000000	0.000000	0.000000	0.000000	0.000000	0.000000
-0.932031	0.864737	-0.802643	0.819474	0.000000	0.000000	0.000000	0.000000	0.000000	0.000000
-0.932032	0.864887	-0.802448	0.750697	0.000000	0.000000	0.000000	0.000000	0.000000	0.000000
-0.932031	0.864471	-0.801194	0.822945	0.000000	0.000000	0.000000	0.000000	0.000000	0.000000
-0.932031	0.864658	-0.799288	0.821381	0.000000	0.000000	0.000000	0.000000	0.000000	0.000000
-0.932032	0.864659	-0.802285	0.821609	0.000000	0.000000	0.000000	0.000000	0.000000	0.000000
-0.932031	0.864890	-0.802648	0.821817	0.000000	0.000000	0.000000	0.000000	0.000000	0.000000
-0.932031	0.864561	-0.747831	0.821294	0.000000	0.000000	0.000000	0.000000	0.000000	0.000000
-0.932031	0.864610	-0.802571	0.822061	0.000000	0.000000	0.000000	0.000000	0.000000	0.000000
-0.932031	0.864455	-0.802535	0.822312	0.000000	0.000000	0.000000	0.000000	0.000000	0.000000
-0.932031	0.864724	-0.794189	0.822710	0.000000	0.000000	0.000000	0.000000	0.000000	0.000000
-0.932031	0.864611	-0.801099	0.823251	0.000000	0.000000	0.000000	0.000000	0.000000	0.000000
-0.932031	0.864851	-0.802803	0.821894	0.000000	0.000000	0.000000	0.000000	0.000000	0.000000
-0.932031	0.864596	-0.802658	0.821745	0.000000	0.000000	0.000000	0.000000	0.000000	0.000000
-0.932032	0.864560	-0.802027	0.821302	0.000000	0.000000	0.000000	0.000000	0.000000	0.000000
-0.932031	0.864341	-0.801869	0.821396	0.000000	0.000000	0.000000	0.000000	0.000000	0.000000
-0.932031	0.864411	-0.802292	0.823276	0.000000	0.000000	0.000000	0.000000	0.000000	0.000000
-0.932031	0.864833	-0.802415	0.818531	0.000000	0.000000	0.000000	0.000000	0.000000	0.000000
-0.932031	0.864581	-0.801946	0.818595	0.000000	0.000000	0.000000	0.000000	0.000000	0.000000
-0.932031	0.864580	-0.802076	0.816931	0.000000	0.000000	0.000000	0.000000	0.000000	0.000000
-0.932032	0.864550	-0.802530	0.823339	0.000000	0.000000	0.000000	0.000000	0.000000	0.000000
-0.932031	0.864918	-0.798789	0.809176	0.000000	0.000000	0.000000	0.000000	0.000000	0.000000
-0.932031	0.864840	-0.802448	0.822538	0.000000	0.000000	0.000000	0.000000	0.000000	0.000000
-0.932032	0.864592	-0.802130	0.821539	0.000000	0.000000	0.000000	0.000000	0.000000	0.000000
-0.932031	0.864822	-0.802545	0.822456	0.000000	0.000000	0.000000	0.000000	0.000000	0.000000
-0.932031	0.864471	-0.802544	0.818790	0.000000	0.000000	0.000000	0.000000	0.000000	0.000000
-0.932031	0.864530	-0.798496	0.822612	0.000000	0.000000	0.000000	0.000000	0.000000	0.000000
-0.932031	0.864508	-0.802646	0.823269	0.000000	0.000000	0.000000	0.000000	0.000000	0.000000
-0.932032	0.864950	-0.802607	0.816061	0.000000	0.000000	0.000000	0.000000	0.000000	0.000000
-0.932031	0.864898	-0.801991	0.813732	0.000000	0.000000	0.000000	0.000000	0.000000	0.000000
-0.932031	0.864453	-0.801954	0.821942	0.000000	0.000000	0.000000	0.000000	0.000000	0.000000
-0.932031	0.864712	-0.802548	0.813995	0.000000	0.000000	0.000000	0.000000	0.000000	0.000000
-0.932031	0.864683	-0.797998	0.822561	0.000000	0.000000	0.000000	0.000000	0.000000	0.000000
-0.932031	0.865019	-0.802488	0.821687	0.000000	0.000000	0.000000	0.000000	0.000000	0.000000
-0.932031	0.864804	-0.802463	0.822153	0.000000	0.000000	0.000000	0.000000	0.000000	0.000000
-0.932031	0.865020	-0.802530	0.822235	0.000000	0.000000	0.000000	0.000000	0.000000	0.000000
-0.932032	0.864552	-0.802489	0.820930	0.000000	0.000000	0.000000	0.000000	0.000000	0.000000
-0.932031	0.864945	-0.802345	0.817674	0.000000	0.000000	0.000000	0.000000	0.000000	0.000000
-0.932031	0.865062	-0.802425	0.815650	0.000000	0.000000	0.000000	0.000000	0.000000	0.000000
-0.932031	0.864466	-0.800337	0.817975	0.000000	0.000000	0.000000	0.000000	0.000000	0.000000
-0.932031	0.864491	-0.783189	0.819518	0.000000	0.000000	0.000000	0.000000	0.000000	0.000000
-0.932031	0.864690	-0.801505	0.822012	0.000000	0.000000	0.000000	0.000000	0.000000	0.000000
-0.932031	0.864610	-0.802420	0.808678	0.000000	0.000000	0.000000	0.000000	0.000000	0.000000
-0.932031	0.864756	-0.803019	0.821408	0.000000	0.000000	0.000000	0.000000	0.000000	0.000000
-0.932031	0.865032	-0.802581	0.821943	0.000000	0.000000	0.000000	0.000000	0.000000	0.000000
-0.932032	0.864600	-0.802324	0.821921	0.000000	0.000000	0.000000	0.000000	0.000000	0.000000
-0.932031	0.864578	-0.802636	0.821263	0.000000	0.000000	0.000000	0.000000	0.000000	0.000000
-0.932031	0.864973	-0.802232	0.817608	0.000000	0.000000	0.000000	0.000000	0.000000	0.000000
-0.932031	0.864780	-0.802182	0.821659	0.000000	0.000000	0.000000	0.000000	0.000000	0.000000
-0.932032	0.864614	-0.782887	0.814647	0.000000	0.000000	0.000000	0.000000	0.000000	0.000000
-0.932031	0.864929	-0.802567	0.787672	0.000000	0.000000	0.000000	0.000000	0.000000	0.000000
-0.932031	0.864974	-0.802165	0.821978	0.000000	0.000000	0.000000	0.000000	0.000000	0.000000
-0.932031	-0.834594	0.000021	-0.000046	0.000000	0.000000	0.000000	0.000000	0.000000	0.000000
-0.932031	-0.834594	0.776136	0.823403	0.000000	0.000000	0.000000	0.000000	0.000000	0.000000
-0.932031	-0.834594	0.776113	0.821457	0.000000	0.000000	0.000000	0.000000	0.000000	0.000000
-0.932031	-0.834594	0.776133	0.823108	0.000000	0.000000	0.000000	0.000000	0.000000	0.000000
-0.932031	-0.834594	0.776106	0.809347	0.000000	0.000000	0.000000	0.000000	0.000000	0.000000
-0.932031	-0.834594	0.776098	0.823034	0.000000	0.000000	0.000000	0.000000	0.000000	0.000000
-0.932031	-0.834594	0.776129	0.820912	0.000000	0.000000	0.000000	0.000000	0.000000	0.000000
-0.932031	-0.834594	0.776006	0.813712	0.000000	0.000000	0.000000	0.000000	0.000000	0.000000
-0.932031	-0.834594	0.776062	0.819911	0.000000	0.000000	0.000000	0.000000	0.000000	0.000000
-0.932031	-0.834594	0.774613	0.737112	0.000000	0.000000	0.000000	0.000000	0.000000	0.000000
-0.932031	-0.834594	0.776064	0.821952	0.000000	0.000000	0.000000	0.000000	0.000000	0.000000
-0.932031	-0.834594	0.776113	0.822794	0.000000	0.000000	0.000000	0.000000	0.000000	0.000000
-0.932031	-0.834594	0.776134	0.821333	0.000000	0.000000	0.000000	0.000000	0.000000	0.000000
-0.932031	-0.834594	0.775943	0.820914	0.000000	0.000000	0.000000	0.000000	0.000000	0.000000
-0.932031	-0.834594	0.676003	0.817982	0.000000	0.000000	0.000000	0.000000	0.000000	0.000000
-0.932031	-0.834594	0.775399	0.822064	0.000000	0.000000	0.000000	0.000000	0.000000	0.000000
-0.932031	-0.834594	0.776136	0.821003	0.000000	0.000000	0.000000	0.000000	0.000000	0.000000
-0.932031	-0.834594	0.776136	0.821454	0.000000	0.000000	0.000000	0.000000	0.000000	0.000000
-0.932031	-0.834594	0.775985	0.822557	0.000000	0.000000	0.000000	0.000000	0.000000	0.000000
-0.932031	-0.834594	0.776135	0.822829	0.000000	0.000000	0.000000	0.000000	0.000000	0.000000
-0.932031	-0.834594	0.776119	0.822326	0.000000	0.000000	0.000000	0.000000	0.000000	0.000000
-0.932031	-0.834594	0.761868	0.821430	0.000000	0.000000	0.000000	0.000000	0.000000	0.000000
-0.932031	-0.834594	0.776095	0.822163	0.000000	0.000000	0.000000	0.000000	0.000000	0.000000
-0.932031	-0.834594	0.774498	0.822390	0.000000	0.000000	0.000000	0.000000	0.000000	0.000000
-0.932031	-0.834594	0.776133	0.821586	0.000000	0.000000	0.000000	0.000000	0.000000	0.000000
-0.932031	-0.834594	0.776134	0.822718	0.000000	0.000000	0.000000	0.000000	0.000000	0.000000
-0.932031	-0.834594	0.756411	0.820745	0.000000	0.000000	0.000000	0.000000	0.000000	0.000000
-0.932031	-0.834594	0.775932	0.787992	0.000000	0.000000	0.000000	0.000000	0.000000	0.000000
-0.932031	-0.834594	0.776136	0.821421	0.000000	0.000000	0.000000	0.000000	0.000000	0.000000
-0.932031	-0.834594	0.772935	0.822421	0.000000	0.000000	0.000000	0.000000	0.000000	0.000000
-0.932031	-0.834594	0.775913	0.820467	0.000000	0.000000	0.000000	0.000000	0.000000	0.000000
-0.932031	-0.834594	0.775979	0.819050	0.000000	0.000000	0.000000	0.000000	0.000000	0.000000
-0.932031	-0.834594	0.776136	0.822809	0.000000	0.000000	0.000000	0.000000	0.000000	0.000000
-0.932031	-0.834591	0.775318	0.822136	0.000000	0.000000	0.000000	0.000000	0.000000	0.000000
-0.932031	-0.834594	0.775961	0.811357	0.000000	0.000000	0.000000	0.000000	0.000000	0.000000
-0.932031	-0.834594	0.775906	0.820992	0.000000	0.000000	0.000000	0.000000	0.000000	0.000000
-0.932031	-0.834594	0.758299	0.820478	0.000000	0.000000	0.000000	0.000000	0.000000	0.000000
-0.932031	-0.834594	0.776131	0.822266	0.000000	0.000000	0.000000	0.000000	0.000000	0.000000
-0.932031	-0.834594	0.775761	0.822300	0.000000	0.000000	0.000000	0.000000	0.000000	0.000000
-0.932031	-0.834594	0.776031	0.808831	0.000000	0.000000	0.000000	0.000000	0.000000	0.000000
-0.932031	-0.834594	0.775254	0.820893	0.000000	0.000000	0.000000	0.000000	0.000000	0.000000
-0.932031	-0.834594	0.776136	0.822068	0.000000	0.000000	0.000000	0.000000	0.000000	0.000000
-0.932032	-0.834594	0.776136	0.821982	0.000000	0.000000	0.000000	0.000000	0.000000	0.000000
-0.932031	-0.834594	0.775969	0.822457	0.000000	0.000000	0.000000	0.000000	0.000000	0.000000
-0.932031	-0.834594	0.775919	0.822661	0.000000	0.000000	0.000000	0.000000	0.000000	0.000000
-0.932031	-0.834594	0.776099	0.823312	0.000000	0.000000	0.000000	0.000000	0.000000	0.000000
-0.932031	-0.834594	0.776135	0.697832	0.000000	0.000000	0.000000	0.000000	0.000000	0.000000
-0.932031	-0.834594	0.774119	0.821079	0.000000	0.000000	0.000000	0.000000	0.000000	0.000000
-0.932031	-0.834594	0.776136	0.803293	0.000000	0.000000	0.000000	0.000000	0.000000	0.000000
-0.932031	-0.834594	0.776134	0.821615	0.000000	0.000000	0.000000	0.000000	0.000000	0.000000
-0.932031	-0.834594	0.774190	0.821293	0.000000	0.000000	0.000000	0.000000	0.000000	0.000000
-0.932031	-0.834594	0.776129	0.537786	0.000000	0.000000	0.000000	0.000000	0.000000	0.000000
-0.932031	-0.834594	0.776069	0.764111	0.000000	0.000000	0.000000	0.000000	0.000000	0.000000
-0.932031	-0.834594	0.776133	0.812511	0.000000	0.000000	0.000000	0.000000	0.000000	0.000000
-0.932032	-0.834594	0.776136	0.818770	0.000000	0.000000	0.000000	0.000000	0.000000	0.000000
-0.932031	-0.834594	0.775958	0.822639	0.000000	0.000000	0.000000	0.000000	0.000000	0.000000
-0.932031	-0.834594	0.776133	0.822966	0.000000	0.000000	0.000000	0.000000	0.000000	0.000000
-0.932031	-0.834594	0.775873	0.821674	0.000000	0.000000	0.000000	0.000000	0.000000	0.000000
-0.932031	-0.834594	0.776133	0.816466	0.000000	0.000000	0.000000	0.000000	0.000000	0.000000
-0.932031	-0.834594	0.776133	0.822248	0.000000	0.000000	0.000000	0.000000	0.000000	0.000000
-0.932031	-0.834594	0.776128	0.822178	0.000000	0.000000	0.000000	0.000000	0.000000	0.000000
-0.932031	-0.834594	0.774055	0.821237	0.000000	0.000000	0.000000	0.000000	0.000000	0.000000
-0.932032	-0.834594	0.776136	0.807015	0.000000	0.000000	0.000000	0.000000	0.000000	0.000000
-0.932031	-0.834594	0.768494	0.823853	0.000000	0.000000	0.000000	0.000000	0.000000	0.000000
-0.932032	-0.834594	0.776045	0.820334	0.000000	0.000000	0.000000	0.000000	0.000000	0.000000
-0.932031	-0.834594	0.776136	0.820554	0.000000	0.000000	0.000000	0.000000	0.000000	0.000000
-0.932031	-0.834594	0.776136	0.780827	0.000000	0.000000	0.000000	0.000000	0.000000	0.000000
-0.932031	-0.834585	0.775380	0.820715	0.000000	0.000000	0.000000	0.000000	0.000000	0.000000
-0.932032	-0.834594	0.776136	0.821133	0.000000	0.000000	0.000000	0.000000	0.000000	0.000000
-0.932031	-0.834594	0.776114	0.820668	0.000000	0.000000	0.000000	0.000000	0.000000	0.000000
-0.932032	-0.834594	0.776122	0.821679	0.000000	0.000000	0.000000	0.000000	0.000000	0.000000
-0.932031	-0.834594	0.776135	0.821202	0.000000	0.000000	0.000000	0.000000	0.000000	0.000000
-0.932031	-0.834594	0.731364	0.658220	0.000000	0.000000	0.000000	0.000000	0.000000	0.000000
-0.932031	-0.834594	0.775093	0.818436	0.000000	0.000000	0.000000	0.000000	0.000000	0.000000
-0.932031	-0.834592	0.776062	0.821211	0.000000	0.000000	0.000000	0.000000	0.000000	0.000000
-0.932031	-0.834594	0.776136	0.822739	0.000000	0.000000	0.000000	0.000000	0.000000	0.000000
-0.932031	-0.834594	0.770512	0.821553	0.000000	0.000000	0.000000	0.000000	0.000000	0.000000
-0.932031	-0.834594	0.775814	0.818534	0.000000	0.000000	0.000000	0.000000	0.000000	0.000000
-0.932031	-0.834594	0.776119	0.822552	0.000000	0.000000	0.000000	0.000000	0.000000	0.000000
-0.932031	-0.834594	0.776135	0.822291	0.000000	0.000000	0.000000	0.000000	0.000000	0.000000
-0.932031	-0.834594	0.776129	0.821554	0.000000	0.000000	0.000000	0.000000	0.000000	0.000000
-0.932031	-0.834594	0.774633	0.822362	0.000000	0.000000	0.000000	0.000000	0.000000	0.000000
-0.932031	-0.834594	0.774755	0.821909	0.000000	0.000000	0.000000	0.000000	0.000000	0.000000
-0.932031	-0.834594	0.775490	0.821887	0.000000	0.000000	0.000000	0.000000	0.000000	0.000000
-0.932031	-0.834594	0.776091	0.821936	0.000000	0.000000	0.000000	0.000000	0.000000	0.000000
-0.932031	-0.834594	0.776136	0.822252	0.000000	0.000000	0.000000	0.000000	0.000000	0.000000
-0.932032	-0.834594	0.776135	0.822222	0.000000	0.000000	0.000000	0.000000	0.000000	0.000000
-0.932031	-0.834594	0.776126	0.823561	0.000000	0.000000	0.000000	0.000000	0.000000	0.000000
-0.932031	-0.834591	0.759108	0.821492	0.000000	0.000000	0.000000	0.000000	0.000000	0.000000
-0.932031	-0.834594	0.776131	0.796084	0.000000	0.000000	0.000000	0.000000	0.000000	0.000000
-0.932032	-0.834594	0.776135	0.822375	0.000000	0.000000	0.000000	0.000000	0.000000	0.000000
-0.932031	-0.834594	0.776136	0.822305	0.000000	0.000000	0.000000	0.000000	0.000000	0.000000
-0.932031	-0.834594	0.776128	0.821438	0.000000	0.000000	0.000000	0.000000	0.000000	0.000000
-0.932031	-0.834594	0.776129	0.820854	0.000000	0.000000	0.000000	0.000000	0.000000	0.000000
-0.932032	-0.834594	0.776136	0.818771	0.000000	0.000000	0.000000	0.000000	0.000000	0.000000
-0.932031	-0.834594	0.772092	0.823032	0.000000	0.000000	0.000000	0.000000	0.000000	0.000000
-0.932031	-0.834594	0.764594	0.820784	0.000000	0.000000	0.000000	0.000000	0.000000	0.000000
-0.932032	-0.834594	0.776108	0.818691	0.000000	0.000000	0.000000	0.000000	0.000000	0.000000
-0.932031	-0.834594	0.776135	0.822336	0.000000	0.000000	0.000000	0.000000	0.000000	0.000000
-0.932031	-0.834594	0.776125	0.820195	0.000000	0.000000	0.000000	0.000000	0.000000	0.000000
-0.932031	-0.834594	0.772674	0.698624	0.000000	0.000000	0.000000	0.000000	0.000000	0.000000
-0.932031	-0.834594	0.775427	0.821383	0.000000	0.000000	0.000000	0.000000	0.000000	0.000000
-0.932031	-0.834594	0.776052	0.823576	0.000000	0.000000	0.000000	0.000000	0.000000	0.000000
-0.932031	-0.834594	0.776123	0.821162	0.000000	0.000000	0.000000	0.000000	0.000000	0.000000
-0.932031	-0.834594	0.776119	0.824544	0.000000	0.000000	0.000000	0.000000	0.000000	0.000000
-0.932031	-0.834594	0.776049	0.823166	0.000000	0.000000	0.000000	0.000000	0.000000	0.000000
-0.932031	-0.834594	0.775991	0.822221	0.000000	0.000000	0.000000	0.000000	0.000000	0.000000
-0.932032	-0.834594	0.776021	0.821314	0.000000	0.000000	0.000000	0.000000	0.000000	0.000000
-0.932031	-0.834594	0.774060	0.818630	0.000000	0.000000	0.000000	0.000000	0.000000	0.000000
-0.932031	-0.834594	0.775471	0.821965	0.000000	0.000000	0.000000	0.000000	0.000000	0.000000
-0.932031	-0.834594	0.776120	0.821556	0.000000	0.000000	0.000000	0.000000	0.000000	0.000000
-0.932031	-0.834594	0.776135	0.821899	0.000000	0.000000	0.000000	0.000000	0.000000	0.000000
-0.932031	-0.834594	0.776132	0.821897	0.000000	0.000000	0.000000	0.000000	0.000000	0.000000
-0.932031	-0.834594	0.776136	0.818316	0.000000	0.000000	0.000000	0.000000	0.000000	0.000000
-0.932031	-0.834594	0.776136	0.822967	0.000000	0.000000	0.000000	0.000000	0.000000	0.000000
-0.932031	-0.834593	0.767735	0.817144	0.000000	0.000000	0.000000	0.000000	0.000000	0.000000
-0.932031	-0.834594	0.776136	0.823453	0.000000	0.000000	0.000000	0.000000	0.000000	0.000000
-0.932032	-0.834594	0.776119	0.820612	0.000000	0.000000	0.000000	0.000000	0.000000	0.000000
-0.932031	-0.834594	0.776136	0.819647	0.000000	0.000000	0.000000	0.000000	0.000000	0.000000
-0.932031	-0.834594	0.776132	0.820896	0.000000	0.000000	0.000000	0.000000	0.000000	0.000000
-0.932031	-0.834594	0.775865	0.821516	0.000000	0.000000	0.000000	0.000000	0.000000	0.000000
-0.932031	-0.834594	0.713657	0.813509	0.000000	0.000000	0.000000	0.000000	0.000000	0.000000
-0.932031	-0.834594	0.776134	0.822052	0.000000	0.000000	0.000000	0.000000	0.000000	0.000000
-0.932032	-0.834594	0.774101	0.821206	0.000000	0.000000	0.000000	0.000000	0.000000	0.000000
-0.932031	-0.834594	0.766519	0.821376	0.000000	0.000000	0.000000	0.000000	0.000000	0.000000
-0.932031	-0.834594	0.776109	0.481224	0.000000	0.000000	0.000000	0.000000	0.000000	0.000000
-0.932031	-0.834594	0.739886	0.814594	0.000000	0.000000	0.000000	0.000000	0.000000	0.000000
-0.932031	-0.834594	0.776136	0.784448	0.000000	0.000000	0.000000	0.000000	0.000000	0.000000
-0.932031	-0.834594	0.776122	0.822421	0.000000	0.000000	0.000000	0.000000	0.000000	0.000000
-0.932031	-0.834593	0.775458	0.810303	0.000000	0.000000	0.000000	0.000000	0.000000	0.000000
-0.932032	-0.834594	0.776136	0.820624	0.000000	0.000000	0.000000	0.000000	0.000000	0.000000
-0.932031	-0.834594	0.775749	0.822641	0.000000	0.000000	0.000000	0.000000	0.000000	0.000000
-0.932031	-0.834594	0.776127	0.820930	0.000000	0.000000	0.000000	0.000000	0.000000	0.000000
-0.932031	-0.834594	0.774877	0.821849	0.000000	0.000000	0.000000	0.000000	0.000000	0.000000
-0.932031	-0.834594	0.774820	0.821916	0.000000	0.000000	0.000000	0.000000	0.000000	0.000000
-0.932031	-0.834593	0.776128	0.817407	0.000000	0.000000	0.000000	0.000000	0.000000	0.000000
-0.932031	-0.834594	0.776135	0.821232	0.000000	0.000000	0.000000	0.000000	0.000000	0.000000
-0.932031	-0.834594	0.776132	0.821249	0.000000	0.000000	0.000000	0.000000	0.000000	0.000000
-0.932031	-0.834594	0.776135	0.821053	0.000000	0.000000	0.000000	0.000000	0.000000	0.000000
-0.932031	-0.834594	0.775270	0.808432	0.000000	0.000000	0.000000	0.000000	0.000000	0.000000
-0.932032	-0.834594	0.776107	0.732142	0.000000	0.000000	0.000000	0.000000	0.000000	0.000000
-0.932031	-0.834247	0.776136	0.821168	0.000000	0.000000	0.000000	0.000000	0.000000	0.000000
-0.932031	-0.834594	0.776124	0.822105	0.000000	0.000000	0.000000	0.000000	0.000000	0.000000
-0.932031	-0.834594	0.776129	0.821738	0.000000	0.000000	0.000000	0.000000	0.000000	0.000000
-0.932031	-0.834594	0.776136	0.822215	0.000000	0.000000	0.000000	0.000000	0.000000	0.000000
-0.932032	-0.834594	0.775800	0.721148	0.000000	0.000000	0.000000	0.000000	0.000000	0.000000
-0.932031	-0.834594	0.771770	0.821209	0.000000	0.000000	0.000000	0.000000	0.000000	0.000000
-0.932031	-0.834594	0.775990	0.822527	0.000000	0.000000	0.000000	0.000000	0.000000	0.000000
-0.932031	-0.834594	0.776136	0.821673	0.000000	0.000000	0.000000	0.000000	0.000000	0.000000
-0.932031	-0.834594	0.776136	0.821473	0.000000	0.000000	0.000000	0.000000	0.000000	0.000000
-0.932031	-0.834594	0.735852	0.819737	0.000000	0.000000	0.000000	0.000000	0.000000	0.000000
-0.932031	-0.834594	0.776132	0.822110	0.000000	0.000000	0.000000	0.000000	0.000000	0.000000
-0.932031	-0.834594	0.776134	0.824324	0.000000	0.000000	0.000000	0.000000	0.000000	0.000000
-0.932031	-0.834593	0.776123	0.820371	0.000000	0.000000	0.000000	0.000000	0.000000	0.000000
-0.932031	-0.834594	0.775442	0.822479	0.000000	0.000000	0.000000	0.000000	0.000000	0.000000
-0.932031	-0.834594	0.775810	0.821484	0.000000	0.000000	0.000000	0.000000	0.000000	0.000000
-0.932031	-0.834594	0.775914	0.523327	0.000000	0.000000	0.000000	0.000000	0.000000	0.000000
-0.932031	-0.834594	0.774677	0.822312	0.000000	0.000000	0.000000	0.000000	0.000000	0.000000
-0.932031	-0.834594	0.773945	0.819236	0.000000	0.000000	0.000000	0.000000	0.000000	0.000000
-0.932031	-0.834594	0.776125	0.821738	0.000000	0.000000	0.000000	0.000000	0.000000	0.000000
-0.932031	-0.834594	0.776131	0.812277	0.000000	0.000000	0.000000	0.000000	0.000000	0.000000
-0.932031	-0.834594	0.753730	0.819494	0.000000	0.000000	0.000000	0.000000	0.000000	0.000000
-0.932031	-0.834594	0.776133	0.800260	0.000000	0.000000	0.000000	0.000000	0.000000	0.000000
-0.932031	-0.834594	0.776123	0.821712	0.000000	0.000000	0.000000	0.000000	0.000000	0.000000
-0.932031	-0.834594	0.776133	0.821878	0.000000	0.000000	0.000000	0.000000	0.000000	0.000000
-0.932031	-0.834594	0.776079	0.819783	0.000000	0.000000	0.000000	0.000000	0.000000	0.000000
-0.932031	-0.834594	0.776118	0.823419	0.000000	0.000000	0.000000	0.000000	0.000000	0.000000
-0.932031	-0.834594	0.775235	0.821789	0.000000	0.000000	0.000000	0.000000	0.000000	0.000000
-0.932031	-0.834594	0.776136	0.822994	0.000000	0.000000	0.000000	0.000000	0.000000	0.000000
-0.932031	-0.834594	0.776136	0.821574	0.000000	0.000000	0.000000	0.000000	0.000000	0.000000
-0.932031	-0.834594	0.774076	0.820557	0.000000	0.000000	0.000000	0.000000	0.000000	0.000000
-0.932031	-0.834594	0.775888	0.821268	0.000000	0.000000	0.000000	0.000000	0.000000	0.000000
-0.932031	-0.834594	0.776013	0.822428	0.000000	0.000000	0.000000	0.000000	0.000000	0.000000
-0.932031	-0.834594	0.776136	0.810195	0.000000	0.000000	0.000000	0.000000	0.000000	0.000000
-0.932031	-0.834594	0.776025	0.809142	0.000000	0.000000	0.000000	0.000000	0.000000	0.000000
-0.932032	-0.834594	0.712603	0.676566	0.000000	0.000000	0.000000	0.000000	0.000000	0.000000
-0.932031	-0.834594	0.776130	0.821933	0.000000	0.000000	0.000000	0.000000	0.000000	0.000000
-0.932031	-0.834594	0.776136	0.373335	0.000000	0.000000	0.000000	0.000000	0.000000	0.000000
-0.932032	-0.834594	0.776135	0.823031	0.000000	0.000000	0.000000	0.000000	0.000000	0.000000
-0.932032	-0.834594	0.776136	0.821335	0.000000	0.000000	0.000000	0.000000	0.000000	0.000000
-0.932031	-0.834594	0.775073	0.799335	0.000000	0.000000	0.000000	0.000000	0.000000	0.000000
-0.932031	-0.834593	0.776069	0.821942	0.000000	0.000000	0.000000	0.000000	0.000000	0.000000
-0.932031	-0.834594	0.776078	0.820770	0.000000	0.000000	0.000000	0.000000	0.000000	0.000000
-0.932031	-0.834593	0.774887	0.821221	0.000000	0.000000	0.000000	0.000000	0.000000	0.000000
-0.932031	-0.834594	0.755638	0.811314	0.000000	0.000000	0.000000	0.000000	0.000000	0.000000
-0.932031	-0.834594	0.776132	0.822248	0.000000	0.000000	0.000000	0.000000	0.000000	0.000000
-0.932031	-0.834594	0.776136	0.821881	0.000000	0.000000	0.000000	0.000000	0.000000	0.000000
-0.932031	-0.834594	0.776121	0.822056	0.000000	0.000000	0.000000	0.000000	0.000000	0.000000
-0.932031	-0.834594	0.773920	0.821954	0.000000	0.000000	0.000000	0.000000	0.000000	0.000000
-0.932031	-0.834593	0.770169	0.822496	0.000000	0.000000	0.000000	0.000000	0.000000	0.000000
-0.932031	-0.834594	0.776135	0.820382	0.000000	0.000000	0.000000	0.000000	0.000000	0.000000
-0.932031	-0.834594	0.776127	0.820880	0.000000	0.000000	0.000000	0.000000	0.000000	0.000000
-0.932031	-0.834594	0.776089	0.822751	0.000000	0.000000	0.000000	0.000000	0.000000	0.000000
-0.932031	-0.834594	0.774368	0.717873	0.000000	0.000000	0.000000	0.000000	0.000000	0.000000
-0.932031	-0.834594	0.776133	0.820089	0.000000	0.000000	0.000000	0.000000	0.000000	0.000000
-0.932031	-0.834594	0.776082	0.822425	0.000000	0.000000	0.000000	0.000000	0.000000	0.000000
-0.932031	-0.834594	0.776078	0.813892	0.000000	0.000000	0.000000	0.000000	0.000000	0.000000
-0.932031	-0.834594	0.776117	0.820895	0.000000	0.000000	0.000000	0.000000	0.000000	0.000000
-0.932031	-0.834594	0.775574	0.820567	0.000000	0.000000	0.000000	0.000000	0.000000	0.000000
-0.932031	-0.834594	0.774210	0.816162	0.000000	0.000000	0.000000	0.000000	0.000000	0.000000
-0.932032	-0.834594	0.776106	0.821994	0.000000	0.000000	0.000000	0.000000	0.000000	0.000000
-0.932031	-0.834594	0.776100	0.822143	0.000000	0.000000	0.000000	0.000000	0.000000	0.000000
-0.932031	-0.834594	0.776133	0.806132	0.000000	0.000000	0.000000	0.000000	0.000000	0.000000
-0.932031	-0.834594	0.776135	0.821947	0.000000	0.000000	0.000000	0.000000	0.000000	0.000000
-0.932031	-0.834594	0.776136	0.822040	0.000000	0.000000	0.000000	0.000000	0.000000	0.000000
-0.932031	-0.834594	0.776133	0.822857	0.000000	0.000000	0.000000	0.000000	0.000000	0.000000
-0.932031	-0.834594	0.775587	0.780522	0.000000	0.000000	0.000000	0.000000	0.000000	0.000000
-0.932031	-0.834594	0.775712	0.822053	0.000000	0.000000	0.000000	0.000000	0.000000	0.000000
-0.932031	-0.834594	0.775379	0.818883	0.000000	0.000000	0.000000	0.000000	0.000000	0.000000
-0.932031	-0.834594	0.776133	0.822118	0.000000	0.000000	0.000000	0.000000	0.000000	0.000000
-0.932031	-0.834594	0.774783	0.821528	0.000000	0.000000	0.000000	0.000000	0.000000	0.000000
-0.932031	-0.834574	0.776062	0.821538	0.000000	0.000000	0.000000	0.000000	0.000000	0.000000
-0.932031	-0.834594	0.776129	0.819558	0.000000	0.000000	0.000000	0.000000	0.000000	0.000000
-0.932031	-0.834594	0.776077	0.821598	0.000000	0.000000	0.000000	0.000000	0.000000	0.000000
-0.932031	-0.834594	0.776020	0.821412	0.000000	0.000000	0.000000	0.000000	0.000000	0.000000
-0.932032	-0.834594	0.776114	0.822375	0.000000	0.000000	0.000000	0.000000	0.000000	0.000000
-0.932031	-0.834594	0.776048	0.812488	0.000000	0.000000	0.000000	0.000000	0.000000	0.000000
-0.932032	-0.834594	0.769548	0.821277	0.000000	0.000000	0.000000	0.000000	0.000000	0.000000
-0.932031	-0.834594	0.776136	0.820913	0.000000	0.000000	0.000000	0.000000	0.000000	0.000000
-0.932031	-0.834594	0.775513	0.822773	0.000000	0.000000	0.000000	0.000000	0.000000	0.000000
-0.932031	-0.834594	0.776132	0.821063	0.000000	0.000000	0.000000	0.000000	0.000000	0.000000
-0.932031	-0.834580	0.776127	0.822208	0.000000	0.000000	0.000000	0.000000	0.000000	0.000000
-0.932031	-0.834594	0.776134	0.821341	0.000000	0.000000	0.000000	0.000000	0.000000	0.000000
-0.932031	-0.834594	0.776136	0.821257	0.000000	0.000000	0.000000	0.000000	0.000000	0.000000
-0.932032	-0.834594	0.776132	0.807045	0.000000	0.000000	0.000000	0.000000	0.000000	0.000000
-0.932031	-0.834594	0.776136	0.823489	0.000000	0.000000	0.000000	0.000000	0.000000	0.000000
-0.932032	-0.834594	0.776130	0.688553	0.000000	0.000000	0.000000	0.000000	0.000000	0.000000
-0.932032	-0.834594	0.776132	0.422225	0.000000	0.000000	0.000000	0.000000	0.000000	0.000000
-0.932031	-0.834594	0.776101	0.822240	0.000000	0.000000	0.000000	0.000000	0.000000	0.000000
-0.932031	-0.834594	0.776113	0.822311	0.000000	0.000000	0.000000	0.000000	0.000000	0.000000
-0.932031	-0.834594	0.776135	0.820883	0.000000	0.000000	0.000000	0.000000	0.000000	0.000000
-0.932031	-0.834594	0.774617	0.822374	0.000000	0.000000	0.000000	0.000000	0.000000	0.000000
-0.932031	-0.834594	0.776122	0.821910	0.000000	0.000000	0.000000	0.000000	0.000000	0.000000
-0.932031	-0.834594	0.776134	0.818764	0.000000	0.000000	0.000000	0.000000	0.000000	0.000000
-0.932031	-0.834594	0.776130	0.820357	0.000000	0.000000	0.000000	0.000000	0.000000	0.000000
-0.932031	-0.834594	0.776136	0.808716	0.000000	0.000000	0.000000	0.000000	0.000000	0.000000
-0.932031	-0.834594	0.776136	0.822750	0.000000	0.000000	0.000000	0.000000	0.000000	0.000000
-0.932031	-0.834594	0.776131	0.821672	0.000000	0.000000	0.000000	0.000000	0.000000	0.000000
-0.932031	-0.834594	0.775252	0.821073	0.000000	0.000000	0.000000	0.000000	0.000000	0.000000
-0.932031	-0.834594	0.776129	0.821983	0.000000	0.000000	0.000000	0.000000	0.000000	0.000000
-0.932031	-0.834594	0.776134	0.820647	0.000000	0.000000	0.000000	0.000000	0.000000	0.000000
-0.932031	-0.834594	0.776101	0.821341	0.000000	0.000000	0.000000	0.000000	0.000000	0.000000
-0.932031	-0.834594	0.776122	0.821899	0.000000	0.000000	0.000000	0.000000	0.000000	0.000000
-0.932032	-0.834594	0.773136	0.820046	0.000000	0.000000	0.000000	0.000000	0.000000	0.000000
-0.932031	-0.834594	0.776134	0.822110	0.000000	0.000000	0.000000	0.000000	0.000000	0.000000
-0.932031	-0.834594	0.776084	0.823090	0.000000	0.000000	0.000000	0.000000	0.000000	0.000000
-0.932032	-0.834594	0.776132	0.822148	0.000000	0.000000	0.000000	0.000000	0.000000	0.000000
-0.932032	-0.834594	0.775218	0.071358	0.000000	0.000000	0.000000	0.000000	0.000000	0.000000
-0.932032	-0.834594	0.776127	0.794395	0.000000	0.000000	0.000000	0.000000	0.000000	0.000000
-0.932031	-0.834594	0.776127	0.818037	0.000000	0.000000	0.000000	0.000000	0.000000	0.000000
-0.932031	-0.833275	0.000615	-0.000367	0.000000	0.000000	0.000000	0.000000	0.000000	0.000000
-0.932031	-0.834593	-0.802479	-0.721472	0.000000	0.000000	0.000000	0.000000	0.000000	0.000000
-0.932031	-0.834594	-0.802523	-0.721512	0.000000	0.000000	0.000000	0.000000	0.000000	0.000000
-0.932031	-0.834594	-0.802571	-0.721438	0.000000	0.000000	0.000000	0.000000	0.000000	0.000000
-0.932031	-0.834594	-0.802392	-0.712025	0.000000	0.000000	0.000000	0.000000	0.000000	0.000000
-0.932031	-0.834594	-0.801937	-0.717350	0.000000	0.000000	0.000000	0.000000	0.000000	0.000000
-0.932032	-0.834594	-0.782151	-0.720463	0.000000	0.000000	0.000000	0.000000	0.000000	0.000000
-0.932031	-0.834594	-0.802670	-0.680821	0.000000	0.000000	0.000000	0.000000	0.000000	0.000000
-0.932031	-0.834594	-0.802821	-0.721337	0.000000	0.000000	0.000000	0.000000	0.000000	0.000000
-0.932031	-0.834594	-0.802657	-0.721532	0.000000	0.000000	0.000000	0.000000	0.000000	0.000000
-0.932031	-0.834594	-0.572253	-0.701125	0.000000	0.000000	0.000000	0.000000	0.000000	0.000000
-0.932031	-0.834594	-0.802270	-0.673773	0.000000	0.000000	0.000000	0.000000	0.000000	0.000000
-0.932031	-0.834594	-0.802497	-0.716563	0.000000	0.000000	0.000000	0.000000	0.000000	0.000000
-0.932031	-0.834588	-0.802747	-0.721532	0.000000	0.000000	0.000000	0.000000	0.000000	0.000000
-0.932031	-0.834594	-0.802392	-0.721521	0.000000	0.000000	0.000000	0.000000	0.000000	0.000000
-0.932032	-0.834594	-0.802158	-0.721528	0.000000	0.000000	0.000000	0.000000	0.000000	0.000000
-0.932031	-0.834594	-0.801724	-0.719694	0.000000	0.000000	0.000000	0.000000	0.000000	0.000000
-0.932031	-0.834594	-0.801995	-0.719881	0.000000	0.000000	0.000000	0.000000	0.000000	0.000000
-0.932031	-0.834594	-0.803077	-0.720880	0.000000	0.000000	0.000000	0.000000	0.000000	0.000000
-0.932031	-0.834594	-0.802478	-0.719122	0.000000	0.000000	0.000000	0.000000	0.000000	0.000000
-0.932031	-0.834594	-0.802239	-0.720948	0.000000	0.000000	0.000000	0.000000	0.000000	0.000000
-0.932031	-0.834594	-0.797593	-0.721506	0.000000	0.000000	0.000000	0.000000	0.000000	0.000000
-0.932031	-0.834594	-0.802264	-0.721527	0.000000	0.000000	0.000000	0.000000	0.000000	0.000000
-0.932031	-0.834594	-0.802480	-0.721266	0.000000	0.000000	0.000000	0.000000	0.000000	0.000000
-0.932031	-0.834594	-0.802595	-0.720634	0.000000	0.000000	0.000000	0.000000	0.000000	0.000000
-0.932031	-0.834594	-0.802612	-0.721520	0.000000	0.000000	0.000000	0.000000	0.000000	0.000000
-0.932031	-0.834594	-0.802432	-0.721269	0.000000	0.000000	0.000000	0.000000	0.000000	0.000000
-0.932031	-0.834594	-0.803071	-0.718334	0.000000	0.000000	0.000000	0.000000	0.000000	0.000000
-0.932031	-0.834594	-0.791057	-0.721514	0.000000	0.000000	0.000000	0.000000	0.000000	0.000000
-0.932031	-0.834594	-0.802267	-0.721434	0.000000	0.000000	0.000000	0.000000	0.000000	0.000000
-0.932031	-0.834594	-0.802232	-0.721222	0.000000	0.000000	0.000000	0.000000	0.000000	0.000000
-0.932032	-0.834594	-0.802364	-0.721338	0.000000	0.000000	0.000000	0.000000	0.000000	0.000000
-0.932031	-0.834594	-0.799304	-0.714188	0.000000	0.000000	0.000000	0.000000	0.000000	0.000000
-0.932031	-0.834594	-0.802507	-0.720935	0.000000	0.000000	0.000000	0.000000	0.000000	0.000000
-0.932031	-0.834594	-0.802720	-0.721439	0.000000	0.000000	0.000000	0.000000	0.000000	0.000000
-0.932031	-0.834594	-0.801883	-0.710611	0.000000	0.000000	0.000000	0.000000	0.000000	0.000000
-0.932031	-0.834594	-0.802452	-0.721488	0.000000	0.000000	0.000000	0.000000	0.000000	0.000000
-0.932031	-0.834594	-0.802448	-0.721486	0.000000	0.000000	0.000000	0.000000	0.000000	0.000000
-0.932031	-0.834594	-0.801927	-0.721378	0.000000	0.000000	0.000000	0.000000	0.000000	0.000000
-0.932031	-0.834594	-0.793950	-0.217528	0.000000	0.000000	0.000000	0.000000	0.000000	0.000000
-0.932031	-0.834594	-0.802443	-0.721067	0.000000	0.000000	0.000000	0.000000	0.000000	0.000000
-0.932031	-0.834594	-0.802508	-0.718702	0.000000	0.000000	0.000000	0.000000	0.000000	0.000000
-0.932031	-0.834594	-0.801523	-0.715691	0.000000	0.000000	0.000000	0.000000	0.000000	0.000000
-0.932031	-0.834594	-0.802398	-0.708506	0.000000	0.000000	0.000000	0.000000	0.000000	0.000000
-0.932032	-0.834594	-0.802214	-0.721532	0.000000	0.000000	0.000000	0.000000	0.000000	0.000000
-0.932031	-0.834594	-0.802518	-0.720116	0.000000	0.000000	0.000000	0.000000	0.000000	0.000000
-0.932031	-0.834594	-0.802517	-0.721412	0.000000	0.000000	0.000000	0.000000	0.000000	0.000000
-0.932031	-0.834594	-0.802495	-0.719756	0.000000	0.000000	0.000000	0.000000	0.000000	0.000000
-0.932031	-0.834594	-0.802880	-0.652948	0.000000	0.000000	0.000000	0.000000	0.000000	0.000000
-0.932031	-0.834594	-0.802504	-0.721409	0.000000	0.000000	0.000000	0.000000	0.000000	0.000000
-0.932031	-0.834594	-0.315075	-0.721145	0.000000	0.000000	0.000000	0.000000	0.000000	0.000000
-0.932031	-0.834594	-0.802424	-0.721517	0.000000	0.000000	0.000000	0.000000	0.000000	0.000000
-0.932031	-0.834594	-0.802532	-0.721390	0.000000	0.000000	0.000000	0.000000	0.000000	0.000000
-0.932031	-0.834594	-0.802358	-0.721105	0.000000	0.000000	0.000000	0.000000	0.000000	0.000000
-0.932031	-0.834594	-0.802380	-0.719601	0.000000	0.000000	0.000000	0.000000	0.000000	0.000000
-0.932031	-0.834594	-0.797435	-0.695146	0.000000	0.000000	0.000000	0.000000	0.000000	0.000000
-0.932031	-0.834594	-0.802653	-0.718352	0.000000	0.000000	0.000000	0.000000	0.000000	0.000000
-0.932031	-0.834594	-0.802711	-0.721360	0.000000	0.000000	0.000000	0.000000	0.000000	0.000000
-0.932031	-0.834594	-0.802212	-0.721311	0.000000	0.000000	0.000000	0.000000	0.000000	0.000000
-0.932031	-0.834594	-0.802609	-0.718210	0.000000	0.000000	0.000000	0.000000	0.000000	0.000000
-0.932031	-0.834594	-0.802037	-0.716964	0.000000	0.000000	0.000000	0.000000	0.000000	0.000000
-0.932031	-0.834594	-0.801990	-0.707030	0.000000	0.000000	0.000000	0.000000	0.000000	0.000000
-0.932031	-0.834594	-0.802822	-0.720986	0.000000	0.000000	0.000000	0.000000	0.000000	0.000000
-0.932031	-0.834594	-0.802567	-0.721532	0.000000	0.000000	0.000000	0.000000	0.000000	0.000000
-0.932032	-0.834594	-0.802594	-0.720988	0.000000	0.000000	0.000000	0.000000	0.000000	0.000000
-0.932032	-0.834594	-0.801638	-0.683068	0.000000	0.000000	0.000000	0.000000	0.000000	0.000000
-0.932032	-0.834594	-0.802507	-0.719027	0.000000	0.000000	0.000000	0.000000	0.000000	0.000000
-0.932031	-0.834594	-0.802582	-0.721527	0.000000	0.000000	0.000000	0.000000	0.000000	0.000000
-0.932031	-0.834594	-0.802249	-0.721139	0.000000	0.000000	0.000000	0.000000	0.000000	0.000000
-0.932031	-0.834594	-0.802502	-0.720455	0.000000	0.000000	0.000000	0.000000	0.000000	0.000000
-0.932031	-0.834594	-0.800640	-0.392444	0.000000	0.000000	0.000000	0.000000	0.000000	0.000000
-0.932031	-0.834594	-0.800570	-0.720147	0.000000	0.000000	0.000000	0.000000	0.000000	0.000000
-0.932031	-0.834594	-0.802492	-0.714517	0.000000	0.000000	0.000000	0.000000	0.000000	0.000000
-0.932031	-0.834594	-0.802346	-0.424902	0.000000	0.000000	0.000000	0.000000	0.000000	0.000000
-0.932031	-0.834594	-0.802363	-0.721365	0.000000	0.000000	0.000000	0.000000	0.000000	0.000000
-0.932031	-0.834594	-0.802437	-0.721526	0.000000	0.000000	0.000000	0.000000	0.000000	0.000000
-0.932031	-0.834594	-0.802416	-0.721113	0.000000	0.000000	0.000000	0.000000	0.000000	0.000000
-0.932031	-0.834594	-0.802088	-0.718970	0.000000	0.000000	0.000000	0.000000	0.000000	0.000000
-0.932031	-0.834594	-0.802251	-0.721532	0.000000	0.000000	0.000000	0.000000	0.000000	0.000000
-0.932031	-0.834594	-0.802300	-0.721513	0.000000	0.000000	0.000000	0.000000	0.000000	0.000000
-0.932031	-0.834594	-0.802814	-0.721438	0.000000	0.000000	0.000000	0.000000	0.000000	0.000000
-0.932031	-0.834594	-0.802558	-0.352906	0.000000	0.000000	0.000000	0.000000	0.000000	0.000000
-0.932031	-0.834594	-0.802227	-0.719065	0.000000	0.000000	0.000000	0.000000	0.000000	0.000000
-0.932031	-0.834594	-0.782032	-0.709788	0.000000	0.000000	0.000000	0.000000	0.000000	0.000000
-0.932031	-0.834594	-0.802261	-0.721493	0.000000	0.000000	0.000000	0.000000	0.000000	0.000000
-0.932031	-0.834594	-0.801169	-0.718993	0.000000	0.000000	0.000000	0.000000	0.000000	0.000000
-0.932031	-0.834594	-0.768599	-0.721493	0.000000	0.000000	0.000000	0.000000	0.000000	0.000000
-0.932031	-0.834594	-0.801444	-0.721494	0.000000	0.000000	0.000000	0.000000	0.000000	0.000000
-0.932031	-0.834594	-0.802107	-0.721531	0.000000	0.000000	0.000000	0.000000	0.000000	0.000000
-0.932032	-0.834594	-0.802926	-0.721397	0.000000	0.000000	0.000000	0.000000	0.000000	0.000000
-0.932031	-0.834594	-0.802433	-0.721529	0.000000	0.000000	0.000000	0.000000	0.000000	0.000000
-0.932031	-0.834594	-0.802267	-0.721533	0.000000	0.000000	0.000000	0.000000	0.000000	0.000000
-0.932031	-0.834594	-0.802368	-0.721279	0.000000	0.000000	0.000000	0.000000	0.000000	0.000000
-0.932031	-0.834594	-0.801897	-0.721128	0.000000	0.000000	0.000000	0.000000	0.000000	0.000000
-0.932031	-0.834594	-0.802521	-0.721441	0.000000	0.000000	0.000000	0.000000	0.000000	0.000000
-0.932031	-0.834594	-0.786964	-0.721518	0.000000	0.000000	0.000000	0.000000	0.000000	0.000000
-0.932031	-0.834594	-0.801834	-0.703303	0.000000	0.000000	0.000000	0.000000	0.000000	0.000000
-0.932032	-0.834594	-0.802606	-0.715161	0.000000	0.000000	0.000000	0.000000	0.000000	0.000000
-0.932031	-0.834594	-0.802809	-0.690719	0.000000	0.000000	0.000000	0.000000	0.000000	0.000000
-0.932031	-0.834594	-0.802492	-0.721525	0.000000	0.000000	0.000000	0.000000	0.000000	0.000000
-0.932031	-0.834594	-0.517540	-0.721378	0.000000	0.000000	0.000000	0.000000	0.000000	0.000000
-0.932031	-0.834594	-0.800717	-0.720740	0.000000	0.000000	0.000000	0.000000	0.000000	0.000000
-0.932032	-0.834594	-0.649868	-0.721513	0.000000	0.000000	0.000000	0.000000	0.000000	0.000000
-0.932031	-0.834594	-0.802397	-0.721533	0.000000	0.000000	0.000000	0.000000	0.000000	0.000000
-0.932031	-0.834594	-0.785380	-0.668207	0.000000	0.000000	0.000000	0.000000	0.000000	0.000000
-0.932031	-0.834594	-0.801828	-0.720936	0.000000	0.000000	0.000000	0.000000	0.000000	0.000000
-0.932031	-0.834594	-0.802333	-0.673408	0.000000	0.000000	0.000000	0.000000	0.000000	0.000000
-0.932031	-0.834594	-0.802466	-0.721379	0.000000	0.000000	0.000000	0.000000	0.000000	0.000000
-0.932031	-0.834594	-0.802584	-0.721338	0.000000	0.000000	0.000000	0.000000	0.000000	0.000000
-0.932031	-0.834594	-0.802673	-0.681917	0.000000	0.000000	0.000000	0.000000	0.000000	0.000000
-0.932031	-0.834594	-0.802656	-0.716419	0.000000	0.000000	0.000000	0.000000	0.000000	0.000000
-0.932031	-0.834594	-0.802672	-0.393973	0.000000	0.000000	0.000000	0.000000	0.000000	0.000000
-0.932031	-0.834594	-0.802588	-0.166233	0.000000	0.000000	0.000000	0.000000	0.000000	0.000000
-0.932031	-0.834594	-0.802878	-0.714654	0.000000	0.000000	0.000000	0.000000	0.000000	0.000000
-0.932031	-0.834594	-0.801490	-0.721526	0.000000	0.000000	0.000000	0.000000	0.000000	0.000000
-0.932031	-0.834594	-0.802586	-0.721503	0.000000	0.000000	0.000000	0.000000	0.000000	0.000000
-0.932031	-0.834594	-0.802829	-0.720645	0.000000	0.000000	0.000000	0.000000	0.000000	0.000000
-0.932031	-0.834594	-0.802604	-0.721473	0.000000	0.000000	0.000000	0.000000	0.000000	0.000000
-0.932031	-0.834594	-0.802057	-0.720081	0.000000	0.000000	0.000000	0.000000	0.000000	0.000000
-0.932031	-0.834594	-0.802815	-0.721489	0.000000	0.000000	0.000000	0.000000	0.000000	0.000000
-0.932031	-0.834594	-0.799722	-0.720578	0.000000	0.000000	0.000000	0.000000	0.000000	0.000000
-0.932032	-0.834594	-0.802206	-0.699692	0.000000	0.000000	0.000000	0.000000	0.000000	0.000000
-0.932031	-0.834594	-0.803030	-0.721163	0.000000	0.000000	0.000000	0.000000	0.000000	0.000000
-0.932031	-0.834594	-0.802475	-0.721286	0.000000	0.000000	0.000000	0.000000	0.000000	0.000000
-0.932031	-0.834594	-0.802051	-0.714745	0.000000	0.000000	0.000000	0.000000	0.000000	0.000000
-0.932031	-0.834594	-0.802515	-0.721393	0.000000	0.000000	0.000000	0.000000	0.000000	0.000000
-0.932031	-0.834594	-0.802696	-0.715455	0.000000	0.000000	0.000000	0.000000	0.000000	0.000000
-0.932031	-0.834594	-0.802526	-0.720491	0.000000	0.000000	0.000000	0.000000	0.000000	0.000000
-0.932031	-0.834594	-0.802183	-0.684511	0.000000	0.000000	0.000000	0.000000	0.000000	0.000000
-0.932031	-0.834594	-0.802332	-0.719995	0.000000	0.000000	0.000000	0.000000	0.000000	0.000000
-0.932031	-0.834594	-0.802531	-0.721039	0.000000	0.000000	0.000000	0.000000	0.000000	0.000000
-0.932031	-0.834594	-0.802498	-0.721043	0.000000	0.000000	0.000000	0.000000	0.000000	0.000000
-0.932031	-0.834594	-0.802614	-0.721440	0.000000	0.000000	0.000000	0.000000	0.000000	0.000000
-0.932031	-0.834594	-0.802877	-0.063917	0.000000	0.000000	0.000000	0.000000	0.000000	0.000000
-0.932031	-0.834594	-0.802191	-0.721528	0.000000	0.000000	0.000000	0.000000	0.000000	0.000000
-0.932031	-0.834594	-0.802285	-0.716197	0.000000	0.000000	0.000000	0.000000	0.000000	0.000000
-0.932031	-0.834594	-0.802499	-0.720027	0.000000	0.000000	0.000000	0.000000	0.000000	0.000000
-0.932031	-0.834594	-0.802577	-0.713549	0.000000	0.000000	0.000000	0.000000	0.000000	0.000000
-0.932031	-0.834594	-0.801460	-0.720893	0.000000	0.000000	0.000000	0.000000	0.000000	0.000000
-0.932031	-0.834594	-0.695000	-0.721400	0.000000	0.000000	0.000000	0.000000	0.000000	0.000000
-0.932031	-0.834594	-0.802376	-0.721332	0.000000	0.000000	0.000000	0.000000	0.000000	0.000000
-0.932031	-0.834594	-0.795446	-0.582034	0.000000	0.000000	0.000000	0.000000	0.000000	0.000000
-0.932032	-0.834594	-0.803020	-0.665351	0.000000	0.000000	0.000000	0.000000	0.000000	0.000000
-0.932031	-0.834594	-0.802046	-0.554540	0.000000	0.000000	0.000000	0.000000	0.000000	0.000000
-0.932031	-0.834594	-0.799743	-0.705231	0.000000	0.000000	0.000000	0.000000	0.000000	0.000000
-0.932031	-0.834594	-0.802035	-0.721390	0.000000	0.000000	0.000000	0.000000	0.000000	0.000000
-0.932031	-0.834594	-0.798423	-0.721118	0.000000	0.000000	0.000000	0.000000	0.000000	0.000000
-0.932031	-0.834594	-0.801925	-0.721296	0.000000	0.000000	0.000000	0.000000	0.000000	0.000000
-0.932031	-0.834594	-0.802607	-0.715086	0.000000	0.000000	0.000000	0.000000	0.000000	0.000000
-0.932031	-0.834593	-0.802541	-0.717787	0.000000	0.000000	0.000000	0.000000	0.000000	0.000000
-0.932032	-0.834594	-0.802260	-0.721382	0.000000	0.000000	0.000000	0.000000	0.000000	0.000000
-0.932032	-0.834594	-0.802421	-0.721516	0.000000	0.000000	0.000000	0.000000	0.000000	0.000000
-0.932031	-0.834594	-0.801403	-0.719428	0.000000	0.000000	0.000000	0.000000	0.000000	0.000000
-0.932032	-0.834594	-0.801926	-0.719942	0.000000	0.000000	0.000000	0.000000	0.000000	0.000000
-0.932031	-0.834594	-0.780017	-0.712175	0.000000	0.000000	0.000000	0.000000	0.000000	0.000000
-0.932031	-0.834594	-0.802410	-0.720068	0.000000	0.000000	0.000000	0.000000	0.000000	0.000000
-0.932031	-0.834594	-0.802410	-0.720334	0.000000	0.000000	0.000000	0.000000	0.000000	0.000000
-0.932031	-0.834594	-0.802436	-0.708634	0.000000	0.000000	0.000000	0.000000	0.000000	0.000000
-0.932031	-0.834594	-0.802730	-0.721351	0.000000	0.000000	0.000000	0.000000	0.000000	0.000000
-0.932031	-0.834594	-0.802323	-0.721517	0.000000	0.000000	0.000000	0.000000	0.000000	0.000000
-0.932031	-0.834594	-0.799217	-0.721523	0.000000	0.000000	0.000000	0.000000	0.000000	0.000000
-0.932032	-0.834594	-0.802273	-0.721532	0.000000	0.000000	0.000000	0.000000	0.000000	0.000000
-0.932031	-0.834594	-0.769667	-0.718661	0.000000	0.000000	0.000000	0.000000	0.000000	0.000000
-0.932031	-0.834594	-0.746562	-0.703074	0.000000	0.000000	0.000000	0.000000	0.000000	0.000000
-0.932032	-0.834594	-0.802577	-0.721507	0.000000	0.000000	0.000000	0.000000	0.000000	0.000000
-0.932031	-0.834594	-0.802462	-0.721533	0.000000	0.000000	0.000000	0.000000	0.000000	0.000000
-0.932031	-0.834594	-0.798960	-0.721251	0.000000	0.000000	0.000000	0.000000	0.000000	0.000000
-0.932031	-0.834594	-0.802646	-0.721532	0.000000	0.000000	0.000000	0.000000	0.000000	0.000000
-0.932031	-0.834594	-0.802767	-0.721533	0.000000	0.000000	0.000000	0.000000	0.000000	0.000000
-0.932031	-0.834594	-0.802191	-0.721100	0.000000	0.000000	0.000000	0.000000	0.000000	0.000000
-0.932031	-0.834594	-0.802286	-0.721287	0.000000	0.000000	0.000000	0.000000	0.000000	0.000000
-0.932031	-0.834594	-0.802478	-0.721511	0.000000	0.000000	0.000000	0.000000	0.000000	0.000000
-0.932031	-0.834594	-0.801970	-0.721461	0.000000	0.000000	0.000000	0.000000	0.000000	0.000000
-0.932031	-0.834594	-0.802389	-0.721211	0.000000	0.000000	0.000000	0.000000	0.000000	0.000000
-0.932031	-0.834594	-0.802548	-0.721500	0.000000	0.000000	0.000000	0.000000	0.000000	0.000000
-0.932031	-0.834594	-0.802018	-0.720520	0.000000	0.000000	0.000000	0.000000	0.000000	0.000000
-0.932031	-0.834594	-0.796320	-0.721204	0.000000	0.000000	0.000000	0.000000	0.000000	0.000000
-0.932031	-0.834594	-0.802952	-0.721501	0.000000	0.000000	0.000000	0.000000	0.000000	0.000000
-0.932031	-0.834594	-0.802185	-0.710481	0.000000	0.000000	0.000000	0.000000	0.000000	0.000000
-0.932031	-0.834594	-0.802236	-0.720869	0.000000	0.000000	0.000000	0.000000	0.000000	0.000000
-0.932031	-0.834594	-0.802491	-0.721025	0.000000	0.000000	0.000000	0.000000	0.000000	0.000000
-0.932031	-0.834594	-0.781062	-0.718963	0.000000	0.000000	0.000000	0.000000	0.000000	0.000000
-0.932031	-0.834583	-0.802234	-0.714843	0.000000	0.000000	0.000000	0.000000	0.000000	0.000000
-0.932031	-0.834594	-0.802808	-0.715269	0.000000	0.000000	0.000000	0.000000	0.000000	0.000000
-0.932031	-0.834594	-0.802595	-0.721382	0.000000	0.000000	0.000000	0.000000	0.000000	0.000000
-0.932031	-0.834594	-0.802080	-0.718794	0.000000	0.000000	0.000000	0.000000	0.000000	0.000000
-0.932031	-0.834594	-0.802440	-0.721026	0.000000	0.000000	0.000000	0.000000	0.000000	0.000000
-0.932031	-0.834594	-0.802041	-0.721274	0.000000	0.000000	0.000000	0.000000	0.000000	0.000000
-0.932031	-0.834594	-0.802698	-0.720807	0.000000	0.000000	0.000000	0.000000	0.000000	0.000000
-0.932031	-0.834594	-0.802788	-0.721533	0.000000	0.000000	0.000000	0.000000	0.000000	0.000000
-0.932031	-0.834594	-0.802813	-0.721511	0.000000	0.000000	0.000000	0.000000	0.000000	0.000000
-0.932031	-0.834594	-0.802422	-0.716438	0.000000	0.000000	0.000000	0.000000	0.000000	0.000000
-0.932031	-0.834594	-0.802592	-0.721533	0.000000	0.000000	0.000000	0.000000	0.000000	0.000000
-0.932031	-0.834594	-0.802616	-0.719009	0.000000	0.000000	0.000000	0.000000	0.000000	0.000000
-0.932031	-0.834594	-0.802404	-0.721530	0.000000	0.000000	0.000000	0.000000	0.000000	0.000000
-0.932032	-0.834594	-0.802555	-0.721408	0.000000	0.000000	0.000000	0.000000	0.000000	0.000000
-0.932031	-0.834594	-0.561440	-0.714493	0.000000	0.000000	0.000000	0.000000	0.000000	0.000000
-0.932031	-0.834594	-0.802337	-0.721500	0.000000	0.000000	0.000000	0.000000	0.000000	0.000000
-0.932031	-0.834594	-0.802114	-0.719873	0.000000	0.000000	0.000000	0.000000	0.000000	0.000000
-0.932031	-0.834594	-0.802404	-0.717809	0.000000	0.000000	0.000000	0.000000	0.000000	0.000000
-0.932031	-0.834594	-0.802404	-0.721460	0.000000	0.000000	0.000000	0.000000	0.000000	0.000000
-0.932031	-0.834594	-0.802592	-0.720002	0.000000	0.000000	0.000000	0.000000	0.000000	0.000000
-0.932031	-0.834594	-0.798957	-0.657480	0.000000	0.000000	0.000000	0.000000	0.000000	0.000000
-0.932031	-0.834594	-0.802469	-0.714235	0.000000	0.000000	0.000000	0.000000	0.000000	0.000000
-0.932031	-0.834594	-0.802098	-0.716892	0.000000	0.000000	0.000000	0.000000	0.000000	0.000000
-0.932031	-0.834594	-0.802402	-0.721509	0.000000	0.000000	0.000000	0.000000	0.000000	0.000000
-0.932031	-0.834594	-0.801997	-0.720621	0.000000	0.000000	0.000000	0.000000	0.000000	0.000000
-0.932031	-0.834593	-0.802124	-0.721385	0.000000	0.000000	0.000000	0.000000	0.000000	0.000000
-0.932032	-0.834594	-0.798620	-0.716268	0.000000	0.000000	0.000000	0.000000	0.000000	0.000000
-0.932031	-0.834594	-0.801769	-0.721519	0.000000	0.000000	0.000000	0.000000	0.000000	0.000000
-0.932031	-0.834594	-0.802605	-0.721529	0.000000	0.000000	0.000000	0.000000	0.000000	0.000000
-0.932032	-0.834594	-0.802587	-0.721471	0.000000	0.000000	0.000000	0.000000	0.000000	0.000000
-0.932031	-0.834594	-0.801385	-0.721111	0.000000	0.000000	0.000000	0.000000	0.000000	0.000000
-0.932031	-0.834594	-0.802410	-0.634622	0.000000	0.000000	0.000000	0.000000	0.000000	0.000000
-0.932031	-0.834594	-0.802343	-0.653084	0.000000	0.000000	0.000000	0.000000	0.000000	0.000000
-0.932031	-0.834594	-0.802659	-0.495184	0.000000	0.000000	0.000000	0.000000	0.000000	0.000000
-0.932031	-0.834594	-0.802264	-0.684210	0.000000	0.000000	0.000000	0.000000	0.000000	0.000000
-0.932031	-0.834594	-0.799909	-0.721354	0.000000	0.000000	0.000000	0.000000	0.000000	0.000000
-0.932031	-0.834594	-0.773661	-0.716437	0.000000	0.000000	0.000000	0.000000	0.000000	0.000000
-0.932031	-0.834594	-0.802528	-0.404700	0.000000	0.000000	0.000000	0.000000	0.000000	0.000000
-0.932031	-0.834594	-0.802399	-0.721474	0.000000	0.000000	0.000000	0.000000	0.000000	0.000000
-0.932031	-0.834594	-0.802820	-0.721458	0.000000	0.000000	0.000000	0.000000	0.000000	0.000000
-0.932031	-0.834594	-0.792504	-0.720577	0.000000	0.000000	0.000000	0.000000	0.000000	0.000000
-0.932031	-0.834594	-0.802275	-0.719253	0.000000	0.000000	0.000000	0.000000	0.000000	0.000000
-0.932031	-0.834594	-0.802299	-0.721530	0.000000	0.000000	0.000000	0.000000	0.000000	0.000000
-0.932031	-0.834594	-0.802287	-0.720239	0.000000	0.000000	0.000000	0.000000	0.000000	0.000000
-0.932031	-0.834594	-0.802327	-0.721422	0.000000	0.000000	0.000000	0.000000	0.000000	0.000000
-0.932031	-0.834594	-0.663962	-0.714011	0.000000	0.000000	0.000000	0.000000	0.000000	0.000000
-0.932031	-0.834594	-0.802620	-0.721330	0.000000	0.000000	0.000000	0.000000	0.000000	0.000000
-0.932031	-0.834594	-0.802557	-0.714670	0.000000	0.000000	0.000000	0.000000	0.000000	0.000000
-0.932031	-0.834594	-0.802465	-0.721502	0.000000	0.000000	0.000000	0.000000	0.000000	0.000000
-0.932031	-0.834594	-0.802303	-0.721324	0.000000	0.000000	0.000000	0.000000	0.000000	0.000000
-0.932031	-0.834594	-0.802187	-0.721504	0.000000	0.000000	0.000000	0.000000	0.000000	0.000000
-0.932031	-0.834594	-0.802404	-0.719350	0.000000	0.000000	0.000000	0.000000	0.000000	0.000000
-0.932031	-0.834589	-0.802833	-0.721439	0.000000	0.000000	0.000000	0.000000	0.000000	0.000000
-0.932031	-0.834594	-0.802762	-0.718214	0.000000	0.000000	0.000000	0.000000	0.000000	0.000000
-0.932031	-0.834594	-0.801811	-0.721325	0.000000	0.000000	0.000000	0.000000	0.000000	0.000000
-0.932031	-0.834594	-0.802480	-0.721349	0.000000	0.000000	0.000000	0.000000	0.000000	0.000000
-0.932031	-0.834594	-0.798830	-0.719927	0.000000	0.000000	0.000000	0.000000	0.000000	0.000000
-0.932031	-0.834594	-0.801454	-0.721325	0.000000	0.000000	0.000000	0.000000	0.000000	0.000000
-0.932031	-0.834594	-0.802257	-0.704469	0.000000	0.000000	0.000000	0.000000	0.000000	0.000000
-0.932032	-0.834594	-0.802524	-0.713204	0.000000	0.000000	0.000000	0.000000	0.000000	0.000000
-0.932032	-0.834594	-0.799375	-0.721528	0.000000	0.000000	0.000000	0.000000	0.000000	0.000000
-0.932031	-0.834594	-0.801944	-0.720170	0.000000	0.000000	0.000000	0.000000	0.000000	0.000000
-0.932031	-0.834594	-0.802439	-0.719960	0.000000	0.000000	0.000000	0.000000	0.000000	0.000000
-0.932031	-0.834594	-0.802713	-0.721139	0.000000	0.000000	0.000000	0.000000	0.000000	0.000000
-0.932031	-0.834594	-0.801961	-0.721416	0.000000	0.000000	0.000000	0.000000	0.000000	0.000000
-0.932031	-0.834594	-0.802610	-0.720932	0.000000	0.000000	0.000000	0.000000	0.000000	0.000000
-0.932031	-0.834594	-0.802804	-0.721344	0.000000	0.000000	0.000000	0.000000	0.000000	0.000000
-0.932031	-0.834594	-0.802090	-0.718965	0.000000	0.000000	0.000000	0.000000	0.000000	0.000000
