-0.948960	-0.858224	-0.818700	-0.000000	0.000000	0.000000	0.000000	0.000000	0.000000	0.000000
-0.948961	-0.858224	-0.819246	0.000000	0.000000	0.000000	0.000000	0.000000	0.000000	0.000000
-0.948960	-0.858224	-0.819166	0.000000	0.000000	0.000000	0.000000	0.000000	0.000000	0.000000
-0.948960	-0.858224	-0.768727	0.000001	0.000000	0.000000	0.000000	0.000000	0.000000	0.000000
-0.948960	-0.858224	-0.819302	0.000000	0.000000	0.000000	0.000000	0.000000	0.000000	0.000000
-0.948960	-0.858224	-0.819219	-0.000000	0.000000	0.000000	0.000000	0.000000	0.000000	0.000000
-0.948960	-0.858224	-0.818933	0.000000	0.000000	0.000000	0.000000	0.000000	0.000000	0.000000
-0.948960	-0.858224	-0.819194	0.000001	0.000000	0.000000	0.000000	0.000000	0.000000	0.000000
-0.948960	-0.858224	-0.819267	-0.000000	0.000000	0.000000	0.000000	0.000000	0.000000	0.000000
-0.948960	-0.858224	-0.817850	0.000000	0.000000	0.000000	0.000000	0.000000	0.000000	0.000000
-0.948960	-0.858224	-0.818930	0.000000	0.000000	0.000000	0.000000	0.000000	0.000000	0.000000
-0.948960	-0.858224	-0.819409	0.000000	0.000000	0.000000	0.000000	0.000000	0.000000	0.000000
-0.948960	-0.858224	-0.819192	0.000000	0.000000	0.000000	0.000000	0.000000	0.000000	0.000000
-0.948960	-0.858224	-0.819233	0.000000	0.000000	0.000000	0.000000	0.000000	0.000000	0.000000
-0.948960	-0.858224	-0.819156	0.000000	0.000000	0.000000	0.000000	0.000000	0.000000	0.000000
-0.948960	-0.858224	-0.819187	0.003815	0.000000	0.000000	0.000000	0.000000	0.000000	0.000000
-0.948960	-0.858224	-0.819016	0.000001	0.000000	0.000000	0.000000	0.000000	0.000000	0.000000
-0.948960	-0.858224	-0.819161	0.000000	0.000000	0.000000	0.000000	0.000000	0.000000	0.000000
-0.948960	-0.858224	-0.819127	0.000000	0.000000	0.000000	0.000000	0.000000	0.000000	0.000000
-0.948960	-0.858224	-0.819502	0.000000	0.000000	0.000000	0.000000	0.000000	0.000000	0.000000
-0.948960	-0.858224	-0.819386	-0.000000	0.000000	0.000000	0.000000	0.000000	0.000000	0.000000
-0.948960	-0.858224	-0.819199	0.000000	0.000000	0.000000	0.000000	0.000000	0.000000	0.000000
-0.948960	-0.858224	-0.758808	0.000000	0.000000	0.000000	0.000000	0.000000	0.000000	0.000000
-0.948960	-0.858224	-0.818959	0.000000	0.000000	0.000000	0.000000	0.000000	0.000000	0.000000
-0.948960	-0.858224	-0.819205	0.000000	0.000000	0.000000	0.000000	0.000000	0.000000	0.000000
-0.948960	-0.858224	-0.819293	-0.000000	0.000000	0.000000	0.000000	0.000000	0.000000	0.000000
-0.948961	-0.858224	-0.819471	-0.000000	0.000000	0.000000	0.000000	0.000000	0.000000	0.000000
-0.948960	-0.858224	-0.819005	0.000000	0.000000	0.000000	0.000000	0.000000	0.000000	0.000000
-0.948960	-0.858224	-0.819423	0.000000	0.000000	0.000000	0.000000	0.000000	0.000000	0.000000
-0.948960	-0.858224	-0.819321	0.000042	0.000000	0.000000	0.000000	0.000000	0.000000	0.000000
-0.948961	-0.858224	-0.819423	-0.000000	0.000000	0.000000	0.000000	0.000000	0.000000	0.000000
-0.948960	-0.858224	-0.819340	0.000000	0.000000	0.000000	0.000000	0.000000	0.000000	0.000000
-0.948961	-0.858224	-0.819069	-0.000000	0.000000	0.000000	0.000000	0.000000	0.000000	0.000000
-0.948961	-0.858215	-0.819190	0.000000	0.000000	0.000000	0.000000	0.000000	0.000000	0.000000
-0.948960	-0.858224	-0.819072	0.000000	0.000000	0.000000	0.000000	0.000000	0.000000	0.000000
-0.948960	-0.858224	-0.819629	0.000000	0.000000	0.000000	0.000000	0.000000	0.000000	0.000000
-0.948960	-0.858224	-0.819296	0.000000	0.000000	0.000000	0.000000	0.000000	0.000000	0.000000
-0.948960	-0.858224	-0.819389	0.000076	0.000000	0.000000	0.000000	0.000000	0.000000	0.000000
-0.948960	-0.858224	-0.819130	0.000000	0.000000	0.000000	0.000000	0.000000	0.000000	0.000000
-0.948960	-0.858224	-0.817650	0.000000	0.000000	0.000000	0.000000	0.000000	0.000000	0.000000
-0.948961	-0.858224	-0.819214	-0.000000	0.000000	0.000000	0.000000	0.000000	0.000000	0.000000
-0.948960	-0.858224	-0.818971	0.000000	0.000000	0.000000	0.000000	0.000000	0.000000	0.000000
-0.948960	-0.858224	-0.819439	0.000000	0.000000	0.000000	0.000000	0.000000	0.000000	0.000000
-0.948960	-0.858223	-0.819204	0.000003	0.000000	0.000000	0.000000	0.000000	0.000000	0.000000
-0.948960	-0.858224	-0.817400	0.000000	0.000000	0.000000	0.000000	0.000000	0.000000	0.000000
-0.948960	-0.858224	-0.819485	0.000000	0.000000	0.000000	0.000000	0.000000	0.000000	0.000000
-0.948961	-0.858224	-0.819264	-0.000000	0.000000	0.000000	0.000000	0.000000	0.000000	0.000000
-0.948960	-0.858224	-0.818982	0.000000	0.000000	0.000000	0.000000	0.000000	0.000000	0.000000
-0.948960	-0.858224	-0.819179	0.000001	0.000000	0.000000	0.000000	0.000000	0.000000	0.000000
-0.948961	-0.858224	-0.819026	0.000000	0.000000	0.000000	0.000000	0.000000	0.000000	0.000000
-0.948961	-0.858224	-0.819272	0.000000	0.000000	0.000000	0.000000	0.000000	0.000000	0.000000
-0.948960	-0.858223	-0.818798	0.000000	0.000000	0.000000	0.000000	0.000000	0.000000	0.000000
-0.948960	-0.858224	-0.819230	0.000000	0.000000	0.000000	0.000000	0.000000	0.000000	0.000000
-0.948960	-0.858224	-0.816909	0.000000	0.000000	0.000000	0.000000	0.000000	0.000000	0.000000
-0.948960	-0.858223	-0.819228	0.000000	0.000000	0.000000	0.000000	0.000000	0.000000	0.000000
-0.948960	-0.858224	-0.819024	-0.000000	0.000000	0.000000	0.000000	0.000000	0.000000	0.000000
-0.948960	-0.858224	-0.819220	0.000000	0.000000	0.000000	0.000000	0.000000	0.000000	0.000000
-0.948961	-0.858224	-0.819108	-0.000000	0.000000	0.000000	0.000000	0.000000	0.000000	0.000000
-0.948960	-0.858224	-0.819228	0.000000	0.000000	0.000000	0.000000	0.000000	0.000000	0.000000
-0.948961	-0.858222	-0.819324	-0.000000	0.000000	0.000000	0.000000	0.000000	0.000000	0.000000
-0.948961	-0.858224	-0.819337	0.000000	0.000000	0.000000	0.000000	0.000000	0.000000	0.000000
-0.948961	-0.858224	-0.819152	-0.000000	0.000000	0.000000	0.000000	0.000000	0.000000	0.000000
-0.948960	-0.858221	-0.818923	-0.000000	0.000000	0.000000	0.000000	0.000000	0.000000	0.000000
-0.948960	-0.858224	-0.819524	0.000000	0.000000	0.000000	0.000000	0.000000	0.000000	0.000000
-0.948961	-0.858224	-0.819048	0.000000	0.000000	0.000000	0.000000	0.000000	0.000000	0.000000
-0.948960	-0.858224	-0.818796	0.000000	0.000000	0.000000	0.000000	0.000000	0.000000	0.000000
-0.948960	-0.858224	-0.819206	0.000174	0.000000	0.000000	0.000000	0.000000	0.000000	0.000000
-0.948960	-0.857972	-0.819203	0.000000	0.000000	0.000000	0.000000	0.000000	0.000000	0.000000
-0.948960	-0.858224	-0.818915	0.000000	0.000000	0.000000	0.000000	0.000000	0.000000	0.000000
-0.948960	-0.858224	-0.818889	0.000000	0.000000	0.000000	0.000000	0.000000	0.000000	0.000000
-0.948960	-0.858224	-0.819534	0.000000	0.000000	0.000000	0.000000	0.000000	0.000000	0.000000
-0.948960	-0.858224	-0.819220	0.000000	0.000000	0.000000	0.000000	0.000000	0.000000	0.000000
-0.948961	-0.858224	-0.818694	0.000008	0.000000	0.000000	0.000000	0.000000	0.000000	0.000000
-0.948960	-0.858224	-0.818980	0.000000	0.000000	0.000000	0.000000	0.000000	0.000000	0.000000
-0.948960	-0.858224	-0.819108	-0.000000	0.000000	0.000000	0.000000	0.000000	0.000000	0.000000
-0.948960	-0.858223	-0.819054	0.000000	0.000000	0.000000	0.000000	0.000000	0.000000	0.000000
-0.948960	-0.858224	-0.819251	0.000000	0.000000	0.000000	0.000000	0.000000	0.000000	0.000000
-0.948960	-0.858224	-0.818398	0.000000	0.000000	0.000000	0.000000	0.000000	0.000000	0.000000
-0.948961	-0.858224	-0.819080	0.000002	0.000000	0.000000	0.000000	0.000000	0.000000	0.000000
-0.948960	-0.858224	-0.819467	0.000001	0.000000	0.000000	0.000000	0.000000	0.000000	0.000000
-0.948960	-0.858224	-0.819075	0.000008	0.000000	0.000000	0.000000	0.000000	0.000000	0.000000
-0.948960	-0.858224	-0.818864	0.000000	0.000000	0.000000	0.000000	0.000000	0.000000	0.000000
-0.948960	-0.858224	-0.819004	0.000110	0.000000	0.000000	0.000000	0.000000	0.000000	0.000000
-0.948961	-0.858224	-0.819360	0.000000	0.000000	0.000000	0.000000	0.000000	0.000000	0.000000
-0.948960	-0.858224	-0.819524	0.000000	0.000000	0.000000	0.000000	0.000000	0.000000	0.000000
-0.948961	-0.858224	-0.818727	0.000000	0.000000	0.000000	0.000000	0.000000	0.000000	0.000000
-0.948961	-0.858224	-0.819043	0.000000	0.000000	0.000000	0.000000	0.000000	0.000000	0.000000
-0.948960	-0.858224	-0.818860	0.000000	0.000000	0.000000	0.000000	0.000000	0.000000	0.000000
-0.948960	-0.858224	-0.818941	0.000000	0.000000	0.000000	0.000000	0.000000	0.000000	0.000000
-0.948960	-0.858224	-0.819137	0.000000	0.000000	0.000000	0.000000	0.000000	0.000000	0.000000
-0.948960	-0.858224	-0.819418	0.000000	0.000000	0.000000	0.000000	0.000000	0.000000	0.000000
-0.948960	-0.858224	-0.819403	0.000000	0.000000	0.000000	0.000000	0.000000	0.000000	0.000000
-0.948960	-0.858224	-0.819140	0.000000	0.000000	0.000000	0.000000	0.000000	0.000000	0.000000
-0.948960	-0.858224	-0.818666	-0.000000	0.000000	0.000000	0.000000	0.000000	0.000000	0.000000
-0.948960	-0.858223	-0.819170	0.000000	0.000000	0.000000	0.000000	0.000000	0.000000	0.000000
-0.948960	-0.858224	-0.819022	0.000000	0.000000	0.000000	0.000000	0.000000	0.000000	0.000000
-0.948961	-0.858224	-0.819203	-0.000000	0.000000	0.000000	0.000000	0.000000	0.000000	0.000000
-0.948960	-0.858224	-0.819059	0.000007	0.000000	0.000000	0.000000	0.000000	0.000000	0.000000
-0.948960	-0.858224	-0.819200	0.000004	0.000000	0.000000	0.000000	0.000000	0.000000	0.000000
-0.948960	-0.858224	-0.819280	0.000000	0.000000	0.000000	0.000000	0.000000	0.000000	0.000000
-0.948960	-0.858224	-0.819461	0.000000	0.000000	0.000000	0.000000	0.000000	0.000000	0.000000
-0.948960	-0.858224	-0.819487	-0.000000	0.000000	0.000000	0.000000	0.000000	0.000000	0.000000
-0.948961	-0.858224	-0.819299	0.000000	0.000000	0.000000	0.000000	0.000000	0.000000	0.000000
-0.948960	-0.858224	-0.819141	-0.000000	0.000000	0.000000	0.000000	0.000000	0.000000	0.000000
-0.948960	-0.858224	-0.819435	0.000000	0.000000	0.000000	0.000000	0.000000	0.000000	0.000000
-0.948960	-0.858224	-0.819320	0.000000	0.000000	0.000000	0.000000	0.000000	0.000000	0.000000
-0.948960	-0.858224	-0.819365	0.000000	0.000000	0.000000	0.000000	0.000000	0.000000	0.000000
-0.948960	-0.858224	-0.819604	-0.000000	0.000000	0.000000	0.000000	0.000000	0.000000	0.000000
-0.948960	-0.858224	-0.819207	0.000004	0.000000	0.000000	0.000000	0.000000	0.000000	0.000000
-0.948961	-0.858224	-0.819566	0.000030	0.000000	0.000000	0.000000	0.000000	0.000000	0.000000
-0.948960	-0.858224	-0.818907	0.000000	0.000000	0.000000	0.000000	0.000000	0.000000	0.000000
-0.948960	-0.858224	-0.819490	-0.000000	0.000000	0.000000	0.000000	0.000000	0.000000	0.000000
-0.948960	-0.858224	-0.818719	0.000000	0.000000	0.000000	0.000000	0.000000	0.000000	0.000000
-0.948960	-0.858224	-0.819225	0.041782	0.000000	0.000000	0.000000	0.000000	0.000000	0.000000
-0.948961	-0.858224	-0.818994	0.000000	0.000000	0.000000	0.000000	0.000000	0.000000	0.000000
-0.948961	-0.858224	-0.818904	-0.000000	0.000000	0.000000	0.000000	0.000000	0.000000	0.000000
-0.948961	-0.858224	-0.818624	0.000000	0.000000	0.000000	0.000000	0.000000	0.000000	0.000000
-0.948960	-0.858224	-0.818636	0.000000	0.000000	0.000000	0.000000	0.000000	0.000000	0.000000
-0.948960	-0.858223	-0.819514	0.000000	0.000000	0.000000	0.000000	0.000000	0.000000	0.000000
-0.948960	-0.858224	-0.819233	0.000000	0.000000	0.000000	0.000000	0.000000	0.000000	0.000000
-0.948960	-0.858223	-0.819458	0.000000	0.000000	0.000000	0.000000	0.000000	0.000000	0.000000
-0.948960	-0.858224	-0.819253	0.000000	0.000000	0.000000	0.000000	0.000000	0.000000	0.000000
-0.948960	-0.858224	-0.819134	0.000004	0.000000	0.000000	0.000000	0.000000	0.000000	0.000000
-0.948960	-0.858224	-0.819251	0.000000	0.000000	0.000000	0.000000	0.000000	0.000000	0.000000
-0.948961	-0.858224	-0.819125	0.000000	0.000000	0.000000	0.000000	0.000000	0.000000	0.000000
-0.948960	-0.858224	-0.819323	0.000000	0.000000	0.000000	0.000000	0.000000	0.000000	0.000000
-0.948960	-0.858224	-0.819114	0.000000	0.000000	0.000000	0.000000	0.000000	0.000000	0.000000
-0.948960	-0.858224	-0.819084	0.000001	0.000000	0.000000	0.000000	0.000000	0.000000	0.000000
-0.948961	-0.858224	-0.819411	-0.000000	0.000000	0.000000	0.000000	0.000000	0.000000	0.000000
-0.948960	-0.858224	-0.819336	0.000000	0.000000	0.000000	0.000000	0.000000	0.000000	0.000000
-0.948960	-0.858224	-0.819109	0.000001	0.000000	0.000000	0.000000	0.000000	0.000000	0.000000
-0.948960	-0.858224	-0.819221	0.000000	0.000000	0.000000	0.000000	0.000000	0.000000	0.000000
-0.948960	-0.858224	-0.819232	-0.000000	0.000000	0.000000	0.000000	0.000000	0.000000	0.000000
-0.948960	-0.858224	-0.819001	0.000000	0.000000	0.000000	0.000000	0.000000	0.000000	0.000000
-0.948960	-0.858224	-0.793970	0.000000	0.000000	0.000000	0.000000	0.000000	0.000000	0.000000
-0.948960	-0.858224	-0.818914	0.000000	0.000000	0.000000	0.000000	0.000000	0.000000	0.000000
-0.948960	-0.858224	-0.819553	0.000000	0.000000	0.000000	0.000000	0.000000	0.000000	0.000000
-0.948960	-0.858224	-0.818972	-0.000000	0.000000	0.000000	0.000000	0.000000	0.000000	0.000000
-0.948961	-0.858224	-0.819403	0.000000	0.000000	0.000000	0.000000	0.000000	0.000000	0.000000
-0.948961	-0.858224	-0.819348	0.000000	0.000000	0.000000	0.000000	0.000000	0.000000	0.000000
-0.948961	-0.858224	-0.819007	-0.000000	0.000000	0.000000	0.000000	0.000000	0.000000	0.000000
-0.948960	-0.858224	-0.819205	0.114941	0.000000	0.000000	0.000000	0.000000	0.000000	0.000000
-0.948960	-0.858224	-0.819215	0.000000	0.000000	0.000000	0.000000	0.000000	0.000000	0.000000
-0.948960	-0.858224	-0.818961	-0.000000	0.000000	0.000000	0.000000	0.000000	0.000000	0.000000
-0.948960	-0.858224	-0.819391	0.000000	0.000000	0.000000	0.000000	0.000000	0.000000	0.000000
-0.948961	-0.858224	-0.819341	0.000003	0.000000	0.000000	0.000000	0.000000	0.000000	0.000000
-0.948960	-0.858224	-0.818890	0.000000	0.000000	0.000000	0.000000	0.000000	0.000000	0.000000
-0.948960	-0.858224	-0.819190	0.000000	0.000000	0.000000	0.000000	0.000000	0.000000	0.000000
-0.948960	-0.858224	-0.819237	0.000000	0.000000	0.000000	0.000000	0.000000	0.000000	0.000000
-0.948960	-0.858224	-0.819485	0.000001	0.000000	0.000000	0.000000	0.000000	0.000000	0.000000
-0.948960	-0.858223	-0.819438	0.000000	0.000000	0.000000	0.000000	0.000000	0.000000	0.000000
-0.948960	-0.858224	-0.819298	0.000000	0.000000	0.000000	0.000000	0.000000	0.000000	0.000000
-0.948960	-0.858224	-0.819053	0.000000	0.000000	0.000000	0.000000	0.000000	0.000000	0.000000
-0.948960	-0.858224	-0.819524	0.000000	0.000000	0.000000	0.000000	0.000000	0.000000	0.000000
-0.948960	-0.858224	-0.818920	0.000000	0.000000	0.000000	0.000000	0.000000	0.000000	0.000000
-0.948960	-0.858224	-0.819375	0.000000	0.000000	0.000000	0.000000	0.000000	0.000000	0.000000
-0.948960	-0.858224	-0.818852	-0.000000	0.000000	0.000000	0.000000	0.000000	0.000000	0.000000
-0.948960	-0.858224	-0.819068	0.000086	0.000000	0.000000	0.000000	0.000000	0.000000	0.000000
-0.948960	-0.858224	-0.819418	-0.000000	0.000000	0.000000	0.000000	0.000000	0.000000	0.000000
-0.948961	-0.858224	-0.819297	0.000000	0.000000	0.000000	0.000000	0.000000	0.000000	0.000000
-0.948960	-0.858224	-0.819289	0.000000	0.000000	0.000000	0.000000	0.000000	0.000000	0.000000
-0.948960	-0.858224	-0.819351	0.000000	0.000000	0.000000	0.000000	0.000000	0.000000	0.000000
-0.948960	-0.858224	-0.819088	0.000001	0.000000	0.000000	0.000000	0.000000	0.000000	0.000000
-0.948960	-0.858224	-0.818939	0.000000	0.000000	0.000000	0.000000	0.000000	0.000000	0.000000
-0.948961	-0.858224	-0.819386	-0.000000	0.000000	0.000000	0.000000	0.000000	0.000000	0.000000
-0.948960	-0.858224	-0.819585	0.000000	0.000000	0.000000	0.000000	0.000000	0.000000	0.000000
-0.948961	-0.858224	-0.819189	0.000000	0.000000	0.000000	0.000000	0.000000	0.000000	0.000000
-0.948961	-0.858224	-0.819271	0.000000	0.000000	0.000000	0.000000	0.000000	0.000000	0.000000
-0.948960	-0.858224	-0.819112	-0.000000	0.000000	0.000000	0.000000	0.000000	0.000000	0.000000
-0.948960	-0.858224	-0.819014	0.000000	0.000000	0.000000	0.000000	0.000000	0.000000	0.000000
-0.948960	-0.858223	-0.818886	0.000000	0.000000	0.000000	0.000000	0.000000	0.000000	0.000000
-0.948960	-0.858224	-0.816796	0.000000	0.000000	0.000000	0.000000	0.000000	0.000000	0.000000
-0.948960	-0.858224	-0.818987	-0.000000	0.000000	0.000000	0.000000	0.000000	0.000000	0.000000
-0.948961	-0.858224	-0.819237	0.000000	0.000000	0.000000	0.000000	0.000000	0.000000	0.000000
-0.948960	-0.858224	-0.819672	0.000000	0.000000	0.000000	0.000000	0.000000	0.000000	0.000000
-0.948961	-0.858224	-0.819238	0.000000	0.000000	0.000000	0.000000	0.000000	0.000000	0.000000
-0.948960	-0.858224	-0.819070	0.000000	0.000000	0.000000	0.000000	0.000000	0.000000	0.000000
-0.948961	-0.858224	-0.819058	0.000001	0.000000	0.000000	0.000000	0.000000	0.000000	0.000000
-0.948960	-0.858224	-0.819343	-0.000000	0.000000	0.000000	0.000000	0.000000	0.000000	0.000000
-0.948961	-0.858224	-0.818891	0.000000	0.000000	0.000000	0.000000	0.000000	0.000000	0.000000
-0.948960	-0.858224	-0.818824	0.000000	0.000000	0.000000	0.000000	0.000000	0.000000	0.000000
-0.948960	-0.858224	-0.806839	-0.000000	0.000000	0.000000	0.000000	0.000000	0.000000	0.000000
-0.948960	-0.858224	-0.819446	0.000073	0.000000	0.000000	0.000000	0.000000	0.000000	0.000000
-0.948960	-0.858224	-0.819036	0.000000	0.000000	0.000000	0.000000	0.000000	0.000000	0.000000
-0.948961	-0.858224	-0.819512	0.000000	0.000000	0.000000	0.000000	0.000000	0.000000	0.000000
-0.948960	-0.858224	-0.818915	-0.000000	0.000000	0.000000	0.000000	0.000000	0.000000	0.000000
-0.948960	-0.858224	-0.819424	0.000000	0.000000	0.000000	0.000000	0.000000	0.000000	0.000000
-0.948960	-0.858224	-0.819099	0.000033	0.000000	0.000000	0.000000	0.000000	0.000000	0.000000
-0.948961	-0.858224	-0.819475	0.000006	0.000000	0.000000	0.000000	0.000000	0.000000	0.000000
-0.948961	-0.858224	-0.819515	0.000000	0.000000	0.000000	0.000000	0.000000	0.000000	0.000000
-0.948960	-0.858224	-0.819124	0.000224	0.000000	0.000000	0.000000	0.000000	0.000000	0.000000
-0.948961	-0.858224	-0.819043	0.000000	0.000000	0.000000	0.000000	0.000000	0.000000	0.000000
-0.948960	-0.858224	-0.819315	0.000000	0.000000	0.000000	0.000000	0.000000	0.000000	0.000000
-0.948961	-0.858224	-0.819503	0.000000	0.000000	0.000000	0.000000	0.000000	0.000000	0.000000
-0.948960	-0.858224	-0.819335	0.000000	0.000000	0.000000	0.000000	0.000000	0.000000	0.000000
-0.948961	-0.858224	-0.819105	0.000000	0.000000	0.000000	0.000000	0.000000	0.000000	0.000000
-0.948961	-0.858223	-0.819432	-0.000000	0.000000	0.000000	0.000000	0.000000	0.000000	0.000000
-0.948960	-0.858224	-0.819434	0.000000	0.000000	0.000000	0.000000	0.000000	0.000000	0.000000
-0.948961	-0.858224	-0.819316	0.000005	0.000000	0.000000	0.000000	0.000000	0.000000	0.000000
-0.948960	-0.858224	-0.818966	0.000000	0.000000	0.000000	0.000000	0.000000	0.000000	0.000000
-0.948961	-0.858224	-0.819290	0.000002	0.000000	0.000000	0.000000	0.000000	0.000000	0.000000
-0.948961	-0.858224	-0.819244	0.720563	0.000000	0.000000	0.000000	0.000000	0.000000	0.000000
-0.948961	-0.858222	-0.819129	0.000000	0.000000	0.000000	0.000000	0.000000	0.000000	0.000000
-0.948960	-0.858224	-0.819317	-0.000000	0.000000	0.000000	0.000000	0.000000	0.000000	0.000000
-0.948960	-0.858224	-0.819482	-0.000000	0.000000	0.000000	0.000000	0.000000	0.000000	0.000000
-0.948960	-0.858224	-0.819195	0.000000	0.000000	0.000000	0.000000	0.000000	0.000000	0.000000
-0.948960	-0.858224	-0.819357	0.000000	0.000000	0.000000	0.000000	0.000000	0.000000	0.000000
-0.948960	-0.858224	-0.818933	0.000000	0.000000	0.000000	0.000000	0.000000	0.000000	0.000000
-0.948960	-0.858224	-0.819788	0.000030	0.000000	0.000000	0.000000	0.000000	0.000000	0.000000
-0.948960	-0.858224	-0.818677	0.000000	0.000000	0.000000	0.000000	0.000000	0.000000	0.000000
-0.948960	-0.858224	-0.819048	-0.000000	0.000000	0.000000	0.000000	0.000000	0.000000	0.000000
-0.948960	-0.858224	-0.818970	0.000000	0.000000	0.000000	0.000000	0.000000	0.000000	0.000000
-0.948960	-0.858224	-0.819038	0.000000	0.000000	0.000000	0.000000	0.000000	0.000000	0.000000
-0.948960	-0.858224	-0.819089	0.000000	0.000000	0.000000	0.000000	0.000000	0.000000	0.000000
-0.948960	-0.858224	-0.819083	0.000002	0.000000	0.000000	0.000000	0.000000	0.000000	0.000000
-0.948960	-0.858224	-0.819257	0.000000	0.000000	0.000000	0.000000	0.000000	0.000000	0.000000
-0.948960	-0.858224	-0.819295	0.000000	0.000000	0.000000	0.000000	0.000000	0.000000	0.000000
-0.948961	-0.858224	-0.819099	-0.000000	0.000000	0.000000	0.000000	0.000000	0.000000	0.000000
-0.948960	-0.858224	-0.819728	0.000000	0.000000	0.000000	0.000000	0.000000	0.000000	0.000000
-0.948961	-0.858224	-0.818423	0.000011	0.000000	0.000000	0.000000	0.000000	0.000000	0.000000
-0.948961	-0.858224	-0.819054	0.000000	0.000000	0.000000	0.000000	0.000000	0.000000	0.000000
-0.948960	-0.858224	-0.819280	-0.000000	0.000000	0.000000	0.000000	0.000000	0.000000	0.000000
-0.948960	-0.858224	-0.668625	0.000000	0.000000	0.000000	0.000000	0.000000	0.000000	0.000000
-0.948960	-0.858223	-0.819068	0.000000	0.000000	0.000000	0.000000	0.000000	0.000000	0.000000
-0.948960	-0.858224	-0.819334	0.000000	0.000000	0.000000	0.000000	0.000000	0.000000	0.000000
-0.948960	-0.858224	-0.819372	-0.000000	0.000000	0.000000	0.000000	0.000000	0.000000	0.000000
-0.948960	-0.858224	-0.818983	0.000000	0.000000	0.000000	0.000000	0.000000	0.000000	0.000000
-0.948960	-0.858224	-0.819413	0.000000	0.000000	0.000000	0.000000	0.000000	0.000000	0.000000
-0.948961	-0.858224	-0.819313	0.000000	0.000000	0.000000	0.000000	0.000000	0.000000	0.000000
-0.948960	-0.858224	-0.819135	0.000000	0.000000	0.000000	0.000000	0.000000	0.000000	0.000000
-0.948961	-0.858224	-0.819137	0.000000	0.000000	0.000000	0.000000	0.000000	0.000000	0.000000
-0.948960	-0.858224	-0.819264	0.000142	0.000000	0.000000	0.000000	0.000000	0.000000	0.000000
-0.948961	-0.858224	-0.819172	0.000304	0.000000	0.000000	0.000000	0.000000	0.000000	0.000000
-0.948960	-0.858224	-0.819509	-0.000000	0.000000	0.000000	0.000000	0.000000	0.000000	0.000000
-0.948961	-0.858224	-0.818981	0.000000	0.000000	0.000000	0.000000	0.000000	0.000000	0.000000
-0.948960	-0.858224	-0.818781	0.000000	0.000000	0.000000	0.000000	0.000000	0.000000	0.000000
-0.948960	-0.858224	-0.819882	0.000000	0.000000	0.000000	0.000000	0.000000	0.000000	0.000000
-0.948960	-0.858224	-0.819284	0.000000	0.000000	0.000000	0.000000	0.000000	0.000000	0.000000
-0.948960	-0.858224	-0.819157	0.000000	0.000000	0.000000	0.000000	0.000000	0.000000	0.000000
-0.948960	-0.858224	-0.817866	0.000000	0.000000	0.000000	0.000000	0.000000	0.000000	0.000000
-0.948960	-0.858224	-0.819229	0.000000	0.000000	0.000000	0.000000	0.000000	0.000000	0.000000
-0.948961	-0.858223	-0.819601	0.000008	0.000000	0.000000	0.000000	0.000000	0.000000	0.000000
-0.948960	-0.858224	-0.819052	0.000000	0.000000	0.000000	0.000000	0.000000	0.000000	0.000000
-0.948960	-0.858224	-0.819456	0.000000	0.000000	0.000000	0.000000	0.000000	0.000000	0.000000
-0.948961	-0.858224	-0.819400	0.000000	0.000000	0.000000	0.000000	0.000000	0.000000	0.000000
-0.948961	-0.858224	-0.819062	0.000000	0.000000	0.000000	0.000000	0.000000	0.000000	0.000000
-0.948961	-0.858224	-0.819883	0.000017	0.000000	0.000000	0.000000	0.000000	0.000000	0.000000
-0.948960	-0.858223	-0.819523	0.000001	0.000000	0.000000	0.000000	0.000000	0.000000	0.000000
-0.948960	-0.858224	-0.817741	0.000000	0.000000	0.000000	0.000000	0.000000	0.000000	0.000000
-0.948960	-0.858224	-0.819338	0.000000	0.000000	0.000000	0.000000	0.000000	0.000000	0.000000
-0.948960	-0.858224	-0.000006	0.000000	0.000000	0.000000	0.000000	0.000000	0.000000	0.000000
-0.948960	-0.858224	0.821022	-0.000000	0.000000	0.000000	0.000000	0.000000	0.000000	0.000000
-0.948961	-0.858224	0.820998	0.000000	0.000000	0.000000	0.000000	0.000000	0.000000	0.000000
-0.948960	-0.858224	0.820459	-0.000000	0.000000	0.000000	0.000000	0.000000	0.000000	0.000000
-0.948960	-0.858224	0.821025	0.000000	0.000000	0.000000	0.000000	0.000000	0.000000	0.000000
-0.948960	-0.858224	0.821023	-0.000000	0.000000	0.000000	0.000000	0.000000	0.000000	0.000000
-0.948960	-0.858224	0.820996	-0.000000	0.000000	0.000000	0.000000	0.000000	0.000000	0.000000
-0.948960	-0.858224	0.820984	0.000000	0.000000	0.000000	0.000000	0.000000	0.000000	0.000000
-0.948960	-0.858224	0.818360	0.000000	0.000000	0.000000	0.000000	0.000000	0.000000	0.000000
-0.948960	-0.858217	0.821007	-0.000000	0.000000	0.000000	0.000000	0.000000	0.000000	0.000000
-0.948961	-0.858224	0.821016	0.000000	0.000000	0.000000	0.000000	0.000000	0.000000	0.000000
-0.948960	-0.858224	0.821011	-0.000000	0.000000	0.000000	0.000000	0.000000	0.000000	0.000000
-0.948960	-0.858224	0.821015	0.000000	0.000000	0.000000	0.000000	0.000000	0.000000	0.000000
-0.948960	-0.858224	0.821002	0.000000	0.000000	0.000000	0.000000	0.000000	0.000000	0.000000
-0.948960	-0.858224	0.821017	-0.000000	0.000000	0.000000	0.000000	0.000000	0.000000	0.000000
-0.948960	-0.858224	0.820979	0.000000	0.000000	0.000000	0.000000	0.000000	0.000000	0.000000
-0.948960	-0.858224	0.821024	0.000000	0.000000	0.000000	0.000000	0.000000	0.000000	0.000000
-0.948961	-0.858224	0.821016	0.000000	0.000000	0.000000	0.000000	0.000000	0.000000	0.000000
-0.948960	-0.858224	0.821013	0.000000	0.000000	0.000000	0.000000	0.000000	0.000000	0.000000
-0.948960	-0.858224	0.821011	-0.000000	0.000000	0.000000	0.000000	0.000000	0.000000	0.000000
-0.948960	-0.858224	0.821009	-0.000000	0.000000	0.000000	0.000000	0.000000	0.000000	0.000000
-0.948960	-0.858224	0.821020	0.000000	0.000000	0.000000	0.000000	0.000000	0.000000	0.000000
-0.948960	-0.858224	0.821007	-0.000000	0.000000	0.000000	0.000000	0.000000	0.000000	0.000000
-0.948960	-0.858224	0.821030	-0.000000	0.000000	0.000000	0.000000	0.000000	0.000000	0.000000
-0.948961	-0.858224	0.821018	0.000000	0.000000	0.000000	0.000000	0.000000	0.000000	0.000000
-0.948961	-0.858224	0.821025	-0.000000	0.000000	0.000000	0.000000	0.000000	0.000000	0.000000
-0.948960	-0.858224	0.821016	0.000000	0.000000	0.000000	0.000000	0.000000	0.000000	0.000000
-0.948960	-0.858224	0.821035	-0.000000	0.000000	0.000000	0.000000	0.000000	0.000000	0.000000
-0.948961	-0.858224	0.821011	0.000000	0.000000	0.000000	0.000000	0.000000	0.000000	0.000000
-0.948960	-0.858224	0.820997	-0.000000	0.000000	0.000000	0.000000	0.000000	0.000000	0.000000
-0.948961	-0.858224	0.821022	-0.000000	0.000000	0.000000	0.000000	0.000000	0.000000	0.000000
-0.948961	-0.858224	0.821020	0.000000	0.000000	0.000000	0.000000	0.000000	0.000000	0.000000
-0.948961	-0.858224	0.821007	0.000000	0.000000	0.000000	0.000000	0.000000	0.000000	0.000000
-0.948960	-0.858224	0.820988	0.000000	0.000000	0.000000	0.000000	0.000000	0.000000	0.000000
-0.948960	-0.858224	0.821019	0.000000	0.000000	0.000000	0.000000	0.000000	0.000000	0.000000
-0.948960	-0.858224	0.821021	0.000000	0.000000	0.000000	0.000000	0.000000	0.000000	0.000000
-0.948960	-0.858224	0.821024	-0.000000	0.000000	0.000000	0.000000	0.000000	0.000000	0.000000
-0.948960	-0.858224	0.821020	0.000000	0.000000	0.000000	0.000000	0.000000	0.000000	0.000000
-0.948960	-0.858224	0.821027	-0.000000	0.000000	0.000000	0.000000	0.000000	0.000000	0.000000
-0.948960	-0.858224	0.821000	-0.000000	0.000000	0.000000	0.000000	0.000000	0.000000	0.000000
-0.948961	-0.858224	0.821034	0.000000	0.000000	0.000000	0.000000	0.000000	0.000000	0.000000
-0.948960	-0.858224	0.821025	-0.000000	0.000000	0.000000	0.000000	0.000000	0.000000	0.000000
-0.948960	-0.858224	0.821031	0.000000	0.000000	0.000000	0.000000	0.000000	0.000000	0.000000
-0.948960	-0.858224	0.821031	0.000000	0.000000	0.000000	0.000000	0.000000	0.000000	0.000000
-0.948961	-0.858224	0.821019	-0.000000	0.000000	0.000000	0.000000	0.000000	0.000000	0.000000
-0.948960	-0.858224	0.821031	-0.000000	0.000000	0.000000	0.000000	0.000000	0.000000	0.000000
-0.948961	-0.858224	0.821011	-0.000000	0.000000	0.000000	0.000000	0.000000	0.000000	0.000000
-0.948961	-0.858224	0.821023	-0.000000	0.000000	0.000000	0.000000	0.000000	0.000000	0.000000
-0.948960	-0.858224	0.821009	0.000000	0.000000	0.000000	0.000000	0.000000	0.000000	0.000000
-0.948961	-0.858224	0.821018	0.000000	0.000000	0.000000	0.000000	0.000000	0.000000	0.000000
-0.948960	-0.858224	0.821032	-0.000000	0.000000	0.000000	0.000000	0.000000	0.000000	0.000000
-0.948960	-0.858224	0.821007	0.000000	0.000000	0.000000	0.000000	0.000000	0.000000	0.000000
-0.948960	-0.858224	0.821013	0.000000	0.000000	0.000000	0.000000	0.000000	0.000000	0.000000
-0.948960	-0.858224	0.821001	0.000000	0.000000	0.000000	0.000000	0.000000	0.000000	0.000000
-0.948960	-0.858224	0.821018	-0.000000	0.000000	0.000000	0.000000	0.000000	0.000000	0.000000
-0.948960	-0.858224	0.821022	-0.000000	0.000000	0.000000	0.000000	0.000000	0.000000	0.000000
-0.948960	-0.858224	0.821025	0.000000	0.000000	0.000000	0.000000	0.000000	0.000000	0.000000
-0.948961	-0.858224	0.821005	0.000000	0.000000	0.000000	0.000000	0.000000	0.000000	0.000000
-0.948961	-0.858223	0.821009	0.000000	0.000000	0.000000	0.000000	0.000000	0.000000	0.000000
-0.948960	-0.858224	0.821020	-0.000000	0.000000	0.000000	0.000000	0.000000	0.000000	0.000000
-0.948961	-0.858224	0.821023	0.000000	0.000000	0.000000	0.000000	0.000000	0.000000	0.000000
-0.948960	-0.858224	0.821031	0.000000	0.000000	0.000000	0.000000	0.000000	0.000000	0.000000
-0.948960	-0.858224	0.821000	0.000000	0.000000	0.000000	0.000000	0.000000	0.000000	0.000000
-0.948960	-0.858224	0.821026	0.000000	0.000000	0.000000	0.000000	0.000000	0.000000	0.000000
-0.948960	-0.858223	0.820986	-0.000000	0.000000	0.000000	0.000000	0.000000	0.000000	0.000000
-0.948960	-0.858224	0.821035	0.000000	0.000000	0.000000	0.000000	0.000000	0.000000	0.000000
-0.948961	-0.858224	0.820996	0.000000	0.000000	0.000000	0.000000	0.000000	0.000000	0.000000
-0.948961	-0.858224	0.821015	0.000000	0.000000	0.000000	0.000000	0.000000	0.000000	0.000000
-0.948960	-0.858224	0.821023	-0.000000	0.000000	0.000000	0.000000	0.000000	0.000000	0.000000
-0.948960	-0.858224	0.820958	-0.000000	0.000000	0.000000	0.000000	0.000000	0.000000	0.000000
-0.948960	-0.858224	0.820847	-0.000000	0.000000	0.000000	0.000000	0.000000	0.000000	0.000000
-0.948960	-0.858224	0.820940	0.000000	0.000000	0.000000	0.000000	0.000000	0.000000	0.000000
-0.948960	-0.858224	0.820843	0.000000	0.000000	0.000000	0.000000	0.000000	0.000000	0.000000
-0.948960	-0.858224	0.821025	0.000000	0.000000	0.000000	0.000000	0.000000	0.000000	0.000000
-0.948961	-0.858224	0.821014	-0.000000	0.000000	0.000000	0.000000	0.000000	0.000000	0.000000
-0.948960	-0.858224	0.821036	0.000000	0.000000	0.000000	0.000000	0.000000	0.000000	0.000000
-0.948960	-0.858224	0.821022	-0.000000	0.000000	0.000000	0.000000	0.000000	0.000000	0.000000
-0.948961	-0.858224	0.820997	0.000000	0.000000	0.000000	0.000000	0.000000	0.000000	0.000000
-0.948961	-0.858224	0.821008	0.000000	0.000000	0.000000	0.000000	0.000000	0.000000	0.000000
-0.948960	-0.858224	0.821020	-0.000000	0.000000	0.000000	0.000000	0.000000	0.000000	0.000000
-0.948960	-0.858224	0.821021	-0.000000	0.000000	0.000000	0.000000	0.000000	0.000000	0.000000
-0.948961	-0.858224	0.821011	0.000000	0.000000	0.000000	0.000000	0.000000	0.000000	0.000000
-0.948960	-0.858224	0.821011	0.000000	0.000000	0.000000	0.000000	0.000000	0.000000	0.000000
-0.948960	-0.858224	0.821020	-0.000000	0.000000	0.000000	0.000000	0.000000	0.000000	0.000000
-0.948960	-0.858224	0.820924	0.000000	0.000000	0.000000	0.000000	0.000000	0.000000	0.000000
-0.948960	-0.858224	0.821016	0.000000	0.000000	0.000000	0.000000	0.000000	0.000000	0.000000
-0.948960	-0.858224	0.820960	0.000000	0.000000	0.000000	0.000000	0.000000	0.000000	0.000000
-0.948960	-0.858224	0.821011	-0.000000	0.000000	0.000000	0.000000	0.000000	0.000000	0.000000
-0.948960	-0.858224	0.821002	-0.000000	0.000000	0.000000	0.000000	0.000000	0.000000	0.000000
-0.948961	-0.858224	0.821010	0.000000	0.000000	0.000000	0.000000	0.000000	0.000000	0.000000
-0.948960	-0.858224	0.821020	-0.000000	0.000000	0.000000	0.000000	0.000000	0.000000	0.000000
-0.948961	-0.858221	0.821032	0.000000	0.000000	0.000000	0.000000	0.000000	0.000000	0.000000
-0.948961	-0.858224	0.821018	-0.000000	0.000000	0.000000	0.000000	0.000000	0.000000	0.000000
-0.948960	-0.858224	0.821024	0.000000	0.000000	0.000000	0.000000	0.000000	0.000000	0.000000
-0.948960	-0.858224	0.821011	0.000000	0.000000	0.000000	0.000000	0.000000	0.000000	0.000000
-0.948960	-0.858224	0.820850	-0.000000	0.000000	0.000000	0.000000	0.000000	0.000000	0.000000
-0.948960	-0.858224	0.821002	0.000000	0.000000	0.000000	0.000000	0.000000	0.000000	0.000000
-0.948961	-0.858218	0.821015	0.000000	0.000000	0.000000	0.000000	0.000000	0.000000	0.000000
-0.948960	-0.858224	0.820986	0.000000	0.000000	0.000000	0.000000	0.000000	0.000000	0.000000
-0.948960	-0.858224	0.821028	0.000000	0.000000	0.000000	0.000000	0.000000	0.000000	0.000000
-0.948961	-0.858224	0.821015	-0.000000	0.000000	0.000000	0.000000	0.000000	0.000000	0.000000
-0.948960	-0.858224	0.713329	-0.000000	0.000000	0.000000	0.000000	0.000000	0.000000	0.000000
-0.948960	-0.858224	0.821022	-0.000000	0.000000	0.000000	0.000000	0.000000	0.000000	0.000000
-0.948960	-0.858224	0.821010	-0.000000	0.000000	0.000000	0.000000	0.000000	0.000000	0.000000
-0.948960	-0.858224	0.821024	-0.000000	0.000000	0.000000	0.000000	0.000000	0.000000	0.000000
-0.948960	-0.858224	0.821015	0.000000	0.000000	0.000000	0.000000	0.000000	0.000000	0.000000
-0.948961	-0.858224	0.821010	0.000000	0.000000	0.000000	0.000000	0.000000	0.000000	0.000000
-0.948961	-0.858224	0.821020	0.000000	0.000000	0.000000	0.000000	0.000000	0.000000	0.000000
-0.948960	-0.858224	0.821024	0.000000	0.000000	0.000000	0.000000	0.000000	0.000000	0.000000
-0.948960	-0.858224	0.820308	0.000000	0.000000	0.000000	0.000000	0.000000	0.000000	0.000000
-0.948960	-0.858224	0.821000	0.000000	0.000000	0.000000	0.000000	0.000000	0.000000	0.000000
-0.948960	-0.858224	0.821033	-0.000000	0.000000	0.000000	0.000000	0.000000	0.000000	0.000000
-0.948960	-0.858224	0.821023	-0.000000	0.000000	0.000000	0.000000	0.000000	0.000000	0.000000
-0.948960	-0.858224	0.821010	0.000000	0.000000	0.000000	0.000000	0.000000	0.000000	0.000000
-0.948960	-0.858224	0.821036	-0.000000	0.000000	0.000000	0.000000	0.000000	0.000000	0.000000
-0.948960	-0.858224	0.821009	0.000000	0.000000	0.000000	0.000000	0.000000	0.000000	0.000000
-0.948961	-0.858224	0.821027	0.000000	0.000000	0.000000	0.000000	0.000000	0.000000	0.000000
-0.948960	-0.858224	0.821029	0.000000	0.000000	0.000000	0.000000	0.000000	0.000000	0.000000
-0.948960	-0.858224	0.821016	0.000000	0.000000	0.000000	0.000000	0.000000	0.000000	0.000000
-0.948960	-0.858224	0.821026	-0.000000	0.000000	0.000000	0.000000	0.000000	0.000000	0.000000
-0.948960	-0.858224	0.821007	0.000000	0.000000	0.000000	0.000000	0.000000	0.000000	0.000000
-0.948960	-0.858224	0.821038	0.000000	0.000000	0.000000	0.000000	0.000000	0.000000	0.000000
-0.948960	-0.858224	0.821046	-0.000000	0.000000	0.000000	0.000000	0.000000	0.000000	0.000000
-0.948961	-0.858224	0.820924	0.000000	0.000000	0.000000	0.000000	0.000000	0.000000	0.000000
-0.948960	-0.858224	0.820990	-0.000000	0.000000	0.000000	0.000000	0.000000	0.000000	0.000000
-0.948960	-0.858224	0.821011	0.000000	0.000000	0.000000	0.000000	0.000000	0.000000	0.000000
-0.948960	-0.858220	0.821019	0.000000	0.000000	0.000000	0.000000	0.000000	0.000000	0.000000
-0.948961	-0.858224	0.821003	0.000000	0.000000	0.000000	0.000000	0.000000	0.000000	0.000000
-0.948960	-0.858224	0.820773	-0.000000	0.000000	0.000000	0.000000	0.000000	0.000000	0.000000
-0.948960	-0.858224	0.821022	0.000000	0.000000	0.000000	0.000000	0.000000	0.000000	0.000000
-0.948960	-0.858224	0.821020	0.000000	0.000000	0.000000	0.000000	0.000000	0.000000	0.000000
-0.948961	-0.858224	0.821016	-0.000000	0.000000	0.000000	0.000000	0.000000	0.000000	0.000000
-0.948960	-0.858224	0.821039	0.000000	0.000000	0.000000	0.000000	0.000000	0.000000	0.000000
-0.948960	-0.855761	0.820978	-0.000000	0.000000	0.000000	0.000000	0.000000	0.000000	0.000000
-0.948960	-0.858224	0.821021	0.000000	0.000000	0.000000	0.000000	0.000000	0.000000	0.000000
-0.948960	-0.858224	0.821026	-0.000000	0.000000	0.000000	0.000000	0.000000	0.000000	0.000000
-0.948960	-0.858224	0.820808	0.000000	0.000000	0.000000	0.000000	0.000000	0.000000	0.000000
-0.948960	-0.858224	0.821037	-0.000000	0.000000	0.000000	0.000000	0.000000	0.000000	0.000000
-0.948961	-0.858224	0.820997	-0.000000	0.000000	0.000000	0.000000	0.000000	0.000000	0.000000
-0.948960	-0.858224	0.821016	0.000000	0.000000	0.000000	0.000000	0.000000	0.000000	0.000000
-0.948961	-0.858224	0.821024	0.000000	0.000000	0.000000	0.000000	0.000000	0.000000	0.000000
-0.948960	-0.858224	0.821024	0.000000	0.000000	0.000000	0.000000	0.000000	0.000000	0.000000
-0.948960	-0.858224	0.821034	0.000000	0.000000	0.000000	0.000000	0.000000	0.000000	0.000000
-0.948961	-0.858224	0.821019	-0.000000	0.000000	0.000000	0.000000	0.000000	0.000000	0.000000
-0.948960	-0.858224	0.821020	0.000000	0.000000	0.000000	0.000000	0.000000	0.000000	0.000000
-0.948960	-0.858224	0.821010	0.000000	0.000000	0.000000	0.000000	0.000000	0.000000	0.000000
-0.948961	-0.858224	0.821025	0.000000	0.000000	0.000000	0.000000	0.000000	0.000000	0.000000
-0.948960	-0.858224	0.818702	0.000000	0.000000	0.000000	0.000000	0.000000	0.000000	0.000000
-0.948960	-0.858224	0.821027	0.000000	0.000000	0.000000	0.000000	0.000000	0.000000	0.000000
-0.948960	-0.858224	0.819232	0.000000	0.000000	0.000000	0.000000	0.000000	0.000000	0.000000
-0.948960	-0.858224	0.820971	0.000000	0.000000	0.000000	0.000000	0.000000	0.000000	0.000000
-0.948960	-0.858224	0.821017	-0.000000	0.000000	0.000000	0.000000	0.000000	0.000000	0.000000
-0.948961	-0.858224	0.820442	0.000000	0.000000	0.000000	0.000000	0.000000	0.000000	0.000000
-0.948960	-0.858224	0.821014	0.000000	0.000000	0.000000	0.000000	0.000000	0.000000	0.000000
-0.948960	-0.858223	0.820984	0.000000	0.000000	0.000000	0.000000	0.000000	0.000000	0.000000
-0.948960	-0.858224	0.821016	0.000000	0.000000	0.000000	0.000000	0.000000	0.000000	0.000000
-0.948960	-0.858224	0.821033	0.000000	0.000000	0.000000	0.000000	0.000000	0.000000	0.000000
-0.948960	-0.858224	0.821037	0.000000	0.000000	0.000000	0.000000	0.000000	0.000000	0.000000
-0.948960	-0.858224	0.821039	0.000000	0.000000	0.000000	0.000000	0.000000	0.000000	0.000000
-0.948961	-0.858224	0.821018	0.000000	0.000000	0.000000	0.000000	0.000000	0.000000	0.000000
-0.948960	-0.858224	0.820989	-0.000000	0.000000	0.000000	0.000000	0.000000	0.000000	0.000000
-0.948961	-0.858224	0.818599	0.000000	0.000000	0.000000	0.000000	0.000000	0.000000	0.000000
-0.948960	-0.858224	0.821033	0.000000	0.000000	0.000000	0.000000	0.000000	0.000000	0.000000
-0.948960	-0.858224	0.821030	-0.000000	0.000000	0.000000	0.000000	0.000000	0.000000	0.000000
-0.948961	-0.858224	0.821018	-0.000000	0.000000	0.000000	0.000000	0.000000	0.000000	0.000000
-0.948960	-0.858223	0.821010	-0.000000	0.000000	0.000000	0.000000	0.000000	0.000000	0.000000
-0.948960	-0.858224	0.821031	-0.000000	0.000000	0.000000	0.000000	0.000000	0.000000	0.000000
-0.948961	-0.858224	0.821005	-0.000000	0.000000	0.000000	0.000000	0.000000	0.000000	0.000000
-0.948961	-0.858224	0.820999	-0.000000	0.000000	0.000000	0.000000	0.000000	0.000000	0.000000
-0.948960	-0.858224	0.821019	0.000000	0.000000	0.000000	0.000000	0.000000	0.000000	0.000000
-0.948960	-0.858224	0.821025	0.000000	0.000000	0.000000	0.000000	0.000000	0.000000	0.000000
-0.948960	-0.858224	0.821013	0.000000	0.000000	0.000000	0.000000	0.000000	0.000000	0.000000
-0.948960	-0.858224	0.821007	0.000000	0.000000	0.000000	0.000000	0.000000	0.000000	0.000000
-0.948961	-0.858224	0.821022	0.000000	0.000000	0.000000	0.000000	0.000000	0.000000	0.000000
-0.948960	-0.858224	0.821025	-0.000000	0.000000	0.000000	0.000000	0.000000	0.000000	0.000000
-0.948960	-0.858224	0.821025	0.000000	0.000000	0.000000	0.000000	0.000000	0.000000	0.000000
-0.948960	-0.858224	0.821009	0.000000	0.000000	0.000000	0.000000	0.000000	0.000000	0.000000
-0.948960	-0.858224	0.821019	0.000000	0.000000	0.000000	0.000000	0.000000	0.000000	0.000000
-0.948960	-0.858224	0.821023	0.000000	0.000000	0.000000	0.000000	0.000000	0.000000	0.000000
-0.948960	-0.858224	0.820730	0.000000	0.000000	0.000000	0.000000	0.000000	0.000000	0.000000
-0.948960	-0.858224	0.820996	0.000000	0.000000	0.000000	0.000000	0.000000	0.000000	0.000000
-0.948960	-0.858224	0.821033	-0.000000	0.000000	0.000000	0.000000	0.000000	0.000000	0.000000
-0.948960	-0.858224	0.821002	0.000000	0.000000	0.000000	0.000000	0.000000	0.000000	0.000000
-0.948960	-0.858224	0.820963	0.000000	0.000000	0.000000	0.000000	0.000000	0.000000	0.000000
-0.948960	-0.858224	0.821030	0.000009	0.000000	0.000000	0.000000	0.000000	0.000000	0.000000
-0.948960	-0.858224	0.821001	0.000000	0.000000	0.000000	0.000000	0.000000	0.000000	0.000000
-0.948960	-0.858224	0.821028	0.000000	0.000000	0.000000	0.000000	0.000000	0.000000	0.000000
-0.948960	-0.858224	0.821020	-0.000000	0.000000	0.000000	0.000000	0.000000	0.000000	0.000000
-0.948961	-0.858224	0.821019	-0.000000	0.000000	0.000000	0.000000	0.000000	0.000000	0.000000
-0.948960	-0.858224	0.821040	-0.000000	0.000000	0.000000	0.000000	0.000000	0.000000	0.000000
-0.948960	-0.858224	0.821018	-0.000000	0.000000	0.000000	0.000000	0.000000	0.000000	0.000000
-0.948960	-0.858224	0.821014	0.000000	0.000000	0.000000	0.000000	0.000000	0.000000	0.000000
-0.948961	-0.858224	0.821032	-0.000000	0.000000	0.000000	0.000000	0.000000	0.000000	0.000000
-0.948960	-0.858220	0.821023	0.000000	0.000000	0.000000	0.000000	0.000000	0.000000	0.000000
-0.948960	-0.858224	0.821020	0.000000	0.000000	0.000000	0.000000	0.000000	0.000000	0.000000
-0.948960	-0.858224	0.820960	0.000000	0.000000	0.000000	0.000000	0.000000	0.000000	0.000000
-0.948960	-0.858224	0.820994	-0.000000	0.000000	0.000000	0.000000	0.000000	0.000000	0.000000
-0.948960	-0.858224	0.821012	0.000000	0.000000	0.000000	0.000000	0.000000	0.000000	0.000000
-0.948960	-0.858224	0.821019	0.000000	0.000000	0.000000	0.000000	0.000000	0.000000	0.000000
-0.948960	-0.858224	0.821019	0.000000	0.000000	0.000000	0.000000	0.000000	0.000000	0.000000
-0.948960	-0.858224	0.821017	0.000000	0.000000	0.000000	0.000000	0.000000	0.000000	0.000000
-0.948960	-0.858224	0.821019	0.000000	0.000000	0.000000	0.000000	0.000000	0.000000	0.000000
-0.948960	-0.858224	0.821019	0.000000	0.000000	0.000000	0.000000	0.000000	0.000000	0.000000
-0.948960	-0.858224	0.820655	0.000000	0.000000	0.000000	0.000000	0.000000	0.000000	0.000000
-0.948960	-0.858224	0.821024	-0.000000	0.000000	0.000000	0.000000	0.000000	0.000000	0.000000
-0.948960	-0.858224	0.821006	0.000000	0.000000	0.000000	0.000000	0.000000	0.000000	0.000000
-0.948961	-0.858224	0.820990	0.000000	0.000000	0.000000	0.000000	0.000000	0.000000	0.000000
-0.948960	-0.858224	0.817079	-0.000000	0.000000	0.000000	0.000000	0.000000	0.000000	0.000000
-0.948960	-0.858224	0.821029	0.000000	0.000000	0.000000	0.000000	0.000000	0.000000	0.000000
-0.948961	-0.858223	0.821025	-0.000000	0.000000	0.000000	0.000000	0.000000	0.000000	0.000000
-0.948960	-0.858224	0.821016	-0.000000	0.000000	0.000000	0.000000	0.000000	0.000000	0.000000
-0.948960	-0.858224	0.820996	0.000000	0.000000	0.000000	0.000000	0.000000	0.000000	0.000000
-0.948960	-0.858224	0.821020	0.000000	0.000000	0.000000	0.000000	0.000000	0.000000	0.000000
-0.948961	-0.858224	0.821025	-0.000000	0.000000	0.000000	0.000000	0.000000	0.000000	0.000000
-0.948961	-0.858224	0.821018	0.000000	0.000000	0.000000	0.000000	0.000000	0.000000	0.000000
-0.948960	-0.858224	0.821009	0.000000	0.000000	0.000000	0.000000	0.000000	0.000000	0.000000
-0.948960	-0.858224	0.821013	-0.000000	0.000000	0.000000	0.000000	0.000000	0.000000	0.000000
-0.948960	-0.858224	0.821023	-0.000000	0.000000	0.000000	0.000000	0.000000	0.000000	0.000000
-0.948961	-0.858224	0.821008	0.000000	0.000000	0.000000	0.000000	0.000000	0.000000	0.000000
-0.948960	-0.858224	0.821030	-0.000000	0.000000	0.000000	0.000000	0.000000	0.000000	0.000000
-0.948960	-0.858224	0.821028	0.000000	0.000000	0.000000	0.000000	0.000000	0.000000	0.000000
-0.948960	-0.858224	0.821017	0.000000	0.000000	0.000000	0.000000	0.000000	0.000000	0.000000
-0.948960	-0.858224	0.821021	0.000000	0.000000	0.000000	0.000000	0.000000	0.000000	0.000000
-0.948961	-0.858224	0.821020	-0.000000	0.000000	0.000000	0.000000	0.000000	0.000000	0.000000
-0.948960	-0.858224	0.821005	-0.000000	0.000000	0.000000	0.000000	0.000000	0.000000	0.000000
-0.948960	-0.858224	0.821026	0.000000	0.000000	0.000000	0.000000	0.000000	0.000000	0.000000
-0.948960	-0.858224	0.821008	-0.000000	0.000000	0.000000	0.000000	0.000000	0.000000	0.000000
-0.948960	-0.858224	0.821010	0.000000	0.000000	0.000000	0.000000	0.000000	0.000000	0.000000
-0.948960	-0.858224	0.821020	-0.000000	0.000000	0.000000	0.000000	0.000000	0.000000	0.000000
-0.948960	-0.858224	0.821020	0.000000	0.000000	0.000000	0.000000	0.000000	0.000000	0.000000
-0.948960	-0.858224	0.821023	0.000000	0.000000	0.000000	0.000000	0.000000	0.000000	0.000000
-0.948961	-0.858224	0.821008	0.000000	0.000000	0.000000	0.000000	0.000000	0.000000	0.000000
-0.948960	-0.858224	0.821022	0.000000	0.000000	0.000000	0.000000	0.000000	0.000000	0.000000
-0.948960	-0.858224	0.820974	-0.000000	0.000000	0.000000	0.000000	0.000000	0.000000	0.000000
-0.948961	-0.858224	0.821019	0.000000	0.000000	0.000000	0.000000	0.000000	0.000000	0.000000
-0.948961	-0.858073	0.821018	0.000000	0.000000	0.000000	0.000000	0.000000	0.000000	0.000000
-0.948961	-0.858224	0.821037	0.000000	0.000000	0.000000	0.000000	0.000000	0.000000	0.000000
-0.948960	-0.858224	0.821016	-0.000000	0.000000	0.000000	0.000000	0.000000	0.000000	0.000000
-0.948960	-0.858224	0.821032	0.000000	0.000000	0.000000	0.000000	0.000000	0.000000	0.000000
-0.948960	-0.858224	0.821035	0.000000	0.000000	0.000000	0.000000	0.000000	0.000000	0.000000
-0.948960	-0.858224	0.820988	-0.000000	0.000000	0.000000	0.000000	0.000000	0.000000	0.000000
-0.948960	-0.858224	0.821016	0.000000	0.000000	0.000000	0.000000	0.000000	0.000000	0.000000
-0.948960	-0.858224	0.821022	-0.000000	0.000000	0.000000	0.000000	0.000000	0.000000	0.000000
-0.948961	-0.858224	0.821018	0.000000	0.000000	0.000000	0.000000	0.000000	0.000000	0.000000
-0.948960	-0.858224	0.821018	-0.000000	0.000000	0.000000	0.000000	0.000000	0.000000	0.000000
-0.948961	-0.858224	0.821012	0.000000	0.000000	0.000000	0.000000	0.000000	0.000000	0.000000
-0.948960	-0.858224	0.821017	-0.000000	0.000000	0.000000	0.000000	0.000000	0.000000	0.000000
-0.948960	-0.858224	0.821008	-0.000000	0.000000	0.000000	0.000000	0.000000	0.000000	0.000000
-0.948960	-0.858224	0.821016	0.000000	0.000000	0.000000	0.000000	0.000000	0.000000	0.000000
-0.948960	-0.858224	0.821014	0.000000	0.000000	0.000000	0.000000	0.000000	0.000000	0.000000
-0.948960	0.012543	0.000000	0.000000	0.000000	0.000000	0.000000	0.000000	0.000000	0.000000
-0.948961	0.816136	-0.000000	0.819618	0.000000	0.000000	0.000000	0.000000	0.000000	0.000000
-0.948960	0.816278	-0.000000	0.819619	0.000000	0.000000	0.000000	0.000000	0.000000	0.000000
-0.948961	0.815584	-0.000000	0.815511	0.000000	0.000000	0.000000	0.000000	0.000000	0.000000
-0.948961	0.815575	-0.000000	0.807236	0.000000	0.000000	0.000000	0.000000	0.000000	0.000000
-0.948960	0.815660	0.000000	0.814170	0.000000	0.000000	0.000000	0.000000	0.000000	0.000000
-0.948960	0.815926	-0.000000	0.819618	0.000000	0.000000	0.000000	0.000000	0.000000	0.000000
-0.948960	0.815644	-0.000000	0.819617	0.000000	0.000000	0.000000	0.000000	0.000000	0.000000
-0.948960	0.815950	-0.000000	0.819619	0.000000	0.000000	0.000000	0.000000	0.000000	0.000000
-0.948960	0.815424	0.000000	0.819619	0.000000	0.000000	0.000000	0.000000	0.000000	0.000000
-0.948961	0.816375	-0.000000	0.819618	0.000000	0.000000	0.000000	0.000000	0.000000	0.000000
-0.948960	0.815565	0.000000	0.819618	0.000000	0.000000	0.000000	0.000000	0.000000	0.000000
-0.948960	0.815832	-0.000000	0.819619	0.000000	0.000000	0.000000	0.000000	0.000000	0.000000
-0.948961	0.815730	-0.000000	0.819619	0.000000	0.000000	0.000000	0.000000	0.000000	0.000000
-0.948960	0.815688	0.000000	0.819619	0.000000	0.000000	0.000000	0.000000	0.000000	0.000000
-0.948960	0.815748	0.000000	0.819618	0.000000	0.000000	0.000000	0.000000	0.000000	0.000000
-0.948960	0.815985	0.000000	0.819619	0.000000	0.000000	0.000000	0.000000	0.000000	0.000000
-0.948961	0.815611	-0.000000	0.819603	0.000000	0.000000	0.000000	0.000000	0.000000	0.000000
-0.948961	0.816111	-0.000000	0.819619	0.000000	0.000000	0.000000	0.000000	0.000000	0.000000
-0.948960	0.815720	-0.000000	0.819619	0.000000	0.000000	0.000000	0.000000	0.000000	0.000000
-0.948960	0.815677	-0.000000	0.819619	0.000000	0.000000	0.000000	0.000000	0.000000	0.000000
-0.948960	0.815995	0.000000	0.819618	0.000000	0.000000	0.000000	0.000000	0.000000	0.000000
-0.948961	0.815803	-0.000000	0.819619	0.000000	0.000000	0.000000	0.000000	0.000000	0.000000
-0.948960	0.816074	-0.000000	0.819619	0.000000	0.000000	0.000000	0.000000	0.000000	0.000000
-0.948960	0.815637	0.000000	0.819618	0.000000	0.000000	0.000000	0.000000	0.000000	0.000000
-0.948960	0.814934	-0.000000	0.819619	0.000000	0.000000	0.000000	0.000000	0.000000	0.000000
-0.948961	0.816236	-0.000000	0.819619	0.000000	0.000000	0.000000	0.000000	0.000000	0.000000
-0.948960	0.815639	-0.000000	0.819619	0.000000	0.000000	0.000000	0.000000	0.000000	0.000000
-0.948961	0.815621	-0.000000	0.818605	0.000000	0.000000	0.000000	0.000000	0.000000	0.000000
-0.948960	0.815686	0.000000	0.819618	0.000000	0.000000	0.000000	0.000000	0.000000	0.000000
-0.948960	0.815758	0.000000	0.819562	0.000000	0.000000	0.000000	0.000000	0.000000	0.000000
-0.948960	0.815897	-0.000000	0.819619	0.000000	0.000000	0.000000	0.000000	0.000000	0.000000
-0.948960	0.815589	0.000000	0.819618	0.000000	0.000000	0.000000	0.000000	0.000000	0.000000
-0.948961	0.815425	0.000000	0.817812	0.000000	0.000000	0.000000	0.000000	0.000000	0.000000
-0.948960	0.815712	-0.000000	0.819540	0.000000	0.000000	0.000000	0.000000	0.000000	0.000000
-0.948961	0.815620	-0.000000	0.819618	0.000000	0.000000	0.000000	0.000000	0.000000	0.000000
-0.948960	0.815938	-0.000000	0.819619	0.000000	0.000000	0.000000	0.000000	0.000000	0.000000
-0.948960	0.815736	0.000000	0.819601	0.000000	0.000000	0.000000	0.000000	0.000000	0.000000
-0.948960	0.816585	-0.000000	0.819374	0.000000	0.000000	0.000000	0.000000	0.000000	0.000000
-0.948960	0.815745	-0.000000	0.819619	0.000000	0.000000	0.000000	0.000000	0.000000	0.000000
-0.948960	0.815793	0.000000	0.819619	0.000000	0.000000	0.000000	0.000000	0.000000	0.000000
-0.948960	0.815560	0.000000	0.819619	0.000000	0.000000	0.000000	0.000000	0.000000	0.000000
-0.948961	0.815823	0.000000	0.819619	0.000000	0.000000	0.000000	0.000000	0.000000	0.000000
-0.948960	0.815425	0.000000	0.819619	0.000000	0.000000	0.000000	0.000000	0.000000	0.000000
-0.948960	0.815619	0.000000	0.819605	0.000000	0.000000	0.000000	0.000000	0.000000	0.000000
-0.948960	0.815838	0.000000	0.819580	0.000000	0.000000	0.000000	0.000000	0.000000	0.000000
-0.948960	0.815946	0.000000	0.819619	0.000000	0.000000	0.000000	0.000000	0.000000	0.000000
-0.948960	0.815473	0.000000	0.819577	0.000000	0.000000	0.000000	0.000000	0.000000	0.000000
-0.948960	0.815432	0.000000	0.817471	0.000000	0.000000	0.000000	0.000000	0.000000	0.000000
-0.948960	0.815740	-0.000000	0.819289	0.000000	0.000000	0.000000	0.000000	0.000000	0.000000
-0.948960	0.815932	-0.000000	0.819619	0.000000	0.000000	0.000000	0.000000	0.000000	0.000000
-0.948960	0.815717	0.000000	0.819619	0.000000	0.000000	0.000000	0.000000	0.000000	0.000000
-0.948960	0.815477	0.000000	0.819614	0.000000	0.000000	0.000000	0.000000	0.000000	0.000000
-0.948960	0.815349	0.000000	0.819617	0.000000	0.000000	0.000000	0.000000	0.000000	0.000000
-0.948960	0.815364	-0.000000	0.819605	0.000000	0.000000	0.000000	0.000000	0.000000	0.000000
-0.948960	0.815077	0.000000	0.819176	0.000000	0.000000	0.000000	0.000000	0.000000	0.000000
-0.948961	0.815976	-0.000000	0.819619	0.000000	0.000000	0.000000	0.000000	0.000000	0.000000
-0.948960	0.816018	0.000000	0.819619	0.000000	0.000000	0.000000	0.000000	0.000000	0.000000
-0.948960	0.815839	-0.000000	0.819619	0.000000	0.000000	0.000000	0.000000	0.000000	0.000000
-0.948960	0.815477	0.000000	0.819615	0.000000	0.000000	0.000000	0.000000	0.000000	0.000000
-0.948960	0.814087	0.000000	0.819617	0.000000	0.000000	0.000000	0.000000	0.000000	0.000000
-0.948960	0.815657	0.000000	0.819619	0.000000	0.000000	0.000000	0.000000	0.000000	0.000000
-0.948960	0.816034	0.000000	0.819601	0.000000	0.000000	0.000000	0.000000	0.000000	0.000000
-0.948960	0.815622	-0.000000	0.819619	0.000000	0.000000	0.000000	0.000000	0.000000	0.000000
-0.948961	0.815636	-0.000000	0.819619	0.000000	0.000000	0.000000	0.000000	0.000000	0.000000
-0.948960	0.815552	-0.000000	0.819619	0.000000	0.000000	0.000000	0.000000	0.000000	0.000000
-0.948961	0.815613	-0.000000	0.819618	0.000000	0.000000	0.000000	0.000000	0.000000	0.000000
-0.948961	0.815597	-0.000000	0.819619	0.000000	0.000000	0.000000	0.000000	0.000000	0.000000
-0.948960	0.815835	-0.000000	0.819566	0.000000	0.000000	0.000000	0.000000	0.000000	0.000000
-0.948960	0.815946	0.000000	0.819619	0.000000	0.000000	0.000000	0.000000	0.000000	0.000000
-0.948960	0.815764	0.000000	0.819619	0.000000	0.000000	0.000000	0.000000	0.000000	0.000000
-0.948960	0.815567	0.000000	0.819619	0.000000	0.000000	0.000000	0.000000	0.000000	0.000000
-0.948960	0.815393	-0.000000	0.819618	0.000000	0.000000	0.000000	0.000000	0.000000	0.000000
-0.948960	0.815631	0.000000	0.819616	0.000000	0.000000	0.000000	0.000000	0.000000	0.000000
-0.948960	0.815387	-0.000000	0.819609	0.000000	0.000000	0.000000	0.000000	0.000000	0.000000
-0.948960	0.815843	-0.000000	0.819600	0.000000	0.000000	0.000000	0.000000	0.000000	0.000000
-0.948960	0.816143	-0.000000	0.819614	0.000000	0.000000	0.000000	0.000000	0.000000	0.000000
-0.948960	0.815987	-0.000000	0.819618	0.000000	0.000000	0.000000	0.000000	0.000000	0.000000
-0.948960	0.816045	0.000000	0.819546	0.000000	0.000000	0.000000	0.000000	0.000000	0.000000
-0.948960	0.815854	-0.000000	0.819619	0.000000	0.000000	0.000000	0.000000	0.000000	0.000000
-0.948960	0.815551	-0.000000	0.819619	0.000000	0.000000	0.000000	0.000000	0.000000	0.000000
-0.948960	0.815495	0.000000	0.819619	0.000000	0.000000	0.000000	0.000000	0.000000	0.000000
-0.948960	0.815948	-0.000000	0.819619	0.000000	0.000000	0.000000	0.000000	0.000000	0.000000
-0.948960	0.815524	0.000000	0.819619	0.000000	0.000000	0.000000	0.000000	0.000000	0.000000
-0.948960	0.815911	-0.000000	0.819619	0.000000	0.000000	0.000000	0.000000	0.000000	0.000000
-0.948960	0.815632	-0.000000	0.819618	0.000000	0.000000	0.000000	0.000000	0.000000	0.000000
-0.948960	0.815995	0.000000	0.819619	0.000000	0.000000	0.000000	0.000000	0.000000	0.000000
-0.948960	0.815837	-0.000000	0.797434	0.000000	0.000000	0.000000	0.000000	0.000000	0.000000
-0.948960	0.815913	-0.000000	0.819599	0.000000	0.000000	0.000000	0.000000	0.000000	0.000000
-0.948960	0.815935	-0.000000	0.819616	0.000000	0.000000	0.000000	0.000000	0.000000	0.000000
-0.948961	0.815939	-0.000000	0.816824	0.000000	0.000000	0.000000	0.000000	0.000000	0.000000
-0.948960	0.815521	0.000000	0.810378	0.000000	0.000000	0.000000	0.000000	0.000000	0.000000
-0.948960	0.815673	0.000000	0.819619	0.000000	0.000000	0.000000	0.000000	0.000000	0.000000
-0.948960	0.815286	0.000000	0.819590	0.000000	0.000000	0.000000	0.000000	0.000000	0.000000
-0.948960	0.815396	0.000000	0.819619	0.000000	0.000000	0.000000	0.000000	0.000000	0.000000
-0.948960	0.815823	-0.000000	0.819615	0.000000	0.000000	0.000000	0.000000	0.000000	0.000000
-0.948961	0.815881	0.000000	0.819619	0.000000	0.000000	0.000000	0.000000	0.000000	0.000000
-0.948960	0.815308	0.000000	0.819228	0.000000	0.000000	0.000000	0.000000	0.000000	0.000000
-0.948960	0.815363	0.000000	0.819616	0.000000	0.000000	0.000000	0.000000	0.000000	0.000000
-0.948960	0.815602	-0.000000	0.819479	0.000000	0.000000	0.000000	0.000000	0.000000	0.000000
-0.948960	0.815860	-0.000000	0.819618	0.000000	0.000000	0.000000	0.000000	0.000000	0.000000
-0.948960	0.815618	0.000000	0.819619	0.000000	0.000000	0.000000	0.000000	0.000000	0.000000
-0.948961	0.815883	-0.000000	0.819619	0.000000	0.000000	0.000000	0.000000	0.000000	0.000000
-0.948961	0.815602	-0.000000	0.819619	0.000000	0.000000	0.000000	0.000000	0.000000	0.000000
-0.948960	0.815476	0.000000	0.819619	0.000000	0.000000	0.000000	0.000000	0.000000	0.000000
-0.948961	0.815981	-0.000000	0.819619	0.000000	0.000000	0.000000	0.000000	0.000000	0.000000
-0.948960	0.815542	0.000000	0.819619	0.000000	0.000000	0.000000	0.000000	0.000000	0.000000
-0.948961	0.815424	0.000000	0.819616	0.000000	0.000000	0.000000	0.000000	0.000000	0.000000
-0.948960	0.816006	0.000000	0.819619	0.000000	0.000000	0.000000	0.000000	0.000000	0.000000
-0.948960	0.815634	-0.000000	0.819619	0.000000	0.000000	0.000000	0.000000	0.000000	0.000000
-0.948960	0.815637	-0.000000	0.819618	0.000000	0.000000	0.000000	0.000000	0.000000	0.000000
-0.948960	0.815627	0.000000	0.819619	0.000000	0.000000	0.000000	0.000000	0.000000	0.000000
-0.948960	0.815560	0.000000	0.819619	0.000000	0.000000	0.000000	0.000000	0.000000	0.000000
-0.948960	0.815289	0.000000	0.819619	0.000000	0.000000	0.000000	0.000000	0.000000	0.000000
-0.948961	0.815431	0.000000	0.819619	0.000000	0.000000	0.000000	0.000000	0.000000	0.000000
-0.948960	0.816151	-0.000000	0.819618	0.000000	0.000000	0.000000	0.000000	0.000000	0.000000
-0.948961	0.815941	-0.000000	0.819618	0.000000	0.000000	0.000000	0.000000	0.000000	0.000000
-0.948960	0.815643	-0.000000	0.819495	0.000000	0.000000	0.000000	0.000000	0.000000	0.000000
-0.948960	0.815914	-0.000000	0.819618	0.000000	0.000000	0.000000	0.000000	0.000000	0.000000
-0.948960	0.815950	-0.000000	0.819545	0.000000	0.000000	0.000000	0.000000	0.000000	0.000000
-0.948961	0.815968	0.000000	0.819617	0.000000	0.000000	0.000000	0.000000	0.000000	0.000000
-0.948960	0.815594	0.000000	0.819618	0.000000	0.000000	0.000000	0.000000	0.000000	0.000000
-0.948960	0.816098	-0.000000	0.819619	0.000000	0.000000	0.000000	0.000000	0.000000	0.000000
-0.948960	0.815768	0.000000	0.819619	0.000000	0.000000	0.000000	0.000000	0.000000	0.000000
-0.948960	0.815881	-0.000000	0.819619	0.000000	0.000000	0.000000	0.000000	0.000000	0.000000
-0.948960	0.815740	-0.000000	0.819619	0.000000	0.000000	0.000000	0.000000	0.000000	0.000000
-0.948960	0.816114	0.000000	0.819619	0.000000	0.000000	0.000000	0.000000	0.000000	0.000000
-0.948961	0.815507	0.000000	0.819616	0.000000	0.000000	0.000000	0.000000	0.000000	0.000000
-0.948960	0.815661	0.000000	0.819587	0.000000	0.000000	0.000000	0.000000	0.000000	0.000000
-0.948960	0.815816	0.000000	0.819619	0.000000	0.000000	0.000000	0.000000	0.000000	0.000000
-0.948960	0.815833	0.000000	0.819619	0.000000	0.000000	0.000000	0.000000	0.000000	0.000000
-0.948960	0.815834	-0.000000	0.819619	0.000000	0.000000	0.000000	0.000000	0.000000	0.000000
-0.948961	0.815912	0.000000	0.819587	0.000000	0.000000	0.000000	0.000000	0.000000	0.000000
-0.948961	0.815909	-0.000000	0.819619	0.000000	0.000000	0.000000	0.000000	0.000000	0.000000
-0.948960	0.815602	0.000000	0.819619	0.000000	0.000000	0.000000	0.000000	0.000000	0.000000
-0.948960	0.815977	-0.000000	0.815857	0.000000	0.000000	0.000000	0.000000	0.000000	0.000000
-0.948960	0.815494	-0.000000	0.819619	0.000000	0.000000	0.000000	0.000000	0.000000	0.000000
-0.948960	0.816033	-0.000000	0.819619	0.000000	0.000000	0.000000	0.000000	0.000000	0.000000
-0.948960	0.815446	0.000000	0.819619	0.000000	0.000000	0.000000	0.000000	0.000000	0.000000
-0.948961	0.815778	0.000000	0.819619	0.000000	0.000000	0.000000	0.000000	0.000000	0.000000
-0.948960	0.816318	-0.000000	0.819619	0.000000	0.000000	0.000000	0.000000	0.000000	0.000000
-0.948961	0.816024	-0.000000	0.819619	0.000000	0.000000	0.000000	0.000000	0.000000	0.000000
-0.948960	0.815293	-0.000000	0.819619	0.000000	0.000000	0.000000	0.000000	0.000000	0.000000
-0.948960	0.815721	-0.000000	0.819619	0.000000	0.000000	0.000000	0.000000	0.000000	0.000000
-0.948960	0.815888	0.000000	0.819619	0.000000	0.000000	0.000000	0.000000	0.000000	0.000000
-0.948960	0.816092	0.000000	0.819618	0.000000	0.000000	0.000000	0.000000	0.000000	0.000000
-0.948960	0.815677	-0.000000	0.819588	0.000000	0.000000	0.000000	0.000000	0.000000	0.000000
-0.948960	0.815845	-0.000000	0.819619	0.000000	0.000000	0.000000	0.000000	0.000000	0.000000
-0.948960	0.815810	-0.000000	0.819618	0.000000	0.000000	0.000000	0.000000	0.000000	0.000000
-0.948961	0.815322	0.000000	0.819604	0.000000	0.000000	0.000000	0.000000	0.000000	0.000000
-0.948961	0.815818	-0.000000	0.819619	0.000000	0.000000	0.000000	0.000000	0.000000	0.000000
-0.948960	0.815747	-0.000000	0.819619	0.000000	0.000000	0.000000	0.000000	0.000000	0.000000
-0.948960	0.815893	0.000000	0.819616	0.000000	0.000000	0.000000	0.000000	0.000000	0.000000
-0.948960	0.815752	0.000000	0.819619	0.000000	0.000000	0.000000	0.000000	0.000000	0.000000
-0.948960	0.815785	-0.000000	0.819619	0.000000	0.000000	0.000000	0.000000	0.000000	0.000000
-0.948960	0.815632	0.000000	0.819619	0.000000	0.000000	0.000000	0.000000	0.000000	0.000000
-0.948961	0.815256	0.000000	0.819619	0.000000	0.000000	0.000000	0.000000	0.000000	0.000000
-0.948960	0.815718	-0.000000	0.819619	0.000000	0.000000	0.000000	0.000000	0.000000	0.000000
-0.948960	0.815966	-0.000000	0.819619	0.000000	0.000000	0.000000	0.000000	0.000000	0.000000
-0.948961	0.815536	-0.000000	0.819619	0.000000	0.000000	0.000000	0.000000	0.000000	0.000000
-0.948960	0.816235	-0.000000	0.819619	0.000000	0.000000	0.000000	0.000000	0.000000	0.000000
-0.948960	0.816145	-0.000000	0.819534	0.000000	0.000000	0.000000	0.000000	0.000000	0.000000
-0.948960	0.815962	0.000000	0.819619	0.000000	0.000000	0.000000	0.000000	0.000000	0.000000
-0.948960	0.815921	0.000000	0.819619	0.000000	0.000000	0.000000	0.000000	0.000000	0.000000
-0.948960	0.815121	0.000000	0.819544	0.000000	0.000000	0.000000	0.000000	0.000000	0.000000
-0.948961	0.815384	-0.000000	0.819619	0.000000	0.000000	0.000000	0.000000	0.000000	0.000000
-0.948960	0.815693	0.000000	0.819619	0.000000	0.000000	0.000000	0.000000	0.000000	0.000000
-0.948960	0.815834	0.000000	0.819605	0.000000	0.000000	0.000000	0.000000	0.000000	0.000000
-0.948961	0.815421	-0.000000	0.819619	0.000000	0.000000	0.000000	0.000000	0.000000	0.000000
-0.948960	0.815710	0.000000	0.819611	0.000000	0.000000	0.000000	0.000000	0.000000	0.000000
-0.948960	0.815773	-0.000000	0.819618	0.000000	0.000000	0.000000	0.000000	0.000000	0.000000
-0.948961	0.815859	-0.000000	0.819619	0.000000	0.000000	0.000000	0.000000	0.000000	0.000000
-0.948961	0.815921	-0.000000	0.819619	0.000000	0.000000	0.000000	0.000000	0.000000	0.000000
-0.948960	0.815496	0.000000	0.819618	0.000000	0.000000	0.000000	0.000000	0.000000	0.000000
-0.948960	0.815727	0.000000	0.819583	0.000000	0.000000	0.000000	0.000000	0.000000	0.000000
-0.948960	0.815800	-0.000000	0.819619	0.000000	0.000000	0.000000	0.000000	0.000000	0.000000
-0.948960	0.815495	0.000000	0.819619	0.000000	0.000000	0.000000	0.000000	0.000000	0.000000
-0.948961	0.815778	-0.000000	0.818721	0.000000	0.000000	0.000000	0.000000	0.000000	0.000000
-0.948960	0.815930	0.000000	0.819619	0.000000	0.000000	0.000000	0.000000	0.000000	0.000000
-0.948961	0.816250	-0.000000	0.819616	0.000000	0.000000	0.000000	0.000000	0.000000	0.000000
-0.948960	0.816079	-0.000000	0.819619	0.000000	0.000000	0.000000	0.000000	0.000000	0.000000
-0.948961	0.815899	-0.000000	0.819619	0.000000	0.000000	0.000000	0.000000	0.000000	0.000000
-0.948960	0.815169	0.000000	0.819606	0.000000	0.000000	0.000000	0.000000	0.000000	0.000000
-0.948961	0.816015	-0.000000	0.819619	0.000000	0.000000	0.000000	0.000000	0.000000	0.000000
-0.948960	0.815830	0.000000	0.819619	0.000000	0.000000	0.000000	0.000000	0.000000	0.000000
-0.948961	0.815737	0.000000	0.819616	0.000000	0.000000	0.000000	0.000000	0.000000	0.000000
-0.948961	0.815582	-0.000000	0.819593	0.000000	0.000000	0.000000	0.000000	0.000000	0.000000
-0.948960	0.816046	0.000000	0.819614	0.000000	0.000000	0.000000	0.000000	0.000000	0.000000
-0.948960	0.816036	-0.000000	0.819619	0.000000	0.000000	0.000000	0.000000	0.000000	0.000000
-0.948960	0.815997	0.000000	0.819568	0.000000	0.000000	0.000000	0.000000	0.000000	0.000000
-0.948960	0.815872	-0.000000	0.819619	0.000000	0.000000	0.000000	0.000000	0.000000	0.000000
-0.948960	0.816148	0.000000	0.819619	0.000000	0.000000	0.000000	0.000000	0.000000	0.000000
-0.948961	0.816313	0.000000	0.819619	0.000000	0.000000	0.000000	0.000000	0.000000	0.000000
-0.948961	0.816216	-0.000000	0.819619	0.000000	0.000000	0.000000	0.000000	0.000000	0.000000
-0.948960	0.815944	-0.000000	0.819619	0.000000	0.000000	0.000000	0.000000	0.000000	0.000000
-0.948960	0.815752	0.000000	0.819619	0.000000	0.000000	0.000000	0.000000	0.000000	0.000000
-0.948960	0.816058	-0.000000	0.819619	0.000000	0.000000	0.000000	0.000000	0.000000	0.000000
-0.948960	0.815919	0.000000	0.819611	0.000000	0.000000	0.000000	0.000000	0.000000	0.000000
-0.948961	0.815611	0.000000	0.819618	0.000000	0.000000	0.000000	0.000000	0.000000	0.000000
-0.948960	0.815562	0.000000	0.819613	0.000000	0.000000	0.000000	0.000000	0.000000	0.000000
-0.948960	0.816173	-0.000000	0.819616	0.000000	0.000000	0.000000	0.000000	0.000000	0.000000
-0.948960	0.816019	0.000000	0.819608	0.000000	0.000000	0.000000	0.000000	0.000000	0.000000
-0.948961	0.816005	-0.000000	0.819619	0.000000	0.000000	0.000000	0.000000	0.000000	0.000000
-0.948960	0.815795	-0.000000	0.819616	0.000000	0.000000	0.000000	0.000000	0.000000	0.000000
-0.948961	0.815860	-0.000000	0.819619	0.000000	0.000000	0.000000	0.000000	0.000000	0.000000
-0.948960	0.815319	-0.000000	0.819619	0.000000	0.000000	0.000000	0.000000	0.000000	0.000000
-0.948960	0.815460	0.000000	0.819619	0.000000	0.000000	0.000000	0.000000	0.000000	0.000000
-0.948961	0.815662	-0.000000	0.785122	0.000000	0.000000	0.000000	0.000000	0.000000	0.000000
-0.948960	0.815774	-0.000000	0.819619	0.000000	0.000000	0.000000	0.000000	0.000000	0.000000
-0.948960	0.815715	-0.000000	0.819619	0.000000	0.000000	0.000000	0.000000	0.000000	0.000000
-0.948960	0.815065	-0.000000	0.819619	0.000000	0.000000	0.000000	0.000000	0.000000	0.000000
-0.948961	0.815840	0.000000	0.819619	0.000000	0.000000	0.000000	0.000000	0.000000	0.000000
-0.948960	0.815826	-0.000000	0.819544	0.000000	0.000000	0.000000	0.000000	0.000000	0.000000
-0.948960	0.815690	0.000000	0.819619	0.000000	0.000000	0.000000	0.000000	0.000000	0.000000
-0.948960	0.815561	-0.000000	0.819619	0.000000	0.000000	0.000000	0.000000	0.000000	0.000000
-0.948960	0.815887	-0.000000	0.819615	0.000000	0.000000	0.000000	0.000000	0.000000	0.000000
-0.948960	0.815417	0.000000	0.819613	0.000000	0.000000	0.000000	0.000000	0.000000	0.000000
-0.948961	0.815749	-0.000000	0.819619	0.000000	0.000000	0.000000	0.000000	0.000000	0.000000
-0.948961	0.816015	0.000000	0.819501	0.000000	0.000000	0.000000	0.000000	0.000000	0.000000
-0.948960	0.815928	-0.000000	0.819619	0.000000	0.000000	0.000000	0.000000	0.000000	0.000000
-0.948960	0.815979	0.000000	0.819619	0.000000	0.000000	0.000000	0.000000	0.000000	0.000000
-0.948960	0.815219	0.000000	0.819619	0.000000	0.000000	0.000000	0.000000	0.000000	0.000000
-0.948960	0.815800	-0.000000	0.819619	0.000000	0.000000	0.000000	0.000000	0.000000	0.000000
-0.948960	0.815272	0.000000	0.819608	0.000000	0.000000	0.000000	0.000000	0.000000	0.000000
-0.948960	0.815778	-0.000000	0.819618	0.000000	0.000000	0.000000	0.000000	0.000000	0.000000
-0.948960	0.815882	0.000000	0.819619	0.000000	0.000000	0.000000	0.000000	0.000000	0.000000
-0.948960	0.815269	-0.000000	0.819619	0.000000	0.000000	0.000000	0.000000	0.000000	0.000000
-0.948960	0.815858	0.000000	0.819619	0.000000	0.000000	0.000000	0.000000	0.000000	0.000000
-0.948960	0.815687	0.000000	0.819619	0.000000	0.000000	0.000000	0.000000	0.000000	0.000000
-0.948960	0.816300	-0.000000	0.819618	0.000000	0.000000	0.000000	0.000000	0.000000	0.000000
-0.948960	0.815725	0.000000	0.819618	0.000000	0.000000	0.000000	0.000000	0.000000	0.000000
-0.948960	0.815631	0.000000	0.819618	0.000000	0.000000	0.000000	0.000000	0.000000	0.000000
-0.948961	0.816039	-0.000000	0.819619	0.000000	0.000000	0.000000	0.000000	0.000000	0.000000
-0.948961	0.815711	-0.000000	0.819574	0.000000	0.000000	0.000000	0.000000	0.000000	0.000000
-0.948960	0.815311	-0.000000	0.819597	0.000000	0.000000	0.000000	0.000000	0.000000	0.000000
-0.948961	0.815825	0.000000	0.819619	0.000000	0.000000	0.000000	0.000000	0.000000	0.000000
-0.948960	0.816084	-0.000000	0.819614	0.000000	0.000000	0.000000	0.000000	0.000000	0.000000
-0.948960	0.816003	-0.000000	0.819447	0.000000	0.000000	0.000000	0.000000	0.000000	0.000000
-0.948960	0.815900	0.000000	0.819619	0.000000	0.000000	0.000000	0.000000	0.000000	0.000000
-0.948961	0.816218	0.000000	0.819618	0.000000	0.000000	0.000000	0.000000	0.000000	0.000000
-0.948961	0.815844	-0.000000	0.819619	0.000000	0.000000	0.000000	0.000000	0.000000	0.000000
-0.948961	0.815795	-0.000000	0.819619	0.000000	0.000000	0.000000	0.000000	0.000000	0.000000
-0.948960	0.815931	-0.000000	0.819619	0.000000	0.000000	0.000000	0.000000	0.000000	0.000000
-0.948960	0.816347	0.000000	0.819619	0.000000	0.000000	0.000000	0.000000	0.000000	0.000000
-0.948960	0.815741	-0.000000	0.819618	0.000000	0.000000	0.000000	0.000000	0.000000	0.000000
-0.948960	0.815593	0.000000	0.819619	0.000000	0.000000	0.000000	0.000000	0.000000	0.000000
-0.948960	0.816011	-0.000000	0.819501	0.000000	0.000000	0.000000	0.000000	0.000000	0.000000
-0.948960	0.815777	0.000000	0.819618	0.000000	0.000000	0.000000	0.000000	0.000000	0.000000
-0.948961	0.815584	0.000000	0.819619	0.000000	0.000000	0.000000	0.000000	0.000000	0.000000
-0.948961	0.815538	-0.000000	0.819619	0.000000	0.000000	0.000000	0.000000	0.000000	0.000000
-0.948960	0.815439	0.000000	-0.010871	0.000000	0.000000	0.000000	0.000000	0.000000	0.000000
-0.948960	0.815715	-0.000000	-0.815211	0.000000	0.000000	0.000000	0.000000	0.000000	0.000000
-0.948961	0.815792	0.000000	-0.815076	0.000000	0.000000	0.000000	0.000000	0.000000	0.000000
-0.948960	0.816050	0.000000	-0.815486	0.000000	0.000000	0.000000	0.000000	0.000000	0.000000
-0.948960	0.815790	0.000000	-0.815490	0.000000	0.000000	0.000000	0.000000	0.000000	0.000000
-0.948960	0.815462	-0.000000	-0.815489	0.000000	0.000000	0.000000	0.000000	0.000000	0.000000
-0.948961	0.815699	0.000000	-0.815489	0.000000	0.000000	0.000000	0.000000	0.000000	0.000000
-0.948960	0.815479	-0.000000	-0.815490	0.000000	0.000000	0.000000	0.000000	0.000000	0.000000
-0.948961	0.815895	0.000000	-0.815487	0.000000	0.000000	0.000000	0.000000	0.000000	0.000000
-0.948960	0.815945	-0.000000	-0.815490	0.000000	0.000000	0.000000	0.000000	0.000000	0.000000
-0.948960	0.815758	-0.000000	-0.815490	0.000000	0.000000	0.000000	0.000000	0.000000	0.000000
-0.948960	0.815860	-0.000000	-0.815490	0.000000	0.000000	0.000000	0.000000	0.000000	0.000000
-0.948961	0.816035	-0.000000	-0.815489	0.000000	0.000000	0.000000	0.000000	0.000000	0.000000
-0.948960	0.815915	-0.000000	-0.815490	0.000000	0.000000	0.000000	0.000000	0.000000	0.000000
-0.948960	0.815990	-0.000000	-0.815490	0.000000	0.000000	0.000000	0.000000	0.000000	0.000000
-0.948960	0.815379	0.000000	-0.815490	0.000000	0.000000	0.000000	0.000000	0.000000	0.000000
-0.948960	0.816088	0.000000	-0.815310	0.000000	0.000000	0.000000	0.000000	0.000000	0.000000
-0.948960	0.815885	0.000000	-0.815490	0.000000	0.000000	0.000000	0.000000	0.000000	0.000000
-0.948960	0.815715	0.000000	-0.815490	0.000000	0.000000	0.000000	0.000000	0.000000	0.000000
-0.948960	0.815786	0.000000	-0.815490	0.000000	0.000000	0.000000	0.000000	0.000000	0.000000
-0.948961	0.815602	0.000000	-0.815490	0.000000	0.000000	0.000000	0.000000	0.000000	0.000000
-0.948960	0.815872	-0.000000	-0.815490	0.000000	0.000000	0.000000	0.000000	0.000000	0.000000
-0.948960	0.815960	-0.000000	-0.815490	0.000000	0.000000	0.000000	0.000000	0.000000	0.000000
-0.948960	0.815719	-0.000000	-0.815312	0.000000	0.000000	0.000000	0.000000	0.000000	0.000000
-0.948961	0.815955	0.000000	-0.815487	0.000000	0.000000	0.000000	0.000000	0.000000	0.000000
-0.948961	0.815707	0.000000	-0.815325	0.000000	0.000000	0.000000	0.000000	0.000000	0.000000
-0.948961	0.816068	-0.000000	-0.815488	0.000000	0.000000	0.000000	0.000000	0.000000	0.000000
-0.948961	0.815613	-0.000000	-0.815490	0.000000	0.000000	0.000000	0.000000	0.000000	0.000000
-0.948961	0.815537	-0.000000	-0.815477	0.000000	0.000000	0.000000	0.000000	0.000000	0.000000
-0.948960	0.815995	-0.000000	-0.815490	0.000000	0.000000	0.000000	0.000000	0.000000	0.000000
-0.948960	0.815743	-0.000000	-0.815490	0.000000	0.000000	0.000000	0.000000	0.000000	0.000000
-0.948960	0.815703	0.000000	-0.815288	0.000000	0.000000	0.000000	0.000000	0.000000	0.000000
-0.948960	0.815353	0.000000	-0.815026	0.000000	0.000000	0.000000	0.000000	0.000000	0.000000
-0.948960	0.816156	-0.000000	-0.815489	0.000000	0.000000	0.000000	0.000000	0.000000	0.000000
-0.948960	0.815676	0.000000	-0.814022	0.000000	0.000000	0.000000	0.000000	0.000000	0.000000
-0.948960	0.815820	0.000000	-0.815466	0.000000	0.000000	0.000000	0.000000	0.000000	0.000000
-0.948961	0.816157	-0.000000	-0.815482	0.000000	0.000000	0.000000	0.000000	0.000000	0.000000
-0.948961	0.815563	-0.000000	-0.815490	0.000000	0.000000	0.000000	0.000000	0.000000	0.000000
-0.948960	0.815716	-0.000000	-0.815231	0.000000	0.000000	0.000000	0.000000	0.000000	0.000000
-0.948960	0.815334	0.000000	-0.815490	0.000000	0.000000	0.000000	0.000000	0.000000	0.000000
-0.948960	0.815852	-0.000000	-0.815464	0.000000	0.000000	0.000000	0.000000	0.000000	0.000000
-0.948960	0.816004	0.000000	-0.815490	0.000000	0.000000	0.000000	0.000000	0.000000	0.000000
-0.948960	0.815943	-0.000000	-0.815490	0.000000	0.000000	0.000000	0.000000	0.000000	0.000000
-0.948961	0.815435	-0.000000	-0.815488	0.000000	0.000000	0.000000	0.000000	0.000000	0.000000
-0.948960	0.815494	-0.000000	-0.815473	0.000000	0.000000	0.000000	0.000000	0.000000	0.000000
-0.948960	0.815694	-0.000000	-0.815478	0.000000	0.000000	0.000000	0.000000	0.000000	0.000000
-0.948960	0.815653	-0.000000	-0.815490	0.000000	0.000000	0.000000	0.000000	0.000000	0.000000
-0.948961	0.815575	-0.000000	-0.815487	0.000000	0.000000	0.000000	0.000000	0.000000	0.000000
-0.948960	0.815932	-0.000000	-0.815490	0.000000	0.000000	0.000000	0.000000	0.000000	0.000000
-0.948960	0.815351	-0.000000	-0.815490	0.000000	0.000000	0.000000	0.000000	0.000000	0.000000
-0.948960	0.815998	-0.000000	-0.815490	0.000000	0.000000	0.000000	0.000000	0.000000	0.000000
-0.948960	0.815920	-0.000000	-0.815489	0.000000	0.000000	0.000000	0.000000	0.000000	0.000000
-0.948960	0.815416	0.000000	-0.815386	0.000000	0.000000	0.000000	0.000000	0.000000	0.000000
-0.948960	0.816277	-0.000000	-0.815490	0.000000	0.000000	0.000000	0.000000	0.000000	0.000000
-0.948960	0.815892	-0.000000	-0.815490	0.000000	0.000000	0.000000	0.000000	0.000000	0.000000
-0.948961	0.815945	-0.000000	-0.815490	0.000000	0.000000	0.000000	0.000000	0.000000	0.000000
-0.948960	0.815212	-0.000000	-0.815481	0.000000	0.000000	0.000000	0.000000	0.000000	0.000000
-0.948960	0.815710	0.000000	-0.815490	0.000000	0.000000	0.000000	0.000000	0.000000	0.000000
-0.948960	0.815681	0.000000	-0.815489	0.000000	0.000000	0.000000	0.000000	0.000000	0.000000
-0.948960	0.815979	-0.000000	-0.815490	0.000000	0.000000	0.000000	0.000000	0.000000	0.000000
-0.948961	0.815663	-0.000000	-0.815490	0.000000	0.000000	0.000000	0.000000	0.000000	0.000000
-0.948961	0.815913	-0.000000	-0.815490	0.000000	0.000000	0.000000	0.000000	0.000000	0.000000
-0.948960	0.815784	0.000000	-0.815490	0.000000	0.000000	0.000000	0.000000	0.000000	0.000000
-0.948960	0.815894	0.000000	-0.815490	0.000000	0.000000	0.000000	0.000000	0.000000	0.000000
-0.948960	0.816032	0.000000	-0.815490	0.000000	0.000000	0.000000	0.000000	0.000000	0.000000
-0.948960	0.816140	0.000000	-0.815490	0.000000	0.000000	0.000000	0.000000	0.000000	0.000000
-0.948960	0.815780	0.000000	-0.815391	0.000000	0.000000	0.000000	0.000000	0.000000	0.000000
-0.948960	0.815259	0.000000	-0.815490	0.000000	0.000000	0.000000	0.000000	0.000000	0.000000
-0.948960	0.815733	0.000000	-0.815490	0.000000	0.000000	0.000000	0.000000	0.000000	0.000000
-0.948960	0.815590	-0.000000	-0.815466	0.000000	0.000000	0.000000	0.000000	0.000000	0.000000
-0.948960	0.815822	0.000000	-0.815490	0.000000	0.000000	0.000000	0.000000	0.000000	0.000000
-0.948960	0.815415	0.000000	-0.815490	0.000000	0.000000	0.000000	0.000000	0.000000	0.000000
-0.948960	0.815479	0.000000	-0.815490	0.000000	0.000000	0.000000	0.000000	0.000000	0.000000
-0.948960	0.815845	-0.000000	-0.815490	0.000000	0.000000	0.000000	0.000000	0.000000	0.000000
-0.948961	0.815677	0.000000	-0.815490	0.000000	0.000000	0.000000	0.000000	0.000000	0.000000
-0.948960	0.815751	0.000000	-0.815490	0.000000	0.000000	0.000000	0.000000	0.000000	0.000000
-0.948960	0.815415	0.000000	-0.815490	0.000000	0.000000	0.000000	0.000000	0.000000	0.000000
-0.948961	0.815507	0.000000	-0.815490	0.000000	0.000000	0.000000	0.000000	0.000000	0.000000
-0.948960	0.816024	-0.000000	-0.815490	0.000000	0.000000	0.000000	0.000000	0.000000	0.000000
-0.948960	0.815790	-0.000000	-0.815473	0.000000	0.000000	0.000000	0.000000	0.000000	0.000000
-0.948960	0.815849	0.000000	-0.815490	0.000000	0.000000	0.000000	0.000000	0.000000	0.000000
-0.948961	0.816070	-0.000000	-0.815490	0.000000	0.000000	0.000000	0.000000	0.000000	0.000000
-0.948960	0.815759	0.000000	-0.815490	0.000000	0.000000	0.000000	0.000000	0.000000	0.000000
-0.948960	0.815718	-0.000000	-0.815485	0.000000	0.000000	0.000000	0.000000	0.000000	0.000000
-0.948960	0.815796	0.000000	-0.815160	0.000000	0.000000	0.000000	0.000000	0.000000	0.000000
-0.948960	0.815903	0.000000	-0.815312	0.000000	0.000000	0.000000	0.000000	0.000000	0.000000
-0.948960	0.815543	0.000000	-0.815490	0.000000	0.000000	0.000000	0.000000	0.000000	0.000000
-0.948961	0.815717	0.000000	-0.815490	0.000000	0.000000	0.000000	0.000000	0.000000	0.000000
-0.948960	0.815206	0.000000	-0.815490	0.000000	0.000000	0.000000	0.000000	0.000000	0.000000
-0.948961	0.815742	-0.000000	-0.815490	0.000000	0.000000	0.000000	0.000000	0.000000	0.000000
-0.948961	0.815406	0.000000	-0.815490	0.000000	0.000000	0.000000	0.000000	0.000000	0.000000
-0.948960	0.815742	-0.000000	-0.815490	0.000000	0.000000	0.000000	0.000000	0.000000	0.000000
-0.948960	0.815654	-0.000000	-0.815489	0.000000	0.000000	0.000000	0.000000	0.000000	0.000000
-0.948960	0.815416	-0.000000	-0.815487	0.000000	0.000000	0.000000	0.000000	0.000000	0.000000
-0.948961	0.815610	0.000000	-0.815490	0.000000	0.000000	0.000000	0.000000	0.000000	0.000000
-0.948960	0.815596	0.000000	-0.815490	0.000000	0.000000	0.000000	0.000000	0.000000	0.000000
-0.948960	0.815828	-0.000000	-0.815489	0.000000	0.000000	0.000000	0.000000	0.000000	0.000000
-0.948960	0.815311	0.000000	-0.815471	0.000000	0.000000	0.000000	0.000000	0.000000	0.000000
-0.948960	0.815657	0.000000	-0.815486	0.000000	0.000000	0.000000	0.000000	0.000000	0.000000
-0.948961	0.815366	0.000000	-0.815490	0.000000	0.000000	0.000000	0.000000	0.000000	0.000000
-0.948960	0.815641	-0.000000	-0.815490	0.000000	0.000000	0.000000	0.000000	0.000000	0.000000
-0.948961	0.815882	-0.000000	-0.815490	0.000000	0.000000	0.000000	0.000000	0.000000	0.000000
-0.948960	0.815510	-0.000000	-0.815459	0.000000	0.000000	0.000000	0.000000	0.000000	0.000000
-0.948960	0.816047	-0.000000	-0.815490	0.000000	0.000000	0.000000	0.000000	0.000000	0.000000
-0.948960	0.815859	-0.000000	-0.815489	0.000000	0.000000	0.000000	0.000000	0.000000	0.000000
-0.948960	0.815708	0.000000	-0.815490	0.000000	0.000000	0.000000	0.000000	0.000000	0.000000
-0.948960	0.816137	0.000000	-0.815490	0.000000	0.000000	0.000000	0.000000	0.000000	0.000000
-0.948960	0.815486	0.000000	-0.815481	0.000000	0.000000	0.000000	0.000000	0.000000	0.000000
-0.948960	0.815685	-0.000000	-0.815361	0.000000	0.000000	0.000000	0.000000	0.000000	0.000000
-0.948961	0.816258	-0.000000	-0.815490	0.000000	0.000000	0.000000	0.000000	0.000000	0.000000
-0.948960	0.815972	0.000000	-0.815490	0.000000	0.000000	0.000000	0.000000	0.000000	0.000000
-0.948960	0.815472	0.000000	-0.815490	0.000000	0.000000	0.000000	0.000000	0.000000	0.000000
-0.948961	0.815555	0.000000	-0.815488	0.000000	0.000000	0.000000	0.000000	0.000000	0.000000
-0.948960	0.815660	0.000000	-0.815463	0.000000	0.000000	0.000000	0.000000	0.000000	0.000000
-0.948960	0.815345	-0.000000	-0.815490	0.000000	0.000000	0.000000	0.000000	0.000000	0.000000
-0.948960	0.815585	-0.000000	-0.815490	0.000000	0.000000	0.000000	0.000000	0.000000	0.000000
-0.948960	0.815912	0.000000	-0.815489	0.000000	0.000000	0.000000	0.000000	0.000000	0.000000
-0.948960	0.815705	-0.000000	-0.815487	0.000000	0.000000	0.000000	0.000000	0.000000	0.000000
-0.948960	0.815551	0.000000	-0.815456	0.000000	0.000000	0.000000	0.000000	0.000000	0.000000
-0.948960	0.815595	0.000000	-0.636726	0.000000	0.000000	0.000000	0.000000	0.000000	0.000000
-0.948961	0.815771	-0.000000	-0.815490	0.000000	0.000000	0.000000	0.000000	0.000000	0.000000
-0.948960	0.815887	-0.000000	-0.815490	0.000000	0.000000	0.000000	0.000000	0.000000	0.000000
-0.948960	0.815667	0.000000	-0.815490	0.000000	0.000000	0.000000	0.000000	0.000000	0.000000
-0.948960	0.816020	0.000000	-0.815490	0.000000	0.000000	0.000000	0.000000	0.000000	0.000000
-0.948960	0.815493	-0.000000	-0.815490	0.000000	0.000000	0.000000	0.000000	0.000000	0.000000
-0.948960	0.815613	-0.000000	-0.815489	0.000000	0.000000	0.000000	0.000000	0.000000	0.000000
-0.948960	0.815747	-0.000000	-0.815289	0.000000	0.000000	0.000000	0.000000	0.000000	0.000000
-0.948960	0.815605	0.000000	-0.815485	0.000000	0.000000	0.000000	0.000000	0.000000	0.000000
-0.948960	0.815627	0.000000	-0.815490	0.000000	0.000000	0.000000	0.000000	0.000000	0.000000
-0.948960	0.815426	0.000000	-0.815488	0.000000	0.000000	0.000000	0.000000	0.000000	0.000000
-0.948960	0.815998	-0.000000	-0.815490	0.000000	0.000000	0.000000	0.000000	0.000000	0.000000
-0.948960	0.815623	-0.000000	-0.815490	0.000000	0.000000	0.000000	0.000000	0.000000	0.000000
-0.948961	0.815735	0.000000	-0.815489	0.000000	0.000000	0.000000	0.000000	0.000000	0.000000
-0.948960	0.815667	0.000000	-0.815376	0.000000	0.000000	0.000000	0.000000	0.000000	0.000000
-0.948960	0.816208	0.000000	-0.815490	0.000000	0.000000	0.000000	0.000000	0.000000	0.000000
-0.948960	0.815674	-0.000000	-0.815490	0.000000	0.000000	0.000000	0.000000	0.000000	0.000000
-0.948960	0.815812	-0.000000	-0.815490	0.000000	0.000000	0.000000	0.000000	0.000000	0.000000
-0.948961	0.815948	0.000000	-0.815490	0.000000	0.000000	0.000000	0.000000	0.000000	0.000000
-0.948961	0.816059	0.000000	-0.815490	0.000000	0.000000	0.000000	0.000000	0.000000	0.000000
-0.948961	0.815705	0.000000	-0.815490	0.000000	0.000000	0.000000	0.000000	0.000000	0.000000
-0.948961	0.815783	0.000000	-0.815486	0.000000	0.000000	0.000000	0.000000	0.000000	0.000000
-0.948960	0.815679	0.000000	-0.815477	0.000000	0.000000	0.000000	0.000000	0.000000	0.000000
-0.948960	0.815859	-0.000000	-0.815487	0.000000	0.000000	0.000000	0.000000	0.000000	0.000000
-0.948961	0.815810	-0.000000	-0.815490	0.000000	0.000000	0.000000	0.000000	0.000000	0.000000
-0.948960	0.815920	-0.000000	-0.815467	0.000000	0.000000	0.000000	0.000000	0.000000	0.000000
-0.948960	0.816474	-0.000000	-0.815490	0.000000	0.000000	0.000000	0.000000	0.000000	0.000000
-0.948960	0.815928	0.000000	-0.815469	0.000000	0.000000	0.000000	0.000000	0.000000	0.000000
-0.948960	0.815704	0.000000	-0.815490	0.000000	0.000000	0.000000	0.000000	0.000000	0.000000
-0.948960	0.815915	-0.000000	-0.815490	0.000000	0.000000	0.000000	0.000000	0.000000	0.000000
-0.948960	0.815927	-0.000000	-0.815485	0.000000	0.000000	0.000000	0.000000	0.000000	0.000000
-0.948960	0.815982	-0.000000	-0.815489	0.000000	0.000000	0.000000	0.000000	0.000000	0.000000
-0.948960	0.815994	-0.000000	-0.815490	0.000000	0.000000	0.000000	0.000000	0.000000	0.000000
-0.948961	0.815607	-0.000000	-0.815459	0.000000	0.000000	0.000000	0.000000	0.000000	0.000000
-0.948961	0.815809	-0.000000	-0.815458	0.000000	0.000000	0.000000	0.000000	0.000000	0.000000
-0.948960	0.815799	0.000000	-0.815490	0.000000	0.000000	0.000000	0.000000	0.000000	0.000000
-0.948961	0.815816	0.000000	-0.815490	0.000000	0.000000	0.000000	0.000000	0.000000	0.000000
-0.948960	0.815789	-0.000000	-0.815490	0.000000	0.000000	0.000000	0.000000	0.000000	0.000000
-0.948961	0.815757	-0.000000	-0.815490	0.000000	0.000000	0.000000	0.000000	0.000000	0.000000
-0.948960	0.815633	-0.000000	-0.815490	0.000000	0.000000	0.000000	0.000000	0.000000	0.000000
-0.948960	0.816194	-0.000000	-0.815490	0.000000	0.000000	0.000000	0.000000	0.000000	0.000000
-0.948960	0.815806	-0.000000	-0.815490	0.000000	0.000000	0.000000	0.000000	0.000000	0.000000
-0.948961	0.815516	-0.000000	-0.808010	0.000000	0.000000	0.000000	0.000000	0.000000	0.000000
-0.948960	0.815586	-0.000000	-0.815489	0.000000	0.000000	0.000000	0.000000	0.000000	0.000000
-0.948960	0.815719	0.000000	-0.815490	0.000000	0.000000	0.000000	0.000000	0.000000	0.000000
-0.948960	0.815974	-0.000000	-0.815486	0.000000	0.000000	0.000000	0.000000	0.000000	0.000000
-0.948960	0.816077	-0.000000	-0.815490	0.000000	0.000000	0.000000	0.000000	0.000000	0.000000
-0.948961	0.815866	0.000000	-0.815490	0.000000	0.000000	0.000000	0.000000	0.000000	0.000000
-0.948960	0.816081	-0.000000	-0.815490	0.000000	0.000000	0.000000	0.000000	0.000000	0.000000
-0.948960	0.815785	-0.000000	-0.815490	0.000000	0.000000	0.000000	0.000000	0.000000	0.000000
-0.948960	0.815851	-0.000000	-0.815490	0.000000	0.000000	0.000000	0.000000	0.000000	0.000000
-0.948960	0.815754	-0.000000	-0.815458	0.000000	0.000000	0.000000	0.000000	0.000000	0.000000
-0.948961	0.815818	-0.000000	-0.815490	0.000000	0.000000	0.000000	0.000000	0.000000	0.000000
-0.948960	0.815902	-0.000000	-0.815490	0.000000	0.000000	0.000000	0.000000	0.000000	0.000000
-0.948960	0.815850	-0.000000	-0.815490	0.000000	0.000000	0.000000	0.000000	0.000000	0.000000
-0.948960	0.815287	0.000000	-0.815438	0.000000	0.000000	0.000000	0.000000	0.000000	0.000000
-0.948960	0.815896	-0.000000	-0.815490	0.000000	0.000000	0.000000	0.000000	0.000000	0.000000
-0.948960	0.816058	-0.000000	-0.815490	0.000000	0.000000	0.000000	0.000000	0.000000	0.000000
-0.948961	0.815563	0.000000	-0.815490	0.000000	0.000000	0.000000	0.000000	0.000000	0.000000
-0.948961	0.815634	0.000000	-0.815490	0.000000	0.000000	0.000000	0.000000	0.000000	0.000000
-0.948960	0.815908	0.000000	-0.815490	0.000000	0.000000	0.000000	0.000000	0.000000	0.000000
-0.948960	0.815677	0.000000	-0.815179	0.000000	0.000000	0.000000	0.000000	0.000000	0.000000
-0.948961	0.812884	0.000000	-0.815490	0.000000	0.000000	0.000000	0.000000	0.000000	0.000000
-0.948960	0.815970	-0.000000	-0.815483	0.000000	0.000000	0.000000	0.000000	0.000000	0.000000
-0.948960	0.815888	-0.000000	-0.815482	0.000000	0.000000	0.000000	0.000000	0.000000	0.000000
-0.948960	0.815308	-0.000000	-0.815490	0.000000	0.000000	0.000000	0.000000	0.000000	0.000000
-0.948960	0.815513	-0.000000	-0.815479	0.000000	0.000000	0.000000	0.000000	0.000000	0.000000
-0.948960	0.815466	0.000000	-0.815490	0.000000	0.000000	0.000000	0.000000	0.000000	0.000000
-0.948960	0.816044	-0.000000	-0.815484	0.000000	0.000000	0.000000	0.000000	0.000000	0.000000
-0.948960	0.816195	-0.000000	-0.815490	0.000000	0.000000	0.000000	0.000000	0.000000	0.000000
-0.948960	0.815787	0.000000	-0.815490	0.000000	0.000000	0.000000	0.000000	0.000000	0.000000
-0.948960	0.815781	-0.000000	-0.815490	0.000000	0.000000	0.000000	0.000000	0.000000	0.000000
-0.948960	0.815886	0.000000	-0.801901	0.000000	0.000000	0.000000	0.000000	0.000000	0.000000
-0.948960	0.815890	0.000000	-0.815489	0.000000	0.000000	0.000000	0.000000	0.000000	0.000000
-0.948960	0.815444	-0.000000	-0.815490	0.000000	0.000000	0.000000	0.000000	0.000000	0.000000
-0.948960	0.815907	0.000000	-0.815490	0.000000	0.000000	0.000000	0.000000	0.000000	0.000000
-0.948960	0.815492	0.000000	-0.815490	0.000000	0.000000	0.000000	0.000000	0.000000	0.000000
-0.948960	0.815505	-0.000000	-0.815490	0.000000	0.000000	0.000000	0.000000	0.000000	0.000000
-0.948961	0.815920	0.000000	-0.786566	0.000000	0.000000	0.000000	0.000000	0.000000	0.000000
-0.948961	0.816091	-0.000000	-0.815490	0.000000	0.000000	0.000000	0.000000	0.000000	0.000000
-0.948960	0.814801	0.000000	-0.815490	0.000000	0.000000	0.000000	0.000000	0.000000	0.000000
-0.948961	0.815512	-0.000000	-0.815490	0.000000	0.000000	0.000000	0.000000	0.000000	0.000000
-0.948961	0.816048	-0.000000	-0.815489	0.000000	0.000000	0.000000	0.000000	0.000000	0.000000
-0.948960	0.815822	-0.000000	-0.815490	0.000000	0.000000	0.000000	0.000000	0.000000	0.000000
-0.948961	0.815738	0.000000	-0.815490	0.000000	0.000000	0.000000	0.000000	0.000000	0.000000
-0.948960	0.815329	0.000000	-0.815490	0.000000	0.000000	0.000000	0.000000	0.000000	0.000000
-0.948960	0.815627	-0.000000	-0.815490	0.000000	0.000000	0.000000	0.000000	0.000000	0.000000
-0.948960	0.815951	0.000000	-0.815467	0.000000	0.000000	0.000000	0.000000	0.000000	0.000000
-0.948960	0.815892	0.000000	-0.815489	0.000000	0.000000	0.000000	0.000000	0.000000	0.000000
-0.948960	0.816624	-0.000000	-0.815490	0.000000	0.000000	0.000000	0.000000	0.000000	0.000000
-0.948960	0.815545	0.000000	-0.812195	0.000000	0.000000	0.000000	0.000000	0.000000	0.000000
-0.948960	0.816090	-0.000000	-0.815490	0.000000	0.000000	0.000000	0.000000	0.000000	0.000000
-0.948961	0.816240	-0.000000	-0.815488	0.000000	0.000000	0.000000	0.000000	0.000000	0.000000
-0.948961	0.815510	-0.000000	-0.815490	0.000000	0.000000	0.000000	0.000000	0.000000	0.000000
-0.948960	0.815462	0.000000	-0.815490	0.000000	0.000000	0.000000	0.000000	0.000000	0.000000
-0.948960	0.815840	-0.000000	-0.815490	0.000000	0.000000	0.000000	0.000000	0.000000	0.000000
-0.948960	0.815840	-0.000000	-0.815490	0.000000	0.000000	0.000000	0.000000	0.000000	0.000000
-0.948960	0.815655	0.000000	-0.815490	0.000000	0.000000	0.000000	0.000000	0.000000	0.000000
-0.948961	0.816012	0.000000	-0.815490	0.000000	0.000000	0.000000	0.000000	0.000000	0.000000
-0.948961	0.815582	-0.000000	-0.815490	0.000000	0.000000	0.000000	0.000000	0.000000	0.000000
-0.948960	0.815790	-0.000000	-0.815301	0.000000	0.000000	0.000000	0.000000	0.000000	0.000000
-0.948961	0.816313	0.000000	-0.815490	0.000000	0.000000	0.000000	0.000000	0.000000	0.000000
-0.948960	0.815775	-0.000000	-0.815489	0.000000	0.000000	0.000000	0.000000	0.000000	0.000000
-0.948960	0.816088	-0.000000	-0.814982	0.000000	0.000000	0.000000	0.000000	0.000000	0.000000
-0.948961	0.815816	0.000000	-0.815448	0.000000	0.000000	0.000000	0.000000	0.000000	0.000000
-0.948961	0.815803	0.000000	-0.815490	0.000000	0.000000	0.000000	0.000000	0.000000	0.000000
-0.948960	0.815615	-0.000000	-0.815462	0.000000	0.000000	0.000000	0.000000	0.000000	0.000000
-0.948961	0.816263	-0.000000	-0.815490	0.000000	0.000000	0.000000	0.000000	0.000000	0.000000
-0.948960	0.815555	0.000000	-0.815490	0.000000	0.000000	0.000000	0.000000	0.000000	0.000000
-0.948960	0.815674	0.000000	-0.815490	0.000000	0.000000	0.000000	0.000000	0.000000	0.000000
-0.948960	0.816184	-0.000000	-0.815490	0.000000	0.000000	0.000000	0.000000	0.000000	0.000000
-0.948961	0.815694	-0.000000	-0.815490	0.000000	0.000000	0.000000	0.000000	0.000000	0.000000
-0.948960	0.815849	0.000000	-0.815490	0.000000	0.000000	0.000000	0.000000	0.000000	0.000000
-0.948960	0.815739	0.000000	-0.815490	0.000000	0.000000	0.000000	0.000000	0.000000	0.000000
-0.948961	0.815917	-0.000000	-0.815490	0.000000	0.000000	0.000000	0.000000	0.000000	0.000000
-0.948961	0.816243	0.000000	-0.815490	0.000000	0.000000	0.000000	0.000000	0.000000	0.000000
-0.948960	0.816059	0.000000	-0.815490	0.000000	0.000000	0.000000	0.000000	0.000000	0.000000
-0.948960	0.816196	0.000000	-0.815490	0.000000	0.000000	0.000000	0.000000	0.000000	0.000000
-0.948961	0.816020	-0.000000	-0.815490	0.000000	0.000000	0.000000	0.000000	0.000000	0.000000
-0.948960	0.815722	0.000000	-0.815490	0.000000	0.000000	0.000000	0.000000	0.000000	0.000000
-0.948960	0.815488	0.000000	-0.815490	0.000000	0.000000	0.000000	0.000000	0.000000	0.000000
-0.948960	0.815419	0.000000	-0.815490	0.000000	0.000000	0.000000	0.000000	0.000000	0.000000
-0.948961	0.815376	-0.000000	-0.815480	0.000000	0.000000	0.000000	0.000000	0.000000	0.000000
-0.948960	0.815585	0.000000	-0.815489	0.000000	0.000000	0.000000	0.000000	0.000000	0.000000
-0.948960	0.815833	-0.000000	-0.815490	0.000000	0.000000	0.000000	0.000000	0.000000	0.000000
-0.948960	0.815752	0.000000	-0.815490	0.000000	0.000000	0.000000	0.000000	0.000000	0.000000
-0.948960	0.815599	-0.000000	-0.815490	0.000000	0.000000	0.000000	0.000000	0.000000	0.000000
-0.948960	0.815453	-0.000000	-0.815486	0.000000	0.000000	0.000000	0.000000	0.000000	0.000000
-0.948960	0.815464	0.000000	-0.813997	0.000000	0.000000	0.000000	0.000000	0.000000	0.000000
-0.948960	0.815752	-0.000000	-0.815484	0.000000	0.000000	0.000000	0.000000	0.000000	0.000000
-0.948960	0.815617	-0.000000	-0.815490	0.000000	0.000000	0.000000	0.000000	0.000000	0.000000
