-0.949250	0.849187	0.873453	-0.889083	0.000000	0.000000	0.000000	0.000000	0.000000	0.000000
-0.949162	0.849186	0.873454	-0.889273	0.000000	0.000000	0.000000	0.000000	0.000000	0.000000
-0.949276	0.849186	0.873454	-0.888951	0.000000	0.000000	0.000000	0.000000	0.000000	0.000000
-0.949241	0.849186	0.873454	-0.889308	0.000000	0.000000	0.000000	0.000000	0.000000	0.000000
-0.949222	0.849186	0.873454	-0.888462	0.000000	0.000000	0.000000	0.000000	0.000000	0.000000
-0.949013	0.849186	0.873374	-0.889202	0.000000	0.000000	0.000000	0.000000	0.000000	0.000000
-0.949023	0.849186	0.873454	-0.889132	0.000000	0.000000	0.000000	0.000000	0.000000	0.000000
-0.949152	0.849187	0.873454	-0.888912	0.000000	0.000000	0.000000	0.000000	0.000000	0.000000
-0.949158	0.849186	0.873454	-0.888963	0.000000	0.000000	0.000000	0.000000	0.000000	0.000000
-0.949033	0.849186	0.873454	-0.889302	0.000000	0.000000	0.000000	0.000000	0.000000	0.000000
-0.949124	0.849186	0.873453	-0.889383	0.000000	0.000000	0.000000	0.000000	0.000000	0.000000
-0.949136	0.849187	0.870983	-0.889111	0.000000	0.000000	0.000000	0.000000	0.000000	0.000000
-0.949318	0.849186	0.873454	-0.888906	0.000000	0.000000	0.000000	0.000000	0.000000	0.000000
-0.949180	0.849186	0.873454	-0.888504	0.000000	0.000000	0.000000	0.000000	0.000000	0.000000
-0.949277	0.849186	0.873454	-0.888935	0.000000	0.000000	0.000000	0.000000	0.000000	0.000000
-0.949023	0.849186	0.873454	-0.889010	0.000000	0.000000	0.000000	0.000000	0.000000	0.000000
-0.949261	0.849186	0.873452	-0.889245	0.000000	0.000000	0.000000	0.000000	0.000000	0.000000
-0.949373	0.849187	0.873454	-0.885477	0.000000	0.000000	0.000000	0.000000	0.000000	0.000000
-0.948985	0.849186	0.873454	-0.889249	0.000000	0.000000	0.000000	0.000000	0.000000	0.000000
-0.949283	0.849186	0.873454	-0.888915	0.000000	0.000000	0.000000	0.000000	0.000000	0.000000
-0.949378	0.849186	0.873454	-0.889176	0.000000	0.000000	0.000000	0.000000	0.000000	0.000000
-0.949159	0.849186	0.873454	-0.889013	0.000000	0.000000	0.000000	0.000000	0.000000	0.000000
-0.949319	0.849186	0.873454	-0.887730	0.000000	0.000000	0.000000	0.000000	0.000000	0.000000
-0.949228	0.849186	0.873454	-0.889681	0.000000	0.000000	0.000000	0.000000	0.000000	0.000000
-0.949291	0.849186	0.873449	-0.889114	0.000000	0.000000	0.000000	0.000000	0.000000	0.000000
-0.949337	0.849186	0.873454	-0.889490	0.000000	0.000000	0.000000	0.000000	0.000000	0.000000
-0.949467	0.849186	0.873454	-0.888529	0.000000	0.000000	0.000000	0.000000	0.000000	0.000000
-0.949197	0.849186	0.873454	-0.879599	0.000000	0.000000	0.000000	0.000000	0.000000	0.000000
-0.949221	0.849186	0.873453	-0.888906	0.000000	0.000000	0.000000	0.000000	0.000000	0.000000
-0.949104	0.849186	0.873453	-0.889136	0.000000	0.000000	0.000000	0.000000	0.000000	0.000000
-0.949555	0.849186	0.873454	-0.889037	0.000000	0.000000	0.000000	0.000000	0.000000	0.000000
-0.949152	0.849186	0.873454	-0.889169	0.000000	0.000000	0.000000	0.000000	0.000000	0.000000
-0.949262	0.849187	0.873443	-0.889024	0.000000	0.000000	0.000000	0.000000	0.000000	0.000000
-0.949174	0.849187	0.873454	-0.889070	0.000000	0.000000	0.000000	0.000000	0.000000	0.000000
-0.949075	0.849187	0.873452	-0.889505	0.000000	0.000000	0.000000	0.000000	0.000000	0.000000
-0.949348	0.849186	0.873453	-0.888910	0.000000	0.000000	0.000000	0.000000	0.000000	0.000000
-0.949075	0.849186	0.873454	-0.888821	0.000000	0.000000	0.000000	0.000000	0.000000	0.000000
-0.949241	0.849186	0.873454	-0.889113	0.000000	0.000000	0.000000	0.000000	0.000000	0.000000
-0.949322	0.849187	0.873454	-0.886237	0.000000	0.000000	0.000000	0.000000	0.000000	0.000000
-0.949072	0.849186	0.873454	-0.889169	0.000000	0.000000	0.000000	0.000000	0.000000	0.000000
-0.949111	0.849186	0.873454	-0.886663	0.000000	0.000000	0.000000	0.000000	0.000000	0.000000
-0.949182	0.849187	0.873454	-0.888899	0.000000	0.000000	0.000000	0.000000	0.000000	0.000000
-0.949195	0.849187	0.873454	-0.888896	0.000000	0.000000	0.000000	0.000000	0.000000	0.000000
-0.949058	0.849186	0.873454	-0.889029	0.000000	0.000000	0.000000	0.000000	0.000000	0.000000
-0.949092	0.849186	0.873454	-0.888937	0.000000	0.000000	0.000000	0.000000	0.000000	0.000000
-0.949157	0.849186	0.873454	-0.889069	0.000000	0.000000	0.000000	0.000000	0.000000	0.000000
-0.949193	0.849185	0.873454	-0.888607	0.000000	0.000000	0.000000	0.000000	0.000000	0.000000
-0.948828	0.849186	0.873454	-0.888977	0.000000	0.000000	0.000000	0.000000	0.000000	0.000000
-0.948827	0.849186	0.873454	-0.888219	0.000000	0.000000	0.000000	0.000000	0.000000	0.000000
-0.949036	0.849187	0.872666	-0.889044	0.000000	0.000000	0.000000	0.000000	0.000000	0.000000
-0.949033	0.849186	0.873454	-0.889039	0.000000	0.000000	0.000000	0.000000	0.000000	0.000000
-0.949268	0.849186	0.873454	-0.889415	0.000000	0.000000	0.000000	0.000000	0.000000	0.000000
-0.948981	0.849186	0.873454	-0.888972	0.000000	0.000000	0.000000	0.000000	0.000000	0.000000
-0.949427	0.849186	0.873453	-0.889182	0.000000	0.000000	0.000000	0.000000	0.000000	0.000000
-0.949238	0.849186	0.873453	-0.888795	0.000000	0.000000	0.000000	0.000000	0.000000	0.000000
-0.948991	0.849187	0.873454	-0.889484	0.000000	0.000000	0.000000	0.000000	0.000000	0.000000
-0.949170	0.849164	0.873454	-0.888998	0.000000	0.000000	0.000000	0.000000	0.000000	0.000000
-0.949171	0.849186	0.873454	-0.889186	0.000000	0.000000	0.000000	0.000000	0.000000	0.000000
-0.949329	0.849186	0.873454	-0.889418	0.000000	0.000000	0.000000	0.000000	0.000000	0.000000
-0.949016	0.849186	0.873454	-0.889646	0.000000	0.000000	0.000000	0.000000	0.000000	0.000000
-0.949303	0.849186	0.873454	-0.888874	0.000000	0.000000	0.000000	0.000000	0.000000	0.000000
-0.948787	0.849186	0.873454	-0.889324	0.000000	0.000000	0.000000	0.000000	0.000000	0.000000
-0.949101	0.849186	0.873454	-0.888917	0.000000	0.000000	0.000000	0.000000	0.000000	0.000000
-0.949220	0.849186	0.873454	-0.889414	0.000000	0.000000	0.000000	0.000000	0.000000	0.000000
-0.949341	0.849187	0.873454	-0.888276	0.000000	0.000000	0.000000	0.000000	0.000000	0.000000
-0.949040	0.849186	0.873453	-0.889154	0.000000	0.000000	0.000000	0.000000	0.000000	0.000000
-0.949165	0.849187	0.873454	-0.889152	0.000000	0.000000	0.000000	0.000000	0.000000	0.000000
-0.949053	0.849187	0.873451	-0.889337	0.000000	0.000000	0.000000	0.000000	0.000000	0.000000
-0.949080	0.849187	0.873454	-0.889335	0.000000	0.000000	0.000000	0.000000	0.000000	0.000000
-0.949250	0.849186	0.873454	-0.889018	0.000000	0.000000	0.000000	0.000000	0.000000	0.000000
-0.949042	0.849186	0.873454	-0.888907	0.000000	0.000000	0.000000	0.000000	0.000000	0.000000
-0.948979	0.849186	0.873454	-0.889309	0.000000	0.000000	0.000000	0.000000	0.000000	0.000000
-0.949278	0.849186	0.873454	-0.885775	0.000000	0.000000	0.000000	0.000000	0.000000	0.000000
-0.949152	0.849186	0.873454	-0.888806	0.000000	0.000000	0.000000	0.000000	0.000000	0.000000
-0.949271	0.849186	0.873454	-0.888893	0.000000	0.000000	0.000000	0.000000	0.000000	0.000000
-0.949254	0.849186	0.873454	-0.889212	0.000000	0.000000	0.000000	0.000000	0.000000	0.000000
-0.948955	0.849187	0.873454	-0.888983	0.000000	0.000000	0.000000	0.000000	0.000000	0.000000
-0.949234	0.849186	0.873454	-0.889235	0.000000	0.000000	0.000000	0.000000	0.000000	0.000000
-0.949180	0.849187	0.873450	-0.889078	0.000000	0.000000	0.000000	0.000000	0.000000	0.000000
-0.949008	0.849186	0.873454	-0.889544	0.000000	0.000000	0.000000	0.000000	0.000000	0.000000
-0.949205	0.849186	0.873454	-0.888942	0.000000	0.000000	0.000000	0.000000	0.000000	0.000000
-0.949031	0.849186	0.873454	-0.886469	0.000000	0.000000	0.000000	0.000000	0.000000	0.000000
-0.948915	0.849186	0.873454	-0.889199	0.000000	0.000000	0.000000	0.000000	0.000000	0.000000
-0.949214	0.849186	0.873454	-0.888791	0.000000	0.000000	0.000000	0.000000	0.000000	0.000000
-0.948700	0.849186	0.873454	-0.888241	0.000000	0.000000	0.000000	0.000000	0.000000	0.000000
-0.949281	0.849187	0.873454	-0.888817	0.000000	0.000000	0.000000	0.000000	0.000000	0.000000
-0.949524	0.849186	0.873454	-0.888217	0.000000	0.000000	0.000000	0.000000	0.000000	0.000000
-0.949127	0.849186	0.873454	-0.888897	0.000000	0.000000	0.000000	0.000000	0.000000	0.000000
-0.949319	0.849186	0.873454	-0.888925	0.000000	0.000000	0.000000	0.000000	0.000000	0.000000
-0.949276	0.849186	0.873454	-0.888840	0.000000	0.000000	0.000000	0.000000	0.000000	0.000000
-0.949049	0.849186	0.873453	-0.889287	0.000000	0.000000	0.000000	0.000000	0.000000	0.000000
-0.949261	0.849187	0.873452	-0.889488	0.000000	0.000000	0.000000	0.000000	0.000000	0.000000
-0.949155	0.849186	0.873453	-0.889195	0.000000	0.000000	0.000000	0.000000	0.000000	0.000000
-0.948969	0.849187	0.873454	-0.888921	0.000000	0.000000	0.000000	0.000000	0.000000	0.000000
-0.948876	0.849186	0.873453	-0.889204	0.000000	0.000000	0.000000	0.000000	0.000000	0.000000
-0.949482	0.849186	0.873407	-0.889275	0.000000	0.000000	0.000000	0.000000	0.000000	0.000000
-0.949212	0.849186	0.873454	-0.885958	0.000000	0.000000	0.000000	0.000000	0.000000	0.000000
-0.949023	0.849186	0.873453	-0.889290	0.000000	0.000000	0.000000	0.000000	0.000000	0.000000
-0.949132	0.849186	0.873454	-0.889107	0.000000	0.000000	0.000000	0.000000	0.000000	0.000000
-0.949193	0.849186	0.873454	-0.888724	0.000000	0.000000	0.000000	0.000000	0.000000	0.000000
-0.949093	0.849186	0.873452	-0.889089	0.000000	0.000000	0.000000	0.000000	0.000000	0.000000
-0.949301	0.849186	0.873454	-0.889022	0.000000	0.000000	0.000000	0.000000	0.000000	0.000000
-0.949237	0.849186	0.873454	-0.888166	0.000000	0.000000	0.000000	0.000000	0.000000	0.000000
-0.949143	0.849186	0.873454	-0.889056	0.000000	0.000000	0.000000	0.000000	0.000000	0.000000
-0.949310	0.849186	0.873454	-0.696797	0.000000	0.000000	0.000000	0.000000	0.000000	0.000000
-0.949395	0.849186	0.873454	-0.887351	0.000000	0.000000	0.000000	0.000000	0.000000	0.000000
-0.949311	0.849186	0.873454	-0.889043	0.000000	0.000000	0.000000	0.000000	0.000000	0.000000
-0.949083	0.849186	0.873454	-0.888756	0.000000	0.000000	0.000000	0.000000	0.000000	0.000000
-0.949312	0.849186	0.873454	-0.889293	0.000000	0.000000	0.000000	0.000000	0.000000	0.000000
-0.949244	0.849187	0.873454	-0.889063	0.000000	0.000000	0.000000	0.000000	0.000000	0.000000
-0.949297	0.849186	0.873454	-0.889390	0.000000	0.000000	0.000000	0.000000	0.000000	0.000000
-0.949179	0.849186	0.873454	-0.888249	0.000000	0.000000	0.000000	0.000000	0.000000	0.000000
-0.949328	0.849186	0.873454	-0.889123	0.000000	0.000000	0.000000	0.000000	0.000000	0.000000
-0.948867	0.849186	0.873454	-0.888818	0.000000	0.000000	0.000000	0.000000	0.000000	0.000000
-0.948987	0.849186	0.873454	-0.889350	0.000000	0.000000	0.000000	0.000000	0.000000	0.000000
-0.948913	0.849186	0.873454	-0.888901	0.000000	0.000000	0.000000	0.000000	0.000000	0.000000
-0.949220	0.849186	0.873454	-0.887760	0.000000	0.000000	0.000000	0.000000	0.000000	0.000000
-0.949393	0.849186	0.873454	-0.889191	0.000000	0.000000	0.000000	0.000000	0.000000	0.000000
-0.949359	0.849186	0.873452	-0.889087	0.000000	0.000000	0.000000	0.000000	0.000000	0.000000
-0.949184	0.849186	0.873454	-0.889048	0.000000	0.000000	0.000000	0.000000	0.000000	0.000000
-0.949094	0.849186	0.873454	-0.888795	0.000000	0.000000	0.000000	0.000000	0.000000	0.000000
-0.949155	0.849186	0.873445	-0.889181	0.000000	0.000000	0.000000	0.000000	0.000000	0.000000
-0.949053	0.849187	0.873454	-0.888991	0.000000	0.000000	0.000000	0.000000	0.000000	0.000000
-0.949211	0.849186	0.873454	-0.888691	0.000000	0.000000	0.000000	0.000000	0.000000	0.000000
-0.949259	0.849187	0.873454	-0.864879	0.000000	0.000000	0.000000	0.000000	0.000000	0.000000
-0.949205	0.849186	0.873454	-0.878076	0.000000	0.000000	0.000000	0.000000	0.000000	0.000000
-0.949089	0.849186	0.873454	-0.889147	0.000000	0.000000	0.000000	0.000000	0.000000	0.000000
-0.949273	0.849187	0.873453	-0.889240	0.000000	0.000000	0.000000	0.000000	0.000000	0.000000
-0.948932	0.849186	0.873454	-0.889314	0.000000	0.000000	0.000000	0.000000	0.000000	0.000000
-0.949247	0.849186	0.873454	-0.888780	0.000000	0.000000	0.000000	0.000000	0.000000	0.000000
-0.949184	0.849186	0.873453	-0.888945	0.000000	0.000000	0.000000	0.000000	0.000000	0.000000
-0.949189	0.849186	0.873454	-0.888493	0.000000	0.000000	0.000000	0.000000	0.000000	0.000000
-0.949019	0.849186	0.873327	-0.889451	0.000000	0.000000	0.000000	0.000000	0.000000	0.000000
-0.949414	0.849186	0.873454	-0.888709	0.000000	0.000000	0.000000	0.000000	0.000000	0.000000
-0.949160	0.849186	0.873454	-0.889161	0.000000	0.000000	0.000000	0.000000	0.000000	0.000000
-0.949243	0.849186	0.873453	-0.888363	0.000000	0.000000	0.000000	0.000000	0.000000	0.000000
-0.949082	0.849187	0.873018	-0.889504	0.000000	0.000000	0.000000	0.000000	0.000000	0.000000
-0.949048	0.849186	0.873453	-0.889239	0.000000	0.000000	0.000000	0.000000	0.000000	0.000000
-0.949063	0.849186	0.873454	-0.888660	0.000000	0.000000	0.000000	0.000000	0.000000	0.000000
-0.949067	0.849186	0.873451	-0.888740	0.000000	0.000000	0.000000	0.000000	0.000000	0.000000
-0.949278	0.849186	0.873454	-0.889043	0.000000	0.000000	0.000000	0.000000	0.000000	0.000000
-0.949240	0.849186	0.873454	-0.888788	0.000000	0.000000	0.000000	0.000000	0.000000	0.000000
-0.949130	0.849186	0.873454	-0.889015	0.000000	0.000000	0.000000	0.000000	0.000000	0.000000
-0.949267	0.849187	0.873454	-0.888827	0.000000	0.000000	0.000000	0.000000	0.000000	0.000000
-0.949477	0.849186	0.873453	-0.888910	0.000000	0.000000	0.000000	0.000000	0.000000	0.000000
-0.949516	0.849187	0.873454	-0.889247	0.000000	0.000000	0.000000	0.000000	0.000000	0.000000
-0.949258	0.849186	0.873432	-0.889301	0.000000	0.000000	0.000000	0.000000	0.000000	0.000000
-0.949081	0.849186	0.873453	-0.888785	0.000000	0.000000	0.000000	0.000000	0.000000	0.000000
-0.949247	0.849186	0.873454	-0.889266	0.000000	0.000000	0.000000	0.000000	0.000000	0.000000
-0.949264	0.849186	0.873454	-0.889352	0.000000	0.000000	0.000000	0.000000	0.000000	0.000000
-0.949221	0.849186	0.873454	-0.888802	0.000000	0.000000	0.000000	0.000000	0.000000	0.000000
-0.949441	0.849186	0.873454	-0.888760	0.000000	0.000000	0.000000	0.000000	0.000000	0.000000
-0.949016	0.849187	0.873453	-0.888746	0.000000	0.000000	0.000000	0.000000	0.000000	0.000000
-0.949316	0.849186	0.873454	-0.889041	0.000000	0.000000	0.000000	0.000000	0.000000	0.000000
-0.948978	0.849187	0.873453	-0.887169	0.000000	0.000000	0.000000	0.000000	0.000000	0.000000
-0.949091	0.849187	0.873453	-0.889086	0.000000	0.000000	0.000000	0.000000	0.000000	0.000000
-0.949347	0.849187	0.873453	-0.887480	0.000000	0.000000	0.000000	0.000000	0.000000	0.000000
-0.948863	0.849186	0.873443	-0.888896	0.000000	0.000000	0.000000	0.000000	0.000000	0.000000
-0.949133	0.849186	0.873454	-0.888956	0.000000	0.000000	0.000000	0.000000	0.000000	0.000000
-0.949105	0.849187	0.873454	-0.889171	0.000000	0.000000	0.000000	0.000000	0.000000	0.000000
-0.948913	0.849187	0.873454	-0.889048	0.000000	0.000000	0.000000	0.000000	0.000000	0.000000
-0.949080	0.849186	0.873454	-0.889190	0.000000	0.000000	0.000000	0.000000	0.000000	0.000000
-0.949162	0.849186	0.873454	-0.889569	0.000000	0.000000	0.000000	0.000000	0.000000	0.000000
-0.949208	0.849186	0.873454	-0.888729	0.000000	0.000000	0.000000	0.000000	0.000000	0.000000
-0.949250	0.849187	0.873338	-0.889622	0.000000	0.000000	0.000000	0.000000	0.000000	0.000000
-0.949229	0.849186	0.873454	-0.888509	0.000000	0.000000	0.000000	0.000000	0.000000	0.000000
-0.949209	0.849186	0.873454	-0.888855	0.000000	0.000000	0.000000	0.000000	0.000000	0.000000
-0.949011	0.849186	0.873454	-0.872064	0.000000	0.000000	0.000000	0.000000	0.000000	0.000000
-0.949079	0.849187	0.873454	-0.889410	0.000000	0.000000	0.000000	0.000000	0.000000	0.000000
-0.949117	0.849186	0.873454	-0.889211	0.000000	0.000000	0.000000	0.000000	0.000000	0.000000
-0.949233	0.849186	0.873454	-0.889197	0.000000	0.000000	0.000000	0.000000	0.000000	0.000000
-0.949237	0.849186	0.873454	-0.884771	0.000000	0.000000	0.000000	0.000000	0.000000	0.000000
-0.948909	0.849186	0.873454	-0.889103	0.000000	0.000000	0.000000	0.000000	0.000000	0.000000
-0.949102	0.849187	0.871837	-0.889052	0.000000	0.000000	0.000000	0.000000	0.000000	0.000000
-0.948913	0.849187	0.873450	-0.889030	0.000000	0.000000	0.000000	0.000000	0.000000	0.000000
-0.948906	0.849186	0.873454	-0.889315	0.000000	0.000000	0.000000	0.000000	0.000000	0.000000
-0.949313	0.849186	0.873454	-0.888732	0.000000	0.000000	0.000000	0.000000	0.000000	0.000000
-0.949293	0.849184	0.873454	-0.889429	0.000000	0.000000	0.000000	0.000000	0.000000	0.000000
-0.949259	0.849186	0.873453	-0.889191	0.000000	0.000000	0.000000	0.000000	0.000000	0.000000
-0.948867	0.849186	0.873452	-0.889587	0.000000	0.000000	0.000000	0.000000	0.000000	0.000000
-0.949341	0.849187	0.873454	-0.889087	0.000000	0.000000	0.000000	0.000000	0.000000	0.000000
-0.949244	0.849186	0.873454	-0.889257	0.000000	0.000000	0.000000	0.000000	0.000000	0.000000
-0.949286	0.849186	0.873454	-0.888744	0.000000	0.000000	0.000000	0.000000	0.000000	0.000000
-0.949157	0.849186	0.873454	-0.888746	0.000000	0.000000	0.000000	0.000000	0.000000	0.000000
-0.949418	0.849186	0.873454	-0.889173	0.000000	0.000000	0.000000	0.000000	0.000000	0.000000
-0.949081	0.849186	0.873454	-0.888836	0.000000	0.000000	0.000000	0.000000	0.000000	0.000000
-0.949296	0.849186	0.873409	-0.889811	0.000000	0.000000	0.000000	0.000000	0.000000	0.000000
-0.949252	0.849187	0.873454	-0.889077	0.000000	0.000000	0.000000	0.000000	0.000000	0.000000
-0.949368	0.849187	0.873454	-0.888916	0.000000	0.000000	0.000000	0.000000	0.000000	0.000000
-0.949081	0.849186	0.873454	-0.888831	0.000000	0.000000	0.000000	0.000000	0.000000	0.000000
-0.949176	0.849186	0.873453	-0.889336	0.000000	0.000000	0.000000	0.000000	0.000000	0.000000
-0.949169	0.849187	0.873454	-0.889117	0.000000	0.000000	0.000000	0.000000	0.000000	0.000000
-0.949341	0.849187	0.873446	-0.889067	0.000000	0.000000	0.000000	0.000000	0.000000	0.000000
-0.949071	0.849186	0.873454	-0.889314	0.000000	0.000000	0.000000	0.000000	0.000000	0.000000
-0.949011	0.849186	0.873454	-0.888907	0.000000	0.000000	0.000000	0.000000	0.000000	0.000000
-0.948972	0.849187	0.873422	-0.889351	0.000000	0.000000	0.000000	0.000000	0.000000	0.000000
-0.949299	0.849187	0.873454	-0.889353	0.000000	0.000000	0.000000	0.000000	0.000000	0.000000
-0.949111	0.849186	0.873454	-0.889115	0.000000	0.000000	0.000000	0.000000	0.000000	0.000000
-0.949153	0.849186	0.873453	-0.889119	0.000000	0.000000	0.000000	0.000000	0.000000	0.000000
-0.949278	0.849186	0.873454	-0.888942	0.000000	0.000000	0.000000	0.000000	0.000000	0.000000
-0.949282	0.849186	0.873454	-0.888924	0.000000	0.000000	0.000000	0.000000	0.000000	0.000000
-0.949168	0.849186	0.873454	-0.889281	0.000000	0.000000	0.000000	0.000000	0.000000	0.000000
-0.948916	0.849186	0.873454	-0.889304	0.000000	0.000000	0.000000	0.000000	0.000000	0.000000
-0.948804	0.849186	0.873454	-0.888926	0.000000	0.000000	0.000000	0.000000	0.000000	0.000000
-0.949196	0.849184	0.873454	-0.889035	0.000000	0.000000	0.000000	0.000000	0.000000	0.000000
-0.949153	0.849186	0.873454	-0.888880	0.000000	0.000000	0.000000	0.000000	0.000000	0.000000
-0.948965	0.849186	0.873454	-0.889260	0.000000	0.000000	0.000000	0.000000	0.000000	0.000000
-0.949042	0.849186	0.873454	-0.328034	0.000000	0.000000	0.000000	0.000000	0.000000	0.000000
-0.949144	0.849186	0.873454	-0.888884	0.000000	0.000000	0.000000	0.000000	0.000000	0.000000
-0.949352	0.849186	0.873453	-0.889164	0.000000	0.000000	0.000000	0.000000	0.000000	0.000000
-0.949381	0.849186	0.873454	-0.888716	0.000000	0.000000	0.000000	0.000000	0.000000	0.000000
-0.949221	0.849186	0.873454	-0.889604	0.000000	0.000000	0.000000	0.000000	0.000000	0.000000
-0.948893	0.849186	0.873454	-0.889133	0.000000	0.000000	0.000000	0.000000	0.000000	0.000000
-0.948921	0.849187	0.873454	-0.889217	0.000000	0.000000	0.000000	0.000000	0.000000	0.000000
-0.949007	0.849187	0.873454	-0.889181	0.000000	0.000000	0.000000	0.000000	0.000000	0.000000
-0.949381	0.849186	0.873454	-0.888874	0.000000	0.000000	0.000000	0.000000	0.000000	0.000000
-0.949127	0.849186	0.873454	-0.889199	0.000000	0.000000	0.000000	0.000000	0.000000	0.000000
-0.948960	0.849186	0.873454	-0.889637	0.000000	0.000000	0.000000	0.000000	0.000000	0.000000
-0.949257	0.849186	0.873454	-0.889144	0.000000	0.000000	0.000000	0.000000	0.000000	0.000000
-0.949235	0.849187	0.873454	-0.887716	0.000000	0.000000	0.000000	0.000000	0.000000	0.000000
-0.949255	0.849187	0.873345	-0.889025	0.000000	0.000000	0.000000	0.000000	0.000000	0.000000
-0.949406	0.849186	0.873454	-0.889322	0.000000	0.000000	0.000000	0.000000	0.000000	0.000000
-0.949167	0.849187	0.873454	-0.888910	0.000000	0.000000	0.000000	0.000000	0.000000	0.000000
-0.949111	0.849186	0.873454	-0.889463	0.000000	0.000000	0.000000	0.000000	0.000000	0.000000
-0.949451	0.849186	0.873454	-0.888996	0.000000	0.000000	0.000000	0.000000	0.000000	0.000000
-0.948971	0.849186	0.873454	-0.888206	0.000000	0.000000	0.000000	0.000000	0.000000	0.000000
-0.949144	0.849186	0.873453	-0.889501	0.000000	0.000000	0.000000	0.000000	0.000000	0.000000
-0.949114	0.849186	0.873454	-0.888834	0.000000	0.000000	0.000000	0.000000	0.000000	0.000000
-0.948926	0.849186	0.873421	-0.888746	0.000000	0.000000	0.000000	0.000000	0.000000	0.000000
-0.949113	0.849186	0.873454	-0.888918	0.000000	0.000000	0.000000	0.000000	0.000000	0.000000
-0.949248	0.849186	0.873454	-0.888931	0.000000	0.000000	0.000000	0.000000	0.000000	0.000000
-0.949086	0.849187	0.873448	-0.888907	0.000000	0.000000	0.000000	0.000000	0.000000	0.000000
-0.949283	0.849187	0.873454	-0.888746	0.000000	0.000000	0.000000	0.000000	0.000000	0.000000
-0.949188	0.849186	0.873454	-0.888843	0.000000	0.000000	0.000000	0.000000	0.000000	0.000000
-0.949159	0.849186	0.873454	-0.887257	0.000000	0.000000	0.000000	0.000000	0.000000	0.000000
-0.949065	0.849186	0.873454	-0.889270	0.000000	0.000000	0.000000	0.000000	0.000000	0.000000
-0.949277	0.849187	0.873441	-0.889068	0.000000	0.000000	0.000000	0.000000	0.000000	0.000000
-0.949158	0.849187	0.873454	-0.886429	0.000000	0.000000	0.000000	0.000000	0.000000	0.000000
-0.948943	0.849186	0.496630	-0.888481	0.000000	0.000000	0.000000	0.000000	0.000000	0.000000
-0.949074	0.849180	0.873454	-0.888858	0.000000	0.000000	0.000000	0.000000	0.000000	0.000000
-0.948899	0.849186	0.873454	-0.889000	0.000000	0.000000	0.000000	0.000000	0.000000	0.000000
-0.949106	0.849187	0.873454	-0.888815	0.000000	0.000000	0.000000	0.000000	0.000000	0.000000
-0.949189	0.849186	0.873454	-0.887318	0.000000	0.000000	0.000000	0.000000	0.000000	0.000000
-0.948979	0.849186	0.873454	-0.885027	0.000000	0.000000	0.000000	0.000000	0.000000	0.000000
-0.949163	0.849186	0.873454	-0.889182	0.000000	0.000000	0.000000	0.000000	0.000000	0.000000
-0.949138	0.849186	0.873454	-0.888603	0.000000	0.000000	0.000000	0.000000	0.000000	0.000000
-0.949154	0.849186	0.873454	-0.888014	0.000000	0.000000	0.000000	0.000000	0.000000	0.000000
-0.949005	0.849186	0.873454	-0.889077	0.000000	0.000000	0.000000	0.000000	0.000000	0.000000
-0.949269	0.849186	0.873454	-0.889010	0.000000	0.000000	0.000000	0.000000	0.000000	0.000000
-0.949146	0.849187	0.873454	-0.889539	0.000000	0.000000	0.000000	0.000000	0.000000	0.000000
-0.948956	0.849187	-0.000000	-0.008438	0.000000	0.000000	0.000000	0.000000	0.000000	0.000000
-0.949101	0.849186	-0.870105	0.714424	0.000000	0.000000	0.000000	0.000000	0.000000	0.000000
-0.949086	0.849186	-0.870105	0.621806	0.000000	0.000000	0.000000	0.000000	0.000000	0.000000
-0.949418	0.849186	-0.870105	0.713858	0.000000	0.000000	0.000000	0.000000	0.000000	0.000000
-0.949108	0.849187	-0.870105	0.714544	0.000000	0.000000	0.000000	0.000000	0.000000	0.000000
-0.949059	0.849186	-0.870105	0.714504	0.000000	0.000000	0.000000	0.000000	0.000000	0.000000
-0.949146	0.849186	-0.870105	0.714197	0.000000	0.000000	0.000000	0.000000	0.000000	0.000000
-0.949130	0.849186	-0.870090	0.714615	0.000000	0.000000	0.000000	0.000000	0.000000	0.000000
-0.949137	0.849186	-0.870105	0.714044	0.000000	0.000000	0.000000	0.000000	0.000000	0.000000
-0.949112	0.849187	-0.870105	0.714428	0.000000	0.000000	0.000000	0.000000	0.000000	0.000000
-0.949207	0.849187	-0.870105	0.714539	0.000000	0.000000	0.000000	0.000000	0.000000	0.000000
-0.948928	0.849186	-0.870105	0.467211	0.000000	0.000000	0.000000	0.000000	0.000000	0.000000
-0.949291	0.849186	-0.870105	0.714490	0.000000	0.000000	0.000000	0.000000	0.000000	0.000000
-0.949024	0.849186	-0.870105	0.714331	0.000000	0.000000	0.000000	0.000000	0.000000	0.000000
-0.949191	0.849186	-0.870105	0.714495	0.000000	0.000000	0.000000	0.000000	0.000000	0.000000
-0.948823	0.849186	-0.870105	0.714394	0.000000	0.000000	0.000000	0.000000	0.000000	0.000000
-0.949126	0.849186	-0.870105	0.714538	0.000000	0.000000	0.000000	0.000000	0.000000	0.000000
-0.949205	0.849186	-0.870105	0.714041	0.000000	0.000000	0.000000	0.000000	0.000000	0.000000
-0.948902	0.849186	-0.870105	0.714052	0.000000	0.000000	0.000000	0.000000	0.000000	0.000000
-0.948934	0.849186	-0.870105	0.713732	0.000000	0.000000	0.000000	0.000000	0.000000	0.000000
-0.949360	0.849186	-0.870105	0.709107	0.000000	0.000000	0.000000	0.000000	0.000000	0.000000
-0.948927	0.849186	-0.870105	0.714160	0.000000	0.000000	0.000000	0.000000	0.000000	0.000000
-0.948999	0.849186	-0.870105	0.712246	0.000000	0.000000	0.000000	0.000000	0.000000	0.000000
-0.949074	0.849186	-0.870105	0.711019	0.000000	0.000000	0.000000	0.000000	0.000000	0.000000
-0.948970	0.849186	-0.870105	0.714496	0.000000	0.000000	0.000000	0.000000	0.000000	0.000000
-0.949242	0.849187	-0.870105	0.714495	0.000000	0.000000	0.000000	0.000000	0.000000	0.000000
-0.949230	0.849186	-0.870105	0.713653	0.000000	0.000000	0.000000	0.000000	0.000000	0.000000
-0.948881	0.849186	-0.870105	0.713911	0.000000	0.000000	0.000000	0.000000	0.000000	0.000000
-0.949039	0.849186	-0.870105	0.714452	0.000000	0.000000	0.000000	0.000000	0.000000	0.000000
-0.948853	0.849186	-0.870105	0.714290	0.000000	0.000000	0.000000	0.000000	0.000000	0.000000
-0.949048	0.849186	-0.870074	0.714598	0.000000	0.000000	0.000000	0.000000	0.000000	0.000000
-0.949110	0.849186	-0.870105	0.714576	0.000000	0.000000	0.000000	0.000000	0.000000	0.000000
-0.949196	0.849187	-0.870105	0.707438	0.000000	0.000000	0.000000	0.000000	0.000000	0.000000
-0.949424	0.849186	-0.870104	0.714598	0.000000	0.000000	0.000000	0.000000	0.000000	0.000000
-0.949221	0.849186	-0.870105	0.714508	0.000000	0.000000	0.000000	0.000000	0.000000	0.000000
-0.949237	0.849187	-0.870105	0.714522	0.000000	0.000000	0.000000	0.000000	0.000000	0.000000
-0.949189	0.849186	-0.870105	0.711457	0.000000	0.000000	0.000000	0.000000	0.000000	0.000000
-0.949296	0.849186	-0.869995	0.714232	0.000000	0.000000	0.000000	0.000000	0.000000	0.000000
-0.949140	0.849186	-0.870102	0.714560	0.000000	0.000000	0.000000	0.000000	0.000000	0.000000
-0.949270	0.849186	-0.870105	0.714510	0.000000	0.000000	0.000000	0.000000	0.000000	0.000000
-0.949114	0.849186	-0.870105	0.708758	0.000000	0.000000	0.000000	0.000000	0.000000	0.000000
-0.949243	0.849186	-0.870105	0.714210	0.000000	0.000000	0.000000	0.000000	0.000000	0.000000
-0.948759	0.849186	-0.870105	0.711578	0.000000	0.000000	0.000000	0.000000	0.000000	0.000000
-0.949094	0.849186	-0.870105	0.714498	0.000000	0.000000	0.000000	0.000000	0.000000	0.000000
-0.949282	0.849186	-0.870105	0.714486	0.000000	0.000000	0.000000	0.000000	0.000000	0.000000
-0.949240	0.849186	-0.870100	0.714517	0.000000	0.000000	0.000000	0.000000	0.000000	0.000000
-0.949244	0.849186	-0.870105	0.714502	0.000000	0.000000	0.000000	0.000000	0.000000	0.000000
-0.949027	0.849186	-0.870105	0.705615	0.000000	0.000000	0.000000	0.000000	0.000000	0.000000
-0.948995	0.849186	-0.870105	0.714221	0.000000	0.000000	0.000000	0.000000	0.000000	0.000000
-0.949449	0.849186	-0.870104	0.714522	0.000000	0.000000	0.000000	0.000000	0.000000	0.000000
-0.949225	0.849186	-0.870105	0.714109	0.000000	0.000000	0.000000	0.000000	0.000000	0.000000
-0.949291	0.849186	-0.870105	0.714531	0.000000	0.000000	0.000000	0.000000	0.000000	0.000000
-0.949207	0.849186	-0.870105	0.714469	0.000000	0.000000	0.000000	0.000000	0.000000	0.000000
-0.949353	0.849187	-0.870105	0.714496	0.000000	0.000000	0.000000	0.000000	0.000000	0.000000
-0.949006	0.849186	-0.870105	0.714161	0.000000	0.000000	0.000000	0.000000	0.000000	0.000000
-0.949146	0.849186	-0.870105	0.712513	0.000000	0.000000	0.000000	0.000000	0.000000	0.000000
-0.948904	0.849186	-0.870104	0.714345	0.000000	0.000000	0.000000	0.000000	0.000000	0.000000
-0.949194	0.849186	-0.870105	0.714500	0.000000	0.000000	0.000000	0.000000	0.000000	0.000000
-0.949237	0.849187	-0.870104	0.712614	0.000000	0.000000	0.000000	0.000000	0.000000	0.000000
-0.949019	0.849186	-0.870105	0.714295	0.000000	0.000000	0.000000	0.000000	0.000000	0.000000
-0.949020	0.849186	-0.870105	0.714196	0.000000	0.000000	0.000000	0.000000	0.000000	0.000000
-0.949194	0.849186	-0.870060	0.714552	0.000000	0.000000	0.000000	0.000000	0.000000	0.000000
-0.948937	0.849187	-0.870105	0.713657	0.000000	0.000000	0.000000	0.000000	0.000000	0.000000
-0.949301	0.849186	-0.870105	0.713720	0.000000	0.000000	0.000000	0.000000	0.000000	0.000000
-0.949089	0.849187	-0.870093	0.713832	0.000000	0.000000	0.000000	0.000000	0.000000	0.000000
-0.949147	0.849187	-0.870105	0.714539	0.000000	0.000000	0.000000	0.000000	0.000000	0.000000
-0.949134	0.849186	-0.870105	0.714367	0.000000	0.000000	0.000000	0.000000	0.000000	0.000000
-0.949212	0.849186	-0.870105	0.714579	0.000000	0.000000	0.000000	0.000000	0.000000	0.000000
-0.949246	0.849187	-0.870105	0.369063	0.000000	0.000000	0.000000	0.000000	0.000000	0.000000
-0.949030	0.849186	-0.870105	0.714569	0.000000	0.000000	0.000000	0.000000	0.000000	0.000000
-0.949030	0.849187	-0.870105	0.712417	0.000000	0.000000	0.000000	0.000000	0.000000	0.000000
-0.949059	0.849186	-0.870105	0.714148	0.000000	0.000000	0.000000	0.000000	0.000000	0.000000
-0.949223	0.849186	-0.870105	0.714509	0.000000	0.000000	0.000000	0.000000	0.000000	0.000000
-0.949217	0.849186	-0.870105	0.714493	0.000000	0.000000	0.000000	0.000000	0.000000	0.000000
-0.949146	0.849186	-0.870105	0.714514	0.000000	0.000000	0.000000	0.000000	0.000000	0.000000
-0.948981	0.849186	-0.870105	0.699744	0.000000	0.000000	0.000000	0.000000	0.000000	0.000000
-0.949075	0.849186	-0.870105	0.714157	0.000000	0.000000	0.000000	0.000000	0.000000	0.000000
-0.949022	0.849186	-0.870104	0.714416	0.000000	0.000000	0.000000	0.000000	0.000000	0.000000
-0.949218	0.849187	-0.870105	0.708472	0.000000	0.000000	0.000000	0.000000	0.000000	0.000000
-0.949102	0.849186	-0.870105	0.714558	0.000000	0.000000	0.000000	0.000000	0.000000	0.000000
-0.949363	0.849186	-0.870104	0.714584	0.000000	0.000000	0.000000	0.000000	0.000000	0.000000
-0.949371	0.849187	-0.870105	0.714547	0.000000	0.000000	0.000000	0.000000	0.000000	0.000000
-0.949125	0.849186	-0.870105	0.714494	0.000000	0.000000	0.000000	0.000000	0.000000	0.000000
-0.949150	0.849186	-0.870105	0.714428	0.000000	0.000000	0.000000	0.000000	0.000000	0.000000
-0.949204	0.849186	-0.870103	0.714456	0.000000	0.000000	0.000000	0.000000	0.000000	0.000000
-0.948962	0.849186	-0.870105	0.714467	0.000000	0.000000	0.000000	0.000000	0.000000	0.000000
-0.949047	0.849186	-0.870105	0.712842	0.000000	0.000000	0.000000	0.000000	0.000000	0.000000
-0.949433	0.849187	-0.870105	0.391708	0.000000	0.000000	0.000000	0.000000	0.000000	0.000000
-0.949325	0.849187	-0.870105	0.714493	0.000000	0.000000	0.000000	0.000000	0.000000	0.000000
-0.949024	0.849186	-0.870104	0.714578	0.000000	0.000000	0.000000	0.000000	0.000000	0.000000
-0.949091	0.849186	-0.870105	0.714054	0.000000	0.000000	0.000000	0.000000	0.000000	0.000000
-0.949023	0.849186	-0.870105	0.714474	0.000000	0.000000	0.000000	0.000000	0.000000	0.000000
-0.949033	0.849186	-0.870097	0.714437	0.000000	0.000000	0.000000	0.000000	0.000000	0.000000
-0.949137	0.849186	-0.870105	0.714632	0.000000	0.000000	0.000000	0.000000	0.000000	0.000000
-0.949013	0.849186	-0.870105	0.714585	0.000000	0.000000	0.000000	0.000000	0.000000	0.000000
-0.949219	0.849187	-0.870105	0.714472	0.000000	0.000000	0.000000	0.000000	0.000000	0.000000
-0.949029	0.849186	-0.870105	0.713586	0.000000	0.000000	0.000000	0.000000	0.000000	0.000000
-0.949101	0.849186	-0.870105	0.711304	0.000000	0.000000	0.000000	0.000000	0.000000	0.000000
-0.948993	0.849186	-0.870105	0.712974	0.000000	0.000000	0.000000	0.000000	0.000000	0.000000
-0.949306	0.849187	-0.870105	0.714246	0.000000	0.000000	0.000000	0.000000	0.000000	0.000000
-0.949072	0.849186	-0.870105	0.714497	0.000000	0.000000	0.000000	0.000000	0.000000	0.000000
-0.949294	0.849186	-0.870105	0.714356	0.000000	0.000000	0.000000	0.000000	0.000000	0.000000
-0.949253	0.849186	-0.870101	0.714495	0.000000	0.000000	0.000000	0.000000	0.000000	0.000000
-0.949073	0.849186	-0.870105	0.714577	0.000000	0.000000	0.000000	0.000000	0.000000	0.000000
-0.949342	0.849186	-0.870105	0.714437	0.000000	0.000000	0.000000	0.000000	0.000000	0.000000
-0.949047	0.849186	-0.870103	0.714549	0.000000	0.000000	0.000000	0.000000	0.000000	0.000000
-0.949104	0.849186	-0.870105	0.714479	0.000000	0.000000	0.000000	0.000000	0.000000	0.000000
-0.949214	0.849186	-0.870104	0.714533	0.000000	0.000000	0.000000	0.000000	0.000000	0.000000
-0.949321	0.849186	-0.870105	0.714486	0.000000	0.000000	0.000000	0.000000	0.000000	0.000000
-0.949054	0.849186	-0.870105	0.713483	0.000000	0.000000	0.000000	0.000000	0.000000	0.000000
-0.949008	0.849186	-0.870105	0.713992	0.000000	0.000000	0.000000	0.000000	0.000000	0.000000
-0.949109	0.849186	-0.870105	0.711113	0.000000	0.000000	0.000000	0.000000	0.000000	0.000000
-0.949399	0.849187	-0.870105	0.714575	0.000000	0.000000	0.000000	0.000000	0.000000	0.000000
-0.949066	0.849186	-0.870105	0.714450	0.000000	0.000000	0.000000	0.000000	0.000000	0.000000
-0.949162	0.849186	-0.870100	0.714447	0.000000	0.000000	0.000000	0.000000	0.000000	0.000000
-0.949362	0.849186	-0.870104	0.713988	0.000000	0.000000	0.000000	0.000000	0.000000	0.000000
-0.949328	0.849186	-0.870105	0.713119	0.000000	0.000000	0.000000	0.000000	0.000000	0.000000
-0.949218	0.849186	-0.870104	0.714513	0.000000	0.000000	0.000000	0.000000	0.000000	0.000000
-0.949389	0.849186	-0.870105	0.713523	0.000000	0.000000	0.000000	0.000000	0.000000	0.000000
-0.949481	0.849186	-0.870105	0.694371	0.000000	0.000000	0.000000	0.000000	0.000000	0.000000
-0.949163	0.849186	-0.869995	0.714560	0.000000	0.000000	0.000000	0.000000	0.000000	0.000000
-0.949311	0.849186	-0.870105	0.714444	0.000000	0.000000	0.000000	0.000000	0.000000	0.000000
-0.949103	0.849186	-0.870105	0.714260	0.000000	0.000000	0.000000	0.000000	0.000000	0.000000
-0.949293	0.849186	-0.870105	0.714438	0.000000	0.000000	0.000000	0.000000	0.000000	0.000000
-0.949300	0.849186	-0.869636	0.714292	0.000000	0.000000	0.000000	0.000000	0.000000	0.000000
-0.949046	0.849186	-0.870105	0.714499	0.000000	0.000000	0.000000	0.000000	0.000000	0.000000
-0.949253	0.849186	-0.870105	0.714290	0.000000	0.000000	0.000000	0.000000	0.000000	0.000000
-0.948926	0.849186	-0.870105	0.714502	0.000000	0.000000	0.000000	0.000000	0.000000	0.000000
-0.949435	0.849186	-0.870105	0.714569	0.000000	0.000000	0.000000	0.000000	0.000000	0.000000
-0.949223	0.849187	-0.870105	0.714277	0.000000	0.000000	0.000000	0.000000	0.000000	0.000000
-0.949219	0.849186	-0.869945	0.714553	0.000000	0.000000	0.000000	0.000000	0.000000	0.000000
-0.949508	0.849186	-0.870105	0.714248	0.000000	0.000000	0.000000	0.000000	0.000000	0.000000
-0.949176	0.849186	-0.870105	0.714464	0.000000	0.000000	0.000000	0.000000	0.000000	0.000000
-0.949059	0.849186	-0.870105	0.714005	0.000000	0.000000	0.000000	0.000000	0.000000	0.000000
-0.949177	0.849186	-0.870105	0.712828	0.000000	0.000000	0.000000	0.000000	0.000000	0.000000
-0.949462	0.849186	-0.870105	0.713484	0.000000	0.000000	0.000000	0.000000	0.000000	0.000000
-0.949127	0.849186	-0.870082	0.714357	0.000000	0.000000	0.000000	0.000000	0.000000	0.000000
-0.949123	0.849186	-0.870105	0.714489	0.000000	0.000000	0.000000	0.000000	0.000000	0.000000
-0.949245	0.849186	-0.870104	0.714417	0.000000	0.000000	0.000000	0.000000	0.000000	0.000000
-0.949203	0.849186	-0.870104	0.714557	0.000000	0.000000	0.000000	0.000000	0.000000	0.000000
-0.949301	0.849186	-0.870105	0.714042	0.000000	0.000000	0.000000	0.000000	0.000000	0.000000
-0.949336	0.849186	-0.870105	0.711449	0.000000	0.000000	0.000000	0.000000	0.000000	0.000000
-0.949537	0.849186	-0.870105	0.705211	0.000000	0.000000	0.000000	0.000000	0.000000	0.000000
-0.948996	0.849187	-0.870105	0.714472	0.000000	0.000000	0.000000	0.000000	0.000000	0.000000
-0.949436	0.849187	-0.870105	0.714428	0.000000	0.000000	0.000000	0.000000	0.000000	0.000000
-0.949162	0.849187	-0.870105	0.713895	0.000000	0.000000	0.000000	0.000000	0.000000	0.000000
-0.949263	0.849187	-0.870105	0.714513	0.000000	0.000000	0.000000	0.000000	0.000000	0.000000
-0.949117	0.849186	-0.870105	0.714297	0.000000	0.000000	0.000000	0.000000	0.000000	0.000000
-0.949139	0.849187	-0.870105	0.698782	0.000000	0.000000	0.000000	0.000000	0.000000	0.000000
-0.949060	0.849186	-0.870105	0.697950	0.000000	0.000000	0.000000	0.000000	0.000000	0.000000
-0.949304	0.849186	-0.870105	0.714517	0.000000	0.000000	0.000000	0.000000	0.000000	0.000000
-0.949273	0.849186	-0.870105	0.714346	0.000000	0.000000	0.000000	0.000000	0.000000	0.000000
-0.949207	0.849186	-0.870105	0.666676	0.000000	0.000000	0.000000	0.000000	0.000000	0.000000
-0.948933	0.849186	-0.870103	0.714482	0.000000	0.000000	0.000000	0.000000	0.000000	0.000000
-0.949130	0.849186	-0.870062	0.714539	0.000000	0.000000	0.000000	0.000000	0.000000	0.000000
-0.949083	0.849186	-0.870105	0.714048	0.000000	0.000000	0.000000	0.000000	0.000000	0.000000
-0.949049	0.849186	-0.870105	0.714515	0.000000	0.000000	0.000000	0.000000	0.000000	0.000000
-0.949172	0.849186	-0.870105	0.714343	0.000000	0.000000	0.000000	0.000000	0.000000	0.000000
-0.949135	0.849186	-0.870105	0.714339	0.000000	0.000000	0.000000	0.000000	0.000000	0.000000
-0.949166	0.849187	-0.870105	0.713464	0.000000	0.000000	0.000000	0.000000	0.000000	0.000000
-0.949177	0.849186	-0.870105	0.714447	0.000000	0.000000	0.000000	0.000000	0.000000	0.000000
-0.949164	0.849186	-0.870105	0.714516	0.000000	0.000000	0.000000	0.000000	0.000000	0.000000
-0.949268	0.849187	-0.870105	0.714486	0.000000	0.000000	0.000000	0.000000	0.000000	0.000000
-0.948997	0.849186	-0.870105	0.709444	0.000000	0.000000	0.000000	0.000000	0.000000	0.000000
-0.949063	0.849186	-0.870105	0.710519	0.000000	0.000000	0.000000	0.000000	0.000000	0.000000
-0.949019	0.849187	-0.870105	0.714540	0.000000	0.000000	0.000000	0.000000	0.000000	0.000000
-0.949238	0.849187	-0.867648	0.714535	0.000000	0.000000	0.000000	0.000000	0.000000	0.000000
-0.949270	0.849186	-0.870105	0.705417	0.000000	0.000000	0.000000	0.000000	0.000000	0.000000
-0.949206	0.849186	-0.870105	0.714473	0.000000	0.000000	0.000000	0.000000	0.000000	0.000000
-0.949079	0.849186	-0.870105	0.713943	0.000000	0.000000	0.000000	0.000000	0.000000	0.000000
-0.949087	0.849187	-0.870105	0.714506	0.000000	0.000000	0.000000	0.000000	0.000000	0.000000
-0.949427	0.849186	-0.870077	0.714461	0.000000	0.000000	0.000000	0.000000	0.000000	0.000000
-0.949282	0.849187	-0.870105	0.714384	0.000000	0.000000	0.000000	0.000000	0.000000	0.000000
-0.949255	0.849187	-0.870105	0.714577	0.000000	0.000000	0.000000	0.000000	0.000000	0.000000
-0.949334	0.849186	-0.870105	0.714536	0.000000	0.000000	0.000000	0.000000	0.000000	0.000000
-0.949229	0.849186	-0.870105	0.714454	0.000000	0.000000	0.000000	0.000000	0.000000	0.000000
-0.949107	0.849186	-0.870105	0.714474	0.000000	0.000000	0.000000	0.000000	0.000000	0.000000
-0.949268	0.849186	-0.870104	0.712238	0.000000	0.000000	0.000000	0.000000	0.000000	0.000000
-0.949279	0.849186	-0.870105	0.710418	0.000000	0.000000	0.000000	0.000000	0.000000	0.000000
-0.949148	0.849186	-0.870105	0.714253	0.000000	0.000000	0.000000	0.000000	0.000000	0.000000
-0.949302	0.849187	-0.870105	0.714448	0.000000	0.000000	0.000000	0.000000	0.000000	0.000000
-0.949292	0.849186	-0.870105	0.714529	0.000000	0.000000	0.000000	0.000000	0.000000	0.000000
-0.949149	0.849186	-0.870105	0.714512	0.000000	0.000000	0.000000	0.000000	0.000000	0.000000
-0.948944	0.849186	-0.870105	0.666378	0.000000	0.000000	0.000000	0.000000	0.000000	0.000000
-0.949314	0.849186	-0.870055	0.714278	0.000000	0.000000	0.000000	0.000000	0.000000	0.000000
-0.949302	0.849186	-0.870105	0.714022	0.000000	0.000000	0.000000	0.000000	0.000000	0.000000
-0.949122	0.849187	-0.870105	0.714485	0.000000	0.000000	0.000000	0.000000	0.000000	0.000000
-0.949238	0.849187	-0.870105	0.714430	0.000000	0.000000	0.000000	0.000000	0.000000	0.000000
-0.949138	0.849186	-0.870105	0.714086	0.000000	0.000000	0.000000	0.000000	0.000000	0.000000
-0.949226	0.849187	-0.870105	0.714578	0.000000	0.000000	0.000000	0.000000	0.000000	0.000000
-0.949054	0.849187	-0.870105	0.714522	0.000000	0.000000	0.000000	0.000000	0.000000	0.000000
-0.949180	0.849186	-0.870105	0.714476	0.000000	0.000000	0.000000	0.000000	0.000000	0.000000
-0.949097	0.849186	-0.870105	0.714561	0.000000	0.000000	0.000000	0.000000	0.000000	0.000000
-0.948958	0.849186	-0.870089	0.705671	0.000000	0.000000	0.000000	0.000000	0.000000	0.000000
-0.949283	0.849186	-0.870105	0.714520	0.000000	0.000000	0.000000	0.000000	0.000000	0.000000
-0.949234	0.849186	-0.870105	0.679669	0.000000	0.000000	0.000000	0.000000	0.000000	0.000000
-0.949115	0.849187	-0.870105	0.698010	0.000000	0.000000	0.000000	0.000000	0.000000	0.000000
-0.949188	0.849186	-0.870105	0.713091	0.000000	0.000000	0.000000	0.000000	0.000000	0.000000
-0.949144	0.849185	-0.870076	0.714336	0.000000	0.000000	0.000000	0.000000	0.000000	0.000000
-0.949019	0.849187	-0.870105	0.714000	0.000000	0.000000	0.000000	0.000000	0.000000	0.000000
-0.949121	0.849186	-0.870105	0.714511	0.000000	0.000000	0.000000	0.000000	0.000000	0.000000
-0.948837	0.849186	-0.870105	0.714554	0.000000	0.000000	0.000000	0.000000	0.000000	0.000000
-0.949218	0.849186	-0.870105	0.689830	0.000000	0.000000	0.000000	0.000000	0.000000	0.000000
-0.949312	0.849186	-0.870105	0.714055	0.000000	0.000000	0.000000	0.000000	0.000000	0.000000
-0.948995	0.849187	-0.870098	0.714498	0.000000	0.000000	0.000000	0.000000	0.000000	0.000000
-0.948998	0.849187	-0.870105	0.714527	0.000000	0.000000	0.000000	0.000000	0.000000	0.000000
-0.949266	0.849186	-0.870104	0.698052	0.000000	0.000000	0.000000	0.000000	0.000000	0.000000
-0.949215	0.849187	-0.870105	0.536550	0.000000	0.000000	0.000000	0.000000	0.000000	0.000000
-0.948853	0.849186	-0.870105	0.683920	0.000000	0.000000	0.000000	0.000000	0.000000	0.000000
-0.949076	0.849186	-0.870105	0.714536	0.000000	0.000000	0.000000	0.000000	0.000000	0.000000
-0.949326	0.849186	-0.870105	0.714098	0.000000	0.000000	0.000000	0.000000	0.000000	0.000000
-0.949056	0.849186	-0.870105	0.714545	0.000000	0.000000	0.000000	0.000000	0.000000	0.000000
-0.948906	0.849187	-0.870105	0.714459	0.000000	0.000000	0.000000	0.000000	0.000000	0.000000
-0.949061	0.849186	-0.870105	0.714535	0.000000	0.000000	0.000000	0.000000	0.000000	0.000000
-0.949154	0.849186	-0.870105	0.713656	0.000000	0.000000	0.000000	0.000000	0.000000	0.000000
-0.949195	0.849186	-0.870105	0.714544	0.000000	0.000000	0.000000	0.000000	0.000000	0.000000
-0.949041	0.849186	-0.870104	0.714578	0.000000	0.000000	0.000000	0.000000	0.000000	0.000000
-0.949016	0.849186	-0.870105	0.714537	0.000000	0.000000	0.000000	0.000000	0.000000	0.000000
-0.949281	0.849186	-0.870105	0.710252	0.000000	0.000000	0.000000	0.000000	0.000000	0.000000
-0.949203	0.849186	-0.870105	0.714515	0.000000	0.000000	0.000000	0.000000	0.000000	0.000000
-0.949242	0.849186	-0.870105	0.714448	0.000000	0.000000	0.000000	0.000000	0.000000	0.000000
-0.949005	0.849186	-0.870105	0.705993	0.000000	0.000000	0.000000	0.000000	0.000000	0.000000
-0.949140	0.849186	-0.870105	0.714496	0.000000	0.000000	0.000000	0.000000	0.000000	0.000000
-0.949151	0.849186	-0.870105	0.712419	0.000000	0.000000	0.000000	0.000000	0.000000	0.000000
-0.949020	0.849186	-0.870105	0.714204	0.000000	0.000000	0.000000	0.000000	0.000000	0.000000
-0.949234	0.849186	-0.870105	0.712916	0.000000	0.000000	0.000000	0.000000	0.000000	0.000000
-0.949187	0.849187	-0.870105	0.714513	0.000000	0.000000	0.000000	0.000000	0.000000	0.000000
-0.949231	0.849186	-0.870105	0.714582	0.000000	0.000000	0.000000	0.000000	0.000000	0.000000
-0.949425	0.849186	-0.869911	0.714444	0.000000	0.000000	0.000000	0.000000	0.000000	0.000000
-0.948954	0.849186	-0.870105	0.712773	0.000000	0.000000	0.000000	0.000000	0.000000	0.000000
-0.949270	0.849186	-0.870104	0.714535	0.000000	0.000000	0.000000	0.000000	0.000000	0.000000
-0.949388	0.849187	-0.870105	0.714533	0.000000	0.000000	0.000000	0.000000	0.000000	0.000000
-0.949309	0.849186	-0.870104	0.714502	0.000000	0.000000	0.000000	0.000000	0.000000	0.000000
-0.949389	0.849186	-0.870105	0.714455	0.000000	0.000000	0.000000	0.000000	0.000000	0.000000
-0.949140	0.849187	-0.870105	0.714106	0.000000	0.000000	0.000000	0.000000	0.000000	0.000000
-0.949320	0.849186	-0.870082	0.475186	0.000000	0.000000	0.000000	0.000000	0.000000	0.000000
-0.949335	0.849186	-0.870105	0.714508	0.000000	0.000000	0.000000	0.000000	0.000000	0.000000
-0.949028	0.849186	-0.870105	0.696784	0.000000	0.000000	0.000000	0.000000	0.000000	0.000000
-0.949222	0.849187	-0.870105	0.714345	0.000000	0.000000	0.000000	0.000000	0.000000	0.000000
-0.949354	0.849187	-0.870105	0.714502	0.000000	0.000000	0.000000	0.000000	0.000000	0.000000
-0.949115	0.849187	-0.870105	0.714502	0.000000	0.000000	0.000000	0.000000	0.000000	0.000000
-0.949048	0.849186	-0.870105	0.714361	0.000000	0.000000	0.000000	0.000000	0.000000	0.000000
-0.949476	0.849186	-0.870105	0.714533	0.000000	0.000000	0.000000	0.000000	0.000000	0.000000
-0.949107	0.849186	-0.870105	0.711355	0.000000	0.000000	0.000000	0.000000	0.000000	0.000000
-0.949105	0.849186	-0.870105	0.714447	0.000000	0.000000	0.000000	0.000000	0.000000	0.000000
-0.949042	0.849186	-0.870105	0.698376	0.000000	0.000000	0.000000	0.000000	0.000000	0.000000
-0.949361	0.849186	-0.870105	0.714388	0.000000	0.000000	0.000000	0.000000	0.000000	0.000000
-0.949195	0.849186	-0.870104	0.714121	0.000000	0.000000	0.000000	0.000000	0.000000	0.000000
-0.949310	0.849187	-0.870105	0.714409	0.000000	0.000000	0.000000	0.000000	0.000000	0.000000
-0.949081	0.849186	-0.870066	0.714608	0.000000	0.000000	0.000000	0.000000	0.000000	0.000000
-0.948902	-0.848786	-0.857698	0.000338	0.000000	0.000000	0.000000	0.000000	0.000000	0.000000
-0.948982	-0.848813	-0.870105	-0.889041	0.000000	0.000000	0.000000	0.000000	0.000000	0.000000
-0.949030	-0.848775	-0.870105	-0.889536	0.000000	0.000000	0.000000	0.000000	0.000000	0.000000
-0.949316	-0.848842	-0.870105	-0.888986	0.000000	0.000000	0.000000	0.000000	0.000000	0.000000
-0.949161	-0.848868	-0.870105	-0.889178	0.000000	0.000000	0.000000	0.000000	0.000000	0.000000
-0.948993	-0.849112	-0.870105	-0.889419	0.000000	0.000000	0.000000	0.000000	0.000000	0.000000
-0.948991	-0.849052	-0.870105	-0.889157	0.000000	0.000000	0.000000	0.000000	0.000000	0.000000
-0.949109	-0.849043	-0.870105	-0.888926	0.000000	0.000000	0.000000	0.000000	0.000000	0.000000
-0.948925	-0.849384	-0.870105	-0.888960	0.000000	0.000000	0.000000	0.000000	0.000000	0.000000
-0.949156	-0.849018	-0.870105	-0.889716	0.000000	0.000000	0.000000	0.000000	0.000000	0.000000
-0.949136	-0.848581	-0.870105	-0.889607	0.000000	0.000000	0.000000	0.000000	0.000000	0.000000
-0.948899	-0.849249	-0.870105	-0.888931	0.000000	0.000000	0.000000	0.000000	0.000000	0.000000
-0.949354	-0.849092	-0.870105	-0.888658	0.000000	0.000000	0.000000	0.000000	0.000000	0.000000
-0.949315	-0.849359	-0.870105	-0.888900	0.000000	0.000000	0.000000	0.000000	0.000000	0.000000
-0.949335	-0.848741	-0.870105	-0.888997	0.000000	0.000000	0.000000	0.000000	0.000000	0.000000
-0.949150	-0.849360	-0.870105	-0.883475	0.000000	0.000000	0.000000	0.000000	0.000000	0.000000
-0.949076	-0.849262	-0.870105	-0.889006	0.000000	0.000000	0.000000	0.000000	0.000000	0.000000
-0.949067	-0.849138	-0.869234	-0.858000	0.000000	0.000000	0.000000	0.000000	0.000000	0.000000
-0.949377	-0.848869	-0.870104	-0.888866	0.000000	0.000000	0.000000	0.000000	0.000000	0.000000
-0.949119	-0.848996	-0.870105	-0.889502	0.000000	0.000000	0.000000	0.000000	0.000000	0.000000
-0.949134	-0.848605	-0.870105	-0.889255	0.000000	0.000000	0.000000	0.000000	0.000000	0.000000
-0.949166	-0.849168	-0.870105	-0.889565	0.000000	0.000000	0.000000	0.000000	0.000000	0.000000
-0.948905	-0.848786	-0.870105	-0.888947	0.000000	0.000000	0.000000	0.000000	0.000000	0.000000
-0.949021	-0.849244	-0.870105	-0.889172	0.000000	0.000000	0.000000	0.000000	0.000000	0.000000
-0.949142	-0.848775	-0.870105	-0.889142	0.000000	0.000000	0.000000	0.000000	0.000000	0.000000
-0.949568	-0.849080	-0.870105	-0.883861	0.000000	0.000000	0.000000	0.000000	0.000000	0.000000
-0.948767	-0.848897	-0.870105	-0.889314	0.000000	0.000000	0.000000	0.000000	0.000000	0.000000
-0.949283	-0.849126	-0.870105	-0.889091	0.000000	0.000000	0.000000	0.000000	0.000000	0.000000
-0.949245	-0.849102	-0.870105	-0.888740	0.000000	0.000000	0.000000	0.000000	0.000000	0.000000
-0.949231	-0.849198	-0.870105	-0.889300	0.000000	0.000000	0.000000	0.000000	0.000000	0.000000
-0.948919	-0.848242	-0.870105	-0.888707	0.000000	0.000000	0.000000	0.000000	0.000000	0.000000
-0.949178	-0.849021	-0.870105	-0.889069	0.000000	0.000000	0.000000	0.000000	0.000000	0.000000
-0.949166	-0.849050	-0.870105	-0.889314	0.000000	0.000000	0.000000	0.000000	0.000000	0.000000
-0.949034	-0.848741	-0.870105	-0.889321	0.000000	0.000000	0.000000	0.000000	0.000000	0.000000
-0.949254	-0.848961	-0.870105	-0.888709	0.000000	0.000000	0.000000	0.000000	0.000000	0.000000
-0.949085	-0.848620	-0.870105	-0.889127	0.000000	0.000000	0.000000	0.000000	0.000000	0.000000
-0.949084	-0.849099	-0.870105	-0.889221	0.000000	0.000000	0.000000	0.000000	0.000000	0.000000
-0.949160	-0.849227	-0.870099	-0.888317	0.000000	0.000000	0.000000	0.000000	0.000000	0.000000
-0.949239	-0.849141	-0.870105	-0.888771	0.000000	0.000000	0.000000	0.000000	0.000000	0.000000
-0.948822	-0.848579	-0.870105	-0.889350	0.000000	0.000000	0.000000	0.000000	0.000000	0.000000
-0.949586	-0.849343	-0.870105	-0.827594	0.000000	0.000000	0.000000	0.000000	0.000000	0.000000
-0.949276	-0.849036	-0.870105	-0.889305	0.000000	0.000000	0.000000	0.000000	0.000000	0.000000
-0.949118	-0.848885	-0.870105	-0.888726	0.000000	0.000000	0.000000	0.000000	0.000000	0.000000
-0.949219	-0.848921	-0.870105	-0.889085	0.000000	0.000000	0.000000	0.000000	0.000000	0.000000
-0.949269	-0.848944	-0.870105	-0.889525	0.000000	0.000000	0.000000	0.000000	0.000000	0.000000
-0.949140	-0.849304	-0.870105	-0.889140	0.000000	0.000000	0.000000	0.000000	0.000000	0.000000
-0.949287	-0.848854	-0.870105	-0.889019	0.000000	0.000000	0.000000	0.000000	0.000000	0.000000
-0.949107	-0.849275	-0.870105	-0.888807	0.000000	0.000000	0.000000	0.000000	0.000000	0.000000
-0.949268	-0.849313	-0.870102	-0.889309	0.000000	0.000000	0.000000	0.000000	0.000000	0.000000
-0.949308	-0.849136	-0.870104	-0.889325	0.000000	0.000000	0.000000	0.000000	0.000000	0.000000
-0.949519	-0.848982	-0.870105	-0.889180	0.000000	0.000000	0.000000	0.000000	0.000000	0.000000
-0.949376	-0.848905	-0.870105	-0.889474	0.000000	0.000000	0.000000	0.000000	0.000000	0.000000
-0.948952	-0.848999	-0.870105	-0.889708	0.000000	0.000000	0.000000	0.000000	0.000000	0.000000
-0.949177	-0.848999	-0.870105	-0.889193	0.000000	0.000000	0.000000	0.000000	0.000000	0.000000
-0.949153	-0.849126	-0.850490	-0.887817	0.000000	0.000000	0.000000	0.000000	0.000000	0.000000
-0.949192	-0.848832	-0.870105	-0.889123	0.000000	0.000000	0.000000	0.000000	0.000000	0.000000
-0.949321	-0.849088	-0.870105	-0.889663	0.000000	0.000000	0.000000	0.000000	0.000000	0.000000
-0.949148	-0.848766	-0.870105	-0.884837	0.000000	0.000000	0.000000	0.000000	0.000000	0.000000
-0.949128	-0.849183	-0.870105	-0.889079	0.000000	0.000000	0.000000	0.000000	0.000000	0.000000
-0.949085	-0.848881	-0.870105	-0.889002	0.000000	0.000000	0.000000	0.000000	0.000000	0.000000
-0.949028	-0.849210	-0.870105	-0.887714	0.000000	0.000000	0.000000	0.000000	0.000000	0.000000
-0.949185	-0.849180	-0.870052	-0.889107	0.000000	0.000000	0.000000	0.000000	0.000000	0.000000
-0.949158	-0.849376	-0.869440	-0.888929	0.000000	0.000000	0.000000	0.000000	0.000000	0.000000
-0.949071	-0.848431	-0.870105	-0.888965	0.000000	0.000000	0.000000	0.000000	0.000000	0.000000
-0.949140	-0.848552	-0.870105	-0.881980	0.000000	0.000000	0.000000	0.000000	0.000000	0.000000
-0.949199	-0.848876	-0.870104	-0.792824	0.000000	0.000000	0.000000	0.000000	0.000000	0.000000
-0.948846	-0.848952	-0.870105	-0.889422	0.000000	0.000000	0.000000	0.000000	0.000000	0.000000
-0.949155	-0.848978	-0.870105	-0.885444	0.000000	0.000000	0.000000	0.000000	0.000000	0.000000
-0.949341	-0.848961	-0.870105	-0.889106	0.000000	0.000000	0.000000	0.000000	0.000000	0.000000
-0.949048	-0.849042	-0.870105	-0.889054	0.000000	0.000000	0.000000	0.000000	0.000000	0.000000
-0.949169	-0.848717	-0.870105	-0.888175	0.000000	0.000000	0.000000	0.000000	0.000000	0.000000
-0.949230	-0.849293	-0.870104	-0.889168	0.000000	0.000000	0.000000	0.000000	0.000000	0.000000
-0.949055	-0.848866	-0.870099	-0.888054	0.000000	0.000000	0.000000	0.000000	0.000000	0.000000
-0.949226	-0.849134	-0.870105	-0.888459	0.000000	0.000000	0.000000	0.000000	0.000000	0.000000
-0.949326	-0.849571	-0.870105	-0.889192	0.000000	0.000000	0.000000	0.000000	0.000000	0.000000
-0.949353	-0.849230	-0.870105	-0.885123	0.000000	0.000000	0.000000	0.000000	0.000000	0.000000
-0.949306	-0.848866	-0.870105	-0.888932	0.000000	0.000000	0.000000	0.000000	0.000000	0.000000
-0.949200	-0.849390	-0.870105	-0.889157	0.000000	0.000000	0.000000	0.000000	0.000000	0.000000
-0.948968	-0.849255	-0.870105	-0.888639	0.000000	0.000000	0.000000	0.000000	0.000000	0.000000
-0.949474	-0.848878	-0.870105	-0.889526	0.000000	0.000000	0.000000	0.000000	0.000000	0.000000
-0.949408	-0.848962	-0.870105	-0.889368	0.000000	0.000000	0.000000	0.000000	0.000000	0.000000
-0.949056	-0.849153	-0.870105	-0.889216	0.000000	0.000000	0.000000	0.000000	0.000000	0.000000
-0.948953	-0.849194	-0.870105	-0.889326	0.000000	0.000000	0.000000	0.000000	0.000000	0.000000
-0.948879	-0.849150	-0.870105	-0.889086	0.000000	0.000000	0.000000	0.000000	0.000000	0.000000
-0.949278	-0.849170	-0.870105	-0.889004	0.000000	0.000000	0.000000	0.000000	0.000000	0.000000
-0.949111	-0.849083	-0.870105	-0.889104	0.000000	0.000000	0.000000	0.000000	0.000000	0.000000
-0.949513	-0.848984	-0.870105	-0.889120	0.000000	0.000000	0.000000	0.000000	0.000000	0.000000
-0.949143	-0.849232	-0.870105	-0.889157	0.000000	0.000000	0.000000	0.000000	0.000000	0.000000
-0.949333	-0.849334	-0.870105	-0.888951	0.000000	0.000000	0.000000	0.000000	0.000000	0.000000
-0.949173	-0.849184	-0.870105	-0.879609	0.000000	0.000000	0.000000	0.000000	0.000000	0.000000
-0.949227	-0.848699	-0.870105	-0.888916	0.000000	0.000000	0.000000	0.000000	0.000000	0.000000
-0.949229	-0.848522	-0.870105	-0.888531	0.000000	0.000000	0.000000	0.000000	0.000000	0.000000
-0.949392	-0.849119	-0.870100	-0.888865	0.000000	0.000000	0.000000	0.000000	0.000000	0.000000
-0.949084	-0.849523	-0.870105	-0.889033	0.000000	0.000000	0.000000	0.000000	0.000000	0.000000
-0.949385	-0.848817	-0.870105	-0.889093	0.000000	0.000000	0.000000	0.000000	0.000000	0.000000
-0.949064	-0.849614	-0.870105	-0.889615	0.000000	0.000000	0.000000	0.000000	0.000000	0.000000
-0.949054	-0.848971	-0.870105	-0.889149	0.000000	0.000000	0.000000	0.000000	0.000000	0.000000
-0.949146	-0.849034	-0.870105	-0.889232	0.000000	0.000000	0.000000	0.000000	0.000000	0.000000
-0.949042	-0.848678	-0.870105	-0.888972	0.000000	0.000000	0.000000	0.000000	0.000000	0.000000
-0.948972	-0.848976	-0.870105	-0.889288	0.000000	0.000000	0.000000	0.000000	0.000000	0.000000
-0.949078	-0.849417	-0.870105	-0.889375	0.000000	0.000000	0.000000	0.000000	0.000000	0.000000
-0.949010	-0.849100	-0.870105	-0.888973	0.000000	0.000000	0.000000	0.000000	0.000000	0.000000
-0.949129	-0.849252	-0.870105	-0.889587	0.000000	0.000000	0.000000	0.000000	0.000000	0.000000
-0.949042	-0.849113	-0.870105	-0.889118	0.000000	0.000000	0.000000	0.000000	0.000000	0.000000
-0.949115	-0.849025	-0.870105	-0.798811	0.000000	0.000000	0.000000	0.000000	0.000000	0.000000
-0.949382	-0.848898	-0.870102	-0.888767	0.000000	0.000000	0.000000	0.000000	0.000000	0.000000
-0.948781	-0.848941	-0.870105	-0.886743	0.000000	0.000000	0.000000	0.000000	0.000000	0.000000
-0.949218	-0.848881	-0.870105	-0.888887	0.000000	0.000000	0.000000	0.000000	0.000000	0.000000
-0.949182	-0.849124	-0.870105	-0.889108	0.000000	0.000000	0.000000	0.000000	0.000000	0.000000
-0.949223	-0.849366	-0.870105	-0.888337	0.000000	0.000000	0.000000	0.000000	0.000000	0.000000
-0.949336	-0.848940	-0.870105	-0.889269	0.000000	0.000000	0.000000	0.000000	0.000000	0.000000
-0.949206	-0.849203	-0.870105	-0.889124	0.000000	0.000000	0.000000	0.000000	0.000000	0.000000
-0.949123	-0.848794	-0.866639	-0.886678	0.000000	0.000000	0.000000	0.000000	0.000000	0.000000
-0.949092	-0.848946	-0.870105	-0.889115	0.000000	0.000000	0.000000	0.000000	0.000000	0.000000
-0.949388	-0.849399	-0.870105	-0.879672	0.000000	0.000000	0.000000	0.000000	0.000000	0.000000
-0.949126	-0.849147	-0.870105	-0.889416	0.000000	0.000000	0.000000	0.000000	0.000000	0.000000
-0.949137	-0.849329	-0.870105	-0.889242	0.000000	0.000000	0.000000	0.000000	0.000000	0.000000
-0.949114	-0.848865	-0.870105	-0.889279	0.000000	0.000000	0.000000	0.000000	0.000000	0.000000
-0.949151	-0.848834	-0.870105	-0.889322	0.000000	0.000000	0.000000	0.000000	0.000000	0.000000
-0.949336	-0.849020	-0.870028	-0.889084	0.000000	0.000000	0.000000	0.000000	0.000000	0.000000
-0.949061	-0.848893	-0.870105	-0.889104	0.000000	0.000000	0.000000	0.000000	0.000000	0.000000
-0.949031	-0.849155	-0.870105	-0.889346	0.000000	0.000000	0.000000	0.000000	0.000000	0.000000
-0.948949	-0.849198	-0.870104	-0.889132	0.000000	0.000000	0.000000	0.000000	0.000000	0.000000
-0.949375	-0.848785	-0.870105	-0.888477	0.000000	0.000000	0.000000	0.000000	0.000000	0.000000
-0.949123	-0.849288	-0.870105	-0.888599	0.000000	0.000000	0.000000	0.000000	0.000000	0.000000
-0.948898	-0.849069	-0.870105	-0.889017	0.000000	0.000000	0.000000	0.000000	0.000000	0.000000
-0.948971	-0.848880	-0.870105	-0.889163	0.000000	0.000000	0.000000	0.000000	0.000000	0.000000
-0.949040	-0.848862	-0.870105	-0.888388	0.000000	0.000000	0.000000	0.000000	0.000000	0.000000
-0.949260	-0.849407	-0.870105	-0.888493	0.000000	0.000000	0.000000	0.000000	0.000000	0.000000
-0.949283	-0.849659	-0.870105	-0.889127	0.000000	0.000000	0.000000	0.000000	0.000000	0.000000
-0.948928	-0.849511	-0.870105	-0.889335	0.000000	0.000000	0.000000	0.000000	0.000000	0.000000
-0.949099	-0.848761	-0.870105	-0.889257	0.000000	0.000000	0.000000	0.000000	0.000000	0.000000
-0.949105	-0.849004	-0.870105	-0.888951	0.000000	0.000000	0.000000	0.000000	0.000000	0.000000
-0.949281	-0.848734	-0.870105	-0.888982	0.000000	0.000000	0.000000	0.000000	0.000000	0.000000
-0.949503	-0.848921	-0.870105	-0.889248	0.000000	0.000000	0.000000	0.000000	0.000000	0.000000
-0.949116	-0.849420	-0.870058	-0.888886	0.000000	0.000000	0.000000	0.000000	0.000000	0.000000
-0.949126	-0.849283	-0.870105	-0.821491	0.000000	0.000000	0.000000	0.000000	0.000000	0.000000
-0.949096	-0.849106	-0.870105	-0.889695	0.000000	0.000000	0.000000	0.000000	0.000000	0.000000
-0.949130	-0.849634	-0.870104	-0.888152	0.000000	0.000000	0.000000	0.000000	0.000000	0.000000
-0.949294	-0.849200	-0.870105	-0.888737	0.000000	0.000000	0.000000	0.000000	0.000000	0.000000
-0.949171	-0.848983	-0.870105	-0.888966	0.000000	0.000000	0.000000	0.000000	0.000000	0.000000
-0.949072	-0.849186	-0.870067	-0.888444	0.000000	0.000000	0.000000	0.000000	0.000000	0.000000
-0.949261	-0.848857	-0.870105	-0.889807	0.000000	0.000000	0.000000	0.000000	0.000000	0.000000
-0.949317	-0.848685	-0.870105	-0.889067	0.000000	0.000000	0.000000	0.000000	0.000000	0.000000
-0.949113	-0.849420	-0.870105	-0.889217	0.000000	0.000000	0.000000	0.000000	0.000000	0.000000
-0.949152	-0.848874	-0.870105	-0.889301	0.000000	0.000000	0.000000	0.000000	0.000000	0.000000
-0.949213	-0.848912	-0.870105	-0.888890	0.000000	0.000000	0.000000	0.000000	0.000000	0.000000
-0.949391	-0.849246	-0.870105	-0.889080	0.000000	0.000000	0.000000	0.000000	0.000000	0.000000
-0.949335	-0.848767	-0.870105	-0.889377	0.000000	0.000000	0.000000	0.000000	0.000000	0.000000
-0.949047	-0.849126	-0.870105	-0.889071	0.000000	0.000000	0.000000	0.000000	0.000000	0.000000
-0.949219	-0.849455	-0.870105	-0.889219	0.000000	0.000000	0.000000	0.000000	0.000000	0.000000
-0.949135	-0.848835	-0.870105	-0.889001	0.000000	0.000000	0.000000	0.000000	0.000000	0.000000
-0.949212	-0.849086	-0.870105	-0.889147	0.000000	0.000000	0.000000	0.000000	0.000000	0.000000
-0.949553	-0.848937	-0.870105	-0.889126	0.000000	0.000000	0.000000	0.000000	0.000000	0.000000
-0.949155	-0.849313	-0.870105	-0.889061	0.000000	0.000000	0.000000	0.000000	0.000000	0.000000
-0.949208	-0.849354	-0.870104	-0.886873	0.000000	0.000000	0.000000	0.000000	0.000000	0.000000
-0.949002	-0.849212	-0.870105	-0.889602	0.000000	0.000000	0.000000	0.000000	0.000000	0.000000
-0.949173	-0.849316	-0.870105	-0.889276	0.000000	0.000000	0.000000	0.000000	0.000000	0.000000
-0.948948	-0.849102	-0.870105	-0.889274	0.000000	0.000000	0.000000	0.000000	0.000000	0.000000
-0.949444	-0.848900	-0.870105	-0.888920	0.000000	0.000000	0.000000	0.000000	0.000000	0.000000
-0.949314	-0.849034	-0.870105	-0.889327	0.000000	0.000000	0.000000	0.000000	0.000000	0.000000
-0.949131	-0.849294	-0.870105	-0.888824	0.000000	0.000000	0.000000	0.000000	0.000000	0.000000
-0.949139	-0.849342	-0.870105	-0.888458	0.000000	0.000000	0.000000	0.000000	0.000000	0.000000
-0.949223	-0.849363	-0.870105	-0.888937	0.000000	0.000000	0.000000	0.000000	0.000000	0.000000
-0.949135	-0.848989	-0.870105	-0.889097	0.000000	0.000000	0.000000	0.000000	0.000000	0.000000
-0.949106	-0.849360	-0.870104	-0.888936	0.000000	0.000000	0.000000	0.000000	0.000000	0.000000
-0.948948	-0.849292	-0.870105	-0.889039	0.000000	0.000000	0.000000	0.000000	0.000000	0.000000
-0.949275	-0.848979	-0.870105	-0.887862	0.000000	0.000000	0.000000	0.000000	0.000000	0.000000
-0.949106	-0.849172	-0.870105	-0.889250	0.000000	0.000000	0.000000	0.000000	0.000000	0.000000
-0.949159	-0.849534	-0.870105	-0.889591	0.000000	0.000000	0.000000	0.000000	0.000000	0.000000
-0.949207	-0.849021	-0.870102	-0.888972	0.000000	0.000000	0.000000	0.000000	0.000000	0.000000
-0.949277	-0.849012	-0.870080	-0.882886	0.000000	0.000000	0.000000	0.000000	0.000000	0.000000
-0.949050	-0.848879	-0.870105	-0.889022	0.000000	0.000000	0.000000	0.000000	0.000000	0.000000
-0.949314	-0.848988	-0.870105	-0.889323	0.000000	0.000000	0.000000	0.000000	0.000000	0.000000
-0.949280	-0.848586	-0.870105	-0.888961	0.000000	0.000000	0.000000	0.000000	0.000000	0.000000
-0.949392	-0.849459	-0.870105	-0.888506	0.000000	0.000000	0.000000	0.000000	0.000000	0.000000
-0.949038	-0.848940	-0.870105	-0.889469	0.000000	0.000000	0.000000	0.000000	0.000000	0.000000
-0.949142	-0.849200	-0.870105	-0.889481	0.000000	0.000000	0.000000	0.000000	0.000000	0.000000
-0.949051	-0.849040	-0.870105	-0.888701	0.000000	0.000000	0.000000	0.000000	0.000000	0.000000
-0.949159	-0.848693	-0.870105	-0.889284	0.000000	0.000000	0.000000	0.000000	0.000000	0.000000
-0.949078	-0.848972	-0.870105	-0.888925	0.000000	0.000000	0.000000	0.000000	0.000000	0.000000
-0.949084	-0.849153	-0.870105	-0.888681	0.000000	0.000000	0.000000	0.000000	0.000000	0.000000
-0.949229	-0.849195	-0.870105	-0.889337	0.000000	0.000000	0.000000	0.000000	0.000000	0.000000
-0.949098	-0.848535	-0.870105	-0.889269	0.000000	0.000000	0.000000	0.000000	0.000000	0.000000
-0.949190	-0.849047	-0.870105	-0.887343	0.000000	0.000000	0.000000	0.000000	0.000000	0.000000
-0.949182	-0.848882	-0.870105	-0.887869	0.000000	0.000000	0.000000	0.000000	0.000000	0.000000
-0.949022	-0.849428	-0.870105	-0.889774	0.000000	0.000000	0.000000	0.000000	0.000000	0.000000
-0.949091	-0.848943	-0.870105	-0.889180	0.000000	0.000000	0.000000	0.000000	0.000000	0.000000
-0.949027	-0.848852	-0.870105	-0.889097	0.000000	0.000000	0.000000	0.000000	0.000000	0.000000
-0.949075	-0.848968	-0.870105	-0.889240	0.000000	0.000000	0.000000	0.000000	0.000000	0.000000
-0.949306	-0.849402	-0.870105	-0.889052	0.000000	0.000000	0.000000	0.000000	0.000000	0.000000
-0.949344	-0.848986	-0.870105	-0.888912	0.000000	0.000000	0.000000	0.000000	0.000000	0.000000
-0.949013	-0.849010	-0.870105	-0.889550	0.000000	0.000000	0.000000	0.000000	0.000000	0.000000
-0.949241	-0.849023	-0.870105	-0.889061	0.000000	0.000000	0.000000	0.000000	0.000000	0.000000
-0.949103	-0.849047	-0.869990	-0.888806	0.000000	0.000000	0.000000	0.000000	0.000000	0.000000
-0.949130	-0.849218	-0.870105	-0.889526	0.000000	0.000000	0.000000	0.000000	0.000000	0.000000
-0.949200	-0.848911	-0.870105	-0.889072	0.000000	0.000000	0.000000	0.000000	0.000000	0.000000
-0.949129	-0.849081	-0.870105	-0.888745	0.000000	0.000000	0.000000	0.000000	0.000000	0.000000
-0.949200	-0.848775	-0.870105	-0.889205	0.000000	0.000000	0.000000	0.000000	0.000000	0.000000
-0.949341	-0.848804	-0.870105	-0.888943	0.000000	0.000000	0.000000	0.000000	0.000000	0.000000
-0.949013	-0.849296	-0.870105	-0.867734	0.000000	0.000000	0.000000	0.000000	0.000000	0.000000
-0.949432	-0.849111	-0.870105	-0.889072	0.000000	0.000000	0.000000	0.000000	0.000000	0.000000
-0.948803	-0.848950	-0.870105	-0.889666	0.000000	0.000000	0.000000	0.000000	0.000000	0.000000
-0.948770	-0.849108	-0.870105	-0.888716	0.000000	0.000000	0.000000	0.000000	0.000000	0.000000
-0.949366	-0.848741	-0.870105	-0.889060	0.000000	0.000000	0.000000	0.000000	0.000000	0.000000
-0.949119	-0.848918	-0.870105	-0.889259	0.000000	0.000000	0.000000	0.000000	0.000000	0.000000
-0.949303	-0.849043	-0.870105	-0.889253	0.000000	0.000000	0.000000	0.000000	0.000000	0.000000
-0.948843	-0.849413	-0.870105	-0.889187	0.000000	0.000000	0.000000	0.000000	0.000000	0.000000
-0.949014	-0.849040	-0.870105	-0.887121	0.000000	0.000000	0.000000	0.000000	0.000000	0.000000
-0.949126	-0.848983	-0.870105	-0.888981	0.000000	0.000000	0.000000	0.000000	0.000000	0.000000
-0.949274	-0.849220	-0.870105	-0.888933	0.000000	0.000000	0.000000	0.000000	0.000000	0.000000
-0.949302	-0.848927	-0.870105	-0.889436	0.000000	0.000000	0.000000	0.000000	0.000000	0.000000
-0.949237	-0.848929	-0.870105	-0.889045	0.000000	0.000000	0.000000	0.000000	0.000000	0.000000
-0.949025	-0.848629	-0.870105	-0.888828	0.000000	0.000000	0.000000	0.000000	0.000000	0.000000
-0.949266	-0.848724	-0.870105	-0.889368	0.000000	0.000000	0.000000	0.000000	0.000000	0.000000
-0.949046	-0.848987	-0.870084	-0.867168	0.000000	0.000000	0.000000	0.000000	0.000000	0.000000
-0.949067	-0.849069	-0.870105	-0.889351	0.000000	0.000000	0.000000	0.000000	0.000000	0.000000
-0.949113	-0.849109	-0.870104	-0.888392	0.000000	0.000000	0.000000	0.000000	0.000000	0.000000
-0.949176	-0.848755	-0.870105	-0.889272	0.000000	0.000000	0.000000	0.000000	0.000000	0.000000
-0.949092	-0.848858	-0.870105	-0.888852	0.000000	0.000000	0.000000	0.000000	0.000000	0.000000
-0.949114	-0.848852	-0.870105	-0.889438	0.000000	0.000000	0.000000	0.000000	0.000000	0.000000
-0.949138	-0.849000	-0.870105	-0.889003	0.000000	0.000000	0.000000	0.000000	0.000000	0.000000
-0.949176	-0.849280	-0.870105	-0.889093	0.000000	0.000000	0.000000	0.000000	0.000000	0.000000
-0.949307	-0.848678	-0.870105	-0.889252	0.000000	0.000000	0.000000	0.000000	0.000000	0.000000
-0.949190	-0.848769	-0.870105	-0.884787	0.000000	0.000000	0.000000	0.000000	0.000000	0.000000
-0.949138	-0.849360	-0.870100	-0.889167	0.000000	0.000000	0.000000	0.000000	0.000000	0.000000
-0.949077	-0.849134	-0.870105	-0.889028	0.000000	0.000000	0.000000	0.000000	0.000000	0.000000
-0.949129	-0.849221	-0.870105	-0.888400	0.000000	0.000000	0.000000	0.000000	0.000000	0.000000
-0.949220	-0.849246	-0.870105	-0.888558	0.000000	0.000000	0.000000	0.000000	0.000000	0.000000
-0.949179	-0.848802	-0.870097	-0.888932	0.000000	0.000000	0.000000	0.000000	0.000000	0.000000
-0.949268	-0.848842	-0.870105	-0.889653	0.000000	0.000000	0.000000	0.000000	0.000000	0.000000
-0.949318	-0.849500	-0.870105	-0.889176	0.000000	0.000000	0.000000	0.000000	0.000000	0.000000
-0.949052	-0.848610	-0.870105	-0.889288	0.000000	0.000000	0.000000	0.000000	0.000000	0.000000
-0.949269	-0.849090	-0.870105	-0.889038	0.000000	0.000000	0.000000	0.000000	0.000000	0.000000
-0.949177	-0.849291	-0.870101	-0.889149	0.000000	0.000000	0.000000	0.000000	0.000000	0.000000
-0.949199	-0.848904	-0.870105	-0.888843	0.000000	0.000000	0.000000	0.000000	0.000000	0.000000
-0.949138	-0.849258	-0.870105	-0.888948	0.000000	0.000000	0.000000	0.000000	0.000000	0.000000
-0.949222	-0.849241	-0.870104	-0.889264	0.000000	0.000000	0.000000	0.000000	0.000000	0.000000
-0.949207	-0.848814	-0.870105	-0.888775	0.000000	0.000000	0.000000	0.000000	0.000000	0.000000
-0.949249	-0.848868	-0.870105	-0.889381	0.000000	0.000000	0.000000	0.000000	0.000000	0.000000
-0.949220	-0.849324	-0.870105	-0.889256	0.000000	0.000000	0.000000	0.000000	0.000000	0.000000
-0.948836	-0.849608	-0.870105	-0.815665	0.000000	0.000000	0.000000	0.000000	0.000000	0.000000
-0.949296	-0.849382	-0.869554	-0.889082	0.000000	0.000000	0.000000	0.000000	0.000000	0.000000
-0.948931	-0.849171	-0.870105	-0.888965	0.000000	0.000000	0.000000	0.000000	0.000000	0.000000
-0.949014	-0.848960	-0.870101	-0.889234	0.000000	0.000000	0.000000	0.000000	0.000000	0.000000
-0.949014	-0.848959	-0.870105	-0.889215	0.000000	0.000000	0.000000	0.000000	0.000000	0.000000
-0.948946	-0.848958	-0.870104	-0.889179	0.000000	0.000000	0.000000	0.000000	0.000000	0.000000
-0.949069	-0.848981	-0.870105	-0.888053	0.000000	0.000000	0.000000	0.000000	0.000000	0.000000
-0.949121	-0.849262	-0.870105	-0.889385	0.000000	0.000000	0.000000	0.000000	0.000000	0.000000
-0.949319	-0.848924	-0.870105	-0.889261	0.000000	0.000000	0.000000	0.000000	0.000000	0.000000
-0.948886	-0.000000	-0.000000	-0.000000	0.000000	0.000000	0.000000	0.000000	0.000000	0.000000
-0.949184	-0.848544	-0.000000	0.714513	0.000000	0.000000	0.000000	0.000000	0.000000	0.000000
-0.948946	-0.849352	0.000000	0.700123	0.000000	0.000000	0.000000	0.000000	0.000000	0.000000
-0.949178	-0.849203	-0.000000	0.714382	0.000000	0.000000	0.000000	0.000000	0.000000	0.000000
-0.949169	-0.848894	-0.000000	0.712237	0.000000	0.000000	0.000000	0.000000	0.000000	0.000000
-0.949211	-0.849626	-0.000000	0.714377	0.000000	0.000000	0.000000	0.000000	0.000000	0.000000
-0.949102	-0.848966	-0.000000	0.714485	0.000000	0.000000	0.000000	0.000000	0.000000	0.000000
-0.949155	-0.849358	-0.000000	0.714503	0.000000	0.000000	0.000000	0.000000	0.000000	0.000000
-0.949018	-0.849077	-0.000000	0.672431	0.000000	0.000000	0.000000	0.000000	0.000000	0.000000
-0.949232	-0.848956	-0.000000	0.588455	0.000000	0.000000	0.000000	0.000000	0.000000	0.000000
-0.949426	-0.848812	-0.000000	0.714344	0.000000	0.000000	0.000000	0.000000	0.000000	0.000000
-0.949122	-0.848986	-0.000000	0.713894	0.000000	0.000000	0.000000	0.000000	0.000000	0.000000
-0.949098	-0.849150	-0.000000	0.706800	0.000000	0.000000	0.000000	0.000000	0.000000	0.000000
-0.949176	-0.849141	-0.000000	0.714101	0.000000	0.000000	0.000000	0.000000	0.000000	0.000000
-0.949204	-0.849150	-0.000000	0.714532	0.000000	0.000000	0.000000	0.000000	0.000000	0.000000
-0.949130	-0.849048	-0.000000	0.714133	0.000000	0.000000	0.000000	0.000000	0.000000	0.000000
-0.949142	-0.849314	0.000000	0.714500	0.000000	0.000000	0.000000	0.000000	0.000000	0.000000
-0.949203	-0.849127	0.000000	0.713690	0.000000	0.000000	0.000000	0.000000	0.000000	0.000000
-0.949189	-0.848944	0.000000	0.714589	0.000000	0.000000	0.000000	0.000000	0.000000	0.000000
-0.949196	-0.849058	-0.000000	0.714315	0.000000	0.000000	0.000000	0.000000	0.000000	0.000000
-0.949138	-0.849048	0.000000	0.714491	0.000000	0.000000	0.000000	0.000000	0.000000	0.000000
-0.949221	-0.849029	-0.000000	0.714469	0.000000	0.000000	0.000000	0.000000	0.000000	0.000000
-0.949010	-0.848874	-0.000000	0.712962	0.000000	0.000000	0.000000	0.000000	0.000000	0.000000
-0.948997	-0.849296	-0.000000	0.713584	0.000000	0.000000	0.000000	0.000000	0.000000	0.000000
-0.948983	-0.848922	-0.000000	0.714498	0.000000	0.000000	0.000000	0.000000	0.000000	0.000000
-0.949234	-0.848897	-0.000000	0.714457	0.000000	0.000000	0.000000	0.000000	0.000000	0.000000
-0.949205	-0.849135	0.000000	0.714484	0.000000	0.000000	0.000000	0.000000	0.000000	0.000000
-0.949139	-0.848642	-0.000000	0.714530	0.000000	0.000000	0.000000	0.000000	0.000000	0.000000
-0.949088	-0.848788	-0.000000	0.713456	0.000000	0.000000	0.000000	0.000000	0.000000	0.000000
-0.949207	-0.849112	-0.000000	0.714532	0.000000	0.000000	0.000000	0.000000	0.000000	0.000000
-0.949224	-0.849489	0.000000	0.714507	0.000000	0.000000	0.000000	0.000000	0.000000	0.000000
-0.949150	-0.848823	0.000000	0.714462	0.000000	0.000000	0.000000	0.000000	0.000000	0.000000
-0.949058	-0.849177	-0.000000	0.714592	0.000000	0.000000	0.000000	0.000000	0.000000	0.000000
-0.949094	-0.848973	-0.000000	0.707692	0.000000	0.000000	0.000000	0.000000	0.000000	0.000000
-0.949148	-0.849722	-0.000000	0.712013	0.000000	0.000000	0.000000	0.000000	0.000000	0.000000
-0.949163	-0.848606	-0.000000	0.713923	0.000000	0.000000	0.000000	0.000000	0.000000	0.000000
-0.949158	-0.848705	-0.000000	0.714607	0.000000	0.000000	0.000000	0.000000	0.000000	0.000000
-0.949298	-0.848943	-0.000000	0.714446	0.000000	0.000000	0.000000	0.000000	0.000000	0.000000
-0.949088	-0.849168	-0.000000	0.714502	0.000000	0.000000	0.000000	0.000000	0.000000	0.000000
-0.949170	-0.849057	-0.000000	0.708211	0.000000	0.000000	0.000000	0.000000	0.000000	0.000000
-0.949276	-0.848879	-0.000000	0.331490	0.000000	0.000000	0.000000	0.000000	0.000000	0.000000
-0.949343	-0.848919	0.000000	0.714427	0.000000	0.000000	0.000000	0.000000	0.000000	0.000000
-0.949199	-0.849013	-0.000000	0.713581	0.000000	0.000000	0.000000	0.000000	0.000000	0.000000
-0.949272	-0.848724	-0.000000	0.648334	0.000000	0.000000	0.000000	0.000000	0.000000	0.000000
-0.949104	-0.849515	-0.000000	0.703893	0.000000	0.000000	0.000000	0.000000	0.000000	0.000000
-0.949259	-0.848810	-0.000000	0.713487	0.000000	0.000000	0.000000	0.000000	0.000000	0.000000
-0.949349	-0.848898	-0.000000	0.674972	0.000000	0.000000	0.000000	0.000000	0.000000	0.000000
-0.949358	-0.849267	-0.000000	0.714249	0.000000	0.000000	0.000000	0.000000	0.000000	0.000000
-0.949518	-0.849128	-0.000000	0.708452	0.000000	0.000000	0.000000	0.000000	0.000000	0.000000
-0.949115	-0.848645	-0.000000	0.714411	0.000000	0.000000	0.000000	0.000000	0.000000	0.000000
-0.949098	-0.848894	-0.000000	0.714449	0.000000	0.000000	0.000000	0.000000	0.000000	0.000000
-0.949329	-0.848919	-0.000000	0.714519	0.000000	0.000000	0.000000	0.000000	0.000000	0.000000
-0.949305	-0.848994	0.000000	0.714551	0.000000	0.000000	0.000000	0.000000	0.000000	0.000000
-0.948961	-0.849352	0.000000	0.714600	0.000000	0.000000	0.000000	0.000000	0.000000	0.000000
-0.949316	-0.849165	-0.000000	0.714541	0.000000	0.000000	0.000000	0.000000	0.000000	0.000000
-0.949138	-0.848704	-0.000000	0.714533	0.000000	0.000000	0.000000	0.000000	0.000000	0.000000
-0.949129	-0.849243	-0.000000	0.714037	0.000000	0.000000	0.000000	0.000000	0.000000	0.000000
-0.949087	-0.849188	-0.000000	0.714563	0.000000	0.000000	0.000000	0.000000	0.000000	0.000000
-0.948919	-0.848837	-0.000000	0.682726	0.000000	0.000000	0.000000	0.000000	0.000000	0.000000
-0.949041	-0.849616	0.000000	0.714563	0.000000	0.000000	0.000000	0.000000	0.000000	0.000000
-0.949012	-0.849033	-0.000000	0.714021	0.000000	0.000000	0.000000	0.000000	0.000000	0.000000
-0.949088	-0.849104	-0.000000	0.714474	0.000000	0.000000	0.000000	0.000000	0.000000	0.000000
-0.949435	-0.849532	0.000000	0.714550	0.000000	0.000000	0.000000	0.000000	0.000000	0.000000
-0.949072	-0.849440	0.000000	0.714476	0.000000	0.000000	0.000000	0.000000	0.000000	0.000000
-0.949080	-0.849018	-0.000000	0.687504	0.000000	0.000000	0.000000	0.000000	0.000000	0.000000
-0.949187	-0.848951	-0.000000	0.712929	0.000000	0.000000	0.000000	0.000000	0.000000	0.000000
-0.949351	-0.849296	-0.000000	0.714362	0.000000	0.000000	0.000000	0.000000	0.000000	0.000000
-0.949260	-0.849367	-0.000000	0.714475	0.000000	0.000000	0.000000	0.000000	0.000000	0.000000
-0.949195	-0.848846	-0.000000	0.714454	0.000000	0.000000	0.000000	0.000000	0.000000	0.000000
-0.949028	-0.849043	-0.000000	0.714401	0.000000	0.000000	0.000000	0.000000	0.000000	0.000000
-0.949084	-0.849135	-0.000000	0.714129	0.000000	0.000000	0.000000	0.000000	0.000000	0.000000
-0.949201	-0.848912	-0.000000	0.714485	0.000000	0.000000	0.000000	0.000000	0.000000	0.000000
-0.949319	-0.849672	0.000000	0.687675	0.000000	0.000000	0.000000	0.000000	0.000000	0.000000
-0.949091	-0.849001	0.000000	0.714559	0.000000	0.000000	0.000000	0.000000	0.000000	0.000000
-0.949017	-0.849009	-0.000000	0.713126	0.000000	0.000000	0.000000	0.000000	0.000000	0.000000
-0.949144	-0.848981	-0.000000	0.714520	0.000000	0.000000	0.000000	0.000000	0.000000	0.000000
-0.948905	-0.849179	-0.000000	0.707406	0.000000	0.000000	0.000000	0.000000	0.000000	0.000000
-0.949003	-0.848976	-0.000000	0.714098	0.000000	0.000000	0.000000	0.000000	0.000000	0.000000
-0.948972	-0.849161	-0.000000	0.672331	0.000000	0.000000	0.000000	0.000000	0.000000	0.000000
-0.949141	-0.848617	-0.000000	0.714411	0.000000	0.000000	0.000000	0.000000	0.000000	0.000000
-0.948942	-0.849070	-0.000000	0.713924	0.000000	0.000000	0.000000	0.000000	0.000000	0.000000
-0.949249	-0.848956	-0.000000	0.616403	0.000000	0.000000	0.000000	0.000000	0.000000	0.000000
-0.948946	-0.848405	-0.000000	0.713811	0.000000	0.000000	0.000000	0.000000	0.000000	0.000000
-0.949336	-0.848720	-0.000000	0.714494	0.000000	0.000000	0.000000	0.000000	0.000000	0.000000
-0.949204	-0.849069	0.000000	0.714528	0.000000	0.000000	0.000000	0.000000	0.000000	0.000000
-0.949058	-0.849348	0.000000	0.710871	0.000000	0.000000	0.000000	0.000000	0.000000	0.000000
-0.949054	-0.848941	0.000000	0.714461	0.000000	0.000000	0.000000	0.000000	0.000000	0.000000
-0.949140	-0.848898	0.000000	0.714527	0.000000	0.000000	0.000000	0.000000	0.000000	0.000000
-0.949094	-0.849434	0.000000	0.714011	0.000000	0.000000	0.000000	0.000000	0.000000	0.000000
-0.949218	-0.849052	-0.000000	0.714514	0.000000	0.000000	0.000000	0.000000	0.000000	0.000000
-0.949391	-0.849035	-0.000000	0.694653	0.000000	0.000000	0.000000	0.000000	0.000000	0.000000
-0.949077	-0.848812	-0.000000	0.714328	0.000000	0.000000	0.000000	0.000000	0.000000	0.000000
-0.949046	-0.848793	-0.000000	0.714497	0.000000	0.000000	0.000000	0.000000	0.000000	0.000000
-0.949232	-0.849027	-0.000000	0.714539	0.000000	0.000000	0.000000	0.000000	0.000000	0.000000
-0.948984	-0.849252	-0.000000	0.714480	0.000000	0.000000	0.000000	0.000000	0.000000	0.000000
-0.949285	-0.848801	-0.000000	0.714213	0.000000	0.000000	0.000000	0.000000	0.000000	0.000000
-0.949138	-0.849180	-0.000000	0.714167	0.000000	0.000000	0.000000	0.000000	0.000000	0.000000
-0.949182	-0.849316	0.000000	0.714369	0.000000	0.000000	0.000000	0.000000	0.000000	0.000000
-0.949174	-0.849491	0.000000	0.714585	0.000000	0.000000	0.000000	0.000000	0.000000	0.000000
-0.949376	-0.848800	-0.000000	0.714573	0.000000	0.000000	0.000000	0.000000	0.000000	0.000000
-0.948879	-0.849062	-0.000000	0.708244	0.000000	0.000000	0.000000	0.000000	0.000000	0.000000
-0.949353	-0.849136	-0.000000	0.709691	0.000000	0.000000	0.000000	0.000000	0.000000	0.000000
-0.949223	-0.849407	-0.000000	0.714427	0.000000	0.000000	0.000000	0.000000	0.000000	0.000000
-0.949471	-0.848856	0.000000	0.714538	0.000000	0.000000	0.000000	0.000000	0.000000	0.000000
-0.949443	-0.848704	-0.000000	0.714393	0.000000	0.000000	0.000000	0.000000	0.000000	0.000000
-0.949215	-0.848885	0.000000	0.705910	0.000000	0.000000	0.000000	0.000000	0.000000	0.000000
-0.948929	-0.848886	-0.000000	0.714584	0.000000	0.000000	0.000000	0.000000	0.000000	0.000000
-0.949384	-0.849176	-0.000000	0.714517	0.000000	0.000000	0.000000	0.000000	0.000000	0.000000
-0.948971	-0.849402	-0.000000	0.714399	0.000000	0.000000	0.000000	0.000000	0.000000	0.000000
-0.949094	-0.849176	-0.000000	0.694457	0.000000	0.000000	0.000000	0.000000	0.000000	0.000000
-0.948968	-0.849014	-0.000000	0.714310	0.000000	0.000000	0.000000	0.000000	0.000000	0.000000
-0.949188	-0.849410	0.000000	0.714529	0.000000	0.000000	0.000000	0.000000	0.000000	0.000000
-0.949150	-0.849218	0.000000	0.712918	0.000000	0.000000	0.000000	0.000000	0.000000	0.000000
-0.949253	-0.849105	-0.000000	0.714562	0.000000	0.000000	0.000000	0.000000	0.000000	0.000000
-0.948965	-0.849208	-0.000000	0.714623	0.000000	0.000000	0.000000	0.000000	0.000000	0.000000
-0.949233	-0.848792	-0.000000	0.714445	0.000000	0.000000	0.000000	0.000000	0.000000	0.000000
-0.949295	-0.849222	0.000000	0.714547	0.000000	0.000000	0.000000	0.000000	0.000000	0.000000
-0.949267	-0.849188	0.000000	0.714414	0.000000	0.000000	0.000000	0.000000	0.000000	0.000000
-0.949205	-0.849227	-0.000000	0.714533	0.000000	0.000000	0.000000	0.000000	0.000000	0.000000
-0.949045	-0.849125	-0.000000	0.714550	0.000000	0.000000	0.000000	0.000000	0.000000	0.000000
-0.949252	-0.848973	-0.000000	0.714602	0.000000	0.000000	0.000000	0.000000	0.000000	0.000000
-0.949238	-0.849276	0.000000	0.714191	0.000000	0.000000	0.000000	0.000000	0.000000	0.000000
-0.949240	-0.848831	-0.000000	0.714562	0.000000	0.000000	0.000000	0.000000	0.000000	0.000000
-0.949037	-0.848794	-0.000000	0.713393	0.000000	0.000000	0.000000	0.000000	0.000000	0.000000
-0.949133	-0.848983	0.000000	0.714571	0.000000	0.000000	0.000000	0.000000	0.000000	0.000000
-0.949043	-0.849402	0.000000	0.714500	0.000000	0.000000	0.000000	0.000000	0.000000	0.000000
-0.949285	-0.849151	-0.000000	0.703321	0.000000	0.000000	0.000000	0.000000	0.000000	0.000000
-0.948733	-0.849313	-0.000000	0.714381	0.000000	0.000000	0.000000	0.000000	0.000000	0.000000
-0.949286	-0.848995	0.000000	0.714543	0.000000	0.000000	0.000000	0.000000	0.000000	0.000000
-0.949692	-0.849010	-0.000000	0.013672	0.000000	0.000000	0.000000	0.000000	0.000000	0.000000
-0.948962	-0.849437	-0.000000	0.698618	0.000000	0.000000	0.000000	0.000000	0.000000	0.000000
-0.949099	-0.849581	-0.000000	0.429715	0.000000	0.000000	0.000000	0.000000	0.000000	0.000000
-0.949331	-0.849155	0.000000	0.714241	0.000000	0.000000	0.000000	0.000000	0.000000	0.000000
-0.949319	-0.848735	-0.000000	0.714070	0.000000	0.000000	0.000000	0.000000	0.000000	0.000000
-0.949238	-0.849351	-0.000000	0.714443	0.000000	0.000000	0.000000	0.000000	0.000000	0.000000
-0.949166	-0.848803	-0.000000	0.714415	0.000000	0.000000	0.000000	0.000000	0.000000	0.000000
-0.949211	-0.849183	-0.000000	0.714361	0.000000	0.000000	0.000000	0.000000	0.000000	0.000000
-0.949346	-0.848805	-0.000000	0.714216	0.000000	0.000000	0.000000	0.000000	0.000000	0.000000
-0.949435	-0.849299	0.000000	0.714640	0.000000	0.000000	0.000000	0.000000	0.000000	0.000000
-0.949343	-0.848864	0.000000	0.713876	0.000000	0.000000	0.000000	0.000000	0.000000	0.000000
-0.949072	-0.849347	-0.000000	0.714307	0.000000	0.000000	0.000000	0.000000	0.000000	0.000000
-0.949312	-0.849224	-0.000000	0.714515	0.000000	0.000000	0.000000	0.000000	0.000000	0.000000
-0.949265	-0.848677	-0.000000	0.714567	0.000000	0.000000	0.000000	0.000000	0.000000	0.000000
-0.949452	-0.849465	0.000000	0.713973	0.000000	0.000000	0.000000	0.000000	0.000000	0.000000
-0.949263	-0.848805	0.000000	0.714414	0.000000	0.000000	0.000000	0.000000	0.000000	0.000000
-0.949141	-0.849003	0.000000	0.698207	0.000000	0.000000	0.000000	0.000000	0.000000	0.000000
-0.949084	-0.849510	0.000000	0.714423	0.000000	0.000000	0.000000	0.000000	0.000000	0.000000
-0.949306	-0.849052	-0.000000	0.714538	0.000000	0.000000	0.000000	0.000000	0.000000	0.000000
-0.948810	-0.849319	0.000000	0.714529	0.000000	0.000000	0.000000	0.000000	0.000000	0.000000
-0.949216	-0.849333	0.000000	0.714447	0.000000	0.000000	0.000000	0.000000	0.000000	0.000000
-0.949213	-0.849338	-0.000000	0.714500	0.000000	0.000000	0.000000	0.000000	0.000000	0.000000
-0.949321	-0.849056	-0.000000	0.714446	0.000000	0.000000	0.000000	0.000000	0.000000	0.000000
-0.949331	-0.848984	0.000000	0.712801	0.000000	0.000000	0.000000	0.000000	0.000000	0.000000
-0.949036	-0.848916	-0.000000	0.127135	0.000000	0.000000	0.000000	0.000000	0.000000	0.000000
-0.949161	-0.849108	-0.000000	0.714502	0.000000	0.000000	0.000000	0.000000	0.000000	0.000000
-0.948993	-0.848755	-0.000000	0.712223	0.000000	0.000000	0.000000	0.000000	0.000000	0.000000
-0.949309	-0.848889	-0.000000	0.714526	0.000000	0.000000	0.000000	0.000000	0.000000	0.000000
-0.948894	-0.848574	-0.000295	0.659265	0.000000	0.000000	0.000000	0.000000	0.000000	0.000000
-0.949021	-0.848767	-0.000000	0.714261	0.000000	0.000000	0.000000	0.000000	0.000000	0.000000
-0.948843	-0.849101	-0.000000	0.713147	0.000000	0.000000	0.000000	0.000000	0.000000	0.000000
-0.949149	-0.848926	0.000000	0.714491	0.000000	0.000000	0.000000	0.000000	0.000000	0.000000
-0.949114	-0.848649	-0.000000	0.714400	0.000000	0.000000	0.000000	0.000000	0.000000	0.000000
-0.949357	-0.849170	-0.000000	0.714537	0.000000	0.000000	0.000000	0.000000	0.000000	0.000000
-0.949168	-0.848959	-0.000000	0.714095	0.000000	0.000000	0.000000	0.000000	0.000000	0.000000
-0.949089	-0.849418	-0.000000	0.713898	0.000000	0.000000	0.000000	0.000000	0.000000	0.000000
-0.949102	-0.848990	-0.000000	0.712053	0.000000	0.000000	0.000000	0.000000	0.000000	0.000000
-0.949054	-0.849377	-0.000000	0.679193	0.000000	0.000000	0.000000	0.000000	0.000000	0.000000
-0.949186	-0.848665	-0.000000	0.713206	0.000000	0.000000	0.000000	0.000000	0.000000	0.000000
-0.949164	-0.848977	-0.000000	0.714241	0.000000	0.000000	0.000000	0.000000	0.000000	0.000000
-0.949161	-0.849332	0.000000	0.714615	0.000000	0.000000	0.000000	0.000000	0.000000	0.000000
-0.949176	-0.848770	-0.000000	0.714418	0.000000	0.000000	0.000000	0.000000	0.000000	0.000000
-0.949164	-0.848412	-0.000000	0.669896	0.000000	0.000000	0.000000	0.000000	0.000000	0.000000
-0.949162	-0.849163	-0.000000	0.713810	0.000000	0.000000	0.000000	0.000000	0.000000	0.000000
-0.949186	-0.848847	-0.000000	0.713751	0.000000	0.000000	0.000000	0.000000	0.000000	0.000000
-0.949246	-0.849257	-0.000000	0.714560	0.000000	0.000000	0.000000	0.000000	0.000000	0.000000
-0.949184	-0.849120	0.000000	0.714367	0.000000	0.000000	0.000000	0.000000	0.000000	0.000000
-0.948994	-0.849354	-0.000000	0.714487	0.000000	0.000000	0.000000	0.000000	0.000000	0.000000
-0.949226	-0.849053	-0.000000	0.713081	0.000000	0.000000	0.000000	0.000000	0.000000	0.000000
-0.949161	-0.848837	-0.000000	0.714574	0.000000	0.000000	0.000000	0.000000	0.000000	0.000000
-0.949167	-0.848757	-0.000000	0.712246	0.000000	0.000000	0.000000	0.000000	0.000000	0.000000
-0.949321	-0.849253	-0.000000	0.713919	0.000000	0.000000	0.000000	0.000000	0.000000	0.000000
-0.949056	-0.849221	-0.000000	0.711365	0.000000	0.000000	0.000000	0.000000	0.000000	0.000000
-0.949370	-0.848931	-0.000000	0.714550	0.000000	0.000000	0.000000	0.000000	0.000000	0.000000
-0.949272	-0.848806	-0.000000	0.714484	0.000000	0.000000	0.000000	0.000000	0.000000	0.000000
-0.949309	-0.849374	0.000000	0.714181	0.000000	0.000000	0.000000	0.000000	0.000000	0.000000
-0.949517	-0.848890	-0.000000	0.714513	0.000000	0.000000	0.000000	0.000000	0.000000	0.000000
-0.949063	-0.848822	-0.000000	0.714561	0.000000	0.000000	0.000000	0.000000	0.000000	0.000000
-0.948979	-0.849301	-0.000000	0.688016	0.000000	0.000000	0.000000	0.000000	0.000000	0.000000
-0.949012	-0.849206	-0.000000	0.714533	0.000000	0.000000	0.000000	0.000000	0.000000	0.000000
-0.949239	-0.849100	-0.000000	0.714562	0.000000	0.000000	0.000000	0.000000	0.000000	0.000000
-0.949181	-0.849283	0.000000	0.712853	0.000000	0.000000	0.000000	0.000000	0.000000	0.000000
-0.949044	-0.849516	0.000000	0.714185	0.000000	0.000000	0.000000	0.000000	0.000000	0.000000
-0.949185	-0.849007	-0.000000	0.714521	0.000000	0.000000	0.000000	0.000000	0.000000	0.000000
-0.949377	-0.849018	0.000000	0.714590	0.000000	0.000000	0.000000	0.000000	0.000000	0.000000
-0.949126	-0.848983	-0.000000	0.714518	0.000000	0.000000	0.000000	0.000000	0.000000	0.000000
-0.949241	-0.848887	-0.000000	0.714400	0.000000	0.000000	0.000000	0.000000	0.000000	0.000000
-0.949020	-0.848963	-0.000000	0.714529	0.000000	0.000000	0.000000	0.000000	0.000000	0.000000
-0.949455	-0.848991	-0.000000	0.714556	0.000000	0.000000	0.000000	0.000000	0.000000	0.000000
-0.949132	-0.848895	-0.000000	0.714567	0.000000	0.000000	0.000000	0.000000	0.000000	0.000000
-0.949288	-0.849067	-0.000000	0.714386	0.000000	0.000000	0.000000	0.000000	0.000000	0.000000
-0.949389	-0.848970	-0.000000	0.714441	0.000000	0.000000	0.000000	0.000000	0.000000	0.000000
-0.948937	-0.849239	-0.000000	0.714578	0.000000	0.000000	0.000000	0.000000	0.000000	0.000000
-0.949145	-0.848523	0.000000	0.714488	0.000000	0.000000	0.000000	0.000000	0.000000	0.000000
-0.949229	-0.849068	-0.000000	0.714409	0.000000	0.000000	0.000000	0.000000	0.000000	0.000000
-0.949148	-0.848741	-0.000000	0.714593	0.000000	0.000000	0.000000	0.000000	0.000000	0.000000
-0.949245	-0.849108	-0.000000	0.708759	0.000000	0.000000	0.000000	0.000000	0.000000	0.000000
-0.949258	-0.849000	-0.000000	0.713039	0.000000	0.000000	0.000000	0.000000	0.000000	0.000000
-0.949253	-0.848983	-0.000000	0.714443	0.000000	0.000000	0.000000	0.000000	0.000000	0.000000
-0.949243	-0.848791	-0.000000	0.707785	0.000000	0.000000	0.000000	0.000000	0.000000	0.000000
-0.949142	-0.849438	-0.000000	0.713556	0.000000	0.000000	0.000000	0.000000	0.000000	0.000000
-0.949212	-0.849217	-0.000000	0.714536	0.000000	0.000000	0.000000	0.000000	0.000000	0.000000
-0.949247	-0.848935	-0.000000	0.522723	0.000000	0.000000	0.000000	0.000000	0.000000	0.000000
-0.949274	-0.849381	0.000000	0.714555	0.000000	0.000000	0.000000	0.000000	0.000000	0.000000
-0.949034	-0.849471	-0.000000	0.628826	0.000000	0.000000	0.000000	0.000000	0.000000	0.000000
-0.949039	-0.849109	-0.000000	0.705129	0.000000	0.000000	0.000000	0.000000	0.000000	0.000000
-0.948943	-0.848362	-0.000000	0.712722	0.000000	0.000000	0.000000	0.000000	0.000000	0.000000
-0.949186	-0.849244	-0.000000	0.714486	0.000000	0.000000	0.000000	0.000000	0.000000	0.000000
-0.949346	-0.849066	0.000000	0.709860	0.000000	0.000000	0.000000	0.000000	0.000000	0.000000
-0.949245	-0.848804	-0.000000	0.714485	0.000000	0.000000	0.000000	0.000000	0.000000	0.000000
-0.949118	-0.849040	-0.000000	0.714242	0.000000	0.000000	0.000000	0.000000	0.000000	0.000000
-0.949346	-0.848817	-0.000000	0.714358	0.000000	0.000000	0.000000	0.000000	0.000000	0.000000
-0.949042	-0.848582	-0.000000	0.714435	0.000000	0.000000	0.000000	0.000000	0.000000	0.000000
-0.949259	-0.849491	-0.000000	0.714335	0.000000	0.000000	0.000000	0.000000	0.000000	0.000000
-0.949088	-0.849389	-0.000000	0.714374	0.000000	0.000000	0.000000	0.000000	0.000000	0.000000
-0.949375	-0.848550	-0.000000	0.714197	0.000000	0.000000	0.000000	0.000000	0.000000	0.000000
-0.949127	-0.849125	-0.000000	0.714564	0.000000	0.000000	0.000000	0.000000	0.000000	0.000000
-0.949048	-0.848885	0.000000	0.714580	0.000000	0.000000	0.000000	0.000000	0.000000	0.000000
-0.949640	-0.849046	0.000000	0.029377	0.000000	0.000000	0.000000	0.000000	0.000000	0.000000
-0.949160	-0.849111	-0.000000	0.714469	0.000000	0.000000	0.000000	0.000000	0.000000	0.000000
-0.949107	-0.849258	-0.000000	0.713099	0.000000	0.000000	0.000000	0.000000	0.000000	0.000000
-0.949235	-0.849340	-0.000000	0.714490	0.000000	0.000000	0.000000	0.000000	0.000000	0.000000
-0.949099	-0.849061	0.000000	0.712257	0.000000	0.000000	0.000000	0.000000	0.000000	0.000000
-0.949211	-0.849174	-0.000000	0.712981	0.000000	0.000000	0.000000	0.000000	0.000000	0.000000
-0.949315	-0.849240	-0.000000	0.714101	0.000000	0.000000	0.000000	0.000000	0.000000	0.000000
-0.949266	-0.848997	-0.000000	0.711138	0.000000	0.000000	0.000000	0.000000	0.000000	0.000000
-0.949100	-0.849270	0.000000	0.714517	0.000000	0.000000	0.000000	0.000000	0.000000	0.000000
-0.948956	-0.849121	0.000000	0.714586	0.000000	0.000000	0.000000	0.000000	0.000000	0.000000
-0.949131	-0.849306	0.000000	0.713847	0.000000	0.000000	0.000000	0.000000	0.000000	0.000000
-0.949336	-0.848942	-0.000000	0.713849	0.000000	0.000000	0.000000	0.000000	0.000000	0.000000
-0.949166	-0.848903	0.000000	0.714533	0.000000	0.000000	0.000000	0.000000	0.000000	0.000000
-0.949216	-0.848629	-0.000000	0.714565	0.000000	0.000000	0.000000	0.000000	0.000000	0.000000
-0.949334	-0.848764	-0.000000	0.714530	0.000000	0.000000	0.000000	0.000000	0.000000	0.000000
-0.948967	-0.849013	-0.000000	0.714424	0.000000	0.000000	0.000000	0.000000	0.000000	0.000000
-0.948833	-0.848901	-0.000000	0.714581	0.000000	0.000000	0.000000	0.000000	0.000000	0.000000
-0.949227	-0.849267	-0.000000	0.696603	0.000000	0.000000	0.000000	0.000000	0.000000	0.000000
-0.949198	-0.848879	0.000000	0.714560	0.000000	0.000000	0.000000	0.000000	0.000000	0.000000
-0.949251	-0.849166	-0.000000	0.714556	0.000000	0.000000	0.000000	0.000000	0.000000	0.000000
-0.949360	-0.849067	0.000000	0.714525	0.000000	0.000000	0.000000	0.000000	0.000000	0.000000
-0.949402	-0.848897	0.000000	0.714556	0.000000	0.000000	0.000000	0.000000	0.000000	0.000000
-0.948942	-0.849005	-0.000000	0.714525	0.000000	0.000000	0.000000	0.000000	0.000000	0.000000
