-0.957404	0.835528	-0.000000	0.849222	0.000000	0.000000	0.000000	0.000000	0.000000	0.000000
-0.957404	0.835513	0.000000	0.849223	0.000000	0.000000	0.000000	0.000000	0.000000	0.000000
-0.957404	0.835570	-0.000000	0.849098	0.000000	0.000000	0.000000	0.000000	0.000000	0.000000
-0.957404	0.835548	0.000000	0.843980	0.000000	0.000000	0.000000	0.000000	0.000000	0.000000
-0.957404	0.835515	-0.000000	0.849214	0.000000	0.000000	0.000000	0.000000	0.000000	0.000000
-0.957404	0.835503	0.000000	0.849222	0.000000	0.000000	0.000000	0.000000	0.000000	0.000000
-0.957404	0.835591	0.000000	0.849222	0.000000	0.000000	0.000000	0.000000	0.000000	0.000000
-0.957404	0.835498	-0.000000	0.849223	0.000000	0.000000	0.000000	0.000000	0.000000	0.000000
-0.957404	0.835584	0.000000	0.849223	0.000000	0.000000	0.000000	0.000000	0.000000	0.000000
-0.957404	0.835525	0.000000	0.849223	0.000000	0.000000	0.000000	0.000000	0.000000	0.000000
-0.957404	0.835548	-0.000000	0.849222	0.000000	0.000000	0.000000	0.000000	0.000000	0.000000
-0.957404	0.835546	-0.000000	0.849223	0.000000	0.000000	0.000000	0.000000	0.000000	0.000000
-0.957404	0.835538	-0.000000	0.849211	0.000000	0.000000	0.000000	0.000000	0.000000	0.000000
-0.957404	0.835521	-0.000000	0.849223	0.000000	0.000000	0.000000	0.000000	0.000000	0.000000
-0.957404	0.835501	0.000000	0.849222	0.000000	0.000000	0.000000	0.000000	0.000000	0.000000
-0.957404	0.835504	0.000000	0.849222	0.000000	0.000000	0.000000	0.000000	0.000000	0.000000
-0.957404	0.835541	0.000000	0.849223	0.000000	0.000000	0.000000	0.000000	0.000000	0.000000
-0.957404	0.835518	-0.000000	0.849222	0.000000	0.000000	0.000000	0.000000	0.000000	0.000000
-0.957404	0.835524	0.000000	0.845966	0.000000	0.000000	0.000000	0.000000	0.000000	0.000000
-0.957404	0.835514	-0.000000	0.849223	0.000000	0.000000	0.000000	0.000000	0.000000	0.000000
-0.957404	0.835544	0.000000	0.849221	0.000000	0.000000	0.000000	0.000000	0.000000	0.000000
-0.957404	0.835393	0.000000	0.849222	0.000000	0.000000	0.000000	0.000000	0.000000	0.000000
-0.957404	0.835541	0.000000	0.849222	0.000000	0.000000	0.000000	0.000000	0.000000	0.000000
-0.957404	0.835522	-0.000000	0.849223	0.000000	0.000000	0.000000	0.000000	0.000000	0.000000
-0.957404	0.835556	-0.000000	0.849222	0.000000	0.000000	0.000000	0.000000	0.000000	0.000000
-0.957404	0.835562	-0.000000	0.849223	0.000000	0.000000	0.000000	0.000000	0.000000	0.000000
-0.957404	0.835540	0.000000	0.849118	0.000000	0.000000	0.000000	0.000000	0.000000	0.000000
-0.957404	0.835567	0.000000	0.849223	0.000000	0.000000	0.000000	0.000000	0.000000	0.000000
-0.957404	0.835548	-0.000000	0.849221	0.000000	0.000000	0.000000	0.000000	0.000000	0.000000
-0.957404	0.835547	-0.000000	0.849222	0.000000	0.000000	0.000000	0.000000	0.000000	0.000000
-0.957404	0.835558	-0.000000	0.849220	0.000000	0.000000	0.000000	0.000000	0.000000	0.000000
-0.957404	0.835510	-0.000000	0.849223	0.000000	0.000000	0.000000	0.000000	0.000000	0.000000
-0.957404	0.835523	0.000000	0.849222	0.000000	0.000000	0.000000	0.000000	0.000000	0.000000
-0.957404	0.835531	0.000000	0.849217	0.000000	0.000000	0.000000	0.000000	0.000000	0.000000
-0.957404	0.835572	-0.000000	0.849223	0.000000	0.000000	0.000000	0.000000	0.000000	0.000000
-0.957404	0.835574	0.000000	0.849222	0.000000	0.000000	0.000000	0.000000	0.000000	0.000000
-0.957404	0.835558	0.000000	0.849222	0.000000	0.000000	0.000000	0.000000	0.000000	0.000000
-0.957404	0.835566	-0.000000	0.849215	0.000000	0.000000	0.000000	0.000000	0.000000	0.000000
-0.957404	0.835530	-0.000000	0.849221	0.000000	0.000000	0.000000	0.000000	0.000000	0.000000
-0.957404	0.835486	-0.000000	0.848944	0.000000	0.000000	0.000000	0.000000	0.000000	0.000000
-0.957404	0.830586	-0.000000	0.849204	0.000000	0.000000	0.000000	0.000000	0.000000	0.000000
-0.957404	0.835515	0.000000	0.849222	0.000000	0.000000	0.000000	0.000000	0.000000	0.000000
-0.957404	0.835551	-0.000000	0.849223	0.000000	0.000000	0.000000	0.000000	0.000000	0.000000
-0.957404	0.835541	0.000000	0.849222	0.000000	0.000000	0.000000	0.000000	0.000000	0.000000
-0.957404	0.835540	0.000000	0.849218	0.000000	0.000000	0.000000	0.000000	0.000000	0.000000
-0.957404	0.835546	0.000000	0.849222	0.000000	0.000000	0.000000	0.000000	0.000000	0.000000
-0.957404	0.835284	-0.000000	0.849222	0.000000	0.000000	0.000000	0.000000	0.000000	0.000000
-0.957404	0.835547	-0.000000	0.849222	0.000000	0.000000	0.000000	0.000000	0.000000	0.000000
-0.957404	0.835548	-0.000000	0.792436	0.000000	0.000000	0.000000	0.000000	0.000000	0.000000
-0.957404	0.835509	0.000000	0.849222	0.000000	0.000000	0.000000	0.000000	0.000000	0.000000
-0.957404	0.835561	-0.000000	0.849217	0.000000	0.000000	0.000000	0.000000	0.000000	0.000000
-0.957404	0.835541	0.000000	0.849222	0.000000	0.000000	0.000000	0.000000	0.000000	0.000000
-0.957404	0.835488	-0.000000	0.848796	0.000000	0.000000	0.000000	0.000000	0.000000	0.000000
-0.957404	0.835503	-0.000000	0.849223	0.000000	0.000000	0.000000	0.000000	0.000000	0.000000
-0.957404	0.835562	0.000000	0.849222	0.000000	0.000000	0.000000	0.000000	0.000000	0.000000
-0.957404	0.835510	0.000000	0.849223	0.000000	0.000000	0.000000	0.000000	0.000000	0.000000
-0.957404	0.835526	0.000000	0.849223	0.000000	0.000000	0.000000	0.000000	0.000000	0.000000
-0.957404	0.835537	0.000000	0.849221	0.000000	0.000000	0.000000	0.000000	0.000000	0.000000
-0.957404	0.835532	-0.000000	0.849222	0.000000	0.000000	0.000000	0.000000	0.000000	0.000000
-0.957404	0.835535	0.000000	0.849215	0.000000	0.000000	0.000000	0.000000	0.000000	0.000000
-0.957404	0.835570	0.000000	0.849203	0.000000	0.000000	0.000000	0.000000	0.000000	0.000000
-0.957404	0.835537	-0.000000	0.849222	0.000000	0.000000	0.000000	0.000000	0.000000	0.000000
-0.957404	0.835553	0.000000	0.849222	0.000000	0.000000	0.000000	0.000000	0.000000	0.000000
-0.957404	0.835549	0.000000	0.849223	0.000000	0.000000	0.000000	0.000000	0.000000	0.000000
-0.957404	0.835543	0.000000	0.849222	0.000000	0.000000	0.000000	0.000000	0.000000	0.000000
-0.957404	0.835503	-0.000000	0.849223	0.000000	0.000000	0.000000	0.000000	0.000000	0.000000
-0.957404	0.835575	0.000000	0.849223	0.000000	0.000000	0.000000	0.000000	0.000000	0.000000
-0.957404	0.835531	0.000000	0.849223	0.000000	0.000000	0.000000	0.000000	0.000000	0.000000
-0.957404	0.835604	-0.000000	0.849168	0.000000	0.000000	0.000000	0.000000	0.000000	0.000000
-0.957404	0.835538	-0.000000	0.849172	0.000000	0.000000	0.000000	0.000000	0.000000	0.000000
-0.957404	0.835544	0.000000	0.849222	0.000000	0.000000	0.000000	0.000000	0.000000	0.000000
-0.957404	0.835520	-0.000000	0.849222	0.000000	0.000000	0.000000	0.000000	0.000000	0.000000
-0.957404	0.835513	-0.000000	0.849223	0.000000	0.000000	0.000000	0.000000	0.000000	0.000000
-0.957404	0.835558	-0.000000	0.849213	0.000000	0.000000	0.000000	0.000000	0.000000	0.000000
-0.957404	0.835550	0.000000	0.849222	0.000000	0.000000	0.000000	0.000000	0.000000	0.000000
-0.957404	0.835531	0.000000	0.849218	0.000000	0.000000	0.000000	0.000000	0.000000	0.000000
-0.957404	0.835563	0.000000	0.849222	0.000000	0.000000	0.000000	0.000000	0.000000	0.000000
-0.957404	0.835525	-0.000000	0.849207	0.000000	0.000000	0.000000	0.000000	0.000000	0.000000
-0.957404	0.835516	-0.000000	0.848355	0.000000	0.000000	0.000000	0.000000	0.000000	0.000000
-0.957404	0.835533	0.000000	0.849223	0.000000	0.000000	0.000000	0.000000	0.000000	0.000000
-0.957404	0.835509	-0.000000	0.849222	0.000000	0.000000	0.000000	0.000000	0.000000	0.000000
-0.957404	0.835552	0.000000	0.849217	0.000000	0.000000	0.000000	0.000000	0.000000	0.000000
-0.957404	0.835496	0.000000	0.849222	0.000000	0.000000	0.000000	0.000000	0.000000	0.000000
-0.957404	0.835517	0.000000	0.849222	0.000000	0.000000	0.000000	0.000000	0.000000	0.000000
-0.957404	0.835513	0.000000	0.849222	0.000000	0.000000	0.000000	0.000000	0.000000	0.000000
-0.957404	0.835536	0.000000	0.849222	0.000000	0.000000	0.000000	0.000000	0.000000	0.000000
-0.957404	0.835532	0.000000	0.849220	0.000000	0.000000	0.000000	0.000000	0.000000	0.000000
-0.957404	0.835531	0.000000	0.849222	0.000000	0.000000	0.000000	0.000000	0.000000	0.000000
-0.957404	0.835576	0.000000	0.849222	0.000000	0.000000	0.000000	0.000000	0.000000	0.000000
-0.957404	0.835491	0.000000	0.849055	0.000000	0.000000	0.000000	0.000000	0.000000	0.000000
-0.957404	0.835564	-0.000000	0.849223	0.000000	0.000000	0.000000	0.000000	0.000000	0.000000
-0.957404	0.835546	-0.000000	0.848278	0.000000	0.000000	0.000000	0.000000	0.000000	0.000000
-0.957404	0.835551	0.000000	0.849222	0.000000	0.000000	0.000000	0.000000	0.000000	0.000000
-0.957404	0.835537	0.000000	0.849223	0.000000	0.000000	0.000000	0.000000	0.000000	0.000000
-0.957404	0.835544	-0.000000	0.849222	0.000000	0.000000	0.000000	0.000000	0.000000	0.000000
-0.957404	0.835505	-0.000000	0.848943	0.000000	0.000000	0.000000	0.000000	0.000000	0.000000
-0.957404	0.835503	0.000000	0.849222	0.000000	0.000000	0.000000	0.000000	0.000000	0.000000
-0.957404	0.835570	0.000000	0.849223	0.000000	0.000000	0.000000	0.000000	0.000000	0.000000
-0.957404	0.835507	0.000000	0.849222	0.000000	0.000000	0.000000	0.000000	0.000000	0.000000
-0.957404	0.835577	0.000000	0.849223	0.000000	0.000000	0.000000	0.000000	0.000000	0.000000
-0.957404	0.835541	-0.000000	0.849222	0.000000	0.000000	0.000000	0.000000	0.000000	0.000000
-0.957404	0.835513	-0.000000	0.849222	0.000000	0.000000	0.000000	0.000000	0.000000	0.000000
-0.957404	0.835573	-0.000000	0.849219	0.000000	0.000000	0.000000	0.000000	0.000000	0.000000
-0.957404	0.835573	-0.000000	0.849222	0.000000	0.000000	0.000000	0.000000	0.000000	0.000000
-0.957404	0.835481	-0.000000	0.849222	0.000000	0.000000	0.000000	0.000000	0.000000	0.000000
-0.957404	0.835488	0.000000	0.849222	0.000000	0.000000	0.000000	0.000000	0.000000	0.000000
-0.957404	0.835501	-0.000000	0.849220	0.000000	0.000000	0.000000	0.000000	0.000000	0.000000
-0.957404	0.835560	-0.000000	0.848621	0.000000	0.000000	0.000000	0.000000	0.000000	0.000000
-0.957404	0.835532	0.000000	0.849222	0.000000	0.000000	0.000000	0.000000	0.000000	0.000000
-0.957404	0.835545	-0.000000	0.849221	0.000000	0.000000	0.000000	0.000000	0.000000	0.000000
-0.957404	0.835552	0.000000	0.849222	0.000000	0.000000	0.000000	0.000000	0.000000	0.000000
-0.957404	0.835530	0.000000	0.847572	0.000000	0.000000	0.000000	0.000000	0.000000	0.000000
-0.957404	0.835425	0.000000	0.849222	0.000000	0.000000	0.000000	0.000000	0.000000	0.000000
-0.957404	0.835538	-0.000000	0.849221	0.000000	0.000000	0.000000	0.000000	0.000000	0.000000
-0.957404	0.835485	0.000000	0.849180	0.000000	0.000000	0.000000	0.000000	0.000000	0.000000
-0.957404	0.835533	0.000000	0.849164	0.000000	0.000000	0.000000	0.000000	0.000000	0.000000
-0.957404	0.835529	-0.000000	0.849222	0.000000	0.000000	0.000000	0.000000	0.000000	0.000000
-0.957404	0.835536	0.000000	0.848622	0.000000	0.000000	0.000000	0.000000	0.000000	0.000000
-0.957404	0.835544	-0.000000	0.849222	0.000000	0.000000	0.000000	0.000000	0.000000	0.000000
-0.957404	0.835549	-0.000000	0.849216	0.000000	0.000000	0.000000	0.000000	0.000000	0.000000
-0.957404	0.835539	-0.000000	0.849221	0.000000	0.000000	0.000000	0.000000	0.000000	0.000000
-0.957404	0.835547	0.000000	0.849221	0.000000	0.000000	0.000000	0.000000	0.000000	0.000000
-0.957404	0.835533	0.000000	0.849219	0.000000	0.000000	0.000000	0.000000	0.000000	0.000000
-0.957404	0.835568	-0.000000	0.849207	0.000000	0.000000	0.000000	0.000000	0.000000	0.000000
-0.957404	0.835478	-0.000000	0.849222	0.000000	0.000000	0.000000	0.000000	0.000000	0.000000
-0.957404	0.835525	-0.000000	0.849180	0.000000	0.000000	0.000000	0.000000	0.000000	0.000000
-0.957404	0.835494	0.000000	0.849156	0.000000	0.000000	0.000000	0.000000	0.000000	0.000000
-0.957404	0.835528	-0.000000	0.849222	0.000000	0.000000	0.000000	0.000000	0.000000	0.000000
-0.957404	0.835509	-0.000000	0.849221	0.000000	0.000000	0.000000	0.000000	0.000000	0.000000
-0.957404	0.835459	0.000000	0.849222	0.000000	0.000000	0.000000	0.000000	0.000000	0.000000
-0.957404	0.835563	-0.000000	0.849223	0.000000	0.000000	0.000000	0.000000	0.000000	0.000000
-0.957404	0.835520	0.000000	0.849223	0.000000	0.000000	0.000000	0.000000	0.000000	0.000000
-0.957404	0.835504	0.000000	0.849222	0.000000	0.000000	0.000000	0.000000	0.000000	0.000000
-0.957404	0.835540	0.000000	0.849196	0.000000	0.000000	0.000000	0.000000	0.000000	0.000000
-0.957404	0.835529	0.000000	0.849218	0.000000	0.000000	0.000000	0.000000	0.000000	0.000000
-0.957404	0.835530	-0.000000	0.849222	0.000000	0.000000	0.000000	0.000000	0.000000	0.000000
-0.957404	0.835551	0.000000	0.849222	0.000000	0.000000	0.000000	0.000000	0.000000	0.000000
-0.957404	0.835565	0.000000	0.848923	0.000000	0.000000	0.000000	0.000000	0.000000	0.000000
-0.957404	0.835504	0.000000	0.849222	0.000000	0.000000	0.000000	0.000000	0.000000	0.000000
-0.957404	0.835504	0.000000	0.849222	0.000000	0.000000	0.000000	0.000000	0.000000	0.000000
-0.957404	0.835537	-0.000000	0.849209	0.000000	0.000000	0.000000	0.000000	0.000000	0.000000
-0.957404	0.835516	-0.000000	0.849222	0.000000	0.000000	0.000000	0.000000	0.000000	0.000000
-0.957404	0.724182	-0.000000	0.849222	0.000000	0.000000	0.000000	0.000000	0.000000	0.000000
-0.957404	0.835524	-0.000000	0.847643	0.000000	0.000000	0.000000	0.000000	0.000000	0.000000
-0.957404	0.835504	0.000000	0.849205	0.000000	0.000000	0.000000	0.000000	0.000000	0.000000
-0.957404	0.835566	0.000000	0.849222	0.000000	0.000000	0.000000	0.000000	0.000000	0.000000
-0.957404	0.835583	-0.000000	0.847117	0.000000	0.000000	0.000000	0.000000	0.000000	0.000000
-0.957404	0.835521	0.000000	0.849223	0.000000	0.000000	0.000000	0.000000	0.000000	0.000000
-0.957404	0.835533	0.000000	0.849205	0.000000	0.000000	0.000000	0.000000	0.000000	0.000000
-0.957404	0.835526	0.000000	0.849222	0.000000	0.000000	0.000000	0.000000	0.000000	0.000000
-0.957404	0.835500	-0.000000	0.849222	0.000000	0.000000	0.000000	0.000000	0.000000	0.000000
-0.957404	0.835548	0.000000	0.849223	0.000000	0.000000	0.000000	0.000000	0.000000	0.000000
-0.957404	0.835526	-0.000000	0.849222	0.000000	0.000000	0.000000	0.000000	0.000000	0.000000
-0.957404	0.835544	-0.000000	0.849223	0.000000	0.000000	0.000000	0.000000	0.000000	0.000000
-0.957404	0.835520	-0.000000	0.849222	0.000000	0.000000	0.000000	0.000000	0.000000	0.000000
-0.957404	0.835552	-0.000000	0.849145	0.000000	0.000000	0.000000	0.000000	0.000000	0.000000
-0.957404	0.835489	0.000000	0.849222	0.000000	0.000000	0.000000	0.000000	0.000000	0.000000
-0.957404	0.835568	0.000000	0.849222	0.000000	0.000000	0.000000	0.000000	0.000000	0.000000
-0.957404	0.835548	-0.000000	0.849215	0.000000	0.000000	0.000000	0.000000	0.000000	0.000000
-0.957404	0.835525	-0.000000	0.849223	0.000000	0.000000	0.000000	0.000000	0.000000	0.000000
-0.957404	0.835584	-0.000000	0.849222	0.000000	0.000000	0.000000	0.000000	0.000000	0.000000
-0.957404	0.835497	0.000000	0.849006	0.000000	0.000000	0.000000	0.000000	0.000000	0.000000
-0.957404	0.835554	0.000000	0.849221	0.000000	0.000000	0.000000	0.000000	0.000000	0.000000
-0.957404	0.835539	0.000000	0.849204	0.000000	0.000000	0.000000	0.000000	0.000000	0.000000
-0.957404	0.835531	0.000000	0.849222	0.000000	0.000000	0.000000	0.000000	0.000000	0.000000
-0.957404	0.835519	-0.000000	0.849222	0.000000	0.000000	0.000000	0.000000	0.000000	0.000000
-0.957404	0.835523	0.000000	0.849222	0.000000	0.000000	0.000000	0.000000	0.000000	0.000000
-0.957404	0.835587	0.000000	0.849223	0.000000	0.000000	0.000000	0.000000	0.000000	0.000000
-0.957404	0.835585	0.000000	0.849199	0.000000	0.000000	0.000000	0.000000	0.000000	0.000000
-0.957404	0.835568	-0.000000	0.849211	0.000000	0.000000	0.000000	0.000000	0.000000	0.000000
-0.957404	0.835554	0.000000	0.849222	0.000000	0.000000	0.000000	0.000000	0.000000	0.000000
-0.957404	0.835532	-0.000000	0.849221	0.000000	0.000000	0.000000	0.000000	0.000000	0.000000
-0.957404	0.835542	0.000000	0.849223	0.000000	0.000000	0.000000	0.000000	0.000000	0.000000
-0.957404	0.835529	0.000000	0.849223	0.000000	0.000000	0.000000	0.000000	0.000000	0.000000
-0.957404	0.835516	-0.000000	0.849222	0.000000	0.000000	0.000000	0.000000	0.000000	0.000000
-0.957404	0.835546	-0.000000	0.849199	0.000000	0.000000	0.000000	0.000000	0.000000	0.000000
-0.957404	0.835493	0.000000	0.849222	0.000000	0.000000	0.000000	0.000000	0.000000	0.000000
-0.957404	0.835518	-0.000000	0.849222	0.000000	0.000000	0.000000	0.000000	0.000000	0.000000
-0.957404	0.835498	0.000000	0.849182	0.000000	0.000000	0.000000	0.000000	0.000000	0.000000
-0.957404	0.835511	0.000000	0.849223	0.000000	0.000000	0.000000	0.000000	0.000000	0.000000
-0.957404	0.835566	0.000000	0.849223	0.000000	0.000000	0.000000	0.000000	0.000000	0.000000
-0.957404	0.835577	-0.000000	0.849223	0.000000	0.000000	0.000000	0.000000	0.000000	0.000000
-0.957404	0.835502	0.000000	0.849222	0.000000	0.000000	0.000000	0.000000	0.000000	0.000000
-0.957404	0.835501	0.000000	0.849222	0.000000	0.000000	0.000000	0.000000	0.000000	0.000000
-0.957404	0.835547	0.000000	0.849212	0.000000	0.000000	0.000000	0.000000	0.000000	0.000000
-0.957404	0.835518	-0.000000	0.849214	0.000000	0.000000	0.000000	0.000000	0.000000	0.000000
-0.957404	0.835509	-0.000000	0.849220	0.000000	0.000000	0.000000	0.000000	0.000000	0.000000
-0.957404	0.835551	-0.000000	0.849219	0.000000	0.000000	0.000000	0.000000	0.000000	0.000000
-0.957404	0.835487	-0.000000	0.849222	0.000000	0.000000	0.000000	0.000000	0.000000	0.000000
-0.957404	0.835516	0.000000	0.849222	0.000000	0.000000	0.000000	0.000000	0.000000	0.000000
-0.957404	0.835521	0.000000	0.849222	0.000000	0.000000	0.000000	0.000000	0.000000	0.000000
-0.957404	0.835548	0.000000	0.847406	0.000000	0.000000	0.000000	0.000000	0.000000	0.000000
-0.957404	0.835564	0.000000	0.849223	0.000000	0.000000	0.000000	0.000000	0.000000	0.000000
-0.957404	0.835523	0.000000	0.849222	0.000000	0.000000	0.000000	0.000000	0.000000	0.000000
-0.957404	0.835556	0.000000	0.848787	0.000000	0.000000	0.000000	0.000000	0.000000	0.000000
-0.957404	0.835488	0.000000	0.849184	0.000000	0.000000	0.000000	0.000000	0.000000	0.000000
-0.957404	0.835491	-0.000000	0.849167	0.000000	0.000000	0.000000	0.000000	0.000000	0.000000
-0.957404	0.835559	0.000000	0.849223	0.000000	0.000000	0.000000	0.000000	0.000000	0.000000
-0.957404	0.835528	0.000000	0.849222	0.000000	0.000000	0.000000	0.000000	0.000000	0.000000
-0.957404	0.835531	0.000000	0.849195	0.000000	0.000000	0.000000	0.000000	0.000000	0.000000
-0.957404	0.835478	-0.000000	0.849222	0.000000	0.000000	0.000000	0.000000	0.000000	0.000000
-0.957404	0.835594	0.000000	0.849222	0.000000	0.000000	0.000000	0.000000	0.000000	0.000000
-0.957404	0.835569	0.000000	0.849222	0.000000	0.000000	0.000000	0.000000	0.000000	0.000000
-0.957404	0.835558	0.000000	0.849214	0.000000	0.000000	0.000000	0.000000	0.000000	0.000000
-0.957404	0.835519	0.000000	0.849221	0.000000	0.000000	0.000000	0.000000	0.000000	0.000000
-0.957404	0.835500	-0.000000	0.849218	0.000000	0.000000	0.000000	0.000000	0.000000	0.000000
-0.957404	0.835539	0.000000	0.849222	0.000000	0.000000	0.000000	0.000000	0.000000	0.000000
-0.957404	0.835545	-0.000000	0.849222	0.000000	0.000000	0.000000	0.000000	0.000000	0.000000
-0.957404	0.835502	-0.000000	0.849220	0.000000	0.000000	0.000000	0.000000	0.000000	0.000000
-0.957404	0.835548	0.000000	0.849222	0.000000	0.000000	0.000000	0.000000	0.000000	0.000000
-0.957404	0.835501	0.000000	0.849222	0.000000	0.000000	0.000000	0.000000	0.000000	0.000000
-0.957404	0.835560	-0.000000	0.849140	0.000000	0.000000	0.000000	0.000000	0.000000	0.000000
-0.957404	0.835563	-0.000000	0.849220	0.000000	0.000000	0.000000	0.000000	0.000000	0.000000
-0.957404	0.835537	0.000000	0.849223	0.000000	0.000000	0.000000	0.000000	0.000000	0.000000
-0.957404	0.835558	0.000000	0.849219	0.000000	0.000000	0.000000	0.000000	0.000000	0.000000
-0.957404	0.835535	0.000000	0.849223	0.000000	0.000000	0.000000	0.000000	0.000000	0.000000
-0.957404	0.835526	-0.000000	0.849223	0.000000	0.000000	0.000000	0.000000	0.000000	0.000000
-0.957404	0.835543	-0.000000	0.849222	0.000000	0.000000	0.000000	0.000000	0.000000	0.000000
-0.957404	0.835469	0.000000	0.849223	0.000000	0.000000	0.000000	0.000000	0.000000	0.000000
-0.957404	0.835590	-0.000000	0.849222	0.000000	0.000000	0.000000	0.000000	0.000000	0.000000
-0.957404	0.835493	0.000000	0.849222	0.000000	0.000000	0.000000	0.000000	0.000000	0.000000
-0.957404	0.835566	-0.000000	0.849223	0.000000	0.000000	0.000000	0.000000	0.000000	0.000000
-0.957404	0.835523	0.000000	0.849223	0.000000	0.000000	0.000000	0.000000	0.000000	0.000000
-0.957404	0.835504	-0.000000	0.849222	0.000000	0.000000	0.000000	0.000000	0.000000	0.000000
-0.957404	0.835520	0.000000	0.849222	0.000000	0.000000	0.000000	0.000000	0.000000	0.000000
-0.957404	0.835556	-0.000000	0.849222	0.000000	0.000000	0.000000	0.000000	0.000000	0.000000
-0.957404	0.835533	-0.000000	0.849222	0.000000	0.000000	0.000000	0.000000	0.000000	0.000000
-0.957404	0.835576	-0.000000	0.849223	0.000000	0.000000	0.000000	0.000000	0.000000	0.000000
-0.957404	0.835533	0.000000	0.849222	0.000000	0.000000	0.000000	0.000000	0.000000	0.000000
-0.957404	0.835535	-0.000000	0.849223	0.000000	0.000000	0.000000	0.000000	0.000000	0.000000
-0.957404	0.835523	-0.000000	0.849075	0.000000	0.000000	0.000000	0.000000	0.000000	0.000000
-0.957404	0.835537	0.000000	0.849223	0.000000	0.000000	0.000000	0.000000	0.000000	0.000000
-0.957404	0.835486	-0.000000	0.849222	0.000000	0.000000	0.000000	0.000000	0.000000	0.000000
-0.957404	0.835530	0.000000	0.849223	0.000000	0.000000	0.000000	0.000000	0.000000	0.000000
-0.957404	0.835591	-0.000000	0.849156	0.000000	0.000000	0.000000	0.000000	0.000000	0.000000
-0.957404	0.835499	0.000000	0.849222	0.000000	0.000000	0.000000	0.000000	0.000000	0.000000
-0.957404	0.835522	0.000000	0.849222	0.000000	0.000000	0.000000	0.000000	0.000000	0.000000
-0.957404	0.835522	-0.000000	0.849222	0.000000	0.000000	0.000000	0.000000	0.000000	0.000000
-0.957404	0.835425	0.000000	0.849076	0.000000	0.000000	0.000000	0.000000	0.000000	0.000000
-0.957404	0.835553	-0.000000	0.849222	0.000000	0.000000	0.000000	0.000000	0.000000	0.000000
-0.957404	0.835523	-0.000000	0.849222	0.000000	0.000000	0.000000	0.000000	0.000000	0.000000
-0.957404	0.835530	-0.000000	0.849126	0.000000	0.000000	0.000000	0.000000	0.000000	0.000000
-0.957404	0.835497	-0.000000	0.849222	0.000000	0.000000	0.000000	0.000000	0.000000	0.000000
-0.957404	0.835540	-0.000000	0.849154	0.000000	0.000000	0.000000	0.000000	0.000000	0.000000
-0.957404	0.835553	-0.000000	0.849223	0.000000	0.000000	0.000000	0.000000	0.000000	0.000000
-0.957404	0.835505	-0.000000	0.849222	0.000000	0.000000	0.000000	0.000000	0.000000	0.000000
-0.957404	0.835525	-0.000000	0.848980	0.000000	0.000000	0.000000	0.000000	0.000000	0.000000
-0.957404	0.835515	-0.000000	0.849179	0.000000	0.000000	0.000000	0.000000	0.000000	0.000000
-0.957404	0.835548	-0.000000	0.849223	0.000000	0.000000	0.000000	0.000000	0.000000	0.000000
-0.957404	0.835547	0.000000	0.834956	0.000000	0.000000	0.000000	0.000000	0.000000	0.000000
-0.957404	0.000000	0.000000	-0.000000	0.000000	0.000000	0.000000	0.000000	0.000000	0.000000
-0.957404	0.835469	0.000000	-0.778911	0.000000	0.000000	0.000000	0.000000	0.000000	0.000000
-0.957404	0.835511	0.000000	-0.781222	0.000000	0.000000	0.000000	0.000000	0.000000	0.000000
-0.957404	0.835498	0.000000	-0.781196	0.000000	0.000000	0.000000	0.000000	0.000000	0.000000
-0.957404	0.835556	0.000000	-0.781514	0.000000	0.000000	0.000000	0.000000	0.000000	0.000000
-0.957404	0.835512	0.000000	-0.780696	0.000000	0.000000	0.000000	0.000000	0.000000	0.000000
-0.957404	0.835573	-0.000000	-0.780848	0.000000	0.000000	0.000000	0.000000	0.000000	0.000000
-0.957404	0.835522	-0.000000	-0.781131	0.000000	0.000000	0.000000	0.000000	0.000000	0.000000
-0.957404	0.835508	0.000000	-0.209306	0.000000	0.000000	0.000000	0.000000	0.000000	0.000000
-0.957404	0.835447	-0.000000	-0.781397	0.000000	0.000000	0.000000	0.000000	0.000000	0.000000
-0.957404	0.835561	0.000000	-0.781314	0.000000	0.000000	0.000000	0.000000	0.000000	0.000000
-0.957404	0.835531	-0.000000	-0.780913	0.000000	0.000000	0.000000	0.000000	0.000000	0.000000
-0.957404	0.835508	0.000000	-0.780681	0.000000	0.000000	0.000000	0.000000	0.000000	0.000000
-0.957404	0.835575	0.000000	-0.757348	0.000000	0.000000	0.000000	0.000000	0.000000	0.000000
-0.957404	0.835542	-0.000000	-0.781126	0.000000	0.000000	0.000000	0.000000	0.000000	0.000000
-0.957404	0.835517	0.000000	-0.780020	0.000000	0.000000	0.000000	0.000000	0.000000	0.000000
-0.957404	0.835535	0.000000	-0.781335	0.000000	0.000000	0.000000	0.000000	0.000000	0.000000
-0.957404	0.835536	-0.000000	-0.781031	0.000000	0.000000	0.000000	0.000000	0.000000	0.000000
-0.957404	0.835506	0.000000	-0.781468	0.000000	0.000000	0.000000	0.000000	0.000000	0.000000
-0.957404	0.835559	0.000000	-0.780617	0.000000	0.000000	0.000000	0.000000	0.000000	0.000000
-0.957404	0.835516	-0.000000	-0.780937	0.000000	0.000000	0.000000	0.000000	0.000000	0.000000
-0.957404	0.835513	-0.000000	-0.768659	0.000000	0.000000	0.000000	0.000000	0.000000	0.000000
-0.957404	0.835529	-0.000000	-0.778867	0.000000	0.000000	0.000000	0.000000	0.000000	0.000000
-0.957404	0.835536	0.000000	-0.780984	0.000000	0.000000	0.000000	0.000000	0.000000	0.000000
-0.957404	0.835571	0.000000	-0.781161	0.000000	0.000000	0.000000	0.000000	0.000000	0.000000
-0.957404	0.835544	0.000000	-0.780966	0.000000	0.000000	0.000000	0.000000	0.000000	0.000000
-0.957404	0.835560	-0.000000	-0.781164	0.000000	0.000000	0.000000	0.000000	0.000000	0.000000
-0.957404	0.835565	0.000000	-0.779894	0.000000	0.000000	0.000000	0.000000	0.000000	0.000000
-0.957404	0.835539	0.000000	-0.781091	0.000000	0.000000	0.000000	0.000000	0.000000	0.000000
-0.957404	0.835495	-0.000000	-0.781558	0.000000	0.000000	0.000000	0.000000	0.000000	0.000000
-0.957404	0.835537	0.000000	-0.755198	0.000000	0.000000	0.000000	0.000000	0.000000	0.000000
-0.957404	0.835537	0.000000	-0.781521	0.000000	0.000000	0.000000	0.000000	0.000000	0.000000
-0.957404	0.835521	0.000000	-0.779890	0.000000	0.000000	0.000000	0.000000	0.000000	0.000000
-0.957404	0.835512	0.000000	-0.781104	0.000000	0.000000	0.000000	0.000000	0.000000	0.000000
-0.957404	0.835542	0.000000	-0.780781	0.000000	0.000000	0.000000	0.000000	0.000000	0.000000
-0.957404	0.835507	0.000000	-0.781350	0.000000	0.000000	0.000000	0.000000	0.000000	0.000000
-0.957404	0.835529	-0.000000	-0.781328	0.000000	0.000000	0.000000	0.000000	0.000000	0.000000
-0.957404	0.835485	0.000000	-0.780982	0.000000	0.000000	0.000000	0.000000	0.000000	0.000000
-0.957404	0.835506	-0.000000	-0.780694	0.000000	0.000000	0.000000	0.000000	0.000000	0.000000
-0.957404	0.835517	-0.000000	-0.781168	0.000000	0.000000	0.000000	0.000000	0.000000	0.000000
-0.957404	0.835547	0.000000	-0.780794	0.000000	0.000000	0.000000	0.000000	0.000000	0.000000
-0.957404	0.835525	0.000000	-0.781234	0.000000	0.000000	0.000000	0.000000	0.000000	0.000000
-0.957404	0.835554	0.000000	-0.780773	0.000000	0.000000	0.000000	0.000000	0.000000	0.000000
-0.957404	0.835564	-0.000000	-0.781371	0.000000	0.000000	0.000000	0.000000	0.000000	0.000000
-0.957404	0.835511	-0.000000	-0.780995	0.000000	0.000000	0.000000	0.000000	0.000000	0.000000
-0.957404	0.835539	-0.000000	-0.774596	0.000000	0.000000	0.000000	0.000000	0.000000	0.000000
-0.957404	0.835516	-0.000000	-0.780851	0.000000	0.000000	0.000000	0.000000	0.000000	0.000000
-0.957404	0.835536	0.000000	-0.778862	0.000000	0.000000	0.000000	0.000000	0.000000	0.000000
-0.957404	0.835515	-0.000000	-0.781287	0.000000	0.000000	0.000000	0.000000	0.000000	0.000000
-0.957404	0.835524	0.000000	-0.781555	0.000000	0.000000	0.000000	0.000000	0.000000	0.000000
-0.957404	0.835521	0.000000	-0.781345	0.000000	0.000000	0.000000	0.000000	0.000000	0.000000
-0.957404	0.835511	-0.000000	-0.764176	0.000000	0.000000	0.000000	0.000000	0.000000	0.000000
-0.957404	0.835528	-0.000000	-0.780644	0.000000	0.000000	0.000000	0.000000	0.000000	0.000000
-0.957404	0.835519	0.000000	-0.780658	0.000000	0.000000	0.000000	0.000000	0.000000	0.000000
-0.957404	0.835496	-0.000000	-0.780609	0.000000	0.000000	0.000000	0.000000	0.000000	0.000000
-0.957404	0.835524	-0.000000	-0.780830	0.000000	0.000000	0.000000	0.000000	0.000000	0.000000
-0.957404	0.835557	-0.000000	-0.781053	0.000000	0.000000	0.000000	0.000000	0.000000	0.000000
-0.957404	0.835571	0.000000	-0.781113	0.000000	0.000000	0.000000	0.000000	0.000000	0.000000
-0.957404	0.835546	-0.000000	-0.780036	0.000000	0.000000	0.000000	0.000000	0.000000	0.000000
-0.957404	0.835530	0.000000	-0.780042	0.000000	0.000000	0.000000	0.000000	0.000000	0.000000
-0.957404	0.835523	-0.000000	-0.780116	0.000000	0.000000	0.000000	0.000000	0.000000	0.000000
-0.957404	0.835537	-0.000000	-0.781368	0.000000	0.000000	0.000000	0.000000	0.000000	0.000000
-0.957404	0.835507	-0.000000	-0.781342	0.000000	0.000000	0.000000	0.000000	0.000000	0.000000
-0.957404	0.835525	-0.000000	-0.780574	0.000000	0.000000	0.000000	0.000000	0.000000	0.000000
-0.957404	0.835517	0.000000	-0.780603	0.000000	0.000000	0.000000	0.000000	0.000000	0.000000
-0.957404	0.835531	-0.000000	-0.771885	0.000000	0.000000	0.000000	0.000000	0.000000	0.000000
-0.957404	0.835577	0.000000	-0.775638	0.000000	0.000000	0.000000	0.000000	0.000000	0.000000
-0.957404	0.835532	-0.000000	-0.781002	0.000000	0.000000	0.000000	0.000000	0.000000	0.000000
-0.957404	0.835536	0.000000	-0.779975	0.000000	0.000000	0.000000	0.000000	0.000000	0.000000
-0.957404	0.835553	-0.000000	-0.780961	0.000000	0.000000	0.000000	0.000000	0.000000	0.000000
-0.957404	0.835496	0.000000	-0.780655	0.000000	0.000000	0.000000	0.000000	0.000000	0.000000
-0.957404	0.835542	0.000000	-0.781126	0.000000	0.000000	0.000000	0.000000	0.000000	0.000000
-0.957404	0.835496	-0.000000	-0.780921	0.000000	0.000000	0.000000	0.000000	0.000000	0.000000
-0.957404	0.835577	0.000000	-0.781380	0.000000	0.000000	0.000000	0.000000	0.000000	0.000000
-0.957404	0.835516	0.000000	-0.781498	0.000000	0.000000	0.000000	0.000000	0.000000	0.000000
-0.957404	0.835503	-0.000000	-0.779643	0.000000	0.000000	0.000000	0.000000	0.000000	0.000000
-0.957404	0.835511	-0.000000	-0.780681	0.000000	0.000000	0.000000	0.000000	0.000000	0.000000
-0.957404	0.835518	-0.000000	-0.781231	0.000000	0.000000	0.000000	0.000000	0.000000	0.000000
-0.957404	0.835543	0.000000	-0.780629	0.000000	0.000000	0.000000	0.000000	0.000000	0.000000
-0.957404	0.835497	-0.000000	-0.781029	0.000000	0.000000	0.000000	0.000000	0.000000	0.000000
-0.957404	0.835507	-0.000000	-0.781037	0.000000	0.000000	0.000000	0.000000	0.000000	0.000000
-0.957404	0.835497	0.000000	-0.781174	0.000000	0.000000	0.000000	0.000000	0.000000	0.000000
-0.957404	0.835573	0.000000	-0.780194	0.000000	0.000000	0.000000	0.000000	0.000000	0.000000
-0.957404	0.835565	-0.000000	-0.780713	0.000000	0.000000	0.000000	0.000000	0.000000	0.000000
-0.957404	0.835523	-0.000000	-0.781075	0.000000	0.000000	0.000000	0.000000	0.000000	0.000000
-0.957404	0.835506	-0.000000	-0.781257	0.000000	0.000000	0.000000	0.000000	0.000000	0.000000
-0.957404	0.835575	0.000000	-0.780977	0.000000	0.000000	0.000000	0.000000	0.000000	0.000000
-0.957404	0.835516	-0.000000	-0.781353	0.000000	0.000000	0.000000	0.000000	0.000000	0.000000
-0.957404	0.835533	0.000000	-0.780608	0.000000	0.000000	0.000000	0.000000	0.000000	0.000000
-0.957404	0.835577	0.000000	-0.780749	0.000000	0.000000	0.000000	0.000000	0.000000	0.000000
-0.957404	0.835537	-0.000000	-0.780903	0.000000	0.000000	0.000000	0.000000	0.000000	0.000000
-0.957404	0.835517	0.000000	-0.780892	0.000000	0.000000	0.000000	0.000000	0.000000	0.000000
-0.957404	0.835519	-0.000000	-0.781571	0.000000	0.000000	0.000000	0.000000	0.000000	0.000000
-0.957404	0.835553	-0.000000	-0.780851	0.000000	0.000000	0.000000	0.000000	0.000000	0.000000
-0.957404	0.835533	-0.000000	-0.776987	0.000000	0.000000	0.000000	0.000000	0.000000	0.000000
-0.957404	0.835541	0.000000	-0.778509	0.000000	0.000000	0.000000	0.000000	0.000000	0.000000
-0.957404	0.835508	-0.000000	-0.780407	0.000000	0.000000	0.000000	0.000000	0.000000	0.000000
-0.957404	0.831336	0.000000	-0.780651	0.000000	0.000000	0.000000	0.000000	0.000000	0.000000
-0.957404	0.835557	0.000000	-0.781027	0.000000	0.000000	0.000000	0.000000	0.000000	0.000000
-0.957404	0.835515	-0.000000	-0.781123	0.000000	0.000000	0.000000	0.000000	0.000000	0.000000
-0.957404	0.835580	-0.000000	-0.780193	0.000000	0.000000	0.000000	0.000000	0.000000	0.000000
-0.957404	0.835519	0.000000	-0.776872	0.000000	0.000000	0.000000	0.000000	0.000000	0.000000
-0.957404	0.835557	-0.000000	-0.780330	0.000000	0.000000	0.000000	0.000000	0.000000	0.000000
-0.957404	0.835524	0.000000	-0.780679	0.000000	0.000000	0.000000	0.000000	0.000000	0.000000
-0.957404	0.835517	0.000000	-0.780780	0.000000	0.000000	0.000000	0.000000	0.000000	0.000000
-0.957404	0.835545	-0.000000	-0.780643	0.000000	0.000000	0.000000	0.000000	0.000000	0.000000
-0.957404	0.835570	0.000000	-0.780376	0.000000	0.000000	0.000000	0.000000	0.000000	0.000000
-0.957404	0.835521	0.000000	-0.780915	0.000000	0.000000	0.000000	0.000000	0.000000	0.000000
-0.957404	0.835529	0.000000	-0.780289	0.000000	0.000000	0.000000	0.000000	0.000000	0.000000
-0.957404	0.835535	0.000000	-0.781093	0.000000	0.000000	0.000000	0.000000	0.000000	0.000000
-0.957404	0.835524	0.000000	-0.752421	0.000000	0.000000	0.000000	0.000000	0.000000	0.000000
-0.957404	0.835556	0.000000	-0.781140	0.000000	0.000000	0.000000	0.000000	0.000000	0.000000
-0.957404	0.835529	-0.000000	-0.778949	0.000000	0.000000	0.000000	0.000000	0.000000	0.000000
-0.957404	0.835511	-0.000000	-0.781028	0.000000	0.000000	0.000000	0.000000	0.000000	0.000000
-0.957404	0.835551	0.000000	-0.780691	0.000000	0.000000	0.000000	0.000000	0.000000	0.000000
-0.957404	0.835489	0.000000	-0.781199	0.000000	0.000000	0.000000	0.000000	0.000000	0.000000
-0.957404	0.835541	-0.000000	-0.780361	0.000000	0.000000	0.000000	0.000000	0.000000	0.000000
-0.957404	0.835530	-0.000000	-0.780995	0.000000	0.000000	0.000000	0.000000	0.000000	0.000000
-0.957404	0.835524	0.000000	-0.780720	0.000000	0.000000	0.000000	0.000000	0.000000	0.000000
-0.957404	0.835549	0.000000	-0.779039	0.000000	0.000000	0.000000	0.000000	0.000000	0.000000
-0.957404	0.835540	0.000000	-0.780800	0.000000	0.000000	0.000000	0.000000	0.000000	0.000000
-0.957404	0.835538	-0.000000	-0.780503	0.000000	0.000000	0.000000	0.000000	0.000000	0.000000
-0.957404	0.835512	0.000000	-0.780728	0.000000	0.000000	0.000000	0.000000	0.000000	0.000000
-0.957404	0.835479	-0.000000	-0.450326	0.000000	0.000000	0.000000	0.000000	0.000000	0.000000
-0.957404	0.835519	-0.000000	-0.781031	0.000000	0.000000	0.000000	0.000000	0.000000	0.000000
-0.957404	0.835529	-0.000000	-0.780947	0.000000	0.000000	0.000000	0.000000	0.000000	0.000000
-0.957404	0.835594	0.000000	-0.781174	0.000000	0.000000	0.000000	0.000000	0.000000	0.000000
-0.957404	0.835513	-0.000000	-0.780869	0.000000	0.000000	0.000000	0.000000	0.000000	0.000000
-0.957404	0.835572	0.000000	-0.781013	0.000000	0.000000	0.000000	0.000000	0.000000	0.000000
-0.957404	0.835520	0.000000	-0.780937	0.000000	0.000000	0.000000	0.000000	0.000000	0.000000
-0.957404	0.835569	-0.000000	-0.780676	0.000000	0.000000	0.000000	0.000000	0.000000	0.000000
-0.957404	0.835563	0.000000	-0.779830	0.000000	0.000000	0.000000	0.000000	0.000000	0.000000
-0.957404	0.835596	-0.000000	-0.781657	0.000000	0.000000	0.000000	0.000000	0.000000	0.000000
-0.957404	0.835533	0.000000	-0.780916	0.000000	0.000000	0.000000	0.000000	0.000000	0.000000
-0.957404	0.835553	0.000000	-0.781359	0.000000	0.000000	0.000000	0.000000	0.000000	0.000000
-0.957404	0.835556	0.000000	-0.780718	0.000000	0.000000	0.000000	0.000000	0.000000	0.000000
-0.957404	0.835557	0.000000	-0.781304	0.000000	0.000000	0.000000	0.000000	0.000000	0.000000
-0.957404	0.835549	0.000000	-0.781624	0.000000	0.000000	0.000000	0.000000	0.000000	0.000000
-0.957404	0.835552	0.000000	-0.779510	0.000000	0.000000	0.000000	0.000000	0.000000	0.000000
-0.957404	0.835521	0.000000	-0.780648	0.000000	0.000000	0.000000	0.000000	0.000000	0.000000
-0.957404	0.835578	0.000000	-0.781179	0.000000	0.000000	0.000000	0.000000	0.000000	0.000000
-0.957404	0.835567	-0.000000	-0.781355	0.000000	0.000000	0.000000	0.000000	0.000000	0.000000
-0.957404	0.835522	-0.000000	-0.779180	0.000000	0.000000	0.000000	0.000000	0.000000	0.000000
-0.957404	0.835519	0.000000	-0.781183	0.000000	0.000000	0.000000	0.000000	0.000000	0.000000
-0.957404	0.835502	-0.000000	-0.781451	0.000000	0.000000	0.000000	0.000000	0.000000	0.000000
-0.957404	0.835544	0.000000	-0.780729	0.000000	0.000000	0.000000	0.000000	0.000000	0.000000
-0.957404	0.835545	0.000000	-0.778858	0.000000	0.000000	0.000000	0.000000	0.000000	0.000000
-0.957404	0.835513	0.000000	-0.781301	0.000000	0.000000	0.000000	0.000000	0.000000	0.000000
-0.957404	0.835547	-0.000000	-0.781243	0.000000	0.000000	0.000000	0.000000	0.000000	0.000000
-0.957404	0.835583	-0.000000	-0.781516	0.000000	0.000000	0.000000	0.000000	0.000000	0.000000
-0.957404	0.835536	0.000000	-0.780586	0.000000	0.000000	0.000000	0.000000	0.000000	0.000000
-0.957404	0.835540	0.000000	-0.779073	0.000000	0.000000	0.000000	0.000000	0.000000	0.000000
-0.957404	0.835500	-0.000000	-0.780863	0.000000	0.000000	0.000000	0.000000	0.000000	0.000000
-0.957404	0.835475	0.000000	-0.780842	0.000000	0.000000	0.000000	0.000000	0.000000	0.000000
-0.957404	0.835526	-0.000000	-0.781458	0.000000	0.000000	0.000000	0.000000	0.000000	0.000000
-0.957404	0.835532	-0.000000	-0.776431	0.000000	0.000000	0.000000	0.000000	0.000000	0.000000
-0.957404	0.835532	0.000000	-0.780841	0.000000	0.000000	0.000000	0.000000	0.000000	0.000000
-0.957404	0.835510	-0.000000	-0.780266	0.000000	0.000000	0.000000	0.000000	0.000000	0.000000
-0.957404	0.835568	0.000000	-0.779410	0.000000	0.000000	0.000000	0.000000	0.000000	0.000000
-0.957404	0.835571	0.000000	-0.781145	0.000000	0.000000	0.000000	0.000000	0.000000	0.000000
-0.957404	0.835555	-0.000000	-0.781130	0.000000	0.000000	0.000000	0.000000	0.000000	0.000000
-0.957404	0.835532	-0.000000	-0.780985	0.000000	0.000000	0.000000	0.000000	0.000000	0.000000
-0.957404	0.835522	0.000000	-0.780969	0.000000	0.000000	0.000000	0.000000	0.000000	0.000000
-0.957404	0.835560	-0.000000	-0.778924	0.000000	0.000000	0.000000	0.000000	0.000000	0.000000
-0.957404	0.835539	-0.000000	-0.781453	0.000000	0.000000	0.000000	0.000000	0.000000	0.000000
-0.957404	0.835570	-0.000000	-0.780792	0.000000	0.000000	0.000000	0.000000	0.000000	0.000000
-0.957404	0.835533	-0.000000	-0.781586	0.000000	0.000000	0.000000	0.000000	0.000000	0.000000
-0.957404	0.835512	0.000000	-0.781286	0.000000	0.000000	0.000000	0.000000	0.000000	0.000000
-0.957404	0.835555	0.000000	-0.781233	0.000000	0.000000	0.000000	0.000000	0.000000	0.000000
-0.957404	0.835521	0.000000	-0.780313	0.000000	0.000000	0.000000	0.000000	0.000000	0.000000
-0.957404	0.835512	-0.000000	-0.781237	0.000000	0.000000	0.000000	0.000000	0.000000	0.000000
-0.957404	0.835516	0.000000	-0.781462	0.000000	0.000000	0.000000	0.000000	0.000000	0.000000
-0.957404	0.835512	0.000000	-0.781190	0.000000	0.000000	0.000000	0.000000	0.000000	0.000000
-0.957404	0.835588	-0.000000	-0.780872	0.000000	0.000000	0.000000	0.000000	0.000000	0.000000
-0.957404	0.835566	-0.000000	-0.781494	0.000000	0.000000	0.000000	0.000000	0.000000	0.000000
-0.957404	0.835511	0.000000	-0.779730	0.000000	0.000000	0.000000	0.000000	0.000000	0.000000
-0.957404	0.835540	-0.000000	-0.781062	0.000000	0.000000	0.000000	0.000000	0.000000	0.000000
-0.957404	0.835531	0.000000	-0.780463	0.000000	0.000000	0.000000	0.000000	0.000000	0.000000
-0.957404	0.835516	-0.000000	-0.781372	0.000000	0.000000	0.000000	0.000000	0.000000	0.000000
-0.957404	0.835524	0.000000	-0.781418	0.000000	0.000000	0.000000	0.000000	0.000000	0.000000
-0.957404	0.835553	0.000000	-0.780704	0.000000	0.000000	0.000000	0.000000	0.000000	0.000000
-0.957404	0.835573	-0.000000	-0.781869	0.000000	0.000000	0.000000	0.000000	0.000000	0.000000
-0.957404	0.835565	-0.000000	-0.780780	0.000000	0.000000	0.000000	0.000000	0.000000	0.000000
-0.957404	0.835571	0.000000	-0.781858	0.000000	0.000000	0.000000	0.000000	0.000000	0.000000
-0.957404	0.835513	0.000000	-0.781412	0.000000	0.000000	0.000000	0.000000	0.000000	0.000000
-0.957404	0.835524	-0.000000	-0.780865	0.000000	0.000000	0.000000	0.000000	0.000000	0.000000
-0.957404	0.835503	-0.000000	-0.781225	0.000000	0.000000	0.000000	0.000000	0.000000	0.000000
-0.957404	0.835536	0.000000	-0.780878	0.000000	0.000000	0.000000	0.000000	0.000000	0.000000
-0.957404	0.835506	-0.000000	-0.781215	0.000000	0.000000	0.000000	0.000000	0.000000	0.000000
-0.957404	0.835524	-0.000000	-0.780401	0.000000	0.000000	0.000000	0.000000	0.000000	0.000000
-0.957404	0.835535	0.000000	-0.780815	0.000000	0.000000	0.000000	0.000000	0.000000	0.000000
-0.957404	0.835487	0.000000	-0.781314	0.000000	0.000000	0.000000	0.000000	0.000000	0.000000
-0.957404	0.835551	-0.000000	-0.780986	0.000000	0.000000	0.000000	0.000000	0.000000	0.000000
-0.957404	0.835502	0.000000	-0.781295	0.000000	0.000000	0.000000	0.000000	0.000000	0.000000
-0.957404	0.835509	0.000000	-0.571617	0.000000	0.000000	0.000000	0.000000	0.000000	0.000000
-0.957404	0.835539	-0.000000	-0.780802	0.000000	0.000000	0.000000	0.000000	0.000000	0.000000
-0.957404	0.835508	0.000000	-0.780489	0.000000	0.000000	0.000000	0.000000	0.000000	0.000000
-0.957404	0.835530	-0.000000	-0.781064	0.000000	0.000000	0.000000	0.000000	0.000000	0.000000
-0.957404	0.835486	-0.000000	-0.778878	0.000000	0.000000	0.000000	0.000000	0.000000	0.000000
-0.957404	0.835539	-0.000000	-0.781205	0.000000	0.000000	0.000000	0.000000	0.000000	0.000000
-0.957404	0.835533	-0.000000	-0.780517	0.000000	0.000000	0.000000	0.000000	0.000000	0.000000
-0.957404	0.835551	-0.000000	-0.780879	0.000000	0.000000	0.000000	0.000000	0.000000	0.000000
-0.957404	0.835556	0.000000	-0.781202	0.000000	0.000000	0.000000	0.000000	0.000000	0.000000
-0.957404	0.835489	-0.000000	-0.780527	0.000000	0.000000	0.000000	0.000000	0.000000	0.000000
-0.957404	0.835541	-0.000000	-0.781126	0.000000	0.000000	0.000000	0.000000	0.000000	0.000000
-0.957404	0.835540	-0.000000	-0.781202	0.000000	0.000000	0.000000	0.000000	0.000000	0.000000
-0.957404	0.835555	0.000000	-0.780993	0.000000	0.000000	0.000000	0.000000	0.000000	0.000000
-0.957404	0.835556	0.000000	-0.779770	0.000000	0.000000	0.000000	0.000000	0.000000	0.000000
-0.957404	0.835479	-0.000000	-0.781212	0.000000	0.000000	0.000000	0.000000	0.000000	0.000000
-0.957404	0.835485	-0.000000	-0.781270	0.000000	0.000000	0.000000	0.000000	0.000000	0.000000
-0.957404	0.835570	0.000000	-0.780953	0.000000	0.000000	0.000000	0.000000	0.000000	0.000000
-0.957404	0.835579	-0.000000	-0.782233	0.000000	0.000000	0.000000	0.000000	0.000000	0.000000
-0.957404	0.835538	0.000000	-0.775871	0.000000	0.000000	0.000000	0.000000	0.000000	0.000000
-0.957404	0.835560	-0.000000	-0.781514	0.000000	0.000000	0.000000	0.000000	0.000000	0.000000
-0.957404	0.835587	0.000000	-0.781000	0.000000	0.000000	0.000000	0.000000	0.000000	0.000000
-0.957404	0.835548	-0.000000	-0.781197	0.000000	0.000000	0.000000	0.000000	0.000000	0.000000
-0.957404	0.835555	-0.000000	-0.781327	0.000000	0.000000	0.000000	0.000000	0.000000	0.000000
-0.957404	0.835586	-0.000000	-0.780765	0.000000	0.000000	0.000000	0.000000	0.000000	0.000000
-0.957404	0.835516	0.000000	-0.780593	0.000000	0.000000	0.000000	0.000000	0.000000	0.000000
-0.957404	0.835554	0.000000	-0.780595	0.000000	0.000000	0.000000	0.000000	0.000000	0.000000
-0.957404	0.835530	0.000000	-0.780867	0.000000	0.000000	0.000000	0.000000	0.000000	0.000000
-0.957404	0.835519	0.000000	-0.781062	0.000000	0.000000	0.000000	0.000000	0.000000	0.000000
-0.957404	0.835569	-0.000000	-0.781129	0.000000	0.000000	0.000000	0.000000	0.000000	0.000000
-0.957404	0.835552	0.000000	-0.780753	0.000000	0.000000	0.000000	0.000000	0.000000	0.000000
-0.957404	0.835554	0.000000	-0.780694	0.000000	0.000000	0.000000	0.000000	0.000000	0.000000
-0.957404	0.835505	0.000000	-0.780509	0.000000	0.000000	0.000000	0.000000	0.000000	0.000000
-0.957404	0.835565	-0.000000	-0.780653	0.000000	0.000000	0.000000	0.000000	0.000000	0.000000
-0.957404	0.835559	0.000000	-0.781548	0.000000	0.000000	0.000000	0.000000	0.000000	0.000000
-0.957404	0.835523	-0.000000	-0.781584	0.000000	0.000000	0.000000	0.000000	0.000000	0.000000
-0.957404	0.835525	0.000000	-0.781274	0.000000	0.000000	0.000000	0.000000	0.000000	0.000000
-0.957404	0.835540	0.000000	-0.781153	0.000000	0.000000	0.000000	0.000000	0.000000	0.000000
-0.957404	0.835554	-0.000000	-0.780954	0.000000	0.000000	0.000000	0.000000	0.000000	0.000000
-0.957404	0.835510	-0.000000	-0.781419	0.000000	0.000000	0.000000	0.000000	0.000000	0.000000
-0.957404	0.835535	0.000000	-0.781363	0.000000	0.000000	0.000000	0.000000	0.000000	0.000000
-0.957404	0.835500	0.000000	-0.780695	0.000000	0.000000	0.000000	0.000000	0.000000	0.000000
-0.957404	0.835552	0.000000	-0.780588	0.000000	0.000000	0.000000	0.000000	0.000000	0.000000
-0.957404	0.835526	-0.000000	-0.773188	0.000000	0.000000	0.000000	0.000000	0.000000	0.000000
-0.957404	0.835526	-0.000000	-0.780768	0.000000	0.000000	0.000000	0.000000	0.000000	0.000000
-0.957404	0.835495	-0.000000	-0.780345	0.000000	0.000000	0.000000	0.000000	0.000000	0.000000
-0.957404	0.835549	-0.000000	-0.780968	0.000000	0.000000	0.000000	0.000000	0.000000	0.000000
-0.957404	0.835545	-0.000000	-0.780817	0.000000	0.000000	0.000000	0.000000	0.000000	0.000000
-0.957404	0.835534	-0.000000	-0.780542	0.000000	0.000000	0.000000	0.000000	0.000000	0.000000
-0.957404	0.835539	0.000000	-0.779536	0.000000	0.000000	0.000000	0.000000	0.000000	0.000000
-0.957404	0.835311	-0.000000	-0.781825	0.000000	0.000000	0.000000	0.000000	0.000000	0.000000
-0.957404	0.835487	0.000000	-0.774906	0.000000	0.000000	0.000000	0.000000	0.000000	0.000000
-0.957404	0.835503	0.000000	-0.780569	0.000000	0.000000	0.000000	0.000000	0.000000	0.000000
-0.957404	0.835528	-0.000000	-0.781463	0.000000	0.000000	0.000000	0.000000	0.000000	0.000000
-0.957404	0.835540	-0.000000	-0.780946	0.000000	0.000000	0.000000	0.000000	0.000000	0.000000
-0.957404	0.835513	-0.000000	-0.781015	0.000000	0.000000	0.000000	0.000000	0.000000	0.000000
-0.957404	0.835527	0.000000	-0.781061	0.000000	0.000000	0.000000	0.000000	0.000000	0.000000
-0.957404	-0.896612	-0.048795	-0.000000	0.000000	0.000000	0.000000	0.000000	0.000000	0.000000
-0.957404	-0.896860	-0.832592	0.000000	0.000000	0.000000	0.000000	0.000000	0.000000	0.000000
-0.957404	-0.896717	-0.832588	-0.000000	0.000000	0.000000	0.000000	0.000000	0.000000	0.000000
-0.957404	-0.896761	-0.832592	-0.000000	0.000000	0.000000	0.000000	0.000000	0.000000	0.000000
-0.957404	-0.896967	-0.832285	0.000000	0.000000	0.000000	0.000000	0.000000	0.000000	0.000000
-0.957404	-0.896671	-0.832592	-0.000000	0.000000	0.000000	0.000000	0.000000	0.000000	0.000000
-0.957404	-0.896898	-0.832592	-0.000000	0.000000	0.000000	0.000000	0.000000	0.000000	0.000000
-0.957404	-0.896963	-0.832592	0.000000	0.000000	0.000000	0.000000	0.000000	0.000000	0.000000
-0.957404	-0.896669	-0.832592	0.000000	0.000000	0.000000	0.000000	0.000000	0.000000	0.000000
-0.957404	-0.897002	-0.832592	-0.000000	0.000000	0.000000	0.000000	0.000000	0.000000	0.000000
-0.957404	-0.897008	-0.832563	-0.000000	0.000000	0.000000	0.000000	0.000000	0.000000	0.000000
-0.957404	-0.896767	-0.832592	0.000000	0.000000	0.000000	0.000000	0.000000	0.000000	0.000000
-0.957404	-0.896906	-0.832592	-0.000000	0.000000	0.000000	0.000000	0.000000	0.000000	0.000000
-0.957404	-0.896804	-0.832592	0.000000	0.000000	0.000000	0.000000	0.000000	0.000000	0.000000
-0.957404	-0.896867	-0.832592	0.000000	0.000000	0.000000	0.000000	0.000000	0.000000	0.000000
-0.957404	-0.896821	-0.832592	-0.000000	0.000000	0.000000	0.000000	0.000000	0.000000	0.000000
-0.957404	-0.896597	-0.832546	0.000000	0.000000	0.000000	0.000000	0.000000	0.000000	0.000000
-0.957404	-0.896590	-0.832589	-0.000000	0.000000	0.000000	0.000000	0.000000	0.000000	0.000000
-0.957404	-0.896925	-0.832592	-0.000000	0.000000	0.000000	0.000000	0.000000	0.000000	0.000000
-0.957404	-0.897133	-0.832592	-0.000000	0.000000	0.000000	0.000000	0.000000	0.000000	0.000000
-0.957404	-0.896835	-0.832523	0.000000	0.000000	0.000000	0.000000	0.000000	0.000000	0.000000
-0.957404	-0.897056	-0.832592	0.000000	0.000000	0.000000	0.000000	0.000000	0.000000	0.000000
-0.957404	-0.897163	-0.832592	0.000000	0.000000	0.000000	0.000000	0.000000	0.000000	0.000000
-0.957404	-0.896691	-0.832592	-0.000000	0.000000	0.000000	0.000000	0.000000	0.000000	0.000000
-0.957404	-0.896972	-0.832590	-0.000000	0.000000	0.000000	0.000000	0.000000	0.000000	0.000000
-0.957404	-0.897093	-0.832592	0.000000	0.000000	0.000000	0.000000	0.000000	0.000000	0.000000
-0.957404	-0.897222	-0.832592	0.000000	0.000000	0.000000	0.000000	0.000000	0.000000	0.000000
-0.957404	-0.896860	-0.832592	0.000000	0.000000	0.000000	0.000000	0.000000	0.000000	0.000000
-0.957404	-0.896577	-0.832592	0.000000	0.000000	0.000000	0.000000	0.000000	0.000000	0.000000
-0.957404	-0.897011	-0.832592	0.000000	0.000000	0.000000	0.000000	0.000000	0.000000	0.000000
-0.957404	-0.897014	-0.832592	0.000000	0.000000	0.000000	0.000000	0.000000	0.000000	0.000000
-0.957404	-0.896893	-0.832592	0.000000	0.000000	0.000000	0.000000	0.000000	0.000000	0.000000
-0.957404	-0.897163	-0.832479	-0.000000	0.000000	0.000000	0.000000	0.000000	0.000000	0.000000
-0.957404	-0.897096	-0.832592	-0.000000	0.000000	0.000000	0.000000	0.000000	0.000000	0.000000
-0.957404	-0.897142	-0.832592	-0.000000	0.000000	0.000000	0.000000	0.000000	0.000000	0.000000
-0.957404	-0.896795	-0.832592	-0.000000	0.000000	0.000000	0.000000	0.000000	0.000000	0.000000
-0.957404	-0.896930	-0.832592	-0.000000	0.000000	0.000000	0.000000	0.000000	0.000000	0.000000
-0.957404	-0.897179	-0.832592	0.000000	0.000000	0.000000	0.000000	0.000000	0.000000	0.000000
-0.957404	-0.896914	-0.832592	0.000000	0.000000	0.000000	0.000000	0.000000	0.000000	0.000000
-0.957404	-0.896992	-0.832592	-0.000000	0.000000	0.000000	0.000000	0.000000	0.000000	0.000000
-0.957404	-0.896564	-0.832592	0.000000	0.000000	0.000000	0.000000	0.000000	0.000000	0.000000
-0.957404	-0.896899	-0.832588	0.000000	0.000000	0.000000	0.000000	0.000000	0.000000	0.000000
-0.957404	-0.897059	-0.832592	-0.000000	0.000000	0.000000	0.000000	0.000000	0.000000	0.000000
-0.957404	-0.896743	-0.832592	-0.000000	0.000000	0.000000	0.000000	0.000000	0.000000	0.000000
-0.957404	-0.896899	-0.832592	-0.000000	0.000000	0.000000	0.000000	0.000000	0.000000	0.000000
-0.957404	-0.896756	-0.832592	0.000000	0.000000	0.000000	0.000000	0.000000	0.000000	0.000000
-0.957404	-0.896931	-0.832556	0.000000	0.000000	0.000000	0.000000	0.000000	0.000000	0.000000
-0.957404	-0.896871	-0.832592	0.000000	0.000000	0.000000	0.000000	0.000000	0.000000	0.000000
-0.957404	-0.896923	-0.832592	-0.000000	0.000000	0.000000	0.000000	0.000000	0.000000	0.000000
-0.957404	-0.897070	-0.832592	-0.000000	0.000000	0.000000	0.000000	0.000000	0.000000	0.000000
-0.957404	-0.896893	-0.832590	0.000000	0.000000	0.000000	0.000000	0.000000	0.000000	0.000000
-0.957404	-0.896870	-0.832592	0.000000	0.000000	0.000000	0.000000	0.000000	0.000000	0.000000
-0.957404	-0.897060	-0.832592	-0.000000	0.000000	0.000000	0.000000	0.000000	0.000000	0.000000
-0.957404	-0.896817	-0.832592	0.000000	0.000000	0.000000	0.000000	0.000000	0.000000	0.000000
-0.957404	-0.896841	-0.832592	-0.000000	0.000000	0.000000	0.000000	0.000000	0.000000	0.000000
-0.957404	-0.896857	-0.832592	-0.000000	0.000000	0.000000	0.000000	0.000000	0.000000	0.000000
-0.957404	-0.896995	-0.832592	0.000000	0.000000	0.000000	0.000000	0.000000	0.000000	0.000000
-0.957404	-0.897056	-0.832592	-0.000000	0.000000	0.000000	0.000000	0.000000	0.000000	0.000000
-0.957404	-0.896757	-0.832592	0.000000	0.000000	0.000000	0.000000	0.000000	0.000000	0.000000
-0.957404	-0.896947	-0.832592	-0.000000	0.000000	0.000000	0.000000	0.000000	0.000000	0.000000
-0.957404	-0.896971	-0.832592	-0.000000	0.000000	0.000000	0.000000	0.000000	0.000000	0.000000
-0.957404	-0.896855	-0.832592	-0.000000	0.000000	0.000000	0.000000	0.000000	0.000000	0.000000
-0.957404	-0.896983	-0.832592	0.000000	0.000000	0.000000	0.000000	0.000000	0.000000	0.000000
-0.957404	-0.896758	-0.832592	0.000000	0.000000	0.000000	0.000000	0.000000	0.000000	0.000000
-0.957404	-0.897023	-0.832592	0.000000	0.000000	0.000000	0.000000	0.000000	0.000000	0.000000
-0.957404	-0.896865	-0.832592	0.000000	0.000000	0.000000	0.000000	0.000000	0.000000	0.000000
-0.957404	-0.896879	-0.832592	0.000000	0.000000	0.000000	0.000000	0.000000	0.000000	0.000000
-0.957404	-0.897035	-0.832590	0.000000	0.000000	0.000000	0.000000	0.000000	0.000000	0.000000
-0.957404	-0.897068	-0.832525	-0.000000	0.000000	0.000000	0.000000	0.000000	0.000000	0.000000
-0.957404	-0.897097	-0.832592	0.000000	0.000000	0.000000	0.000000	0.000000	0.000000	0.000000
-0.957404	-0.897144	-0.832555	0.000000	0.000000	0.000000	0.000000	0.000000	0.000000	0.000000
-0.957404	-0.896721	-0.832591	0.000000	0.000000	0.000000	0.000000	0.000000	0.000000	0.000000
-0.957404	-0.897211	-0.832591	-0.000000	0.000000	0.000000	0.000000	0.000000	0.000000	0.000000
-0.957404	-0.897009	-0.832592	-0.000000	0.000000	0.000000	0.000000	0.000000	0.000000	0.000000
-0.957404	-0.896958	-0.832592	0.000000	0.000000	0.000000	0.000000	0.000000	0.000000	0.000000
-0.957404	-0.897216	-0.832592	-0.000000	0.000000	0.000000	0.000000	0.000000	0.000000	0.000000
-0.957404	-0.897032	-0.832592	-0.000000	0.000000	0.000000	0.000000	0.000000	0.000000	0.000000
-0.957404	-0.896812	-0.832592	-0.000000	0.000000	0.000000	0.000000	0.000000	0.000000	0.000000
-0.957404	-0.896903	-0.832592	0.000000	0.000000	0.000000	0.000000	0.000000	0.000000	0.000000
-0.957404	-0.896875	-0.832592	0.000000	0.000000	0.000000	0.000000	0.000000	0.000000	0.000000
-0.957404	-0.897068	-0.832592	-0.000000	0.000000	0.000000	0.000000	0.000000	0.000000	0.000000
-0.957404	-0.896767	-0.832592	0.000000	0.000000	0.000000	0.000000	0.000000	0.000000	0.000000
-0.957404	-0.896988	-0.832592	-0.000000	0.000000	0.000000	0.000000	0.000000	0.000000	0.000000
-0.957404	-0.896799	-0.832592	-0.000000	0.000000	0.000000	0.000000	0.000000	0.000000	0.000000
-0.957404	-0.896831	-0.832592	-0.000000	0.000000	0.000000	0.000000	0.000000	0.000000	0.000000
-0.957404	-0.896878	-0.832592	-0.000000	0.000000	0.000000	0.000000	0.000000	0.000000	0.000000
-0.957404	-0.896761	-0.832592	0.000000	0.000000	0.000000	0.000000	0.000000	0.000000	0.000000
-0.957404	-0.897216	-0.832592	0.000000	0.000000	0.000000	0.000000	0.000000	0.000000	0.000000
-0.957404	-0.896924	-0.832592	0.000000	0.000000	0.000000	0.000000	0.000000	0.000000	0.000000
-0.957404	-0.896915	-0.832592	0.000000	0.000000	0.000000	0.000000	0.000000	0.000000	0.000000
-0.957404	-0.896534	-0.832592	0.000000	0.000000	0.000000	0.000000	0.000000	0.000000	0.000000
-0.957404	-0.896916	-0.832592	-0.000000	0.000000	0.000000	0.000000	0.000000	0.000000	0.000000
-0.957404	-0.896887	-0.832589	0.000000	0.000000	0.000000	0.000000	0.000000	0.000000	0.000000
-0.957404	-0.897215	-0.832591	0.000000	0.000000	0.000000	0.000000	0.000000	0.000000	0.000000
-0.957404	-0.896902	-0.832592	0.000000	0.000000	0.000000	0.000000	0.000000	0.000000	0.000000
-0.957404	-0.896737	-0.832592	-0.000000	0.000000	0.000000	0.000000	0.000000	0.000000	0.000000
-0.957404	-0.897125	-0.832582	0.000000	0.000000	0.000000	0.000000	0.000000	0.000000	0.000000
-0.957404	-0.896801	-0.832592	-0.000000	0.000000	0.000000	0.000000	0.000000	0.000000	0.000000
-0.957404	-0.896923	-0.832592	0.000000	0.000000	0.000000	0.000000	0.000000	0.000000	0.000000
-0.957404	-0.896696	-0.832436	-0.000000	0.000000	0.000000	0.000000	0.000000	0.000000	0.000000
-0.957404	-0.897023	-0.832592	0.000000	0.000000	0.000000	0.000000	0.000000	0.000000	0.000000
-0.957404	-0.896826	-0.832592	-0.000000	0.000000	0.000000	0.000000	0.000000	0.000000	0.000000
-0.957404	-0.897064	-0.832092	0.000000	0.000000	0.000000	0.000000	0.000000	0.000000	0.000000
-0.957404	-0.896812	-0.832592	0.000000	0.000000	0.000000	0.000000	0.000000	0.000000	0.000000
-0.957404	-0.896897	-0.832592	-0.000000	0.000000	0.000000	0.000000	0.000000	0.000000	0.000000
-0.957404	-0.896919	-0.832585	-0.000000	0.000000	0.000000	0.000000	0.000000	0.000000	0.000000
-0.957404	-0.896805	-0.832591	0.000000	0.000000	0.000000	0.000000	0.000000	0.000000	0.000000
-0.957404	-0.896902	-0.832589	0.000000	0.000000	0.000000	0.000000	0.000000	0.000000	0.000000
-0.957404	-0.896956	-0.832592	0.000000	0.000000	0.000000	0.000000	0.000000	0.000000	0.000000
-0.957404	-0.896810	-0.832592	-0.000000	0.000000	0.000000	0.000000	0.000000	0.000000	0.000000
-0.957404	-0.896883	-0.831838	0.000000	0.000000	0.000000	0.000000	0.000000	0.000000	0.000000
-0.957404	-0.896772	-0.832592	0.000000	0.000000	0.000000	0.000000	0.000000	0.000000	0.000000
-0.957404	-0.897018	-0.832590	0.000000	0.000000	0.000000	0.000000	0.000000	0.000000	0.000000
-0.957404	-0.897043	-0.832592	0.000000	0.000000	0.000000	0.000000	0.000000	0.000000	0.000000
-0.957404	-0.896925	-0.832592	0.000000	0.000000	0.000000	0.000000	0.000000	0.000000	0.000000
-0.957404	-0.896812	-0.832592	0.000000	0.000000	0.000000	0.000000	0.000000	0.000000	0.000000
-0.957404	-0.896891	-0.832592	0.000000	0.000000	0.000000	0.000000	0.000000	0.000000	0.000000
-0.957404	-0.897027	-0.832582	-0.000000	0.000000	0.000000	0.000000	0.000000	0.000000	0.000000
-0.957404	-0.896903	-0.832585	0.000000	0.000000	0.000000	0.000000	0.000000	0.000000	0.000000
-0.957404	-0.897195	-0.832592	0.000000	0.000000	0.000000	0.000000	0.000000	0.000000	0.000000
-0.957404	-0.896839	-0.832592	0.000000	0.000000	0.000000	0.000000	0.000000	0.000000	0.000000
-0.957404	-0.897006	-0.832592	0.000000	0.000000	0.000000	0.000000	0.000000	0.000000	0.000000
-0.957404	-0.896637	-0.832591	0.000000	0.000000	0.000000	0.000000	0.000000	0.000000	0.000000
-0.957404	-0.896769	-0.832285	-0.000000	0.000000	0.000000	0.000000	0.000000	0.000000	0.000000
-0.957404	-0.896820	-0.832592	0.000000	0.000000	0.000000	0.000000	0.000000	0.000000	0.000000
-0.957404	-0.896811	-0.832529	-0.000000	0.000000	0.000000	0.000000	0.000000	0.000000	0.000000
-0.957404	-0.897020	-0.830806	-0.000000	0.000000	0.000000	0.000000	0.000000	0.000000	0.000000
-0.957404	-0.896915	-0.832579	0.000000	0.000000	0.000000	0.000000	0.000000	0.000000	0.000000
-0.957404	-0.897194	-0.832587	0.000000	0.000000	0.000000	0.000000	0.000000	0.000000	0.000000
-0.957404	-0.896703	-0.832592	-0.000000	0.000000	0.000000	0.000000	0.000000	0.000000	0.000000
-0.957404	-0.897114	-0.832592	0.000000	0.000000	0.000000	0.000000	0.000000	0.000000	0.000000
-0.957404	-0.896791	-0.832592	0.000000	0.000000	0.000000	0.000000	0.000000	0.000000	0.000000
-0.957404	-0.896857	-0.832592	0.000000	0.000000	0.000000	0.000000	0.000000	0.000000	0.000000
-0.957404	-0.896786	-0.832592	0.000000	0.000000	0.000000	0.000000	0.000000	0.000000	0.000000
-0.957404	-0.897055	-0.832592	0.000000	0.000000	0.000000	0.000000	0.000000	0.000000	0.000000
-0.957404	-0.896924	-0.832592	0.000000	0.000000	0.000000	0.000000	0.000000	0.000000	0.000000
-0.957404	-0.896932	-0.832592	0.000000	0.000000	0.000000	0.000000	0.000000	0.000000	0.000000
-0.957404	-0.897216	-0.832592	-0.000000	0.000000	0.000000	0.000000	0.000000	0.000000	0.000000
-0.957404	-0.896607	-0.832592	0.000000	0.000000	0.000000	0.000000	0.000000	0.000000	0.000000
-0.957404	-0.896896	-0.832592	0.000000	0.000000	0.000000	0.000000	0.000000	0.000000	0.000000
-0.957404	-0.896670	-0.832592	0.000000	0.000000	0.000000	0.000000	0.000000	0.000000	0.000000
-0.957404	-0.897051	-0.832592	-0.000000	0.000000	0.000000	0.000000	0.000000	0.000000	0.000000
-0.957404	-0.896598	-0.832583	0.000000	0.000000	0.000000	0.000000	0.000000	0.000000	0.000000
-0.957404	-0.896990	-0.832550	-0.000000	0.000000	0.000000	0.000000	0.000000	0.000000	0.000000
-0.957404	-0.896807	-0.832592	0.000000	0.000000	0.000000	0.000000	0.000000	0.000000	0.000000
-0.957404	-0.896762	-0.832592	-0.000000	0.000000	0.000000	0.000000	0.000000	0.000000	0.000000
-0.957404	-0.897112	-0.832592	-0.000000	0.000000	0.000000	0.000000	0.000000	0.000000	0.000000
-0.957404	-0.896887	-0.832566	-0.000000	0.000000	0.000000	0.000000	0.000000	0.000000	0.000000
-0.957404	-0.897168	-0.832592	0.000000	0.000000	0.000000	0.000000	0.000000	0.000000	0.000000
-0.957404	-0.897213	-0.832592	-0.000000	0.000000	0.000000	0.000000	0.000000	0.000000	0.000000
-0.957404	-0.896714	-0.832592	-0.000000	0.000000	0.000000	0.000000	0.000000	0.000000	0.000000
-0.957404	-0.896951	-0.832592	-0.000000	0.000000	0.000000	0.000000	0.000000	0.000000	0.000000
-0.957404	-0.896944	-0.832592	0.000000	0.000000	0.000000	0.000000	0.000000	0.000000	0.000000
-0.957404	-0.896965	-0.832592	0.000000	0.000000	0.000000	0.000000	0.000000	0.000000	0.000000
-0.957404	-0.896702	-0.832591	-0.000000	0.000000	0.000000	0.000000	0.000000	0.000000	0.000000
-0.957404	-0.897039	-0.832588	-0.000000	0.000000	0.000000	0.000000	0.000000	0.000000	0.000000
-0.957404	-0.896790	-0.832592	0.000000	0.000000	0.000000	0.000000	0.000000	0.000000	0.000000
-0.957404	-0.897058	-0.832592	-0.000000	0.000000	0.000000	0.000000	0.000000	0.000000	0.000000
-0.957404	-0.896964	-0.832592	-0.000000	0.000000	0.000000	0.000000	0.000000	0.000000	0.000000
-0.957404	-0.897077	-0.832520	0.000000	0.000000	0.000000	0.000000	0.000000	0.000000	0.000000
-0.957404	-0.896694	-0.832592	0.000000	0.000000	0.000000	0.000000	0.000000	0.000000	0.000000
-0.957404	-0.896751	-0.832511	-0.000000	0.000000	0.000000	0.000000	0.000000	0.000000	0.000000
-0.957404	-0.896705	-0.832592	0.000000	0.000000	0.000000	0.000000	0.000000	0.000000	0.000000
-0.957404	-0.897137	-0.832592	-0.000000	0.000000	0.000000	0.000000	0.000000	0.000000	0.000000
-0.957404	-0.896880	-0.832592	0.000000	0.000000	0.000000	0.000000	0.000000	0.000000	0.000000
-0.957404	-0.896954	-0.832592	-0.000000	0.000000	0.000000	0.000000	0.000000	0.000000	0.000000
-0.957404	-0.896690	-0.832592	0.000000	0.000000	0.000000	0.000000	0.000000	0.000000	0.000000
-0.957404	-0.896822	-0.832569	0.000000	0.000000	0.000000	0.000000	0.000000	0.000000	0.000000
-0.957404	-0.896816	-0.832592	-0.000000	0.000000	0.000000	0.000000	0.000000	0.000000	0.000000
-0.957404	-0.896864	-0.832592	-0.000000	0.000000	0.000000	0.000000	0.000000	0.000000	0.000000
-0.957404	-0.897222	-0.832592	0.000000	0.000000	0.000000	0.000000	0.000000	0.000000	0.000000
-0.957404	-0.896942	-0.832592	0.000000	0.000000	0.000000	0.000000	0.000000	0.000000	0.000000
-0.957404	-0.896848	-0.831111	-0.000000	0.000000	0.000000	0.000000	0.000000	0.000000	0.000000
-0.957404	-0.896827	-0.832592	0.000000	0.000000	0.000000	0.000000	0.000000	0.000000	0.000000
-0.957404	-0.896885	-0.832585	0.000001	0.000000	0.000000	0.000000	0.000000	0.000000	0.000000
-0.957404	-0.896998	-0.832592	0.000000	0.000000	0.000000	0.000000	0.000000	0.000000	0.000000
-0.957404	-0.896976	-0.832592	-0.000000	0.000000	0.000000	0.000000	0.000000	0.000000	0.000000
-0.957404	-0.897011	-0.832592	-0.000000	0.000000	0.000000	0.000000	0.000000	0.000000	0.000000
-0.957404	-0.897014	-0.832592	-0.000000	0.000000	0.000000	0.000000	0.000000	0.000000	0.000000
-0.957404	-0.897080	-0.832591	-0.000000	0.000000	0.000000	0.000000	0.000000	0.000000	0.000000
-0.957404	-0.896769	-0.832591	0.000000	0.000000	0.000000	0.000000	0.000000	0.000000	0.000000
-0.957404	-0.896895	-0.832592	0.000000	0.000000	0.000000	0.000000	0.000000	0.000000	0.000000
-0.957404	-0.896903	-0.832466	0.000000	0.000000	0.000000	0.000000	0.000000	0.000000	0.000000
-0.957404	-0.897061	-0.832591	-0.000000	0.000000	0.000000	0.000000	0.000000	0.000000	0.000000
-0.957404	-0.896805	-0.832592	0.000000	0.000000	0.000000	0.000000	0.000000	0.000000	0.000000
-0.957404	-0.896804	-0.832592	0.000000	0.000000	0.000000	0.000000	0.000000	0.000000	0.000000
-0.957404	-0.896908	-0.832590	0.000000	0.000000	0.000000	0.000000	0.000000	0.000000	0.000000
-0.957404	-0.896937	-0.832592	-0.000000	0.000000	0.000000	0.000000	0.000000	0.000000	0.000000
-0.957404	-0.897050	-0.832592	0.000000	0.000000	0.000000	0.000000	0.000000	0.000000	0.000000
-0.957404	-0.896930	-0.832592	-0.000000	0.000000	0.000000	0.000000	0.000000	0.000000	0.000000
-0.957404	-0.897060	-0.832592	0.000000	0.000000	0.000000	0.000000	0.000000	0.000000	0.000000
-0.957404	-0.897012	-0.832592	-0.000000	0.000000	0.000000	0.000000	0.000000	0.000000	0.000000
-0.957404	-0.896808	-0.832592	-0.000000	0.000000	0.000000	0.000000	0.000000	0.000000	0.000000
-0.957404	-0.896973	-0.832592	-0.000000	0.000000	0.000000	0.000000	0.000000	0.000000	0.000000
-0.957404	-0.896830	-0.832592	0.000000	0.000000	0.000000	0.000000	0.000000	0.000000	0.000000
-0.957404	-0.897141	-0.832590	0.000000	0.000000	0.000000	0.000000	0.000000	0.000000	0.000000
-0.957404	-0.896846	-0.832549	0.000000	0.000000	0.000000	0.000000	0.000000	0.000000	0.000000
-0.957404	-0.896721	-0.832582	-0.000000	0.000000	0.000000	0.000000	0.000000	0.000000	0.000000
-0.957404	-0.896928	-0.832582	0.000000	0.000000	0.000000	0.000000	0.000000	0.000000	0.000000
-0.957404	-0.896840	-0.832592	0.000000	0.000000	0.000000	0.000000	0.000000	0.000000	0.000000
-0.957404	-0.896986	-0.832589	0.000000	0.000000	0.000000	0.000000	0.000000	0.000000	0.000000
-0.957404	-0.896885	-0.832592	0.000000	0.000000	0.000000	0.000000	0.000000	0.000000	0.000000
-0.957404	-0.896767	-0.832592	0.000000	0.000000	0.000000	0.000000	0.000000	0.000000	0.000000
-0.957404	-0.896975	-0.832591	-0.000000	0.000000	0.000000	0.000000	0.000000	0.000000	0.000000
-0.957404	-0.896969	-0.832592	0.000000	0.000000	0.000000	0.000000	0.000000	0.000000	0.000000
-0.957404	-0.897016	-0.832592	-0.000000	0.000000	0.000000	0.000000	0.000000	0.000000	0.000000
-0.957404	-0.896913	-0.832558	-0.000000	0.000000	0.000000	0.000000	0.000000	0.000000	0.000000
-0.957404	-0.896774	-0.832592	-0.000000	0.000000	0.000000	0.000000	0.000000	0.000000	0.000000
-0.957404	-0.896945	-0.832590	0.000000	0.000000	0.000000	0.000000	0.000000	0.000000	0.000000
-0.957404	-0.896811	-0.832592	0.000000	0.000000	0.000000	0.000000	0.000000	0.000000	0.000000
-0.957404	-0.897040	-0.832592	0.000000	0.000000	0.000000	0.000000	0.000000	0.000000	0.000000
-0.957404	-0.896572	-0.832592	-0.000000	0.000000	0.000000	0.000000	0.000000	0.000000	0.000000
-0.957404	-0.897005	-0.832592	-0.000000	0.000000	0.000000	0.000000	0.000000	0.000000	0.000000
-0.957404	-0.896904	-0.831846	0.000000	0.000000	0.000000	0.000000	0.000000	0.000000	0.000000
-0.957404	-0.897129	-0.832592	0.000000	0.000000	0.000000	0.000000	0.000000	0.000000	0.000000
-0.957404	-0.896900	-0.832592	-0.000000	0.000000	0.000000	0.000000	0.000000	0.000000	0.000000
-0.957404	-0.896967	-0.832592	0.000000	0.000000	0.000000	0.000000	0.000000	0.000000	0.000000
-0.957404	-0.897067	-0.832591	-0.000000	0.000000	0.000000	0.000000	0.000000	0.000000	0.000000
-0.957404	-0.896816	-0.832589	0.000000	0.000000	0.000000	0.000000	0.000000	0.000000	0.000000
-0.957404	-0.896801	-0.832592	0.000000	0.000000	0.000000	0.000000	0.000000	0.000000	0.000000
-0.957404	-0.896648	-0.832406	0.000000	0.000000	0.000000	0.000000	0.000000	0.000000	0.000000
-0.957404	-0.896688	-0.832592	0.000000	0.000000	0.000000	0.000000	0.000000	0.000000	0.000000
-0.957404	-0.896924	-0.832572	-0.000000	0.000000	0.000000	0.000000	0.000000	0.000000	0.000000
-0.957404	-0.896924	-0.832592	-0.000000	0.000000	0.000000	0.000000	0.000000	0.000000	0.000000
-0.957404	-0.896866	-0.832592	-0.000000	0.000000	0.000000	0.000000	0.000000	0.000000	0.000000
-0.957404	-0.896799	-0.832592	0.000000	0.000000	0.000000	0.000000	0.000000	0.000000	0.000000
-0.957404	-0.897053	-0.832592	0.000000	0.000000	0.000000	0.000000	0.000000	0.000000	0.000000
-0.957404	-0.897164	-0.832591	-0.000000	0.000000	0.000000	0.000000	0.000000	0.000000	0.000000
-0.957404	-0.896987	-0.832592	0.000000	0.000000	0.000000	0.000000	0.000000	0.000000	0.000000
-0.957404	-0.896855	-0.832570	-0.000000	0.000000	0.000000	0.000000	0.000000	0.000000	0.000000
-0.957404	-0.896830	-0.832592	0.000000	0.000000	0.000000	0.000000	0.000000	0.000000	0.000000
-0.957404	-0.896819	-0.832592	0.000000	0.000000	0.000000	0.000000	0.000000	0.000000	0.000000
-0.957404	-0.896719	-0.832592	0.000000	0.000000	0.000000	0.000000	0.000000	0.000000	0.000000
-0.957404	-0.896909	-0.832592	0.000000	0.000000	0.000000	0.000000	0.000000	0.000000	0.000000
-0.957404	-0.896824	-0.832535	0.000000	0.000000	0.000000	0.000000	0.000000	0.000000	0.000000
-0.957404	-0.896772	-0.832592	0.000000	0.000000	0.000000	0.000000	0.000000	0.000000	0.000000
-0.957404	-0.897107	-0.832592	0.000000	0.000000	0.000000	0.000000	0.000000	0.000000	0.000000
-0.957404	-0.897085	-0.832591	0.000000	0.000000	0.000000	0.000000	0.000000	0.000000	0.000000
-0.957404	-0.897091	-0.832591	-0.000000	0.000000	0.000000	0.000000	0.000000	0.000000	0.000000
-0.957404	-0.896837	-0.832592	-0.000000	0.000000	0.000000	0.000000	0.000000	0.000000	0.000000
-0.957404	-0.897179	-0.832579	0.000000	0.000000	0.000000	0.000000	0.000000	0.000000	0.000000
-0.957404	-0.896775	-0.832574	0.000000	0.000000	0.000000	0.000000	0.000000	0.000000	0.000000
-0.957404	-0.897157	-0.832592	0.000000	0.000000	0.000000	0.000000	0.000000	0.000000	0.000000
-0.957404	-0.896993	-0.832592	-0.000000	0.000000	0.000000	0.000000	0.000000	0.000000	0.000000
-0.957404	-0.896865	-0.832592	-0.000000	0.000000	0.000000	0.000000	0.000000	0.000000	0.000000
-0.957404	-0.896918	-0.832589	0.000000	0.000000	0.000000	0.000000	0.000000	0.000000	0.000000
-0.957404	-0.896559	-0.832592	-0.000000	0.000000	0.000000	0.000000	0.000000	0.000000	0.000000
-0.957404	-0.897003	-0.832567	-0.000000	0.000000	0.000000	0.000000	0.000000	0.000000	0.000000
-0.957404	-0.896984	-0.832585	0.000000	0.000000	0.000000	0.000000	0.000000	0.000000	0.000000
-0.957404	-0.897042	-0.832592	0.000000	0.000000	0.000000	0.000000	0.000000	0.000000	0.000000
-0.957404	-0.896583	-0.000009	-0.000000	0.000000	0.000000	0.000000	0.000000	0.000000	0.000000
-0.957404	-0.897006	0.816414	0.000000	0.000000	0.000000	0.000000	0.000000	0.000000	0.000000
-0.957404	-0.897029	0.816414	-0.000000	0.000000	0.000000	0.000000	0.000000	0.000000	0.000000
-0.957404	-0.896962	0.816411	-0.000000	0.000000	0.000000	0.000000	0.000000	0.000000	0.000000
-0.957404	-0.897008	0.816414	0.000000	0.000000	0.000000	0.000000	0.000000	0.000000	0.000000
-0.957404	-0.897116	0.816414	0.000002	0.000000	0.000000	0.000000	0.000000	0.000000	0.000000
-0.957404	-0.896902	0.816414	0.000000	0.000000	0.000000	0.000000	0.000000	0.000000	0.000000
-0.957404	-0.896962	0.816365	-0.000000	0.000000	0.000000	0.000000	0.000000	0.000000	0.000000
-0.957404	-0.896816	0.816414	0.000000	0.000000	0.000000	0.000000	0.000000	0.000000	0.000000
-0.957404	-0.897002	0.816307	0.000000	0.000000	0.000000	0.000000	0.000000	0.000000	0.000000
-0.957404	-0.897033	0.816409	-0.000000	0.000000	0.000000	0.000000	0.000000	0.000000	0.000000
-0.957404	-0.896815	0.816414	0.000000	0.000000	0.000000	0.000000	0.000000	0.000000	0.000000
-0.957404	-0.896987	0.816414	0.000000	0.000000	0.000000	0.000000	0.000000	0.000000	0.000000
-0.957404	-0.896882	0.816414	0.000000	0.000000	0.000000	0.000000	0.000000	0.000000	0.000000
-0.957404	-0.897140	0.816414	0.000000	0.000000	0.000000	0.000000	0.000000	0.000000	0.000000
-0.957404	-0.896829	0.816414	-0.000000	0.000000	0.000000	0.000000	0.000000	0.000000	0.000000
-0.957404	-0.897027	0.816239	-0.000000	0.000000	0.000000	0.000000	0.000000	0.000000	0.000000
-0.957404	-0.897005	0.816400	-0.000000	0.000000	0.000000	0.000000	0.000000	0.000000	0.000000
-0.957404	-0.896957	0.816414	0.000000	0.000000	0.000000	0.000000	0.000000	0.000000	0.000000
-0.957404	-0.896984	0.809151	0.000000	0.000000	0.000000	0.000000	0.000000	0.000000	0.000000
-0.957404	-0.897060	0.816414	0.000000	0.000000	0.000000	0.000000	0.000000	0.000000	0.000000
-0.957404	-0.896982	0.816414	-0.000000	0.000000	0.000000	0.000000	0.000000	0.000000	0.000000
-0.957404	-0.875871	0.816414	-0.000000	0.000000	0.000000	0.000000	0.000000	0.000000	0.000000
-0.957404	-0.896825	0.816414	0.000000	0.000000	0.000000	0.000000	0.000000	0.000000	0.000000
-0.957404	-0.896719	0.816414	-0.000000	0.000000	0.000000	0.000000	0.000000	0.000000	0.000000
-0.957404	-0.897057	0.816414	0.000000	0.000000	0.000000	0.000000	0.000000	0.000000	0.000000
-0.957404	-0.896881	0.816412	0.000000	0.000000	0.000000	0.000000	0.000000	0.000000	0.000000
-0.957404	-0.896826	0.816414	0.000000	0.000000	0.000000	0.000000	0.000000	0.000000	0.000000
-0.957404	-0.897142	0.816414	0.000000	0.000000	0.000000	0.000000	0.000000	0.000000	0.000000
-0.957404	-0.896978	0.816157	-0.000000	0.000000	0.000000	0.000000	0.000000	0.000000	0.000000
-0.957404	-0.897161	0.816414	0.000000	0.000000	0.000000	0.000000	0.000000	0.000000	0.000000
-0.957404	-0.896926	0.816399	0.000000	0.000000	0.000000	0.000000	0.000000	0.000000	0.000000
-0.957404	-0.896915	0.816414	0.000000	0.000000	0.000000	0.000000	0.000000	0.000000	0.000000
-0.957404	-0.897042	0.816414	0.000000	0.000000	0.000000	0.000000	0.000000	0.000000	0.000000
-0.957404	-0.896820	0.816414	0.000000	0.000000	0.000000	0.000000	0.000000	0.000000	0.000000
-0.957404	-0.896885	0.816369	0.000000	0.000000	0.000000	0.000000	0.000000	0.000000	0.000000
-0.957404	-0.897098	0.816382	0.000000	0.000000	0.000000	0.000000	0.000000	0.000000	0.000000
-0.957404	-0.896905	0.816414	-0.000000	0.000000	0.000000	0.000000	0.000000	0.000000	0.000000
-0.957404	-0.896630	0.816414	-0.000000	0.000000	0.000000	0.000000	0.000000	0.000000	0.000000
-0.957404	-0.897021	0.816414	0.000000	0.000000	0.000000	0.000000	0.000000	0.000000	0.000000
-0.957404	-0.896914	0.816414	-0.000000	0.000000	0.000000	0.000000	0.000000	0.000000	0.000000
-0.957404	-0.897161	0.816414	-0.000000	0.000000	0.000000	0.000000	0.000000	0.000000	0.000000
-0.957404	-0.896639	0.816414	-0.000000	0.000000	0.000000	0.000000	0.000000	0.000000	0.000000
-0.957404	-0.896932	0.804343	0.000000	0.000000	0.000000	0.000000	0.000000	0.000000	0.000000
-0.957404	-0.896900	0.816414	0.000000	0.000000	0.000000	0.000000	0.000000	0.000000	0.000000
-0.957404	-0.896916	0.816414	-0.000000	0.000000	0.000000	0.000000	0.000000	0.000000	0.000000
-0.957404	-0.896774	0.816322	0.000000	0.000000	0.000000	0.000000	0.000000	0.000000	0.000000
-0.957404	-0.896832	0.816414	-0.000000	0.000000	0.000000	0.000000	0.000000	0.000000	0.000000
-0.957404	-0.896915	0.816414	-0.000000	0.000000	0.000000	0.000000	0.000000	0.000000	0.000000
-0.957404	-0.896740	0.816409	0.000000	0.000000	0.000000	0.000000	0.000000	0.000000	0.000000
-0.957404	-0.897015	0.816414	-0.000000	0.000000	0.000000	0.000000	0.000000	0.000000	0.000000
-0.957404	-0.896795	0.816414	-0.000000	0.000000	0.000000	0.000000	0.000000	0.000000	0.000000
-0.957404	-0.896900	0.816414	0.000000	0.000000	0.000000	0.000000	0.000000	0.000000	0.000000
-0.957404	-0.897068	0.816414	0.000000	0.000000	0.000000	0.000000	0.000000	0.000000	0.000000
-0.957404	-0.896905	0.816414	-0.000000	0.000000	0.000000	0.000000	0.000000	0.000000	0.000000
-0.957404	-0.897197	0.816414	0.000000	0.000000	0.000000	0.000000	0.000000	0.000000	0.000000
-0.957404	-0.896887	0.816414	-0.000000	0.000000	0.000000	0.000000	0.000000	0.000000	0.000000
-0.957404	-0.896937	0.816414	-0.000000	0.000000	0.000000	0.000000	0.000000	0.000000	0.000000
-0.957404	-0.896995	0.816410	0.000000	0.000000	0.000000	0.000000	0.000000	0.000000	0.000000
-0.957404	-0.896660	0.816410	0.000000	0.000000	0.000000	0.000000	0.000000	0.000000	0.000000
-0.957404	-0.896918	0.816414	0.000000	0.000000	0.000000	0.000000	0.000000	0.000000	0.000000
-0.957404	-0.896887	0.816414	0.000000	0.000000	0.000000	0.000000	0.000000	0.000000	0.000000
-0.957404	-0.897041	0.816414	0.000000	0.000000	0.000000	0.000000	0.000000	0.000000	0.000000
-0.957404	-0.897065	0.816386	0.000000	0.000000	0.000000	0.000000	0.000000	0.000000	0.000000
-0.957404	-0.897018	0.816414	-0.000000	0.000000	0.000000	0.000000	0.000000	0.000000	0.000000
-0.957404	-0.896613	0.816414	-0.000000	0.000000	0.000000	0.000000	0.000000	0.000000	0.000000
-0.957404	-0.896805	0.816413	0.000000	0.000000	0.000000	0.000000	0.000000	0.000000	0.000000
-0.957404	-0.896882	0.816412	0.000000	0.000000	0.000000	0.000000	0.000000	0.000000	0.000000
-0.957404	-0.896798	0.816414	0.000000	0.000000	0.000000	0.000000	0.000000	0.000000	0.000000
-0.957404	-0.896820	0.816414	0.000000	0.000000	0.000000	0.000000	0.000000	0.000000	0.000000
-0.957404	-0.896762	0.816414	-0.000000	0.000000	0.000000	0.000000	0.000000	0.000000	0.000000
-0.957404	-0.896678	0.816412	-0.000000	0.000000	0.000000	0.000000	0.000000	0.000000	0.000000
-0.957404	-0.896928	0.816414	0.000000	0.000000	0.000000	0.000000	0.000000	0.000000	0.000000
-0.957404	-0.896812	0.816414	-0.000000	0.000000	0.000000	0.000000	0.000000	0.000000	0.000000
-0.957404	-0.897087	0.816414	-0.000000	0.000000	0.000000	0.000000	0.000000	0.000000	0.000000
-0.957404	-0.897009	0.816413	-0.000000	0.000000	0.000000	0.000000	0.000000	0.000000	0.000000
-0.957404	-0.897080	0.816414	0.000000	0.000000	0.000000	0.000000	0.000000	0.000000	0.000000
-0.957404	-0.896735	0.816414	-0.000000	0.000000	0.000000	0.000000	0.000000	0.000000	0.000000
-0.957404	-0.896830	0.816414	0.000000	0.000000	0.000000	0.000000	0.000000	0.000000	0.000000
-0.957404	-0.896790	0.816414	-0.000000	0.000000	0.000000	0.000000	0.000000	0.000000	0.000000
-0.957404	-0.896705	0.816413	0.000000	0.000000	0.000000	0.000000	0.000000	0.000000	0.000000
-0.957404	-0.896855	0.816414	0.000000	0.000000	0.000000	0.000000	0.000000	0.000000	0.000000
-0.957404	-0.896934	0.816371	0.000000	0.000000	0.000000	0.000000	0.000000	0.000000	0.000000
-0.957404	-0.896815	0.816414	0.000000	0.000000	0.000000	0.000000	0.000000	0.000000	0.000000
-0.957404	-0.896727	0.816413	0.000000	0.000000	0.000000	0.000000	0.000000	0.000000	0.000000
-0.957404	-0.896884	0.816414	-0.000000	0.000000	0.000000	0.000000	0.000000	0.000000	0.000000
-0.957404	-0.897141	0.816414	-0.000000	0.000000	0.000000	0.000000	0.000000	0.000000	0.000000
-0.957404	-0.896906	0.816414	0.000000	0.000000	0.000000	0.000000	0.000000	0.000000	0.000000
-0.957404	-0.896933	0.816414	0.000000	0.000000	0.000000	0.000000	0.000000	0.000000	0.000000
-0.957404	-0.897004	0.816414	0.000000	0.000000	0.000000	0.000000	0.000000	0.000000	0.000000
-0.957404	-0.896937	0.816414	0.000000	0.000000	0.000000	0.000000	0.000000	0.000000	0.000000
-0.957404	-0.896924	0.816413	0.000000	0.000000	0.000000	0.000000	0.000000	0.000000	0.000000
-0.957404	-0.896890	0.779505	-0.000000	0.000000	0.000000	0.000000	0.000000	0.000000	0.000000
-0.957404	-0.896883	0.816414	0.000000	0.000000	0.000000	0.000000	0.000000	0.000000	0.000000
-0.957404	-0.897079	0.816413	-0.000000	0.000000	0.000000	0.000000	0.000000	0.000000	0.000000
-0.957404	-0.896808	0.816414	0.000000	0.000000	0.000000	0.000000	0.000000	0.000000	0.000000
-0.957404	-0.896878	0.816396	0.000000	0.000000	0.000000	0.000000	0.000000	0.000000	0.000000
-0.957404	-0.896842	0.816414	0.000000	0.000000	0.000000	0.000000	0.000000	0.000000	0.000000
-0.957404	-0.896553	0.816332	-0.000000	0.000000	0.000000	0.000000	0.000000	0.000000	0.000000
-0.957404	-0.896863	0.816414	0.000000	0.000000	0.000000	0.000000	0.000000	0.000000	0.000000
-0.957404	-0.896931	0.816358	-0.000000	0.000000	0.000000	0.000000	0.000000	0.000000	0.000000
-0.957404	-0.896912	0.816413	0.000000	0.000000	0.000000	0.000000	0.000000	0.000000	0.000000
-0.957404	-0.896932	0.816414	0.000000	0.000000	0.000000	0.000000	0.000000	0.000000	0.000000
-0.957404	-0.896718	0.816414	0.000000	0.000000	0.000000	0.000000	0.000000	0.000000	0.000000
-0.957404	-0.896958	0.816414	0.000000	0.000000	0.000000	0.000000	0.000000	0.000000	0.000000
-0.957404	-0.896673	0.816414	-0.000000	0.000000	0.000000	0.000000	0.000000	0.000000	0.000000
-0.957404	-0.896850	0.816414	0.000000	0.000000	0.000000	0.000000	0.000000	0.000000	0.000000
-0.957404	-0.896934	0.816360	-0.000000	0.000000	0.000000	0.000000	0.000000	0.000000	0.000000
-0.957404	-0.896667	0.816365	0.000000	0.000000	0.000000	0.000000	0.000000	0.000000	0.000000
-0.957404	-0.896845	0.816414	-0.000000	0.000000	0.000000	0.000000	0.000000	0.000000	0.000000
-0.957404	-0.897249	0.816414	0.000000	0.000000	0.000000	0.000000	0.000000	0.000000	0.000000
-0.957404	-0.896910	0.816414	0.000000	0.000000	0.000000	0.000000	0.000000	0.000000	0.000000
-0.957404	-0.897012	0.816414	0.000000	0.000000	0.000000	0.000000	0.000000	0.000000	0.000000
-0.957404	-0.897013	0.816413	0.000000	0.000000	0.000000	0.000000	0.000000	0.000000	0.000000
-0.957404	-0.897055	0.816121	0.000000	0.000000	0.000000	0.000000	0.000000	0.000000	0.000000
-0.957404	-0.896930	0.816414	0.000000	0.000000	0.000000	0.000000	0.000000	0.000000	0.000000
-0.957404	-0.896972	0.816403	-0.000000	0.000000	0.000000	0.000000	0.000000	0.000000	0.000000
-0.957404	-0.896904	0.816414	0.000000	0.000000	0.000000	0.000000	0.000000	0.000000	0.000000
-0.957404	-0.896953	0.816412	0.000005	0.000000	0.000000	0.000000	0.000000	0.000000	0.000000
-0.957404	-0.896807	0.816413	0.000000	0.000000	0.000000	0.000000	0.000000	0.000000	0.000000
-0.957404	-0.896715	0.816414	-0.000000	0.000000	0.000000	0.000000	0.000000	0.000000	0.000000
-0.957404	-0.897009	0.816414	-0.000000	0.000000	0.000000	0.000000	0.000000	0.000000	0.000000
-0.957404	-0.897034	0.816405	0.000000	0.000000	0.000000	0.000000	0.000000	0.000000	0.000000
-0.957404	-0.897140	0.816414	0.000000	0.000000	0.000000	0.000000	0.000000	0.000000	0.000000
-0.957404	-0.897073	0.816414	0.000000	0.000000	0.000000	0.000000	0.000000	0.000000	0.000000
-0.957404	-0.896821	0.816414	0.000000	0.000000	0.000000	0.000000	0.000000	0.000000	0.000000
-0.957404	-0.896985	0.816414	0.000000	0.000000	0.000000	0.000000	0.000000	0.000000	0.000000
-0.957404	-0.897243	0.816414	-0.000000	0.000000	0.000000	0.000000	0.000000	0.000000	0.000000
-0.957404	-0.896673	0.816414	0.000000	0.000000	0.000000	0.000000	0.000000	0.000000	0.000000
-0.957404	-0.896824	0.816414	0.000000	0.000000	0.000000	0.000000	0.000000	0.000000	0.000000
-0.957404	-0.896878	0.816306	-0.000000	0.000000	0.000000	0.000000	0.000000	0.000000	0.000000
-0.957404	-0.896914	0.816414	-0.000000	0.000000	0.000000	0.000000	0.000000	0.000000	0.000000
-0.957404	-0.896948	0.299484	0.000000	0.000000	0.000000	0.000000	0.000000	0.000000	0.000000
-0.957404	-0.896904	0.816407	0.000000	0.000000	0.000000	0.000000	0.000000	0.000000	0.000000
-0.957404	-0.896983	0.816413	-0.000000	0.000000	0.000000	0.000000	0.000000	0.000000	0.000000
-0.957404	-0.896912	0.816414	0.000000	0.000000	0.000000	0.000000	0.000000	0.000000	0.000000
-0.957404	-0.896728	0.816414	0.000000	0.000000	0.000000	0.000000	0.000000	0.000000	0.000000
-0.957404	-0.897069	0.816414	0.000000	0.000000	0.000000	0.000000	0.000000	0.000000	0.000000
-0.957404	-0.896777	0.816413	0.000000	0.000000	0.000000	0.000000	0.000000	0.000000	0.000000
-0.957404	-0.896924	0.816414	0.000000	0.000000	0.000000	0.000000	0.000000	0.000000	0.000000
-0.957404	-0.896845	0.816410	0.000001	0.000000	0.000000	0.000000	0.000000	0.000000	0.000000
-0.957404	-0.897149	0.816413	-0.000000	0.000000	0.000000	0.000000	0.000000	0.000000	0.000000
-0.957404	-0.896989	0.816413	-0.000000	0.000000	0.000000	0.000000	0.000000	0.000000	0.000000
-0.957404	-0.896726	0.815544	-0.000000	0.000000	0.000000	0.000000	0.000000	0.000000	0.000000
-0.957404	-0.896787	0.816413	-0.000000	0.000000	0.000000	0.000000	0.000000	0.000000	0.000000
-0.957404	-0.897020	0.816414	0.000000	0.000000	0.000000	0.000000	0.000000	0.000000	0.000000
-0.957404	-0.896980	0.816414	-0.000000	0.000000	0.000000	0.000000	0.000000	0.000000	0.000000
-0.957404	-0.897080	0.816414	0.000000	0.000000	0.000000	0.000000	0.000000	0.000000	0.000000
-0.957404	-0.896651	0.816405	-0.000000	0.000000	0.000000	0.000000	0.000000	0.000000	0.000000
-0.957404	-0.896909	0.816414	-0.000000	0.000000	0.000000	0.000000	0.000000	0.000000	0.000000
-0.957404	-0.896937	0.816414	0.000000	0.000000	0.000000	0.000000	0.000000	0.000000	0.000000
-0.957404	-0.896973	0.816414	0.000000	0.000000	0.000000	0.000000	0.000000	0.000000	0.000000
-0.957404	-0.897145	0.816414	0.000000	0.000000	0.000000	0.000000	0.000000	0.000000	0.000000
-0.957404	-0.896955	0.816414	0.000000	0.000000	0.000000	0.000000	0.000000	0.000000	0.000000
-0.957404	-0.896755	0.816414	-0.000000	0.000000	0.000000	0.000000	0.000000	0.000000	0.000000
-0.957404	-0.896713	0.816414	0.000000	0.000000	0.000000	0.000000	0.000000	0.000000	0.000000
-0.957404	-0.897006	0.816413	-0.000000	0.000000	0.000000	0.000000	0.000000	0.000000	0.000000
-0.957404	-0.897090	0.816391	-0.000000	0.000000	0.000000	0.000000	0.000000	0.000000	0.000000
-0.957404	-0.896818	0.816414	0.000000	0.000000	0.000000	0.000000	0.000000	0.000000	0.000000
-0.957404	-0.896789	0.816414	0.000000	0.000000	0.000000	0.000000	0.000000	0.000000	0.000000
-0.957404	-0.896847	0.816414	-0.000000	0.000000	0.000000	0.000000	0.000000	0.000000	0.000000
-0.957404	-0.896830	0.816414	0.000000	0.000000	0.000000	0.000000	0.000000	0.000000	0.000000
-0.957404	-0.896794	0.692279	0.000000	0.000000	0.000000	0.000000	0.000000	0.000000	0.000000
-0.957404	-0.897083	0.816414	0.000000	0.000000	0.000000	0.000000	0.000000	0.000000	0.000000
-0.957404	-0.896993	0.816414	0.000000	0.000000	0.000000	0.000000	0.000000	0.000000	0.000000
-0.957404	-0.896648	0.816414	-0.000000	0.000000	0.000000	0.000000	0.000000	0.000000	0.000000
-0.957404	-0.896798	0.816413	0.000000	0.000000	0.000000	0.000000	0.000000	0.000000	0.000000
-0.957404	-0.896773	0.816414	0.000000	0.000000	0.000000	0.000000	0.000000	0.000000	0.000000
-0.957404	-0.896707	0.816409	0.000000	0.000000	0.000000	0.000000	0.000000	0.000000	0.000000
-0.957404	-0.897143	0.816360	0.000000	0.000000	0.000000	0.000000	0.000000	0.000000	0.000000
-0.957404	-0.897034	0.816405	-0.000000	0.000000	0.000000	0.000000	0.000000	0.000000	0.000000
-0.957404	-0.896999	0.816413	-0.000000	0.000000	0.000000	0.000000	0.000000	0.000000	0.000000
-0.957404	-0.896780	0.816414	-0.000000	0.000000	0.000000	0.000000	0.000000	0.000000	0.000000
-0.957404	-0.896768	0.816414	-0.000000	0.000000	0.000000	0.000000	0.000000	0.000000	0.000000
-0.957404	-0.896701	0.816414	-0.000000	0.000000	0.000000	0.000000	0.000000	0.000000	0.000000
-0.957404	-0.896786	0.816414	0.000000	0.000000	0.000000	0.000000	0.000000	0.000000	0.000000
-0.957404	-0.896677	0.816411	0.000000	0.000000	0.000000	0.000000	0.000000	0.000000	0.000000
-0.957404	-0.896730	0.816414	-0.000000	0.000000	0.000000	0.000000	0.000000	0.000000	0.000000
-0.957404	-0.896938	0.816414	0.000000	0.000000	0.000000	0.000000	0.000000	0.000000	0.000000
-0.957404	-0.896746	0.816414	0.000000	0.000000	0.000000	0.000000	0.000000	0.000000	0.000000
-0.957404	-0.897047	0.816414	0.000000	0.000000	0.000000	0.000000	0.000000	0.000000	0.000000
-0.957404	-0.896960	0.816414	-0.000000	0.000000	0.000000	0.000000	0.000000	0.000000	0.000000
-0.957404	-0.897063	0.816414	-0.000000	0.000000	0.000000	0.000000	0.000000	0.000000	0.000000
-0.957404	-0.897012	0.816414	0.000000	0.000000	0.000000	0.000000	0.000000	0.000000	0.000000
-0.957404	-0.897116	0.816414	-0.000000	0.000000	0.000000	0.000000	0.000000	0.000000	0.000000
-0.957404	-0.896876	0.816399	-0.000000	0.000000	0.000000	0.000000	0.000000	0.000000	0.000000
-0.957404	-0.897054	0.816381	-0.000000	0.000000	0.000000	0.000000	0.000000	0.000000	0.000000
-0.957404	-0.896995	0.816414	0.000000	0.000000	0.000000	0.000000	0.000000	0.000000	0.000000
-0.957404	-0.896850	0.816414	0.000000	0.000000	0.000000	0.000000	0.000000	0.000000	0.000000
-0.957404	-0.897116	0.814801	-0.000000	0.000000	0.000000	0.000000	0.000000	0.000000	0.000000
-0.957404	-0.897056	0.816414	-0.000000	0.000000	0.000000	0.000000	0.000000	0.000000	0.000000
-0.957404	-0.897185	0.816414	0.000000	0.000000	0.000000	0.000000	0.000000	0.000000	0.000000
-0.957404	-0.896795	0.816414	0.000000	0.000000	0.000000	0.000000	0.000000	0.000000	0.000000
-0.957404	-0.897099	0.816414	0.000000	0.000000	0.000000	0.000000	0.000000	0.000000	0.000000
-0.957404	-0.896980	0.816414	-0.000000	0.000000	0.000000	0.000000	0.000000	0.000000	0.000000
-0.957404	-0.896761	0.816414	0.000000	0.000000	0.000000	0.000000	0.000000	0.000000	0.000000
-0.957404	-0.896688	0.816334	0.000000	0.000000	0.000000	0.000000	0.000000	0.000000	0.000000
-0.957404	-0.897060	0.816394	0.000000	0.000000	0.000000	0.000000	0.000000	0.000000	0.000000
-0.957404	-0.896877	0.816388	0.000000	0.000000	0.000000	0.000000	0.000000	0.000000	0.000000
-0.957404	-0.896768	0.816414	-0.000000	0.000000	0.000000	0.000000	0.000000	0.000000	0.000000
-0.957404	-0.896901	0.816414	-0.000000	0.000000	0.000000	0.000000	0.000000	0.000000	0.000000
-0.957404	-0.897109	0.816414	-0.000000	0.000000	0.000000	0.000000	0.000000	0.000000	0.000000
-0.957404	-0.897009	0.816248	-0.000000	0.000000	0.000000	0.000000	0.000000	0.000000	0.000000
-0.957404	-0.897044	0.816414	-0.000000	0.000000	0.000000	0.000000	0.000000	0.000000	0.000000
-0.957404	-0.897088	0.816414	0.000000	0.000000	0.000000	0.000000	0.000000	0.000000	0.000000
-0.957404	-0.896832	0.816414	-0.000000	0.000000	0.000000	0.000000	0.000000	0.000000	0.000000
-0.957404	-0.897170	0.816414	0.000000	0.000000	0.000000	0.000000	0.000000	0.000000	0.000000
-0.957404	-0.897053	0.816414	-0.000000	0.000000	0.000000	0.000000	0.000000	0.000000	0.000000
-0.957404	-0.896960	0.816414	0.000000	0.000000	0.000000	0.000000	0.000000	0.000000	0.000000
-0.957404	-0.896634	0.816414	0.000000	0.000000	0.000000	0.000000	0.000000	0.000000	0.000000
-0.957404	-0.896946	0.816414	-0.000000	0.000000	0.000000	0.000000	0.000000	0.000000	0.000000
-0.957404	-0.897030	0.816414	0.000000	0.000000	0.000000	0.000000	0.000000	0.000000	0.000000
-0.957404	-0.896731	0.816414	-0.000000	0.000000	0.000000	0.000000	0.000000	0.000000	0.000000
-0.957404	-0.896917	0.816414	0.000000	0.000000	0.000000	0.000000	0.000000	0.000000	0.000000
-0.957404	-0.896485	0.816414	0.000000	0.000000	0.000000	0.000000	0.000000	0.000000	0.000000
-0.957404	-0.896929	0.816414	-0.000000	0.000000	0.000000	0.000000	0.000000	0.000000	0.000000
-0.957404	-0.897021	0.816413	-0.000000	0.000000	0.000000	0.000000	0.000000	0.000000	0.000000
-0.957404	-0.896872	0.816414	0.000000	0.000000	0.000000	0.000000	0.000000	0.000000	0.000000
-0.957404	-0.896881	0.815922	-0.000000	0.000000	0.000000	0.000000	0.000000	0.000000	0.000000
-0.957404	-0.896753	0.816239	0.000000	0.000000	0.000000	0.000000	0.000000	0.000000	0.000000
-0.957404	-0.896753	0.816414	0.000000	0.000000	0.000000	0.000000	0.000000	0.000000	0.000000
-0.957404	-0.896921	0.816374	-0.000000	0.000000	0.000000	0.000000	0.000000	0.000000	0.000000
-0.957404	-0.897237	0.816414	0.000000	0.000000	0.000000	0.000000	0.000000	0.000000	0.000000
-0.957404	-0.897198	0.816414	0.000000	0.000000	0.000000	0.000000	0.000000	0.000000	0.000000
-0.957404	-0.896752	0.815488	0.000000	0.000000	0.000000	0.000000	0.000000	0.000000	0.000000
-0.957404	-0.897133	0.816414	0.000000	0.000000	0.000000	0.000000	0.000000	0.000000	0.000000
-0.957404	-0.896981	0.816414	0.000000	0.000000	0.000000	0.000000	0.000000	0.000000	0.000000
-0.957404	-0.896898	0.816414	0.000000	0.000000	0.000000	0.000000	0.000000	0.000000	0.000000
-0.957404	-0.897016	0.816414	-0.000000	0.000000	0.000000	0.000000	0.000000	0.000000	0.000000
-0.957404	-0.896843	0.816414	-0.000000	0.000000	0.000000	0.000000	0.000000	0.000000	0.000000
-0.957404	-0.896780	0.816414	-0.000000	0.000000	0.000000	0.000000	0.000000	0.000000	0.000000
-0.957404	-0.896955	0.816390	0.000000	0.000000	0.000000	0.000000	0.000000	0.000000	0.000000
-0.957404	-0.897087	0.814733	-0.000000	0.000000	0.000000	0.000000	0.000000	0.000000	0.000000
-0.957404	-0.896947	0.816413	0.000000	0.000000	0.000000	0.000000	0.000000	0.000000	0.000000
-0.957404	-0.896926	0.816413	0.000000	0.000000	0.000000	0.000000	0.000000	0.000000	0.000000
-0.957404	-0.897046	0.816414	0.000000	0.000000	0.000000	0.000000	0.000000	0.000000	0.000000
-0.957404	-0.896716	0.816414	0.000000	0.000000	0.000000	0.000000	0.000000	0.000000	0.000000
-0.957404	-0.896919	0.816414	-0.000000	0.000000	0.000000	0.000000	0.000000	0.000000	0.000000
-0.957404	-0.897024	0.816413	0.000000	0.000000	0.000000	0.000000	0.000000	0.000000	0.000000
-0.957404	-0.897028	0.816414	0.000000	0.000000	0.000000	0.000000	0.000000	0.000000	0.000000
-0.957404	-0.897076	0.815772	0.000000	0.000000	0.000000	0.000000	0.000000	0.000000	0.000000
-0.957404	-0.896300	0.816414	0.000000	0.000000	0.000000	0.000000	0.000000	0.000000	0.000000
-0.957404	-0.896707	0.816414	-0.000000	0.000000	0.000000	0.000000	0.000000	0.000000	0.000000
-0.957404	-0.896679	0.816414	0.000000	0.000000	0.000000	0.000000	0.000000	0.000000	0.000000
-0.957404	-0.896752	0.816398	0.000000	0.000000	0.000000	0.000000	0.000000	0.000000	0.000000
-0.957404	-0.896999	0.816412	0.000000	0.000000	0.000000	0.000000	0.000000	0.000000	0.000000
-0.957404	-0.896869	0.816414	0.000000	0.000000	0.000000	0.000000	0.000000	0.000000	0.000000
-0.957404	-0.896791	0.816414	0.000000	0.000000	0.000000	0.000000	0.000000	0.000000	0.000000
-0.957404	-0.896740	0.816414	0.000000	0.000000	0.000000	0.000000	0.000000	0.000000	0.000000
-0.957404	-0.896968	0.816414	0.000000	0.000000	0.000000	0.000000	0.000000	0.000000	0.000000
