-0.933497	-0.809714	0.816689	-0.000000	0.000000	0.000000	0.000000	0.000000	0.000000	0.000000
-0.933497	-0.810181	0.816689	-0.000000	0.000000	0.000000	0.000000	0.000000	0.000000	0.000000
-0.933497	-0.809495	0.816689	-0.000000	0.000000	0.000000	0.000000	0.000000	0.000000	0.000000
-0.933497	-0.810367	0.816689	0.000000	0.000000	0.000000	0.000000	0.000000	0.000000	0.000000
-0.933497	-0.810571	0.816689	-0.000000	0.000000	0.000000	0.000000	0.000000	0.000000	0.000000
-0.933497	-0.810044	0.816678	0.000000	0.000000	0.000000	0.000000	0.000000	0.000000	0.000000
-0.933497	-0.810509	0.816689	-0.000000	0.000000	0.000000	0.000000	0.000000	0.000000	0.000000
-0.933497	-0.809190	0.816689	-0.000000	0.000000	0.000000	0.000000	0.000000	0.000000	0.000000
-0.933497	-0.811157	0.816683	-0.000000	0.000000	0.000000	0.000000	0.000000	0.000000	0.000000
-0.933497	-0.810208	0.816689	0.000000	0.000000	0.000000	0.000000	0.000000	0.000000	0.000000
-0.933497	-0.810031	0.816689	-0.000000	0.000000	0.000000	0.000000	0.000000	0.000000	0.000000
-0.933497	-0.809303	0.816689	0.000000	0.000000	0.000000	0.000000	0.000000	0.000000	0.000000
-0.933497	-0.810860	0.816689	0.000000	0.000000	0.000000	0.000000	0.000000	0.000000	0.000000
-0.933497	-0.810998	0.816689	-0.000000	0.000000	0.000000	0.000000	0.000000	0.000000	0.000000
-0.933497	-0.809873	0.816689	0.000000	0.000000	0.000000	0.000000	0.000000	0.000000	0.000000
-0.933497	-0.810001	0.816688	0.000000	0.000000	0.000000	0.000000	0.000000	0.000000	0.000000
-0.933497	-0.810313	0.816679	0.000000	0.000000	0.000000	0.000000	0.000000	0.000000	0.000000
-0.933497	-0.810131	0.816689	0.000000	0.000000	0.000000	0.000000	0.000000	0.000000	0.000000
-0.933497	-0.810750	0.816689	0.000000	0.000000	0.000000	0.000000	0.000000	0.000000	0.000000
-0.933497	-0.811198	0.816689	-0.000000	0.000000	0.000000	0.000000	0.000000	0.000000	0.000000
-0.933497	-0.809754	0.816688	-0.000000	0.000000	0.000000	0.000000	0.000000	0.000000	0.000000
-0.933497	-0.809847	0.811536	-0.000000	0.000000	0.000000	0.000000	0.000000	0.000000	0.000000
-0.933497	-0.810162	0.816689	0.000000	0.000000	0.000000	0.000000	0.000000	0.000000	0.000000
-0.933497	-0.810275	0.816689	-0.000000	0.000000	0.000000	0.000000	0.000000	0.000000	0.000000
-0.933497	-0.810405	0.816689	-0.000000	0.000000	0.000000	0.000000	0.000000	0.000000	0.000000
-0.933497	-0.809831	0.816689	-0.000000	0.000000	0.000000	0.000000	0.000000	0.000000	0.000000
-0.933497	-0.809615	0.816688	0.000000	0.000000	0.000000	0.000000	0.000000	0.000000	0.000000
-0.933497	-0.810351	0.816689	-0.000000	0.000000	0.000000	0.000000	0.000000	0.000000	0.000000
-0.933497	-0.810879	0.816689	0.000000	0.000000	0.000000	0.000000	0.000000	0.000000	0.000000
-0.933497	-0.810901	0.816689	0.000000	0.000000	0.000000	0.000000	0.000000	0.000000	0.000000
-0.933497	-0.810966	0.816689	0.000000	0.000000	0.000000	0.000000	0.000000	0.000000	0.000000
-0.933497	-0.809141	0.816689	0.000000	0.000000	0.000000	0.000000	0.000000	0.000000	0.000000
-0.933497	-0.810089	0.816689	0.000000	0.000000	0.000000	0.000000	0.000000	0.000000	0.000000
-0.933497	-0.809669	0.816689	0.000000	0.000000	0.000000	0.000000	0.000000	0.000000	0.000000
-0.933497	-0.810398	0.816684	-0.000000	0.000000	0.000000	0.000000	0.000000	0.000000	0.000000
-0.933497	-0.810211	0.816689	-0.000000	0.000000	0.000000	0.000000	0.000000	0.000000	0.000000
-0.933497	-0.809704	0.816689	-0.000000	0.000000	0.000000	0.000000	0.000000	0.000000	0.000000
-0.933497	-0.810540	0.816689	-0.000000	0.000000	0.000000	0.000000	0.000000	0.000000	0.000000
-0.933497	-0.810002	0.816689	-0.000000	0.000000	0.000000	0.000000	0.000000	0.000000	0.000000
-0.933497	-0.810013	0.816689	0.000000	0.000000	0.000000	0.000000	0.000000	0.000000	0.000000
-0.933497	-0.810399	0.816689	-0.000000	0.000000	0.000000	0.000000	0.000000	0.000000	0.000000
-0.933497	-0.809377	0.816689	0.000000	0.000000	0.000000	0.000000	0.000000	0.000000	0.000000
-0.933497	-0.809765	0.816614	-0.000000	0.000000	0.000000	0.000000	0.000000	0.000000	0.000000
-0.933497	-0.809867	0.816689	0.000000	0.000000	0.000000	0.000000	0.000000	0.000000	0.000000
-0.933497	-0.809878	0.816689	0.000000	0.000000	0.000000	0.000000	0.000000	0.000000	0.000000
-0.933497	-0.810871	0.816689	-0.000000	0.000000	0.000000	0.000000	0.000000	0.000000	0.000000
-0.933497	-0.809786	0.816689	-0.000000	0.000000	0.000000	0.000000	0.000000	0.000000	0.000000
-0.933497	-0.810065	0.816685	0.000000	0.000000	0.000000	0.000000	0.000000	0.000000	0.000000
-0.933497	-0.810452	0.816689	0.000000	0.000000	0.000000	0.000000	0.000000	0.000000	0.000000
-0.933497	-0.810446	0.816689	0.000000	0.000000	0.000000	0.000000	0.000000	0.000000	0.000000
-0.933497	-0.810684	0.816689	-0.000000	0.000000	0.000000	0.000000	0.000000	0.000000	0.000000
-0.933497	-0.809408	0.816689	0.000000	0.000000	0.000000	0.000000	0.000000	0.000000	0.000000
-0.933497	-0.810665	0.816689	-0.000000	0.000000	0.000000	0.000000	0.000000	0.000000	0.000000
-0.933497	-0.810321	0.816689	-0.000000	0.000000	0.000000	0.000000	0.000000	0.000000	0.000000
-0.933497	-0.810406	0.816689	-0.000000	0.000000	0.000000	0.000000	0.000000	0.000000	0.000000
-0.933497	-0.810681	0.816689	0.000000	0.000000	0.000000	0.000000	0.000000	0.000000	0.000000
-0.933497	-0.810077	0.816689	0.000000	0.000000	0.000000	0.000000	0.000000	0.000000	0.000000
-0.933497	-0.810473	0.816689	0.000000	0.000000	0.000000	0.000000	0.000000	0.000000	0.000000
-0.933497	-0.810675	0.816689	0.000000	0.000000	0.000000	0.000000	0.000000	0.000000	0.000000
-0.933497	-0.809967	0.816689	0.000000	0.000000	0.000000	0.000000	0.000000	0.000000	0.000000
-0.933497	-0.809515	0.816689	-0.000000	0.000000	0.000000	0.000000	0.000000	0.000000	0.000000
-0.933497	-0.810478	0.816689	-0.000000	0.000000	0.000000	0.000000	0.000000	0.000000	0.000000
-0.933497	-0.810444	0.816689	0.000000	0.000000	0.000000	0.000000	0.000000	0.000000	0.000000
-0.933497	-0.811167	0.816689	0.000000	0.000000	0.000000	0.000000	0.000000	0.000000	0.000000
-0.933497	-0.810012	0.816623	0.000000	0.000000	0.000000	0.000000	0.000000	0.000000	0.000000
-0.933497	-0.810425	0.816689	-0.000000	0.000000	0.000000	0.000000	0.000000	0.000000	0.000000
-0.933497	-0.810102	0.816689	0.000000	0.000000	0.000000	0.000000	0.000000	0.000000	0.000000
-0.933497	-0.810001	0.816689	-0.000000	0.000000	0.000000	0.000000	0.000000	0.000000	0.000000
-0.933497	-0.809670	0.816689	0.000000	0.000000	0.000000	0.000000	0.000000	0.000000	0.000000
-0.933497	-0.809597	0.816689	-0.000000	0.000000	0.000000	0.000000	0.000000	0.000000	0.000000
-0.933497	-0.809837	0.816689	0.000000	0.000000	0.000000	0.000000	0.000000	0.000000	0.000000
-0.933497	-0.809923	0.816689	-0.000000	0.000000	0.000000	0.000000	0.000000	0.000000	0.000000
-0.933497	-0.811045	0.816689	0.000000	0.000000	0.000000	0.000000	0.000000	0.000000	0.000000
-0.933497	-0.810923	0.816689	0.000000	0.000000	0.000000	0.000000	0.000000	0.000000	0.000000
-0.933497	-0.810483	0.816636	0.000000	0.000000	0.000000	0.000000	0.000000	0.000000	0.000000
-0.933497	-0.810863	0.816689	-0.000000	0.000000	0.000000	0.000000	0.000000	0.000000	0.000000
-0.933497	-0.809860	0.816689	-0.000000	0.000000	0.000000	0.000000	0.000000	0.000000	0.000000
-0.933497	-0.810662	0.816689	0.000000	0.000000	0.000000	0.000000	0.000000	0.000000	0.000000
-0.933497	-0.810542	0.816689	-0.000000	0.000000	0.000000	0.000000	0.000000	0.000000	0.000000
-0.933497	-0.810818	0.816689	0.000000	0.000000	0.000000	0.000000	0.000000	0.000000	0.000000
-0.933497	-0.810344	0.816689	0.000000	0.000000	0.000000	0.000000	0.000000	0.000000	0.000000
-0.933497	-0.811321	0.816689	0.000000	0.000000	0.000000	0.000000	0.000000	0.000000	0.000000
-0.933497	-0.810683	0.816689	-0.000000	0.000000	0.000000	0.000000	0.000000	0.000000	0.000000
-0.933497	-0.809902	0.816689	0.000000	0.000000	0.000000	0.000000	0.000000	0.000000	0.000000
-0.933497	-0.810706	0.816689	-0.000000	0.000000	0.000000	0.000000	0.000000	0.000000	0.000000
-0.933497	-0.809933	0.816689	-0.000000	0.000000	0.000000	0.000000	0.000000	0.000000	0.000000
-0.933497	-0.810421	0.816689	0.000000	0.000000	0.000000	0.000000	0.000000	0.000000	0.000000
-0.933497	-0.810290	0.816689	0.000000	0.000000	0.000000	0.000000	0.000000	0.000000	0.000000
-0.933497	-0.809739	0.816689	0.000000	0.000000	0.000000	0.000000	0.000000	0.000000	0.000000
-0.933497	-0.810352	0.816622	0.000000	0.000000	0.000000	0.000000	0.000000	0.000000	0.000000
-0.933497	-0.810452	0.816689	-0.000000	0.000000	0.000000	0.000000	0.000000	0.000000	0.000000
-0.933497	-0.810304	0.816689	-0.000000	0.000000	0.000000	0.000000	0.000000	0.000000	0.000000
-0.933497	-0.810544	0.816689	0.000000	0.000000	0.000000	0.000000	0.000000	0.000000	0.000000
-0.933497	-0.810160	0.816689	-0.000000	0.000000	0.000000	0.000000	0.000000	0.000000	0.000000
-0.933497	-0.810277	0.816689	-0.000000	0.000000	0.000000	0.000000	0.000000	0.000000	0.000000
-0.933497	-0.810158	0.816689	0.000000	0.000000	0.000000	0.000000	0.000000	0.000000	0.000000
-0.933497	-0.809455	0.816689	-0.000000	0.000000	0.000000	0.000000	0.000000	0.000000	0.000000
-0.933497	-0.811086	0.816689	-0.000000	0.000000	0.000000	0.000000	0.000000	0.000000	0.000000
-0.933497	-0.809962	0.816689	0.000000	0.000000	0.000000	0.000000	0.000000	0.000000	0.000000
-0.933497	-0.810343	0.815470	0.000000	0.000000	0.000000	0.000000	0.000000	0.000000	0.000000
-0.933497	-0.810639	0.816689	0.000000	0.000000	0.000000	0.000000	0.000000	0.000000	0.000000
-0.933497	-0.809536	0.816689	-0.000000	0.000000	0.000000	0.000000	0.000000	0.000000	0.000000
-0.933497	-0.809925	0.816689	-0.000000	0.000000	0.000000	0.000000	0.000000	0.000000	0.000000
-0.933497	-0.810010	0.816689	0.000000	0.000000	0.000000	0.000000	0.000000	0.000000	0.000000
-0.933497	-0.810112	0.816689	0.000000	0.000000	0.000000	0.000000	0.000000	0.000000	0.000000
-0.933497	-0.809760	0.816689	0.000000	0.000000	0.000000	0.000000	0.000000	0.000000	0.000000
-0.933497	-0.810141	0.816689	-0.000000	0.000000	0.000000	0.000000	0.000000	0.000000	0.000000
-0.933497	-0.809413	0.816684	-0.000000	0.000000	0.000000	0.000000	0.000000	0.000000	0.000000
-0.933497	-0.810721	0.816689	-0.000000	0.000000	0.000000	0.000000	0.000000	0.000000	0.000000
-0.933497	-0.810881	0.816689	-0.000000	0.000000	0.000000	0.000000	0.000000	0.000000	0.000000
-0.933497	-0.810200	0.816588	0.000000	0.000000	0.000000	0.000000	0.000000	0.000000	0.000000
-0.933497	-0.810364	0.816687	-0.000000	0.000000	0.000000	0.000000	0.000000	0.000000	0.000000
-0.933497	-0.809801	0.816689	0.000000	0.000000	0.000000	0.000000	0.000000	0.000000	0.000000
-0.933497	-0.810761	0.816666	-0.000000	0.000000	0.000000	0.000000	0.000000	0.000000	0.000000
-0.933497	-0.810835	0.816688	-0.000000	0.000000	0.000000	0.000000	0.000000	0.000000	0.000000
-0.933497	-0.810328	0.816689	-0.000000	0.000000	0.000000	0.000000	0.000000	0.000000	0.000000
-0.933497	-0.810009	0.816689	-0.000000	0.000000	0.000000	0.000000	0.000000	0.000000	0.000000
-0.933497	-0.810489	0.816688	-0.000000	0.000000	0.000000	0.000000	0.000000	0.000000	0.000000
-0.933497	-0.810361	0.816689	0.000000	0.000000	0.000000	0.000000	0.000000	0.000000	0.000000
-0.933497	-0.809198	0.816689	-0.000000	0.000000	0.000000	0.000000	0.000000	0.000000	0.000000
-0.933497	-0.809480	0.816689	0.000000	0.000000	0.000000	0.000000	0.000000	0.000000	0.000000
-0.933497	-0.810257	0.816689	0.000000	0.000000	0.000000	0.000000	0.000000	0.000000	0.000000
-0.933497	-0.809829	0.816689	-0.000000	0.000000	0.000000	0.000000	0.000000	0.000000	0.000000
-0.933497	-0.810405	0.816689	0.000000	0.000000	0.000000	0.000000	0.000000	0.000000	0.000000
-0.933497	-0.810033	0.816689	0.000000	0.000000	0.000000	0.000000	0.000000	0.000000	0.000000
-0.933497	-0.809896	0.816689	-0.000000	0.000000	0.000000	0.000000	0.000000	0.000000	0.000000
-0.933497	-0.810635	0.816689	-0.000000	0.000000	0.000000	0.000000	0.000000	0.000000	0.000000
-0.933497	-0.810349	0.816689	-0.000000	0.000000	0.000000	0.000000	0.000000	0.000000	0.000000
-0.933497	-0.810336	0.816688	-0.000000	0.000000	0.000000	0.000000	0.000000	0.000000	0.000000
-0.933497	-0.810227	0.816689	0.000000	0.000000	0.000000	0.000000	0.000000	0.000000	0.000000
-0.933497	-0.811181	0.816689	0.000000	0.000000	0.000000	0.000000	0.000000	0.000000	0.000000
-0.933497	-0.809991	0.816670	-0.000000	0.000000	0.000000	0.000000	0.000000	0.000000	0.000000
-0.933497	-0.810392	0.816689	-0.000000	0.000000	0.000000	0.000000	0.000000	0.000000	0.000000
-0.933497	-0.809269	0.816689	-0.000000	0.000000	0.000000	0.000000	0.000000	0.000000	0.000000
-0.933497	-0.810431	0.816689	0.000000	0.000000	0.000000	0.000000	0.000000	0.000000	0.000000
-0.933497	-0.810347	0.816689	0.000000	0.000000	0.000000	0.000000	0.000000	0.000000	0.000000
-0.933497	-0.810234	0.816689	-0.000000	0.000000	0.000000	0.000000	0.000000	0.000000	0.000000
-0.933497	-0.809322	0.816689	0.000000	0.000000	0.000000	0.000000	0.000000	0.000000	0.000000
-0.933497	-0.810501	0.816689	-0.000000	0.000000	0.000000	0.000000	0.000000	0.000000	0.000000
-0.933497	-0.811319	0.816689	0.000000	0.000000	0.000000	0.000000	0.000000	0.000000	0.000000
-0.933497	-0.810156	0.816689	-0.000000	0.000000	0.000000	0.000000	0.000000	0.000000	0.000000
-0.933497	-0.811120	0.816689	0.000000	0.000000	0.000000	0.000000	0.000000	0.000000	0.000000
-0.933497	-0.810532	0.816688	0.000000	0.000000	0.000000	0.000000	0.000000	0.000000	0.000000
-0.933497	-0.810460	0.816689	0.000000	0.000000	0.000000	0.000000	0.000000	0.000000	0.000000
-0.933497	-0.810006	0.816689	0.000000	0.000000	0.000000	0.000000	0.000000	0.000000	0.000000
-0.933497	-0.810151	0.816689	-0.000000	0.000000	0.000000	0.000000	0.000000	0.000000	0.000000
-0.933497	-0.810214	0.816689	-0.000000	0.000000	0.000000	0.000000	0.000000	0.000000	0.000000
-0.933497	-0.810397	0.816689	0.000000	0.000000	0.000000	0.000000	0.000000	0.000000	0.000000
-0.933497	-0.810485	0.816689	0.000000	0.000000	0.000000	0.000000	0.000000	0.000000	0.000000
-0.933497	-0.810386	0.816689	-0.000000	0.000000	0.000000	0.000000	0.000000	0.000000	0.000000
-0.933497	-0.809665	0.816689	-0.000000	0.000000	0.000000	0.000000	0.000000	0.000000	0.000000
-0.933497	-0.810073	0.816689	-0.000000	0.000000	0.000000	0.000000	0.000000	0.000000	0.000000
-0.933497	-0.810201	0.816689	0.000000	0.000000	0.000000	0.000000	0.000000	0.000000	0.000000
-0.933497	-0.810701	0.816689	0.000000	0.000000	0.000000	0.000000	0.000000	0.000000	0.000000
-0.933497	-0.810421	0.816689	-0.000000	0.000000	0.000000	0.000000	0.000000	0.000000	0.000000
-0.933497	-0.809632	0.816689	-0.000000	0.000000	0.000000	0.000000	0.000000	0.000000	0.000000
-0.933497	-0.810079	0.816689	0.000000	0.000000	0.000000	0.000000	0.000000	0.000000	0.000000
-0.933497	-0.810731	0.814177	0.000000	0.000000	0.000000	0.000000	0.000000	0.000000	0.000000
-0.933497	-0.809856	0.816689	-0.000000	0.000000	0.000000	0.000000	0.000000	0.000000	0.000000
-0.933497	-0.810133	0.816689	-0.000000	0.000000	0.000000	0.000000	0.000000	0.000000	0.000000
-0.933497	-0.810639	0.816684	-0.000000	0.000000	0.000000	0.000000	0.000000	0.000000	0.000000
-0.933497	-0.810608	0.816662	-0.000000	0.000000	0.000000	0.000000	0.000000	0.000000	0.000000
-0.933497	-0.809811	0.816689	-0.000000	0.000000	0.000000	0.000000	0.000000	0.000000	0.000000
-0.933497	-0.810305	0.816689	-0.000000	0.000000	0.000000	0.000000	0.000000	0.000000	0.000000
-0.933497	-0.810571	0.816689	-0.000000	0.000000	0.000000	0.000000	0.000000	0.000000	0.000000
-0.933497	-0.810177	0.816689	-0.000000	0.000000	0.000000	0.000000	0.000000	0.000000	0.000000
-0.933497	-0.810609	0.816689	-0.000000	0.000000	0.000000	0.000000	0.000000	0.000000	0.000000
-0.933497	-0.810400	0.816687	-0.000000	0.000000	0.000000	0.000000	0.000000	0.000000	0.000000
-0.933497	-0.809980	0.816689	0.000000	0.000000	0.000000	0.000000	0.000000	0.000000	0.000000
-0.933497	-0.810032	0.816689	0.000000	0.000000	0.000000	0.000000	0.000000	0.000000	0.000000
-0.933497	-0.811178	0.816689	0.000000	0.000000	0.000000	0.000000	0.000000	0.000000	0.000000
-0.933497	-0.810507	0.816689	-0.000000	0.000000	0.000000	0.000000	0.000000	0.000000	0.000000
-0.933497	-0.809805	0.816689	0.000000	0.000000	0.000000	0.000000	0.000000	0.000000	0.000000
-0.933497	-0.809765	0.816689	0.000000	0.000000	0.000000	0.000000	0.000000	0.000000	0.000000
-0.933497	-0.810278	0.816689	-0.000000	0.000000	0.000000	0.000000	0.000000	0.000000	0.000000
-0.933497	-0.811024	0.816689	0.000000	0.000000	0.000000	0.000000	0.000000	0.000000	0.000000
-0.933497	-0.809977	0.816678	-0.000000	0.000000	0.000000	0.000000	0.000000	0.000000	0.000000
-0.933497	-0.809763	0.816689	0.000000	0.000000	0.000000	0.000000	0.000000	0.000000	0.000000
-0.933497	-0.810821	0.816689	-0.000000	0.000000	0.000000	0.000000	0.000000	0.000000	0.000000
-0.933497	-0.809313	0.816679	-0.000000	0.000000	0.000000	0.000000	0.000000	0.000000	0.000000
-0.933497	-0.809612	0.816689	-0.000000	0.000000	0.000000	0.000000	0.000000	0.000000	0.000000
-0.933497	-0.810451	0.816689	-0.000000	0.000000	0.000000	0.000000	0.000000	0.000000	0.000000
-0.933497	-0.810386	0.816689	0.000000	0.000000	0.000000	0.000000	0.000000	0.000000	0.000000
-0.933497	-0.809957	0.816689	-0.000000	0.000000	0.000000	0.000000	0.000000	0.000000	0.000000
-0.933497	-0.810527	0.816689	-0.000000	0.000000	0.000000	0.000000	0.000000	0.000000	0.000000
-0.933497	-0.810642	0.816662	0.000000	0.000000	0.000000	0.000000	0.000000	0.000000	0.000000
-0.933497	-0.810787	0.816681	-0.000000	0.000000	0.000000	0.000000	0.000000	0.000000	0.000000
-0.933497	-0.810156	0.816689	0.000000	0.000000	0.000000	0.000000	0.000000	0.000000	0.000000
-0.933497	-0.810401	0.816689	-0.000000	0.000000	0.000000	0.000000	0.000000	0.000000	0.000000
-0.933497	-0.810667	0.816689	-0.000000	0.000000	0.000000	0.000000	0.000000	0.000000	0.000000
-0.933497	-0.810853	0.816689	0.000000	0.000000	0.000000	0.000000	0.000000	0.000000	0.000000
-0.933497	-0.810520	0.816689	-0.000000	0.000000	0.000000	0.000000	0.000000	0.000000	0.000000
-0.933497	-0.809589	0.816689	0.000000	0.000000	0.000000	0.000000	0.000000	0.000000	0.000000
-0.933497	-0.810582	0.816688	-0.000000	0.000000	0.000000	0.000000	0.000000	0.000000	0.000000
-0.933497	-0.810751	0.816689	0.000000	0.000000	0.000000	0.000000	0.000000	0.000000	0.000000
-0.933497	-0.810548	0.816689	-0.000000	0.000000	0.000000	0.000000	0.000000	0.000000	0.000000
-0.933497	-0.810863	0.816689	-0.000000	0.000000	0.000000	0.000000	0.000000	0.000000	0.000000
-0.933497	-0.810776	0.816689	0.000000	0.000000	0.000000	0.000000	0.000000	0.000000	0.000000
-0.933497	-0.809839	0.816689	-0.000000	0.000000	0.000000	0.000000	0.000000	0.000000	0.000000
-0.933497	-0.809941	0.816689	-0.000000	0.000000	0.000000	0.000000	0.000000	0.000000	0.000000
-0.933497	-0.810461	0.816689	0.000000	0.000000	0.000000	0.000000	0.000000	0.000000	0.000000
-0.933497	-0.810378	0.816689	0.000000	0.000000	0.000000	0.000000	0.000000	0.000000	0.000000
-0.933497	-0.810504	0.816689	0.000000	0.000000	0.000000	0.000000	0.000000	0.000000	0.000000
-0.933497	-0.810613	0.816689	-0.000000	0.000000	0.000000	0.000000	0.000000	0.000000	0.000000
-0.933497	-0.810217	0.816689	-0.000000	0.000000	0.000000	0.000000	0.000000	0.000000	0.000000
-0.933497	-0.809430	0.816678	0.000000	0.000000	0.000000	0.000000	0.000000	0.000000	0.000000
-0.933497	-0.809759	0.816689	-0.000000	0.000000	0.000000	0.000000	0.000000	0.000000	0.000000
-0.933497	-0.810253	0.816689	0.000000	0.000000	0.000000	0.000000	0.000000	0.000000	0.000000
-0.933497	-0.810107	0.816689	0.000000	0.000000	0.000000	0.000000	0.000000	0.000000	0.000000
-0.933497	-0.810189	0.816689	0.000000	0.000000	0.000000	0.000000	0.000000	0.000000	0.000000
-0.933497	-0.810731	0.816689	-0.000000	0.000000	0.000000	0.000000	0.000000	0.000000	0.000000
-0.933497	-0.809596	0.816689	-0.000000	0.000000	0.000000	0.000000	0.000000	0.000000	0.000000
-0.933497	-0.810183	0.816689	-0.000000	0.000000	0.000000	0.000000	0.000000	0.000000	0.000000
-0.933497	-0.810396	0.816689	0.000000	0.000000	0.000000	0.000000	0.000000	0.000000	0.000000
-0.933497	-0.809493	0.813196	-0.000000	0.000000	0.000000	0.000000	0.000000	0.000000	0.000000
-0.933497	-0.810082	0.816688	0.000000	0.000000	0.000000	0.000000	0.000000	0.000000	0.000000
-0.933497	-0.810087	0.816685	0.000000	0.000000	0.000000	0.000000	0.000000	0.000000	0.000000
-0.933497	-0.809795	0.816680	-0.000000	0.000000	0.000000	0.000000	0.000000	0.000000	0.000000
-0.933497	-0.810852	0.816689	0.000000	0.000000	0.000000	0.000000	0.000000	0.000000	0.000000
-0.933497	-0.810270	0.816680	-0.000000	0.000000	0.000000	0.000000	0.000000	0.000000	0.000000
-0.933497	-0.810019	0.816689	-0.000000	0.000000	0.000000	0.000000	0.000000	0.000000	0.000000
-0.933497	-0.810202	0.816689	0.000000	0.000000	0.000000	0.000000	0.000000	0.000000	0.000000
-0.933497	-0.810675	0.816689	-0.000000	0.000000	0.000000	0.000000	0.000000	0.000000	0.000000
-0.933497	-0.809452	0.816689	-0.000000	0.000000	0.000000	0.000000	0.000000	0.000000	0.000000
-0.933497	-0.810163	0.816689	-0.000000	0.000000	0.000000	0.000000	0.000000	0.000000	0.000000
-0.933497	-0.810594	0.816689	-0.000000	0.000000	0.000000	0.000000	0.000000	0.000000	0.000000
-0.933497	-0.810571	0.816689	-0.000000	0.000000	0.000000	0.000000	0.000000	0.000000	0.000000
-0.933497	-0.811052	0.816689	0.000000	0.000000	0.000000	0.000000	0.000000	0.000000	0.000000
-0.933497	-0.810262	0.816657	-0.000000	0.000000	0.000000	0.000000	0.000000	0.000000	0.000000
-0.933497	-0.810504	0.816689	-0.000000	0.000000	0.000000	0.000000	0.000000	0.000000	0.000000
-0.933497	-0.810661	0.816689	0.000000	0.000000	0.000000	0.000000	0.000000	0.000000	0.000000
-0.933497	-0.809492	0.816689	0.000000	0.000000	0.000000	0.000000	0.000000	0.000000	0.000000
-0.933497	-0.810466	0.816689	-0.000000	0.000000	0.000000	0.000000	0.000000	0.000000	0.000000
-0.933497	-0.810328	0.816689	-0.000000	0.000000	0.000000	0.000000	0.000000	0.000000	0.000000
-0.933497	-0.809910	0.816689	-0.000000	0.000000	0.000000	0.000000	0.000000	0.000000	0.000000
-0.933497	-0.810417	0.816689	-0.000000	0.000000	0.000000	0.000000	0.000000	0.000000	0.000000
-0.933497	-0.809701	0.816689	-0.000000	0.000000	0.000000	0.000000	0.000000	0.000000	0.000000
-0.933497	-0.810287	0.816689	-0.000000	0.000000	0.000000	0.000000	0.000000	0.000000	0.000000
-0.933497	-0.810273	0.816689	-0.000000	0.000000	0.000000	0.000000	0.000000	0.000000	0.000000
-0.933497	-0.810546	0.816689	0.000000	0.000000	0.000000	0.000000	0.000000	0.000000	0.000000
-0.933497	-0.810645	0.816689	0.000000	0.000000	0.000000	0.000000	0.000000	0.000000	0.000000
-0.933497	-0.810004	0.816689	-0.000000	0.000000	0.000000	0.000000	0.000000	0.000000	0.000000
-0.933497	-0.810847	0.816689	0.000000	0.000000	0.000000	0.000000	0.000000	0.000000	0.000000
-0.933497	-0.810933	0.816689	-0.000000	0.000000	0.000000	0.000000	0.000000	0.000000	0.000000
-0.933497	-0.810308	0.812869	-0.000000	0.000000	0.000000	0.000000	0.000000	0.000000	0.000000
-0.933497	-0.811138	0.816689	-0.000000	0.000000	0.000000	0.000000	0.000000	0.000000	0.000000
-0.933497	-0.809851	0.816688	0.000000	0.000000	0.000000	0.000000	0.000000	0.000000	0.000000
-0.933497	-0.810463	0.816689	-0.000000	0.000000	0.000000	0.000000	0.000000	0.000000	0.000000
-0.933497	-0.809525	0.816689	0.000000	0.000000	0.000000	0.000000	0.000000	0.000000	0.000000
-0.933497	-0.810194	0.816688	-0.000000	0.000000	0.000000	0.000000	0.000000	0.000000	0.000000
-0.933497	-0.073718	0.000000	0.000000	0.000000	0.000000	0.000000	0.000000	0.000000	0.000000
-0.933497	-0.810037	-0.825294	-0.000000	0.000000	0.000000	0.000000	0.000000	0.000000	0.000000
-0.933497	-0.810273	-0.825296	0.000000	0.000000	0.000000	0.000000	0.000000	0.000000	0.000000
-0.933497	-0.809914	-0.825296	-0.000000	0.000000	0.000000	0.000000	0.000000	0.000000	0.000000
-0.933497	-0.810791	-0.825294	0.000000	0.000000	0.000000	0.000000	0.000000	0.000000	0.000000
-0.933497	-0.810438	-0.825296	0.000000	0.000000	0.000000	0.000000	0.000000	0.000000	0.000000
-0.933497	-0.810461	-0.825296	0.000000	0.000000	0.000000	0.000000	0.000000	0.000000	0.000000
-0.933497	-0.811327	-0.825286	0.000000	0.000000	0.000000	0.000000	0.000000	0.000000	0.000000
-0.933497	-0.810120	-0.825296	0.000000	0.000000	0.000000	0.000000	0.000000	0.000000	0.000000
-0.933497	-0.811111	-0.825296	-0.000000	0.000000	0.000000	0.000000	0.000000	0.000000	0.000000
-0.933497	-0.809928	-0.825296	0.000000	0.000000	0.000000	0.000000	0.000000	0.000000	0.000000
-0.933497	-0.809719	-0.825296	-0.000000	0.000000	0.000000	0.000000	0.000000	0.000000	0.000000
-0.933497	-0.810220	-0.825296	-0.000000	0.000000	0.000000	0.000000	0.000000	0.000000	0.000000
-0.933497	-0.809379	-0.825296	-0.000000	0.000000	0.000000	0.000000	0.000000	0.000000	0.000000
-0.933497	-0.810815	-0.825296	0.000000	0.000000	0.000000	0.000000	0.000000	0.000000	0.000000
-0.933497	-0.810361	-0.825296	0.000000	0.000000	0.000000	0.000000	0.000000	0.000000	0.000000
-0.933497	-0.810052	-0.825296	-0.000000	0.000000	0.000000	0.000000	0.000000	0.000000	0.000000
-0.933497	-0.810952	-0.825296	0.000000	0.000000	0.000000	0.000000	0.000000	0.000000	0.000000
-0.933497	-0.810007	-0.825296	0.000000	0.000000	0.000000	0.000000	0.000000	0.000000	0.000000
-0.933497	-0.810681	-0.825296	0.000000	0.000000	0.000000	0.000000	0.000000	0.000000	0.000000
-0.933497	-0.810057	-0.825295	-0.000000	0.000000	0.000000	0.000000	0.000000	0.000000	0.000000
-0.933497	-0.809128	-0.825296	0.000000	0.000000	0.000000	0.000000	0.000000	0.000000	0.000000
-0.933497	-0.809973	-0.825296	-0.000000	0.000000	0.000000	0.000000	0.000000	0.000000	0.000000
-0.933497	-0.810076	-0.824259	-0.000000	0.000000	0.000000	0.000000	0.000000	0.000000	0.000000
-0.933497	-0.811117	-0.825296	-0.000000	0.000000	0.000000	0.000000	0.000000	0.000000	0.000000
-0.933497	-0.810185	-0.825296	0.000000	0.000000	0.000000	0.000000	0.000000	0.000000	0.000000
-0.933497	-0.810020	-0.825296	0.000000	0.000000	0.000000	0.000000	0.000000	0.000000	0.000000
-0.933497	-0.809692	-0.825241	-0.000000	0.000000	0.000000	0.000000	0.000000	0.000000	0.000000
-0.933497	-0.810062	-0.825296	-0.000000	0.000000	0.000000	0.000000	0.000000	0.000000	0.000000
-0.933497	-0.810024	-0.825295	-0.000000	0.000000	0.000000	0.000000	0.000000	0.000000	0.000000
-0.933497	-0.810688	-0.825296	0.000000	0.000000	0.000000	0.000000	0.000000	0.000000	0.000000
-0.933497	-0.810173	-0.825296	-0.000000	0.000000	0.000000	0.000000	0.000000	0.000000	0.000000
-0.933497	-0.810241	-0.824907	0.000000	0.000000	0.000000	0.000000	0.000000	0.000000	0.000000
-0.933497	-0.809709	-0.825296	-0.000000	0.000000	0.000000	0.000000	0.000000	0.000000	0.000000
-0.933497	-0.810987	-0.825296	0.000000	0.000000	0.000000	0.000000	0.000000	0.000000	0.000000
-0.933497	-0.810162	-0.825296	-0.000000	0.000000	0.000000	0.000000	0.000000	0.000000	0.000000
-0.933497	-0.809805	-0.825296	-0.000000	0.000000	0.000000	0.000000	0.000000	0.000000	0.000000
-0.933497	-0.811486	-0.825294	0.000000	0.000000	0.000000	0.000000	0.000000	0.000000	0.000000
-0.933497	-0.809921	-0.825296	0.000000	0.000000	0.000000	0.000000	0.000000	0.000000	0.000000
-0.933497	-0.810246	-0.825296	-0.000000	0.000000	0.000000	0.000000	0.000000	0.000000	0.000000
-0.933497	-0.810462	-0.825295	0.000000	0.000000	0.000000	0.000000	0.000000	0.000000	0.000000
-0.933497	-0.810096	-0.825296	0.000000	0.000000	0.000000	0.000000	0.000000	0.000000	0.000000
-0.933497	-0.810794	-0.825296	0.000000	0.000000	0.000000	0.000000	0.000000	0.000000	0.000000
-0.933497	-0.810056	-0.825296	0.000000	0.000000	0.000000	0.000000	0.000000	0.000000	0.000000
-0.933497	-0.811108	-0.825296	0.000000	0.000000	0.000000	0.000000	0.000000	0.000000	0.000000
-0.933497	-0.809972	-0.825292	0.000000	0.000000	0.000000	0.000000	0.000000	0.000000	0.000000
-0.933497	-0.810362	-0.825296	0.000000	0.000000	0.000000	0.000000	0.000000	0.000000	0.000000
-0.933497	-0.811471	-0.825290	-0.000000	0.000000	0.000000	0.000000	0.000000	0.000000	0.000000
-0.933497	-0.810173	-0.825282	0.000000	0.000000	0.000000	0.000000	0.000000	0.000000	0.000000
-0.933497	-0.810532	-0.825296	-0.000000	0.000000	0.000000	0.000000	0.000000	0.000000	0.000000
-0.933497	-0.810865	-0.825296	0.000000	0.000000	0.000000	0.000000	0.000000	0.000000	0.000000
-0.933497	-0.809690	-0.825051	-0.000000	0.000000	0.000000	0.000000	0.000000	0.000000	0.000000
-0.933497	-0.809977	-0.825296	-0.000000	0.000000	0.000000	0.000000	0.000000	0.000000	0.000000
-0.933497	-0.809947	-0.825296	0.000000	0.000000	0.000000	0.000000	0.000000	0.000000	0.000000
-0.933497	-0.810829	-0.825296	0.000000	0.000000	0.000000	0.000000	0.000000	0.000000	0.000000
-0.933497	-0.810413	-0.825296	0.000000	0.000000	0.000000	0.000000	0.000000	0.000000	0.000000
-0.933497	-0.809866	-0.825296	0.000000	0.000000	0.000000	0.000000	0.000000	0.000000	0.000000
-0.933497	-0.810283	-0.825296	-0.000000	0.000000	0.000000	0.000000	0.000000	0.000000	0.000000
-0.933497	-0.809879	-0.825296	0.000000	0.000000	0.000000	0.000000	0.000000	0.000000	0.000000
-0.933497	-0.811388	-0.825295	-0.000000	0.000000	0.000000	0.000000	0.000000	0.000000	0.000000
-0.933497	-0.810520	-0.825225	-0.000000	0.000000	0.000000	0.000000	0.000000	0.000000	0.000000
-0.933497	-0.809666	-0.825296	0.000000	0.000000	0.000000	0.000000	0.000000	0.000000	0.000000
-0.933497	-0.809817	-0.825296	-0.000000	0.000000	0.000000	0.000000	0.000000	0.000000	0.000000
-0.933497	-0.810439	-0.825274	0.000000	0.000000	0.000000	0.000000	0.000000	0.000000	0.000000
-0.933497	-0.810530	-0.825296	0.000000	0.000000	0.000000	0.000000	0.000000	0.000000	0.000000
-0.933497	-0.810668	-0.825296	-0.000000	0.000000	0.000000	0.000000	0.000000	0.000000	0.000000
-0.933497	-0.810254	-0.825296	-0.000000	0.000000	0.000000	0.000000	0.000000	0.000000	0.000000
-0.933497	-0.810928	-0.825296	0.000000	0.000000	0.000000	0.000000	0.000000	0.000000	0.000000
-0.933497	-0.810673	-0.825296	-0.000000	0.000000	0.000000	0.000000	0.000000	0.000000	0.000000
-0.933497	-0.810371	-0.825296	0.000000	0.000000	0.000000	0.000000	0.000000	0.000000	0.000000
-0.933497	-0.810741	-0.825296	-0.000000	0.000000	0.000000	0.000000	0.000000	0.000000	0.000000
-0.933497	-0.810144	-0.825296	-0.000000	0.000000	0.000000	0.000000	0.000000	0.000000	0.000000
-0.933497	-0.810373	-0.825296	0.000000	0.000000	0.000000	0.000000	0.000000	0.000000	0.000000
-0.933497	-0.810285	-0.825296	-0.000000	0.000000	0.000000	0.000000	0.000000	0.000000	0.000000
-0.933497	-0.809594	-0.825292	-0.000000	0.000000	0.000000	0.000000	0.000000	0.000000	0.000000
-0.933497	-0.809833	-0.825296	0.000000	0.000000	0.000000	0.000000	0.000000	0.000000	0.000000
-0.933497	-0.810720	-0.825283	0.000000	0.000000	0.000000	0.000000	0.000000	0.000000	0.000000
-0.933497	-0.810203	-0.825296	0.000000	0.000000	0.000000	0.000000	0.000000	0.000000	0.000000
-0.933497	-0.810735	-0.825296	0.000000	0.000000	0.000000	0.000000	0.000000	0.000000	0.000000
-0.933497	-0.809511	-0.825296	-0.000000	0.000000	0.000000	0.000000	0.000000	0.000000	0.000000
-0.933497	-0.809454	-0.825296	0.000000	0.000000	0.000000	0.000000	0.000000	0.000000	0.000000
-0.933497	-0.810980	-0.825296	-0.000000	0.000000	0.000000	0.000000	0.000000	0.000000	0.000000
-0.933497	-0.810466	-0.825296	0.000000	0.000000	0.000000	0.000000	0.000000	0.000000	0.000000
-0.933497	-0.809753	-0.825296	0.000000	0.000000	0.000000	0.000000	0.000000	0.000000	0.000000
-0.933497	-0.810318	-0.825296	-0.000000	0.000000	0.000000	0.000000	0.000000	0.000000	0.000000
-0.933497	-0.810171	-0.825296	0.000000	0.000000	0.000000	0.000000	0.000000	0.000000	0.000000
-0.933497	-0.809936	-0.825295	0.000000	0.000000	0.000000	0.000000	0.000000	0.000000	0.000000
-0.933497	-0.810126	-0.825296	-0.000000	0.000000	0.000000	0.000000	0.000000	0.000000	0.000000
-0.933497	-0.810287	-0.825292	0.000000	0.000000	0.000000	0.000000	0.000000	0.000000	0.000000
-0.933497	-0.809964	-0.825296	-0.000000	0.000000	0.000000	0.000000	0.000000	0.000000	0.000000
-0.933497	-0.810246	-0.825296	-0.000000	0.000000	0.000000	0.000000	0.000000	0.000000	0.000000
-0.933497	-0.809934	-0.825296	-0.000000	0.000000	0.000000	0.000000	0.000000	0.000000	0.000000
-0.933497	-0.811063	-0.822795	-0.000000	0.000000	0.000000	0.000000	0.000000	0.000000	0.000000
-0.933497	-0.809026	-0.825296	-0.000000	0.000000	0.000000	0.000000	0.000000	0.000000	0.000000
-0.933497	-0.809763	-0.825296	-0.000000	0.000000	0.000000	0.000000	0.000000	0.000000	0.000000
-0.933497	-0.810646	-0.825296	0.000000	0.000000	0.000000	0.000000	0.000000	0.000000	0.000000
-0.933497	-0.810407	-0.825296	-0.000000	0.000000	0.000000	0.000000	0.000000	0.000000	0.000000
-0.933497	-0.810074	-0.825127	0.000000	0.000000	0.000000	0.000000	0.000000	0.000000	0.000000
-0.933497	-0.810311	-0.825296	0.000000	0.000000	0.000000	0.000000	0.000000	0.000000	0.000000
-0.933497	-0.809911	-0.825296	-0.000000	0.000000	0.000000	0.000000	0.000000	0.000000	0.000000
-0.933497	-0.810151	-0.825296	0.000000	0.000000	0.000000	0.000000	0.000000	0.000000	0.000000
-0.933497	-0.810654	-0.825296	0.000000	0.000000	0.000000	0.000000	0.000000	0.000000	0.000000
-0.933497	-0.809678	-0.825296	-0.000000	0.000000	0.000000	0.000000	0.000000	0.000000	0.000000
-0.933497	-0.809923	-0.825296	-0.000000	0.000000	0.000000	0.000000	0.000000	0.000000	0.000000
-0.933497	-0.808809	-0.825296	0.000000	0.000000	0.000000	0.000000	0.000000	0.000000	0.000000
-0.933497	-0.810384	-0.825286	-0.000000	0.000000	0.000000	0.000000	0.000000	0.000000	0.000000
-0.933497	-0.810463	-0.825290	0.000000	0.000000	0.000000	0.000000	0.000000	0.000000	0.000000
-0.933497	-0.810061	-0.825295	0.000000	0.000000	0.000000	0.000000	0.000000	0.000000	0.000000
-0.933497	-0.808407	-0.825296	-0.000000	0.000000	0.000000	0.000000	0.000000	0.000000	0.000000
-0.933497	-0.810856	-0.825296	-0.000000	0.000000	0.000000	0.000000	0.000000	0.000000	0.000000
-0.933497	-0.810195	-0.825296	0.000000	0.000000	0.000000	0.000000	0.000000	0.000000	0.000000
-0.933497	-0.810517	-0.825296	0.000000	0.000000	0.000000	0.000000	0.000000	0.000000	0.000000
-0.933497	-0.810178	-0.825296	0.000000	0.000000	0.000000	0.000000	0.000000	0.000000	0.000000
-0.933497	-0.810051	-0.825296	0.000000	0.000000	0.000000	0.000000	0.000000	0.000000	0.000000
-0.933497	-0.810046	-0.825296	0.000000	0.000000	0.000000	0.000000	0.000000	0.000000	0.000000
-0.933497	-0.810001	-0.825296	-0.000000	0.000000	0.000000	0.000000	0.000000	0.000000	0.000000
-0.933497	-0.809723	-0.825296	0.000000	0.000000	0.000000	0.000000	0.000000	0.000000	0.000000
-0.933497	-0.810059	-0.825296	0.000000	0.000000	0.000000	0.000000	0.000000	0.000000	0.000000
-0.933497	-0.810852	-0.825295	0.000000	0.000000	0.000000	0.000000	0.000000	0.000000	0.000000
-0.933497	-0.810629	-0.825296	-0.000000	0.000000	0.000000	0.000000	0.000000	0.000000	0.000000
-0.933497	-0.810628	-0.825294	-0.000000	0.000000	0.000000	0.000000	0.000000	0.000000	0.000000
-0.933497	-0.810125	-0.825296	-0.000000	0.000000	0.000000	0.000000	0.000000	0.000000	0.000000
-0.933497	-0.810360	-0.825296	0.000000	0.000000	0.000000	0.000000	0.000000	0.000000	0.000000
-0.933497	-0.809356	-0.825296	-0.000000	0.000000	0.000000	0.000000	0.000000	0.000000	0.000000
-0.933497	-0.809653	-0.825296	-0.000000	0.000000	0.000000	0.000000	0.000000	0.000000	0.000000
-0.933497	-0.810913	-0.825296	-0.000000	0.000000	0.000000	0.000000	0.000000	0.000000	0.000000
-0.933497	-0.810532	-0.825284	-0.000000	0.000000	0.000000	0.000000	0.000000	0.000000	0.000000
-0.933497	-0.810400	-0.825296	0.000000	0.000000	0.000000	0.000000	0.000000	0.000000	0.000000
-0.933497	-0.810054	-0.825296	0.000000	0.000000	0.000000	0.000000	0.000000	0.000000	0.000000
-0.933497	-0.810373	-0.825296	-0.000000	0.000000	0.000000	0.000000	0.000000	0.000000	0.000000
-0.933497	-0.809560	-0.825294	0.000000	0.000000	0.000000	0.000000	0.000000	0.000000	0.000000
-0.933497	-0.809795	-0.825296	-0.000000	0.000000	0.000000	0.000000	0.000000	0.000000	0.000000
-0.933497	-0.810078	-0.825296	0.000000	0.000000	0.000000	0.000000	0.000000	0.000000	0.000000
-0.933497	-0.810000	-0.825296	-0.000000	0.000000	0.000000	0.000000	0.000000	0.000000	0.000000
-0.933497	-0.810332	-0.825296	0.000000	0.000000	0.000000	0.000000	0.000000	0.000000	0.000000
-0.933497	-0.810330	-0.825290	0.000000	0.000000	0.000000	0.000000	0.000000	0.000000	0.000000
-0.933497	-0.810086	-0.825296	0.000000	0.000000	0.000000	0.000000	0.000000	0.000000	0.000000
-0.933497	-0.809779	-0.825294	0.000000	0.000000	0.000000	0.000000	0.000000	0.000000	0.000000
-0.933497	-0.810979	-0.825295	0.000000	0.000000	0.000000	0.000000	0.000000	0.000000	0.000000
-0.933497	-0.810080	-0.825296	-0.000000	0.000000	0.000000	0.000000	0.000000	0.000000	0.000000
-0.933497	-0.810479	-0.825296	-0.000000	0.000000	0.000000	0.000000	0.000000	0.000000	0.000000
-0.933497	-0.809434	-0.825296	-0.000000	0.000000	0.000000	0.000000	0.000000	0.000000	0.000000
-0.933497	-0.809965	-0.825296	-0.000000	0.000000	0.000000	0.000000	0.000000	0.000000	0.000000
-0.933497	-0.810394	-0.825295	-0.000000	0.000000	0.000000	0.000000	0.000000	0.000000	0.000000
-0.933497	-0.810016	-0.825296	0.000000	0.000000	0.000000	0.000000	0.000000	0.000000	0.000000
-0.933497	-0.810062	-0.825231	0.000000	0.000000	0.000000	0.000000	0.000000	0.000000	0.000000
-0.933497	-0.810752	-0.825296	-0.000000	0.000000	0.000000	0.000000	0.000000	0.000000	0.000000
-0.933497	-0.810204	-0.825296	-0.000000	0.000000	0.000000	0.000000	0.000000	0.000000	0.000000
-0.933497	-0.810237	-0.825296	0.000000	0.000000	0.000000	0.000000	0.000000	0.000000	0.000000
-0.933497	-0.810562	-0.825296	0.000000	0.000000	0.000000	0.000000	0.000000	0.000000	0.000000
-0.933497	-0.810430	-0.825296	0.000000	0.000000	0.000000	0.000000	0.000000	0.000000	0.000000
-0.933497	-0.810798	-0.825296	-0.000000	0.000000	0.000000	0.000000	0.000000	0.000000	0.000000
-0.933497	-0.809990	-0.825296	-0.000000	0.000000	0.000000	0.000000	0.000000	0.000000	0.000000
-0.933497	-0.810553	-0.825296	0.000000	0.000000	0.000000	0.000000	0.000000	0.000000	0.000000
-0.933497	-0.810419	-0.825296	-0.000000	0.000000	0.000000	0.000000	0.000000	0.000000	0.000000
-0.933497	-0.810126	-0.825296	-0.000000	0.000000	0.000000	0.000000	0.000000	0.000000	0.000000
-0.933497	-0.810171	-0.825295	-0.000000	0.000000	0.000000	0.000000	0.000000	0.000000	0.000000
-0.933497	-0.810277	-0.825296	-0.000000	0.000000	0.000000	0.000000	0.000000	0.000000	0.000000
-0.933497	-0.810686	-0.825296	0.000000	0.000000	0.000000	0.000000	0.000000	0.000000	0.000000
-0.933497	-0.810100	-0.825296	0.000000	0.000000	0.000000	0.000000	0.000000	0.000000	0.000000
-0.933497	-0.810024	-0.825296	0.000000	0.000000	0.000000	0.000000	0.000000	0.000000	0.000000
-0.933497	-0.810528	-0.825295	-0.000000	0.000000	0.000000	0.000000	0.000000	0.000000	0.000000
-0.933497	-0.810651	-0.825296	-0.000000	0.000000	0.000000	0.000000	0.000000	0.000000	0.000000
-0.933497	-0.810277	-0.825296	0.000000	0.000000	0.000000	0.000000	0.000000	0.000000	0.000000
-0.933497	-0.810480	-0.825296	0.000000	0.000000	0.000000	0.000000	0.000000	0.000000	0.000000
-0.933497	-0.810615	-0.825295	0.000000	0.000000	0.000000	0.000000	0.000000	0.000000	0.000000
-0.933497	-0.809541	-0.825296	-0.000000	0.000000	0.000000	0.000000	0.000000	0.000000	0.000000
-0.933497	-0.810006	-0.825295	0.000000	0.000000	0.000000	0.000000	0.000000	0.000000	0.000000
-0.933497	-0.811212	-0.825296	0.000000	0.000000	0.000000	0.000000	0.000000	0.000000	0.000000
-0.933497	-0.809908	-0.825255	-0.000000	0.000000	0.000000	0.000000	0.000000	0.000000	0.000000
-0.933497	-0.809584	-0.825296	-0.000000	0.000000	0.000000	0.000000	0.000000	0.000000	0.000000
-0.933497	-0.810011	-0.825287	-0.000000	0.000000	0.000000	0.000000	0.000000	0.000000	0.000000
-0.933497	-0.810622	-0.825296	0.000000	0.000000	0.000000	0.000000	0.000000	0.000000	0.000000
-0.933497	-0.810870	-0.825296	-0.000000	0.000000	0.000000	0.000000	0.000000	0.000000	0.000000
-0.933497	-0.809719	-0.825296	-0.000000	0.000000	0.000000	0.000000	0.000000	0.000000	0.000000
-0.933497	-0.810125	-0.825296	0.000000	0.000000	0.000000	0.000000	0.000000	0.000000	0.000000
-0.933497	-0.810426	-0.825272	0.000000	0.000000	0.000000	0.000000	0.000000	0.000000	0.000000
-0.933497	-0.810716	-0.824861	0.000000	0.000000	0.000000	0.000000	0.000000	0.000000	0.000000
-0.933497	-0.810367	-0.824223	0.000000	0.000000	0.000000	0.000000	0.000000	0.000000	0.000000
-0.933497	-0.810715	-0.825265	-0.000000	0.000000	0.000000	0.000000	0.000000	0.000000	0.000000
-0.933497	-0.810742	-0.825296	-0.000000	0.000000	0.000000	0.000000	0.000000	0.000000	0.000000
-0.933497	-0.810391	-0.825296	0.000000	0.000000	0.000000	0.000000	0.000000	0.000000	0.000000
-0.933497	-0.810534	-0.825296	-0.000000	0.000000	0.000000	0.000000	0.000000	0.000000	0.000000
-0.933497	-0.809636	-0.825296	0.000000	0.000000	0.000000	0.000000	0.000000	0.000000	0.000000
-0.933497	-0.809778	-0.825296	0.000000	0.000000	0.000000	0.000000	0.000000	0.000000	0.000000
-0.933497	-0.810713	-0.825296	-0.000000	0.000000	0.000000	0.000000	0.000000	0.000000	0.000000
-0.933497	-0.810590	-0.825296	0.000000	0.000000	0.000000	0.000000	0.000000	0.000000	0.000000
-0.933497	-0.810113	-0.825296	-0.000000	0.000000	0.000000	0.000000	0.000000	0.000000	0.000000
-0.933497	-0.810161	-0.825296	0.000000	0.000000	0.000000	0.000000	0.000000	0.000000	0.000000
-0.933497	-0.810924	-0.825296	0.000000	0.000000	0.000000	0.000000	0.000000	0.000000	0.000000
-0.933497	-0.811178	-0.825296	-0.000000	0.000000	0.000000	0.000000	0.000000	0.000000	0.000000
-0.933497	-0.810540	-0.825296	0.000000	0.000000	0.000000	0.000000	0.000000	0.000000	0.000000
-0.933497	-0.810438	-0.825296	-0.000000	0.000000	0.000000	0.000000	0.000000	0.000000	0.000000
-0.933497	-0.810337	-0.825296	0.000000	0.000000	0.000000	0.000000	0.000000	0.000000	0.000000
-0.933497	-0.810187	-0.825296	0.000000	0.000000	0.000000	0.000000	0.000000	0.000000	0.000000
-0.933497	-0.810585	-0.825294	-0.000000	0.000000	0.000000	0.000000	0.000000	0.000000	0.000000
-0.933497	-0.810509	-0.825296	0.000000	0.000000	0.000000	0.000000	0.000000	0.000000	0.000000
-0.933497	-0.810478	-0.825296	0.000000	0.000000	0.000000	0.000000	0.000000	0.000000	0.000000
-0.933497	-0.810298	-0.825296	-0.000000	0.000000	0.000000	0.000000	0.000000	0.000000	0.000000
-0.933497	-0.809582	-0.825296	-0.000000	0.000000	0.000000	0.000000	0.000000	0.000000	0.000000
-0.933497	-0.810248	-0.825296	0.000000	0.000000	0.000000	0.000000	0.000000	0.000000	0.000000
-0.933497	-0.809782	-0.825279	0.000000	0.000000	0.000000	0.000000	0.000000	0.000000	0.000000
-0.933497	-0.810246	-0.825296	-0.000000	0.000000	0.000000	0.000000	0.000000	0.000000	0.000000
-0.933497	-0.809937	-0.825296	-0.000000	0.000000	0.000000	0.000000	0.000000	0.000000	0.000000
-0.933497	-0.810409	-0.825296	0.000000	0.000000	0.000000	0.000000	0.000000	0.000000	0.000000
-0.933497	-0.810762	-0.825296	-0.000000	0.000000	0.000000	0.000000	0.000000	0.000000	0.000000
-0.933497	-0.809971	-0.825296	-0.000000	0.000000	0.000000	0.000000	0.000000	0.000000	0.000000
-0.933497	-0.810998	-0.825261	0.000000	0.000000	0.000000	0.000000	0.000000	0.000000	0.000000
-0.933497	-0.809942	-0.825296	0.000000	0.000000	0.000000	0.000000	0.000000	0.000000	0.000000
-0.933497	-0.809731	-0.825296	-0.000000	0.000000	0.000000	0.000000	0.000000	0.000000	0.000000
-0.933497	-0.810264	-0.825296	0.000000	0.000000	0.000000	0.000000	0.000000	0.000000	0.000000
-0.933497	-0.810341	-0.825296	-0.000000	0.000000	0.000000	0.000000	0.000000	0.000000	0.000000
-0.933497	-0.810118	-0.825296	-0.000000	0.000000	0.000000	0.000000	0.000000	0.000000	0.000000
-0.933497	-0.811401	-0.801361	-0.000000	0.000000	0.000000	0.000000	0.000000	0.000000	0.000000
-0.933497	-0.804936	-0.825296	-0.000000	0.000000	0.000000	0.000000	0.000000	0.000000	0.000000
-0.933497	-0.810486	-0.825284	-0.000000	0.000000	0.000000	0.000000	0.000000	0.000000	0.000000
-0.933497	-0.809615	-0.825296	-0.000000	0.000000	0.000000	0.000000	0.000000	0.000000	0.000000
-0.933497	-0.809979	-0.825296	0.000000	0.000000	0.000000	0.000000	0.000000	0.000000	0.000000
-0.933497	-0.809460	-0.825296	-0.000000	0.000000	0.000000	0.000000	0.000000	0.000000	0.000000
-0.933497	-0.809919	-0.825296	0.000000	0.000000	0.000000	0.000000	0.000000	0.000000	0.000000
-0.933497	-0.810885	-0.825296	0.000000	0.000000	0.000000	0.000000	0.000000	0.000000	0.000000
-0.933497	-0.810067	-0.825296	-0.000000	0.000000	0.000000	0.000000	0.000000	0.000000	0.000000
-0.933497	-0.809806	-0.825296	0.000000	0.000000	0.000000	0.000000	0.000000	0.000000	0.000000
-0.933497	-0.810316	-0.825296	0.000000	0.000000	0.000000	0.000000	0.000000	0.000000	0.000000
-0.933497	-0.810964	-0.825296	-0.000000	0.000000	0.000000	0.000000	0.000000	0.000000	0.000000
-0.933497	-0.810510	-0.825296	0.000000	0.000000	0.000000	0.000000	0.000000	0.000000	0.000000
-0.933497	-0.810359	-0.825296	0.000000	0.000000	0.000000	0.000000	0.000000	0.000000	0.000000
-0.933497	-0.810128	-0.825296	0.000000	0.000000	0.000000	0.000000	0.000000	0.000000	0.000000
-0.933497	-0.810557	-0.825296	-0.000000	0.000000	0.000000	0.000000	0.000000	0.000000	0.000000
-0.933497	-0.810236	-0.825296	-0.000000	0.000000	0.000000	0.000000	0.000000	0.000000	0.000000
-0.933497	-0.810531	-0.825296	0.000000	0.000000	0.000000	0.000000	0.000000	0.000000	0.000000
-0.933497	-0.809915	-0.825295	-0.000000	0.000000	0.000000	0.000000	0.000000	0.000000	0.000000
-0.933497	-0.809441	-0.825296	-0.000000	0.000000	0.000000	0.000000	0.000000	0.000000	0.000000
-0.933497	-0.810410	-0.825296	0.000000	0.000000	0.000000	0.000000	0.000000	0.000000	0.000000
-0.933497	-0.809489	-0.825296	0.000000	0.000000	0.000000	0.000000	0.000000	0.000000	0.000000
-0.933497	-0.810913	-0.825296	-0.000000	0.000000	0.000000	0.000000	0.000000	0.000000	0.000000
-0.933497	-0.810782	-0.825296	-0.000000	0.000000	0.000000	0.000000	0.000000	0.000000	0.000000
-0.933497	-0.810625	-0.825296	0.000000	0.000000	0.000000	0.000000	0.000000	0.000000	0.000000
-0.933497	-0.811014	-0.825296	0.000000	0.000000	0.000000	0.000000	0.000000	0.000000	0.000000
-0.933497	-0.809380	-0.825296	-0.000000	0.000000	0.000000	0.000000	0.000000	0.000000	0.000000
-0.933497	-0.810616	-0.825296	-0.000000	0.000000	0.000000	0.000000	0.000000	0.000000	0.000000
-0.933497	-0.810518	-0.825296	0.000000	0.000000	0.000000	0.000000	0.000000	0.000000	0.000000
-0.933497	-0.810264	-0.825296	-0.000000	0.000000	0.000000	0.000000	0.000000	0.000000	0.000000
-0.933497	-0.809809	-0.825296	-0.000000	0.000000	0.000000	0.000000	0.000000	0.000000	0.000000
-0.933497	-0.811348	-0.825296	-0.000000	0.000000	0.000000	0.000000	0.000000	0.000000	0.000000
-0.933497	-0.809741	-0.825285	0.000000	0.000000	0.000000	0.000000	0.000000	0.000000	0.000000
-0.933497	-0.810042	-0.825295	-0.000000	0.000000	0.000000	0.000000	0.000000	0.000000	0.000000
-0.933497	-0.809647	-0.825296	-0.000000	0.000000	0.000000	0.000000	0.000000	0.000000	0.000000
-0.933497	-0.810180	-0.825296	0.000000	0.000000	0.000000	0.000000	0.000000	0.000000	0.000000
-0.933497	-0.810933	-0.825296	-0.000000	0.000000	0.000000	0.000000	0.000000	0.000000	0.000000
-0.933497	0.879339	0.000000	0.021750	0.000000	0.000000	0.000000	0.000000	0.000000	0.000000
-0.933497	0.879341	-0.000000	0.826520	0.000000	0.000000	0.000000	0.000000	0.000000	0.000000
-0.933497	0.879341	0.000000	0.826520	0.000000	0.000000	0.000000	0.000000	0.000000	0.000000
-0.933497	0.879341	0.000000	0.826520	0.000000	0.000000	0.000000	0.000000	0.000000	0.000000
-0.933497	0.879341	-0.000000	0.826514	0.000000	0.000000	0.000000	0.000000	0.000000	0.000000
-0.933497	0.879341	0.000000	0.826520	0.000000	0.000000	0.000000	0.000000	0.000000	0.000000
-0.933497	0.879341	0.000000	0.826443	0.000000	0.000000	0.000000	0.000000	0.000000	0.000000
-0.933497	0.879341	-0.000000	0.826520	0.000000	0.000000	0.000000	0.000000	0.000000	0.000000
-0.933497	0.879341	-0.000000	0.826520	0.000000	0.000000	0.000000	0.000000	0.000000	0.000000
-0.933497	0.879341	0.000000	0.826507	0.000000	0.000000	0.000000	0.000000	0.000000	0.000000
-0.933497	0.879341	0.000000	0.826456	0.000000	0.000000	0.000000	0.000000	0.000000	0.000000
-0.933497	0.879340	0.000000	0.826520	0.000000	0.000000	0.000000	0.000000	0.000000	0.000000
-0.933497	0.879341	-0.000000	0.826487	0.000000	0.000000	0.000000	0.000000	0.000000	0.000000
-0.933497	0.879341	-0.000000	0.826520	0.000000	0.000000	0.000000	0.000000	0.000000	0.000000
-0.933497	0.879341	-0.000000	0.826520	0.000000	0.000000	0.000000	0.000000	0.000000	0.000000
-0.933497	0.879341	0.000000	0.826461	0.000000	0.000000	0.000000	0.000000	0.000000	0.000000
-0.933497	0.879341	-0.000000	0.820539	0.000000	0.000000	0.000000	0.000000	0.000000	0.000000
-0.933497	0.848412	-0.000000	0.826520	0.000000	0.000000	0.000000	0.000000	0.000000	0.000000
-0.933497	0.879341	0.000000	0.826520	0.000000	0.000000	0.000000	0.000000	0.000000	0.000000
-0.933497	0.879341	-0.000000	0.826517	0.000000	0.000000	0.000000	0.000000	0.000000	0.000000
-0.933497	0.879341	-0.000000	0.826520	0.000000	0.000000	0.000000	0.000000	0.000000	0.000000
-0.933497	0.879341	-0.000000	0.826520	0.000000	0.000000	0.000000	0.000000	0.000000	0.000000
-0.933497	0.879341	0.000000	0.826520	0.000000	0.000000	0.000000	0.000000	0.000000	0.000000
-0.933497	0.879341	-0.000000	0.826315	0.000000	0.000000	0.000000	0.000000	0.000000	0.000000
-0.933497	0.879341	0.000000	0.826520	0.000000	0.000000	0.000000	0.000000	0.000000	0.000000
-0.933497	0.879341	-0.000000	0.825671	0.000000	0.000000	0.000000	0.000000	0.000000	0.000000
-0.933497	0.879341	0.000000	0.826515	0.000000	0.000000	0.000000	0.000000	0.000000	0.000000
-0.933497	0.879341	-0.000000	0.826520	0.000000	0.000000	0.000000	0.000000	0.000000	0.000000
-0.933497	0.879341	-0.000000	0.826520	0.000000	0.000000	0.000000	0.000000	0.000000	0.000000
-0.933497	0.879341	-0.000000	0.826520	0.000000	0.000000	0.000000	0.000000	0.000000	0.000000
-0.933497	0.879341	-0.000000	0.826520	0.000000	0.000000	0.000000	0.000000	0.000000	0.000000
-0.933497	0.879341	-0.000000	0.826520	0.000000	0.000000	0.000000	0.000000	0.000000	0.000000
-0.933497	0.879341	0.000000	0.826517	0.000000	0.000000	0.000000	0.000000	0.000000	0.000000
-0.933497	0.879341	0.000000	0.826520	0.000000	0.000000	0.000000	0.000000	0.000000	0.000000
-0.933497	0.879341	0.000000	0.826520	0.000000	0.000000	0.000000	0.000000	0.000000	0.000000
-0.933497	0.879341	0.000000	0.826520	0.000000	0.000000	0.000000	0.000000	0.000000	0.000000
-0.933497	0.879341	0.000000	0.826520	0.000000	0.000000	0.000000	0.000000	0.000000	0.000000
-0.933497	0.879341	0.000000	0.826520	0.000000	0.000000	0.000000	0.000000	0.000000	0.000000
-0.933497	0.879341	0.000000	0.826516	0.000000	0.000000	0.000000	0.000000	0.000000	0.000000
-0.933497	0.879341	-0.000000	0.826520	0.000000	0.000000	0.000000	0.000000	0.000000	0.000000
-0.933497	0.879341	-0.000000	0.826485	0.000000	0.000000	0.000000	0.000000	0.000000	0.000000
-0.933497	0.879341	-0.000000	0.826519	0.000000	0.000000	0.000000	0.000000	0.000000	0.000000
-0.933497	0.879341	0.000000	0.826517	0.000000	0.000000	0.000000	0.000000	0.000000	0.000000
-0.933497	0.879341	-0.000000	0.826520	0.000000	0.000000	0.000000	0.000000	0.000000	0.000000
-0.933497	0.879341	-0.000000	0.826520	0.000000	0.000000	0.000000	0.000000	0.000000	0.000000
-0.933497	0.879341	0.000000	0.826515	0.000000	0.000000	0.000000	0.000000	0.000000	0.000000
-0.933497	0.879341	0.000000	0.826520	0.000000	0.000000	0.000000	0.000000	0.000000	0.000000
-0.933497	0.879341	-0.000000	0.826519	0.000000	0.000000	0.000000	0.000000	0.000000	0.000000
-0.933497	0.879341	0.000000	0.826520	0.000000	0.000000	0.000000	0.000000	0.000000	0.000000
-0.933497	0.879341	0.000000	0.826520	0.000000	0.000000	0.000000	0.000000	0.000000	0.000000
-0.933497	0.879341	0.000000	0.826520	0.000000	0.000000	0.000000	0.000000	0.000000	0.000000
-0.933497	0.879341	-0.000000	0.826520	0.000000	0.000000	0.000000	0.000000	0.000000	0.000000
-0.933497	0.879341	0.000000	0.826483	0.000000	0.000000	0.000000	0.000000	0.000000	0.000000
-0.933497	0.879341	-0.000000	0.826520	0.000000	0.000000	0.000000	0.000000	0.000000	0.000000
-0.933497	0.879339	0.000000	0.826520	0.000000	0.000000	0.000000	0.000000	0.000000	0.000000
-0.933497	0.879341	0.000000	0.826520	0.000000	0.000000	0.000000	0.000000	0.000000	0.000000
-0.933497	0.879341	-0.000000	0.826520	0.000000	0.000000	0.000000	0.000000	0.000000	0.000000
-0.933497	0.879341	-0.000000	0.826515	0.000000	0.000000	0.000000	0.000000	0.000000	0.000000
-0.933497	0.879341	0.000000	0.826520	0.000000	0.000000	0.000000	0.000000	0.000000	0.000000
-0.933497	0.879341	-0.000000	0.826451	0.000000	0.000000	0.000000	0.000000	0.000000	0.000000
-0.933497	0.879341	-0.000000	0.826488	0.000000	0.000000	0.000000	0.000000	0.000000	0.000000
-0.933497	0.879341	0.000000	0.826520	0.000000	0.000000	0.000000	0.000000	0.000000	0.000000
-0.933497	0.879341	-0.000000	0.826520	0.000000	0.000000	0.000000	0.000000	0.000000	0.000000
-0.933497	0.879341	-0.000000	0.826494	0.000000	0.000000	0.000000	0.000000	0.000000	0.000000
-0.933497	0.879341	-0.000000	0.826520	0.000000	0.000000	0.000000	0.000000	0.000000	0.000000
-0.933497	0.879341	-0.000000	0.826520	0.000000	0.000000	0.000000	0.000000	0.000000	0.000000
-0.933497	0.879341	0.000000	0.826520	0.000000	0.000000	0.000000	0.000000	0.000000	0.000000
-0.933497	0.879341	0.000000	0.826519	0.000000	0.000000	0.000000	0.000000	0.000000	0.000000
-0.933497	0.879341	0.000000	0.825293	0.000000	0.000000	0.000000	0.000000	0.000000	0.000000
-0.933497	0.879341	0.000000	0.826520	0.000000	0.000000	0.000000	0.000000	0.000000	0.000000
-0.933497	0.879341	0.000000	0.826519	0.000000	0.000000	0.000000	0.000000	0.000000	0.000000
-0.933497	0.879341	-0.000000	0.826520	0.000000	0.000000	0.000000	0.000000	0.000000	0.000000
-0.933497	0.879341	-0.000000	0.826520	0.000000	0.000000	0.000000	0.000000	0.000000	0.000000
-0.933497	0.879341	0.000000	0.826520	0.000000	0.000000	0.000000	0.000000	0.000000	0.000000
-0.933497	0.879341	0.000000	0.826520	0.000000	0.000000	0.000000	0.000000	0.000000	0.000000
-0.933497	0.879341	-0.000000	0.826520	0.000000	0.000000	0.000000	0.000000	0.000000	0.000000
-0.933497	0.879341	-0.000000	0.826520	0.000000	0.000000	0.000000	0.000000	0.000000	0.000000
-0.933497	0.879341	0.000000	0.826520	0.000000	0.000000	0.000000	0.000000	0.000000	0.000000
-0.933497	0.879341	0.000000	0.826514	0.000000	0.000000	0.000000	0.000000	0.000000	0.000000
-0.933497	0.879341	-0.000000	0.826520	0.000000	0.000000	0.000000	0.000000	0.000000	0.000000
-0.933497	0.879341	0.000000	0.826520	0.000000	0.000000	0.000000	0.000000	0.000000	0.000000
-0.933497	0.879341	-0.000000	0.826520	0.000000	0.000000	0.000000	0.000000	0.000000	0.000000
-0.933497	0.879341	-0.000000	0.826520	0.000000	0.000000	0.000000	0.000000	0.000000	0.000000
-0.933497	0.879341	0.000000	0.826453	0.000000	0.000000	0.000000	0.000000	0.000000	0.000000
-0.933497	0.879341	0.000000	0.826520	0.000000	0.000000	0.000000	0.000000	0.000000	0.000000
-0.933497	0.879341	0.000000	0.826476	0.000000	0.000000	0.000000	0.000000	0.000000	0.000000
-0.933497	0.879341	-0.000000	0.826517	0.000000	0.000000	0.000000	0.000000	0.000000	0.000000
-0.933497	0.879341	-0.000000	0.826520	0.000000	0.000000	0.000000	0.000000	0.000000	0.000000
-0.933497	0.879341	-0.000000	0.821421	0.000000	0.000000	0.000000	0.000000	0.000000	0.000000
-0.933497	0.879341	0.000000	0.826520	0.000000	0.000000	0.000000	0.000000	0.000000	0.000000
-0.933497	0.879341	0.000000	0.826520	0.000000	0.000000	0.000000	0.000000	0.000000	0.000000
-0.933497	0.879341	-0.000000	0.826520	0.000000	0.000000	0.000000	0.000000	0.000000	0.000000
-0.933497	0.879341	0.000000	0.826513	0.000000	0.000000	0.000000	0.000000	0.000000	0.000000
-0.933497	0.879341	0.000000	0.826483	0.000000	0.000000	0.000000	0.000000	0.000000	0.000000
-0.933497	0.879341	0.000000	0.826520	0.000000	0.000000	0.000000	0.000000	0.000000	0.000000
-0.933497	0.879341	0.000000	0.826520	0.000000	0.000000	0.000000	0.000000	0.000000	0.000000
-0.933497	0.879341	0.000000	0.826520	0.000000	0.000000	0.000000	0.000000	0.000000	0.000000
-0.933497	0.879341	0.000000	0.826520	0.000000	0.000000	0.000000	0.000000	0.000000	0.000000
-0.933497	0.879341	0.000000	0.826500	0.000000	0.000000	0.000000	0.000000	0.000000	0.000000
-0.933497	0.879341	0.000000	0.826520	0.000000	0.000000	0.000000	0.000000	0.000000	0.000000
-0.933497	0.879341	-0.000000	0.826520	0.000000	0.000000	0.000000	0.000000	0.000000	0.000000
-0.933497	0.879341	0.000000	0.826520	0.000000	0.000000	0.000000	0.000000	0.000000	0.000000
-0.933497	0.879341	0.000000	0.826520	0.000000	0.000000	0.000000	0.000000	0.000000	0.000000
-0.933497	0.879341	-0.000000	0.621510	0.000000	0.000000	0.000000	0.000000	0.000000	0.000000
-0.933497	0.879341	-0.000000	0.826504	0.000000	0.000000	0.000000	0.000000	0.000000	0.000000
-0.933497	0.879341	-0.000000	0.826519	0.000000	0.000000	0.000000	0.000000	0.000000	0.000000
-0.933497	0.879341	-0.000000	0.826520	0.000000	0.000000	0.000000	0.000000	0.000000	0.000000
-0.933497	0.879341	0.000000	0.826520	0.000000	0.000000	0.000000	0.000000	0.000000	0.000000
-0.933497	0.879341	0.000000	0.826514	0.000000	0.000000	0.000000	0.000000	0.000000	0.000000
-0.933497	0.879341	-0.000000	0.826520	0.000000	0.000000	0.000000	0.000000	0.000000	0.000000
-0.933497	0.879341	-0.000000	0.826520	0.000000	0.000000	0.000000	0.000000	0.000000	0.000000
-0.933497	0.879341	-0.000000	0.826520	0.000000	0.000000	0.000000	0.000000	0.000000	0.000000
-0.933497	0.879341	-0.000000	0.826520	0.000000	0.000000	0.000000	0.000000	0.000000	0.000000
-0.933497	0.879341	-0.000000	0.826510	0.000000	0.000000	0.000000	0.000000	0.000000	0.000000
-0.933497	0.879341	-0.000000	0.826520	0.000000	0.000000	0.000000	0.000000	0.000000	0.000000
-0.933497	0.879341	0.000000	0.826518	0.000000	0.000000	0.000000	0.000000	0.000000	0.000000
-0.933497	0.879340	0.000000	0.826520	0.000000	0.000000	0.000000	0.000000	0.000000	0.000000
-0.933497	0.879341	0.000000	0.826520	0.000000	0.000000	0.000000	0.000000	0.000000	0.000000
-0.933497	0.879341	0.000000	0.826520	0.000000	0.000000	0.000000	0.000000	0.000000	0.000000
-0.933497	0.879341	0.000000	0.826520	0.000000	0.000000	0.000000	0.000000	0.000000	0.000000
-0.933497	0.879341	-0.000000	0.798825	0.000000	0.000000	0.000000	0.000000	0.000000	0.000000
-0.933497	0.879341	-0.000000	0.826520	0.000000	0.000000	0.000000	0.000000	0.000000	0.000000
-0.933497	0.879341	-0.000000	0.826520	0.000000	0.000000	0.000000	0.000000	0.000000	0.000000
-0.933497	0.879341	0.000000	0.826519	0.000000	0.000000	0.000000	0.000000	0.000000	0.000000
-0.933497	0.879341	0.000000	0.826520	0.000000	0.000000	0.000000	0.000000	0.000000	0.000000
-0.933497	0.879341	0.000000	0.826215	0.000000	0.000000	0.000000	0.000000	0.000000	0.000000
-0.933497	0.879341	-0.000000	0.826520	0.000000	0.000000	0.000000	0.000000	0.000000	0.000000
-0.933497	0.879340	-0.000000	0.826520	0.000000	0.000000	0.000000	0.000000	0.000000	0.000000
-0.933497	0.879341	-0.000000	0.826520	0.000000	0.000000	0.000000	0.000000	0.000000	0.000000
-0.933497	0.879341	-0.000000	0.826520	0.000000	0.000000	0.000000	0.000000	0.000000	0.000000
-0.933497	0.879341	-0.000000	0.826510	0.000000	0.000000	0.000000	0.000000	0.000000	0.000000
-0.933497	0.879341	0.000000	0.826520	0.000000	0.000000	0.000000	0.000000	0.000000	0.000000
-0.933497	0.879341	0.000000	0.826520	0.000000	0.000000	0.000000	0.000000	0.000000	0.000000
-0.933497	0.879341	-0.000000	0.826520	0.000000	0.000000	0.000000	0.000000	0.000000	0.000000
-0.933497	0.879341	0.000000	0.826520	0.000000	0.000000	0.000000	0.000000	0.000000	0.000000
-0.933497	0.879341	0.000000	0.826520	0.000000	0.000000	0.000000	0.000000	0.000000	0.000000
-0.933497	0.879341	0.000000	0.826520	0.000000	0.000000	0.000000	0.000000	0.000000	0.000000
-0.933497	0.879341	-0.000000	0.826520	0.000000	0.000000	0.000000	0.000000	0.000000	0.000000
-0.933497	0.879341	0.000000	0.826520	0.000000	0.000000	0.000000	0.000000	0.000000	0.000000
-0.933497	0.879341	-0.000000	0.826511	0.000000	0.000000	0.000000	0.000000	0.000000	0.000000
-0.933497	0.879341	0.000000	0.826520	0.000000	0.000000	0.000000	0.000000	0.000000	0.000000
-0.933497	0.879341	-0.000000	0.826520	0.000000	0.000000	0.000000	0.000000	0.000000	0.000000
-0.933497	0.879341	-0.000000	0.826520	0.000000	0.000000	0.000000	0.000000	0.000000	0.000000
-0.933497	0.879341	0.000000	0.826513	0.000000	0.000000	0.000000	0.000000	0.000000	0.000000
-0.933497	0.879341	-0.000000	0.826519	0.000000	0.000000	0.000000	0.000000	0.000000	0.000000
-0.933497	0.879341	0.000000	0.826520	0.000000	0.000000	0.000000	0.000000	0.000000	0.000000
-0.933497	0.879341	-0.000000	0.826520	0.000000	0.000000	0.000000	0.000000	0.000000	0.000000
-0.933497	0.879341	-0.000000	0.826520	0.000000	0.000000	0.000000	0.000000	0.000000	0.000000
-0.933497	0.879341	-0.000000	0.826520	0.000000	0.000000	0.000000	0.000000	0.000000	0.000000
-0.933497	0.879341	0.000000	0.826302	0.000000	0.000000	0.000000	0.000000	0.000000	0.000000
-0.933497	0.879341	0.000000	0.826518	0.000000	0.000000	0.000000	0.000000	0.000000	0.000000
-0.933497	0.879341	0.000000	0.826520	0.000000	0.000000	0.000000	0.000000	0.000000	0.000000
-0.933497	0.879341	-0.000000	0.826478	0.000000	0.000000	0.000000	0.000000	0.000000	0.000000
-0.933497	0.879341	-0.000000	0.826519	0.000000	0.000000	0.000000	0.000000	0.000000	0.000000
-0.933497	0.879341	0.000000	0.826509	0.000000	0.000000	0.000000	0.000000	0.000000	0.000000
-0.933497	0.879341	0.000000	0.826516	0.000000	0.000000	0.000000	0.000000	0.000000	0.000000
-0.933497	0.879341	-0.000000	0.826520	0.000000	0.000000	0.000000	0.000000	0.000000	0.000000
-0.933497	0.879341	-0.000000	0.826519	0.000000	0.000000	0.000000	0.000000	0.000000	0.000000
-0.933497	0.879341	0.000000	0.826519	0.000000	0.000000	0.000000	0.000000	0.000000	0.000000
-0.933497	0.879341	0.000000	0.826517	0.000000	0.000000	0.000000	0.000000	0.000000	0.000000
-0.933497	0.879341	0.000000	0.826433	0.000000	0.000000	0.000000	0.000000	0.000000	0.000000
-0.933497	0.879341	-0.000000	0.826519	0.000000	0.000000	0.000000	0.000000	0.000000	0.000000
-0.933497	0.879341	-0.000000	0.826520	0.000000	0.000000	0.000000	0.000000	0.000000	0.000000
-0.933497	0.879341	-0.000000	0.826520	0.000000	0.000000	0.000000	0.000000	0.000000	0.000000
-0.933497	0.879341	0.000000	0.826520	0.000000	0.000000	0.000000	0.000000	0.000000	0.000000
-0.933497	0.879341	0.000000	0.826520	0.000000	0.000000	0.000000	0.000000	0.000000	0.000000
-0.933497	0.879341	0.000000	0.826520	0.000000	0.000000	0.000000	0.000000	0.000000	0.000000
-0.933497	0.879341	-0.000000	0.826513	0.000000	0.000000	0.000000	0.000000	0.000000	0.000000
-0.933497	0.879331	0.000000	0.826520	0.000000	0.000000	0.000000	0.000000	0.000000	0.000000
-0.933497	0.879341	0.000000	0.826520	0.000000	0.000000	0.000000	0.000000	0.000000	0.000000
-0.933497	0.879341	0.000000	0.826520	0.000000	0.000000	0.000000	0.000000	0.000000	0.000000
-0.933497	0.879341	0.000000	0.826520	0.000000	0.000000	0.000000	0.000000	0.000000	0.000000
-0.933497	0.879341	-0.000000	0.826499	0.000000	0.000000	0.000000	0.000000	0.000000	0.000000
-0.933497	0.879341	-0.000000	0.826517	0.000000	0.000000	0.000000	0.000000	0.000000	0.000000
-0.933497	0.879341	-0.000000	0.826520	0.000000	0.000000	0.000000	0.000000	0.000000	0.000000
-0.933497	0.879341	-0.000000	0.825970	0.000000	0.000000	0.000000	0.000000	0.000000	0.000000
-0.933497	0.879341	0.000000	0.823685	0.000000	0.000000	0.000000	0.000000	0.000000	0.000000
-0.933497	0.879341	-0.000000	0.826520	0.000000	0.000000	0.000000	0.000000	0.000000	0.000000
-0.933497	0.879341	0.000000	0.826520	0.000000	0.000000	0.000000	0.000000	0.000000	0.000000
-0.933497	0.879341	0.000000	0.826520	0.000000	0.000000	0.000000	0.000000	0.000000	0.000000
-0.933497	0.879341	-0.000000	0.826517	0.000000	0.000000	0.000000	0.000000	0.000000	0.000000
-0.933497	0.879341	-0.000000	0.826520	0.000000	0.000000	0.000000	0.000000	0.000000	0.000000
-0.933497	0.879341	0.000000	0.826520	0.000000	0.000000	0.000000	0.000000	0.000000	0.000000
-0.933497	0.879341	-0.000000	0.826520	0.000000	0.000000	0.000000	0.000000	0.000000	0.000000
-0.933497	0.879341	-0.000000	0.826520	0.000000	0.000000	0.000000	0.000000	0.000000	0.000000
-0.933497	0.879341	0.000000	0.826520	0.000000	0.000000	0.000000	0.000000	0.000000	0.000000
-0.933497	0.879341	0.000000	0.826520	0.000000	0.000000	0.000000	0.000000	0.000000	0.000000
-0.933497	0.879341	0.000000	0.826520	0.000000	0.000000	0.000000	0.000000	0.000000	0.000000
-0.933497	0.879341	0.000000	0.826520	0.000000	0.000000	0.000000	0.000000	0.000000	0.000000
-0.933497	0.879341	-0.000000	0.826515	0.000000	0.000000	0.000000	0.000000	0.000000	0.000000
-0.933497	0.879341	0.000000	0.826183	0.000000	0.000000	0.000000	0.000000	0.000000	0.000000
-0.933497	0.879341	-0.000000	0.826507	0.000000	0.000000	0.000000	0.000000	0.000000	0.000000
-0.933497	0.879341	0.000000	0.826519	0.000000	0.000000	0.000000	0.000000	0.000000	0.000000
-0.933497	0.879341	-0.000000	0.818744	0.000000	0.000000	0.000000	0.000000	0.000000	0.000000
-0.933497	0.879341	-0.000000	0.826519	0.000000	0.000000	0.000000	0.000000	0.000000	0.000000
-0.933497	0.879341	0.000000	0.826512	0.000000	0.000000	0.000000	0.000000	0.000000	0.000000
-0.933497	0.879341	0.000000	0.826520	0.000000	0.000000	0.000000	0.000000	0.000000	0.000000
-0.933497	0.879341	0.000000	0.826520	0.000000	0.000000	0.000000	0.000000	0.000000	0.000000
-0.933497	0.879341	-0.000000	0.825256	0.000000	0.000000	0.000000	0.000000	0.000000	0.000000
-0.933497	0.879341	-0.000000	0.826520	0.000000	0.000000	0.000000	0.000000	0.000000	0.000000
-0.933497	0.879341	-0.000000	0.826519	0.000000	0.000000	0.000000	0.000000	0.000000	0.000000
-0.933497	0.879341	-0.000000	0.825659	0.000000	0.000000	0.000000	0.000000	0.000000	0.000000
-0.933497	0.879341	-0.000000	0.811898	0.000000	0.000000	0.000000	0.000000	0.000000	0.000000
-0.933497	0.879341	-0.000000	0.826520	0.000000	0.000000	0.000000	0.000000	0.000000	0.000000
-0.933497	0.879341	0.000000	0.826520	0.000000	0.000000	0.000000	0.000000	0.000000	0.000000
-0.933497	0.879341	0.000000	0.826520	0.000000	0.000000	0.000000	0.000000	0.000000	0.000000
-0.933497	0.879341	-0.000000	0.826520	0.000000	0.000000	0.000000	0.000000	0.000000	0.000000
-0.933497	0.879341	-0.000000	0.826519	0.000000	0.000000	0.000000	0.000000	0.000000	0.000000
-0.933497	0.879341	-0.000000	0.826519	0.000000	0.000000	0.000000	0.000000	0.000000	0.000000
-0.933497	0.879341	-0.000000	0.826343	0.000000	0.000000	0.000000	0.000000	0.000000	0.000000
-0.933497	0.879341	0.000000	0.826520	0.000000	0.000000	0.000000	0.000000	0.000000	0.000000
-0.933497	0.879341	0.000000	0.826520	0.000000	0.000000	0.000000	0.000000	0.000000	0.000000
-0.933497	0.879341	-0.000000	0.826520	0.000000	0.000000	0.000000	0.000000	0.000000	0.000000
-0.933497	0.879341	-0.000000	0.826520	0.000000	0.000000	0.000000	0.000000	0.000000	0.000000
-0.933497	0.879341	-0.000000	0.826520	0.000000	0.000000	0.000000	0.000000	0.000000	0.000000
-0.933497	0.879341	0.000000	0.826483	0.000000	0.000000	0.000000	0.000000	0.000000	0.000000
-0.933497	0.879341	-0.000000	0.826519	0.000000	0.000000	0.000000	0.000000	0.000000	0.000000
-0.933497	0.879341	-0.000000	0.826520	0.000000	0.000000	0.000000	0.000000	0.000000	0.000000
-0.933497	0.879341	0.000000	0.826437	0.000000	0.000000	0.000000	0.000000	0.000000	0.000000
-0.933497	0.879341	-0.000000	0.826511	0.000000	0.000000	0.000000	0.000000	0.000000	0.000000
-0.933497	0.879341	-0.000000	0.826520	0.000000	0.000000	0.000000	0.000000	0.000000	0.000000
-0.933497	0.879341	0.000000	0.826520	0.000000	0.000000	0.000000	0.000000	0.000000	0.000000
-0.933497	0.879341	-0.000000	0.826520	0.000000	0.000000	0.000000	0.000000	0.000000	0.000000
-0.933497	0.879341	0.000000	0.826520	0.000000	0.000000	0.000000	0.000000	0.000000	0.000000
-0.933497	0.879341	0.000000	0.826520	0.000000	0.000000	0.000000	0.000000	0.000000	0.000000
-0.933497	0.879341	0.000000	0.826520	0.000000	0.000000	0.000000	0.000000	0.000000	0.000000
-0.933497	0.879341	0.000000	0.826445	0.000000	0.000000	0.000000	0.000000	0.000000	0.000000
-0.933497	0.879341	-0.000000	0.826520	0.000000	0.000000	0.000000	0.000000	0.000000	0.000000
-0.933497	0.879341	0.000000	0.826518	0.000000	0.000000	0.000000	0.000000	0.000000	0.000000
-0.933497	0.879341	0.000000	0.826520	0.000000	0.000000	0.000000	0.000000	0.000000	0.000000
-0.933497	0.879341	-0.000000	0.826520	0.000000	0.000000	0.000000	0.000000	0.000000	0.000000
-0.933497	0.879341	0.000000	0.826520	0.000000	0.000000	0.000000	0.000000	0.000000	0.000000
-0.933497	0.879341	-0.000000	0.826520	0.000000	0.000000	0.000000	0.000000	0.000000	0.000000
-0.933497	0.879341	0.000000	0.826514	0.000000	0.000000	0.000000	0.000000	0.000000	0.000000
-0.933497	0.879341	-0.000000	0.826516	0.000000	0.000000	0.000000	0.000000	0.000000	0.000000
-0.933497	0.879341	0.000000	0.826520	0.000000	0.000000	0.000000	0.000000	0.000000	0.000000
-0.933497	0.879341	-0.000000	0.826520	0.000000	0.000000	0.000000	0.000000	0.000000	0.000000
-0.933497	0.879341	-0.000000	0.826520	0.000000	0.000000	0.000000	0.000000	0.000000	0.000000
-0.933497	0.879341	0.000000	0.826519	0.000000	0.000000	0.000000	0.000000	0.000000	0.000000
-0.933497	0.879341	-0.000000	0.826515	0.000000	0.000000	0.000000	0.000000	0.000000	0.000000
-0.933497	0.879341	0.000000	0.826519	0.000000	0.000000	0.000000	0.000000	0.000000	0.000000
-0.933497	0.879341	-0.000000	0.826505	0.000000	0.000000	0.000000	0.000000	0.000000	0.000000
-0.933497	0.879341	0.000000	0.826519	0.000000	0.000000	0.000000	0.000000	0.000000	0.000000
-0.933497	0.879341	0.000000	0.826520	0.000000	0.000000	0.000000	0.000000	0.000000	0.000000
-0.933497	0.879341	0.000000	0.826520	0.000000	0.000000	0.000000	0.000000	0.000000	0.000000
-0.933497	0.879341	0.000000	0.826520	0.000000	0.000000	0.000000	0.000000	0.000000	0.000000
-0.933497	0.879341	-0.000000	0.826520	0.000000	0.000000	0.000000	0.000000	0.000000	0.000000
-0.933497	0.879339	0.000000	0.826515	0.000000	0.000000	0.000000	0.000000	0.000000	0.000000
-0.933497	0.879341	-0.000000	0.826520	0.000000	0.000000	0.000000	0.000000	0.000000	0.000000
-0.933497	0.879341	-0.000000	0.826520	0.000000	0.000000	0.000000	0.000000	0.000000	0.000000
-0.933497	0.860952	0.000000	-0.000007	0.000000	0.000000	0.000000	0.000000	0.000000	0.000000
-0.933497	0.879341	0.000000	-0.814749	0.000000	0.000000	0.000000	0.000000	0.000000	0.000000
-0.933497	0.879341	-0.000000	-0.809724	0.000000	0.000000	0.000000	0.000000	0.000000	0.000000
-0.933497	0.879249	0.000000	-0.814749	0.000000	0.000000	0.000000	0.000000	0.000000	0.000000
-0.933497	0.879341	-0.000000	-0.814749	0.000000	0.000000	0.000000	0.000000	0.000000	0.000000
-0.933497	0.879341	-0.000000	-0.814748	0.000000	0.000000	0.000000	0.000000	0.000000	0.000000
-0.933497	0.879341	0.000000	-0.814749	0.000000	0.000000	0.000000	0.000000	0.000000	0.000000
-0.933497	0.879340	-0.000000	-0.783918	0.000000	0.000000	0.000000	0.000000	0.000000	0.000000
-0.933497	0.879341	-0.000000	-0.814749	0.000000	0.000000	0.000000	0.000000	0.000000	0.000000
-0.933497	0.879341	0.000000	-0.814747	0.000000	0.000000	0.000000	0.000000	0.000000	0.000000
-0.933497	0.879341	0.000000	-0.814748	0.000000	0.000000	0.000000	0.000000	0.000000	0.000000
-0.933497	0.879341	-0.000000	-0.814749	0.000000	0.000000	0.000000	0.000000	0.000000	0.000000
-0.933497	0.879341	0.000000	-0.814749	0.000000	0.000000	0.000000	0.000000	0.000000	0.000000
-0.933497	0.879341	0.000000	-0.814748	0.000000	0.000000	0.000000	0.000000	0.000000	0.000000
-0.933497	0.879341	0.000000	-0.814749	0.000000	0.000000	0.000000	0.000000	0.000000	0.000000
-0.933497	0.879341	-0.000000	-0.814748	0.000000	0.000000	0.000000	0.000000	0.000000	0.000000
-0.933497	0.879341	-0.000000	-0.814749	0.000000	0.000000	0.000000	0.000000	0.000000	0.000000
-0.933497	0.879341	0.000000	-0.814749	0.000000	0.000000	0.000000	0.000000	0.000000	0.000000
-0.933497	0.879341	-0.000000	-0.814748	0.000000	0.000000	0.000000	0.000000	0.000000	0.000000
-0.933497	0.879341	0.000000	-0.814749	0.000000	0.000000	0.000000	0.000000	0.000000	0.000000
-0.933497	0.879341	0.000000	-0.814749	0.000000	0.000000	0.000000	0.000000	0.000000	0.000000
-0.933497	0.879341	0.000000	-0.814748	0.000000	0.000000	0.000000	0.000000	0.000000	0.000000
-0.933497	0.879341	0.000000	-0.814749	0.000000	0.000000	0.000000	0.000000	0.000000	0.000000
-0.933497	0.879341	0.000000	-0.814748	0.000000	0.000000	0.000000	0.000000	0.000000	0.000000
-0.933497	0.879341	0.000000	-0.814749	0.000000	0.000000	0.000000	0.000000	0.000000	0.000000
-0.933497	0.879341	-0.000000	-0.814739	0.000000	0.000000	0.000000	0.000000	0.000000	0.000000
-0.933497	0.879341	0.000000	-0.814748	0.000000	0.000000	0.000000	0.000000	0.000000	0.000000
-0.933497	0.879341	-0.000000	-0.814748	0.000000	0.000000	0.000000	0.000000	0.000000	0.000000
-0.933497	0.879341	0.000000	-0.814749	0.000000	0.000000	0.000000	0.000000	0.000000	0.000000
-0.933497	0.879341	-0.000000	-0.814748	0.000000	0.000000	0.000000	0.000000	0.000000	0.000000
-0.933497	0.879341	-0.000000	-0.814718	0.000000	0.000000	0.000000	0.000000	0.000000	0.000000
-0.933497	0.879341	-0.000000	-0.814749	0.000000	0.000000	0.000000	0.000000	0.000000	0.000000
-0.933497	0.879341	0.000000	-0.814749	0.000000	0.000000	0.000000	0.000000	0.000000	0.000000
-0.933497	0.879341	0.000000	-0.814748	0.000000	0.000000	0.000000	0.000000	0.000000	0.000000
-0.933497	0.879341	-0.000000	-0.814749	0.000000	0.000000	0.000000	0.000000	0.000000	0.000000
-0.933497	0.879341	0.000000	-0.814749	0.000000	0.000000	0.000000	0.000000	0.000000	0.000000
-0.933497	0.879341	-0.000000	-0.814749	0.000000	0.000000	0.000000	0.000000	0.000000	0.000000
-0.933497	0.879341	-0.000000	-0.814748	0.000000	0.000000	0.000000	0.000000	0.000000	0.000000
-0.933497	0.879341	0.000000	-0.814749	0.000000	0.000000	0.000000	0.000000	0.000000	0.000000
-0.933497	0.879341	0.000000	-0.814749	0.000000	0.000000	0.000000	0.000000	0.000000	0.000000
-0.933497	0.879341	-0.000000	-0.813867	0.000000	0.000000	0.000000	0.000000	0.000000	0.000000
-0.933497	0.879341	-0.000000	-0.805367	0.000000	0.000000	0.000000	0.000000	0.000000	0.000000
-0.933497	0.879340	0.000000	-0.814748	0.000000	0.000000	0.000000	0.000000	0.000000	0.000000
-0.933497	0.879341	-0.000000	-0.755489	0.000000	0.000000	0.000000	0.000000	0.000000	0.000000
-0.933497	0.879340	0.000000	-0.814748	0.000000	0.000000	0.000000	0.000000	0.000000	0.000000
-0.933497	0.879341	-0.000000	-0.814749	0.000000	0.000000	0.000000	0.000000	0.000000	0.000000
-0.933497	0.879341	0.000000	-0.814749	0.000000	0.000000	0.000000	0.000000	0.000000	0.000000
-0.933497	0.879341	0.000000	-0.814662	0.000000	0.000000	0.000000	0.000000	0.000000	0.000000
-0.933497	0.879341	-0.000000	-0.814749	0.000000	0.000000	0.000000	0.000000	0.000000	0.000000
-0.933497	0.879341	-0.000000	-0.814748	0.000000	0.000000	0.000000	0.000000	0.000000	0.000000
-0.933497	0.879341	0.000000	-0.814749	0.000000	0.000000	0.000000	0.000000	0.000000	0.000000
-0.933497	0.879341	0.000000	-0.814748	0.000000	0.000000	0.000000	0.000000	0.000000	0.000000
-0.933497	0.879341	0.000000	-0.814748	0.000000	0.000000	0.000000	0.000000	0.000000	0.000000
-0.933497	0.879341	0.000000	-0.814748	0.000000	0.000000	0.000000	0.000000	0.000000	0.000000
-0.933497	0.879341	0.000000	-0.814749	0.000000	0.000000	0.000000	0.000000	0.000000	0.000000
-0.933497	0.879341	0.000000	-0.814747	0.000000	0.000000	0.000000	0.000000	0.000000	0.000000
-0.933497	0.879341	0.000000	-0.814740	0.000000	0.000000	0.000000	0.000000	0.000000	0.000000
-0.933497	0.879341	-0.000000	-0.814749	0.000000	0.000000	0.000000	0.000000	0.000000	0.000000
-0.933497	0.879341	-0.000000	-0.814253	0.000000	0.000000	0.000000	0.000000	0.000000	0.000000
-0.933497	0.879341	-0.000000	-0.814749	0.000000	0.000000	0.000000	0.000000	0.000000	0.000000
-0.933497	0.879341	0.000000	-0.814749	0.000000	0.000000	0.000000	0.000000	0.000000	0.000000
-0.933497	0.879341	-0.000000	-0.814748	0.000000	0.000000	0.000000	0.000000	0.000000	0.000000
-0.933497	0.879341	0.000000	-0.814749	0.000000	0.000000	0.000000	0.000000	0.000000	0.000000
-0.933497	0.879341	-0.000000	-0.814749	0.000000	0.000000	0.000000	0.000000	0.000000	0.000000
-0.933497	0.879341	0.000000	-0.814748	0.000000	0.000000	0.000000	0.000000	0.000000	0.000000
-0.933497	0.879341	-0.000000	-0.814737	0.000000	0.000000	0.000000	0.000000	0.000000	0.000000
-0.933497	0.879341	0.000000	-0.814748	0.000000	0.000000	0.000000	0.000000	0.000000	0.000000
-0.933497	0.879341	-0.000000	-0.814747	0.000000	0.000000	0.000000	0.000000	0.000000	0.000000
-0.933497	0.879341	-0.000000	-0.814749	0.000000	0.000000	0.000000	0.000000	0.000000	0.000000
-0.933497	0.879341	0.000000	-0.814749	0.000000	0.000000	0.000000	0.000000	0.000000	0.000000
-0.933497	0.879341	0.000000	-0.814747	0.000000	0.000000	0.000000	0.000000	0.000000	0.000000
-0.933497	0.879341	-0.000000	-0.814749	0.000000	0.000000	0.000000	0.000000	0.000000	0.000000
-0.933497	0.879341	-0.000000	-0.813529	0.000000	0.000000	0.000000	0.000000	0.000000	0.000000
-0.933497	0.879341	0.000000	-0.788640	0.000000	0.000000	0.000000	0.000000	0.000000	0.000000
-0.933497	0.879341	0.000000	-0.814749	0.000000	0.000000	0.000000	0.000000	0.000000	0.000000
-0.933497	0.879341	0.000000	-0.814748	0.000000	0.000000	0.000000	0.000000	0.000000	0.000000
-0.933497	0.879341	-0.000000	-0.814748	0.000000	0.000000	0.000000	0.000000	0.000000	0.000000
-0.933497	0.879341	-0.000000	-0.814749	0.000000	0.000000	0.000000	0.000000	0.000000	0.000000
-0.933497	0.879341	-0.000000	-0.814749	0.000000	0.000000	0.000000	0.000000	0.000000	0.000000
-0.933497	0.879341	0.000000	-0.814749	0.000000	0.000000	0.000000	0.000000	0.000000	0.000000
-0.933497	0.879341	-0.000000	-0.814749	0.000000	0.000000	0.000000	0.000000	0.000000	0.000000
-0.933497	0.879341	0.000000	-0.814749	0.000000	0.000000	0.000000	0.000000	0.000000	0.000000
-0.933497	0.879341	-0.000000	-0.814308	0.000000	0.000000	0.000000	0.000000	0.000000	0.000000
-0.933497	0.879341	0.000000	-0.814747	0.000000	0.000000	0.000000	0.000000	0.000000	0.000000
-0.933497	0.879341	0.000000	-0.814629	0.000000	0.000000	0.000000	0.000000	0.000000	0.000000
-0.933497	0.879341	0.000000	-0.814749	0.000000	0.000000	0.000000	0.000000	0.000000	0.000000
-0.933497	0.879341	0.000000	-0.814749	0.000000	0.000000	0.000000	0.000000	0.000000	0.000000
-0.933497	0.879341	0.000000	-0.814749	0.000000	0.000000	0.000000	0.000000	0.000000	0.000000
-0.933497	0.879341	0.000000	-0.814743	0.000000	0.000000	0.000000	0.000000	0.000000	0.000000
-0.933497	0.879341	0.000000	-0.806108	0.000000	0.000000	0.000000	0.000000	0.000000	0.000000
-0.933497	0.879341	0.000000	-0.814748	0.000000	0.000000	0.000000	0.000000	0.000000	0.000000
-0.933497	0.879341	-0.000000	-0.814748	0.000000	0.000000	0.000000	0.000000	0.000000	0.000000
-0.933497	0.879341	-0.000000	-0.814748	0.000000	0.000000	0.000000	0.000000	0.000000	0.000000
-0.933497	0.879341	-0.000000	-0.814748	0.000000	0.000000	0.000000	0.000000	0.000000	0.000000
-0.933497	0.879341	0.000000	-0.814746	0.000000	0.000000	0.000000	0.000000	0.000000	0.000000
-0.933497	0.879341	0.000000	-0.814748	0.000000	0.000000	0.000000	0.000000	0.000000	0.000000
-0.933497	0.879341	-0.000000	-0.814749	0.000000	0.000000	0.000000	0.000000	0.000000	0.000000
-0.933497	0.879341	0.000000	-0.813275	0.000000	0.000000	0.000000	0.000000	0.000000	0.000000
-0.933497	0.879341	-0.000000	-0.814748	0.000000	0.000000	0.000000	0.000000	0.000000	0.000000
-0.933497	0.879341	-0.000000	-0.811844	0.000000	0.000000	0.000000	0.000000	0.000000	0.000000
-0.933497	0.879341	0.000000	-0.814749	0.000000	0.000000	0.000000	0.000000	0.000000	0.000000
-0.933497	0.879341	-0.000000	-0.814748	0.000000	0.000000	0.000000	0.000000	0.000000	0.000000
-0.933497	0.879341	-0.000000	-0.814749	0.000000	0.000000	0.000000	0.000000	0.000000	0.000000
-0.933497	0.879341	0.000000	-0.814225	0.000000	0.000000	0.000000	0.000000	0.000000	0.000000
-0.933497	0.879341	0.000000	-0.814557	0.000000	0.000000	0.000000	0.000000	0.000000	0.000000
-0.933497	0.879341	0.000000	-0.814748	0.000000	0.000000	0.000000	0.000000	0.000000	0.000000
-0.933497	0.879341	-0.000000	-0.814747	0.000000	0.000000	0.000000	0.000000	0.000000	0.000000
-0.933497	0.879341	0.000000	-0.814749	0.000000	0.000000	0.000000	0.000000	0.000000	0.000000
-0.933497	0.879341	0.000000	-0.814749	0.000000	0.000000	0.000000	0.000000	0.000000	0.000000
-0.933497	0.879341	-0.000000	-0.814748	0.000000	0.000000	0.000000	0.000000	0.000000	0.000000
-0.933497	0.879341	0.000000	-0.814749	0.000000	0.000000	0.000000	0.000000	0.000000	0.000000
-0.933497	0.879341	-0.000000	-0.814749	0.000000	0.000000	0.000000	0.000000	0.000000	0.000000
-0.933497	0.879341	0.000000	-0.814749	0.000000	0.000000	0.000000	0.000000	0.000000	0.000000
-0.933497	0.879341	0.000000	-0.814749	0.000000	0.000000	0.000000	0.000000	0.000000	0.000000
-0.933497	0.879341	-0.000000	-0.814748	0.000000	0.000000	0.000000	0.000000	0.000000	0.000000
-0.933497	0.879341	-0.000000	-0.814748	0.000000	0.000000	0.000000	0.000000	0.000000	0.000000
-0.933497	0.879341	0.000000	-0.814558	0.000000	0.000000	0.000000	0.000000	0.000000	0.000000
-0.933497	0.879341	-0.000000	-0.813594	0.000000	0.000000	0.000000	0.000000	0.000000	0.000000
-0.933497	0.879341	-0.000000	-0.814748	0.000000	0.000000	0.000000	0.000000	0.000000	0.000000
-0.933497	0.879341	-0.000000	-0.814738	0.000000	0.000000	0.000000	0.000000	0.000000	0.000000
-0.933497	0.879341	0.000000	-0.814748	0.000000	0.000000	0.000000	0.000000	0.000000	0.000000
-0.933497	0.879341	0.000000	-0.814749	0.000000	0.000000	0.000000	0.000000	0.000000	0.000000
-0.933497	0.879341	-0.000000	-0.814748	0.000000	0.000000	0.000000	0.000000	0.000000	0.000000
-0.933497	0.879341	0.000000	-0.730406	0.000000	0.000000	0.000000	0.000000	0.000000	0.000000
-0.933497	0.879341	-0.000000	-0.814103	0.000000	0.000000	0.000000	0.000000	0.000000	0.000000
-0.933497	0.879341	0.000000	-0.814749	0.000000	0.000000	0.000000	0.000000	0.000000	0.000000
-0.933497	0.879341	-0.000000	-0.814749	0.000000	0.000000	0.000000	0.000000	0.000000	0.000000
-0.933497	0.879341	-0.000000	-0.814749	0.000000	0.000000	0.000000	0.000000	0.000000	0.000000
-0.933497	0.879341	-0.000000	-0.814749	0.000000	0.000000	0.000000	0.000000	0.000000	0.000000
-0.933497	0.879341	-0.000000	-0.699974	0.000000	0.000000	0.000000	0.000000	0.000000	0.000000
-0.933497	0.879341	-0.000000	-0.813760	0.000000	0.000000	0.000000	0.000000	0.000000	0.000000
-0.933497	0.879341	0.000000	-0.814749	0.000000	0.000000	0.000000	0.000000	0.000000	0.000000
-0.933497	0.879341	0.000000	-0.814748	0.000000	0.000000	0.000000	0.000000	0.000000	0.000000
-0.933497	0.879341	-0.000000	-0.814169	0.000000	0.000000	0.000000	0.000000	0.000000	0.000000
-0.933497	0.879341	-0.000000	-0.814748	0.000000	0.000000	0.000000	0.000000	0.000000	0.000000
-0.933497	0.878378	-0.000000	-0.814749	0.000000	0.000000	0.000000	0.000000	0.000000	0.000000
-0.933497	0.879341	0.000000	-0.814210	0.000000	0.000000	0.000000	0.000000	0.000000	0.000000
-0.933497	0.879341	-0.000000	-0.814747	0.000000	0.000000	0.000000	0.000000	0.000000	0.000000
-0.933497	0.879341	-0.000000	-0.814743	0.000000	0.000000	0.000000	0.000000	0.000000	0.000000
-0.933497	0.879341	0.000000	-0.814749	0.000000	0.000000	0.000000	0.000000	0.000000	0.000000
-0.933497	0.879341	-0.000000	-0.814749	0.000000	0.000000	0.000000	0.000000	0.000000	0.000000
-0.933497	0.879341	0.000000	-0.814748	0.000000	0.000000	0.000000	0.000000	0.000000	0.000000
-0.933497	0.879341	0.000000	-0.814747	0.000000	0.000000	0.000000	0.000000	0.000000	0.000000
-0.933497	0.879341	0.000000	-0.814748	0.000000	0.000000	0.000000	0.000000	0.000000	0.000000
-0.933497	0.879341	0.000000	-0.812916	0.000000	0.000000	0.000000	0.000000	0.000000	0.000000
-0.933497	0.872552	0.000000	-0.814721	0.000000	0.000000	0.000000	0.000000	0.000000	0.000000
-0.933497	0.879341	-0.000000	-0.814747	0.000000	0.000000	0.000000	0.000000	0.000000	0.000000
-0.933497	0.879341	0.000000	-0.814749	0.000000	0.000000	0.000000	0.000000	0.000000	0.000000
-0.933497	0.879341	0.000000	-0.814749	0.000000	0.000000	0.000000	0.000000	0.000000	0.000000
-0.933497	0.879341	0.000000	-0.814749	0.000000	0.000000	0.000000	0.000000	0.000000	0.000000
-0.933497	0.879341	0.000000	-0.814729	0.000000	0.000000	0.000000	0.000000	0.000000	0.000000
-0.933497	0.879341	0.000000	-0.814747	0.000000	0.000000	0.000000	0.000000	0.000000	0.000000
-0.933497	0.879341	-0.000000	-0.814749	0.000000	0.000000	0.000000	0.000000	0.000000	0.000000
-0.933497	0.879341	-0.000000	-0.814749	0.000000	0.000000	0.000000	0.000000	0.000000	0.000000
-0.933497	0.879341	-0.000000	-0.814680	0.000000	0.000000	0.000000	0.000000	0.000000	0.000000
-0.933497	0.879341	0.000000	-0.814749	0.000000	0.000000	0.000000	0.000000	0.000000	0.000000
-0.933497	0.879341	-0.000000	-0.814749	0.000000	0.000000	0.000000	0.000000	0.000000	0.000000
-0.933497	0.879341	0.000000	-0.814749	0.000000	0.000000	0.000000	0.000000	0.000000	0.000000
-0.933497	0.879340	-0.000000	-0.814745	0.000000	0.000000	0.000000	0.000000	0.000000	0.000000
-0.933497	0.879341	0.000000	-0.814597	0.000000	0.000000	0.000000	0.000000	0.000000	0.000000
-0.933497	0.879341	-0.000000	-0.812296	0.000000	0.000000	0.000000	0.000000	0.000000	0.000000
-0.933497	0.879340	0.000000	-0.814749	0.000000	0.000000	0.000000	0.000000	0.000000	0.000000
-0.933497	0.879341	-0.000000	-0.814748	0.000000	0.000000	0.000000	0.000000	0.000000	0.000000
-0.933497	0.879341	0.000000	-0.814749	0.000000	0.000000	0.000000	0.000000	0.000000	0.000000
-0.933497	0.879341	-0.000000	-0.814749	0.000000	0.000000	0.000000	0.000000	0.000000	0.000000
-0.933497	0.879341	-0.000000	-0.814749	0.000000	0.000000	0.000000	0.000000	0.000000	0.000000
-0.933497	0.879341	-0.000000	-0.814547	0.000000	0.000000	0.000000	0.000000	0.000000	0.000000
-0.933497	0.879341	0.000000	-0.814749	0.000000	0.000000	0.000000	0.000000	0.000000	0.000000
-0.933497	0.879341	0.000000	-0.814743	0.000000	0.000000	0.000000	0.000000	0.000000	0.000000
-0.933497	0.879341	0.000000	-0.814748	0.000000	0.000000	0.000000	0.000000	0.000000	0.000000
-0.933497	0.879341	-0.000000	-0.814749	0.000000	0.000000	0.000000	0.000000	0.000000	0.000000
-0.933497	0.879341	0.000000	-0.814746	0.000000	0.000000	0.000000	0.000000	0.000000	0.000000
-0.933497	0.879341	-0.000000	-0.814735	0.000000	0.000000	0.000000	0.000000	0.000000	0.000000
-0.933497	0.879341	-0.000000	-0.814749	0.000000	0.000000	0.000000	0.000000	0.000000	0.000000
-0.933497	0.879341	0.000000	-0.814743	0.000000	0.000000	0.000000	0.000000	0.000000	0.000000
-0.933497	0.879341	-0.000000	-0.814748	0.000000	0.000000	0.000000	0.000000	0.000000	0.000000
-0.933497	0.879341	0.000000	-0.814748	0.000000	0.000000	0.000000	0.000000	0.000000	0.000000
-0.933497	0.879341	0.000000	-0.814727	0.000000	0.000000	0.000000	0.000000	0.000000	0.000000
-0.933497	0.879341	0.000000	-0.795082	0.000000	0.000000	0.000000	0.000000	0.000000	0.000000
-0.933497	0.879341	-0.000000	-0.814749	0.000000	0.000000	0.000000	0.000000	0.000000	0.000000
-0.933497	0.879341	0.000000	-0.814749	0.000000	0.000000	0.000000	0.000000	0.000000	0.000000
-0.933497	0.879341	-0.000000	-0.814749	0.000000	0.000000	0.000000	0.000000	0.000000	0.000000
-0.933497	0.879341	0.000000	-0.814722	0.000000	0.000000	0.000000	0.000000	0.000000	0.000000
-0.933497	0.879341	0.000000	-0.814749	0.000000	0.000000	0.000000	0.000000	0.000000	0.000000
-0.933497	0.879341	-0.000000	-0.814748	0.000000	0.000000	0.000000	0.000000	0.000000	0.000000
-0.933497	0.879341	-0.000000	-0.814746	0.000000	0.000000	0.000000	0.000000	0.000000	0.000000
-0.933497	0.879341	0.000000	-0.814749	0.000000	0.000000	0.000000	0.000000	0.000000	0.000000
-0.933497	0.879341	-0.000000	-0.814749	0.000000	0.000000	0.000000	0.000000	0.000000	0.000000
-0.933497	0.879341	0.000000	-0.814749	0.000000	0.000000	0.000000	0.000000	0.000000	0.000000
-0.933497	0.879341	-0.000000	-0.814747	0.000000	0.000000	0.000000	0.000000	0.000000	0.000000
-0.933497	0.879341	0.000000	-0.814749	0.000000	0.000000	0.000000	0.000000	0.000000	0.000000
-0.933497	0.879341	-0.000000	-0.814740	0.000000	0.000000	0.000000	0.000000	0.000000	0.000000
-0.933497	0.879341	-0.000000	-0.814749	0.000000	0.000000	0.000000	0.000000	0.000000	0.000000
-0.933497	0.879339	0.000000	-0.813109	0.000000	0.000000	0.000000	0.000000	0.000000	0.000000
-0.933497	0.879341	0.000000	-0.814749	0.000000	0.000000	0.000000	0.000000	0.000000	0.000000
-0.933497	0.879341	-0.000000	-0.679918	0.000000	0.000000	0.000000	0.000000	0.000000	0.000000
-0.933497	0.879341	-0.000000	-0.814749	0.000000	0.000000	0.000000	0.000000	0.000000	0.000000
-0.933497	0.879340	0.000000	-0.814748	0.000000	0.000000	0.000000	0.000000	0.000000	0.000000
-0.933497	0.879341	0.000000	-0.814749	0.000000	0.000000	0.000000	0.000000	0.000000	0.000000
-0.933497	0.879341	-0.000000	-0.814749	0.000000	0.000000	0.000000	0.000000	0.000000	0.000000
-0.933497	0.879341	0.000000	-0.814749	0.000000	0.000000	0.000000	0.000000	0.000000	0.000000
-0.933497	0.879341	-0.000000	-0.814749	0.000000	0.000000	0.000000	0.000000	0.000000	0.000000
-0.933497	0.879341	-0.000000	-0.814749	0.000000	0.000000	0.000000	0.000000	0.000000	0.000000
-0.933497	0.879341	0.000000	-0.814748	0.000000	0.000000	0.000000	0.000000	0.000000	0.000000
-0.933497	0.879341	0.000000	-0.814749	0.000000	0.000000	0.000000	0.000000	0.000000	0.000000
-0.933497	0.879341	0.000000	-0.814690	0.000000	0.000000	0.000000	0.000000	0.000000	0.000000
-0.933497	0.879341	0.000000	-0.814749	0.000000	0.000000	0.000000	0.000000	0.000000	0.000000
-0.933497	0.879341	-0.000000	-0.814749	0.000000	0.000000	0.000000	0.000000	0.000000	0.000000
-0.933497	0.879341	-0.000000	-0.814749	0.000000	0.000000	0.000000	0.000000	0.000000	0.000000
-0.933497	0.879341	-0.000000	-0.814742	0.000000	0.000000	0.000000	0.000000	0.000000	0.000000
-0.933497	0.879341	0.000000	-0.814749	0.000000	0.000000	0.000000	0.000000	0.000000	0.000000
-0.933497	0.879341	0.000000	-0.814748	0.000000	0.000000	0.000000	0.000000	0.000000	0.000000
-0.933497	0.879341	0.000000	-0.814749	0.000000	0.000000	0.000000	0.000000	0.000000	0.000000
-0.933497	0.879341	-0.000000	-0.814749	0.000000	0.000000	0.000000	0.000000	0.000000	0.000000
-0.933497	0.879309	-0.000000	-0.814749	0.000000	0.000000	0.000000	0.000000	0.000000	0.000000
-0.933497	0.879341	-0.000000	-0.814749	0.000000	0.000000	0.000000	0.000000	0.000000	0.000000
-0.933497	0.879341	0.000000	-0.814573	0.000000	0.000000	0.000000	0.000000	0.000000	0.000000
-0.933497	0.879341	0.000000	-0.814748	0.000000	0.000000	0.000000	0.000000	0.000000	0.000000
-0.933497	0.879341	0.000000	-0.814748	0.000000	0.000000	0.000000	0.000000	0.000000	0.000000
-0.933497	0.879341	-0.000000	-0.814749	0.000000	0.000000	0.000000	0.000000	0.000000	0.000000
-0.933497	0.879341	0.000000	-0.814749	0.000000	0.000000	0.000000	0.000000	0.000000	0.000000
-0.933497	0.879341	-0.000000	-0.814749	0.000000	0.000000	0.000000	0.000000	0.000000	0.000000
-0.933497	0.879336	-0.000000	-0.814749	0.000000	0.000000	0.000000	0.000000	0.000000	0.000000
-0.933497	0.879341	0.000000	-0.814749	0.000000	0.000000	0.000000	0.000000	0.000000	0.000000
-0.933497	0.879341	0.000000	-0.814749	0.000000	0.000000	0.000000	0.000000	0.000000	0.000000
-0.933497	0.879341	0.000000	-0.814748	0.000000	0.000000	0.000000	0.000000	0.000000	0.000000
-0.933497	0.879341	0.000000	-0.814736	0.000000	0.000000	0.000000	0.000000	0.000000	0.000000
-0.933497	0.879341	0.000000	-0.814749	0.000000	0.000000	0.000000	0.000000	0.000000	0.000000
-0.933497	0.879341	-0.000000	-0.814747	0.000000	0.000000	0.000000	0.000000	0.000000	0.000000
-0.933497	0.879341	-0.000000	-0.814749	0.000000	0.000000	0.000000	0.000000	0.000000	0.000000
-0.933497	0.879341	0.000000	-0.814748	0.000000	0.000000	0.000000	0.000000	0.000000	0.000000
-0.933497	0.879341	0.000000	-0.814748	0.000000	0.000000	0.000000	0.000000	0.000000	0.000000
-0.933497	0.879341	-0.000000	-0.814749	0.000000	0.000000	0.000000	0.000000	0.000000	0.000000
-0.933497	0.879341	0.000000	-0.814743	0.000000	0.000000	0.000000	0.000000	0.000000	0.000000
-0.933497	0.879341	0.000000	-0.814748	0.000000	0.000000	0.000000	0.000000	0.000000	0.000000
-0.933497	0.879341	0.000000	-0.814749	0.000000	0.000000	0.000000	0.000000	0.000000	0.000000
-0.933497	0.879341	-0.000000	-0.814748	0.000000	0.000000	0.000000	0.000000	0.000000	0.000000
-0.933497	0.879341	-0.000000	-0.814749	0.000000	0.000000	0.000000	0.000000	0.000000	0.000000
-0.933497	0.879341	0.000000	-0.814745	0.000000	0.000000	0.000000	0.000000	0.000000	0.000000
-0.933497	0.879341	-0.000000	-0.814748	0.000000	0.000000	0.000000	0.000000	0.000000	0.000000
-0.933497	0.879341	-0.000000	-0.814747	0.000000	0.000000	0.000000	0.000000	0.000000	0.000000
-0.933497	0.879341	-0.000000	-0.814748	0.000000	0.000000	0.000000	0.000000	0.000000	0.000000
-0.933497	0.879341	0.000000	-0.814749	0.000000	0.000000	0.000000	0.000000	0.000000	0.000000
-0.933497	0.879341	0.000000	-0.814749	0.000000	0.000000	0.000000	0.000000	0.000000	0.000000
-0.933497	0.879341	0.000000	-0.814745	0.000000	0.000000	0.000000	0.000000	0.000000	0.000000
-0.933497	0.879341	0.000000	-0.813012	0.000000	0.000000	0.000000	0.000000	0.000000	0.000000
-0.933497	0.879341	0.000000	-0.814749	0.000000	0.000000	0.000000	0.000000	0.000000	0.000000
-0.933497	0.879341	-0.000000	-0.814749	0.000000	0.000000	0.000000	0.000000	0.000000	0.000000
-0.933497	0.879341	-0.000000	-0.814748	0.000000	0.000000	0.000000	0.000000	0.000000	0.000000
-0.933497	0.879341	0.000000	-0.814749	0.000000	0.000000	0.000000	0.000000	0.000000	0.000000
