-0.996494	0.845565	-0.753490	-0.797746	0.000000	0.000000	0.000000	0.000000	0.000000	0.000000
-0.996498	0.845566	-0.767651	-0.793458	0.000000	0.000000	0.000000	0.000000	0.000000	0.000000
-0.996500	0.845565	-0.767552	-0.796935	0.000000	0.000000	0.000000	0.000000	0.000000	0.000000
-0.996514	0.845565	-0.768125	-0.797752	0.000000	0.000000	0.000000	0.000000	0.000000	0.000000
-0.996501	0.845566	-0.768125	-0.797752	0.000000	0.000000	0.000000	0.000000	0.000000	0.000000
-0.996504	0.845566	-0.766824	-0.794379	0.000000	0.000000	0.000000	0.000000	0.000000	0.000000
-0.996497	0.845566	-0.767639	-0.630666	0.000000	0.000000	0.000000	0.000000	0.000000	0.000000
-0.996489	0.845565	-0.767615	-0.795623	0.000000	0.000000	0.000000	0.000000	0.000000	0.000000
-0.996522	0.845566	-0.764466	-0.789886	0.000000	0.000000	0.000000	0.000000	0.000000	0.000000
-0.996522	0.845565	-0.721262	-0.792325	0.000000	0.000000	0.000000	0.000000	0.000000	0.000000
-0.996488	0.845565	-0.768032	-0.796692	0.000000	0.000000	0.000000	0.000000	0.000000	0.000000
-0.996509	0.845566	-0.731411	-0.796950	0.000000	0.000000	0.000000	0.000000	0.000000	0.000000
-0.996505	0.845565	-0.768101	-0.797442	0.000000	0.000000	0.000000	0.000000	0.000000	0.000000
-0.996503	0.845565	-0.768125	-0.792695	0.000000	0.000000	0.000000	0.000000	0.000000	0.000000
-0.996505	0.845565	-0.757517	-0.797593	0.000000	0.000000	0.000000	0.000000	0.000000	0.000000
-0.996509	0.845565	-0.768125	-0.797719	0.000000	0.000000	0.000000	0.000000	0.000000	0.000000
-0.996511	0.845565	-0.768047	-0.718924	0.000000	0.000000	0.000000	0.000000	0.000000	0.000000
-0.996526	0.845564	-0.768004	-0.797733	0.000000	0.000000	0.000000	0.000000	0.000000	0.000000
-0.996512	0.845566	-0.768095	-0.797752	0.000000	0.000000	0.000000	0.000000	0.000000	0.000000
-0.996485	0.845565	-0.767372	-0.797752	0.000000	0.000000	0.000000	0.000000	0.000000	0.000000
-0.996504	0.845565	-0.768125	-0.796753	0.000000	0.000000	0.000000	0.000000	0.000000	0.000000
-0.996509	0.845566	-0.767753	-0.797752	0.000000	0.000000	0.000000	0.000000	0.000000	0.000000
-0.996496	0.845566	-0.767656	-0.797565	0.000000	0.000000	0.000000	0.000000	0.000000	0.000000
-0.996512	0.845566	-0.768124	-0.797707	0.000000	0.000000	0.000000	0.000000	0.000000	0.000000
-0.996521	0.845565	-0.767931	-0.797342	0.000000	0.000000	0.000000	0.000000	0.000000	0.000000
-0.996498	0.845565	-0.767252	-0.797737	0.000000	0.000000	0.000000	0.000000	0.000000	0.000000
-0.996508	0.845565	-0.768124	-0.792302	0.000000	0.000000	0.000000	0.000000	0.000000	0.000000
-0.996507	0.845566	-0.768119	-0.797748	0.000000	0.000000	0.000000	0.000000	0.000000	0.000000
-0.996503	0.845565	-0.768125	-0.797746	0.000000	0.000000	0.000000	0.000000	0.000000	0.000000
-0.996504	0.845566	-0.768076	-0.796124	0.000000	0.000000	0.000000	0.000000	0.000000	0.000000
-0.996504	0.845565	-0.768109	-0.797737	0.000000	0.000000	0.000000	0.000000	0.000000	0.000000
-0.996502	0.845566	-0.621710	-0.797752	0.000000	0.000000	0.000000	0.000000	0.000000	0.000000
-0.996500	0.845565	-0.768119	-0.782327	0.000000	0.000000	0.000000	0.000000	0.000000	0.000000
-0.996508	0.845566	-0.768096	-0.795817	0.000000	0.000000	0.000000	0.000000	0.000000	0.000000
-0.996498	0.845566	-0.728210	-0.797751	0.000000	0.000000	0.000000	0.000000	0.000000	0.000000
-0.996509	0.845565	-0.767923	-0.797713	0.000000	0.000000	0.000000	0.000000	0.000000	0.000000
-0.996511	0.845565	-0.767983	-0.797679	0.000000	0.000000	0.000000	0.000000	0.000000	0.000000
-0.996500	0.845566	-0.768069	-0.761225	0.000000	0.000000	0.000000	0.000000	0.000000	0.000000
-0.996509	0.845566	-0.768117	-0.797748	0.000000	0.000000	0.000000	0.000000	0.000000	0.000000
-0.996509	0.845565	-0.768064	-0.797750	0.000000	0.000000	0.000000	0.000000	0.000000	0.000000
-0.996507	0.845565	-0.760981	-0.797738	0.000000	0.000000	0.000000	0.000000	0.000000	0.000000
-0.996515	0.845565	-0.761639	-0.797561	0.000000	0.000000	0.000000	0.000000	0.000000	0.000000
-0.996497	0.845566	-0.760992	-0.797752	0.000000	0.000000	0.000000	0.000000	0.000000	0.000000
-0.996518	0.845565	-0.766425	-0.797744	0.000000	0.000000	0.000000	0.000000	0.000000	0.000000
-0.996491	0.845566	-0.767040	-0.797741	0.000000	0.000000	0.000000	0.000000	0.000000	0.000000
-0.996511	0.845566	-0.767962	-0.797752	0.000000	0.000000	0.000000	0.000000	0.000000	0.000000
-0.996503	0.845566	-0.768098	-0.797752	0.000000	0.000000	0.000000	0.000000	0.000000	0.000000
-0.996509	0.845565	-0.768123	-0.796664	0.000000	0.000000	0.000000	0.000000	0.000000	0.000000
-0.996496	0.845565	-0.768125	-0.793183	0.000000	0.000000	0.000000	0.000000	0.000000	0.000000
-0.996512	0.845565	-0.768055	-0.797423	0.000000	0.000000	0.000000	0.000000	0.000000	0.000000
-0.996503	0.845565	-0.767672	-0.797716	0.000000	0.000000	0.000000	0.000000	0.000000	0.000000
-0.996499	0.845565	-0.768122	-0.797739	0.000000	0.000000	0.000000	0.000000	0.000000	0.000000
-0.996511	0.845541	-0.756775	-0.797682	0.000000	0.000000	0.000000	0.000000	0.000000	0.000000
-0.996512	0.845566	-0.768073	-0.797709	0.000000	0.000000	0.000000	0.000000	0.000000	0.000000
-0.996499	0.845566	-0.768125	-0.797697	0.000000	0.000000	0.000000	0.000000	0.000000	0.000000
-0.996512	0.845566	-0.768122	-0.796936	0.000000	0.000000	0.000000	0.000000	0.000000	0.000000
-0.996514	0.845566	-0.768124	-0.797751	0.000000	0.000000	0.000000	0.000000	0.000000	0.000000
-0.996512	0.845566	-0.766003	-0.797751	0.000000	0.000000	0.000000	0.000000	0.000000	0.000000
-0.996517	0.845565	-0.761271	-0.797649	0.000000	0.000000	0.000000	0.000000	0.000000	0.000000
-0.996514	0.845566	-0.767531	-0.797747	0.000000	0.000000	0.000000	0.000000	0.000000	0.000000
-0.996507	0.845565	-0.767546	-0.797557	0.000000	0.000000	0.000000	0.000000	0.000000	0.000000
-0.996517	0.845565	-0.767906	-0.797501	0.000000	0.000000	0.000000	0.000000	0.000000	0.000000
-0.996518	0.845566	-0.767423	-0.797751	0.000000	0.000000	0.000000	0.000000	0.000000	0.000000
-0.996500	0.845566	-0.767862	-0.797750	0.000000	0.000000	0.000000	0.000000	0.000000	0.000000
-0.996514	0.845566	-0.768082	-0.797752	0.000000	0.000000	0.000000	0.000000	0.000000	0.000000
-0.996513	0.845565	-0.763745	-0.796784	0.000000	0.000000	0.000000	0.000000	0.000000	0.000000
-0.996518	0.845566	-0.768121	-0.795389	0.000000	0.000000	0.000000	0.000000	0.000000	0.000000
-0.996509	0.845565	-0.768116	-0.797443	0.000000	0.000000	0.000000	0.000000	0.000000	0.000000
-0.996501	0.845565	-0.766086	-0.797740	0.000000	0.000000	0.000000	0.000000	0.000000	0.000000
-0.996494	0.845566	-0.768110	-0.797752	0.000000	0.000000	0.000000	0.000000	0.000000	0.000000
-0.996504	0.845566	-0.766776	-0.796477	0.000000	0.000000	0.000000	0.000000	0.000000	0.000000
-0.996508	0.845566	-0.764727	-0.794573	0.000000	0.000000	0.000000	0.000000	0.000000	0.000000
-0.996511	0.845565	-0.767476	-0.794996	0.000000	0.000000	0.000000	0.000000	0.000000	0.000000
-0.996501	0.845566	-0.767136	-0.797720	0.000000	0.000000	0.000000	0.000000	0.000000	0.000000
-0.996518	0.845566	-0.765024	-0.794650	0.000000	0.000000	0.000000	0.000000	0.000000	0.000000
-0.996512	0.845566	-0.761058	-0.797679	0.000000	0.000000	0.000000	0.000000	0.000000	0.000000
-0.996518	0.845565	-0.768118	-0.797374	0.000000	0.000000	0.000000	0.000000	0.000000	0.000000
-0.996514	0.845566	-0.767796	-0.790250	0.000000	0.000000	0.000000	0.000000	0.000000	0.000000
-0.996508	0.845565	-0.768125	-0.797427	0.000000	0.000000	0.000000	0.000000	0.000000	0.000000
-0.996515	0.845565	-0.768123	-0.797627	0.000000	0.000000	0.000000	0.000000	0.000000	0.000000
-0.996490	0.845566	-0.768124	-0.797216	0.000000	0.000000	0.000000	0.000000	0.000000	0.000000
-0.996503	0.845564	-0.767351	-0.797752	0.000000	0.000000	0.000000	0.000000	0.000000	0.000000
-0.996506	0.845565	-0.768123	-0.797752	0.000000	0.000000	0.000000	0.000000	0.000000	0.000000
-0.996504	0.845565	-0.768121	-0.797642	0.000000	0.000000	0.000000	0.000000	0.000000	0.000000
-0.996505	0.845566	-0.768103	-0.794490	0.000000	0.000000	0.000000	0.000000	0.000000	0.000000
-0.996493	0.845565	-0.768105	-0.797655	0.000000	0.000000	0.000000	0.000000	0.000000	0.000000
-0.996510	0.845566	-0.768125	-0.797741	0.000000	0.000000	0.000000	0.000000	0.000000	0.000000
-0.996508	0.845565	-0.768125	-0.796889	0.000000	0.000000	0.000000	0.000000	0.000000	0.000000
-0.996525	0.845566	-0.767550	-0.793013	0.000000	0.000000	0.000000	0.000000	0.000000	0.000000
-0.996507	0.845565	-0.767286	-0.792589	0.000000	0.000000	0.000000	0.000000	0.000000	0.000000
-0.996500	0.845565	-0.768122	-0.797750	0.000000	0.000000	0.000000	0.000000	0.000000	0.000000
-0.996518	0.845566	-0.768099	-0.797749	0.000000	0.000000	0.000000	0.000000	0.000000	0.000000
-0.996500	0.845565	-0.756727	-0.795010	0.000000	0.000000	0.000000	0.000000	0.000000	0.000000
-0.996521	0.845565	-0.628246	-0.797748	0.000000	0.000000	0.000000	0.000000	0.000000	0.000000
-0.996495	0.845565	-0.768033	-0.797752	0.000000	0.000000	0.000000	0.000000	0.000000	0.000000
-0.996510	0.845565	-0.768026	-0.797068	0.000000	0.000000	0.000000	0.000000	0.000000	0.000000
-0.996508	0.845566	-0.767600	-0.797742	0.000000	0.000000	0.000000	0.000000	0.000000	0.000000
-0.996498	0.845565	-0.768057	-0.797413	0.000000	0.000000	0.000000	0.000000	0.000000	0.000000
-0.996517	0.845566	-0.768125	-0.797746	0.000000	0.000000	0.000000	0.000000	0.000000	0.000000
-0.996505	0.845565	-0.767950	-0.797747	0.000000	0.000000	0.000000	0.000000	0.000000	0.000000
-0.996509	0.845566	-0.766222	-0.795528	0.000000	0.000000	0.000000	0.000000	0.000000	0.000000
-0.996529	0.845565	-0.751654	-0.797737	0.000000	0.000000	0.000000	0.000000	0.000000	0.000000
-0.996512	0.845565	-0.768111	-0.797440	0.000000	0.000000	0.000000	0.000000	0.000000	0.000000
-0.996496	0.845565	-0.765661	-0.796288	0.000000	0.000000	0.000000	0.000000	0.000000	0.000000
-0.996513	0.845566	-0.768116	-0.797752	0.000000	0.000000	0.000000	0.000000	0.000000	0.000000
-0.996506	0.845566	-0.768119	-0.797749	0.000000	0.000000	0.000000	0.000000	0.000000	0.000000
-0.996521	0.845565	-0.766934	-0.792865	0.000000	0.000000	0.000000	0.000000	0.000000	0.000000
-0.996510	0.845566	-0.767999	-0.797743	0.000000	0.000000	0.000000	0.000000	0.000000	0.000000
-0.996505	0.845565	-0.768115	-0.797748	0.000000	0.000000	0.000000	0.000000	0.000000	0.000000
-0.996510	0.845566	-0.765810	-0.797646	0.000000	0.000000	0.000000	0.000000	0.000000	0.000000
-0.996505	0.845565	-0.768125	-0.797743	0.000000	0.000000	0.000000	0.000000	0.000000	0.000000
-0.996486	0.845565	-0.768122	-0.797667	0.000000	0.000000	0.000000	0.000000	0.000000	0.000000
-0.996512	0.845566	-0.768091	-0.797747	0.000000	0.000000	0.000000	0.000000	0.000000	0.000000
-0.996512	0.845566	-0.758162	-0.797733	0.000000	0.000000	0.000000	0.000000	0.000000	0.000000
-0.996510	0.845565	-0.767297	-0.797713	0.000000	0.000000	0.000000	0.000000	0.000000	0.000000
-0.996501	0.845566	-0.728221	-0.797742	0.000000	0.000000	0.000000	0.000000	0.000000	0.000000
-0.996510	0.845565	-0.768070	-0.797637	0.000000	0.000000	0.000000	0.000000	0.000000	0.000000
-0.996508	0.845565	-0.768124	-0.797566	0.000000	0.000000	0.000000	0.000000	0.000000	0.000000
-0.996522	0.845566	-0.768040	-0.797750	0.000000	0.000000	0.000000	0.000000	0.000000	0.000000
-0.996510	0.845565	-0.768122	-0.797736	0.000000	0.000000	0.000000	0.000000	0.000000	0.000000
-0.996506	0.845566	-0.768125	-0.797749	0.000000	0.000000	0.000000	0.000000	0.000000	0.000000
-0.996514	0.845565	-0.768120	-0.797743	0.000000	0.000000	0.000000	0.000000	0.000000	0.000000
-0.996518	0.845565	-0.768081	-0.797738	0.000000	0.000000	0.000000	0.000000	0.000000	0.000000
-0.996522	0.845566	-0.768125	-0.797727	0.000000	0.000000	0.000000	0.000000	0.000000	0.000000
-0.996501	0.845565	-0.767859	-0.797725	0.000000	0.000000	0.000000	0.000000	0.000000	0.000000
-0.996512	0.845566	-0.768113	-0.795423	0.000000	0.000000	0.000000	0.000000	0.000000	0.000000
-0.996520	0.845566	-0.768106	-0.797564	0.000000	0.000000	0.000000	0.000000	0.000000	0.000000
-0.996509	0.845566	-0.768119	-0.772027	0.000000	0.000000	0.000000	0.000000	0.000000	0.000000
-0.996517	0.845565	-0.760522	-0.788285	0.000000	0.000000	0.000000	0.000000	0.000000	0.000000
-0.996501	0.845565	-0.768125	-0.797749	0.000000	0.000000	0.000000	0.000000	0.000000	0.000000
-0.996504	0.845565	-0.767756	-0.797752	0.000000	0.000000	0.000000	0.000000	0.000000	0.000000
-0.996495	0.845566	-0.768092	-0.767436	0.000000	0.000000	0.000000	0.000000	0.000000	0.000000
-0.996509	0.845565	-0.768121	-0.797738	0.000000	0.000000	0.000000	0.000000	0.000000	0.000000
-0.996516	0.845566	-0.639188	-0.797741	0.000000	0.000000	0.000000	0.000000	0.000000	0.000000
-0.996518	0.845564	-0.767410	-0.796652	0.000000	0.000000	0.000000	0.000000	0.000000	0.000000
-0.996513	0.845565	-0.768124	-0.797729	0.000000	0.000000	0.000000	0.000000	0.000000	0.000000
-0.996513	0.845566	-0.728813	-0.797456	0.000000	0.000000	0.000000	0.000000	0.000000	0.000000
-0.996514	0.845566	-0.768124	-0.797727	0.000000	0.000000	0.000000	0.000000	0.000000	0.000000
-0.996514	0.845565	-0.768125	-0.797737	0.000000	0.000000	0.000000	0.000000	0.000000	0.000000
-0.996511	0.845566	-0.768055	-0.797750	0.000000	0.000000	0.000000	0.000000	0.000000	0.000000
-0.996520	0.845565	-0.768125	-0.797752	0.000000	0.000000	0.000000	0.000000	0.000000	0.000000
-0.996512	0.845565	-0.767290	-0.797735	0.000000	0.000000	0.000000	0.000000	0.000000	0.000000
-0.996501	0.845566	-0.768125	-0.797748	0.000000	0.000000	0.000000	0.000000	0.000000	0.000000
-0.996503	0.845566	-0.689240	-0.797723	0.000000	0.000000	0.000000	0.000000	0.000000	0.000000
-0.996517	0.845565	-0.768006	-0.771351	0.000000	0.000000	0.000000	0.000000	0.000000	0.000000
-0.996520	0.845566	-0.754196	-0.797749	0.000000	0.000000	0.000000	0.000000	0.000000	0.000000
-0.996513	0.845566	-0.767577	-0.765932	0.000000	0.000000	0.000000	0.000000	0.000000	0.000000
-0.996488	0.845566	-0.768078	-0.797650	0.000000	0.000000	0.000000	0.000000	0.000000	0.000000
-0.996500	0.845566	-0.766651	-0.797745	0.000000	0.000000	0.000000	0.000000	0.000000	0.000000
-0.996513	0.845565	-0.768123	-0.797704	0.000000	0.000000	0.000000	0.000000	0.000000	0.000000
-0.996499	0.845566	-0.768079	-0.793660	0.000000	0.000000	0.000000	0.000000	0.000000	0.000000
-0.996499	0.845566	-0.768034	-0.797658	0.000000	0.000000	0.000000	0.000000	0.000000	0.000000
-0.996516	0.845565	-0.768125	-0.797701	0.000000	0.000000	0.000000	0.000000	0.000000	0.000000
-0.996508	0.845566	-0.768121	-0.797739	0.000000	0.000000	0.000000	0.000000	0.000000	0.000000
-0.996503	0.845566	-0.768049	-0.797745	0.000000	0.000000	0.000000	0.000000	0.000000	0.000000
-0.996500	0.845566	-0.768105	-0.797752	0.000000	0.000000	0.000000	0.000000	0.000000	0.000000
-0.996508	0.845565	-0.768117	-0.797626	0.000000	0.000000	0.000000	0.000000	0.000000	0.000000
-0.996502	0.845565	-0.768107	-0.797741	0.000000	0.000000	0.000000	0.000000	0.000000	0.000000
-0.996518	0.845566	-0.768120	-0.797748	0.000000	0.000000	0.000000	0.000000	0.000000	0.000000
-0.996509	0.845565	-0.768042	-0.797751	0.000000	0.000000	0.000000	0.000000	0.000000	0.000000
-0.996532	0.845566	-0.023988	-0.797441	0.000000	0.000000	0.000000	0.000000	0.000000	0.000000
-0.996503	0.845566	-0.768125	-0.797750	0.000000	0.000000	0.000000	0.000000	0.000000	0.000000
-0.996504	0.845566	-0.768008	-0.797748	0.000000	0.000000	0.000000	0.000000	0.000000	0.000000
-0.996510	0.845565	-0.768124	-0.797751	0.000000	0.000000	0.000000	0.000000	0.000000	0.000000
-0.996516	0.845566	-0.768125	-0.797720	0.000000	0.000000	0.000000	0.000000	0.000000	0.000000
-0.996510	0.845565	-0.768124	-0.797743	0.000000	0.000000	0.000000	0.000000	0.000000	0.000000
-0.996510	0.845565	-0.000303	-0.000048	0.000000	0.000000	0.000000	0.000000	0.000000	0.000000
-0.996509	0.845536	-0.768123	-0.797752	0.000000	0.000000	0.000000	0.000000	0.000000	0.000000
-0.996515	0.845566	-0.766287	-0.602723	0.000000	0.000000	0.000000	0.000000	0.000000	0.000000
-0.996528	0.845565	-0.594769	-0.797603	0.000000	0.000000	0.000000	0.000000	0.000000	0.000000
-0.996520	0.845566	-0.768124	-0.797752	0.000000	0.000000	0.000000	0.000000	0.000000	0.000000
-0.996509	0.845566	-0.768125	-0.795487	0.000000	0.000000	0.000000	0.000000	0.000000	0.000000
-0.996513	0.845565	-0.767829	-0.795734	0.000000	0.000000	0.000000	0.000000	0.000000	0.000000
-0.996509	0.845566	-0.768122	-0.796530	0.000000	0.000000	0.000000	0.000000	0.000000	0.000000
-0.996511	0.845566	-0.768103	-0.797582	0.000000	0.000000	0.000000	0.000000	0.000000	0.000000
-0.996505	0.845566	-0.767830	-0.797732	0.000000	0.000000	0.000000	0.000000	0.000000	0.000000
-0.996524	0.845565	-0.734327	-0.797752	0.000000	0.000000	0.000000	0.000000	0.000000	0.000000
-0.996492	0.845565	-0.766413	-0.796859	0.000000	0.000000	0.000000	0.000000	0.000000	0.000000
-0.996517	0.845565	-0.767631	-0.797632	0.000000	0.000000	0.000000	0.000000	0.000000	0.000000
-0.996496	0.845566	-0.768121	-0.795271	0.000000	0.000000	0.000000	0.000000	0.000000	0.000000
-0.996507	0.845566	-0.767961	-0.796867	0.000000	0.000000	0.000000	0.000000	0.000000	0.000000
-0.996515	0.845565	-0.768123	-0.797748	0.000000	0.000000	0.000000	0.000000	0.000000	0.000000
-0.996503	0.845566	-0.768098	-0.794204	0.000000	0.000000	0.000000	0.000000	0.000000	0.000000
-0.996521	0.845566	-0.768125	-0.794876	0.000000	0.000000	0.000000	0.000000	0.000000	0.000000
-0.996516	0.845565	-0.768115	-0.790119	0.000000	0.000000	0.000000	0.000000	0.000000	0.000000
-0.996503	0.845566	-0.768095	-0.792469	0.000000	0.000000	0.000000	0.000000	0.000000	0.000000
-0.996504	0.845566	-0.767227	-0.797642	0.000000	0.000000	0.000000	0.000000	0.000000	0.000000
-0.996512	0.845566	-0.768105	-0.797545	0.000000	0.000000	0.000000	0.000000	0.000000	0.000000
-0.996510	0.845565	-0.657559	-0.797567	0.000000	0.000000	0.000000	0.000000	0.000000	0.000000
-0.996508	0.845565	-0.768109	-0.797752	0.000000	0.000000	0.000000	0.000000	0.000000	0.000000
-0.996512	0.845566	-0.767838	-0.797752	0.000000	0.000000	0.000000	0.000000	0.000000	0.000000
-0.996509	0.845565	-0.768108	-0.797657	0.000000	0.000000	0.000000	0.000000	0.000000	0.000000
-0.996508	0.845566	-0.767414	-0.797725	0.000000	0.000000	0.000000	0.000000	0.000000	0.000000
-0.996502	0.845566	-0.768123	-0.797752	0.000000	0.000000	0.000000	0.000000	0.000000	0.000000
-0.996497	0.845566	-0.768115	-0.797750	0.000000	0.000000	0.000000	0.000000	0.000000	0.000000
-0.996508	0.845566	-0.768040	-0.797752	0.000000	0.000000	0.000000	0.000000	0.000000	0.000000
-0.996504	0.845566	-0.767267	-0.797748	0.000000	0.000000	0.000000	0.000000	0.000000	0.000000
-0.996512	0.845566	-0.768123	-0.795915	0.000000	0.000000	0.000000	0.000000	0.000000	0.000000
-0.996512	0.845566	-0.768120	-0.797685	0.000000	0.000000	0.000000	0.000000	0.000000	0.000000
-0.996492	0.845566	-0.768106	-0.796970	0.000000	0.000000	0.000000	0.000000	0.000000	0.000000
-0.996499	0.845565	-0.768108	-0.797389	0.000000	0.000000	0.000000	0.000000	0.000000	0.000000
-0.996515	0.845107	-0.768124	-0.797752	0.000000	0.000000	0.000000	0.000000	0.000000	0.000000
-0.996512	0.845566	-0.768120	-0.797231	0.000000	0.000000	0.000000	0.000000	0.000000	0.000000
-0.996517	0.845565	-0.768125	-0.797747	0.000000	0.000000	0.000000	0.000000	0.000000	0.000000
-0.996501	0.845566	-0.768097	-0.794967	0.000000	0.000000	0.000000	0.000000	0.000000	0.000000
-0.996503	0.845565	-0.767759	-0.797000	0.000000	0.000000	0.000000	0.000000	0.000000	0.000000
-0.996506	0.845566	-0.765920	-0.793906	0.000000	0.000000	0.000000	0.000000	0.000000	0.000000
-0.996489	0.845566	-0.768107	-0.796997	0.000000	0.000000	0.000000	0.000000	0.000000	0.000000
-0.996503	0.845566	-0.767573	-0.797338	0.000000	0.000000	0.000000	0.000000	0.000000	0.000000
-0.996507	0.845565	-0.768117	-0.797750	0.000000	0.000000	0.000000	0.000000	0.000000	0.000000
-0.996515	0.845565	-0.767504	-0.797747	0.000000	0.000000	0.000000	0.000000	0.000000	0.000000
-0.996524	0.845566	-0.767638	-0.797747	0.000000	0.000000	0.000000	0.000000	0.000000	0.000000
-0.996501	0.845566	-0.768089	-0.797733	0.000000	0.000000	0.000000	0.000000	0.000000	0.000000
-0.996527	0.845565	-0.766938	-0.766542	0.000000	0.000000	0.000000	0.000000	0.000000	0.000000
-0.996505	0.845500	-0.768119	-0.797751	0.000000	0.000000	0.000000	0.000000	0.000000	0.000000
-0.996504	0.845566	-0.758397	-0.797752	0.000000	0.000000	0.000000	0.000000	0.000000	0.000000
-0.996499	0.845566	-0.714422	-0.789217	0.000000	0.000000	0.000000	0.000000	0.000000	0.000000
-0.996520	0.845565	-0.768125	-0.786840	0.000000	0.000000	0.000000	0.000000	0.000000	0.000000
-0.996496	0.845566	-0.767933	-0.727558	0.000000	0.000000	0.000000	0.000000	0.000000	0.000000
-0.996507	0.845566	-0.768106	-0.797734	0.000000	0.000000	0.000000	0.000000	0.000000	0.000000
-0.996500	0.845566	-0.768122	-0.797708	0.000000	0.000000	0.000000	0.000000	0.000000	0.000000
-0.996509	0.845565	-0.768111	-0.797608	0.000000	0.000000	0.000000	0.000000	0.000000	0.000000
-0.996513	0.845565	-0.757375	-0.797751	0.000000	0.000000	0.000000	0.000000	0.000000	0.000000
-0.996506	0.845566	-0.768119	-0.797505	0.000000	0.000000	0.000000	0.000000	0.000000	0.000000
-0.996508	0.845566	-0.766513	-0.797749	0.000000	0.000000	0.000000	0.000000	0.000000	0.000000
-0.996515	0.845565	-0.767742	-0.797687	0.000000	0.000000	0.000000	0.000000	0.000000	0.000000
-0.996498	0.845566	-0.768125	-0.797746	0.000000	0.000000	0.000000	0.000000	0.000000	0.000000
-0.996516	0.845565	-0.768076	-0.797751	0.000000	0.000000	0.000000	0.000000	0.000000	0.000000
-0.996500	0.845565	-0.765630	-0.797726	0.000000	0.000000	0.000000	0.000000	0.000000	0.000000
-0.996512	0.845566	-0.768125	-0.797661	0.000000	0.000000	0.000000	0.000000	0.000000	0.000000
-0.996510	0.845565	-0.768076	-0.797061	0.000000	0.000000	0.000000	0.000000	0.000000	0.000000
-0.996495	0.845566	-0.768074	-0.797738	0.000000	0.000000	0.000000	0.000000	0.000000	0.000000
-0.996508	0.845565	-0.768116	-0.797732	0.000000	0.000000	0.000000	0.000000	0.000000	0.000000
-0.996506	0.845566	-0.768123	-0.782023	0.000000	0.000000	0.000000	0.000000	0.000000	0.000000
-0.996498	0.845565	-0.768125	-0.797752	0.000000	0.000000	0.000000	0.000000	0.000000	0.000000
-0.996495	0.845565	-0.768101	-0.797721	0.000000	0.000000	0.000000	0.000000	0.000000	0.000000
-0.996504	0.845565	-0.767589	-0.797752	0.000000	0.000000	0.000000	0.000000	0.000000	0.000000
-0.996506	0.845565	-0.767762	-0.797725	0.000000	0.000000	0.000000	0.000000	0.000000	0.000000
-0.996496	0.845565	-0.768123	-0.797735	0.000000	0.000000	0.000000	0.000000	0.000000	0.000000
-0.996497	0.845566	-0.768080	-0.797752	0.000000	0.000000	0.000000	0.000000	0.000000	0.000000
-0.996519	0.845566	-0.768082	-0.797746	0.000000	0.000000	0.000000	0.000000	0.000000	0.000000
-0.996512	0.845566	-0.767291	-0.797721	0.000000	0.000000	0.000000	0.000000	0.000000	0.000000
-0.996507	0.845565	-0.768111	-0.797725	0.000000	0.000000	0.000000	0.000000	0.000000	0.000000
-0.996502	0.845565	-0.768120	-0.796997	0.000000	0.000000	0.000000	0.000000	0.000000	0.000000
-0.996513	0.845565	-0.766357	-0.797359	0.000000	0.000000	0.000000	0.000000	0.000000	0.000000
-0.996493	0.845566	-0.768124	-0.438700	0.000000	0.000000	0.000000	0.000000	0.000000	0.000000
-0.996501	0.845566	-0.768067	-0.793502	0.000000	0.000000	0.000000	0.000000	0.000000	0.000000
-0.996504	0.845565	-0.767171	-0.797707	0.000000	0.000000	0.000000	0.000000	0.000000	0.000000
-0.996500	0.845565	-0.768125	-0.797722	0.000000	0.000000	0.000000	0.000000	0.000000	0.000000
-0.996515	0.845566	-0.767434	-0.797729	0.000000	0.000000	0.000000	0.000000	0.000000	0.000000
-0.996496	0.845565	0.000017	-0.000037	0.000000	0.000000	0.000000	0.000000	0.000000	0.000000
-0.996505	0.845565	0.800261	0.767308	0.000000	0.000000	0.000000	0.000000	0.000000	0.000000
-0.996519	0.845566	0.800260	0.728020	0.000000	0.000000	0.000000	0.000000	0.000000	0.000000
-0.996500	0.845565	0.800252	0.770314	0.000000	0.000000	0.000000	0.000000	0.000000	0.000000
-0.996510	0.845566	0.800074	0.659158	0.000000	0.000000	0.000000	0.000000	0.000000	0.000000
-0.996516	0.845566	0.798754	0.769085	0.000000	0.000000	0.000000	0.000000	0.000000	0.000000
-0.996509	0.845566	0.799961	0.770173	0.000000	0.000000	0.000000	0.000000	0.000000	0.000000
-0.996501	0.845566	0.800256	0.770064	0.000000	0.000000	0.000000	0.000000	0.000000	0.000000
-0.996512	0.845566	0.799147	0.769254	0.000000	0.000000	0.000000	0.000000	0.000000	0.000000
-0.996493	0.845566	0.798709	0.769992	0.000000	0.000000	0.000000	0.000000	0.000000	0.000000
-0.996518	0.845565	0.800260	0.770196	0.000000	0.000000	0.000000	0.000000	0.000000	0.000000
-0.996507	0.845566	0.800194	0.745344	0.000000	0.000000	0.000000	0.000000	0.000000	0.000000
-0.996517	0.845565	0.800148	0.770337	0.000000	0.000000	0.000000	0.000000	0.000000	0.000000
-0.996518	0.845566	0.800258	0.770134	0.000000	0.000000	0.000000	0.000000	0.000000	0.000000
-0.996495	0.845565	0.712824	0.769867	0.000000	0.000000	0.000000	0.000000	0.000000	0.000000
-0.996505	0.845565	0.800261	0.757222	0.000000	0.000000	0.000000	0.000000	0.000000	0.000000
-0.996508	0.845565	0.800222	0.769063	0.000000	0.000000	0.000000	0.000000	0.000000	0.000000
-0.996512	0.845566	0.800258	0.770017	0.000000	0.000000	0.000000	0.000000	0.000000	0.000000
-0.996504	0.845565	0.800223	0.770233	0.000000	0.000000	0.000000	0.000000	0.000000	0.000000
-0.996512	0.845565	0.800181	0.770115	0.000000	0.000000	0.000000	0.000000	0.000000	0.000000
-0.996503	0.845566	0.800103	0.766769	0.000000	0.000000	0.000000	0.000000	0.000000	0.000000
-0.996523	0.845565	0.800255	0.770266	0.000000	0.000000	0.000000	0.000000	0.000000	0.000000
-0.996488	0.845566	0.800258	0.769731	0.000000	0.000000	0.000000	0.000000	0.000000	0.000000
-0.996498	0.845566	0.800110	0.768865	0.000000	0.000000	0.000000	0.000000	0.000000	0.000000
-0.996511	0.845566	0.800259	0.770441	0.000000	0.000000	0.000000	0.000000	0.000000	0.000000
-0.996504	0.845566	0.800261	0.770341	0.000000	0.000000	0.000000	0.000000	0.000000	0.000000
-0.996500	0.845566	0.800260	0.769353	0.000000	0.000000	0.000000	0.000000	0.000000	0.000000
-0.996534	0.845565	0.800252	0.769795	0.000000	0.000000	0.000000	0.000000	0.000000	0.000000
-0.996507	0.845566	0.800260	0.769884	0.000000	0.000000	0.000000	0.000000	0.000000	0.000000
-0.996509	0.845565	0.415584	0.770317	0.000000	0.000000	0.000000	0.000000	0.000000	0.000000
-0.996499	0.845565	0.800255	0.770348	0.000000	0.000000	0.000000	0.000000	0.000000	0.000000
-0.996495	0.845565	0.800227	0.682844	0.000000	0.000000	0.000000	0.000000	0.000000	0.000000
-0.996515	0.845565	0.800241	0.754372	0.000000	0.000000	0.000000	0.000000	0.000000	0.000000
-0.996497	0.845566	0.800260	0.770011	0.000000	0.000000	0.000000	0.000000	0.000000	0.000000
-0.996508	0.845566	0.800212	0.770270	0.000000	0.000000	0.000000	0.000000	0.000000	0.000000
-0.996519	0.845565	0.799827	0.651392	0.000000	0.000000	0.000000	0.000000	0.000000	0.000000
-0.996518	0.845566	0.800260	0.770275	0.000000	0.000000	0.000000	0.000000	0.000000	0.000000
-0.996515	0.845565	0.797512	0.769840	0.000000	0.000000	0.000000	0.000000	0.000000	0.000000
-0.996506	0.845565	0.799815	0.769526	0.000000	0.000000	0.000000	0.000000	0.000000	0.000000
-0.996503	0.845566	0.800260	0.769878	0.000000	0.000000	0.000000	0.000000	0.000000	0.000000
-0.996506	0.845565	0.800097	0.768141	0.000000	0.000000	0.000000	0.000000	0.000000	0.000000
-0.996503	0.845566	0.799736	0.768714	0.000000	0.000000	0.000000	0.000000	0.000000	0.000000
-0.996506	0.845565	0.800165	0.770124	0.000000	0.000000	0.000000	0.000000	0.000000	0.000000
-0.996500	0.845565	0.800257	0.770063	0.000000	0.000000	0.000000	0.000000	0.000000	0.000000
-0.996511	0.845566	0.799396	0.764471	0.000000	0.000000	0.000000	0.000000	0.000000	0.000000
-0.996501	0.845565	0.565567	0.770286	0.000000	0.000000	0.000000	0.000000	0.000000	0.000000
-0.996516	0.845565	0.800260	0.770778	0.000000	0.000000	0.000000	0.000000	0.000000	0.000000
-0.996497	0.845566	0.799852	0.770230	0.000000	0.000000	0.000000	0.000000	0.000000	0.000000
-0.996507	0.845566	0.796867	0.770204	0.000000	0.000000	0.000000	0.000000	0.000000	0.000000
-0.996512	0.845565	0.799895	0.768860	0.000000	0.000000	0.000000	0.000000	0.000000	0.000000
-0.996503	0.845566	0.783562	0.770040	0.000000	0.000000	0.000000	0.000000	0.000000	0.000000
-0.996515	0.845566	0.798533	0.769357	0.000000	0.000000	0.000000	0.000000	0.000000	0.000000
-0.996510	0.845565	0.791196	0.769828	0.000000	0.000000	0.000000	0.000000	0.000000	0.000000
-0.996504	0.845566	0.800260	0.770337	0.000000	0.000000	0.000000	0.000000	0.000000	0.000000
-0.996528	0.845565	0.800258	0.769740	0.000000	0.000000	0.000000	0.000000	0.000000	0.000000
-0.996499	0.845565	0.800083	0.767760	0.000000	0.000000	0.000000	0.000000	0.000000	0.000000
-0.996502	0.845566	0.800025	0.759317	0.000000	0.000000	0.000000	0.000000	0.000000	0.000000
-0.996515	0.845565	0.800261	0.769874	0.000000	0.000000	0.000000	0.000000	0.000000	0.000000
-0.996493	0.845561	0.800241	0.770646	0.000000	0.000000	0.000000	0.000000	0.000000	0.000000
-0.996507	0.845566	0.430975	0.768186	0.000000	0.000000	0.000000	0.000000	0.000000	0.000000
-0.996506	0.845565	0.799497	0.762850	0.000000	0.000000	0.000000	0.000000	0.000000	0.000000
-0.996519	0.845566	0.800260	0.194514	0.000000	0.000000	0.000000	0.000000	0.000000	0.000000
-0.996505	0.845566	0.800194	0.768897	0.000000	0.000000	0.000000	0.000000	0.000000	0.000000
-0.996516	0.845566	0.800185	0.770279	0.000000	0.000000	0.000000	0.000000	0.000000	0.000000
-0.996497	0.845565	0.799875	0.770718	0.000000	0.000000	0.000000	0.000000	0.000000	0.000000
-0.996504	0.845565	0.751384	0.762617	0.000000	0.000000	0.000000	0.000000	0.000000	0.000000
-0.996509	0.845566	0.800260	0.764514	0.000000	0.000000	0.000000	0.000000	0.000000	0.000000
-0.996508	0.845566	0.774338	0.769413	0.000000	0.000000	0.000000	0.000000	0.000000	0.000000
-0.996507	0.845566	0.800261	0.769859	0.000000	0.000000	0.000000	0.000000	0.000000	0.000000
-0.996515	0.845565	0.799385	0.769495	0.000000	0.000000	0.000000	0.000000	0.000000	0.000000
-0.996499	0.845566	0.798431	0.770049	0.000000	0.000000	0.000000	0.000000	0.000000	0.000000
-0.996517	0.845566	0.800261	0.748675	0.000000	0.000000	0.000000	0.000000	0.000000	0.000000
-0.996500	0.845566	0.800259	0.769268	0.000000	0.000000	0.000000	0.000000	0.000000	0.000000
-0.996507	0.845566	0.800189	0.769796	0.000000	0.000000	0.000000	0.000000	0.000000	0.000000
-0.996500	0.845566	0.800261	0.769752	0.000000	0.000000	0.000000	0.000000	0.000000	0.000000
-0.996502	0.845565	0.800171	0.768381	0.000000	0.000000	0.000000	0.000000	0.000000	0.000000
-0.996522	0.845566	0.800260	0.515094	0.000000	0.000000	0.000000	0.000000	0.000000	0.000000
-0.996511	0.845565	0.800256	0.767827	0.000000	0.000000	0.000000	0.000000	0.000000	0.000000
-0.996512	0.845565	0.800210	0.769779	0.000000	0.000000	0.000000	0.000000	0.000000	0.000000
-0.996516	0.845565	0.800213	0.769378	0.000000	0.000000	0.000000	0.000000	0.000000	0.000000
-0.996487	0.845565	0.800252	0.768168	0.000000	0.000000	0.000000	0.000000	0.000000	0.000000
-0.996499	0.845566	0.800249	0.440302	0.000000	0.000000	0.000000	0.000000	0.000000	0.000000
-0.996509	0.845566	0.800105	0.770714	0.000000	0.000000	0.000000	0.000000	0.000000	0.000000
-0.996508	0.845566	0.800225	0.770191	0.000000	0.000000	0.000000	0.000000	0.000000	0.000000
-0.996505	0.845565	0.800220	0.769464	0.000000	0.000000	0.000000	0.000000	0.000000	0.000000
-0.996508	0.845566	0.800260	0.765674	0.000000	0.000000	0.000000	0.000000	0.000000	0.000000
-0.996522	0.845565	0.795086	0.770148	0.000000	0.000000	0.000000	0.000000	0.000000	0.000000
-0.996505	0.845566	0.799629	0.769978	0.000000	0.000000	0.000000	0.000000	0.000000	0.000000
-0.996497	0.845565	0.799743	0.769368	0.000000	0.000000	0.000000	0.000000	0.000000	0.000000
-0.996508	0.845565	0.796343	0.770131	0.000000	0.000000	0.000000	0.000000	0.000000	0.000000
-0.996516	0.845566	0.799145	0.769823	0.000000	0.000000	0.000000	0.000000	0.000000	0.000000
-0.996510	0.845565	0.800251	0.769698	0.000000	0.000000	0.000000	0.000000	0.000000	0.000000
-0.996521	0.845565	0.800255	0.770369	0.000000	0.000000	0.000000	0.000000	0.000000	0.000000
-0.996511	0.845565	0.793361	0.762375	0.000000	0.000000	0.000000	0.000000	0.000000	0.000000
-0.996499	0.845566	0.800259	0.770059	0.000000	0.000000	0.000000	0.000000	0.000000	0.000000
-0.996500	0.845566	0.800260	0.770608	0.000000	0.000000	0.000000	0.000000	0.000000	0.000000
-0.996522	0.845566	0.799475	0.761185	0.000000	0.000000	0.000000	0.000000	0.000000	0.000000
-0.996503	0.845565	0.800163	0.769603	0.000000	0.000000	0.000000	0.000000	0.000000	0.000000
-0.996512	0.845566	0.800189	0.769821	0.000000	0.000000	0.000000	0.000000	0.000000	0.000000
-0.996509	0.845565	0.800169	0.769659	0.000000	0.000000	0.000000	0.000000	0.000000	0.000000
-0.996520	0.845566	0.755497	0.770198	0.000000	0.000000	0.000000	0.000000	0.000000	0.000000
-0.996505	0.845565	0.794241	0.770895	0.000000	0.000000	0.000000	0.000000	0.000000	0.000000
-0.996521	0.845565	0.799500	0.769548	0.000000	0.000000	0.000000	0.000000	0.000000	0.000000
-0.996505	0.845565	0.800135	0.770273	0.000000	0.000000	0.000000	0.000000	0.000000	0.000000
-0.996497	0.845566	0.800260	0.770444	0.000000	0.000000	0.000000	0.000000	0.000000	0.000000
-0.996520	0.845566	0.800254	0.768282	0.000000	0.000000	0.000000	0.000000	0.000000	0.000000
-0.996503	0.845566	0.799381	0.769601	0.000000	0.000000	0.000000	0.000000	0.000000	0.000000
-0.996491	0.845566	0.799688	0.770267	0.000000	0.000000	0.000000	0.000000	0.000000	0.000000
-0.996521	0.845565	0.800261	0.770133	0.000000	0.000000	0.000000	0.000000	0.000000	0.000000
-0.996516	0.845566	0.800254	0.769831	0.000000	0.000000	0.000000	0.000000	0.000000	0.000000
-0.996516	0.845566	0.800126	0.770032	0.000000	0.000000	0.000000	0.000000	0.000000	0.000000
-0.996492	0.845566	0.800256	0.769954	0.000000	0.000000	0.000000	0.000000	0.000000	0.000000
-0.996506	0.845565	0.800260	0.767673	0.000000	0.000000	0.000000	0.000000	0.000000	0.000000
-0.996506	0.845565	0.800260	0.767481	0.000000	0.000000	0.000000	0.000000	0.000000	0.000000
-0.996505	0.845565	0.800260	0.769708	0.000000	0.000000	0.000000	0.000000	0.000000	0.000000
-0.996504	0.845566	0.800259	0.770014	0.000000	0.000000	0.000000	0.000000	0.000000	0.000000
-0.996508	0.845565	0.800253	0.733202	0.000000	0.000000	0.000000	0.000000	0.000000	0.000000
-0.996506	0.845565	0.800147	0.770356	0.000000	0.000000	0.000000	0.000000	0.000000	0.000000
-0.996515	0.845566	0.800258	0.769326	0.000000	0.000000	0.000000	0.000000	0.000000	0.000000
-0.996516	0.845565	0.800259	0.766185	0.000000	0.000000	0.000000	0.000000	0.000000	0.000000
-0.996520	0.845566	0.799094	0.735899	0.000000	0.000000	0.000000	0.000000	0.000000	0.000000
-0.996503	0.845565	0.799988	0.770617	0.000000	0.000000	0.000000	0.000000	0.000000	0.000000
-0.996502	0.845566	0.800201	0.770147	0.000000	0.000000	0.000000	0.000000	0.000000	0.000000
-0.996494	0.845565	0.800109	0.769679	0.000000	0.000000	0.000000	0.000000	0.000000	0.000000
-0.996506	0.845565	0.796725	0.769901	0.000000	0.000000	0.000000	0.000000	0.000000	0.000000
-0.996512	0.845565	0.799292	0.770495	0.000000	0.000000	0.000000	0.000000	0.000000	0.000000
-0.996518	0.845565	0.800256	0.769145	0.000000	0.000000	0.000000	0.000000	0.000000	0.000000
-0.996505	0.845565	0.800260	0.770051	0.000000	0.000000	0.000000	0.000000	0.000000	0.000000
-0.996508	0.845565	0.799811	0.769885	0.000000	0.000000	0.000000	0.000000	0.000000	0.000000
-0.996516	0.845565	0.799682	0.770463	0.000000	0.000000	0.000000	0.000000	0.000000	0.000000
-0.996513	0.845566	0.792382	0.769738	0.000000	0.000000	0.000000	0.000000	0.000000	0.000000
-0.996503	0.845566	0.655238	0.769027	0.000000	0.000000	0.000000	0.000000	0.000000	0.000000
-0.996513	0.845566	0.800260	0.765537	0.000000	0.000000	0.000000	0.000000	0.000000	0.000000
-0.996498	0.845566	0.800171	0.770182	0.000000	0.000000	0.000000	0.000000	0.000000	0.000000
-0.996520	0.845565	0.800055	0.769068	0.000000	0.000000	0.000000	0.000000	0.000000	0.000000
-0.996515	0.845565	0.800050	0.769607	0.000000	0.000000	0.000000	0.000000	0.000000	0.000000
-0.996506	0.845566	0.800251	0.767219	0.000000	0.000000	0.000000	0.000000	0.000000	0.000000
-0.996497	0.845566	0.800007	0.769795	0.000000	0.000000	0.000000	0.000000	0.000000	0.000000
-0.996518	0.845566	0.798861	0.769663	0.000000	0.000000	0.000000	0.000000	0.000000	0.000000
-0.996508	0.845565	0.013986	0.746863	0.000000	0.000000	0.000000	0.000000	0.000000	0.000000
-0.996518	0.845566	0.799658	0.770024	0.000000	0.000000	0.000000	0.000000	0.000000	0.000000
-0.996497	0.845566	0.800258	0.752339	0.000000	0.000000	0.000000	0.000000	0.000000	0.000000
-0.996499	0.845566	0.799847	0.767238	0.000000	0.000000	0.000000	0.000000	0.000000	0.000000
-0.996517	0.845566	0.800186	0.769857	0.000000	0.000000	0.000000	0.000000	0.000000	0.000000
-0.996496	0.845565	0.799984	0.770173	0.000000	0.000000	0.000000	0.000000	0.000000	0.000000
-0.996506	0.845566	0.796635	0.769880	0.000000	0.000000	0.000000	0.000000	0.000000	0.000000
-0.996503	0.845566	0.751498	0.769533	0.000000	0.000000	0.000000	0.000000	0.000000	0.000000
-0.996518	0.845565	0.800260	0.769421	0.000000	0.000000	0.000000	0.000000	0.000000	0.000000
-0.996513	0.845566	0.798261	0.768742	0.000000	0.000000	0.000000	0.000000	0.000000	0.000000
-0.996510	0.845565	0.800127	0.770206	0.000000	0.000000	0.000000	0.000000	0.000000	0.000000
-0.996504	0.845565	0.800261	0.769954	0.000000	0.000000	0.000000	0.000000	0.000000	0.000000
-0.996503	0.845566	0.800259	0.770037	0.000000	0.000000	0.000000	0.000000	0.000000	0.000000
-0.996525	0.845566	0.800169	0.770092	0.000000	0.000000	0.000000	0.000000	0.000000	0.000000
-0.996505	0.845565	0.800261	0.770531	0.000000	0.000000	0.000000	0.000000	0.000000	0.000000
-0.996508	0.845565	0.800223	0.770032	0.000000	0.000000	0.000000	0.000000	0.000000	0.000000
-0.996521	0.845564	0.800261	0.717241	0.000000	0.000000	0.000000	0.000000	0.000000	0.000000
-0.996501	0.845566	0.800234	0.770499	0.000000	0.000000	0.000000	0.000000	0.000000	0.000000
-0.996508	0.845566	0.800260	0.770018	0.000000	0.000000	0.000000	0.000000	0.000000	0.000000
-0.996508	0.845565	0.800260	0.770063	0.000000	0.000000	0.000000	0.000000	0.000000	0.000000
-0.996497	0.845566	0.799919	0.770252	0.000000	0.000000	0.000000	0.000000	0.000000	0.000000
-0.996517	0.845565	0.799468	0.770076	0.000000	0.000000	0.000000	0.000000	0.000000	0.000000
-0.996497	0.845566	0.798016	0.770057	0.000000	0.000000	0.000000	0.000000	0.000000	0.000000
-0.996495	0.845565	0.800257	0.768435	0.000000	0.000000	0.000000	0.000000	0.000000	0.000000
-0.996498	0.845566	0.800260	0.770121	0.000000	0.000000	0.000000	0.000000	0.000000	0.000000
-0.996507	0.845566	0.776847	0.769288	0.000000	0.000000	0.000000	0.000000	0.000000	0.000000
-0.996510	0.845565	0.800245	0.770128	0.000000	0.000000	0.000000	0.000000	0.000000	0.000000
-0.996518	0.845566	0.775437	0.769608	0.000000	0.000000	0.000000	0.000000	0.000000	0.000000
-0.996498	0.845565	0.800260	0.757963	0.000000	0.000000	0.000000	0.000000	0.000000	0.000000
-0.996501	0.845566	0.800261	0.769760	0.000000	0.000000	0.000000	0.000000	0.000000	0.000000
-0.996506	0.845566	0.618455	0.770301	0.000000	0.000000	0.000000	0.000000	0.000000	0.000000
-0.996506	0.845565	0.800245	0.770224	0.000000	0.000000	0.000000	0.000000	0.000000	0.000000
-0.996512	0.845566	0.800260	0.768865	0.000000	0.000000	0.000000	0.000000	0.000000	0.000000
-0.996499	0.845566	0.800247	0.748195	0.000000	0.000000	0.000000	0.000000	0.000000	0.000000
-0.996513	0.845566	0.800257	0.770084	0.000000	0.000000	0.000000	0.000000	0.000000	0.000000
-0.996496	0.845565	0.800204	0.769698	0.000000	0.000000	0.000000	0.000000	0.000000	0.000000
-0.996508	0.845565	0.798501	0.769758	0.000000	0.000000	0.000000	0.000000	0.000000	0.000000
-0.996517	0.845566	0.800258	0.770233	0.000000	0.000000	0.000000	0.000000	0.000000	0.000000
-0.996518	0.845565	0.796555	0.761561	0.000000	0.000000	0.000000	0.000000	0.000000	0.000000
-0.996513	0.845566	0.800258	0.770179	0.000000	0.000000	0.000000	0.000000	0.000000	0.000000
-0.996516	0.845565	0.800261	0.769594	0.000000	0.000000	0.000000	0.000000	0.000000	0.000000
-0.996507	0.845565	0.799518	0.767095	0.000000	0.000000	0.000000	0.000000	0.000000	0.000000
-0.996512	0.845566	0.800260	0.770429	0.000000	0.000000	0.000000	0.000000	0.000000	0.000000
-0.996505	0.845566	0.786084	0.769354	0.000000	0.000000	0.000000	0.000000	0.000000	0.000000
-0.996509	0.845566	0.800259	0.770527	0.000000	0.000000	0.000000	0.000000	0.000000	0.000000
-0.996505	0.845565	0.800241	0.770117	0.000000	0.000000	0.000000	0.000000	0.000000	0.000000
-0.996516	0.845565	0.800260	0.769888	0.000000	0.000000	0.000000	0.000000	0.000000	0.000000
-0.996524	0.845566	0.800261	0.770452	0.000000	0.000000	0.000000	0.000000	0.000000	0.000000
-0.996519	0.845565	0.546844	0.768793	0.000000	0.000000	0.000000	0.000000	0.000000	0.000000
-0.996512	0.845565	0.800234	0.770279	0.000000	0.000000	0.000000	0.000000	0.000000	0.000000
-0.996504	0.845566	0.800258	0.765646	0.000000	0.000000	0.000000	0.000000	0.000000	0.000000
-0.996489	0.845565	0.800238	0.770404	0.000000	0.000000	0.000000	0.000000	0.000000	0.000000
-0.996521	0.845565	0.800154	0.770103	0.000000	0.000000	0.000000	0.000000	0.000000	0.000000
-0.996507	0.845565	0.759661	0.767708	0.000000	0.000000	0.000000	0.000000	0.000000	0.000000
-0.996497	0.845566	0.800260	0.769801	0.000000	0.000000	0.000000	0.000000	0.000000	0.000000
-0.996501	0.845565	0.800235	0.769910	0.000000	0.000000	0.000000	0.000000	0.000000	0.000000
-0.996518	0.845565	0.800261	0.769726	0.000000	0.000000	0.000000	0.000000	0.000000	0.000000
-0.996515	0.845566	0.800112	0.769428	0.000000	0.000000	0.000000	0.000000	0.000000	0.000000
-0.996505	0.845565	0.796811	0.770113	0.000000	0.000000	0.000000	0.000000	0.000000	0.000000
-0.996501	0.845565	0.800245	0.768353	0.000000	0.000000	0.000000	0.000000	0.000000	0.000000
-0.996511	0.845566	0.800148	0.769633	0.000000	0.000000	0.000000	0.000000	0.000000	0.000000
-0.996511	0.845566	0.800239	0.737476	0.000000	0.000000	0.000000	0.000000	0.000000	0.000000
-0.996520	0.845566	0.763466	0.769616	0.000000	0.000000	0.000000	0.000000	0.000000	0.000000
-0.996517	0.845565	0.800243	0.769713	0.000000	0.000000	0.000000	0.000000	0.000000	0.000000
-0.996518	0.845565	0.800259	0.769835	0.000000	0.000000	0.000000	0.000000	0.000000	0.000000
-0.996510	0.845566	0.800224	0.769661	0.000000	0.000000	0.000000	0.000000	0.000000	0.000000
-0.996509	0.845565	0.800246	0.770074	0.000000	0.000000	0.000000	0.000000	0.000000	0.000000
-0.996509	0.845566	0.800257	0.770195	0.000000	0.000000	0.000000	0.000000	0.000000	0.000000
-0.996506	0.845566	0.800193	0.767752	0.000000	0.000000	0.000000	0.000000	0.000000	0.000000
-0.996493	0.845566	0.800253	0.769677	0.000000	0.000000	0.000000	0.000000	0.000000	0.000000
-0.996506	0.845565	0.800260	0.749383	0.000000	0.000000	0.000000	0.000000	0.000000	0.000000
-0.996489	0.845566	0.800166	0.769261	0.000000	0.000000	0.000000	0.000000	0.000000	0.000000
-0.996512	0.845565	0.796609	0.606660	0.000000	0.000000	0.000000	0.000000	0.000000	0.000000
-0.996500	0.845566	0.800172	0.768878	0.000000	0.000000	0.000000	0.000000	0.000000	0.000000
-0.996501	0.845566	0.800260	0.769533	0.000000	0.000000	0.000000	0.000000	0.000000	0.000000
-0.996514	0.845566	0.800175	0.769179	0.000000	0.000000	0.000000	0.000000	0.000000	0.000000
-0.996511	0.845565	0.800261	0.769103	0.000000	0.000000	0.000000	0.000000	0.000000	0.000000
-0.996506	0.845565	0.800191	0.767167	0.000000	0.000000	0.000000	0.000000	0.000000	0.000000
-0.996504	0.845566	0.800166	0.758516	0.000000	0.000000	0.000000	0.000000	0.000000	0.000000
-0.996493	0.845565	0.800261	0.769830	0.000000	0.000000	0.000000	0.000000	0.000000	0.000000
-0.996510	0.845566	0.800260	0.770133	0.000000	0.000000	0.000000	0.000000	0.000000	0.000000
-0.996505	0.845565	0.797085	0.769925	0.000000	0.000000	0.000000	0.000000	0.000000	0.000000
-0.996515	0.845565	0.800220	0.769569	0.000000	0.000000	0.000000	0.000000	0.000000	0.000000
-0.996516	0.845566	0.800249	0.704948	0.000000	0.000000	0.000000	0.000000	0.000000	0.000000
-0.996505	0.845565	0.800260	0.769975	0.000000	0.000000	0.000000	0.000000	0.000000	0.000000
-0.996516	0.845566	0.793081	0.769984	0.000000	0.000000	0.000000	0.000000	0.000000	0.000000
-0.996508	0.845566	0.800247	0.769956	0.000000	0.000000	0.000000	0.000000	0.000000	0.000000
-0.996505	0.845565	0.800116	0.770081	0.000000	0.000000	0.000000	0.000000	0.000000	0.000000
-0.996508	0.845566	0.799825	0.769963	0.000000	0.000000	0.000000	0.000000	0.000000	0.000000
-0.996505	0.845565	0.800260	0.768942	0.000000	0.000000	0.000000	0.000000	0.000000	0.000000
-0.996513	0.845565	0.800198	0.769544	0.000000	0.000000	0.000000	0.000000	0.000000	0.000000
-0.996509	0.845566	0.800256	0.743620	0.000000	0.000000	0.000000	0.000000	0.000000	0.000000
-0.996503	0.845566	0.799815	0.769382	0.000000	0.000000	0.000000	0.000000	0.000000	0.000000
-0.996506	0.845565	0.799809	0.770234	0.000000	0.000000	0.000000	0.000000	0.000000	0.000000
-0.996501	0.845565	0.800261	0.769111	0.000000	0.000000	0.000000	0.000000	0.000000	0.000000
-0.996506	0.845566	0.793151	0.770598	0.000000	0.000000	0.000000	0.000000	0.000000	0.000000
-0.996513	0.845511	0.800242	0.770501	0.000000	0.000000	0.000000	0.000000	0.000000	0.000000
-0.996529	0.845564	0.800248	0.769980	0.000000	0.000000	0.000000	0.000000	0.000000	0.000000
-0.996512	0.845566	0.800256	0.769548	0.000000	0.000000	0.000000	0.000000	0.000000	0.000000
-0.996511	0.845565	0.800261	0.769627	0.000000	0.000000	0.000000	0.000000	0.000000	0.000000
-0.996505	0.845566	0.800189	0.770333	0.000000	0.000000	0.000000	0.000000	0.000000	0.000000
-0.996509	0.845566	0.800256	0.744411	0.000000	0.000000	0.000000	0.000000	0.000000	0.000000
-0.996508	0.845565	0.800243	0.768849	0.000000	0.000000	0.000000	0.000000	0.000000	0.000000
-0.996514	0.845565	0.800134	0.770302	0.000000	0.000000	0.000000	0.000000	0.000000	0.000000
-0.996504	0.845566	0.800256	0.760870	0.000000	0.000000	0.000000	0.000000	0.000000	0.000000
-0.996507	0.845565	0.799908	0.769296	0.000000	0.000000	0.000000	0.000000	0.000000	0.000000
-0.996518	0.845566	0.799910	0.770027	0.000000	0.000000	0.000000	0.000000	0.000000	0.000000
-0.996495	0.845566	0.787508	0.769770	0.000000	0.000000	0.000000	0.000000	0.000000	0.000000
-0.996500	0.845565	0.800002	0.768851	0.000000	0.000000	0.000000	0.000000	0.000000	0.000000
-0.996495	0.845566	0.799626	0.769343	0.000000	0.000000	0.000000	0.000000	0.000000	0.000000
-0.996505	0.845566	0.800235	0.761493	0.000000	0.000000	0.000000	0.000000	0.000000	0.000000
-0.996493	-0.801453	-0.755618	0.726844	0.000000	0.000000	0.000000	0.000000	0.000000	0.000000
-0.996503	-0.801495	-0.768125	0.770498	0.000000	0.000000	0.000000	0.000000	0.000000	0.000000
-0.996504	-0.801441	-0.768102	0.769862	0.000000	0.000000	0.000000	0.000000	0.000000	0.000000
-0.996510	-0.801495	-0.768104	0.770069	0.000000	0.000000	0.000000	0.000000	0.000000	0.000000
-0.996499	-0.801495	-0.768123	0.769628	0.000000	0.000000	0.000000	0.000000	0.000000	0.000000
-0.996516	-0.801495	-0.768125	0.769904	0.000000	0.000000	0.000000	0.000000	0.000000	0.000000
-0.996506	-0.801495	-0.768125	0.741235	0.000000	0.000000	0.000000	0.000000	0.000000	0.000000
-0.996516	-0.801495	-0.768125	0.770069	0.000000	0.000000	0.000000	0.000000	0.000000	0.000000
-0.996502	-0.801495	-0.767162	0.770170	0.000000	0.000000	0.000000	0.000000	0.000000	0.000000
-0.996515	-0.801495	-0.767859	0.757211	0.000000	0.000000	0.000000	0.000000	0.000000	0.000000
-0.996513	-0.801494	-0.767796	0.762164	0.000000	0.000000	0.000000	0.000000	0.000000	0.000000
-0.996517	-0.801495	-0.767952	0.769081	0.000000	0.000000	0.000000	0.000000	0.000000	0.000000
-0.996501	-0.801495	-0.768001	0.769808	0.000000	0.000000	0.000000	0.000000	0.000000	0.000000
-0.996507	-0.801495	-0.768102	0.770085	0.000000	0.000000	0.000000	0.000000	0.000000	0.000000
-0.996509	-0.801495	-0.768111	0.768907	0.000000	0.000000	0.000000	0.000000	0.000000	0.000000
-0.996521	-0.801495	-0.768125	0.770535	0.000000	0.000000	0.000000	0.000000	0.000000	0.000000
-0.996513	-0.801495	-0.766724	0.769862	0.000000	0.000000	0.000000	0.000000	0.000000	0.000000
-0.996527	-0.801495	-0.768081	0.766527	0.000000	0.000000	0.000000	0.000000	0.000000	0.000000
-0.996497	-0.801495	-0.768062	0.762865	0.000000	0.000000	0.000000	0.000000	0.000000	0.000000
-0.996501	-0.801495	-0.766930	0.767606	0.000000	0.000000	0.000000	0.000000	0.000000	0.000000
-0.996503	-0.801495	-0.768051	0.757580	0.000000	0.000000	0.000000	0.000000	0.000000	0.000000
-0.996504	-0.801495	-0.768118	0.767917	0.000000	0.000000	0.000000	0.000000	0.000000	0.000000
-0.996506	-0.801495	-0.768115	0.730134	0.000000	0.000000	0.000000	0.000000	0.000000	0.000000
-0.996497	-0.801495	-0.757852	0.769688	0.000000	0.000000	0.000000	0.000000	0.000000	0.000000
-0.996516	-0.801495	-0.760134	0.750793	0.000000	0.000000	0.000000	0.000000	0.000000	0.000000
-0.996508	-0.801495	-0.766399	0.768343	0.000000	0.000000	0.000000	0.000000	0.000000	0.000000
-0.996517	-0.801495	-0.767759	0.769936	0.000000	0.000000	0.000000	0.000000	0.000000	0.000000
-0.996499	-0.801495	-0.766894	0.770399	0.000000	0.000000	0.000000	0.000000	0.000000	0.000000
-0.996508	-0.801495	-0.768125	0.769595	0.000000	0.000000	0.000000	0.000000	0.000000	0.000000
-0.996497	-0.801495	-0.767730	0.769904	0.000000	0.000000	0.000000	0.000000	0.000000	0.000000
-0.996512	-0.801495	-0.768053	0.740171	0.000000	0.000000	0.000000	0.000000	0.000000	0.000000
-0.996516	-0.801495	-0.740176	0.769796	0.000000	0.000000	0.000000	0.000000	0.000000	0.000000
-0.996509	-0.801495	-0.755532	0.770286	0.000000	0.000000	0.000000	0.000000	0.000000	0.000000
-0.996515	-0.801495	-0.768122	0.770397	0.000000	0.000000	0.000000	0.000000	0.000000	0.000000
-0.996508	-0.801495	-0.768125	0.769823	0.000000	0.000000	0.000000	0.000000	0.000000	0.000000
-0.996495	-0.801495	-0.768025	0.767040	0.000000	0.000000	0.000000	0.000000	0.000000	0.000000
-0.996512	-0.801495	-0.765953	0.770184	0.000000	0.000000	0.000000	0.000000	0.000000	0.000000
-0.996505	-0.801495	-0.766994	0.769413	0.000000	0.000000	0.000000	0.000000	0.000000	0.000000
-0.996508	-0.801495	-0.767440	0.769478	0.000000	0.000000	0.000000	0.000000	0.000000	0.000000
-0.996505	-0.801495	-0.766077	0.769788	0.000000	0.000000	0.000000	0.000000	0.000000	0.000000
-0.996496	-0.801495	-0.767932	0.770073	0.000000	0.000000	0.000000	0.000000	0.000000	0.000000
-0.996520	-0.801495	-0.768053	0.769585	0.000000	0.000000	0.000000	0.000000	0.000000	0.000000
-0.996515	-0.801495	-0.768057	0.770406	0.000000	0.000000	0.000000	0.000000	0.000000	0.000000
-0.996512	-0.801495	-0.767542	0.763820	0.000000	0.000000	0.000000	0.000000	0.000000	0.000000
-0.996496	-0.801495	-0.730182	0.175357	0.000000	0.000000	0.000000	0.000000	0.000000	0.000000
-0.996497	-0.801495	-0.768125	0.770032	0.000000	0.000000	0.000000	0.000000	0.000000	0.000000
-0.996503	-0.801495	-0.768124	0.769976	0.000000	0.000000	0.000000	0.000000	0.000000	0.000000
-0.996520	-0.801495	-0.767935	0.768597	0.000000	0.000000	0.000000	0.000000	0.000000	0.000000
-0.996519	-0.801495	-0.768124	0.769876	0.000000	0.000000	0.000000	0.000000	0.000000	0.000000
-0.996506	-0.801495	-0.760584	0.770721	0.000000	0.000000	0.000000	0.000000	0.000000	0.000000
-0.996503	-0.801495	-0.768125	0.770650	0.000000	0.000000	0.000000	0.000000	0.000000	0.000000
-0.996522	-0.801487	-0.748979	0.768376	0.000000	0.000000	0.000000	0.000000	0.000000	0.000000
-0.996510	-0.801495	-0.735195	0.769726	0.000000	0.000000	0.000000	0.000000	0.000000	0.000000
-0.996507	-0.801495	-0.768041	0.770060	0.000000	0.000000	0.000000	0.000000	0.000000	0.000000
-0.996519	-0.801495	-0.768107	0.768271	0.000000	0.000000	0.000000	0.000000	0.000000	0.000000
-0.996502	-0.801495	-0.768125	0.769534	0.000000	0.000000	0.000000	0.000000	0.000000	0.000000
-0.996510	-0.801495	-0.768118	0.769344	0.000000	0.000000	0.000000	0.000000	0.000000	0.000000
-0.996525	-0.801494	-0.767961	0.744555	0.000000	0.000000	0.000000	0.000000	0.000000	0.000000
-0.996508	-0.801495	-0.768119	0.770818	0.000000	0.000000	0.000000	0.000000	0.000000	0.000000
-0.996515	-0.801495	-0.768124	0.770138	0.000000	0.000000	0.000000	0.000000	0.000000	0.000000
-0.996511	-0.801495	-0.768004	0.770428	0.000000	0.000000	0.000000	0.000000	0.000000	0.000000
-0.996497	-0.801495	-0.768106	0.770210	0.000000	0.000000	0.000000	0.000000	0.000000	0.000000
-0.996521	-0.801495	-0.767981	0.769918	0.000000	0.000000	0.000000	0.000000	0.000000	0.000000
-0.996508	-0.801495	-0.768119	0.723982	0.000000	0.000000	0.000000	0.000000	0.000000	0.000000
-0.996506	-0.801495	-0.677998	0.769946	0.000000	0.000000	0.000000	0.000000	0.000000	0.000000
-0.996516	-0.801495	-0.767883	0.770377	0.000000	0.000000	0.000000	0.000000	0.000000	0.000000
-0.996502	-0.801495	-0.767976	0.768086	0.000000	0.000000	0.000000	0.000000	0.000000	0.000000
-0.996505	-0.801495	-0.767674	0.763935	0.000000	0.000000	0.000000	0.000000	0.000000	0.000000
-0.996507	-0.801495	-0.768096	0.761691	0.000000	0.000000	0.000000	0.000000	0.000000	0.000000
-0.996496	-0.801472	-0.765149	0.769705	0.000000	0.000000	0.000000	0.000000	0.000000	0.000000
-0.996511	-0.801495	-0.768012	0.770172	0.000000	0.000000	0.000000	0.000000	0.000000	0.000000
-0.996519	-0.801495	-0.767899	0.766189	0.000000	0.000000	0.000000	0.000000	0.000000	0.000000
-0.996499	-0.801495	-0.768125	0.325726	0.000000	0.000000	0.000000	0.000000	0.000000	0.000000
-0.996499	-0.801495	-0.729543	0.770654	0.000000	0.000000	0.000000	0.000000	0.000000	0.000000
-0.996503	-0.801495	-0.768067	0.769244	0.000000	0.000000	0.000000	0.000000	0.000000	0.000000
-0.996502	-0.801495	-0.768110	0.768621	0.000000	0.000000	0.000000	0.000000	0.000000	0.000000
-0.996512	-0.801495	-0.768121	0.770017	0.000000	0.000000	0.000000	0.000000	0.000000	0.000000
-0.996514	-0.801495	-0.768119	0.769656	0.000000	0.000000	0.000000	0.000000	0.000000	0.000000
-0.996505	-0.801495	-0.768125	0.769497	0.000000	0.000000	0.000000	0.000000	0.000000	0.000000
-0.996500	-0.801454	-0.768114	0.569295	0.000000	0.000000	0.000000	0.000000	0.000000	0.000000
-0.996507	-0.801495	-0.767925	0.769694	0.000000	0.000000	0.000000	0.000000	0.000000	0.000000
-0.996508	-0.801495	-0.768125	0.769234	0.000000	0.000000	0.000000	0.000000	0.000000	0.000000
-0.996504	-0.801495	-0.768119	0.770716	0.000000	0.000000	0.000000	0.000000	0.000000	0.000000
-0.996505	-0.801495	-0.768087	0.769306	0.000000	0.000000	0.000000	0.000000	0.000000	0.000000
-0.996512	-0.801495	-0.767888	0.769864	0.000000	0.000000	0.000000	0.000000	0.000000	0.000000
-0.996496	-0.801495	-0.768027	0.769914	0.000000	0.000000	0.000000	0.000000	0.000000	0.000000
-0.996503	-0.801495	-0.768125	0.769787	0.000000	0.000000	0.000000	0.000000	0.000000	0.000000
-0.996511	-0.801495	-0.768119	0.770014	0.000000	0.000000	0.000000	0.000000	0.000000	0.000000
-0.996516	-0.801495	-0.768111	0.763922	0.000000	0.000000	0.000000	0.000000	0.000000	0.000000
-0.996513	-0.801469	-0.762957	0.770125	0.000000	0.000000	0.000000	0.000000	0.000000	0.000000
-0.996513	-0.801495	-0.766476	0.769850	0.000000	0.000000	0.000000	0.000000	0.000000	0.000000
-0.996516	-0.801495	-0.768047	0.769075	0.000000	0.000000	0.000000	0.000000	0.000000	0.000000
-0.996496	-0.801495	-0.768107	0.767695	0.000000	0.000000	0.000000	0.000000	0.000000	0.000000
-0.996509	-0.801495	-0.768116	0.769981	0.000000	0.000000	0.000000	0.000000	0.000000	0.000000
-0.996514	-0.801495	-0.768100	0.770739	0.000000	0.000000	0.000000	0.000000	0.000000	0.000000
-0.996502	-0.801495	-0.768112	0.769242	0.000000	0.000000	0.000000	0.000000	0.000000	0.000000
-0.996499	-0.801495	-0.768097	0.768994	0.000000	0.000000	0.000000	0.000000	0.000000	0.000000
-0.996515	-0.801495	-0.759034	0.768850	0.000000	0.000000	0.000000	0.000000	0.000000	0.000000
-0.996521	-0.801495	-0.768033	0.770087	0.000000	0.000000	0.000000	0.000000	0.000000	0.000000
-0.996516	-0.801495	-0.768098	0.770101	0.000000	0.000000	0.000000	0.000000	0.000000	0.000000
-0.996515	-0.801495	-0.767925	0.755613	0.000000	0.000000	0.000000	0.000000	0.000000	0.000000
-0.996502	-0.801495	-0.747740	0.770243	0.000000	0.000000	0.000000	0.000000	0.000000	0.000000
-0.996503	-0.801495	-0.768103	0.755974	0.000000	0.000000	0.000000	0.000000	0.000000	0.000000
-0.996512	-0.801494	-0.768002	0.769752	0.000000	0.000000	0.000000	0.000000	0.000000	0.000000
-0.996513	-0.801489	-0.767866	0.744756	0.000000	0.000000	0.000000	0.000000	0.000000	0.000000
-0.996514	-0.801495	-0.759519	0.770201	0.000000	0.000000	0.000000	0.000000	0.000000	0.000000
-0.996505	-0.801495	-0.766731	0.769616	0.000000	0.000000	0.000000	0.000000	0.000000	0.000000
-0.996514	-0.801495	-0.768104	0.760715	0.000000	0.000000	0.000000	0.000000	0.000000	0.000000
-0.996505	-0.801495	-0.768125	0.770457	0.000000	0.000000	0.000000	0.000000	0.000000	0.000000
-0.996501	-0.801495	-0.768094	0.051194	0.000000	0.000000	0.000000	0.000000	0.000000	0.000000
-0.996511	-0.801495	-0.762908	0.769850	0.000000	0.000000	0.000000	0.000000	0.000000	0.000000
-0.996509	-0.801495	-0.767994	0.770079	0.000000	0.000000	0.000000	0.000000	0.000000	0.000000
-0.996504	-0.801495	-0.768119	0.769772	0.000000	0.000000	0.000000	0.000000	0.000000	0.000000
-0.996500	-0.801495	-0.768124	0.770212	0.000000	0.000000	0.000000	0.000000	0.000000	0.000000
-0.996495	-0.801323	-0.763489	0.769227	0.000000	0.000000	0.000000	0.000000	0.000000	0.000000
-0.996503	-0.801495	-0.767974	0.699953	0.000000	0.000000	0.000000	0.000000	0.000000	0.000000
-0.996510	-0.801495	-0.768116	0.770117	0.000000	0.000000	0.000000	0.000000	0.000000	0.000000
-0.996517	-0.801495	-0.766766	0.770160	0.000000	0.000000	0.000000	0.000000	0.000000	0.000000
-0.996510	-0.801495	-0.768117	0.770194	0.000000	0.000000	0.000000	0.000000	0.000000	0.000000
-0.996506	-0.801495	-0.768124	0.770612	0.000000	0.000000	0.000000	0.000000	0.000000	0.000000
-0.996521	-0.801495	-0.768061	0.769274	0.000000	0.000000	0.000000	0.000000	0.000000	0.000000
-0.996505	-0.801495	-0.768104	0.770099	0.000000	0.000000	0.000000	0.000000	0.000000	0.000000
-0.996520	-0.801495	-0.768068	0.767924	0.000000	0.000000	0.000000	0.000000	0.000000	0.000000
-0.996510	-0.801495	-0.768114	0.769663	0.000000	0.000000	0.000000	0.000000	0.000000	0.000000
-0.996499	-0.801495	-0.768102	0.137609	0.000000	0.000000	0.000000	0.000000	0.000000	0.000000
-0.996517	-0.801495	-0.768113	0.763490	0.000000	0.000000	0.000000	0.000000	0.000000	0.000000
-0.996498	-0.801495	-0.767441	0.700915	0.000000	0.000000	0.000000	0.000000	0.000000	0.000000
-0.996487	-0.801495	-0.768052	0.769146	0.000000	0.000000	0.000000	0.000000	0.000000	0.000000
-0.996499	-0.801495	-0.768124	0.769888	0.000000	0.000000	0.000000	0.000000	0.000000	0.000000
-0.996500	-0.801445	-0.768125	0.769991	0.000000	0.000000	0.000000	0.000000	0.000000	0.000000
-0.996505	-0.801495	-0.768121	0.769625	0.000000	0.000000	0.000000	0.000000	0.000000	0.000000
-0.996506	-0.801495	-0.768124	0.770057	0.000000	0.000000	0.000000	0.000000	0.000000	0.000000
-0.996531	-0.801495	-0.764734	0.770127	0.000000	0.000000	0.000000	0.000000	0.000000	0.000000
-0.996505	-0.801495	-0.766943	0.769929	0.000000	0.000000	0.000000	0.000000	0.000000	0.000000
-0.996520	-0.801495	-0.752895	0.770636	0.000000	0.000000	0.000000	0.000000	0.000000	0.000000
-0.996524	-0.801495	-0.768123	0.769519	0.000000	0.000000	0.000000	0.000000	0.000000	0.000000
-0.996504	-0.801495	-0.768122	0.770376	0.000000	0.000000	0.000000	0.000000	0.000000	0.000000
-0.996496	-0.801495	-0.768124	0.770232	0.000000	0.000000	0.000000	0.000000	0.000000	0.000000
-0.996494	-0.801495	-0.768099	0.770136	0.000000	0.000000	0.000000	0.000000	0.000000	0.000000
-0.996503	-0.801495	-0.768125	0.770435	0.000000	0.000000	0.000000	0.000000	0.000000	0.000000
-0.996492	-0.801495	-0.764504	0.749595	0.000000	0.000000	0.000000	0.000000	0.000000	0.000000
-0.996511	-0.801495	-0.767693	0.770250	0.000000	0.000000	0.000000	0.000000	0.000000	0.000000
-0.996504	-0.801495	-0.767841	0.769041	0.000000	0.000000	0.000000	0.000000	0.000000	0.000000
-0.996509	-0.801495	-0.767863	0.769617	0.000000	0.000000	0.000000	0.000000	0.000000	0.000000
-0.996491	-0.801495	-0.349260	0.770445	0.000000	0.000000	0.000000	0.000000	0.000000	0.000000
-0.996508	-0.801495	-0.768124	0.769220	0.000000	0.000000	0.000000	0.000000	0.000000	0.000000
-0.996484	-0.801495	-0.761582	0.769933	0.000000	0.000000	0.000000	0.000000	0.000000	0.000000
-0.996505	-0.801495	-0.767261	0.769946	0.000000	0.000000	0.000000	0.000000	0.000000	0.000000
-0.996507	-0.801495	-0.768065	0.348258	0.000000	0.000000	0.000000	0.000000	0.000000	0.000000
-0.996518	-0.801495	-0.768105	0.768982	0.000000	0.000000	0.000000	0.000000	0.000000	0.000000
-0.996514	-0.801495	-0.768119	0.770334	0.000000	0.000000	0.000000	0.000000	0.000000	0.000000
-0.996511	-0.801495	-0.763953	0.763313	0.000000	0.000000	0.000000	0.000000	0.000000	0.000000
-0.996509	-0.801495	-0.768110	0.769674	0.000000	0.000000	0.000000	0.000000	0.000000	0.000000
-0.996508	-0.801495	-0.768118	0.768488	0.000000	0.000000	0.000000	0.000000	0.000000	0.000000
-0.996499	-0.801495	-0.768122	0.769814	0.000000	0.000000	0.000000	0.000000	0.000000	0.000000
-0.996509	-0.801495	-0.768068	0.770184	0.000000	0.000000	0.000000	0.000000	0.000000	0.000000
-0.996504	-0.801495	-0.768125	0.761992	0.000000	0.000000	0.000000	0.000000	0.000000	0.000000
-0.996523	-0.801495	-0.767644	0.769995	0.000000	0.000000	0.000000	0.000000	0.000000	0.000000
-0.996507	-0.801495	-0.767433	0.769780	0.000000	0.000000	0.000000	0.000000	0.000000	0.000000
-0.996513	-0.801495	-0.767954	0.770746	0.000000	0.000000	0.000000	0.000000	0.000000	0.000000
-0.996515	-0.801495	-0.763133	0.769478	0.000000	0.000000	0.000000	0.000000	0.000000	0.000000
-0.996509	-0.801495	-0.768119	0.770008	0.000000	0.000000	0.000000	0.000000	0.000000	0.000000
-0.996506	-0.801495	-0.767982	0.765329	0.000000	0.000000	0.000000	0.000000	0.000000	0.000000
-0.996501	-0.801495	-0.768118	0.767397	0.000000	0.000000	0.000000	0.000000	0.000000	0.000000
-0.996511	-0.801495	-0.763061	0.770121	0.000000	0.000000	0.000000	0.000000	0.000000	0.000000
-0.996504	-0.801495	-0.768108	0.769879	0.000000	0.000000	0.000000	0.000000	0.000000	0.000000
-0.996500	-0.801495	-0.768125	0.769134	0.000000	0.000000	0.000000	0.000000	0.000000	0.000000
-0.996501	-0.801495	-0.768117	0.762329	0.000000	0.000000	0.000000	0.000000	0.000000	0.000000
-0.996510	-0.801495	-0.768125	0.763057	0.000000	0.000000	0.000000	0.000000	0.000000	0.000000
-0.996498	-0.801495	-0.768123	0.770040	0.000000	0.000000	0.000000	0.000000	0.000000	0.000000
-0.996525	-0.801495	-0.768115	0.770433	0.000000	0.000000	0.000000	0.000000	0.000000	0.000000
-0.996515	-0.801495	-0.768124	0.769537	0.000000	0.000000	0.000000	0.000000	0.000000	0.000000
-0.996512	-0.801495	-0.768041	0.769906	0.000000	0.000000	0.000000	0.000000	0.000000	0.000000
-0.996508	-0.801495	-0.768125	0.760281	0.000000	0.000000	0.000000	0.000000	0.000000	0.000000
-0.996502	-0.801495	-0.768091	0.769734	0.000000	0.000000	0.000000	0.000000	0.000000	0.000000
-0.996517	-0.801495	-0.768122	0.770247	0.000000	0.000000	0.000000	0.000000	0.000000	0.000000
-0.996505	-0.801495	-0.768117	0.769342	0.000000	0.000000	0.000000	0.000000	0.000000	0.000000
-0.996499	-0.801495	-0.768122	0.351166	0.000000	0.000000	0.000000	0.000000	0.000000	0.000000
-0.996510	-0.801495	-0.768125	0.769534	0.000000	0.000000	0.000000	0.000000	0.000000	0.000000
-0.996509	-0.801495	-0.767970	0.769758	0.000000	0.000000	0.000000	0.000000	0.000000	0.000000
-0.996519	-0.801495	-0.768122	0.770062	0.000000	0.000000	0.000000	0.000000	0.000000	0.000000
-0.996519	-0.801495	-0.768093	0.770219	0.000000	0.000000	0.000000	0.000000	0.000000	0.000000
-0.996526	-0.801495	-0.767450	0.762449	0.000000	0.000000	0.000000	0.000000	0.000000	0.000000
-0.996515	-0.801495	-0.768125	0.769477	0.000000	0.000000	0.000000	0.000000	0.000000	0.000000
-0.996513	-0.801495	-0.768082	0.768911	0.000000	0.000000	0.000000	0.000000	0.000000	0.000000
-0.996500	-0.801495	-0.767901	0.770510	0.000000	0.000000	0.000000	0.000000	0.000000	0.000000
-0.996503	-0.801495	-0.768089	0.735758	0.000000	0.000000	0.000000	0.000000	0.000000	0.000000
-0.996518	-0.801495	-0.759239	0.768960	0.000000	0.000000	0.000000	0.000000	0.000000	0.000000
-0.996505	-0.801495	-0.741781	0.769044	0.000000	0.000000	0.000000	0.000000	0.000000	0.000000
-0.996520	-0.801495	-0.768031	0.770636	0.000000	0.000000	0.000000	0.000000	0.000000	0.000000
-0.996498	-0.801495	-0.759507	0.769989	0.000000	0.000000	0.000000	0.000000	0.000000	0.000000
-0.996508	-0.801495	-0.768097	0.768191	0.000000	0.000000	0.000000	0.000000	0.000000	0.000000
-0.996496	-0.801495	-0.767196	0.767049	0.000000	0.000000	0.000000	0.000000	0.000000	0.000000
-0.996513	-0.801495	-0.760376	0.770176	0.000000	0.000000	0.000000	0.000000	0.000000	0.000000
-0.996506	-0.801495	-0.768111	0.769970	0.000000	0.000000	0.000000	0.000000	0.000000	0.000000
-0.996494	-0.801495	-0.768099	0.769484	0.000000	0.000000	0.000000	0.000000	0.000000	0.000000
-0.996493	-0.801495	-0.768064	0.754976	0.000000	0.000000	0.000000	0.000000	0.000000	0.000000
-0.996502	-0.801495	-0.767913	0.768726	0.000000	0.000000	0.000000	0.000000	0.000000	0.000000
-0.996502	-0.801495	-0.768125	0.770202	0.000000	0.000000	0.000000	0.000000	0.000000	0.000000
-0.996517	-0.801495	-0.767393	0.769427	0.000000	0.000000	0.000000	0.000000	0.000000	0.000000
-0.996497	-0.801495	-0.767894	0.770141	0.000000	0.000000	0.000000	0.000000	0.000000	0.000000
-0.996506	-0.801495	-0.768025	0.768991	0.000000	0.000000	0.000000	0.000000	0.000000	0.000000
-0.996506	-0.801495	-0.768014	0.769835	0.000000	0.000000	0.000000	0.000000	0.000000	0.000000
-0.996510	-0.801495	-0.621481	0.770115	0.000000	0.000000	0.000000	0.000000	0.000000	0.000000
-0.996499	-0.801495	-0.767996	0.757159	0.000000	0.000000	0.000000	0.000000	0.000000	0.000000
-0.996498	-0.801495	-0.768123	0.756733	0.000000	0.000000	0.000000	0.000000	0.000000	0.000000
-0.996507	-0.801495	-0.768064	0.754239	0.000000	0.000000	0.000000	0.000000	0.000000	0.000000
-0.996511	-0.801495	-0.766108	0.768674	0.000000	0.000000	0.000000	0.000000	0.000000	0.000000
-0.996503	-0.801495	-0.768123	0.770002	0.000000	0.000000	0.000000	0.000000	0.000000	0.000000
-0.996518	-0.801495	-0.768044	0.554369	0.000000	0.000000	0.000000	0.000000	0.000000	0.000000
-0.996506	-0.801495	-0.768109	0.769568	0.000000	0.000000	0.000000	0.000000	0.000000	0.000000
-0.996497	-0.801495	-0.768114	0.768510	0.000000	0.000000	0.000000	0.000000	0.000000	0.000000
-0.996506	-0.801495	-0.765897	0.155460	0.000000	0.000000	0.000000	0.000000	0.000000	0.000000
-0.996515	-0.801495	-0.768123	0.760831	0.000000	0.000000	0.000000	0.000000	0.000000	0.000000
-0.996515	-0.801495	-0.768084	0.768297	0.000000	0.000000	0.000000	0.000000	0.000000	0.000000
-0.996511	-0.801495	-0.767748	0.770011	0.000000	0.000000	0.000000	0.000000	0.000000	0.000000
-0.996517	-0.801495	-0.768077	0.769994	0.000000	0.000000	0.000000	0.000000	0.000000	0.000000
-0.996504	-0.801495	-0.768122	0.769809	0.000000	0.000000	0.000000	0.000000	0.000000	0.000000
-0.996505	-0.801495	-0.767969	0.769590	0.000000	0.000000	0.000000	0.000000	0.000000	0.000000
-0.996505	-0.801495	-0.768124	0.770223	0.000000	0.000000	0.000000	0.000000	0.000000	0.000000
-0.996492	-0.801495	-0.748955	0.416369	0.000000	0.000000	0.000000	0.000000	0.000000	0.000000
-0.996517	-0.801495	-0.768022	0.769704	0.000000	0.000000	0.000000	0.000000	0.000000	0.000000
-0.996500	-0.801495	-0.702489	0.770645	0.000000	0.000000	0.000000	0.000000	0.000000	0.000000
-0.996510	-0.801495	-0.763045	0.770237	0.000000	0.000000	0.000000	0.000000	0.000000	0.000000
-0.996499	-0.801495	-0.768092	0.766297	0.000000	0.000000	0.000000	0.000000	0.000000	0.000000
-0.996515	-0.801495	-0.766990	0.768704	0.000000	0.000000	0.000000	0.000000	0.000000	0.000000
-0.996503	-0.801495	-0.767996	0.764087	0.000000	0.000000	0.000000	0.000000	0.000000	0.000000
-0.996496	-0.801495	-0.768054	0.770181	0.000000	0.000000	0.000000	0.000000	0.000000	0.000000
-0.996514	-0.801495	-0.768045	0.769522	0.000000	0.000000	0.000000	0.000000	0.000000	0.000000
-0.996513	-0.801495	-0.768125	0.769746	0.000000	0.000000	0.000000	0.000000	0.000000	0.000000
-0.996506	-0.801495	-0.768113	0.737089	0.000000	0.000000	0.000000	0.000000	0.000000	0.000000
-0.996518	-0.801495	-0.768049	0.770120	0.000000	0.000000	0.000000	0.000000	0.000000	0.000000
-0.996500	-0.801495	-0.767950	0.768270	0.000000	0.000000	0.000000	0.000000	0.000000	0.000000
-0.996512	-0.801495	-0.768105	0.673558	0.000000	0.000000	0.000000	0.000000	0.000000	0.000000
-0.996509	-0.801495	-0.768125	0.770289	0.000000	0.000000	0.000000	0.000000	0.000000	0.000000
-0.996504	-0.801495	-0.767873	0.770474	0.000000	0.000000	0.000000	0.000000	0.000000	0.000000
-0.996521	-0.801495	-0.768121	0.769648	0.000000	0.000000	0.000000	0.000000	0.000000	0.000000
-0.996505	-0.801495	-0.768108	0.769977	0.000000	0.000000	0.000000	0.000000	0.000000	0.000000
-0.996514	-0.801495	-0.768115	0.769859	0.000000	0.000000	0.000000	0.000000	0.000000	0.000000
-0.996513	-0.801495	-0.768048	0.770111	0.000000	0.000000	0.000000	0.000000	0.000000	0.000000
-0.996513	-0.801494	-0.768125	0.769286	0.000000	0.000000	0.000000	0.000000	0.000000	0.000000
-0.996518	-0.801495	-0.767650	0.769846	0.000000	0.000000	0.000000	0.000000	0.000000	0.000000
-0.996504	-0.801495	-0.753057	0.770345	0.000000	0.000000	0.000000	0.000000	0.000000	0.000000
-0.996519	-0.801495	-0.768076	0.769919	0.000000	0.000000	0.000000	0.000000	0.000000	0.000000
-0.996499	-0.801495	-0.768119	0.745861	0.000000	0.000000	0.000000	0.000000	0.000000	0.000000
-0.996484	-0.801495	-0.768125	0.770143	0.000000	0.000000	0.000000	0.000000	0.000000	0.000000
-0.996512	-0.799160	-0.717928	0.770145	0.000000	0.000000	0.000000	0.000000	0.000000	0.000000
-0.996504	-0.801495	-0.768125	0.769872	0.000000	0.000000	0.000000	0.000000	0.000000	0.000000
-0.996508	-0.801495	-0.767259	0.769489	0.000000	0.000000	0.000000	0.000000	0.000000	0.000000
-0.996496	-0.801495	-0.768114	0.769275	0.000000	0.000000	0.000000	0.000000	0.000000	0.000000
-0.996467	-0.798211	-0.000006	-0.000032	0.000000	0.000000	0.000000	0.000000	0.000000	0.000000
-0.996504	-0.801495	0.800210	-0.797576	0.000000	0.000000	0.000000	0.000000	0.000000	0.000000
-0.996511	-0.801495	0.800147	-0.797261	0.000000	0.000000	0.000000	0.000000	0.000000	0.000000
-0.996505	-0.801495	0.800238	-0.797728	0.000000	0.000000	0.000000	0.000000	0.000000	0.000000
-0.996507	-0.801495	0.800254	-0.797748	0.000000	0.000000	0.000000	0.000000	0.000000	0.000000
-0.996515	-0.801495	0.800041	-0.793983	0.000000	0.000000	0.000000	0.000000	0.000000	0.000000
-0.996503	-0.801495	0.800253	-0.797598	0.000000	0.000000	0.000000	0.000000	0.000000	0.000000
-0.996501	-0.801495	0.800162	-0.797600	0.000000	0.000000	0.000000	0.000000	0.000000	0.000000
-0.996485	-0.801495	0.800189	-0.797752	0.000000	0.000000	0.000000	0.000000	0.000000	0.000000
-0.996505	-0.801495	0.800237	-0.797686	0.000000	0.000000	0.000000	0.000000	0.000000	0.000000
-0.996499	-0.801495	0.750292	-0.797727	0.000000	0.000000	0.000000	0.000000	0.000000	0.000000
-0.996507	-0.801495	0.800245	-0.717192	0.000000	0.000000	0.000000	0.000000	0.000000	0.000000
-0.996496	-0.801495	0.797177	-0.771387	0.000000	0.000000	0.000000	0.000000	0.000000	0.000000
-0.996506	-0.801495	0.800218	-0.797688	0.000000	0.000000	0.000000	0.000000	0.000000	0.000000
-0.996494	-0.801495	0.800220	-0.794351	0.000000	0.000000	0.000000	0.000000	0.000000	0.000000
-0.996501	-0.801495	0.796589	-0.797629	0.000000	0.000000	0.000000	0.000000	0.000000	0.000000
-0.996518	-0.801495	0.798053	-0.797743	0.000000	0.000000	0.000000	0.000000	0.000000	0.000000
-0.996505	-0.801488	0.799776	-0.797649	0.000000	0.000000	0.000000	0.000000	0.000000	0.000000
-0.996508	-0.801495	0.800256	-0.797440	0.000000	0.000000	0.000000	0.000000	0.000000	0.000000
-0.996517	-0.801495	0.800256	-0.796291	0.000000	0.000000	0.000000	0.000000	0.000000	0.000000
-0.996499	-0.801494	0.800244	-0.797729	0.000000	0.000000	0.000000	0.000000	0.000000	0.000000
-0.996512	-0.801495	0.800246	-0.797752	0.000000	0.000000	0.000000	0.000000	0.000000	0.000000
-0.996508	-0.801495	0.800260	-0.797731	0.000000	0.000000	0.000000	0.000000	0.000000	0.000000
-0.996519	-0.801495	0.800261	-0.791002	0.000000	0.000000	0.000000	0.000000	0.000000	0.000000
-0.996504	-0.801495	0.800260	-0.797750	0.000000	0.000000	0.000000	0.000000	0.000000	0.000000
-0.996514	-0.801495	0.800084	-0.796905	0.000000	0.000000	0.000000	0.000000	0.000000	0.000000
-0.996513	-0.801495	0.800017	-0.797679	0.000000	0.000000	0.000000	0.000000	0.000000	0.000000
-0.996516	-0.801495	0.751040	-0.797636	0.000000	0.000000	0.000000	0.000000	0.000000	0.000000
-0.996505	-0.801495	0.800260	-0.797752	0.000000	0.000000	0.000000	0.000000	0.000000	0.000000
-0.996516	-0.801495	0.800110	-0.797749	0.000000	0.000000	0.000000	0.000000	0.000000	0.000000
-0.996510	-0.801495	0.800261	-0.797528	0.000000	0.000000	0.000000	0.000000	0.000000	0.000000
-0.996515	-0.801495	0.799761	-0.797685	0.000000	0.000000	0.000000	0.000000	0.000000	0.000000
-0.996513	-0.801495	0.798518	-0.750854	0.000000	0.000000	0.000000	0.000000	0.000000	0.000000
-0.996519	-0.801495	0.800260	-0.797689	0.000000	0.000000	0.000000	0.000000	0.000000	0.000000
-0.996498	-0.801495	0.798775	-0.797751	0.000000	0.000000	0.000000	0.000000	0.000000	0.000000
-0.996505	-0.801495	0.800259	-0.797718	0.000000	0.000000	0.000000	0.000000	0.000000	0.000000
-0.996510	-0.801495	0.800260	-0.797749	0.000000	0.000000	0.000000	0.000000	0.000000	0.000000
-0.996508	-0.801495	0.800261	-0.797582	0.000000	0.000000	0.000000	0.000000	0.000000	0.000000
-0.996512	-0.801495	0.797722	-0.797720	0.000000	0.000000	0.000000	0.000000	0.000000	0.000000
-0.996516	-0.801495	0.793920	-0.797752	0.000000	0.000000	0.000000	0.000000	0.000000	0.000000
-0.996506	-0.801495	0.800173	-0.723567	0.000000	0.000000	0.000000	0.000000	0.000000	0.000000
-0.996512	-0.801495	0.789790	-0.797651	0.000000	0.000000	0.000000	0.000000	0.000000	0.000000
-0.996507	-0.801495	0.800243	-0.797705	0.000000	0.000000	0.000000	0.000000	0.000000	0.000000
-0.996505	-0.801495	0.800251	-0.797673	0.000000	0.000000	0.000000	0.000000	0.000000	0.000000
-0.996513	-0.801495	0.800258	-0.797686	0.000000	0.000000	0.000000	0.000000	0.000000	0.000000
-0.996513	-0.801495	0.800245	-0.797646	0.000000	0.000000	0.000000	0.000000	0.000000	0.000000
-0.996501	-0.801495	0.800196	-0.797749	0.000000	0.000000	0.000000	0.000000	0.000000	0.000000
-0.996508	-0.801495	0.484439	-0.797695	0.000000	0.000000	0.000000	0.000000	0.000000	0.000000
-0.996510	-0.801495	0.800261	-0.797715	0.000000	0.000000	0.000000	0.000000	0.000000	0.000000
-0.996514	-0.801495	0.799446	-0.797718	0.000000	0.000000	0.000000	0.000000	0.000000	0.000000
-0.996522	-0.801495	0.800239	-0.797749	0.000000	0.000000	0.000000	0.000000	0.000000	0.000000
-0.996502	-0.801495	0.796212	-0.797728	0.000000	0.000000	0.000000	0.000000	0.000000	0.000000
-0.996513	-0.801495	0.800258	-0.797634	0.000000	0.000000	0.000000	0.000000	0.000000	0.000000
-0.996524	-0.801495	0.800250	-0.797750	0.000000	0.000000	0.000000	0.000000	0.000000	0.000000
-0.996515	-0.801495	0.800017	-0.797752	0.000000	0.000000	0.000000	0.000000	0.000000	0.000000
-0.996495	-0.801495	0.799073	-0.778674	0.000000	0.000000	0.000000	0.000000	0.000000	0.000000
-0.996498	-0.801495	0.800260	-0.797170	0.000000	0.000000	0.000000	0.000000	0.000000	0.000000
-0.996508	-0.801495	0.800261	-0.797710	0.000000	0.000000	0.000000	0.000000	0.000000	0.000000
-0.996519	-0.801495	0.800246	-0.797663	0.000000	0.000000	0.000000	0.000000	0.000000	0.000000
-0.996500	-0.801495	0.800260	-0.797728	0.000000	0.000000	0.000000	0.000000	0.000000	0.000000
-0.996502	-0.801495	0.800148	-0.797611	0.000000	0.000000	0.000000	0.000000	0.000000	0.000000
-0.996500	-0.801161	0.798782	-0.797716	0.000000	0.000000	0.000000	0.000000	0.000000	0.000000
-0.996493	-0.801495	0.800194	-0.797752	0.000000	0.000000	0.000000	0.000000	0.000000	0.000000
-0.996510	-0.801495	0.800256	-0.789481	0.000000	0.000000	0.000000	0.000000	0.000000	0.000000
-0.996495	-0.801495	0.800246	-0.797467	0.000000	0.000000	0.000000	0.000000	0.000000	0.000000
-0.996531	-0.801495	0.800205	-0.789797	0.000000	0.000000	0.000000	0.000000	0.000000	0.000000
-0.996511	-0.801495	0.800220	-0.793709	0.000000	0.000000	0.000000	0.000000	0.000000	0.000000
-0.996517	-0.801495	0.796135	-0.797742	0.000000	0.000000	0.000000	0.000000	0.000000	0.000000
-0.996500	-0.801495	0.793355	-0.797747	0.000000	0.000000	0.000000	0.000000	0.000000	0.000000
-0.996515	-0.801495	0.800204	-0.797628	0.000000	0.000000	0.000000	0.000000	0.000000	0.000000
-0.996515	-0.801495	0.800261	-0.797606	0.000000	0.000000	0.000000	0.000000	0.000000	0.000000
-0.996505	-0.801495	0.776091	-0.797730	0.000000	0.000000	0.000000	0.000000	0.000000	0.000000
-0.996505	-0.801495	0.800260	-0.797497	0.000000	0.000000	0.000000	0.000000	0.000000	0.000000
-0.996513	-0.801495	0.800022	-0.797751	0.000000	0.000000	0.000000	0.000000	0.000000	0.000000
-0.996514	-0.801495	0.800167	-0.794886	0.000000	0.000000	0.000000	0.000000	0.000000	0.000000
-0.996517	-0.801495	0.800261	-0.796465	0.000000	0.000000	0.000000	0.000000	0.000000	0.000000
-0.996509	-0.801495	0.800261	-0.789861	0.000000	0.000000	0.000000	0.000000	0.000000	0.000000
-0.996519	-0.801495	0.800251	-0.797728	0.000000	0.000000	0.000000	0.000000	0.000000	0.000000
-0.996494	-0.801495	0.800121	-0.770625	0.000000	0.000000	0.000000	0.000000	0.000000	0.000000
-0.996523	-0.801495	0.800250	-0.514350	0.000000	0.000000	0.000000	0.000000	0.000000	0.000000
-0.996511	-0.801495	0.800257	-0.797128	0.000000	0.000000	0.000000	0.000000	0.000000	0.000000
-0.996512	-0.801495	0.800237	-0.797713	0.000000	0.000000	0.000000	0.000000	0.000000	0.000000
-0.996495	-0.801495	0.800258	-0.797630	0.000000	0.000000	0.000000	0.000000	0.000000	0.000000
-0.996520	-0.801495	0.800260	-0.645734	0.000000	0.000000	0.000000	0.000000	0.000000	0.000000
-0.996504	-0.801495	0.800189	-0.797710	0.000000	0.000000	0.000000	0.000000	0.000000	0.000000
-0.996496	-0.801495	0.800145	-0.797751	0.000000	0.000000	0.000000	0.000000	0.000000	0.000000
-0.996512	-0.801495	0.799165	-0.797742	0.000000	0.000000	0.000000	0.000000	0.000000	0.000000
-0.996497	-0.801495	0.799865	-0.776688	0.000000	0.000000	0.000000	0.000000	0.000000	0.000000
-0.996517	-0.801495	0.800259	-0.797708	0.000000	0.000000	0.000000	0.000000	0.000000	0.000000
-0.996511	-0.801495	0.800260	-0.797744	0.000000	0.000000	0.000000	0.000000	0.000000	0.000000
-0.996516	-0.801495	0.800139	-0.796530	0.000000	0.000000	0.000000	0.000000	0.000000	0.000000
-0.996501	-0.801495	0.799838	-0.797580	0.000000	0.000000	0.000000	0.000000	0.000000	0.000000
-0.996503	-0.801495	0.800260	-0.788420	0.000000	0.000000	0.000000	0.000000	0.000000	0.000000
-0.996509	-0.801495	0.800247	-0.797752	0.000000	0.000000	0.000000	0.000000	0.000000	0.000000
-0.996512	-0.801495	0.800258	-0.794965	0.000000	0.000000	0.000000	0.000000	0.000000	0.000000
-0.996512	-0.801495	0.800243	-0.797715	0.000000	0.000000	0.000000	0.000000	0.000000	0.000000
-0.996513	-0.801495	0.795422	-0.797717	0.000000	0.000000	0.000000	0.000000	0.000000	0.000000
-0.996509	-0.801495	0.734935	-0.797045	0.000000	0.000000	0.000000	0.000000	0.000000	0.000000
-0.996506	-0.801495	0.795105	-0.797746	0.000000	0.000000	0.000000	0.000000	0.000000	0.000000
-0.996519	-0.801495	0.798974	-0.797717	0.000000	0.000000	0.000000	0.000000	0.000000	0.000000
-0.996509	-0.801495	0.799207	-0.797752	0.000000	0.000000	0.000000	0.000000	0.000000	0.000000
-0.996509	-0.801495	0.800260	-0.797752	0.000000	0.000000	0.000000	0.000000	0.000000	0.000000
-0.996506	-0.801495	0.800177	-0.786406	0.000000	0.000000	0.000000	0.000000	0.000000	0.000000
-0.996479	-0.801495	0.800032	-0.797751	0.000000	0.000000	0.000000	0.000000	0.000000	0.000000
-0.996523	-0.801495	0.800256	-0.797610	0.000000	0.000000	0.000000	0.000000	0.000000	0.000000
-0.996510	-0.801495	0.799201	-0.797136	0.000000	0.000000	0.000000	0.000000	0.000000	0.000000
-0.996502	-0.801495	0.800249	-0.797630	0.000000	0.000000	0.000000	0.000000	0.000000	0.000000
-0.996514	-0.801495	0.800257	-0.797751	0.000000	0.000000	0.000000	0.000000	0.000000	0.000000
-0.996502	-0.801495	0.800255	-0.797739	0.000000	0.000000	0.000000	0.000000	0.000000	0.000000
-0.996494	-0.801495	0.799684	-0.797637	0.000000	0.000000	0.000000	0.000000	0.000000	0.000000
-0.996512	-0.801495	0.797751	-0.797744	0.000000	0.000000	0.000000	0.000000	0.000000	0.000000
-0.996515	-0.801495	0.800256	-0.797749	0.000000	0.000000	0.000000	0.000000	0.000000	0.000000
-0.996514	-0.801495	0.800257	-0.797752	0.000000	0.000000	0.000000	0.000000	0.000000	0.000000
-0.996511	-0.801495	0.800213	-0.797121	0.000000	0.000000	0.000000	0.000000	0.000000	0.000000
-0.996518	-0.801495	0.800156	-0.797750	0.000000	0.000000	0.000000	0.000000	0.000000	0.000000
-0.996509	-0.801495	0.800200	-0.797752	0.000000	0.000000	0.000000	0.000000	0.000000	0.000000
-0.996514	-0.801495	0.800258	-0.797748	0.000000	0.000000	0.000000	0.000000	0.000000	0.000000
-0.996511	-0.801495	0.800134	-0.785658	0.000000	0.000000	0.000000	0.000000	0.000000	0.000000
-0.996504	-0.801495	0.800085	-0.797747	0.000000	0.000000	0.000000	0.000000	0.000000	0.000000
-0.996486	-0.801495	0.798011	-0.797750	0.000000	0.000000	0.000000	0.000000	0.000000	0.000000
-0.996500	-0.801495	0.800260	-0.792769	0.000000	0.000000	0.000000	0.000000	0.000000	0.000000
-0.996516	-0.801495	0.800259	-0.797738	0.000000	0.000000	0.000000	0.000000	0.000000	0.000000
-0.996510	-0.801495	0.800253	-0.797749	0.000000	0.000000	0.000000	0.000000	0.000000	0.000000
-0.996535	-0.801495	0.800244	-0.797642	0.000000	0.000000	0.000000	0.000000	0.000000	0.000000
-0.996510	-0.801495	0.800261	-0.796759	0.000000	0.000000	0.000000	0.000000	0.000000	0.000000
-0.996518	-0.801495	0.800165	-0.767859	0.000000	0.000000	0.000000	0.000000	0.000000	0.000000
-0.996504	-0.801495	0.800260	-0.797745	0.000000	0.000000	0.000000	0.000000	0.000000	0.000000
-0.996505	-0.801495	0.800261	-0.797752	0.000000	0.000000	0.000000	0.000000	0.000000	0.000000
-0.996512	-0.801495	0.800237	-0.794653	0.000000	0.000000	0.000000	0.000000	0.000000	0.000000
-0.996511	-0.801495	0.799021	-0.797726	0.000000	0.000000	0.000000	0.000000	0.000000	0.000000
-0.996517	-0.801495	0.800240	-0.797751	0.000000	0.000000	0.000000	0.000000	0.000000	0.000000
-0.996496	-0.801495	0.800137	-0.797744	0.000000	0.000000	0.000000	0.000000	0.000000	0.000000
-0.996519	-0.801495	0.800258	-0.797740	0.000000	0.000000	0.000000	0.000000	0.000000	0.000000
-0.996515	-0.801495	0.800256	-0.797752	0.000000	0.000000	0.000000	0.000000	0.000000	0.000000
-0.996505	-0.801495	0.800261	-0.797751	0.000000	0.000000	0.000000	0.000000	0.000000	0.000000
-0.996507	-0.801495	0.800261	-0.797752	0.000000	0.000000	0.000000	0.000000	0.000000	0.000000
-0.996495	-0.801495	0.800257	-0.797678	0.000000	0.000000	0.000000	0.000000	0.000000	0.000000
-0.996501	-0.801495	0.800260	-0.797749	0.000000	0.000000	0.000000	0.000000	0.000000	0.000000
-0.996507	-0.801495	0.799874	-0.797751	0.000000	0.000000	0.000000	0.000000	0.000000	0.000000
-0.996499	-0.801495	0.800260	-0.797751	0.000000	0.000000	0.000000	0.000000	0.000000	0.000000
-0.996503	-0.801495	0.800245	-0.797184	0.000000	0.000000	0.000000	0.000000	0.000000	0.000000
-0.996518	-0.801495	0.800223	-0.796401	0.000000	0.000000	0.000000	0.000000	0.000000	0.000000
-0.996504	-0.801495	0.800252	-0.790784	0.000000	0.000000	0.000000	0.000000	0.000000	0.000000
-0.996511	-0.801495	0.800260	-0.793836	0.000000	0.000000	0.000000	0.000000	0.000000	0.000000
-0.996510	-0.801495	0.800205	-0.789367	0.000000	0.000000	0.000000	0.000000	0.000000	0.000000
-0.996515	-0.801495	0.800258	-0.797641	0.000000	0.000000	0.000000	0.000000	0.000000	0.000000
-0.996509	-0.801495	0.800257	-0.797741	0.000000	0.000000	0.000000	0.000000	0.000000	0.000000
-0.996500	-0.801495	0.800261	-0.797741	0.000000	0.000000	0.000000	0.000000	0.000000	0.000000
-0.996517	-0.801495	0.800261	-0.797752	0.000000	0.000000	0.000000	0.000000	0.000000	0.000000
-0.996499	-0.801495	0.800259	-0.797650	0.000000	0.000000	0.000000	0.000000	0.000000	0.000000
-0.996519	-0.801495	0.796331	-0.797706	0.000000	0.000000	0.000000	0.000000	0.000000	0.000000
-0.996511	-0.801493	0.800259	-0.797619	0.000000	0.000000	0.000000	0.000000	0.000000	0.000000
-0.996502	-0.801495	0.800211	-0.392560	0.000000	0.000000	0.000000	0.000000	0.000000	0.000000
-0.996506	-0.801495	0.799285	-0.797746	0.000000	0.000000	0.000000	0.000000	0.000000	0.000000
-0.996502	-0.801495	0.800247	-0.795965	0.000000	0.000000	0.000000	0.000000	0.000000	0.000000
-0.996491	-0.801495	0.794780	-0.796918	0.000000	0.000000	0.000000	0.000000	0.000000	0.000000
-0.996513	-0.801495	0.800261	-0.797706	0.000000	0.000000	0.000000	0.000000	0.000000	0.000000
-0.996503	-0.801495	0.800258	-0.790893	0.000000	0.000000	0.000000	0.000000	0.000000	0.000000
-0.996511	-0.801495	0.800258	-0.797733	0.000000	0.000000	0.000000	0.000000	0.000000	0.000000
-0.996510	-0.801495	0.800183	-0.797730	0.000000	0.000000	0.000000	0.000000	0.000000	0.000000
-0.996511	-0.801495	0.800256	-0.797750	0.000000	0.000000	0.000000	0.000000	0.000000	0.000000
-0.996517	-0.801495	0.791581	-0.797507	0.000000	0.000000	0.000000	0.000000	0.000000	0.000000
-0.996510	-0.801495	0.793033	-0.797752	0.000000	0.000000	0.000000	0.000000	0.000000	0.000000
-0.996493	-0.801495	0.799953	-0.796093	0.000000	0.000000	0.000000	0.000000	0.000000	0.000000
-0.996515	-0.801495	0.800261	-0.797691	0.000000	0.000000	0.000000	0.000000	0.000000	0.000000
-0.996514	-0.801495	0.800258	-0.797752	0.000000	0.000000	0.000000	0.000000	0.000000	0.000000
-0.996504	-0.801495	0.800172	-0.797712	0.000000	0.000000	0.000000	0.000000	0.000000	0.000000
-0.996519	-0.801495	0.800233	-0.797752	0.000000	0.000000	0.000000	0.000000	0.000000	0.000000
-0.996497	-0.801495	0.800261	-0.621702	0.000000	0.000000	0.000000	0.000000	0.000000	0.000000
-0.996501	-0.801495	0.800249	-0.787617	0.000000	0.000000	0.000000	0.000000	0.000000	0.000000
-0.996503	-0.801495	0.800221	-0.797649	0.000000	0.000000	0.000000	0.000000	0.000000	0.000000
-0.996523	-0.801495	0.799833	-0.797751	0.000000	0.000000	0.000000	0.000000	0.000000	0.000000
-0.996522	-0.801495	0.799732	-0.797430	0.000000	0.000000	0.000000	0.000000	0.000000	0.000000
-0.996520	-0.801495	0.798449	-0.797750	0.000000	0.000000	0.000000	0.000000	0.000000	0.000000
-0.996506	-0.801495	0.800237	-0.796481	0.000000	0.000000	0.000000	0.000000	0.000000	0.000000
-0.996506	-0.801495	0.800260	-0.797705	0.000000	0.000000	0.000000	0.000000	0.000000	0.000000
-0.996510	-0.801495	0.800254	-0.797749	0.000000	0.000000	0.000000	0.000000	0.000000	0.000000
-0.996525	-0.801495	0.800252	-0.797714	0.000000	0.000000	0.000000	0.000000	0.000000	0.000000
-0.996519	-0.801495	0.800260	-0.797723	0.000000	0.000000	0.000000	0.000000	0.000000	0.000000
-0.996500	-0.801495	0.799560	-0.796279	0.000000	0.000000	0.000000	0.000000	0.000000	0.000000
-0.996509	-0.801494	0.788295	-0.797740	0.000000	0.000000	0.000000	0.000000	0.000000	0.000000
-0.996509	-0.801495	0.800260	-0.796470	0.000000	0.000000	0.000000	0.000000	0.000000	0.000000
-0.996520	-0.801495	0.799977	-0.797750	0.000000	0.000000	0.000000	0.000000	0.000000	0.000000
-0.996509	-0.801495	0.756485	-0.797692	0.000000	0.000000	0.000000	0.000000	0.000000	0.000000
-0.996494	-0.801495	0.798577	-0.797737	0.000000	0.000000	0.000000	0.000000	0.000000	0.000000
-0.996506	-0.801495	0.800103	-0.797272	0.000000	0.000000	0.000000	0.000000	0.000000	0.000000
-0.996520	-0.801494	0.800254	-0.796380	0.000000	0.000000	0.000000	0.000000	0.000000	0.000000
-0.996496	-0.801495	0.800183	-0.797296	0.000000	0.000000	0.000000	0.000000	0.000000	0.000000
-0.996497	-0.801495	0.774883	-0.797725	0.000000	0.000000	0.000000	0.000000	0.000000	0.000000
-0.996490	-0.801495	0.800009	-0.797745	0.000000	0.000000	0.000000	0.000000	0.000000	0.000000
-0.996495	-0.801495	0.799653	-0.797576	0.000000	0.000000	0.000000	0.000000	0.000000	0.000000
-0.996529	-0.801495	0.800260	-0.791218	0.000000	0.000000	0.000000	0.000000	0.000000	0.000000
-0.996501	-0.801495	0.800216	-0.797737	0.000000	0.000000	0.000000	0.000000	0.000000	0.000000
-0.996496	-0.801495	0.800188	-0.797749	0.000000	0.000000	0.000000	0.000000	0.000000	0.000000
-0.996522	-0.801495	0.800256	-0.797752	0.000000	0.000000	0.000000	0.000000	0.000000	0.000000
-0.996509	-0.801495	0.795890	-0.794523	0.000000	0.000000	0.000000	0.000000	0.000000	0.000000
-0.996515	-0.801495	0.800258	-0.797677	0.000000	0.000000	0.000000	0.000000	0.000000	0.000000
-0.996505	-0.801495	0.800261	-0.797698	0.000000	0.000000	0.000000	0.000000	0.000000	0.000000
-0.996508	-0.801495	0.799526	-0.797743	0.000000	0.000000	0.000000	0.000000	0.000000	0.000000
-0.996499	-0.801495	0.800259	-0.797747	0.000000	0.000000	0.000000	0.000000	0.000000	0.000000
-0.996521	-0.801495	0.799799	-0.796087	0.000000	0.000000	0.000000	0.000000	0.000000	0.000000
-0.996507	-0.801495	0.800257	-0.797399	0.000000	0.000000	0.000000	0.000000	0.000000	0.000000
-0.996501	-0.801495	0.682699	-0.797749	0.000000	0.000000	0.000000	0.000000	0.000000	0.000000
-0.996518	-0.801495	0.800240	-0.797535	0.000000	0.000000	0.000000	0.000000	0.000000	0.000000
-0.996508	-0.801495	0.799943	-0.797449	0.000000	0.000000	0.000000	0.000000	0.000000	0.000000
-0.996495	-0.801495	0.800261	-0.796973	0.000000	0.000000	0.000000	0.000000	0.000000	0.000000
-0.996513	-0.801495	0.800224	-0.797448	0.000000	0.000000	0.000000	0.000000	0.000000	0.000000
-0.996496	-0.801495	0.800239	-0.796718	0.000000	0.000000	0.000000	0.000000	0.000000	0.000000
-0.996504	-0.801495	0.800223	-0.797745	0.000000	0.000000	0.000000	0.000000	0.000000	0.000000
-0.996510	-0.801495	0.800260	-0.614832	0.000000	0.000000	0.000000	0.000000	0.000000	0.000000
-0.996510	-0.801495	0.800250	-0.797745	0.000000	0.000000	0.000000	0.000000	0.000000	0.000000
-0.996510	-0.801495	0.799449	-0.794680	0.000000	0.000000	0.000000	0.000000	0.000000	0.000000
-0.996529	-0.801495	0.800261	-0.793105	0.000000	0.000000	0.000000	0.000000	0.000000	0.000000
-0.996511	-0.798505	0.800261	-0.797747	0.000000	0.000000	0.000000	0.000000	0.000000	0.000000
-0.996499	-0.801495	0.800257	-0.783331	0.000000	0.000000	0.000000	0.000000	0.000000	0.000000
-0.996510	-0.801495	0.800215	-0.116669	0.000000	0.000000	0.000000	0.000000	0.000000	0.000000
-0.996499	-0.801495	0.800260	-0.797732	0.000000	0.000000	0.000000	0.000000	0.000000	0.000000
-0.996508	-0.801495	0.800165	-0.770587	0.000000	0.000000	0.000000	0.000000	0.000000	0.000000
-0.996502	-0.801495	0.799827	-0.738023	0.000000	0.000000	0.000000	0.000000	0.000000	0.000000
-0.996503	-0.801495	0.800240	-0.797752	0.000000	0.000000	0.000000	0.000000	0.000000	0.000000
-0.996514	-0.801495	0.800259	-0.702702	0.000000	0.000000	0.000000	0.000000	0.000000	0.000000
-0.996510	-0.801495	0.800260	-0.797752	0.000000	0.000000	0.000000	0.000000	0.000000	0.000000
-0.996504	-0.801495	0.799994	-0.797713	0.000000	0.000000	0.000000	0.000000	0.000000	0.000000
-0.996505	-0.801495	0.800258	-0.797694	0.000000	0.000000	0.000000	0.000000	0.000000	0.000000
-0.996497	-0.801495	0.800261	-0.797663	0.000000	0.000000	0.000000	0.000000	0.000000	0.000000
-0.996502	-0.801495	0.799924	-0.797751	0.000000	0.000000	0.000000	0.000000	0.000000	0.000000
-0.996502	-0.801495	0.786749	-0.797749	0.000000	0.000000	0.000000	0.000000	0.000000	0.000000
-0.996510	-0.801495	0.800260	-0.797727	0.000000	0.000000	0.000000	0.000000	0.000000	0.000000
-0.996513	-0.801495	0.800260	-0.797750	0.000000	0.000000	0.000000	0.000000	0.000000	0.000000
-0.996508	-0.801495	0.800136	-0.792657	0.000000	0.000000	0.000000	0.000000	0.000000	0.000000
-0.996511	-0.801495	0.800261	-0.797749	0.000000	0.000000	0.000000	0.000000	0.000000	0.000000
-0.996504	-0.801495	0.800251	-0.797735	0.000000	0.000000	0.000000	0.000000	0.000000	0.000000
-0.996517	-0.801495	0.788659	-0.797747	0.000000	0.000000	0.000000	0.000000	0.000000	0.000000
-0.996509	-0.801495	0.800260	-0.797752	0.000000	0.000000	0.000000	0.000000	0.000000	0.000000
-0.996493	-0.801495	0.800261	-0.793644	0.000000	0.000000	0.000000	0.000000	0.000000	0.000000
-0.996497	-0.801495	0.800175	-0.797752	0.000000	0.000000	0.000000	0.000000	0.000000	0.000000
-0.996506	-0.801495	0.799935	-0.797752	0.000000	0.000000	0.000000	0.000000	0.000000	0.000000
-0.996503	-0.801495	0.800207	-0.797751	0.000000	0.000000	0.000000	0.000000	0.000000	0.000000
-0.996508	-0.801495	0.800124	-0.797020	0.000000	0.000000	0.000000	0.000000	0.000000	0.000000
-0.996497	-0.801495	0.799960	-0.742458	0.000000	0.000000	0.000000	0.000000	0.000000	0.000000
-0.996510	-0.801495	0.800229	-0.797493	0.000000	0.000000	0.000000	0.000000	0.000000	0.000000
-0.996509	-0.801399	0.800256	-0.797376	0.000000	0.000000	0.000000	0.000000	0.000000	0.000000
-0.996510	-0.801495	0.800084	-0.796849	0.000000	0.000000	0.000000	0.000000	0.000000	0.000000
-0.996502	-0.801495	0.800259	-0.797431	0.000000	0.000000	0.000000	0.000000	0.000000	0.000000
-0.996505	-0.801495	0.800260	-0.797747	0.000000	0.000000	0.000000	0.000000	0.000000	0.000000
-0.996523	-0.801495	0.800254	-0.797739	0.000000	0.000000	0.000000	0.000000	0.000000	0.000000
-0.996520	-0.801495	0.800129	-0.797749	0.000000	0.000000	0.000000	0.000000	0.000000	0.000000
-0.996513	-0.801495	0.770313	-0.797566	0.000000	0.000000	0.000000	0.000000	0.000000	0.000000
-0.996496	-0.801495	0.799919	-0.796740	0.000000	0.000000	0.000000	0.000000	0.000000	0.000000
-0.996484	-0.801495	0.800240	-0.797748	0.000000	0.000000	0.000000	0.000000	0.000000	0.000000
